200	200	4	graph_v200_e200_maxk4.txt
200	200	5	graph_v200_e200_maxk5.txt
200	200	6	graph_v200_e200_maxk6.txt
200	200	7	graph_v200_e200_maxk7.txt
200	200	8	graph_v200_e200_maxk8.txt
200	200	9	graph_v200_e200_maxk9.txt
200	200	10	graph_v200_e200_maxk10.txt
200	200	11	graph_v200_e200_maxk11.txt
200	200	12	graph_v200_e200_maxk12.txt
200	200	13	graph_v200_e200_maxk13.txt
200	200	14	graph_v200_e200_maxk14.txt
200	3200	19	graph_v200_e3200_maxk19.txt
200	3200	20	graph_v200_e3200_maxk20.txt
200	3200	21	graph_v200_e3200_maxk21.txt
200	3200	22	graph_v200_e3200_maxk22.txt
200	3200	23	graph_v200_e3200_maxk23.txt
200	3200	24	graph_v200_e3200_maxk24.txt
200	3200	25	graph_v200_e3200_maxk25.txt
200	3200	26	graph_v200_e3200_maxk26.txt
200	3200	27	graph_v200_e3200_maxk27.txt
200	3200	28	graph_v200_e3200_maxk28.txt
200	3200	29	graph_v200_e3200_maxk29.txt
200	3200	30	graph_v200_e3200_maxk30.txt
200	3200	31	graph_v200_e3200_maxk31.txt
200	3200	32	graph_v200_e3200_maxk32.txt
200	3200	33	graph_v200_e3200_maxk33.txt
200	3200	34	graph_v200_e3200_maxk34.txt
200	3200	35	graph_v200_e3200_maxk35.txt
200	3200	36	graph_v200_e3200_maxk36.txt
200	3200	37	graph_v200_e3200_maxk37.txt
200	3200	38	graph_v200_e3200_maxk38.txt
200	3200	39	graph_v200_e3200_maxk39.txt
200	3200	40	graph_v200_e3200_maxk40.txt
200	3200	41	graph_v200_e3200_maxk41.txt
200	3200	42	graph_v200_e3200_maxk42.txt
200	3200	43	graph_v200_e3200_maxk43.txt
200	3200	44	graph_v200_e3200_maxk44.txt
200	3200	45	graph_v200_e3200_maxk45.txt
200	3200	46	graph_v200_e3200_maxk46.txt
200	3200	47	graph_v200_e3200_maxk47.txt
200	3200	48	graph_v200_e3200_maxk48.txt
200	3200	49	graph_v200_e3200_maxk49.txt
200	3200	50	graph_v200_e3200_maxk50.txt
200	3200	51	graph_v200_e3200_maxk51.txt
200	3200	52	graph_v200_e3200_maxk52.txt
200	3200	53	graph_v200_e3200_maxk53.txt
200	3200	54	graph_v200_e3200_maxk54.txt
200	3200	55	graph_v200_e3200_maxk55.txt
200	3200	56	graph_v200_e3200_maxk56.txt
200	3200	57	graph_v200_e3200_maxk57.txt
200	3200	58	graph_v200_e3200_maxk58.txt
200	6200	34	graph_v200_e6200_maxk34.txt
200	6200	35	graph_v200_e6200_maxk35.txt
200	6200	36	graph_v200_e6200_maxk36.txt
200	6200	37	graph_v200_e6200_maxk37.txt
200	6200	38	graph_v200_e6200_maxk38.txt
200	6200	39	graph_v200_e6200_maxk39.txt
200	6200	40	graph_v200_e6200_maxk40.txt
200	6200	41	graph_v200_e6200_maxk41.txt
200	6200	42	graph_v200_e6200_maxk42.txt
200	6200	43	graph_v200_e6200_maxk43.txt
200	6200	44	graph_v200_e6200_maxk44.txt
200	6200	45	graph_v200_e6200_maxk45.txt
200	6200	46	graph_v200_e6200_maxk46.txt
200	6200	47	graph_v200_e6200_maxk47.txt
200	6200	48	graph_v200_e6200_maxk48.txt
200	6200	49	graph_v200_e6200_maxk49.txt
200	6200	50	graph_v200_e6200_maxk50.txt
200	6200	51	graph_v200_e6200_maxk51.txt
200	6200	52	graph_v200_e6200_maxk52.txt
200	6200	53	graph_v200_e6200_maxk53.txt
200	6200	54	graph_v200_e6200_maxk54.txt
200	6200	55	graph_v200_e6200_maxk55.txt
200	6200	56	graph_v200_e6200_maxk56.txt
200	6200	57	graph_v200_e6200_maxk57.txt
200	6200	58	graph_v200_e6200_maxk58.txt
200	6200	59	graph_v200_e6200_maxk59.txt
200	6200	60	graph_v200_e6200_maxk60.txt
200	6200	61	graph_v200_e6200_maxk61.txt
200	6200	62	graph_v200_e6200_maxk62.txt
200	6200	63	graph_v200_e6200_maxk63.txt
200	6200	64	graph_v200_e6200_maxk64.txt
200	6200	65	graph_v200_e6200_maxk65.txt
200	6200	66	graph_v200_e6200_maxk66.txt
200	6200	67	graph_v200_e6200_maxk67.txt
200	6200	68	graph_v200_e6200_maxk68.txt
200	6200	69	graph_v200_e6200_maxk69.txt
200	6200	70	graph_v200_e6200_maxk70.txt
200	6200	71	graph_v200_e6200_maxk71.txt
200	6200	72	graph_v200_e6200_maxk72.txt
200	6200	73	graph_v200_e6200_maxk73.txt
200	6200	74	graph_v200_e6200_maxk74.txt
200	6200	75	graph_v200_e6200_maxk75.txt
200	6200	76	graph_v200_e6200_maxk76.txt
200	6200	77	graph_v200_e6200_maxk77.txt
200	6200	78	graph_v200_e6200_maxk78.txt
200	6200	79	graph_v200_e6200_maxk79.txt
200	6200	80	graph_v200_e6200_maxk80.txt
200	6200	81	graph_v200_e6200_maxk81.txt
200	6200	82	graph_v200_e6200_maxk82.txt
200	6200	83	graph_v200_e6200_maxk83.txt
200	9200	51	graph_v200_e9200_maxk51.txt
200	9200	52	graph_v200_e9200_maxk52.txt
200	9200	53	graph_v200_e9200_maxk53.txt
200	9200	54	graph_v200_e9200_maxk54.txt
200	9200	55	graph_v200_e9200_maxk55.txt
200	9200	56	graph_v200_e9200_maxk56.txt
200	9200	57	graph_v200_e9200_maxk57.txt
200	9200	58	graph_v200_e9200_maxk58.txt
200	9200	59	graph_v200_e9200_maxk59.txt
200	9200	60	graph_v200_e9200_maxk60.txt
200	9200	61	graph_v200_e9200_maxk61.txt
200	9200	62	graph_v200_e9200_maxk62.txt
200	9200	63	graph_v200_e9200_maxk63.txt
200	9200	64	graph_v200_e9200_maxk64.txt
200	9200	65	graph_v200_e9200_maxk65.txt
200	9200	66	graph_v200_e9200_maxk66.txt
200	9200	67	graph_v200_e9200_maxk67.txt
200	9200	68	graph_v200_e9200_maxk68.txt
200	9200	69	graph_v200_e9200_maxk69.txt
200	9200	70	graph_v200_e9200_maxk70.txt
200	9200	71	graph_v200_e9200_maxk71.txt
200	9200	72	graph_v200_e9200_maxk72.txt
200	9200	73	graph_v200_e9200_maxk73.txt
200	9200	74	graph_v200_e9200_maxk74.txt
200	9200	75	graph_v200_e9200_maxk75.txt
200	9200	76	graph_v200_e9200_maxk76.txt
200	9200	77	graph_v200_e9200_maxk77.txt
200	9200	78	graph_v200_e9200_maxk78.txt
200	9200	79	graph_v200_e9200_maxk79.txt
200	9200	80	graph_v200_e9200_maxk80.txt
200	9200	81	graph_v200_e9200_maxk81.txt
200	9200	82	graph_v200_e9200_maxk82.txt
200	9200	83	graph_v200_e9200_maxk83.txt
200	9200	84	graph_v200_e9200_maxk84.txt
200	9200	85	graph_v200_e9200_maxk85.txt
200	9200	86	graph_v200_e9200_maxk86.txt
200	9200	87	graph_v200_e9200_maxk87.txt
200	9200	88	graph_v200_e9200_maxk88.txt
200	9200	89	graph_v200_e9200_maxk89.txt
200	9200	90	graph_v200_e9200_maxk90.txt
200	9200	91	graph_v200_e9200_maxk91.txt
200	9200	92	graph_v200_e9200_maxk92.txt
200	9200	93	graph_v200_e9200_maxk93.txt
200	9200	94	graph_v200_e9200_maxk94.txt
200	9200	95	graph_v200_e9200_maxk95.txt
200	9200	96	graph_v200_e9200_maxk96.txt
200	9200	97	graph_v200_e9200_maxk97.txt
200	9200	98	graph_v200_e9200_maxk98.txt
200	9200	99	graph_v200_e9200_maxk99.txt
200	9200	100	graph_v200_e9200_maxk100.txt
200	9200	101	graph_v200_e9200_maxk101.txt
200	9200	102	graph_v200_e9200_maxk102.txt
200	9200	103	graph_v200_e9200_maxk103.txt
200	12200	71	graph_v200_e12200_maxk71.txt
200	12200	72	graph_v200_e12200_maxk72.txt
200	12200	73	graph_v200_e12200_maxk73.txt
200	12200	74	graph_v200_e12200_maxk74.txt
200	12200	75	graph_v200_e12200_maxk75.txt
200	12200	76	graph_v200_e12200_maxk76.txt
200	12200	77	graph_v200_e12200_maxk77.txt
200	12200	78	graph_v200_e12200_maxk78.txt
200	12200	79	graph_v200_e12200_maxk79.txt
200	12200	80	graph_v200_e12200_maxk80.txt
200	12200	81	graph_v200_e12200_maxk81.txt
200	12200	82	graph_v200_e12200_maxk82.txt
200	12200	83	graph_v200_e12200_maxk83.txt
200	12200	84	graph_v200_e12200_maxk84.txt
200	12200	85	graph_v200_e12200_maxk85.txt
200	12200	86	graph_v200_e12200_maxk86.txt
200	12200	87	graph_v200_e12200_maxk87.txt
200	12200	88	graph_v200_e12200_maxk88.txt
200	12200	89	graph_v200_e12200_maxk89.txt
200	12200	90	graph_v200_e12200_maxk90.txt
200	12200	91	graph_v200_e12200_maxk91.txt
200	12200	92	graph_v200_e12200_maxk92.txt
200	12200	93	graph_v200_e12200_maxk93.txt
200	12200	94	graph_v200_e12200_maxk94.txt
200	12200	95	graph_v200_e12200_maxk95.txt
200	12200	96	graph_v200_e12200_maxk96.txt
200	12200	97	graph_v200_e12200_maxk97.txt
200	12200	98	graph_v200_e12200_maxk98.txt
200	12200	99	graph_v200_e12200_maxk99.txt
200	12200	100	graph_v200_e12200_maxk100.txt
200	12200	101	graph_v200_e12200_maxk101.txt
200	12200	102	graph_v200_e12200_maxk102.txt
200	12200	103	graph_v200_e12200_maxk103.txt
200	12200	104	graph_v200_e12200_maxk104.txt
200	12200	105	graph_v200_e12200_maxk105.txt
200	12200	106	graph_v200_e12200_maxk106.txt
200	12200	107	graph_v200_e12200_maxk107.txt
200	12200	108	graph_v200_e12200_maxk108.txt
200	12200	109	graph_v200_e12200_maxk109.txt
200	12200	110	graph_v200_e12200_maxk110.txt
200	12200	111	graph_v200_e12200_maxk111.txt
200	12200	112	graph_v200_e12200_maxk112.txt
200	12200	113	graph_v200_e12200_maxk113.txt
200	12200	114	graph_v200_e12200_maxk114.txt
200	12200	115	graph_v200_e12200_maxk115.txt
200	12200	116	graph_v200_e12200_maxk116.txt
200	12200	117	graph_v200_e12200_maxk117.txt
200	12200	118	graph_v200_e12200_maxk118.txt
200	12200	119	graph_v200_e12200_maxk119.txt
200	12200	120	graph_v200_e12200_maxk120.txt
200	12200	121	graph_v200_e12200_maxk121.txt
200	12200	122	graph_v200_e12200_maxk122.txt
200	12200	124	graph_v200_e12200_maxk124.txt
200	15200	91	graph_v200_e15200_maxk91.txt
200	15200	93	graph_v200_e15200_maxk93.txt
200	15200	94	graph_v200_e15200_maxk94.txt
200	15200	95	graph_v200_e15200_maxk95.txt
200	15200	96	graph_v200_e15200_maxk96.txt
200	15200	97	graph_v200_e15200_maxk97.txt
200	15200	98	graph_v200_e15200_maxk98.txt
200	15200	99	graph_v200_e15200_maxk99.txt
200	15200	100	graph_v200_e15200_maxk100.txt
200	15200	101	graph_v200_e15200_maxk101.txt
200	15200	102	graph_v200_e15200_maxk102.txt
200	15200	103	graph_v200_e15200_maxk103.txt
200	15200	104	graph_v200_e15200_maxk104.txt
200	15200	105	graph_v200_e15200_maxk105.txt
200	15200	106	graph_v200_e15200_maxk106.txt
200	15200	107	graph_v200_e15200_maxk107.txt
200	15200	108	graph_v200_e15200_maxk108.txt
200	15200	109	graph_v200_e15200_maxk109.txt
200	15200	110	graph_v200_e15200_maxk110.txt
200	15200	111	graph_v200_e15200_maxk111.txt
200	15200	112	graph_v200_e15200_maxk112.txt
200	15200	113	graph_v200_e15200_maxk113.txt
200	15200	114	graph_v200_e15200_maxk114.txt
200	15200	115	graph_v200_e15200_maxk115.txt
200	15200	116	graph_v200_e15200_maxk116.txt
200	15200	117	graph_v200_e15200_maxk117.txt
200	15200	118	graph_v200_e15200_maxk118.txt
200	15200	119	graph_v200_e15200_maxk119.txt
200	15200	120	graph_v200_e15200_maxk120.txt
200	15200	121	graph_v200_e15200_maxk121.txt
200	15200	122	graph_v200_e15200_maxk122.txt
200	15200	123	graph_v200_e15200_maxk123.txt
200	15200	124	graph_v200_e15200_maxk124.txt
200	15200	125	graph_v200_e15200_maxk125.txt
200	15200	126	graph_v200_e15200_maxk126.txt
200	15200	127	graph_v200_e15200_maxk127.txt
200	15200	128	graph_v200_e15200_maxk128.txt
200	15200	129	graph_v200_e15200_maxk129.txt
200	15200	130	graph_v200_e15200_maxk130.txt
200	15200	131	graph_v200_e15200_maxk131.txt
200	15200	132	graph_v200_e15200_maxk132.txt
200	15200	133	graph_v200_e15200_maxk133.txt
200	15200	134	graph_v200_e15200_maxk134.txt
200	15200	135	graph_v200_e15200_maxk135.txt
200	15200	136	graph_v200_e15200_maxk136.txt
200	15200	137	graph_v200_e15200_maxk137.txt
200	15200	138	graph_v200_e15200_maxk138.txt
200	15200	139	graph_v200_e15200_maxk139.txt
200	15200	140	graph_v200_e15200_maxk140.txt
200	15200	141	graph_v200_e15200_maxk141.txt
200	15200	142	graph_v200_e15200_maxk142.txt
200	15200	146	graph_v200_e15200_maxk146.txt
200	18200	125	graph_v200_e18200_maxk125.txt
200	18200	126	graph_v200_e18200_maxk126.txt
200	18200	127	graph_v200_e18200_maxk127.txt
200	18200	128	graph_v200_e18200_maxk128.txt
200	18200	129	graph_v200_e18200_maxk129.txt
200	18200	130	graph_v200_e18200_maxk130.txt
200	18200	131	graph_v200_e18200_maxk131.txt
200	18200	132	graph_v200_e18200_maxk132.txt
200	18200	133	graph_v200_e18200_maxk133.txt
200	18200	134	graph_v200_e18200_maxk134.txt
200	18200	135	graph_v200_e18200_maxk135.txt
200	18200	136	graph_v200_e18200_maxk136.txt
200	18200	137	graph_v200_e18200_maxk137.txt
200	18200	138	graph_v200_e18200_maxk138.txt
200	18200	139	graph_v200_e18200_maxk139.txt
200	18200	140	graph_v200_e18200_maxk140.txt
200	18200	141	graph_v200_e18200_maxk141.txt
200	18200	142	graph_v200_e18200_maxk142.txt
200	18200	143	graph_v200_e18200_maxk143.txt
200	18200	144	graph_v200_e18200_maxk144.txt
200	18200	145	graph_v200_e18200_maxk145.txt
200	18200	146	graph_v200_e18200_maxk146.txt
200	18200	147	graph_v200_e18200_maxk147.txt
200	18200	148	graph_v200_e18200_maxk148.txt
200	18200	149	graph_v200_e18200_maxk149.txt
200	18200	150	graph_v200_e18200_maxk150.txt
200	18200	151	graph_v200_e18200_maxk151.txt
200	18200	152	graph_v200_e18200_maxk152.txt
200	18200	153	graph_v200_e18200_maxk153.txt
200	18200	154	graph_v200_e18200_maxk154.txt
200	18200	155	graph_v200_e18200_maxk155.txt
200	18200	156	graph_v200_e18200_maxk156.txt
200	18200	157	graph_v200_e18200_maxk157.txt
200	18200	158	graph_v200_e18200_maxk158.txt
200	18200	159	graph_v200_e18200_maxk159.txt
200	18200	160	graph_v200_e18200_maxk160.txt
200	18200	161	graph_v200_e18200_maxk161.txt
200	18200	162	graph_v200_e18200_maxk162.txt
200	18200	163	graph_v200_e18200_maxk163.txt
200	18200	164	graph_v200_e18200_maxk164.txt
200	18200	165	graph_v200_e18200_maxk165.txt
200	18200	166	graph_v200_e18200_maxk166.txt
200	18200	167	graph_v200_e18200_maxk167.txt
200	18200	173	graph_v200_e18200_maxk173.txt
