0,1
0,2
0,3
0,4
0,5
0,6
0,7
0,8
0,9
0,10
0,11
0,12
0,13
0,14
0,15
0,16
0,17
0,18
0,19
0,20
0,21
0,22
1,2
1,3
1,4
1,5
1,6
1,7
1,8
1,9
1,10
1,11
1,12
1,13
1,14
1,15
1,16
1,17
1,18
1,19
1,20
1,21
1,22
1,42
1,63
1,69
1,79
1,85
2,3
2,4
2,5
2,6
2,7
2,8
2,9
2,10
2,11
2,12
2,13
2,14
2,15
2,16
2,17
2,18
2,19
2,20
2,21
2,22
3,4
3,5
3,6
3,7
3,8
3,9
3,10
3,11
3,12
3,13
3,14
3,15
3,16
3,17
3,18
3,19
3,20
3,21
3,22
3,39
4,5
4,6
4,7
4,8
4,9
4,10
4,11
4,12
4,13
4,14
4,15
4,16
4,17
4,18
4,19
4,20
4,21
4,22
4,30
4,33
4,34
5,6
5,7
5,8
5,9
5,10
5,11
5,12
5,13
5,14
5,15
5,16
5,17
5,18
5,19
5,20
5,21
5,22
6,7
6,8
6,9
6,10
6,11
6,12
6,13
6,14
6,15
6,16
6,17
6,18
6,19
6,20
6,21
6,22
6,32
6,33
6,34
6,35
6,39
6,42
6,48
6,52
6,56
6,63
6,64
6,65
6,67
6,69
6,75
7,8
7,9
7,10
7,11
7,12
7,13
7,14
7,15
7,16
7,17
7,18
7,19
7,20
7,21
7,22
7,30
7,31
7,32
7,35
8,9
8,10
8,11
8,12
8,13
8,14
8,15
8,16
8,17
8,18
8,19
8,20
8,21
8,22
8,27
8,29
8,30
8,31
8,32
8,33
8,34
8,35
8,39
8,43
9,10
9,11
9,12
9,13
9,14
9,15
9,16
9,17
9,18
9,19
9,20
9,21
9,27
9,29
9,42
9,45
9,47
9,49
9,52
9,62
9,70
9,75
9,76
9,83
9,91
9,95
9,98
9,109
9,124
9,130
9,136
9,146
10,11
10,12
10,13
10,14
10,15
10,16
10,17
10,18
10,19
10,20
10,21
10,22
10,33
10,34
10,35
10,37
10,38
10,39
10,42
10,43
10,44
10,45
11,12
11,13
11,14
11,15
11,16
11,17
11,18
11,19
11,20
11,21
11,22
12,13
12,14
12,15
12,16
12,17
12,18
12,19
12,20
12,21
12,22
12,31
12,33
12,34
12,35
12,37
12,38
12,39
12,41
12,42
12,43
12,44
12,45
12,48
12,52
12,54
12,60
12,61
12,63
12,64
13,14
13,15
13,16
13,17
13,18
13,19
13,20
13,21
13,22
13,30
13,32
13,33
13,34
13,35
13,36
13,38
13,39
13,41
13,43
13,44
13,45
13,48
13,52
14,15
14,16
14,17
14,18
14,19
14,20
14,21
14,22
14,27
14,29
14,30
14,31
14,32
14,33
14,34
14,35
14,36
14,37
14,38
14,39
14,41
14,42
15,16
15,17
15,18
15,19
15,20
15,21
15,22
16,17
16,18
16,19
16,20
16,21
16,22
16,30
16,31
16,32
16,33
16,35
16,36
16,37
16,39
16,41
16,42
16,43
16,44
16,48
16,50
16,51
16,52
16,54
16,56
16,59
16,60
16,61
16,62
16,63
17,18
17,19
17,20
17,21
17,22
17,27
17,29
17,42
17,45
17,47
17,49
17,52
17,62
17,70
17,75
17,76
17,83
17,91
17,95
17,98
17,109
17,124
17,130
17,136
17,146
18,19
18,20
18,21
18,22
19,20
19,21
19,22
19,27
19,29
19,36
19,37
19,38
19,42
19,45
19,47
19,49
19,52
19,62
19,70
19,75
19,76
19,83
19,91
19,95
19,98
19,109
19,124
19,130
19,136
19,146
20,21
20,22
20,27
20,29
20,30
21,22
21,25
21,26
21,27
21,28
21,29
21,30
21,31
21,32
21,33
21,37
21,38
21,39
21,41
21,42
21,43
21,44
21,45
21,46
21,48
21,50
21,52
22,30
22,31
22,32
22,33
22,34
22,35
22,36
22,37
22,38
22,39
22,40
22,41
23,24
23,25
23,26
23,27
23,28
23,29
23,30
23,31
23,32
23,33
23,34
23,35
23,36
23,37
23,38
23,39
23,40
23,41
23,42
23,43
23,44
23,45
23,46
23,47
23,48
23,50
23,51
23,52
23,54
23,56
23,61
23,67
23,70
23,73
23,75
23,79
23,85
24,25
24,26
24,27
25,26
25,27
25,28
25,29
25,30
25,31
25,32
27,28
27,29
27,42
27,45
27,47
27,49
27,52
27,62
27,70
27,75
27,76
27,83
27,91
27,95
27,98
27,109
27,124
27,130
27,136
27,146
28,29
28,30
28,31
28,32
29,30
29,31
29,32
29,33
29,34
29,35
29,36
29,42
29,45
29,47
29,49
29,52
29,62
29,70
29,75
29,76
29,83
29,91
29,95
29,98
29,109
29,124
29,130
29,136
29,146
30,31
30,32
30,33
30,34
30,35
30,36
30,37
30,38
30,39
30,40
30,41
30,43
30,44
30,46
30,47
30,48
30,50
30,51
31,32
31,33
31,34
31,35
31,36
31,37
31,38
31,39
31,40
31,41
31,42
31,43
31,44
31,45
31,46
31,47
31,48
31,50
31,51
31,52
31,54
31,55
31,57
31,59
31,62
31,63
31,64
31,65
32,33
32,34
32,35
32,36
32,38
32,40
32,41
32,42
32,43
32,44
32,45
32,46
32,47
32,48
32,49
32,51
32,52
32,53
32,54
32,55
32,56
33,34
33,35
33,36
33,37
34,35
34,36
34,37
34,38
34,39
34,40
34,42
34,43
34,44
34,45
34,46
34,48
34,49
34,50
34,52
34,53
34,54
34,55
34,56
34,57
34,59
34,61
34,62
34,63
34,64
34,65
34,67
34,68
34,69
34,71
34,73
34,74
34,75
34,76
34,79
34,81
34,85
34,133
35,36
35,37
35,38
35,40
35,41
35,42
35,43
35,44
35,45
35,46
35,47
35,48
35,49
35,50
35,51
35,52
35,53
35,54
35,55
35,56
35,57
35,58
35,59
35,60
35,61
35,62
35,63
35,64
35,65
35,66
35,67
35,68
35,71
35,73
35,74
35,75
35,76
35,79
35,81
35,85
35,89
35,95
35,97
35,99
36,37
36,38
36,39
36,40
36,41
36,42
36,43
36,44
36,45
36,46
36,48
36,49
37,38
37,39
38,39
38,40
38,41
38,43
38,44
38,45
38,46
38,47
38,48
38,49
38,50
39,40
39,41
39,43
39,44
39,45
39,46
39,47
39,48
39,49
39,50
39,51
39,52
39,53
39,54
39,55
40,41
40,42
40,43
40,44
40,45
40,46
40,47
40,48
40,49
40,50
40,51
40,52
40,53
40,54
40,55
40,56
40,57
40,58
40,59
40,60
41,43
41,44
41,45
41,46
41,47
41,48
41,49
41,51
41,53
41,54
41,56
41,57
41,58
41,59
41,60
41,61
41,62
42,43
42,45
42,47
42,49
42,52
42,62
42,70
42,75
42,76
42,83
42,91
42,95
42,98
42,109
42,124
42,130
42,136
42,146
43,45
43,46
43,47
43,48
43,49
43,50
43,52
43,53
43,54
43,55
43,57
43,58
43,59
43,60
43,61
43,62
43,63
43,64
43,65
43,67
43,69
43,71
43,73
43,74
43,75
43,76
43,77
43,79
43,81
43,83
43,85
43,88
43,89
43,90
44,46
44,47
44,48
44,49
44,50
44,52
44,53
44,54
44,55
44,56
44,57
45,46
45,47
45,49
45,52
45,62
45,70
45,75
45,76
45,83
45,91
45,95
45,98
45,109
45,124
45,130
45,136
45,146
46,47
46,48
47,48
47,49
47,50
47,51
47,52
47,53
47,54
47,55
47,56
47,57
47,58
47,59
47,60
47,61
47,62
47,63
47,64
47,65
47,66
47,67
47,68
47,70
47,71
47,73
47,74
47,75
47,76
47,77
47,83
47,91
47,95
47,98
47,109
47,124
47,130
47,136
47,146
48,49
48,50
48,51
48,52
48,53
48,54
48,55
48,56
48,58
48,59
48,60
48,61
49,50
49,51
49,52
49,53
49,54
49,55
49,56
49,58
49,59
49,60
49,61
49,62
49,63
49,64
49,70
49,75
49,76
49,83
49,91
49,95
49,98
49,109
49,124
49,130
49,136
49,146
50,51
50,52
50,53
50,54
51,52
51,53
51,54
51,55
51,57
51,58
52,53
52,54
52,55
52,56
52,57
52,58
52,59
52,60
52,62
52,63
52,64
52,65
52,66
52,67
52,68
52,69
52,70
52,71
52,72
52,74
52,75
52,76
52,77
52,79
52,81
52,82
52,83
52,84
52,85
52,89
52,90
52,91
52,93
52,94
52,95
52,97
52,98
52,99
52,109
52,124
52,130
52,136
52,146
53,54
53,55
53,56
53,57
53,58
53,59
53,60
53,61
53,63
53,65
53,66
53,67
53,68
53,69
53,70
54,55
54,56
54,57
54,58
54,59
54,60
54,61
54,62
54,63
54,64
54,65
54,66
54,67
54,68
54,69
54,70
54,71
54,72
54,73
54,74
54,76
54,77
54,78
54,79
54,81
54,82
54,83
54,84
54,85
54,88
54,89
54,90
54,92
54,93
54,94
54,97
54,99
54,103
54,109
54,128
54,137
54,140
54,147
54,149
55,56
55,57
55,58
55,59
55,60
55,61
55,62
55,63
55,64
55,65
55,67
55,68
56,57
56,58
56,59
56,60
56,61
56,63
56,64
56,65
56,66
56,67
56,68
56,69
56,70
56,71
56,72
56,73
56,74
56,75
56,77
56,78
56,79
56,81
56,82
57,58
57,59
57,60
57,61
57,62
57,63
57,64
57,65
57,66
57,67
57,68
57,69
57,70
57,71
57,72
57,73
57,74
58,59
58,60
58,61
58,62
58,63
58,64
58,65
58,66
58,67
58,68
60,61
60,62
60,64
60,65
60,66
60,67
60,68
60,69
60,70
60,71
60,72
60,73
60,74
60,75
60,76
60,77
60,78
60,79
60,80
60,81
60,82
60,83
61,62
61,63
61,64
61,65
61,66
61,67
61,68
61,69
61,70
61,71
61,72
61,73
61,74
61,75
61,76
61,77
61,78
61,79
61,80
61,81
61,82
61,83
61,84
61,85
61,88
61,89
61,92
61,93
61,94
61,95
61,96
61,97
61,99
61,100
61,101
61,103
61,108
61,109
61,114
61,119
61,128
61,131
61,133
61,134
61,137
61,138
62,63
62,64
62,65
62,66
62,68
62,69
62,70
62,71
62,72
62,75
62,76
62,83
62,91
62,95
62,98
62,109
62,124
62,130
62,136
62,146
63,64
63,65
63,66
63,67
63,68
63,69
63,70
63,71
63,72
63,73
63,74
63,75
63,76
63,77
63,78
63,79
63,81
63,82
63,83
63,84
63,85
63,86
63,88
63,89
63,90
63,92
63,93
63,94
63,95
63,96
63,97
64,65
64,66
64,67
64,68
64,69
64,70
64,71
64,72
64,73
64,74
64,75
64,76
64,77
64,78
64,79
64,80
64,81
64,82
64,83
64,84
64,85
64,86
64,88
64,89
64,92
64,93
64,94
64,95
64,96
64,97
64,99
64,100
64,102
64,103
64,108
64,109
64,112
64,114
65,66
65,68
65,69
65,71
65,72
65,73
67,68
67,69
67,70
67,71
67,72
67,73
67,74
67,75
67,76
67,77
67,78
67,79
67,80
67,81
67,83
67,84
67,85
67,86
67,87
67,88
67,89
67,90
67,92
67,93
67,94
67,97
67,99
67,100
67,101
67,102
67,103
67,105
67,106
67,108
67,109
67,112
67,114
67,115
67,116
67,117
67,119
68,69
68,70
68,71
69,70
69,71
69,72
69,73
69,74
69,75
69,76
69,77
69,78
69,79
69,80
69,81
69,82
69,83
69,84
69,85
69,86
69,87
69,88
69,89
69,90
69,91
69,92
70,71
70,72
70,73
70,75
70,76
70,77
70,78
70,79
70,80
70,81
70,83
70,91
70,95
70,98
70,109
70,124
70,130
70,136
70,146
71,72
71,73
71,74
71,75
72,73
72,74
72,75
72,76
72,77
72,78
72,79
72,80
72,81
72,83
73,74
73,75
73,76
73,77
73,78
73,79
73,80
73,81
73,82
73,83
73,86
73,87
73,88
73,89
73,90
73,91
73,92
73,93
73,94
73,95
73,96
73,97
73,100
73,101
73,102
73,103
73,105
73,106
73,107
73,108
73,109
73,110
73,111
73,112
73,114
73,116
73,117
73,118
73,119
74,75
74,77
74,78
74,79
74,80
74,81
74,82
74,83
74,84
74,85
74,86
74,87
74,88
74,89
74,90
74,91
74,92
74,93
74,94
74,95
74,96
74,97
74,98
74,99
74,100
74,101
74,102
74,103
74,104
74,105
74,106
74,107
75,76
75,77
75,78
75,79
75,80
75,81
75,82
75,83
75,84
75,85
75,86
75,87
75,88
75,91
75,95
75,98
75,109
75,124
75,130
75,136
75,146
76,77
76,78
76,83
76,91
76,95
76,98
76,109
76,124
76,130
76,136
76,146
77,78
77,79
77,80
78,79
79,80
79,81
79,82
79,83
79,84
79,85
79,86
79,87
79,88
79,89
79,90
79,91
79,92
79,93
79,94
79,95
79,96
79,101
79,102
79,103
79,104
79,105
79,106
79,107
79,108
79,110
79,111
79,112
79,113
79,115
79,117
79,118
79,119
79,124
79,127
79,129
79,131
79,137
79,140
80,81
80,82
80,83
80,84
80,86
80,87
80,88
80,89
80,90
80,91
80,92
80,93
81,82
81,83
81,84
81,85
81,86
81,87
81,88
81,89
82,83
82,84
82,85
82,86
82,87
82,88
82,89
82,90
82,92
82,93
82,94
82,95
82,96
82,97
82,98
82,99
82,100
82,101
82,102
82,103
82,104
82,105
82,106
82,107
82,108
82,109
82,110
82,111
82,112
82,113
83,84
83,85
83,86
83,87
83,88
83,89
83,90
83,91
83,95
83,98
83,109
83,124
83,130
83,136
83,146
84,85
84,86
84,87
84,88
84,89
84,91
84,92
84,93
84,94
85,86
85,87
85,88
85,89
85,90
85,91
85,92
85,93
85,94
85,95
85,96
86,87
86,88
86,89
86,90
86,91
86,92
86,93
86,94
86,95
86,96
86,97
86,98
86,99
86,100
86,102
86,104
86,107
86,108
86,110
86,111
86,112
88,89
88,90
88,91
88,92
88,93
88,94
88,95
88,96
88,97
88,99
88,100
88,101
88,102
88,103
88,104
88,105
88,106
89,90
89,91
89,92
89,93
89,94
89,95
89,96
89,97
89,98
89,99
89,101
89,102
89,103
89,104
89,105
89,106
89,107
89,108
89,109
89,110
90,91
90,92
90,93
90,94
90,95
90,96
90,97
90,98
90,99
90,100
90,101
90,102
90,103
90,104
90,105
90,106
90,107
90,108
90,109
90,110
90,111
90,112
90,113
90,114
90,115
90,117
90,121
90,122
90,124
90,127
90,128
90,129
91,93
91,94
91,95
91,96
91,97
91,98
91,109
91,124
91,130
91,136
91,146
92,93
92,94
92,95
92,96
92,97
92,99
92,100
92,101
92,102
92,103
92,104
92,105
92,106
92,107
92,108
92,109
92,110
92,111
92,112
92,113
92,114
92,115
92,116
92,117
92,118
92,119
92,120
92,121
93,94
94,95
94,96
94,97
94,98
94,99
94,100
95,96
95,97
95,98
95,99
95,100
95,101
95,102
95,104
95,105
95,106
95,107
95,108
95,109
95,110
95,124
95,130
95,136
95,146
96,97
96,98
96,99
96,101
96,104
96,105
96,106
96,107
96,108
96,109
96,110
96,111
96,112
96,113
97,99
97,100
97,101
97,102
97,103
97,104
97,105
97,106
97,107
97,108
97,109
97,110
97,111
97,112
97,113
97,114
97,115
97,116
97,119
97,121
97,122
97,123
97,124
97,126
97,127
97,128
98,99
98,109
98,124
98,130
98,136
98,146
99,100
99,101
99,102
99,103
99,104
99,105
99,106
99,108
99,109
100,101
100,102
101,102
101,103
101,104
102,103
102,104
102,105
102,106
102,108
102,109
102,110
102,112
102,113
102,114
102,115
102,116
103,104
103,105
103,106
103,107
103,108
104,105
104,106
104,107
104,108
104,110
104,111
104,112
104,113
104,114
104,115
104,116
104,117
106,107
106,108
106,109
106,110
106,111
106,112
106,113
106,114
106,115
106,116
106,117
106,118
106,120
106,122
106,123
106,124
106,125
106,127
106,135
106,136
106,137
107,109
107,110
107,111
107,112
107,113
107,114
107,116
107,117
107,118
107,119
107,120
107,121
107,122
107,123
107,124
108,109
108,110
108,111
108,112
108,113
108,114
108,115
108,116
108,117
108,118
109,110
109,111
109,112
109,113
109,114
109,116
109,117
109,118
109,119
109,120
109,121
109,122
109,123
109,124
109,125
109,126
109,130
109,136
109,146
110,111
110,112
110,113
110,114
110,115
110,116
110,117
110,118
110,119
110,120
110,121
110,122
110,123
111,112
111,113
111,114
111,115
111,116
111,117
111,118
111,119
111,120
111,122
111,123
111,124
111,125
111,126
111,127
111,128
111,129
111,130
111,134
111,135
111,136
111,137
111,140
111,147
112,114
112,115
112,116
112,117
112,119
112,120
113,114
113,115
113,116
113,117
113,118
113,119
113,120
113,121
113,122
113,123
113,124
113,125
113,126
113,127
113,128
113,129
113,130
113,131
113,132
113,134
113,135
113,136
113,137
113,140
114,115
114,116
114,117
114,118
114,119
114,120
114,122
114,123
114,124
114,125
114,126
114,127
114,128
114,129
114,130
114,131
114,132
114,133
114,134
114,135
114,136
114,137
114,138
114,139
114,140
114,146
114,147
115,116
115,117
115,118
115,119
115,120
115,121
115,122
115,123
115,124
115,125
115,126
115,127
115,128
115,129
115,130
115,131
115,132
115,133
115,134
115,135
115,136
115,137
115,138
115,139
115,142
115,147
115,148
115,153
115,160
115,163
116,118
116,119
116,121
116,122
116,124
116,125
116,126
116,127
116,128
116,129
117,119
117,120
117,121
117,122
117,124
117,125
118,119
118,120
118,121
118,122
118,123
118,124
118,125
118,126
118,127
118,129
118,130
118,131
118,132
118,133
118,134
118,135
118,136
118,137
118,138
118,139
118,142
118,143
118,144
118,146
118,147
118,148
118,149
118,153
119,120
119,121
119,122
119,123
119,124
119,125
119,127
119,128
119,129
119,130
119,131
119,132
119,134
119,135
119,136
119,137
119,139
119,140
119,142
119,143
119,144
119,145
119,146
119,147
119,149
119,153
119,154
119,158
119,160
119,161
119,163
119,176
119,190
119,194
120,121
120,122
120,123
120,124
120,125
120,126
120,127
120,128
120,129
120,130
120,131
120,132
120,133
120,134
120,135
120,136
120,137
120,138
120,139
120,140
121,122
122,123
122,124
122,125
122,126
122,127
122,128
122,129
122,130
122,131
122,132
122,133
122,134
122,135
122,136
122,138
122,139
122,140
122,143
122,144
122,145
123,124
123,125
123,126
123,127
123,128
123,129
123,130
123,131
123,132
123,133
123,134
123,135
123,136
123,137
123,138
124,125
124,126
124,127
124,128
124,129
124,130
124,131
124,132
124,133
124,134
124,135
124,136
124,137
124,138
124,139
124,140
124,142
124,143
124,144
124,145
124,146
124,148
124,149
124,153
124,154
124,156
124,157
124,158
125,126
125,127
125,128
125,129
125,130
125,132
126,128
126,129
126,130
126,131
127,128
127,129
127,130
127,131
127,132
127,133
127,134
127,135
127,136
127,137
127,138
127,139
127,140
127,141
127,142
127,143
127,144
127,145
127,146
127,147
128,129
128,130
128,131
128,132
128,133
128,134
128,135
128,136
128,137
128,138
128,139
128,140
128,141
128,142
128,143
128,144
128,145
128,146
128,148
128,149
128,151
128,152
128,153
128,154
128,156
129,130
129,131
129,132
129,133
129,134
129,135
129,136
129,137
129,138
129,139
129,140
129,141
129,142
129,143
129,144
129,145
129,146
129,148
129,149
129,150
129,151
129,152
129,153
129,154
129,155
129,156
129,157
130,131
130,132
130,133
130,134
130,135
130,136
130,137
130,138
130,139
130,140
130,141
130,142
130,146
131,132
131,133
131,134
131,135
131,136
131,137
131,138
131,139
131,140
131,141
131,142
131,143
131,144
131,145
131,146
131,148
131,149
131,150
131,151
131,152
131,153
131,154
131,155
131,156
131,157
131,158
131,159
131,160
131,163
131,164
131,172
131,173
131,174
131,176
131,181
131,183
131,190
131,194
132,133
132,134
132,135
132,136
132,137
132,138
132,139
132,140
132,141
132,142
132,143
132,144
132,145
132,146
132,147
132,148
132,149
132,150
132,151
133,134
134,136
136,137
136,138
136,140
136,141
136,142
136,143
136,144
136,145
136,146
137,138
137,139
137,140
137,141
137,142
137,143
137,144
137,145
137,146
137,147
137,148
137,149
137,150
137,151
137,152
137,153
137,154
137,155
137,156
137,158
137,159
137,160
137,164
137,166
137,168
137,169
137,172
137,173
137,174
137,176
137,178
137,180
137,183
137,189
137,190
137,192
137,194
137,198
138,139
138,140
138,141
138,142
138,143
138,144
138,145
138,146
138,147
138,148
138,149
139,140
139,141
139,144
139,145
139,146
139,147
139,148
139,149
139,150
139,151
139,152
139,153
139,154
139,156
139,157
139,158
139,159
139,160
140,141
140,142
140,143
140,144
140,145
140,146
140,147
140,148
140,149
140,150
140,151
140,152
140,153
140,154
140,155
140,156
140,157
140,158
140,159
140,160
140,161
140,162
141,142
141,143
141,144
141,145
141,146
141,147
141,148
141,149
141,150
142,143
142,144
143,144
143,145
143,146
143,147
143,148
143,149
143,150
143,151
143,152
143,153
143,154
143,155
143,156
143,157
143,158
143,159
143,160
143,161
143,162
143,163
143,164
143,166
143,168
144,145
144,146
144,147
144,148
144,149
144,150
144,152
144,153
144,154
144,155
144,156
144,157
144,158
144,159
144,160
144,161
144,162
144,163
144,166
144,168
144,169
144,172
144,173
144,174
144,175
144,178
144,180
144,181
144,182
144,183
145,146
145,147
145,148
145,149
145,150
145,151
145,152
145,153
145,154
146,147
146,148
146,150
146,151
146,152
146,153
146,154
146,155
146,156
146,157
146,158
146,159
146,160
146,161
146,162
146,163
146,164
146,165
146,166
146,167
146,168
146,169
146,170
146,171
146,172
146,173
146,174
146,175
146,176
146,178
146,180
146,181
146,182
146,183
146,187
146,191
146,192
147,148
147,149
147,150
147,151
147,152
147,153
147,154
147,155
147,156
147,157
147,158
147,159
147,160
147,161
147,162
147,163
147,164
147,165
147,166
147,167
147,168
147,169
147,170
147,171
147,172
147,173
147,174
147,175
147,176
147,178
147,180
147,182
147,183
147,187
147,188
147,189
147,191
147,192
148,149
148,150
148,151
148,152
148,153
148,155
148,156
148,157
148,158
148,159
148,160
148,161
148,162
148,163
148,164
149,150
149,151
149,152
149,153
149,154
149,155
149,156
149,157
149,158
149,159
149,160
149,162
149,163
149,164
149,165
149,166
149,167
149,168
149,169
149,170
150,152
150,153
150,154
150,155
150,156
150,157
150,158
150,159
151,152
152,153
152,154
152,155
152,156
152,157
152,158
152,159
152,160
152,161
152,162
152,163
152,164
152,165
152,166
152,167
152,168
152,169
152,170
152,171
152,173
153,154
153,155
153,156
153,157
153,158
153,159
153,160
153,161
154,155
154,156
154,157
154,158
154,160
154,161
154,162
154,163
154,164
154,165
154,166
154,167
154,168
154,169
154,170
154,171
154,172
154,173
154,174
154,175
154,176
154,178
154,179
154,180
154,181
154,182
154,183
155,156
155,157
155,158
155,159
155,160
155,161
155,162
155,163
155,164
155,165
155,166
155,167
155,168
155,169
155,170
155,171
155,172
155,173
155,174
156,158
157,158
157,159
157,160
157,161
157,163
157,164
157,165
157,166
157,167
157,168
157,169
157,170
157,171
157,172
157,173
157,175
157,176
157,177
157,178
157,179
157,180
157,182
157,183
157,184
157,185
157,186
157,188
157,189
157,190
157,191
157,192
157,197
158,159
158,160
158,161
158,162
158,163
158,164
158,165
158,166
158,167
158,168
158,169
158,170
158,171
158,172
158,173
158,174
158,175
158,176
158,177
158,178
158,179
158,180
158,181
158,182
158,183
158,184
158,185
158,186
158,187
158,188
158,189
158,190
159,160
159,161
159,162
159,163
159,164
159,165
159,166
159,167
159,168
159,169
159,170
159,171
159,172
159,173
159,174
159,175
159,176
159,177
159,178
159,179
159,180
159,181
159,182
159,183
159,184
159,185
159,186
159,187
159,188
159,189
159,190
159,191
159,192
159,194
159,197
159,198
159,199
160,161
160,162
160,163
160,164
160,165
160,166
160,167
160,168
160,169
160,170
160,171
160,172
160,173
160,174
160,175
160,176
160,177
160,178
160,179
160,180
160,181
160,182
160,183
160,184
160,185
160,186
160,187
160,188
160,189
160,190
160,191
160,192
160,193
160,194
160,196
160,197
160,198
160,199
161,162
161,163
161,164
161,165
161,166
161,167
161,168
161,169
161,170
161,171
161,172
161,173
161,174
161,175
161,176
161,177
161,178
161,179
162,163
162,165
162,166
163,164
163,165
163,166
163,167
163,168
163,169
163,170
163,171
163,172
163,173
163,174
163,175
163,176
163,177
163,178
163,180
163,181
163,182
164,165
164,166
164,167
164,168
164,169
164,170
164,171
164,172
164,173
164,175
164,176
164,177
164,178
164,180
164,181
164,182
164,183
164,185
164,186
164,187
164,188
164,189
164,190
164,191
164,192
164,193
164,194
164,195
164,196
164,197
164,198
165,166
165,167
166,167
166,168
166,169
166,170
166,171
167,168
167,169
169,170
169,171
169,172
169,173
169,174
169,175
169,176
169,177
170,171
170,172
170,173
170,174
170,175
170,176
170,177
170,178
170,179
170,180
170,181
170,182
170,183
170,184
170,185
170,186
170,187
170,188
170,189
171,172
171,173
171,175
171,176
171,177
171,178
172,174
172,175
172,176
173,175
174,175
174,176
174,177
174,178
174,179
174,181
174,182
174,183
174,184
174,185
174,187
174,188
174,189
174,191
174,192
174,193
174,194
174,195
174,196
174,197
174,198
174,199
175,176
175,177
175,178
175,179
175,181
176,177
176,178
176,179
176,180
176,181
176,182
176,183
176,184
176,185
176,186
176,187
176,188
176,189
176,190
176,191
176,192
176,193
176,194
176,195
176,196
176,197
176,198
177,178
177,179
177,180
177,181
177,182
177,183
177,184
177,185
177,186
177,187
177,188
177,189
177,191
177,192
177,193
177,195
177,196
177,197
177,198
177,199
178,179
178,181
178,182
178,184
178,185
178,186
178,187
178,188
178,189
178,190
178,191
178,192
178,193
178,194
178,195
178,196
178,197
178,198
179,180
179,181
179,182
179,184
179,185
179,186
179,187
179,188
179,189
179,190
179,191
179,192
179,193
179,194
179,195
179,196
179,197
179,198
179,199
181,183
181,184
181,185
181,186
181,187
181,188
182,183
182,185
183,184
183,185
183,186
183,187
184,185
184,186
184,187
184,188
184,189
184,190
184,191
184,193
184,194
184,195
184,196
184,197
184,198
185,186
185,187
185,188
185,189
185,190
185,191
185,192
185,194
185,195
185,196
185,197
185,198
185,199
187,188
187,189
187,190
187,191
187,192
187,193
187,194
187,195
187,196
187,197
187,198
187,199
188,189
188,190
188,191
188,192
188,193
188,194
188,195
188,196
188,197
189,190
189,191
189,192
189,193
189,194
189,195
189,196
189,197
189,198
189,199
190,191
190,192
190,193
190,194
190,195
190,196
190,197
190,198
190,199
191,192
191,193
191,194
191,195
191,196
191,197
191,198
191,199
192,193
192,194
192,195
192,196
193,194
193,195
194,195
194,196
194,197
194,198
194,199
195,197
195,198
195,199
196,197
196,198
196,199
197,198
197,199
198,199
