0,1
0,2
0,3
0,4
0,5
0,6
0,7
0,8
0,9
0,10
0,11
0,12
0,13
0,14
0,15
0,16
0,17
0,18
0,19
0,20
0,21
0,22
0,23
0,24
0,25
0,26
0,27
0,28
0,29
0,30
0,31
0,32
0,33
0,34
0,35
0,36
0,37
0,38
0,39
0,40
0,41
0,42
0,43
1,2
1,3
1,4
1,5
1,6
1,7
1,8
1,9
1,10
1,11
1,12
1,13
1,14
1,15
1,16
1,17
1,18
1,19
1,20
1,21
1,22
1,23
1,24
1,25
1,26
1,27
1,28
1,29
1,30
1,31
1,32
1,33
1,34
1,35
1,36
1,37
1,38
1,39
1,40
1,41
1,42
1,43
2,3
2,4
2,5
2,6
2,7
2,8
2,9
2,10
2,11
2,12
2,13
2,14
2,15
2,16
2,17
2,18
2,19
2,20
2,21
2,22
2,23
2,24
2,25
2,26
2,27
2,28
2,29
2,30
2,31
2,32
2,33
2,34
2,35
2,36
2,37
2,38
2,39
2,40
2,41
2,42
2,43
3,4
3,5
3,6
3,7
3,8
3,9
3,10
3,11
3,12
3,13
3,14
3,15
3,16
3,17
3,18
3,19
3,20
3,21
3,22
3,23
3,24
3,25
3,26
3,27
3,28
3,29
3,30
3,31
3,32
3,33
3,34
3,35
3,36
3,37
3,38
3,39
3,40
3,41
3,42
3,43
3,46
3,48
3,52
3,56
3,59
3,65
3,67
3,71
3,81
3,84
3,92
3,95
3,103
3,108
3,117
3,122
3,124
3,125
3,126
3,133
3,159
3,166
3,169
3,179
3,184
3,187
3,192
3,193
3,194
3,199
4,5
4,6
4,7
4,8
4,9
4,10
4,11
4,12
4,13
4,14
4,15
4,16
4,17
4,18
4,19
4,20
4,21
4,22
4,23
4,24
4,25
4,26
4,27
4,28
4,29
4,30
4,31
4,32
4,33
4,34
4,35
4,36
4,37
4,38
4,39
4,40
4,41
4,42
4,43
4,46
4,48
4,52
4,56
4,59
4,65
4,67
4,71
4,81
4,84
4,92
4,95
4,103
4,108
4,117
4,122
4,124
4,125
4,126
4,133
4,159
4,166
4,169
4,179
4,184
4,187
4,192
4,193
4,194
4,199
5,6
5,7
5,8
5,9
5,10
5,11
5,12
5,13
5,14
5,15
5,16
5,17
5,18
5,19
5,20
5,21
5,22
5,23
5,24
5,25
5,26
5,27
5,28
5,29
5,30
5,31
5,32
5,33
5,34
5,35
5,36
5,37
5,38
5,39
5,40
5,41
5,42
5,43
6,7
6,8
6,9
6,10
6,11
6,12
6,13
6,14
6,15
6,16
6,17
6,18
6,19
6,20
6,21
6,22
6,23
6,24
6,25
6,26
6,27
6,28
6,29
6,30
6,31
6,32
6,33
6,34
6,35
6,36
6,37
6,38
6,39
6,40
6,41
6,42
6,43
6,46
6,48
6,52
6,56
6,59
6,65
6,67
6,71
6,81
6,84
6,92
6,95
6,103
6,108
6,117
6,122
6,124
6,125
6,126
6,133
6,159
6,166
6,169
6,179
6,184
6,187
6,192
6,193
6,194
6,199
7,8
7,9
7,10
7,11
7,12
7,13
7,14
7,15
7,16
7,17
7,18
7,19
7,20
7,21
7,22
7,23
7,24
7,25
7,26
7,27
7,28
7,29
7,30
7,31
7,32
7,33
7,34
7,35
7,36
7,37
7,38
7,39
7,40
7,41
7,42
7,43
8,9
8,10
8,11
8,12
8,13
8,14
8,15
8,16
8,17
8,18
8,19
8,20
8,21
8,22
8,23
8,24
8,25
8,26
8,27
8,28
8,29
8,30
8,31
8,32
8,33
8,34
8,35
8,36
8,37
8,38
8,39
8,40
8,41
8,42
8,43
9,10
9,11
9,12
9,13
9,14
9,15
9,16
9,17
9,18
9,19
9,20
9,21
9,22
9,23
9,24
9,25
9,26
9,27
9,28
9,29
9,30
9,31
9,32
9,33
9,34
9,35
9,36
9,37
9,38
9,39
9,40
9,41
9,42
9,43
9,46
9,48
9,52
9,56
9,59
9,65
9,67
9,71
9,81
9,84
9,92
9,95
9,103
9,108
9,117
9,122
9,124
9,125
9,126
9,133
9,159
9,166
9,169
9,179
9,184
9,187
9,192
9,193
9,194
9,199
10,11
10,12
10,13
10,14
10,15
10,16
10,17
10,18
10,19
10,20
10,21
10,22
10,23
10,24
10,25
10,26
10,27
10,28
10,29
10,30
10,31
10,32
10,33
10,34
10,35
10,36
10,37
10,38
10,39
10,40
10,41
10,42
10,43
11,12
11,13
11,14
11,15
11,16
11,17
11,18
11,19
11,20
11,21
11,22
11,23
11,24
11,25
11,26
11,27
11,28
11,29
11,30
11,31
11,32
11,33
11,34
11,35
11,36
11,37
11,38
11,39
11,40
11,41
11,42
11,43
11,46
11,48
11,52
11,56
11,59
11,65
11,67
11,71
11,81
11,84
11,92
11,95
11,103
11,108
11,117
11,122
11,124
11,125
11,126
11,133
11,159
11,166
11,169
11,179
11,184
11,187
11,192
11,193
11,194
11,199
12,13
12,14
12,15
12,16
12,17
12,18
12,19
12,20
12,21
12,22
12,23
12,24
12,25
12,26
12,27
12,28
12,29
12,30
12,31
12,32
12,33
12,34
12,35
12,36
12,37
12,38
12,39
12,40
12,41
12,42
12,43
12,46
12,48
12,52
12,56
12,59
12,65
12,67
12,71
12,81
12,84
12,92
12,95
12,103
12,108
12,117
12,122
12,124
12,125
12,126
12,133
12,159
12,166
12,169
12,179
12,184
12,187
12,192
12,193
12,194
12,199
13,14
13,15
13,16
13,17
13,18
13,19
13,20
13,21
13,22
13,23
13,24
13,25
13,26
13,27
13,28
13,29
13,30
13,31
13,32
13,33
13,34
13,35
13,36
13,37
13,38
13,39
13,40
13,41
13,42
13,43
14,15
14,16
14,17
14,18
14,19
14,20
14,21
14,22
14,23
14,24
14,25
14,26
14,27
14,28
14,29
14,30
14,31
14,32
14,33
14,34
14,35
14,36
14,37
14,38
14,39
14,40
14,41
14,42
14,43
14,46
14,48
14,52
14,56
14,59
14,65
14,67
14,71
14,81
14,84
14,92
14,95
14,103
14,108
14,117
14,122
14,124
14,125
14,126
14,133
14,159
14,166
14,169
14,179
14,184
14,187
14,192
14,193
14,194
14,199
15,16
15,17
15,18
15,19
15,20
15,21
15,22
15,23
15,24
15,25
15,26
15,27
15,28
15,29
15,30
15,31
15,32
15,33
15,34
15,35
15,36
15,37
15,38
15,39
15,40
15,41
15,42
15,43
15,46
15,48
15,52
15,56
15,59
15,65
15,67
15,71
15,81
15,84
15,92
15,95
15,103
15,108
15,117
15,122
15,124
15,125
15,126
15,133
15,159
15,166
15,169
15,179
15,184
15,187
15,192
15,193
15,194
15,199
16,17
16,18
16,19
16,20
16,21
16,22
16,23
16,24
16,25
16,26
16,27
16,28
16,29
16,30
16,31
16,32
16,33
16,34
16,35
16,36
16,37
16,38
16,39
16,40
16,41
16,42
16,43
17,18
17,19
17,20
17,21
17,22
17,23
17,24
17,25
17,26
17,27
17,28
17,29
17,30
17,31
17,32
17,33
17,34
17,35
17,36
17,37
17,38
17,39
17,40
17,41
17,42
17,43
17,46
17,48
17,52
17,56
17,59
17,65
17,67
17,71
17,81
17,84
17,92
17,95
17,103
17,108
17,117
17,122
17,124
17,125
17,126
17,133
17,159
17,166
17,169
17,179
17,184
17,187
17,192
17,193
17,194
17,199
18,19
18,20
18,21
18,22
18,23
18,24
18,25
18,26
18,27
18,28
18,29
18,30
18,31
18,32
18,33
18,34
18,35
18,36
18,37
18,38
18,39
18,40
18,41
18,42
18,43
18,46
18,48
18,52
18,56
18,59
18,65
18,67
18,71
18,81
18,84
18,92
18,95
18,103
18,108
18,117
18,122
18,124
18,125
18,126
18,133
18,159
18,166
18,169
18,179
18,184
18,187
18,192
18,193
18,194
18,199
19,20
19,21
19,22
19,23
19,24
19,25
19,26
19,27
19,28
19,29
19,30
19,31
19,32
19,33
19,34
19,35
19,36
19,37
19,38
19,39
19,40
19,41
19,42
19,43
20,21
20,22
20,23
20,24
20,25
20,26
20,27
20,28
20,29
20,30
20,31
20,32
20,33
20,34
20,35
20,36
20,37
20,38
20,39
20,40
20,41
20,42
20,43
21,22
21,23
21,24
21,25
21,26
21,27
21,28
21,29
21,30
21,31
21,32
21,33
21,34
21,35
21,36
21,37
21,38
21,39
21,40
21,41
21,42
21,43
21,46
21,48
21,52
21,56
21,59
21,65
21,67
21,71
21,81
21,84
21,92
21,95
21,103
21,108
21,117
21,122
21,124
21,125
21,126
21,133
21,159
21,166
21,169
21,179
21,184
21,187
21,192
21,193
21,194
21,199
22,23
22,24
22,25
22,26
22,27
22,28
22,29
22,30
22,31
22,32
22,33
22,34
22,35
22,36
22,37
22,38
22,39
22,40
22,41
22,42
22,43
23,24
23,25
23,26
23,27
23,28
23,29
23,30
23,31
23,32
23,33
23,34
23,35
23,36
23,37
23,38
23,39
23,40
23,41
23,42
23,43
24,25
24,26
24,27
24,28
24,29
24,30
24,31
24,32
24,33
24,34
24,35
24,36
24,37
24,38
24,39
24,40
24,41
24,42
24,43
24,46
24,48
24,52
24,56
24,59
24,65
24,67
24,71
24,81
24,84
24,92
24,95
24,103
24,108
24,117
24,122
24,124
24,125
24,126
24,133
24,159
24,166
24,169
24,179
24,184
24,187
24,192
24,193
24,194
24,199
25,26
25,27
25,28
25,29
25,30
25,31
25,32
25,33
25,34
25,35
25,36
25,37
25,38
25,39
25,40
25,41
25,42
25,43
26,27
26,28
26,29
26,30
26,31
26,32
26,33
26,34
26,35
26,36
26,37
26,38
26,39
26,40
26,41
26,42
26,43
26,46
26,48
26,52
26,56
26,59
26,65
26,67
26,71
26,81
26,84
26,92
26,95
26,103
26,108
26,117
26,122
26,124
26,125
26,126
26,133
26,159
26,166
26,169
26,179
26,184
26,187
26,192
26,193
26,194
26,199
27,28
27,29
27,30
27,31
27,32
27,33
27,34
27,35
27,36
27,37
27,38
27,39
27,40
27,41
27,42
27,43
28,29
28,30
28,31
28,32
28,33
28,34
28,35
28,36
28,37
28,38
28,39
28,40
28,41
28,42
28,43
29,30
29,31
29,32
29,33
29,34
29,35
29,36
29,37
29,38
29,39
29,40
29,41
29,42
29,43
30,31
30,32
30,33
30,34
30,35
30,36
30,37
30,38
30,39
30,40
30,41
30,42
30,43
31,32
31,33
31,34
31,35
31,36
31,37
31,38
31,39
31,40
31,41
31,42
31,43
32,33
32,34
32,35
32,36
32,37
32,38
32,39
32,40
32,41
32,42
32,43
33,34
33,35
33,36
33,37
33,38
33,39
33,40
33,41
33,42
33,43
34,35
34,36
34,37
34,38
34,39
34,40
34,41
34,42
34,43
35,36
35,37
35,38
35,39
35,40
35,41
35,42
35,43
36,37
36,38
36,39
36,40
36,41
36,42
36,43
37,38
37,39
37,40
37,41
37,42
37,43
38,39
38,40
38,41
38,42
38,43
39,40
39,41
39,42
39,43
40,41
40,42
40,43
41,42
41,43
42,43
43,46
43,48
43,52
43,56
43,59
43,65
43,67
43,71
43,81
43,84
43,92
43,95
43,103
43,108
43,117
43,122
43,124
43,125
43,126
43,133
43,159
43,166
43,169
43,179
43,184
43,187
43,192
43,193
43,194
43,199
46,48
46,52
46,56
46,59
46,65
46,67
46,71
46,81
46,84
46,92
46,95
46,103
46,108
46,117
46,122
46,124
46,125
46,126
46,133
46,159
46,166
46,169
46,179
46,184
46,187
46,192
46,193
46,194
46,199
48,52
48,56
48,59
48,65
48,67
48,71
48,81
48,84
48,92
48,95
48,103
48,108
48,117
48,122
48,124
48,125
48,126
48,133
48,159
48,166
48,169
48,179
48,184
48,187
48,192
48,193
48,194
48,199
52,56
52,59
52,65
52,67
52,71
52,81
52,84
52,92
52,95
52,103
52,108
52,117
52,122
52,124
52,125
52,126
52,133
52,159
52,166
52,169
52,179
52,184
52,187
52,192
52,193
52,194
52,199
56,59
56,65
56,67
56,71
56,81
56,84
56,92
56,95
56,103
56,108
56,117
56,122
56,124
56,125
56,126
56,133
56,159
56,166
56,169
56,179
56,184
56,187
56,192
56,193
56,194
56,199
59,65
59,67
59,71
59,81
59,84
59,92
59,95
59,103
59,108
59,117
59,122
59,124
59,125
59,126
59,133
59,159
59,166
59,169
59,179
59,184
59,187
59,192
59,193
59,194
59,199
65,67
65,71
65,81
65,84
65,92
65,95
65,103
65,108
65,117
65,122
65,124
65,125
65,126
65,133
65,159
65,166
65,169
65,179
65,184
65,187
65,192
65,193
65,194
65,199
67,71
67,81
67,84
67,92
67,95
67,103
67,108
67,117
67,122
67,124
67,125
67,126
67,133
67,159
67,166
67,169
67,179
67,184
67,187
67,192
67,193
67,194
67,199
71,81
71,84
71,92
71,95
71,103
71,108
71,117
71,122
71,124
71,125
71,126
71,133
71,159
71,166
71,169
71,179
71,184
71,187
71,192
71,193
71,194
71,199
81,84
81,92
81,95
81,103
81,108
81,117
81,122
81,124
81,125
81,126
81,133
81,159
81,166
81,169
81,179
81,184
81,187
81,192
81,193
81,194
81,199
84,88
84,89
84,90
84,92
84,95
84,97
84,99
84,100
84,101
84,102
84,103
84,108
84,117
84,122
84,124
84,125
84,126
84,133
84,159
84,166
84,169
84,179
84,184
84,187
84,192
84,193
84,194
84,199
85,87
85,88
85,89
85,90
86,87
86,88
86,89
86,90
86,91
86,93
86,94
86,95
86,96
86,99
86,101
86,102
86,105
86,106
86,107
86,108
86,110
86,111
86,113
86,114
86,123
86,126
86,135
86,137
86,139
86,148
87,89
87,90
87,91
87,92
87,93
87,94
87,95
87,98
87,99
87,100
87,101
87,102
87,105
87,107
87,109
87,111
87,113
87,117
87,121
87,123
88,90
88,91
88,92
88,93
88,95
88,96
88,97
88,98
88,99
88,102
88,105
88,106
88,107
88,108
88,110
88,117
89,90
89,91
89,92
89,93
89,94
89,95
89,96
89,97
89,98
89,99
89,100
90,91
90,92
90,94
90,95
90,96
90,97
90,98
90,99
90,100
90,101
90,102
90,106
90,107
90,108
90,109
90,110
90,113
90,114
90,115
90,118
90,129
90,134
90,137
90,138
90,139
90,151
91,93
91,94
91,95
91,97
91,98
92,93
92,95
92,98
92,99
92,100
92,102
92,103
92,104
92,107
92,108
92,109
92,110
92,117
92,122
92,124
92,125
92,126
92,133
92,159
92,166
92,169
92,179
92,184
92,187
92,192
92,193
92,194
92,199
93,95
93,98
93,99
93,100
93,101
93,102
93,104
93,107
93,108
93,109
93,110
93,113
93,115
93,118
93,128
93,129
93,134
93,136
94,95
94,96
94,97
94,98
94,100
94,102
94,103
94,104
94,105
94,106
94,107
94,108
94,109
94,110
94,111
94,113
94,114
94,115
94,118
95,96
95,97
95,98
95,99
95,100
95,101
95,102
95,103
95,108
95,117
95,122
95,124
95,125
95,126
95,133
95,159
95,166
95,169
95,179
95,184
95,187
95,192
95,193
95,194
95,199
96,97
96,98
96,99
96,100
96,101
96,102
96,103
96,104
96,105
96,107
96,108
96,110
96,111
96,113
96,115
96,116
96,117
96,118
96,123
97,100
97,101
97,102
97,103
97,105
97,106
97,110
97,111
97,115
97,116
97,117
97,121
97,123
97,128
98,99
98,100
98,102
98,103
98,106
98,109
98,110
98,111
98,112
98,113
98,114
98,115
98,116
98,117
98,118
98,119
98,120
98,123
98,126
98,127
98,128
98,138
98,139
99,100
99,101
99,102
99,103
99,104
100,101
100,102
100,103
100,104
100,107
100,109
100,111
100,114
100,115
100,117
100,118
100,119
100,120
100,123
100,124
100,126
100,128
100,134
100,136
100,138
100,139
100,144
101,102
101,103
101,104
101,105
101,106
101,107
101,110
101,111
101,112
101,113
101,114
101,115
101,116
101,118
101,119
101,120
101,121
101,123
101,124
101,126
101,131
101,133
101,134
101,135
101,144
102,104
102,105
102,108
102,109
102,110
102,111
102,112
102,115
102,116
102,117
102,118
102,119
102,120
102,121
102,124
102,126
102,127
102,128
102,129
102,131
103,104
103,105
103,106
103,108
103,110
103,111
103,112
103,113
103,114
103,115
103,117
103,122
103,124
103,125
103,126
103,133
103,159
103,166
103,169
103,179
103,184
103,187
103,192
103,193
103,194
103,199
104,105
104,106
104,107
104,108
104,109
104,112
104,114
104,115
104,116
104,117
104,118
104,119
104,121
104,122
104,124
104,125
104,126
104,127
104,128
104,129
104,130
104,132
104,133
104,135
104,136
104,137
104,139
105,108
105,109
105,110
105,111
105,112
105,113
105,115
105,116
105,117
105,119
105,120
105,122
105,123
105,125
105,127
105,129
105,130
105,131
105,134
105,135
105,136
105,137
105,138
105,139
105,151
106,109
107,108
107,109
107,110
107,111
107,112
107,113
108,109
108,110
108,112
108,113
108,115
108,116
108,117
108,119
108,121
108,122
108,124
108,125
108,126
108,127
108,128
108,129
108,131
108,132
108,133
108,134
108,135
108,138
108,139
108,143
108,149
108,151
108,156
108,159
108,166
108,169
108,179
108,184
108,187
108,192
108,193
108,194
108,199
109,113
109,118
109,120
109,122
109,123
109,124
109,125
109,127
109,128
109,130
109,131
109,132
110,112
110,113
110,115
110,116
110,118
110,120
110,121
110,122
110,123
110,124
110,125
110,127
110,128
110,129
110,130
110,131
110,132
110,134
110,136
110,137
110,138
110,139
110,143
110,147
110,149
110,151
110,156
110,158
111,112
111,113
111,114
111,116
111,117
111,118
112,113
112,114
112,115
112,116
112,117
112,118
112,119
112,120
113,114
113,115
113,116
114,115
114,117
114,119
114,120
114,124
114,125
114,127
114,134
114,136
114,137
114,138
114,139
114,142
114,143
114,144
114,153
114,155
114,156
114,158
114,175
115,117
115,118
115,119
115,120
115,122
115,123
116,118
116,119
116,120
116,121
116,122
116,123
116,124
116,125
116,126
116,130
116,131
116,132
116,133
116,134
116,135
116,136
116,137
116,138
116,139
116,140
116,142
116,143
116,144
116,146
116,149
116,153
116,156
116,158
117,121
117,122
117,123
117,124
117,125
117,126
117,127
117,128
117,130
117,132
117,133
117,134
117,135
117,137
117,138
117,139
117,140
117,142
117,144
117,146
117,149
117,153
117,159
117,166
117,169
117,179
117,184
117,187
117,192
117,193
117,194
117,199
118,119
118,120
118,121
119,120
119,121
119,122
119,123
119,124
119,126
119,127
120,122
120,123
120,124
120,126
120,127
120,128
120,129
120,136
120,137
120,139
120,140
120,142
120,144
120,149
120,151
120,153
120,156
120,158
121,122
121,123
121,124
121,126
121,127
121,128
121,129
122,124
122,125
122,126
122,129
122,133
122,134
122,135
122,137
122,138
122,139
122,140
122,141
122,142
122,143
122,146
122,147
122,159
122,166
122,169
122,179
122,184
122,187
122,192
122,193
122,194
122,199
123,124
123,126
123,127
123,128
123,130
123,134
123,135
123,136
123,137
123,138
123,139
123,140
123,141
123,142
123,143
123,146
123,149
123,153
123,154
123,156
124,125
124,126
124,127
124,129
124,130
124,132
124,133
124,134
124,136
124,137
124,138
124,139
124,140
124,141
124,143
124,144
124,146
124,148
124,149
124,151
124,153
124,154
124,155
124,159
124,160
124,163
124,166
124,169
124,179
124,184
124,187
124,192
124,193
124,194
124,199
125,126
125,127
125,128
125,129
125,130
125,131
125,133
125,135
125,159
125,166
125,169
125,179
125,184
125,187
125,192
125,193
125,194
125,199
126,130
126,131
126,132
126,133
126,134
126,136
126,138
126,139
126,140
126,144
126,146
126,147
126,148
126,149
126,151
126,152
126,153
126,154
126,155
126,157
126,158
126,159
126,161
126,163
126,166
126,169
126,179
126,184
126,187
126,192
126,193
126,194
126,199
127,129
127,130
127,131
127,132
127,134
127,136
127,137
127,138
127,139
127,140
128,129
128,130
128,131
128,132
128,135
128,136
128,137
128,138
128,142
128,143
128,148
128,149
128,152
128,153
128,155
128,156
128,157
128,158
128,161
128,163
129,132
129,133
129,134
130,131
130,132
130,133
130,134
130,135
130,136
130,137
130,138
130,139
130,140
130,141
130,143
130,144
130,145
130,146
130,147
130,148
130,151
130,152
130,153
130,154
130,155
130,156
130,157
130,158
130,160
130,161
130,163
131,132
131,133
131,134
131,135
131,136
132,134
132,136
132,138
132,139
132,140
132,142
132,143
132,144
132,145
132,146
132,147
132,148
132,150
133,134
133,135
133,136
133,137
133,138
133,159
133,166
133,169
133,179
133,184
133,187
133,192
133,193
133,194
133,199
134,135
134,136
134,137
134,138
134,139
134,140
134,141
134,142
134,143
134,145
134,146
134,147
134,150
134,151
134,153
134,155
134,158
134,160
134,161
134,162
135,136
135,137
135,139
135,140
135,141
135,142
135,143
135,144
135,145
135,146
135,148
135,150
135,152
135,153
135,154
135,155
135,156
135,158
135,159
135,160
135,161
135,162
135,163
135,165
136,137
136,138
136,140
136,141
136,143
136,144
136,145
136,146
136,147
136,148
136,149
136,150
136,151
136,152
136,153
136,154
136,156
136,157
136,158
136,159
136,160
136,161
136,162
136,163
136,165
136,179
137,138
137,139
138,139
138,140
138,141
139,141
139,142
139,143
139,144
139,147
139,148
139,149
139,151
139,152
139,154
139,155
139,156
139,158
139,160
139,163
139,164
139,165
139,179
139,191
140,141
140,142
140,144
140,145
140,146
140,147
140,148
140,151
140,152
140,154
140,155
140,156
140,157
140,158
140,163
140,164
141,142
141,143
141,144
141,145
141,146
141,147
141,148
141,149
141,151
141,153
141,154
141,155
141,156
141,157
141,158
141,159
141,161
141,162
141,163
141,164
141,165
142,144
142,145
142,146
142,147
142,148
142,150
143,144
143,145
144,145
144,146
144,147
144,150
144,152
144,153
144,155
144,156
144,157
144,158
144,159
144,164
144,165
145,146
145,147
145,148
145,149
145,150
145,152
145,155
145,156
145,157
145,159
145,160
145,164
145,165
146,147
146,148
146,149
146,150
146,151
146,152
146,153
146,154
146,155
146,157
146,158
146,159
146,160
146,162
146,163
146,164
146,165
146,170
146,175
147,149
147,150
147,151
147,152
147,153
147,154
147,155
147,157
147,159
147,160
147,161
147,163
147,165
147,167
147,170
147,171
147,175
147,179
148,149
148,151
148,152
148,153
148,154
148,155
148,158
148,159
148,160
148,161
148,162
148,163
148,164
148,165
148,167
148,168
148,170
148,171
148,174
148,191
149,150
149,151
149,152
149,153
149,156
149,158
149,159
149,160
149,161
149,162
150,151
150,152
150,153
150,155
150,157
150,158
150,159
150,160
150,161
150,163
150,164
150,167
150,168
150,170
150,175
150,179
150,180
150,191
151,152
151,153
151,154
151,155
151,156
151,157
151,158
151,159
151,160
151,161
151,162
151,163
151,164
151,167
151,168
151,170
151,171
151,173
151,174
151,175
151,178
151,180
151,191
152,155
152,156
152,157
152,158
154,155
154,156
154,157
154,158
154,159
154,161
154,162
154,163
154,164
154,167
154,168
154,170
154,173
154,178
154,179
155,157
155,159
155,161
155,162
155,163
155,164
155,167
155,168
155,169
155,172
155,173
155,175
155,177
155,178
155,179
155,183
155,185
156,157
156,158
156,159
156,160
156,162
156,163
156,164
156,166
156,167
156,168
156,169
156,171
156,172
156,173
156,175
156,177
156,178
156,179
156,180
156,183
156,185
157,159
157,160
157,161
157,162
157,163
157,164
157,165
157,167
157,168
157,169
157,170
157,171
157,172
157,173
157,179
157,183
157,185
159,160
159,161
159,162
159,164
159,165
159,166
159,167
159,168
159,169
159,172
159,173
159,177
159,178
159,179
159,180
159,183
159,184
159,187
159,191
159,192
159,193
159,194
159,199
160,161
160,162
160,163
160,165
160,166
160,167
160,168
160,170
160,171
160,172
160,173
160,177
160,179
160,180
160,183
160,185
160,190
160,191
161,162
161,164
161,165
161,166
161,167
161,168
161,171
161,172
161,173
161,175
161,177
161,178
161,182
161,183
161,185
161,190
161,191
162,163
162,164
162,165
162,166
162,167
162,168
162,169
162,170
162,171
162,172
162,173
162,174
162,175
162,178
162,182
162,183
162,186
162,191
163,165
163,166
163,167
163,168
164,165
164,166
164,167
164,168
164,169
164,170
164,174
164,175
164,176
164,177
164,178
164,179
165,166
165,170
165,171
165,173
165,176
165,177
165,179
165,183
165,191
166,167
166,168
166,169
166,170
166,171
166,172
166,179
166,184
166,187
166,192
166,193
166,194
166,199
167,168
167,169
167,170
167,171
167,172
167,173
167,174
167,175
167,176
167,177
167,178
167,179
167,180
167,183
167,185
167,189
167,190
167,191
168,169
168,171
168,172
168,173
168,174
168,175
168,179
168,183
168,184
168,186
168,188
168,191
168,193
169,171
169,172
169,173
169,174
169,175
169,176
169,178
169,179
169,180
169,181
169,184
169,187
169,192
169,193
169,194
169,199
170,172
170,173
170,174
170,175
170,176
170,177
170,178
170,179
170,180
170,181
170,185
170,186
170,188
170,189
170,190
170,191
171,172
171,173
172,173
172,174
172,175
172,176
172,177
172,178
172,180
172,181
172,183
172,185
172,188
172,189
172,190
172,193
172,198
173,174
173,175
174,175
174,176
174,177
174,178
174,179
174,180
174,183
174,185
174,186
175,176
175,177
175,178
175,179
175,180
175,181
175,182
175,183
175,184
175,185
175,186
175,187
175,189
175,190
175,193
176,177
176,179
176,180
176,181
176,182
176,183
176,184
176,185
176,186
176,187
176,188
176,189
176,190
176,191
176,193
176,197
177,178
177,179
177,180
177,181
177,182
177,183
177,184
177,185
177,189
177,190
177,195
177,196
177,197
177,198
178,180
178,181
179,180
179,181
179,182
179,183
179,184
179,185
179,187
179,188
179,189
179,190
179,191
179,192
179,193
179,194
179,195
179,196
179,198
179,199
180,181
180,182
180,183
180,184
180,185
180,188
180,189
181,182
181,183
181,184
181,185
181,186
181,187
181,188
181,189
181,191
181,192
181,195
181,196
181,197
182,183
182,184
182,185
182,186
182,187
182,188
182,192
183,184
183,185
183,188
183,190
183,192
183,193
183,196
183,197
183,198
184,185
184,186
184,187
184,188
184,192
184,193
184,194
184,196
184,198
184,199
185,186
185,187
185,188
185,189
185,190
185,191
185,192
185,196
185,197
185,198
186,188
186,189
186,191
186,192
186,195
186,196
186,197
186,198
187,188
187,189
187,190
187,191
187,192
187,193
187,194
187,198
187,199
188,189
188,190
188,192
188,193
188,195
188,196
189,191
189,192
189,194
189,195
189,196
189,197
189,198
190,191
190,192
190,195
190,196
191,192
191,193
191,194
191,195
192,193
192,194
192,195
192,197
192,198
192,199
193,194
193,195
193,197
193,198
193,199
194,197
194,198
194,199
195,197
196,197
196,198
197,198
