0,1
0,2
0,3
0,4
0,5
0,6
0,7
0,8
0,9
0,10
0,11
0,12
0,13
0,14
0,15
0,16
0,17
0,18
0,19
0,20
0,21
0,22
0,23
0,24
0,25
0,26
0,27
0,28
0,29
0,30
0,31
0,32
0,33
0,34
0,35
0,36
0,37
0,38
0,39
0,40
0,41
0,42
1,2
1,3
1,4
1,5
1,6
1,7
1,8
1,9
1,10
1,11
1,12
1,13
1,14
1,15
1,16
1,17
1,18
1,19
1,20
1,21
1,22
1,23
1,24
1,25
1,26
1,27
1,28
1,29
1,30
1,31
1,32
1,33
1,34
1,35
1,36
1,37
1,38
1,39
1,40
1,41
1,42
2,3
2,4
2,5
2,6
2,7
2,8
2,9
2,10
2,11
2,12
2,13
2,14
2,15
2,16
2,17
2,18
2,19
2,20
2,21
2,22
2,23
2,24
2,25
2,26
2,27
2,28
2,29
2,30
2,31
2,32
2,33
2,34
2,35
2,36
2,37
2,38
2,39
2,40
2,41
2,42
3,4
3,5
3,6
3,7
3,8
3,9
3,10
3,11
3,12
3,13
3,14
3,15
3,16
3,17
3,18
3,19
3,20
3,21
3,22
3,23
3,24
3,25
3,26
3,27
3,28
3,29
3,30
3,31
3,32
3,33
3,34
3,35
3,36
3,37
3,38
3,39
3,40
3,41
3,42
3,48
3,57
3,73
3,76
3,77
3,78
3,81
3,86
3,89
3,92
3,94
3,95
3,101
3,107
3,115
3,125
3,130
3,138
3,141
3,146
3,150
3,155
3,157
3,158
3,163
3,172
3,183
3,187
3,189
3,190
3,192
3,195
4,5
4,6
4,7
4,8
4,9
4,10
4,11
4,12
4,13
4,14
4,15
4,16
4,17
4,18
4,19
4,20
4,21
4,22
4,23
4,24
4,25
4,26
4,27
4,28
4,29
4,30
4,31
4,32
4,33
4,34
4,35
4,36
4,37
4,38
4,39
4,40
4,41
4,42
5,6
5,7
5,8
5,9
5,10
5,11
5,12
5,13
5,14
5,15
5,16
5,17
5,18
5,19
5,20
5,21
5,22
5,23
5,24
5,25
5,26
5,27
5,28
5,29
5,30
5,31
5,32
5,33
5,34
5,35
5,36
5,37
5,38
5,39
5,40
5,41
5,42
6,7
6,8
6,9
6,10
6,11
6,12
6,13
6,14
6,15
6,16
6,17
6,18
6,19
6,20
6,21
6,22
6,23
6,24
6,25
6,26
6,27
6,28
6,29
6,30
6,31
6,32
6,33
6,34
6,35
6,36
6,37
6,38
6,39
6,40
6,41
6,42
7,8
7,9
7,10
7,11
7,12
7,13
7,14
7,15
7,16
7,17
7,18
7,19
7,20
7,21
7,22
7,23
7,24
7,25
7,26
7,27
7,28
7,29
7,30
7,31
7,32
7,33
7,34
7,35
7,36
7,37
7,38
7,39
7,40
7,41
7,42
8,9
8,10
8,11
8,12
8,13
8,14
8,15
8,16
8,17
8,18
8,19
8,20
8,21
8,22
8,23
8,24
8,25
8,26
8,27
8,28
8,29
8,30
8,31
8,32
8,33
8,34
8,35
8,36
8,37
8,38
8,39
8,40
8,41
8,42
9,10
9,11
9,12
9,13
9,14
9,15
9,16
9,17
9,18
9,19
9,20
9,21
9,22
9,23
9,24
9,25
9,26
9,27
9,28
9,29
9,30
9,31
9,32
9,33
9,34
9,35
9,36
9,37
9,38
9,39
9,40
9,41
9,42
10,11
10,12
10,13
10,14
10,15
10,16
10,17
10,18
10,19
10,20
10,21
10,22
10,23
10,24
10,25
10,26
10,27
10,28
10,29
10,30
10,31
10,32
10,33
10,34
10,35
10,36
10,37
10,38
10,39
10,40
10,41
10,42
10,48
10,57
10,73
10,76
10,77
10,78
10,81
10,86
10,89
10,92
10,94
10,95
10,101
10,107
10,115
10,125
10,130
10,138
10,141
10,146
10,150
10,155
10,157
10,158
10,163
10,172
10,183
10,187
10,189
10,190
10,192
10,195
11,12
11,13
11,14
11,15
11,16
11,17
11,18
11,19
11,20
11,21
11,22
11,23
11,24
11,25
11,26
11,27
11,28
11,29
11,30
11,31
11,32
11,33
11,34
11,35
11,36
11,37
11,38
11,39
11,40
11,41
11,42
12,13
12,14
12,15
12,16
12,17
12,18
12,19
12,20
12,21
12,22
12,23
12,24
12,25
12,26
12,27
12,28
12,29
12,30
12,31
12,32
12,33
12,34
12,35
12,36
12,37
12,38
12,39
12,40
12,41
12,42
13,14
13,15
13,16
13,17
13,18
13,19
13,20
13,21
13,22
13,23
13,24
13,25
13,26
13,27
13,28
13,29
13,30
13,31
13,32
13,33
13,34
13,35
13,36
13,37
13,38
13,39
13,40
13,41
13,42
14,15
14,16
14,17
14,18
14,19
14,20
14,21
14,22
14,23
14,24
14,25
14,26
14,27
14,28
14,29
14,30
14,31
14,32
14,33
14,34
14,35
14,36
14,37
14,38
14,39
14,40
14,41
14,42
14,48
14,57
14,73
14,76
14,77
14,78
14,81
14,86
14,89
14,92
14,94
14,95
14,101
14,107
14,115
14,125
14,130
14,138
14,141
14,146
14,150
14,155
14,157
14,158
14,163
14,172
14,183
14,187
14,189
14,190
14,192
14,195
15,16
15,17
15,18
15,19
15,20
15,21
15,22
15,23
15,24
15,25
15,26
15,27
15,28
15,29
15,30
15,31
15,32
15,33
15,34
15,35
15,36
15,37
15,38
15,39
15,40
15,41
15,42
15,48
15,57
15,73
15,76
15,77
15,78
15,81
15,86
15,89
15,92
15,94
15,95
15,101
15,107
15,115
15,125
15,130
15,138
15,141
15,146
15,150
15,155
15,157
15,158
15,163
15,172
15,183
15,187
15,189
15,190
15,192
15,195
16,17
16,18
16,19
16,20
16,21
16,22
16,23
16,24
16,25
16,26
16,27
16,28
16,29
16,30
16,31
16,32
16,33
16,34
16,35
16,36
16,37
16,38
16,39
16,40
16,41
16,42
17,18
17,19
17,20
17,21
17,22
17,23
17,24
17,25
17,26
17,27
17,28
17,29
17,30
17,31
17,32
17,33
17,34
17,35
17,36
17,37
17,38
17,39
17,40
17,41
17,42
17,48
17,57
17,73
17,76
17,77
17,78
17,81
17,86
17,89
17,92
17,94
17,95
17,101
17,107
17,115
17,125
17,130
17,138
17,141
17,146
17,150
17,155
17,157
17,158
17,163
17,172
17,183
17,187
17,189
17,190
17,192
17,195
18,19
18,20
18,21
18,22
18,23
18,24
18,25
18,26
18,27
18,28
18,29
18,30
18,31
18,32
18,33
18,34
18,35
18,36
18,37
18,38
18,39
18,40
18,41
18,42
19,20
19,21
19,22
19,23
19,24
19,25
19,26
19,27
19,28
19,29
19,30
19,31
19,32
19,33
19,34
19,35
19,36
19,37
19,38
19,39
19,40
19,41
19,42
20,21
20,22
20,23
20,24
20,25
20,26
20,27
20,28
20,29
20,30
20,31
20,32
20,33
20,34
20,35
20,36
20,37
20,38
20,39
20,40
20,41
20,42
21,22
21,23
21,24
21,25
21,26
21,27
21,28
21,29
21,30
21,31
21,32
21,33
21,34
21,35
21,36
21,37
21,38
21,39
21,40
21,41
21,42
22,23
22,24
22,25
22,26
22,27
22,28
22,29
22,30
22,31
22,32
22,33
22,34
22,35
22,36
22,37
22,38
22,39
22,40
22,41
22,42
22,48
22,57
22,73
22,76
22,77
22,78
22,81
22,86
22,89
22,92
22,94
22,95
22,101
22,107
22,115
22,125
22,130
22,138
22,141
22,146
22,150
22,155
22,157
22,158
22,163
22,172
22,183
22,187
22,189
22,190
22,192
22,195
23,24
23,25
23,26
23,27
23,28
23,29
23,30
23,31
23,32
23,33
23,34
23,35
23,36
23,37
23,38
23,39
23,40
23,41
23,42
24,25
24,26
24,27
24,28
24,29
24,30
24,31
24,32
24,33
24,34
24,35
24,36
24,37
24,38
24,39
24,40
24,41
24,42
25,26
25,27
25,28
25,29
25,30
25,31
25,32
25,33
25,34
25,35
25,36
25,37
25,38
25,39
25,40
25,41
25,42
26,27
26,28
26,29
26,30
26,31
26,32
26,33
26,34
26,35
26,36
26,37
26,38
26,39
26,40
26,41
26,42
27,28
27,29
27,30
27,31
27,32
27,33
27,34
27,35
27,36
27,37
27,38
27,39
27,40
27,41
27,42
28,29
28,30
28,31
28,32
28,33
28,34
28,35
28,36
28,37
28,38
28,39
28,40
28,41
28,42
29,30
29,31
29,32
29,33
29,34
29,35
29,36
29,37
29,38
29,39
29,40
29,41
29,42
29,48
29,57
29,73
29,76
29,77
29,78
29,81
29,86
29,89
29,92
29,94
29,95
29,101
29,107
29,115
29,125
29,130
29,138
29,141
29,146
29,150
29,155
29,157
29,158
29,163
29,172
29,183
29,187
29,189
29,190
29,192
29,195
30,31
30,32
30,33
30,34
30,35
30,36
30,37
30,38
30,39
30,40
30,41
30,42
31,32
31,33
31,34
31,35
31,36
31,37
31,38
31,39
31,40
31,41
31,42
31,48
31,57
31,73
31,76
31,77
31,78
31,81
31,86
31,89
31,92
31,94
31,95
31,101
31,107
31,115
31,125
31,130
31,138
31,141
31,146
31,150
31,155
31,157
31,158
31,163
31,172
31,183
31,187
31,189
31,190
31,192
31,195
32,33
32,34
32,35
32,36
32,37
32,38
32,39
32,40
32,41
32,42
33,34
33,35
33,36
33,37
33,38
33,39
33,40
33,41
33,42
34,35
34,36
34,37
34,38
34,39
34,40
34,41
34,42
34,48
34,57
34,73
34,76
34,77
34,78
34,81
34,86
34,89
34,92
34,94
34,95
34,101
34,107
34,115
34,125
34,130
34,138
34,141
34,146
34,150
34,155
34,157
34,158
34,163
34,172
34,183
34,187
34,189
34,190
34,192
34,195
35,36
35,37
35,38
35,39
35,40
35,41
35,42
36,37
36,38
36,39
36,40
36,41
36,42
37,38
37,39
37,40
37,41
37,42
38,39
38,40
38,41
38,42
39,40
39,41
39,42
39,48
39,57
39,73
39,76
39,77
39,78
39,81
39,86
39,89
39,92
39,94
39,95
39,101
39,107
39,115
39,125
39,130
39,138
39,141
39,146
39,150
39,155
39,157
39,158
39,163
39,172
39,183
39,187
39,189
39,190
39,192
39,195
40,41
40,42
41,42
42,48
42,57
42,73
42,76
42,77
42,78
42,81
42,86
42,89
42,92
42,94
42,95
42,101
42,107
42,115
42,125
42,130
42,138
42,141
42,146
42,150
42,155
42,157
42,158
42,163
42,172
42,183
42,187
42,189
42,190
42,192
42,195
48,57
48,73
48,76
48,77
48,78
48,81
48,86
48,89
48,92
48,94
48,95
48,101
48,107
48,115
48,125
48,130
48,138
48,141
48,146
48,150
48,155
48,157
48,158
48,163
48,172
48,183
48,187
48,189
48,190
48,192
48,195
57,73
57,76
57,77
57,78
57,81
57,86
57,89
57,92
57,94
57,95
57,101
57,107
57,115
57,125
57,130
57,138
57,141
57,146
57,150
57,155
57,157
57,158
57,163
57,172
57,183
57,187
57,189
57,190
57,192
57,195
73,76
73,77
73,78
73,81
73,86
73,89
73,92
73,94
73,95
73,101
73,107
73,115
73,125
73,130
73,138
73,141
73,146
73,150
73,155
73,157
73,158
73,163
73,172
73,183
73,187
73,189
73,190
73,192
73,195
76,77
76,78
76,81
76,86
76,89
76,92
76,94
76,95
76,101
76,107
76,115
76,125
76,130
76,138
76,141
76,146
76,150
76,155
76,157
76,158
76,163
76,172
76,183
76,187
76,189
76,190
76,192
76,195
77,78
77,81
77,86
77,89
77,92
77,94
77,95
77,101
77,107
77,115
77,125
77,130
77,138
77,141
77,146
77,150
77,155
77,157
77,158
77,163
77,172
77,183
77,187
77,189
77,190
77,192
77,195
78,81
78,86
78,89
78,92
78,94
78,95
78,101
78,104
78,105
78,107
78,110
78,111
78,115
78,118
78,119
78,121
78,122
78,125
78,130
78,138
78,141
78,146
78,150
78,155
78,157
78,158
78,163
78,172
78,183
78,187
78,189
78,190
78,192
78,195
79,85
79,86
79,89
79,90
79,91
79,93
79,95
79,96
79,97
79,98
79,102
79,103
79,104
79,105
79,109
79,110
79,111
80,85
80,86
80,87
80,88
80,89
80,90
80,93
80,98
80,99
80,102
80,103
80,104
80,105
81,82
81,84
81,86
81,88
81,89
81,90
81,91
81,92
81,94
81,95
81,96
81,98
81,101
81,102
81,103
81,104
81,105
81,107
81,109
81,115
81,125
81,130
81,138
81,141
81,146
81,150
81,155
81,157
81,158
81,163
81,172
81,183
81,187
81,189
81,190
81,192
81,195
82,83
82,85
82,86
82,88
82,89
82,90
82,91
82,96
82,97
83,84
83,85
83,86
83,87
83,88
83,89
83,90
83,93
83,94
83,95
83,96
83,98
84,85
84,87
84,88
84,90
84,91
84,92
84,93
84,94
84,95
84,96
84,97
84,99
84,102
84,110
85,86
85,87
85,88
85,89
85,90
85,91
85,92
85,93
85,94
85,96
85,97
85,99
85,100
85,103
85,104
85,105
85,106
85,109
85,110
85,111
85,114
85,118
85,119
85,121
86,88
86,89
86,90
86,91
86,92
86,93
86,94
86,95
86,101
86,102
86,103
86,104
86,105
86,106
86,107
86,108
86,109
86,110
86,111
86,114
86,115
86,118
86,119
86,121
86,122
86,125
86,128
86,130
86,138
86,141
86,146
86,150
86,155
86,157
86,158
86,163
86,172
86,183
86,187
86,189
86,190
86,192
86,195
87,90
87,91
87,92
87,93
87,95
87,97
87,98
87,99
87,100
87,102
87,103
87,105
87,106
87,109
87,110
87,111
87,118
87,119
87,122
87,128
89,90
89,91
89,92
89,93
89,94
89,95
89,96
89,97
89,99
89,100
89,101
89,102
89,103
89,104
89,105
89,107
89,108
89,109
89,110
89,111
89,114
89,115
89,118
89,119
89,122
89,125
89,130
89,138
89,141
89,146
89,150
89,155
89,157
89,158
89,163
89,172
89,183
89,187
89,189
89,190
89,192
89,195
90,93
90,94
90,99
91,93
91,94
91,95
91,96
91,97
91,99
91,100
91,102
91,103
91,107
91,108
91,109
91,110
92,93
92,94
92,95
92,96
92,97
92,99
92,100
92,101
92,103
92,107
92,108
92,109
92,111
92,112
92,113
92,115
92,118
92,119
92,122
92,125
92,128
92,130
92,138
92,141
92,146
92,150
92,155
92,157
92,158
92,163
92,172
92,183
92,187
92,189
92,190
92,192
92,195
93,94
93,95
93,96
93,99
93,102
93,103
93,106
93,107
93,108
93,109
93,110
93,111
93,112
93,113
93,116
93,118
93,119
93,121
93,122
93,159
93,167
93,170
94,95
94,97
94,99
94,100
94,101
94,105
94,106
94,107
94,108
94,111
94,112
94,113
94,114
94,115
94,118
94,119
94,121
94,122
94,125
94,128
94,129
94,130
94,135
94,138
94,141
94,146
94,147
94,149
94,150
94,154
94,155
94,157
94,158
94,159
94,163
94,172
94,183
94,187
94,189
94,190
94,192
94,195
95,96
95,97
95,98
95,100
95,101
95,102
95,103
95,104
95,105
95,106
95,107
95,111
95,112
95,113
95,114
95,115
95,119
95,122
95,125
95,129
95,130
95,135
95,138
95,141
95,144
95,146
95,147
95,149
95,150
95,154
95,155
95,157
95,158
95,159
95,163
95,172
95,183
95,187
95,189
95,190
95,192
95,195
96,98
96,99
96,100
96,102
96,103
96,104
96,105
96,106
96,108
96,109
96,111
96,112
96,113
96,114
96,116
96,118
96,119
96,121
97,98
97,102
97,103
97,104
97,105
97,106
97,107
97,109
97,110
97,111
97,112
97,113
97,118
97,119
97,120
97,121
97,122
97,128
97,129
97,133
97,135
99,102
99,104
99,105
100,102
100,103
100,104
100,106
100,107
100,108
100,111
100,114
100,117
100,118
101,105
101,106
101,107
101,115
101,125
101,130
101,138
101,141
101,146
101,150
101,155
101,157
101,158
101,163
101,172
101,183
101,187
101,189
101,190
101,192
101,195
102,103
102,104
102,105
102,106
102,107
102,110
102,111
102,112
102,113
102,114
102,116
102,117
102,118
102,123
102,133
102,135
102,144
102,154
102,161
102,170
103,104
103,105
103,106
103,107
103,108
103,109
103,110
103,111
103,112
103,113
103,114
103,116
103,117
103,118
103,119
103,120
103,121
103,123
103,125
103,128
103,129
103,133
103,134
103,135
103,136
103,144
103,147
103,154
103,159
103,162
103,165
103,170
104,106
104,113
104,114
104,117
104,118
104,119
104,122
104,123
104,124
104,125
104,127
104,128
105,106
105,107
105,108
105,114
105,116
105,118
105,121
105,122
105,124
105,125
105,126
105,127
105,128
105,129
105,131
105,134
105,135
105,136
105,144
105,147
105,159
105,161
105,165
105,167
105,169
105,170
105,172
106,108
106,111
106,114
107,108
107,110
107,111
107,112
107,114
107,115
107,117
107,118
107,119
107,120
107,121
107,122
107,123
107,125
107,130
107,138
107,141
107,146
107,150
107,155
107,157
107,158
107,163
107,172
107,183
107,187
107,189
107,190
107,192
107,195
108,109
108,110
108,111
108,114
109,111
109,112
109,117
109,118
109,119
109,120
109,121
109,122
109,123
109,126
109,128
109,129
109,133
110,112
110,113
110,116
110,117
110,118
110,119
110,121
110,122
110,123
110,124
110,125
110,126
110,128
110,129
110,131
110,133
110,134
110,136
110,154
111,112
111,113
111,114
111,117
111,118
111,119
112,114
112,116
112,117
112,118
112,119
112,121
112,122
112,123
112,125
112,126
112,129
112,131
113,116
113,117
113,118
113,120
113,121
113,122
113,123
113,124
113,125
113,126
113,127
113,128
113,130
113,131
113,132
113,133
113,135
113,148
113,167
114,116
114,117
114,118
114,119
114,120
114,121
114,122
114,124
114,125
114,126
114,128
114,129
114,130
114,131
114,133
114,135
114,136
114,143
114,147
114,149
114,151
114,154
114,162
114,167
114,169
115,117
115,118
115,119
115,125
115,130
115,138
115,141
115,146
115,150
115,155
115,157
115,158
115,163
115,172
115,183
115,187
115,189
115,190
115,192
115,195
116,117
116,118
116,121
116,122
116,124
116,125
116,127
116,129
116,130
116,131
116,133
116,134
116,135
116,140
116,143
116,144
116,148
116,150
116,151
116,152
116,154
116,161
116,162
116,169
116,170
116,172
117,118
117,121
117,123
117,128
117,129
117,130
117,131
117,132
117,134
117,135
118,119
118,121
118,122
118,123
118,124
118,125
118,126
118,127
118,128
118,129
118,131
118,132
118,133
118,134
118,135
118,136
118,141
118,143
118,144
118,147
118,148
118,149
118,151
118,152
118,154
118,156
118,159
118,160
118,162
118,169
118,170
119,120
119,121
119,122
119,123
119,125
119,126
119,130
119,131
119,132
119,133
119,134
119,135
119,136
119,137
119,140
119,141
119,143
119,144
119,150
119,151
119,152
119,153
119,154
119,156
119,158
119,159
119,160
119,162
119,165
119,167
119,170
119,172
119,177
120,121
121,122
121,123
121,124
121,127
121,128
121,129
121,130
121,131
121,132
121,133
121,134
121,136
121,137
121,138
121,139
121,141
121,143
121,144
121,146
121,147
121,148
121,149
121,151
121,153
121,154
121,158
121,159
121,160
121,162
121,164
121,165
121,167
121,169
121,177
121,178
122,123
122,124
122,125
122,131
122,132
122,133
122,134
122,135
122,136
122,137
122,138
122,139
122,144
122,148
123,126
123,127
123,128
123,132
123,133
123,134
123,135
123,136
123,138
123,139
123,140
123,143
124,125
124,127
124,128
124,129
124,132
124,133
124,134
124,135
124,136
124,137
124,138
124,139
124,140
124,141
125,126
125,127
125,128
125,129
125,130
125,131
125,132
125,133
125,134
125,135
125,136
125,137
125,138
125,139
125,140
125,141
125,143
125,144
125,146
125,147
125,150
125,154
125,155
125,156
125,157
125,158
125,159
125,161
125,162
125,163
125,169
125,172
125,180
125,181
125,183
125,187
125,189
125,190
125,192
125,195
126,127
126,129
126,130
126,131
126,132
126,133
126,137
126,138
126,139
126,140
126,141
126,143
126,144
126,146
126,147
126,151
126,152
126,154
126,156
127,128
127,129
127,130
127,131
127,132
127,133
127,134
127,137
127,139
127,140
127,141
127,143
127,144
128,129
128,131
128,132
128,133
128,134
128,135
128,136
128,137
128,138
128,140
128,141
128,142
128,143
128,144
128,145
128,148
128,149
128,151
128,152
128,153
128,154
128,156
128,158
128,159
128,160
128,165
128,167
128,169
128,172
128,181
128,182
129,130
129,131
129,134
129,135
129,136
129,137
129,140
129,141
129,143
129,144
129,145
129,146
129,147
129,148
129,149
129,151
130,131
130,138
130,141
130,146
130,150
130,155
130,157
130,158
130,163
130,172
130,183
130,187
130,189
130,190
130,192
130,195
131,135
131,137
131,140
131,143
131,145
131,146
131,148
131,149
131,150
131,151
131,152
131,153
131,154
131,158
131,159
131,160
131,161
131,162
131,165
132,134
132,135
133,134
133,135
133,136
133,137
133,140
133,141
133,144
133,145
133,146
133,147
133,148
133,151
133,152
133,154
134,135
134,136
134,137
134,139
134,141
134,143
134,144
134,145
134,146
134,147
135,136
135,137
135,138
135,139
135,140
135,141
135,142
135,143
135,144
135,145
135,146
135,147
135,148
135,149
135,150
135,151
135,152
135,154
135,156
135,159
135,160
135,161
135,162
135,165
136,139
136,140
136,141
136,142
136,143
136,144
136,145
136,146
136,147
136,149
136,151
136,152
136,153
136,154
136,156
136,158
136,159
136,160
136,162
136,164
137,138
137,139
137,140
137,141
138,139
138,140
138,141
138,142
138,143
138,144
138,145
138,146
138,147
138,148
138,149
138,150
138,151
138,153
138,154
138,155
138,156
138,157
138,158
138,159
138,163
138,169
138,170
138,172
138,179
138,180
138,182
138,183
138,187
138,189
138,190
138,192
138,195
139,140
139,141
139,142
139,143
139,144
139,145
139,147
139,148
139,150
139,151
139,152
139,153
139,156
139,157
139,158
139,161
139,162
140,142
140,144
140,145
140,147
140,148
140,150
140,152
140,154
140,156
140,158
141,142
141,143
141,146
141,150
141,155
141,157
141,158
141,163
141,172
141,183
141,187
141,189
141,190
141,192
141,195
142,144
142,146
142,147
142,148
142,149
143,145
143,146
143,147
143,148
143,150
143,154
144,148
144,149
144,150
144,151
144,152
144,154
144,156
144,157
144,159
144,160
144,161
144,162
144,167
144,172
145,147
145,148
146,148
146,150
146,151
146,152
146,153
146,155
146,157
146,158
146,160
146,161
146,162
146,163
146,164
146,165
146,167
146,169
146,170
146,172
146,183
146,187
146,189
146,190
146,192
146,195
147,151
147,152
147,154
147,157
147,158
147,159
147,160
147,161
147,165
147,166
147,167
147,169
148,149
148,150
148,152
148,154
148,156
148,157
148,158
148,159
148,164
148,167
149,150
149,153
149,157
149,158
149,159
149,161
149,164
149,165
149,166
149,167
149,170
149,172
149,180
150,151
150,152
150,154
150,155
150,156
150,157
150,158
150,160
150,162
150,163
150,164
150,165
150,166
150,167
150,170
150,172
150,179
150,180
150,181
150,182
150,183
150,187
150,189
150,190
150,192
150,195
151,152
152,153
152,154
152,156
152,157
152,158
152,161
152,162
152,164
152,167
152,169
152,170
153,154
153,156
153,157
153,158
153,159
153,160
153,161
153,163
153,164
153,165
153,167
153,169
153,170
153,172
153,173
153,174
153,180
153,182
154,156
154,158
154,159
154,160
154,161
154,163
154,164
154,165
154,167
154,169
154,170
154,172
154,173
154,174
154,175
154,176
154,177
154,178
154,179
154,180
155,157
155,158
155,161
155,162
155,163
155,164
155,166
155,168
155,169
155,170
155,172
155,183
155,187
155,189
155,190
155,192
155,195
156,159
156,161
157,158
157,159
157,161
157,163
157,164
157,166
157,168
157,169
157,170
157,172
157,173
157,174
157,175
157,176
157,177
157,178
157,179
157,180
157,182
157,183
157,187
157,189
157,190
157,192
157,195
158,159
158,160
158,161
158,163
158,164
158,165
158,166
158,167
158,168
158,169
158,170
158,172
158,174
158,176
158,177
158,179
158,180
158,181
158,182
158,183
158,187
158,189
158,190
158,192
158,195
159,160
159,161
159,162
159,164
159,166
159,167
159,173
159,174
159,175
159,176
159,177
159,178
159,179
159,180
159,181
159,182
159,185
159,199
160,164
160,165
160,166
160,169
160,170
160,173
160,174
160,175
160,176
160,177
160,182
160,185
160,186
161,162
161,163
161,164
161,165
161,166
161,167
161,168
161,169
161,170
161,173
161,174
161,175
161,176
161,177
161,178
161,179
161,180
161,181
161,182
161,185
161,186
162,163
162,164
162,165
162,166
162,168
162,169
162,172
162,173
162,174
162,175
162,178
162,181
162,182
162,183
162,185
162,186
163,164
163,165
163,166
163,167
163,168
163,169
163,170
163,172
163,174
163,175
163,178
163,179
163,180
163,183
163,185
163,186
163,187
163,189
163,190
163,192
163,195
164,166
164,167
164,168
164,169
164,170
164,173
164,174
164,175
164,176
164,177
164,178
164,180
164,181
164,182
164,183
164,184
164,186
164,199
165,166
166,168
166,169
166,170
166,175
166,176
166,179
167,169
167,170
167,173
167,174
167,175
167,176
167,177
167,178
167,179
167,181
167,182
167,183
167,185
167,194
167,199
168,173
168,174
168,175
168,177
168,178
168,179
168,180
168,181
168,182
168,183
168,184
168,185
168,186
169,172
169,173
170,172
170,173
170,174
170,175
170,176
170,178
170,179
170,183
170,184
170,186
170,199
171,174
171,175
171,176
171,177
172,174
172,177
172,178
172,179
172,180
172,181
172,182
172,183
172,184
172,185
172,187
172,189
172,190
172,192
172,194
172,195
172,196
172,199
173,174
173,175
173,176
173,177
173,178
173,180
173,182
173,183
173,185
173,186
173,188
173,191
173,194
173,196
173,199
174,175
174,176
174,177
174,180
174,183
175,176
175,177
175,178
175,180
175,181
175,183
175,185
175,186
175,188
175,196
175,198
176,178
176,179
176,181
176,182
177,180
177,182
177,183
177,184
177,185
177,186
177,187
177,188
177,191
177,193
177,196
177,198
177,199
178,179
178,180
178,181
178,182
178,184
178,185
178,186
178,191
178,193
178,194
178,199
179,180
179,181
179,182
179,184
179,185
179,186
179,188
180,183
180,184
180,186
180,188
180,194
180,196
180,199
181,183
181,184
181,186
181,187
181,188
181,191
181,193
181,194
181,196
182,184
182,185
182,186
182,188
182,189
183,184
183,185
183,187
183,188
183,189
183,190
183,192
183,195
183,196
183,197
183,198
183,199
184,185
184,186
184,187
184,188
184,189
184,194
184,196
184,197
184,198
184,199
185,186
185,187
186,187
186,189
186,191
186,193
186,194
186,196
186,197
186,198
186,199
187,189
187,190
187,191
187,192
187,193
187,194
187,195
187,196
187,198
187,199
188,189
188,194
188,196
188,197
188,198
188,199
189,190
189,191
189,192
189,195
190,191
190,192
190,194
190,195
190,196
190,197
190,198
191,193
191,194
191,196
191,197
191,198
192,194
192,195
192,196
192,197
192,198
192,199
193,194
193,196
193,197
193,198
193,199
194,196
194,197
194,198
194,199
195,197
195,198
195,199
196,197
196,198
196,199
198,199
