0,1
0,2
0,3
0,4
0,5
0,6
0,7
0,8
0,9
0,10
0,11
0,12
0,13
0,14
0,15
0,16
0,17
0,18
0,19
0,20
0,21
0,22
0,23
0,24
0,25
0,26
0,27
0,28
0,29
0,30
0,31
0,32
0,33
0,34
0,35
0,36
0,37
0,38
0,39
0,40
0,41
0,42
0,43
0,44
0,45
0,46
0,47
0,48
0,49
0,50
0,51
0,52
0,53
0,54
0,55
0,56
0,57
0,58
0,59
0,60
0,61
0,62
0,63
0,64
0,65
0,66
0,67
0,68
0,69
0,70
0,71
0,72
0,73
0,74
0,75
0,76
0,77
0,78
0,79
0,80
0,81
0,82
0,83
0,84
0,85
0,86
0,87
0,88
0,89
0,90
0,91
0,92
0,93
0,94
0,165
0,166
1,2
1,3
1,4
1,5
1,6
1,7
1,8
1,9
1,10
1,11
1,12
1,13
1,14
1,15
1,16
1,17
1,18
1,19
1,20
1,21
1,22
1,23
1,24
1,25
1,26
1,27
1,28
1,29
1,30
1,31
1,32
1,33
1,34
1,35
1,36
1,37
1,38
1,39
1,40
1,41
1,42
1,43
1,44
1,45
1,46
1,47
1,48
1,49
1,50
1,51
1,52
1,53
1,54
1,55
1,56
1,57
1,58
1,59
1,60
1,61
1,62
1,63
1,64
1,65
1,66
1,67
1,68
1,69
1,70
1,71
1,72
1,73
1,74
1,75
1,76
1,77
1,78
1,79
1,80
1,81
1,82
1,83
1,84
1,85
1,86
1,87
1,88
1,89
1,90
1,91
1,92
1,93
1,94
1,95
1,96
1,101
1,103
1,104
1,105
1,106
1,111
1,113
1,115
1,116
1,117
1,118
1,119
1,120
1,122
1,123
1,124
1,126
1,127
1,128
1,130
1,132
1,134
1,137
1,139
1,141
1,145
1,147
1,148
1,150
1,154
1,155
1,157
1,158
1,162
1,164
1,165
1,169
1,171
1,172
1,176
1,177
1,178
1,182
1,185
1,187
1,188
1,190
1,194
1,199
2,3
2,4
2,5
2,6
2,7
2,8
2,9
2,10
2,11
2,12
2,13
2,14
2,15
2,16
2,17
2,18
2,19
2,20
2,21
2,22
2,23
2,24
2,25
2,26
2,27
2,28
2,29
2,30
2,31
2,32
2,33
2,34
2,35
2,36
2,37
2,38
2,39
2,40
2,41
2,42
2,43
2,44
2,45
2,46
2,47
2,48
2,49
2,50
2,51
2,52
2,53
2,54
2,55
2,56
2,57
2,58
2,59
2,60
2,61
2,62
2,63
2,64
2,65
2,66
2,67
2,68
2,69
2,70
2,71
2,72
2,73
2,74
2,75
2,76
2,77
2,78
2,79
2,80
2,81
2,82
2,83
2,84
2,85
2,86
2,87
2,88
2,89
2,90
2,91
2,92
2,93
2,94
3,4
3,5
3,6
3,7
3,8
3,9
3,10
3,11
3,12
3,13
3,14
3,15
3,16
3,17
3,18
3,19
3,20
3,21
3,22
3,23
3,24
3,25
3,26
3,27
3,28
3,29
3,30
3,31
3,32
3,33
3,34
3,35
3,36
3,37
3,38
3,39
3,40
3,41
3,42
3,43
3,44
3,45
3,46
3,47
3,48
3,49
3,50
3,51
3,52
3,53
3,54
3,55
3,56
3,57
3,58
3,59
3,60
3,61
3,62
3,63
3,64
3,65
3,66
3,67
3,68
3,69
3,70
3,71
3,72
3,73
3,74
3,75
3,76
3,77
3,78
3,79
3,80
3,81
3,82
3,83
3,84
3,85
3,86
3,87
3,88
3,89
3,90
3,91
3,92
3,93
3,94
3,95
3,96
3,101
3,103
3,104
3,105
3,106
3,111
3,113
3,115
3,116
3,117
3,118
3,119
3,120
3,122
3,123
3,124
3,126
3,127
3,128
3,130
3,132
3,134
3,137
3,139
3,141
3,145
3,147
3,148
3,150
3,154
3,155
3,157
3,158
3,162
3,164
3,165
3,169
3,171
3,172
3,176
3,177
3,178
3,182
3,185
3,187
3,188
3,190
3,194
3,199
4,5
4,6
4,7
4,8
4,9
4,10
4,11
4,12
4,13
4,14
4,15
4,16
4,17
4,18
4,19
4,20
4,21
4,22
4,23
4,24
4,25
4,26
4,27
4,28
4,29
4,30
4,31
4,32
4,33
4,34
4,35
4,36
4,37
4,38
4,39
4,40
4,41
4,42
4,43
4,44
4,45
4,46
4,47
4,48
4,49
4,50
4,51
4,52
4,53
4,54
4,55
4,56
4,57
4,58
4,59
4,60
4,61
4,62
4,63
4,64
4,65
4,66
4,67
4,68
4,69
4,70
4,71
4,72
4,73
4,74
4,75
4,76
4,77
4,78
4,79
4,80
4,81
4,82
4,83
4,84
4,85
4,86
4,87
4,88
4,89
4,90
4,91
4,92
4,93
4,94
4,95
4,96
4,101
4,103
4,104
4,105
4,106
4,111
4,113
4,115
4,116
4,117
4,118
4,119
4,120
4,122
4,123
4,124
4,126
4,127
4,128
4,130
4,132
4,134
4,137
4,139
4,141
4,145
4,147
4,148
4,150
4,154
4,155
4,157
4,158
4,162
4,164
4,165
4,169
4,171
4,172
4,176
4,177
4,178
4,182
4,185
4,187
4,188
4,190
4,194
4,199
5,6
5,7
5,8
5,9
5,10
5,11
5,12
5,13
5,14
5,15
5,16
5,17
5,18
5,19
5,20
5,21
5,22
5,23
5,24
5,25
5,26
5,27
5,28
5,29
5,30
5,31
5,32
5,33
5,34
5,35
5,36
5,37
5,38
5,39
5,40
5,41
5,42
5,43
5,44
5,45
5,46
5,47
5,48
5,49
5,50
5,51
5,52
5,53
5,54
5,55
5,56
5,57
5,58
5,59
5,60
5,61
5,62
5,63
5,64
5,65
5,66
5,67
5,68
5,69
5,70
5,71
5,72
5,73
5,74
5,75
5,76
5,77
5,78
5,79
5,80
5,81
5,82
5,83
5,84
5,85
5,86
5,87
5,88
5,89
5,90
5,91
5,92
5,93
5,94
6,7
6,8
6,9
6,10
6,11
6,12
6,13
6,14
6,15
6,16
6,17
6,18
6,19
6,20
6,21
6,22
6,23
6,24
6,25
6,26
6,27
6,28
6,29
6,30
6,31
6,32
6,33
6,34
6,35
6,36
6,37
6,38
6,39
6,40
6,41
6,42
6,43
6,44
6,45
6,46
6,47
6,48
6,49
6,50
6,51
6,52
6,53
6,54
6,55
6,56
6,57
6,58
6,59
6,60
6,61
6,62
6,63
6,64
6,65
6,66
6,67
6,68
6,69
6,70
6,71
6,72
6,73
6,74
6,75
6,76
6,77
6,78
6,79
6,80
6,81
6,82
6,83
6,84
6,85
6,86
6,87
6,88
6,89
6,90
6,91
6,92
6,93
6,94
6,95
6,96
6,101
6,103
6,104
6,105
6,106
6,111
6,113
6,115
6,116
6,117
6,118
6,119
6,120
6,122
6,123
6,124
6,126
6,127
6,128
6,130
6,132
6,134
6,137
6,139
6,141
6,145
6,147
6,148
6,150
6,154
6,155
6,157
6,158
6,162
6,164
6,165
6,169
6,171
6,172
6,176
6,177
6,178
6,182
6,185
6,187
6,188
6,190
6,194
6,199
7,8
7,9
7,10
7,11
7,12
7,13
7,14
7,15
7,16
7,17
7,18
7,19
7,20
7,21
7,22
7,23
7,24
7,25
7,26
7,27
7,28
7,29
7,30
7,31
7,32
7,33
7,34
7,35
7,36
7,37
7,38
7,39
7,40
7,41
7,42
7,43
7,44
7,45
7,46
7,47
7,48
7,49
7,50
7,51
7,52
7,53
7,54
7,55
7,56
7,57
7,58
7,59
7,60
7,61
7,62
7,63
7,64
7,65
7,66
7,67
7,68
7,69
7,70
7,71
7,72
7,73
7,74
7,75
7,76
7,77
7,78
7,79
7,80
7,81
7,82
7,83
7,84
7,85
7,86
7,87
7,88
7,89
7,90
7,91
7,92
7,93
7,94
8,9
8,10
8,11
8,12
8,13
8,14
8,15
8,16
8,17
8,18
8,19
8,20
8,21
8,22
8,23
8,24
8,25
8,26
8,27
8,28
8,29
8,30
8,31
8,32
8,33
8,34
8,35
8,36
8,37
8,38
8,39
8,40
8,41
8,42
8,43
8,44
8,45
8,46
8,47
8,48
8,49
8,50
8,51
8,52
8,53
8,54
8,55
8,56
8,57
8,58
8,59
8,60
8,61
8,62
8,63
8,64
8,65
8,66
8,67
8,68
8,69
8,70
8,71
8,72
8,73
8,74
8,75
8,76
8,77
8,78
8,79
8,80
8,81
8,82
8,83
8,84
8,85
8,86
8,87
8,88
8,89
8,90
8,91
8,92
8,93
8,94
8,95
8,96
8,101
8,103
8,104
8,105
8,106
8,111
8,113
8,115
8,116
8,117
8,118
8,119
8,120
8,122
8,123
8,124
8,126
8,127
8,128
8,130
8,132
8,134
8,137
8,139
8,141
8,145
8,147
8,148
8,150
8,154
8,155
8,157
8,158
8,162
8,164
8,165
8,169
8,171
8,172
8,176
8,177
8,178
8,182
8,185
8,187
8,188
8,190
8,194
8,199
9,10
9,11
9,12
9,13
9,14
9,15
9,16
9,17
9,18
9,19
9,20
9,21
9,22
9,23
9,24
9,25
9,26
9,27
9,28
9,29
9,30
9,31
9,32
9,33
9,34
9,35
9,36
9,37
9,38
9,39
9,40
9,41
9,42
9,43
9,44
9,45
9,46
9,47
9,48
9,49
9,50
9,51
9,52
9,53
9,54
9,55
9,56
9,57
9,58
9,59
9,60
9,61
9,62
9,63
9,64
9,65
9,66
9,67
9,68
9,69
9,70
9,71
9,72
9,73
9,74
9,75
9,76
9,77
9,78
9,79
9,80
9,81
9,82
9,83
9,84
9,85
9,86
9,87
9,88
9,89
9,90
9,91
9,92
9,93
9,94
9,95
9,96
9,101
9,103
9,104
9,105
9,106
9,111
9,113
9,115
9,116
9,117
9,118
9,119
9,120
9,122
9,123
9,124
9,126
9,127
9,128
9,130
9,132
9,134
9,137
9,139
9,141
9,145
9,147
9,148
9,150
9,154
9,155
9,157
9,158
9,162
9,164
9,165
9,169
9,171
9,172
9,176
9,177
9,178
9,182
9,185
9,187
9,188
9,190
9,194
9,199
10,11
10,12
10,13
10,14
10,15
10,16
10,17
10,18
10,19
10,20
10,21
10,22
10,23
10,24
10,25
10,26
10,27
10,28
10,29
10,30
10,31
10,32
10,33
10,34
10,35
10,36
10,37
10,38
10,39
10,40
10,41
10,42
10,43
10,44
10,45
10,46
10,47
10,48
10,49
10,50
10,51
10,52
10,53
10,54
10,55
10,56
10,57
10,58
10,59
10,60
10,61
10,62
10,63
10,64
10,65
10,66
10,67
10,68
10,69
10,70
10,71
10,72
10,73
10,74
10,75
10,76
10,77
10,78
10,79
10,80
10,81
10,82
10,83
10,84
10,85
10,86
10,87
10,88
10,89
10,90
10,91
10,92
10,93
10,94
10,95
10,96
10,101
10,103
10,104
10,105
10,106
10,111
10,113
10,115
10,116
10,117
10,118
10,119
10,120
10,122
10,123
10,124
10,126
10,127
10,128
10,130
10,132
10,134
10,137
10,139
10,141
10,145
10,147
10,148
10,150
10,154
10,155
10,157
10,158
10,162
10,164
10,165
10,169
10,171
10,172
10,176
10,177
10,178
10,182
10,185
10,187
10,188
10,190
10,194
10,199
11,12
11,13
11,14
11,15
11,16
11,17
11,18
11,19
11,20
11,21
11,22
11,23
11,24
11,25
11,26
11,27
11,28
11,29
11,30
11,31
11,32
11,33
11,34
11,35
11,36
11,37
11,38
11,39
11,40
11,41
11,42
11,43
11,44
11,45
11,46
11,47
11,48
11,49
11,50
11,51
11,52
11,53
11,54
11,55
11,56
11,57
11,58
11,59
11,60
11,61
11,62
11,63
11,64
11,65
11,66
11,67
11,68
11,69
11,70
11,71
11,72
11,73
11,74
11,75
11,76
11,77
11,78
11,79
11,80
11,81
11,82
11,83
11,84
11,85
11,86
11,87
11,88
11,89
11,90
11,91
11,92
11,93
11,94
12,13
12,14
12,15
12,16
12,17
12,18
12,19
12,20
12,21
12,22
12,23
12,24
12,25
12,26
12,27
12,28
12,29
12,30
12,31
12,32
12,33
12,34
12,35
12,36
12,37
12,38
12,39
12,40
12,41
12,42
12,43
12,44
12,45
12,46
12,47
12,48
12,49
12,50
12,51
12,52
12,53
12,54
12,55
12,56
12,57
12,58
12,59
12,60
12,61
12,62
12,63
12,64
12,65
12,66
12,67
12,68
12,69
12,70
12,71
12,72
12,73
12,74
12,75
12,76
12,77
12,78
12,79
12,80
12,81
12,82
12,83
12,84
12,85
12,86
12,87
12,88
12,89
12,90
12,91
12,92
12,93
12,94
13,14
13,15
13,16
13,17
13,18
13,19
13,20
13,21
13,22
13,23
13,24
13,25
13,26
13,27
13,28
13,29
13,30
13,31
13,32
13,33
13,34
13,35
13,36
13,37
13,38
13,39
13,40
13,41
13,42
13,43
13,44
13,45
13,46
13,47
13,48
13,49
13,50
13,51
13,52
13,53
13,54
13,55
13,56
13,57
13,58
13,59
13,60
13,61
13,62
13,63
13,64
13,65
13,66
13,67
13,68
13,69
13,70
13,71
13,72
13,73
13,74
13,75
13,76
13,77
13,78
13,79
13,80
13,81
13,82
13,83
13,84
13,85
13,86
13,87
13,88
13,89
13,90
13,91
13,92
13,93
13,94
13,95
13,96
13,101
13,103
13,104
13,105
13,106
13,111
13,113
13,115
13,116
13,117
13,118
13,119
13,120
13,122
13,123
13,124
13,126
13,127
13,128
13,130
13,132
13,134
13,137
13,139
13,141
13,145
13,147
13,148
13,150
13,154
13,155
13,157
13,158
13,162
13,164
13,165
13,169
13,171
13,172
13,176
13,177
13,178
13,182
13,185
13,187
13,188
13,190
13,194
13,199
14,15
14,16
14,17
14,18
14,19
14,20
14,21
14,22
14,23
14,24
14,25
14,26
14,27
14,28
14,29
14,30
14,31
14,32
14,33
14,34
14,35
14,36
14,37
14,38
14,39
14,40
14,41
14,42
14,43
14,44
14,45
14,46
14,47
14,48
14,49
14,50
14,51
14,52
14,53
14,54
14,55
14,56
14,57
14,58
14,59
14,60
14,61
14,62
14,63
14,64
14,65
14,66
14,67
14,68
14,69
14,70
14,71
14,72
14,73
14,74
14,75
14,76
14,77
14,78
14,79
14,80
14,81
14,82
14,83
14,84
14,85
14,86
14,87
14,88
14,89
14,90
14,91
14,92
14,93
14,94
15,16
15,17
15,18
15,19
15,20
15,21
15,22
15,23
15,24
15,25
15,26
15,27
15,28
15,29
15,30
15,31
15,32
15,33
15,34
15,35
15,36
15,37
15,38
15,39
15,40
15,41
15,42
15,43
15,44
15,45
15,46
15,47
15,48
15,49
15,50
15,51
15,52
15,53
15,54
15,55
15,56
15,57
15,58
15,59
15,60
15,61
15,62
15,63
15,64
15,65
15,66
15,67
15,68
15,69
15,70
15,71
15,72
15,73
15,74
15,75
15,76
15,77
15,78
15,79
15,80
15,81
15,82
15,83
15,84
15,85
15,86
15,87
15,88
15,89
15,90
15,91
15,92
15,93
15,94
15,95
15,96
15,101
15,103
15,104
15,105
15,106
15,111
15,113
15,115
15,116
15,117
15,118
15,119
15,120
15,122
15,123
15,124
15,126
15,127
15,128
15,130
15,132
15,134
15,137
15,139
15,141
15,145
15,147
15,148
15,150
15,154
15,155
15,157
15,158
15,162
15,164
15,165
15,169
15,171
15,172
15,176
15,177
15,178
15,182
15,185
15,187
15,188
15,190
15,194
15,199
16,17
16,18
16,19
16,20
16,21
16,22
16,23
16,24
16,25
16,26
16,27
16,28
16,29
16,30
16,31
16,32
16,33
16,34
16,35
16,36
16,37
16,38
16,39
16,40
16,41
16,42
16,43
16,44
16,45
16,46
16,47
16,48
16,49
16,50
16,51
16,52
16,53
16,54
16,55
16,56
16,57
16,58
16,59
16,60
16,61
16,62
16,63
16,64
16,65
16,66
16,67
16,68
16,69
16,70
16,71
16,72
16,73
16,74
16,75
16,76
16,77
16,78
16,79
16,80
16,81
16,82
16,83
16,84
16,85
16,86
16,87
16,88
16,89
16,90
16,91
16,92
16,93
16,94
17,18
17,19
17,20
17,21
17,22
17,23
17,24
17,25
17,26
17,27
17,28
17,29
17,30
17,31
17,32
17,33
17,34
17,35
17,36
17,37
17,38
17,39
17,40
17,41
17,42
17,43
17,44
17,45
17,46
17,47
17,48
17,49
17,50
17,51
17,52
17,53
17,54
17,55
17,56
17,57
17,58
17,59
17,60
17,61
17,62
17,63
17,64
17,65
17,66
17,67
17,68
17,69
17,70
17,71
17,72
17,73
17,74
17,75
17,76
17,77
17,78
17,79
17,80
17,81
17,82
17,83
17,84
17,85
17,86
17,87
17,88
17,89
17,90
17,91
17,92
17,93
17,94
17,95
17,96
17,101
17,103
17,104
17,105
17,106
17,111
17,113
17,115
17,116
17,117
17,118
17,119
17,120
17,122
17,123
17,124
17,126
17,127
17,128
17,130
17,132
17,134
17,137
17,139
17,141
17,145
17,147
17,148
17,150
17,154
17,155
17,157
17,158
17,162
17,164
17,165
17,169
17,171
17,172
17,176
17,177
17,178
17,182
17,185
17,187
17,188
17,190
17,194
17,199
18,19
18,20
18,21
18,22
18,23
18,24
18,25
18,26
18,27
18,28
18,29
18,30
18,31
18,32
18,33
18,34
18,35
18,36
18,37
18,38
18,39
18,40
18,41
18,42
18,43
18,44
18,45
18,46
18,47
18,48
18,49
18,50
18,51
18,52
18,53
18,54
18,55
18,56
18,57
18,58
18,59
18,60
18,61
18,62
18,63
18,64
18,65
18,66
18,67
18,68
18,69
18,70
18,71
18,72
18,73
18,74
18,75
18,76
18,77
18,78
18,79
18,80
18,81
18,82
18,83
18,84
18,85
18,86
18,87
18,88
18,89
18,90
18,91
18,92
18,93
18,94
18,95
18,96
18,101
18,103
18,104
18,105
18,106
18,111
18,113
18,115
18,116
18,117
18,118
18,119
18,120
18,122
18,123
18,124
18,126
18,127
18,128
18,130
18,132
18,134
18,137
18,139
18,141
18,145
18,147
18,148
18,150
18,154
18,155
18,157
18,158
18,162
18,164
18,165
18,169
18,171
18,172
18,176
18,177
18,178
18,182
18,185
18,187
18,188
18,190
18,194
18,199
19,20
19,21
19,22
19,23
19,24
19,25
19,26
19,27
19,28
19,29
19,30
19,31
19,32
19,33
19,34
19,35
19,36
19,37
19,38
19,39
19,40
19,41
19,42
19,43
19,44
19,45
19,46
19,47
19,48
19,49
19,50
19,51
19,52
19,53
19,54
19,55
19,56
19,57
19,58
19,59
19,60
19,61
19,62
19,63
19,64
19,65
19,66
19,67
19,68
19,69
19,70
19,71
19,72
19,73
19,74
19,75
19,76
19,77
19,78
19,79
19,80
19,81
19,82
19,83
19,84
19,85
19,86
19,87
19,88
19,89
19,90
19,91
19,92
19,93
19,94
20,21
20,22
20,23
20,24
20,25
20,26
20,27
20,28
20,29
20,30
20,31
20,32
20,33
20,34
20,35
20,36
20,37
20,38
20,39
20,40
20,41
20,42
20,43
20,44
20,45
20,46
20,47
20,48
20,49
20,50
20,51
20,52
20,53
20,54
20,55
20,56
20,57
20,58
20,59
20,60
20,61
20,62
20,63
20,64
20,65
20,66
20,67
20,68
20,69
20,70
20,71
20,72
20,73
20,74
20,75
20,76
20,77
20,78
20,79
20,80
20,81
20,82
20,83
20,84
20,85
20,86
20,87
20,88
20,89
20,90
20,91
20,92
20,93
20,94
21,22
21,23
21,24
21,25
21,26
21,27
21,28
21,29
21,30
21,31
21,32
21,33
21,34
21,35
21,36
21,37
21,38
21,39
21,40
21,41
21,42
21,43
21,44
21,45
21,46
21,47
21,48
21,49
21,50
21,51
21,52
21,53
21,54
21,55
21,56
21,57
21,58
21,59
21,60
21,61
21,62
21,63
21,64
21,65
21,66
21,67
21,68
21,69
21,70
21,71
21,72
21,73
21,74
21,75
21,76
21,77
21,78
21,79
21,80
21,81
21,82
21,83
21,84
21,85
21,86
21,87
21,88
21,89
21,90
21,91
21,92
21,93
21,94
21,95
21,96
21,101
21,103
21,104
21,105
21,106
21,111
21,113
21,115
21,116
21,117
21,118
21,119
21,120
21,122
21,123
21,124
21,126
21,127
21,128
21,130
21,132
21,134
21,137
21,139
21,141
21,145
21,147
21,148
21,150
21,154
21,155
21,157
21,158
21,162
21,164
21,165
21,169
21,171
21,172
21,176
21,177
21,178
21,182
21,185
21,187
21,188
21,190
21,194
21,199
22,23
22,24
22,25
22,26
22,27
22,28
22,29
22,30
22,31
22,32
22,33
22,34
22,35
22,36
22,37
22,38
22,39
22,40
22,41
22,42
22,43
22,44
22,45
22,46
22,47
22,48
22,49
22,50
22,51
22,52
22,53
22,54
22,55
22,56
22,57
22,58
22,59
22,60
22,61
22,62
22,63
22,64
22,65
22,66
22,67
22,68
22,69
22,70
22,71
22,72
22,73
22,74
22,75
22,76
22,77
22,78
22,79
22,80
22,81
22,82
22,83
22,84
22,85
22,86
22,87
22,88
22,89
22,90
22,91
22,92
22,93
22,94
22,95
22,96
22,101
22,103
22,104
22,105
22,106
22,111
22,113
22,115
22,116
22,117
22,118
22,119
22,120
22,122
22,123
22,124
22,126
22,127
22,128
22,130
22,132
22,134
22,137
22,139
22,141
22,145
22,147
22,148
22,150
22,154
22,155
22,157
22,158
22,162
22,164
22,165
22,169
22,171
22,172
22,176
22,177
22,178
22,182
22,185
22,187
22,188
22,190
22,194
22,199
23,24
23,25
23,26
23,27
23,28
23,29
23,30
23,31
23,32
23,33
23,34
23,35
23,36
23,37
23,38
23,39
23,40
23,41
23,42
23,43
23,44
23,45
23,46
23,47
23,48
23,49
23,50
23,51
23,52
23,53
23,54
23,55
23,56
23,57
23,58
23,59
23,60
23,61
23,62
23,63
23,64
23,65
23,66
23,67
23,68
23,69
23,70
23,71
23,72
23,73
23,74
23,75
23,76
23,77
23,78
23,79
23,80
23,81
23,82
23,83
23,84
23,85
23,86
23,87
23,88
23,89
23,90
23,91
23,92
23,93
23,94
24,25
24,26
24,27
24,28
24,29
24,30
24,31
24,32
24,33
24,34
24,35
24,36
24,37
24,38
24,39
24,40
24,41
24,42
24,43
24,44
24,45
24,46
24,47
24,48
24,49
24,50
24,51
24,52
24,53
24,54
24,55
24,56
24,57
24,58
24,59
24,60
24,61
24,62
24,63
24,64
24,65
24,66
24,67
24,68
24,69
24,70
24,71
24,72
24,73
24,74
24,75
24,76
24,77
24,78
24,79
24,80
24,81
24,82
24,83
24,84
24,85
24,86
24,87
24,88
24,89
24,90
24,91
24,92
24,93
24,94
25,26
25,27
25,28
25,29
25,30
25,31
25,32
25,33
25,34
25,35
25,36
25,37
25,38
25,39
25,40
25,41
25,42
25,43
25,44
25,45
25,46
25,47
25,48
25,49
25,50
25,51
25,52
25,53
25,54
25,55
25,56
25,57
25,58
25,59
25,60
25,61
25,62
25,63
25,64
25,65
25,66
25,67
25,68
25,69
25,70
25,71
25,72
25,73
25,74
25,75
25,76
25,77
25,78
25,79
25,80
25,81
25,82
25,83
25,84
25,85
25,86
25,87
25,88
25,89
25,90
25,91
25,92
25,93
25,94
25,95
25,96
25,101
25,103
25,104
25,105
25,106
25,111
25,113
25,115
25,116
25,117
25,118
25,119
25,120
25,122
25,123
25,124
25,126
25,127
25,128
25,130
25,132
25,134
25,137
25,139
25,141
25,145
25,147
25,148
25,150
25,154
25,155
25,157
25,158
25,162
25,164
25,165
25,169
25,171
25,172
25,176
25,177
25,178
25,182
25,185
25,187
25,188
25,190
25,194
25,199
26,27
26,28
26,29
26,30
26,31
26,32
26,33
26,34
26,35
26,36
26,37
26,38
26,39
26,40
26,41
26,42
26,43
26,44
26,45
26,46
26,47
26,48
26,49
26,50
26,51
26,52
26,53
26,54
26,55
26,56
26,57
26,58
26,59
26,60
26,61
26,62
26,63
26,64
26,65
26,66
26,67
26,68
26,69
26,70
26,71
26,72
26,73
26,74
26,75
26,76
26,77
26,78
26,79
26,80
26,81
26,82
26,83
26,84
26,85
26,86
26,87
26,88
26,89
26,90
26,91
26,92
26,93
26,94
26,95
26,96
26,101
26,103
26,104
26,105
26,106
26,111
26,113
26,115
26,116
26,117
26,118
26,119
26,120
26,122
26,123
26,124
26,126
26,127
26,128
26,130
26,132
26,134
26,137
26,139
26,141
26,145
26,147
26,148
26,150
26,154
26,155
26,157
26,158
26,162
26,164
26,165
26,169
26,171
26,172
26,176
26,177
26,178
26,182
26,185
26,187
26,188
26,190
26,194
26,199
27,28
27,29
27,30
27,31
27,32
27,33
27,34
27,35
27,36
27,37
27,38
27,39
27,40
27,41
27,42
27,43
27,44
27,45
27,46
27,47
27,48
27,49
27,50
27,51
27,52
27,53
27,54
27,55
27,56
27,57
27,58
27,59
27,60
27,61
27,62
27,63
27,64
27,65
27,66
27,67
27,68
27,69
27,70
27,71
27,72
27,73
27,74
27,75
27,76
27,77
27,78
27,79
27,80
27,81
27,82
27,83
27,84
27,85
27,86
27,87
27,88
27,89
27,90
27,91
27,92
27,93
27,94
28,29
28,30
28,31
28,32
28,33
28,34
28,35
28,36
28,37
28,38
28,39
28,40
28,41
28,42
28,43
28,44
28,45
28,46
28,47
28,48
28,49
28,50
28,51
28,52
28,53
28,54
28,55
28,56
28,57
28,58
28,59
28,60
28,61
28,62
28,63
28,64
28,65
28,66
28,67
28,68
28,69
28,70
28,71
28,72
28,73
28,74
28,75
28,76
28,77
28,78
28,79
28,80
28,81
28,82
28,83
28,84
28,85
28,86
28,87
28,88
28,89
28,90
28,91
28,92
28,93
28,94
28,165
28,168
28,176
28,177
28,180
28,184
28,185
28,186
28,193
28,198
28,199
29,30
29,31
29,32
29,33
29,34
29,35
29,36
29,37
29,38
29,39
29,40
29,41
29,42
29,43
29,44
29,45
29,46
29,47
29,48
29,49
29,50
29,51
29,52
29,53
29,54
29,55
29,56
29,57
29,58
29,59
29,60
29,61
29,62
29,63
29,64
29,65
29,66
29,67
29,68
29,69
29,70
29,71
29,72
29,73
29,74
29,75
29,76
29,77
29,78
29,79
29,80
29,81
29,82
29,83
29,84
29,85
29,86
29,87
29,88
29,89
29,90
29,91
29,92
29,93
29,94
29,126
29,134
29,135
29,137
29,146
29,149
29,156
29,157
29,158
29,159
29,160
29,161
29,162
29,165
29,166
29,168
29,170
29,176
29,177
29,178
29,179
29,181
29,182
29,184
29,186
29,187
29,188
29,191
29,192
29,193
29,194
29,195
29,196
29,198
29,199
30,31
30,32
30,33
30,34
30,35
30,36
30,37
30,38
30,39
30,40
30,41
30,42
30,43
30,44
30,45
30,46
30,47
30,48
30,49
30,50
30,51
30,52
30,53
30,54
30,55
30,56
30,57
30,58
30,59
30,60
30,61
30,62
30,63
30,64
30,65
30,66
30,67
30,68
30,69
30,70
30,71
30,72
30,73
30,74
30,75
30,76
30,77
30,78
30,79
30,80
30,81
30,82
30,83
30,84
30,85
30,86
30,87
30,88
30,89
30,90
30,91
30,92
30,93
30,94
30,95
30,96
30,101
30,103
30,104
30,105
30,106
30,111
30,113
30,115
30,116
30,117
30,118
30,119
30,120
30,122
30,123
30,124
30,126
30,127
30,128
30,130
30,132
30,134
30,137
30,139
30,141
30,145
30,147
30,148
30,150
30,154
30,155
30,157
30,158
30,161
30,162
30,164
30,165
30,169
30,171
30,172
30,176
30,177
30,178
30,182
30,185
30,187
30,188
30,190
30,194
30,199
31,32
31,33
31,34
31,35
31,36
31,37
31,38
31,39
31,40
31,41
31,42
31,43
31,44
31,45
31,46
31,47
31,48
31,49
31,50
31,51
31,52
31,53
31,54
31,55
31,56
31,57
31,58
31,59
31,60
31,61
31,62
31,63
31,64
31,65
31,66
31,67
31,68
31,69
31,70
31,71
31,72
31,73
31,74
31,75
31,76
31,77
31,78
31,79
31,80
31,81
31,82
31,83
31,84
31,85
31,86
31,87
31,88
31,89
31,90
31,91
31,92
31,93
31,94
32,33
32,34
32,35
32,36
32,37
32,38
32,39
32,40
32,41
32,42
32,43
32,44
32,45
32,46
32,47
32,48
32,49
32,50
32,51
32,52
32,53
32,54
32,55
32,56
32,57
32,58
32,59
32,60
32,61
32,62
32,63
32,64
32,65
32,66
32,67
32,68
32,69
32,70
32,71
32,72
32,73
32,74
32,75
32,76
32,77
32,78
32,79
32,80
32,81
32,82
32,83
32,84
32,85
32,86
32,87
32,88
32,89
32,90
32,91
32,92
32,93
32,94
33,34
33,35
33,36
33,37
33,38
33,39
33,40
33,41
33,42
33,43
33,44
33,45
33,46
33,47
33,48
33,49
33,50
33,51
33,52
33,53
33,54
33,55
33,56
33,57
33,58
33,59
33,60
33,61
33,62
33,63
33,64
33,65
33,66
33,67
33,68
33,69
33,70
33,71
33,72
33,73
33,74
33,75
33,76
33,77
33,78
33,79
33,80
33,81
33,82
33,83
33,84
33,85
33,86
33,87
33,88
33,89
33,90
33,91
33,92
33,93
33,94
33,95
33,96
33,101
33,103
33,104
33,105
33,106
33,111
33,113
33,115
33,116
33,117
33,118
33,119
33,120
33,122
33,123
33,124
33,126
33,127
33,128
33,130
33,132
33,134
33,137
33,139
33,141
33,145
33,147
33,148
33,150
33,154
33,155
33,157
33,158
33,162
33,164
33,165
33,169
33,171
33,172
33,176
33,177
33,178
33,182
33,185
33,187
33,188
33,190
33,194
33,199
34,35
34,36
34,37
34,38
34,39
34,40
34,41
34,42
34,43
34,44
34,45
34,46
34,47
34,48
34,49
34,50
34,51
34,52
34,53
34,54
34,55
34,56
34,57
34,58
34,59
34,60
34,61
34,62
34,63
34,64
34,65
34,66
34,67
34,68
34,69
34,70
34,71
34,72
34,73
34,74
34,75
34,76
34,77
34,78
34,79
34,80
34,81
34,82
34,83
34,84
34,85
34,86
34,87
34,88
34,89
34,90
34,91
34,92
34,93
34,94
35,36
35,37
35,38
35,39
35,40
35,41
35,42
35,43
35,44
35,45
35,46
35,47
35,48
35,49
35,50
35,51
35,52
35,53
35,54
35,55
35,56
35,57
35,58
35,59
35,60
35,61
35,62
35,63
35,64
35,65
35,66
35,67
35,68
35,69
35,70
35,71
35,72
35,73
35,74
35,75
35,76
35,77
35,78
35,79
35,80
35,81
35,82
35,83
35,84
35,85
35,86
35,87
35,88
35,89
35,90
35,91
35,92
35,93
35,94
36,37
36,38
36,39
36,40
36,41
36,42
36,43
36,44
36,45
36,46
36,47
36,48
36,49
36,50
36,51
36,52
36,53
36,54
36,55
36,56
36,57
36,58
36,59
36,60
36,61
36,62
36,63
36,64
36,65
36,66
36,67
36,68
36,69
36,70
36,71
36,72
36,73
36,74
36,75
36,76
36,77
36,78
36,79
36,80
36,81
36,82
36,83
36,84
36,85
36,86
36,87
36,88
36,89
36,90
36,91
36,92
36,93
36,94
37,38
37,39
37,40
37,41
37,42
37,43
37,44
37,45
37,46
37,47
37,48
37,49
37,50
37,51
37,52
37,53
37,54
37,55
37,56
37,57
37,58
37,59
37,60
37,61
37,62
37,63
37,64
37,65
37,66
37,67
37,68
37,69
37,70
37,71
37,72
37,73
37,74
37,75
37,76
37,77
37,78
37,79
37,80
37,81
37,82
37,83
37,84
37,85
37,86
37,87
37,88
37,89
37,90
37,91
37,92
37,93
37,94
37,161
37,163
37,167
37,170
37,176
37,177
37,178
37,187
37,188
37,194
37,195
37,197
37,199
38,39
38,40
38,41
38,42
38,43
38,44
38,45
38,46
38,47
38,48
38,49
38,50
38,51
38,52
38,53
38,54
38,55
38,56
38,57
38,58
38,59
38,60
38,61
38,62
38,63
38,64
38,65
38,66
38,67
38,68
38,69
38,70
38,71
38,72
38,73
38,74
38,75
38,76
38,77
38,78
38,79
38,80
38,81
38,82
38,83
38,84
38,85
38,86
38,87
38,88
38,89
38,90
38,91
38,92
38,93
38,94
38,95
38,96
38,101
38,103
38,104
38,105
38,106
38,111
38,113
38,115
38,116
38,117
38,118
38,119
38,120
38,122
38,123
38,124
38,126
38,127
38,128
38,130
38,132
38,134
38,137
38,139
38,141
38,145
38,147
38,148
38,150
38,154
38,155
38,157
38,158
38,162
38,164
38,165
38,169
38,171
38,172
38,176
38,177
38,178
38,182
38,185
38,187
38,188
38,190
38,194
38,199
39,40
39,41
39,42
39,43
39,44
39,45
39,46
39,47
39,48
39,49
39,50
39,51
39,52
39,53
39,54
39,55
39,56
39,57
39,58
39,59
39,60
39,61
39,62
39,63
39,64
39,65
39,66
39,67
39,68
39,69
39,70
39,71
39,72
39,73
39,74
39,75
39,76
39,77
39,78
39,79
39,80
39,81
39,82
39,83
39,84
39,85
39,86
39,87
39,88
39,89
39,90
39,91
39,92
39,93
39,94
39,178
40,41
40,42
40,43
40,44
40,45
40,46
40,47
40,48
40,49
40,50
40,51
40,52
40,53
40,54
40,55
40,56
40,57
40,58
40,59
40,60
40,61
40,62
40,63
40,64
40,65
40,66
40,67
40,68
40,69
40,70
40,71
40,72
40,73
40,74
40,75
40,76
40,77
40,78
40,79
40,80
40,81
40,82
40,83
40,84
40,85
40,86
40,87
40,88
40,89
40,90
40,91
40,92
40,93
40,94
40,134
40,135
40,136
40,138
40,142
40,147
40,148
41,42
41,43
41,44
41,45
41,46
41,47
41,48
41,49
41,50
41,51
41,52
41,53
41,54
41,55
41,56
41,57
41,58
41,59
41,60
41,61
41,62
41,63
41,64
41,65
41,66
41,67
41,68
41,69
41,70
41,71
41,72
41,73
41,74
41,75
41,76
41,77
41,78
41,79
41,80
41,81
41,82
41,83
41,84
41,85
41,86
41,87
41,88
41,89
41,90
41,91
41,92
41,93
41,94
41,95
41,96
41,101
41,103
41,104
41,105
41,106
41,111
41,113
41,115
41,116
41,117
41,118
41,119
41,120
41,122
41,123
41,124
41,126
41,127
41,128
41,130
41,132
41,134
41,137
41,139
41,141
41,145
41,147
41,148
41,150
41,154
41,155
41,157
41,158
41,162
41,164
41,165
41,169
41,171
41,172
41,176
41,177
41,178
41,182
41,185
41,187
41,188
41,190
41,194
41,199
42,43
42,44
42,45
42,46
42,47
42,48
42,49
42,50
42,51
42,52
42,53
42,54
42,55
42,56
42,57
42,58
42,59
42,60
42,61
42,62
42,63
42,64
42,65
42,66
42,67
42,68
42,69
42,70
42,71
42,72
42,73
42,74
42,75
42,76
42,77
42,78
42,79
42,80
42,81
42,82
42,83
42,84
42,85
42,86
42,87
42,88
42,89
42,90
42,91
42,92
42,93
42,94
42,132
42,133
42,134
42,135
42,137
42,138
42,146
42,149
42,151
42,158
42,160
42,162
43,44
43,45
43,46
43,47
43,48
43,49
43,50
43,51
43,52
43,53
43,54
43,55
43,56
43,57
43,58
43,59
43,60
43,61
43,62
43,63
43,64
43,65
43,66
43,67
43,68
43,69
43,70
43,71
43,72
43,73
43,74
43,75
43,76
43,77
43,78
43,79
43,80
43,81
43,82
43,83
43,84
43,85
43,86
43,87
43,88
43,89
43,90
43,91
43,92
43,93
43,94
43,95
43,96
43,101
43,103
43,104
43,105
43,106
43,111
43,113
43,115
43,116
43,117
43,118
43,119
43,120
43,122
43,123
43,124
43,126
43,127
43,128
43,130
43,132
43,134
43,137
43,139
43,141
43,145
43,146
43,147
43,148
43,149
43,150
43,152
43,154
43,155
43,157
43,158
43,162
43,163
43,164
43,165
43,166
43,167
43,168
43,169
43,170
43,171
43,172
43,173
43,175
43,176
43,177
43,178
43,181
43,182
43,185
43,187
43,188
43,190
43,194
43,198
43,199
44,45
44,46
44,47
44,48
44,49
44,50
44,51
44,52
44,53
44,54
44,55
44,56
44,57
44,58
44,59
44,60
44,61
44,62
44,63
44,64
44,65
44,66
44,67
44,68
44,69
44,70
44,71
44,72
44,73
44,74
44,75
44,76
44,77
44,78
44,79
44,80
44,81
44,82
44,83
44,84
44,85
44,86
44,87
44,88
44,89
44,90
44,91
44,92
44,93
44,94
44,127
44,128
44,129
44,133
44,134
44,136
44,137
44,139
44,142
44,143
44,144
44,145
44,147
44,148
44,149
44,151
44,153
44,159
44,161
44,163
44,168
44,170
44,173
44,175
44,181
44,182
44,183
44,192
45,46
45,47
45,48
45,49
45,50
45,51
45,52
45,53
45,54
45,55
45,56
45,57
45,58
45,59
45,60
45,61
45,62
45,63
45,64
45,65
45,66
45,67
45,68
45,69
45,70
45,71
45,72
45,73
45,74
45,75
45,76
45,77
45,78
45,79
45,80
45,81
45,82
45,83
45,84
45,85
45,86
45,87
45,88
45,89
45,90
45,91
45,92
45,93
45,94
45,128
45,129
45,131
45,134
45,135
45,136
45,137
45,138
45,139
45,142
45,143
45,144
45,145
45,146
45,147
45,148
45,149
45,151
45,152
45,158
45,159
45,166
46,47
46,48
46,49
46,50
46,51
46,52
46,53
46,54
46,55
46,56
46,57
46,58
46,59
46,60
46,61
46,62
46,63
46,64
46,65
46,66
46,67
46,68
46,69
46,70
46,71
46,72
46,73
46,74
46,75
46,76
46,77
46,78
46,79
46,80
46,81
46,82
46,83
46,84
46,85
46,86
46,87
46,88
46,89
46,90
46,91
46,92
46,93
46,94
46,95
46,96
46,101
46,103
46,104
46,105
46,106
46,111
46,113
46,115
46,116
46,117
46,118
46,119
46,120
46,122
46,123
46,124
46,126
46,127
46,128
46,130
46,132
46,134
46,137
46,139
46,141
46,145
46,147
46,148
46,150
46,154
46,155
46,157
46,158
46,162
46,164
46,165
46,166
46,169
46,171
46,172
46,176
46,177
46,178
46,182
46,185
46,187
46,188
46,190
46,194
46,199
47,48
47,49
47,50
47,51
47,52
47,53
47,54
47,55
47,56
47,57
47,58
47,59
47,60
47,61
47,62
47,63
47,64
47,65
47,66
47,67
47,68
47,69
47,70
47,71
47,72
47,73
47,74
47,75
47,76
47,77
47,78
47,79
47,80
47,81
47,82
47,83
47,84
47,85
47,86
47,87
47,88
47,89
47,90
47,91
47,92
47,93
47,94
47,95
47,96
47,101
47,103
47,104
47,105
47,106
47,111
47,113
47,115
47,116
47,117
47,118
47,119
47,120
47,122
47,123
47,124
47,126
47,127
47,128
47,130
47,132
47,134
47,137
47,139
47,141
47,145
47,147
47,148
47,150
47,154
47,155
47,157
47,158
47,162
47,164
47,165
47,169
47,171
47,172
47,176
47,177
47,178
47,182
47,183
47,185
47,187
47,188
47,189
47,190
47,191
47,192
47,194
47,199
48,49
48,50
48,51
48,52
48,53
48,54
48,55
48,56
48,57
48,58
48,59
48,60
48,61
48,62
48,63
48,64
48,65
48,66
48,67
48,68
48,69
48,70
48,71
48,72
48,73
48,74
48,75
48,76
48,77
48,78
48,79
48,80
48,81
48,82
48,83
48,84
48,85
48,86
48,87
48,88
48,89
48,90
48,91
48,92
48,93
48,94
48,135
48,136
48,139
48,140
48,145
48,146
49,50
49,51
49,52
49,53
49,54
49,55
49,56
49,57
49,58
49,59
49,60
49,61
49,62
49,63
49,64
49,65
49,66
49,67
49,68
49,69
49,70
49,71
49,72
49,73
49,74
49,75
49,76
49,77
49,78
49,79
49,80
49,81
49,82
49,83
49,84
49,85
49,86
49,87
49,88
49,89
49,90
49,91
49,92
49,93
49,94
49,129
49,131
49,134
49,135
49,136
49,140
49,141
49,142
49,143
49,144
49,145
49,146
49,147
49,151
49,152
49,153
49,155
49,156
49,159
49,161
49,163
49,165
49,166
49,174
49,177
49,183
49,186
49,192
50,51
50,52
50,53
50,54
50,55
50,56
50,57
50,58
50,59
50,60
50,61
50,62
50,63
50,64
50,65
50,66
50,67
50,68
50,69
50,70
50,71
50,72
50,73
50,74
50,75
50,76
50,77
50,78
50,79
50,80
50,81
50,82
50,83
50,84
50,85
50,86
50,87
50,88
50,89
50,90
50,91
50,92
50,93
50,94
51,52
51,53
51,54
51,55
51,56
51,57
51,58
51,59
51,60
51,61
51,62
51,63
51,64
51,65
51,66
51,67
51,68
51,69
51,70
51,71
51,72
51,73
51,74
51,75
51,76
51,77
51,78
51,79
51,80
51,81
51,82
51,83
51,84
51,85
51,86
51,87
51,88
51,89
51,90
51,91
51,92
51,93
51,94
52,53
52,54
52,55
52,56
52,57
52,58
52,59
52,60
52,61
52,62
52,63
52,64
52,65
52,66
52,67
52,68
52,69
52,70
52,71
52,72
52,73
52,74
52,75
52,76
52,77
52,78
52,79
52,80
52,81
52,82
52,83
52,84
52,85
52,86
52,87
52,88
52,89
52,90
52,91
52,92
52,93
52,94
53,54
53,55
53,56
53,57
53,58
53,59
53,60
53,61
53,62
53,63
53,64
53,65
53,66
53,67
53,68
53,69
53,70
53,71
53,72
53,73
53,74
53,75
53,76
53,77
53,78
53,79
53,80
53,81
53,82
53,83
53,84
53,85
53,86
53,87
53,88
53,89
53,90
53,91
53,92
53,93
53,94
54,55
54,56
54,57
54,58
54,59
54,60
54,61
54,62
54,63
54,64
54,65
54,66
54,67
54,68
54,69
54,70
54,71
54,72
54,73
54,74
54,75
54,76
54,77
54,78
54,79
54,80
54,81
54,82
54,83
54,84
54,85
54,86
54,87
54,88
54,89
54,90
54,91
54,92
54,93
54,94
54,144
54,147
54,148
54,151
54,152
54,153
54,154
54,156
54,157
54,158
54,159
54,160
54,163
54,166
54,168
54,171
54,181
54,182
54,185
54,186
54,187
54,189
54,195
54,198
54,199
55,56
55,57
55,58
55,59
55,60
55,61
55,62
55,63
55,64
55,65
55,66
55,67
55,68
55,69
55,70
55,71
55,72
55,73
55,74
55,75
55,76
55,77
55,78
55,79
55,80
55,81
55,82
55,83
55,84
55,85
55,86
55,87
55,88
55,89
55,90
55,91
55,92
55,93
55,94
55,95
55,96
55,101
55,103
55,104
55,105
55,106
55,111
55,113
55,115
55,116
55,117
55,118
55,119
55,120
55,122
55,123
55,124
55,126
55,127
55,128
55,130
55,132
55,134
55,137
55,139
55,141
55,145
55,147
55,148
55,150
55,154
55,155
55,157
55,158
55,162
55,164
55,165
55,169
55,171
55,172
55,176
55,177
55,178
55,182
55,185
55,187
55,188
55,190
55,194
55,199
56,57
56,58
56,59
56,60
56,61
56,62
56,63
56,64
56,65
56,66
56,67
56,68
56,69
56,70
56,71
56,72
56,73
56,74
56,75
56,76
56,77
56,78
56,79
56,80
56,81
56,82
56,83
56,84
56,85
56,86
56,87
56,88
56,89
56,90
56,91
56,92
56,93
56,94
57,58
57,59
57,60
57,61
57,62
57,63
57,64
57,65
57,66
57,67
57,68
57,69
57,70
57,71
57,72
57,73
57,74
57,75
57,76
57,77
57,78
57,79
57,80
57,81
57,82
57,83
57,84
57,85
57,86
57,87
57,88
57,89
57,90
57,91
57,92
57,93
57,94
57,95
57,96
57,101
57,103
57,104
57,105
57,106
57,111
57,113
57,115
57,116
57,117
57,118
57,119
57,120
57,122
57,123
57,124
57,126
57,127
57,128
57,130
57,132
57,134
57,137
57,139
57,141
57,145
57,147
57,148
57,150
57,154
57,155
57,157
57,158
57,162
57,164
57,165
57,169
57,171
57,172
57,176
57,177
57,178
57,182
57,185
57,187
57,188
57,190
57,194
57,199
58,59
58,60
58,61
58,62
58,63
58,64
58,65
58,66
58,67
58,68
58,69
58,70
58,71
58,72
58,73
58,74
58,75
58,76
58,77
58,78
58,79
58,80
58,81
58,82
58,83
58,84
58,85
58,86
58,87
58,88
58,89
58,90
58,91
58,92
58,93
58,94
58,95
58,96
58,101
58,103
58,104
58,105
58,106
58,111
58,113
58,115
58,116
58,117
58,118
58,119
58,120
58,122
58,123
58,124
58,126
58,127
58,128
58,130
58,132
58,134
58,137
58,139
58,141
58,145
58,147
58,148
58,150
58,154
58,155
58,157
58,158
58,162
58,164
58,165
58,169
58,171
58,172
58,176
58,177
58,178
58,182
58,185
58,187
58,188
58,190
58,194
58,199
59,60
59,61
59,62
59,63
59,64
59,65
59,66
59,67
59,68
59,69
59,70
59,71
59,72
59,73
59,74
59,75
59,76
59,77
59,78
59,79
59,80
59,81
59,82
59,83
59,84
59,85
59,86
59,87
59,88
59,89
59,90
59,91
59,92
59,93
59,94
60,61
60,62
60,63
60,64
60,65
60,66
60,67
60,68
60,69
60,70
60,71
60,72
60,73
60,74
60,75
60,76
60,77
60,78
60,79
60,80
60,81
60,82
60,83
60,84
60,85
60,86
60,87
60,88
60,89
60,90
60,91
60,92
60,93
60,94
60,95
60,96
60,101
60,103
60,104
60,105
60,106
60,111
60,113
60,115
60,116
60,117
60,118
60,119
60,120
60,122
60,123
60,124
60,126
60,127
60,128
60,130
60,132
60,134
60,137
60,139
60,141
60,145
60,147
60,148
60,150
60,154
60,155
60,157
60,158
60,162
60,164
60,165
60,169
60,171
60,172
60,176
60,177
60,178
60,182
60,185
60,187
60,188
60,190
60,194
60,199
61,62
61,63
61,64
61,65
61,66
61,67
61,68
61,69
61,70
61,71
61,72
61,73
61,74
61,75
61,76
61,77
61,78
61,79
61,80
61,81
61,82
61,83
61,84
61,85
61,86
61,87
61,88
61,89
61,90
61,91
61,92
61,93
61,94
61,160
61,162
61,166
61,167
61,168
61,171
61,172
61,173
61,174
61,179
61,182
61,183
61,184
61,188
61,192
61,193
61,196
61,197
61,198
62,63
62,64
62,65
62,66
62,67
62,68
62,69
62,70
62,71
62,72
62,73
62,74
62,75
62,76
62,77
62,78
62,79
62,80
62,81
62,82
62,83
62,84
62,85
62,86
62,87
62,88
62,89
62,90
62,91
62,92
62,93
62,94
62,132
62,135
62,137
62,138
62,139
62,140
62,141
62,143
62,144
62,146
62,147
62,148
62,150
62,151
62,152
62,153
62,154
62,156
62,157
62,158
62,159
62,160
62,161
62,164
63,64
63,65
63,66
63,67
63,68
63,69
63,70
63,71
63,72
63,73
63,74
63,75
63,76
63,77
63,78
63,79
63,80
63,81
63,82
63,83
63,84
63,85
63,86
63,87
63,88
63,89
63,90
63,91
63,92
63,93
63,94
63,95
63,96
63,101
63,103
63,104
63,105
63,106
63,111
63,113
63,115
63,116
63,117
63,118
63,119
63,120
63,122
63,123
63,124
63,126
63,127
63,128
63,130
63,132
63,134
63,137
63,139
63,141
63,145
63,147
63,148
63,150
63,154
63,155
63,157
63,158
63,162
63,164
63,165
63,169
63,171
63,172
63,176
63,177
63,178
63,182
63,185
63,187
63,188
63,190
63,194
63,199
64,65
64,66
64,67
64,68
64,69
64,70
64,71
64,72
64,73
64,74
64,75
64,76
64,77
64,78
64,79
64,80
64,81
64,82
64,83
64,84
64,85
64,86
64,87
64,88
64,89
64,90
64,91
64,92
64,93
64,94
64,176
64,181
64,182
64,184
64,185
64,194
65,66
65,67
65,68
65,69
65,70
65,71
65,72
65,73
65,74
65,75
65,76
65,77
65,78
65,79
65,80
65,81
65,82
65,83
65,84
65,85
65,86
65,87
65,88
65,89
65,90
65,91
65,92
65,93
65,94
65,95
65,96
65,101
65,103
65,104
65,105
65,106
65,111
65,113
65,115
65,116
65,117
65,118
65,119
65,120
65,122
65,123
65,124
65,126
65,127
65,128
65,130
65,132
65,134
65,137
65,139
65,141
65,145
65,147
65,148
65,150
65,154
65,155
65,157
65,158
65,162
65,164
65,165
65,167
65,169
65,171
65,172
65,173
65,175
65,176
65,177
65,178
65,179
65,180
65,181
65,182
65,183
65,184
65,185
65,187
65,188
65,189
65,190
65,191
65,192
65,194
65,196
65,199
66,67
66,68
66,69
66,70
66,71
66,72
66,73
66,74
66,75
66,76
66,77
66,78
66,79
66,80
66,81
66,82
66,83
66,84
66,85
66,86
66,87
66,88
66,89
66,90
66,91
66,92
66,93
66,94
66,95
66,96
66,101
66,103
66,104
66,105
66,106
66,111
66,113
66,115
66,116
66,117
66,118
66,119
66,120
66,122
66,123
66,124
66,126
66,127
66,128
66,130
66,132
66,134
66,137
66,139
66,141
66,145
66,147
66,148
66,150
66,154
66,155
66,157
66,158
66,162
66,164
66,165
66,169
66,171
66,172
66,176
66,177
66,178
66,182
66,185
66,187
66,188
66,190
66,194
66,199
67,68
67,69
67,70
67,71
67,72
67,73
67,74
67,75
67,76
67,77
67,78
67,79
67,80
67,81
67,82
67,83
67,84
67,85
67,86
67,87
67,88
67,89
67,90
67,91
67,92
67,93
67,94
67,156
67,159
67,160
67,162
67,166
67,167
67,169
67,177
67,179
67,182
67,183
67,184
67,191
67,193
67,194
67,195
67,196
68,69
68,70
68,71
68,72
68,73
68,74
68,75
68,76
68,77
68,78
68,79
68,80
68,81
68,82
68,83
68,84
68,85
68,86
68,87
68,88
68,89
68,90
68,91
68,92
68,93
68,94
68,132
68,134
68,135
68,139
69,70
69,71
69,72
69,73
69,74
69,75
69,76
69,77
69,78
69,79
69,80
69,81
69,82
69,83
69,84
69,85
69,86
69,87
69,88
69,89
69,90
69,91
69,92
69,93
69,94
69,95
69,96
69,101
69,103
69,104
69,105
69,106
69,111
69,113
69,115
69,116
69,117
69,118
69,119
69,120
69,122
69,123
69,124
69,126
69,127
69,128
69,130
69,132
69,134
69,137
69,139
69,141
69,142
69,143
69,145
69,147
69,148
69,150
69,153
69,154
69,155
69,157
69,158
69,160
69,162
69,163
69,164
69,165
69,166
69,169
69,171
69,172
69,173
69,175
69,176
69,177
69,178
69,179
69,180
69,181
69,182
69,184
69,185
69,187
69,188
69,189
69,190
69,192
69,193
69,194
69,195
69,196
69,199
70,71
70,72
70,73
70,74
70,75
70,76
70,77
70,78
70,79
70,80
70,81
70,82
70,83
70,84
70,85
70,86
70,87
70,88
70,89
70,90
70,91
70,92
70,93
70,94
70,95
70,96
70,101
70,103
70,104
70,105
70,106
70,111
70,113
70,115
70,116
70,117
70,118
70,119
70,120
70,122
70,123
70,124
70,126
70,127
70,128
70,130
70,132
70,134
70,137
70,139
70,141
70,145
70,147
70,148
70,150
70,154
70,155
70,157
70,158
70,162
70,164
70,165
70,169
70,171
70,172
70,176
70,177
70,178
70,182
70,185
70,187
70,188
70,190
70,194
70,199
71,72
71,73
71,74
71,75
71,76
71,77
71,78
71,79
71,80
71,81
71,82
71,83
71,84
71,85
71,86
71,87
71,88
71,89
71,90
71,91
71,92
71,93
71,94
72,73
72,74
72,75
72,76
72,77
72,78
72,79
72,80
72,81
72,82
72,83
72,84
72,85
72,86
72,87
72,88
72,89
72,90
72,91
72,92
72,93
72,94
72,95
72,96
72,101
72,103
72,104
72,105
72,106
72,111
72,113
72,115
72,116
72,117
72,118
72,119
72,120
72,122
72,123
72,124
72,126
72,127
72,128
72,130
72,132
72,134
72,137
72,139
72,141
72,145
72,147
72,148
72,150
72,154
72,155
72,157
72,158
72,162
72,164
72,165
72,169
72,171
72,172
72,176
72,177
72,178
72,182
72,185
72,187
72,188
72,190
72,194
72,199
73,74
73,75
73,76
73,77
73,78
73,79
73,80
73,81
73,82
73,83
73,84
73,85
73,86
73,87
73,88
73,89
73,90
73,91
73,92
73,93
73,94
73,95
73,96
73,101
73,103
73,104
73,105
73,106
73,111
73,113
73,115
73,116
73,117
73,118
73,119
73,120
73,122
73,123
73,124
73,126
73,127
73,128
73,130
73,132
73,134
73,137
73,139
73,141
73,145
73,147
73,148
73,150
73,154
73,155
73,157
73,158
73,162
73,164
73,165
73,169
73,171
73,172
73,176
73,177
73,178
73,182
73,185
73,187
73,188
73,190
73,194
73,199
74,75
74,76
74,77
74,78
74,79
74,80
74,81
74,82
74,83
74,84
74,85
74,86
74,87
74,88
74,89
74,90
74,91
74,92
74,93
74,94
74,185
74,186
74,191
75,76
75,77
75,78
75,79
75,80
75,81
75,82
75,83
75,84
75,85
75,86
75,87
75,88
75,89
75,90
75,91
75,92
75,93
75,94
75,135
75,139
76,77
76,78
76,79
76,80
76,81
76,82
76,83
76,84
76,85
76,86
76,87
76,88
76,89
76,90
76,91
76,92
76,93
76,94
76,95
76,96
76,101
76,103
76,104
76,105
76,106
76,111
76,113
76,115
76,116
76,117
76,118
76,119
76,120
76,122
76,123
76,124
76,126
76,127
76,128
76,130
76,132
76,134
76,137
76,139
76,141
76,145
76,147
76,148
76,150
76,154
76,155
76,157
76,158
76,162
76,164
76,165
76,169
76,171
76,172
76,176
76,177
76,178
76,182
76,185
76,187
76,188
76,190
76,194
76,199
77,78
77,79
77,80
77,81
77,82
77,83
77,84
77,85
77,86
77,87
77,88
77,89
77,90
77,91
77,92
77,93
77,94
77,95
77,96
77,101
77,103
77,104
77,105
77,106
77,111
77,113
77,115
77,116
77,117
77,118
77,119
77,120
77,122
77,123
77,124
77,126
77,127
77,128
77,130
77,132
77,134
77,137
77,139
77,141
77,145
77,147
77,148
77,150
77,154
77,155
77,157
77,158
77,162
77,164
77,165
77,169
77,171
77,172
77,176
77,177
77,178
77,182
77,185
77,187
77,188
77,190
77,194
77,199
78,79
78,80
78,81
78,82
78,83
78,84
78,85
78,86
78,87
78,88
78,89
78,90
78,91
78,92
78,93
78,94
79,80
79,81
79,82
79,83
79,84
79,85
79,86
79,87
79,88
79,89
79,90
79,91
79,92
79,93
79,94
80,81
80,82
80,83
80,84
80,85
80,86
80,87
80,88
80,89
80,90
80,91
80,92
80,93
80,94
80,127
80,128
80,132
80,133
80,134
80,138
80,139
80,140
80,144
80,152
80,153
80,154
80,159
80,160
80,168
80,169
80,173
80,175
80,177
80,180
80,185
80,186
80,188
80,193
80,196
80,198
81,82
81,83
81,84
81,85
81,86
81,87
81,88
81,89
81,90
81,91
81,92
81,93
81,94
82,83
82,84
82,85
82,86
82,87
82,88
82,89
82,90
82,91
82,92
82,93
82,94
82,95
82,96
82,101
82,103
82,104
82,105
82,106
82,111
82,113
82,115
82,116
82,117
82,118
82,119
82,120
82,122
82,123
82,124
82,126
82,127
82,128
82,130
82,132
82,134
82,137
82,139
82,141
82,145
82,147
82,148
82,150
82,154
82,155
82,157
82,158
82,162
82,164
82,165
82,169
82,171
82,172
82,176
82,177
82,178
82,182
82,185
82,187
82,188
82,190
82,194
82,199
83,84
83,85
83,86
83,87
83,88
83,89
83,90
83,91
83,92
83,93
83,94
83,95
83,96
83,101
83,103
83,104
83,105
83,106
83,111
83,113
83,115
83,116
83,117
83,118
83,119
83,120
83,122
83,123
83,124
83,126
83,127
83,128
83,130
83,132
83,134
83,137
83,139
83,141
83,145
83,147
83,148
83,150
83,154
83,155
83,157
83,158
83,162
83,164
83,165
83,169
83,171
83,172
83,176
83,177
83,178
83,182
83,185
83,187
83,188
83,190
83,194
83,199
84,85
84,86
84,87
84,88
84,89
84,90
84,91
84,92
84,93
84,94
84,95
84,96
84,101
84,103
84,104
84,105
84,106
84,111
84,113
84,115
84,116
84,117
84,118
84,119
84,120
84,122
84,123
84,124
84,126
84,127
84,128
84,130
84,132
84,134
84,137
84,139
84,141
84,145
84,147
84,148
84,150
84,154
84,155
84,157
84,158
84,162
84,164
84,165
84,169
84,171
84,172
84,176
84,177
84,178
84,182
84,185
84,187
84,188
84,190
84,194
84,199
85,86
85,87
85,88
85,89
85,90
85,91
85,92
85,93
85,94
85,189
85,191
86,87
86,88
86,89
86,90
86,91
86,92
86,93
86,94
86,95
86,96
86,101
86,103
86,104
86,105
86,106
86,111
86,113
86,115
86,116
86,117
86,118
86,119
86,120
86,122
86,123
86,124
86,126
86,127
86,128
86,130
86,132
86,134
86,137
86,139
86,141
86,145
86,147
86,148
86,150
86,154
86,155
86,157
86,158
86,162
86,164
86,165
86,169
86,171
86,172
86,176
86,177
86,178
86,182
86,185
86,187
86,188
86,190
86,194
86,199
87,88
87,89
87,90
87,91
87,92
87,93
87,94
87,95
87,96
87,101
87,103
87,104
87,105
87,106
87,111
87,113
87,115
87,116
87,117
87,118
87,119
87,120
87,122
87,123
87,124
87,126
87,127
87,128
87,130
87,132
87,134
87,137
87,139
87,141
87,145
87,147
87,148
87,150
87,154
87,155
87,157
87,158
87,162
87,164
87,165
87,169
87,171
87,172
87,176
87,177
87,178
87,182
87,185
87,187
87,188
87,190
87,194
87,199
88,89
88,90
88,91
88,92
88,93
88,94
88,95
88,96
88,101
88,103
88,104
88,105
88,106
88,111
88,113
88,115
88,116
88,117
88,118
88,119
88,120
88,122
88,123
88,124
88,126
88,127
88,128
88,130
88,132
88,134
88,137
88,139
88,141
88,145
88,147
88,148
88,150
88,154
88,155
88,157
88,158
88,162
88,164
88,165
88,169
88,171
88,172
88,176
88,177
88,178
88,182
88,185
88,187
88,188
88,190
88,194
88,199
89,90
89,91
89,92
89,93
89,94
90,91
90,92
90,93
90,94
91,92
91,93
91,94
91,95
91,96
91,101
91,103
91,104
91,105
91,106
91,111
91,113
91,115
91,116
91,117
91,118
91,119
91,120
91,122
91,123
91,124
91,126
91,127
91,128
91,130
91,132
91,134
91,137
91,139
91,141
91,145
91,147
91,148
91,150
91,154
91,155
91,157
91,158
91,162
91,164
91,165
91,169
91,171
91,172
91,176
91,177
91,178
91,182
91,185
91,187
91,188
91,190
91,194
91,199
92,93
92,94
92,95
92,96
92,101
92,103
92,104
92,105
92,106
92,111
92,113
92,115
92,116
92,117
92,118
92,119
92,120
92,122
92,123
92,124
92,126
92,127
92,128
92,130
92,132
92,134
92,137
92,139
92,141
92,145
92,147
92,148
92,150
92,154
92,155
92,157
92,158
92,162
92,164
92,165
92,169
92,171
92,172
92,176
92,177
92,178
92,182
92,185
92,187
92,188
92,190
92,194
92,199
93,94
94,95
94,96
94,101
94,103
94,104
94,105
94,106
94,111
94,113
94,115
94,116
94,117
94,118
94,119
94,120
94,122
94,123
94,124
94,126
94,127
94,128
94,130
94,132
94,134
94,137
94,139
94,141
94,145
94,147
94,148
94,150
94,154
94,155
94,157
94,158
94,162
94,164
94,165
94,169
94,171
94,172
94,176
94,177
94,178
94,182
94,185
94,187
94,188
94,190
94,194
94,199
95,96
95,101
95,103
95,104
95,105
95,106
95,111
95,113
95,115
95,116
95,117
95,118
95,119
95,120
95,122
95,123
95,124
95,126
95,127
95,128
95,130
95,132
95,134
95,137
95,139
95,141
95,145
95,147
95,148
95,150
95,154
95,155
95,157
95,158
95,162
95,164
95,165
95,169
95,171
95,172
95,176
95,177
95,178
95,182
95,185
95,187
95,188
95,190
95,194
95,199
96,101
96,103
96,104
96,105
96,106
96,111
96,113
96,115
96,116
96,117
96,118
96,119
96,120
96,122
96,123
96,124
96,126
96,127
96,128
96,130
96,132
96,134
96,137
96,139
96,141
96,145
96,147
96,148
96,150
96,154
96,155
96,157
96,158
96,162
96,164
96,165
96,169
96,171
96,172
96,176
96,177
96,178
96,182
96,185
96,187
96,188
96,190
96,194
96,199
98,160
98,175
98,176
98,181
98,186
98,189
100,171
100,175
100,176
101,103
101,104
101,105
101,106
101,111
101,113
101,115
101,116
101,117
101,118
101,119
101,120
101,122
101,123
101,124
101,126
101,127
101,128
101,130
101,132
101,134
101,137
101,139
101,141
101,145
101,147
101,148
101,150
101,154
101,155
101,157
101,158
101,162
101,164
101,165
101,169
101,171
101,172
101,176
101,177
101,178
101,182
101,185
101,187
101,188
101,190
101,194
101,199
102,146
102,147
102,160
102,162
102,169
102,170
102,176
102,181
102,185
102,195
102,196
103,104
103,105
103,106
103,111
103,113
103,115
103,116
103,117
103,118
103,119
103,120
103,122
103,123
103,124
103,126
103,127
103,128
103,130
103,132
103,134
103,137
103,139
103,141
103,145
103,147
103,148
103,150
103,154
103,155
103,157
103,158
103,162
103,164
103,165
103,169
103,171
103,172
103,176
103,177
103,178
103,182
103,185
103,187
103,188
103,190
103,194
103,199
104,105
104,106
104,111
104,113
104,115
104,116
104,117
104,118
104,119
104,120
104,122
104,123
104,124
104,126
104,127
104,128
104,130
104,132
104,134
104,137
104,139
104,141
104,145
104,147
104,148
104,150
104,154
104,155
104,157
104,158
104,162
104,164
104,165
104,169
104,171
104,172
104,176
104,177
104,178
104,182
104,185
104,187
104,188
104,190
104,194
104,199
105,106
105,111
105,113
105,115
105,116
105,117
105,118
105,119
105,120
105,122
105,123
105,124
105,126
105,127
105,128
105,130
105,132
105,134
105,137
105,139
105,141
105,145
105,147
105,148
105,150
105,154
105,155
105,157
105,158
105,162
105,164
105,165
105,169
105,171
105,172
105,176
105,177
105,178
105,182
105,185
105,187
105,188
105,190
105,194
105,199
106,111
106,113
106,115
106,116
106,117
106,118
106,119
106,120
106,122
106,123
106,124
106,126
106,127
106,128
106,130
106,132
106,134
106,137
106,139
106,141
106,145
106,147
106,148
106,150
106,154
106,155
106,157
106,158
106,162
106,164
106,165
106,169
106,171
106,172
106,176
106,177
106,178
106,182
106,185
106,187
106,188
106,190
106,194
106,199
108,148
108,149
108,154
108,155
108,159
108,160
108,162
108,163
108,164
108,176
109,132
109,135
111,113
111,115
111,116
111,117
111,118
111,119
111,120
111,122
111,123
111,124
111,126
111,127
111,128
111,130
111,132
111,134
111,137
111,139
111,141
111,144
111,145
111,147
111,148
111,149
111,150
111,151
111,152
111,154
111,155
111,157
111,158
111,162
111,164
111,165
111,169
111,171
111,172
111,176
111,177
111,178
111,182
111,185
111,187
111,188
111,190
111,194
111,199
113,115
113,116
113,117
113,118
113,119
113,120
113,122
113,123
113,124
113,126
113,127
113,128
113,130
113,132
113,134
113,137
113,139
113,141
113,145
113,147
113,148
113,150
113,154
113,155
113,157
113,158
113,162
113,164
113,165
113,169
113,171
113,172
113,176
113,177
113,178
113,182
113,185
113,187
113,188
113,190
113,194
113,199
115,116
115,117
115,118
115,119
115,120
115,122
115,123
115,124
115,126
115,127
115,128
115,130
115,132
115,134
115,137
115,139
115,141
115,145
115,147
115,148
115,150
115,154
115,155
115,157
115,158
115,162
115,164
115,165
115,169
115,171
115,172
115,176
115,177
115,178
115,182
115,185
115,187
115,188
115,190
115,194
115,199
116,117
116,118
116,119
116,120
116,122
116,123
116,124
116,126
116,127
116,128
116,130
116,132
116,134
116,137
116,139
116,141
116,144
116,145
116,147
116,148
116,150
116,151
116,154
116,155
116,157
116,158
116,162
116,164
116,165
116,169
116,171
116,172
116,176
116,177
116,178
116,182
116,185
116,187
116,188
116,190
116,194
116,199
117,118
117,119
117,120
117,122
117,123
117,124
117,126
117,127
117,128
117,130
117,132
117,134
117,137
117,139
117,140
117,141
117,142
117,143
117,145
117,147
117,148
117,149
117,150
117,151
117,152
117,154
117,155
117,157
117,158
117,162
117,163
117,164
117,165
117,169
117,171
117,172
117,176
117,177
117,178
117,182
117,185
117,187
117,188
117,190
117,193
117,194
117,199
118,119
118,120
118,122
118,123
118,124
118,126
118,127
118,128
118,130
118,132
118,134
118,135
118,137
118,139
118,140
118,141
118,142
118,143
118,145
118,147
118,148
118,150
118,152
118,154
118,155
118,157
118,158
118,161
118,162
118,164
118,165
118,166
118,169
118,170
118,171
118,172
118,176
118,177
118,178
118,182
118,185
118,187
118,188
118,190
118,194
118,199
119,120
119,122
119,123
119,124
119,126
119,127
119,128
119,130
119,132
119,134
119,137
119,139
119,141
119,145
119,147
119,148
119,149
119,150
119,151
119,152
119,153
119,154
119,155
119,157
119,158
119,162
119,163
119,164
119,165
119,166
119,168
119,169
119,171
119,172
119,176
119,177
119,178
119,182
119,185
119,187
119,188
119,190
119,194
119,199
120,122
120,123
120,124
120,126
120,127
120,128
120,130
120,132
120,134
120,135
120,136
120,137
120,138
120,139
120,141
120,142
120,143
120,145
120,147
120,148
120,150
120,154
120,155
120,157
120,158
120,162
120,164
120,165
120,169
120,171
120,172
120,176
120,177
120,178
120,182
120,185
120,187
120,188
120,190
120,194
120,199
121,144
121,146
121,151
121,152
121,161
121,162
121,163
121,166
121,168
121,170
121,171
121,173
122,123
122,124
122,126
122,127
122,128
122,130
122,132
122,134
122,137
122,139
122,141
122,145
122,147
122,148
122,150
122,154
122,155
122,157
122,158
122,162
122,164
122,165
122,169
122,171
122,172
122,176
122,177
122,178
122,182
122,185
122,187
122,188
122,190
122,194
122,199
123,124
123,126
123,127
123,128
123,130
123,132
123,134
123,137
123,139
123,141
123,145
123,147
123,148
123,150
123,154
123,155
123,157
123,158
123,162
123,164
123,165
123,169
123,171
123,172
123,176
123,177
123,178
123,182
123,185
123,187
123,188
123,190
123,194
123,199
124,126
124,127
124,128
124,130
124,132
124,134
124,137
124,139
124,141
124,145
124,147
124,148
124,150
124,154
124,155
124,157
124,158
124,162
124,164
124,165
124,169
124,171
124,172
124,176
124,177
124,178
124,182
124,185
124,187
124,188
124,190
124,194
124,199
126,127
126,128
126,130
126,132
126,134
126,137
126,139
126,141
126,143
126,144
126,145
126,146
126,147
126,148
126,149
126,150
126,152
126,154
126,155
126,157
126,158
126,162
126,164
126,165
126,169
126,171
126,172
126,173
126,174
126,176
126,177
126,178
126,182
126,185
126,187
126,188
126,190
126,194
126,199
127,128
127,130
127,132
127,134
127,137
127,139
127,141
127,142
127,143
127,144
127,145
127,146
127,147
127,148
127,150
127,152
127,153
127,154
127,155
127,157
127,158
127,162
127,163
127,164
127,165
127,168
127,169
127,171
127,172
127,173
127,176
127,177
127,178
127,180
127,182
127,185
127,187
127,188
127,190
127,194
127,199
128,130
128,132
128,134
128,136
128,137
128,138
128,139
128,141
128,143
128,144
128,145
128,146
128,147
128,148
128,150
128,152
128,153
128,154
128,155
128,157
128,158
128,162
128,164
128,165
128,166
128,168
128,169
128,170
128,171
128,172
128,176
128,177
128,178
128,180
128,182
128,185
128,187
128,188
128,190
128,194
128,199
129,131
129,136
129,137
129,138
129,139
129,141
129,142
129,143
129,144
129,146
129,148
129,151
129,152
129,153
129,154
129,159
130,132
130,134
130,137
130,139
130,141
130,145
130,147
130,148
130,150
130,154
130,155
130,157
130,158
130,162
130,164
130,165
130,169
130,171
130,172
130,176
130,177
130,178
130,182
130,185
130,187
130,188
130,190
130,194
130,199
131,136
131,137
131,138
131,139
131,140
131,141
131,144
131,149
131,152
131,154
131,159
131,166
131,168
131,170
131,174
131,182
131,183
132,133
132,134
132,135
132,136
132,137
132,138
132,139
132,141
132,143
132,145
132,146
132,147
132,148
132,150
132,151
132,152
132,153
132,154
132,155
132,157
132,158
132,162
132,163
132,164
132,165
132,168
132,169
132,170
132,171
132,172
132,176
132,177
132,178
132,180
132,181
132,182
132,185
132,187
132,188
132,190
132,194
132,195
132,198
132,199
133,135
133,136
133,137
133,138
133,140
133,141
133,142
133,143
133,144
133,146
133,149
133,151
133,152
133,153
133,154
133,163
133,168
133,170
133,173
133,174
133,180
133,181
133,183
133,184
133,186
134,137
134,139
134,141
134,142
134,143
134,144
134,145
134,146
134,147
134,148
134,149
134,150
134,151
134,153
134,154
134,155
134,157
134,158
134,159
134,160
134,161
134,162
134,164
134,165
134,166
134,167
134,168
134,169
134,170
134,171
134,172
134,173
134,174
134,176
134,177
134,178
134,180
134,182
134,183
134,185
134,186
134,187
134,188
134,189
134,190
134,192
134,193
134,194
134,195
134,199
135,136
135,138
135,143
135,144
135,146
135,149
135,151
135,152
135,153
135,154
135,159
135,160
135,161
135,163
135,166
135,170
135,173
135,174
135,178
135,179
135,180
135,182
135,183
135,184
135,186
135,192
135,193
135,198
136,138
137,138
137,139
137,140
137,141
137,145
137,147
137,148
137,150
137,152
137,153
137,154
137,155
137,156
137,157
137,158
137,162
137,163
137,164
137,165
137,167
137,169
137,171
137,172
137,176
137,177
137,178
137,182
137,183
137,184
137,185
137,187
137,188
137,190
137,193
137,194
137,196
137,197
137,198
137,199
138,139
138,140
138,141
138,143
138,144
138,149
138,151
138,154
138,155
138,156
138,159
138,160
138,164
138,166
138,167
138,173
138,174
138,175
138,179
138,180
138,181
138,182
138,183
138,184
138,186
139,140
139,141
139,142
139,143
139,144
139,145
139,147
139,148
139,150
139,152
139,153
139,154
139,155
139,156
139,157
139,158
139,159
139,162
139,163
139,164
139,165
139,168
139,169
139,170
139,171
139,172
139,174
139,175
139,176
139,177
139,178
139,182
139,183
139,184
139,185
139,186
139,187
139,188
139,190
139,193
139,194
139,197
139,198
139,199
141,142
141,145
141,147
141,148
141,149
141,150
141,151
141,152
141,154
141,155
141,157
141,158
141,162
141,164
141,165
141,169
141,171
141,172
141,176
141,177
141,178
141,182
141,185
141,187
141,188
141,190
141,194
141,199
142,151
142,155
142,156
142,159
142,163
142,170
142,173
142,176
142,177
142,179
142,180
142,181
142,182
142,183
142,184
142,186
142,193
142,196
142,197
142,198
143,149
143,150
143,152
143,154
143,155
143,156
143,162
143,163
143,166
143,168
143,174
143,175
143,176
143,179
143,180
143,182
143,183
143,185
143,186
143,192
143,196
143,197
144,146
144,149
144,150
144,151
144,152
144,153
144,155
144,156
145,146
145,147
145,148
145,149
145,150
145,151
145,153
145,154
145,155
145,156
145,157
145,158
145,159
145,161
145,162
145,164
145,165
145,166
145,167
145,169
145,170
145,171
145,172
145,173
145,176
145,177
145,178
145,179
145,180
145,181
145,182
145,185
145,187
145,188
145,190
145,193
145,194
145,196
145,198
145,199
146,149
146,151
146,152
146,153
146,156
146,159
146,161
146,162
146,163
146,166
146,167
146,169
146,171
146,174
146,175
146,179
146,180
146,181
146,192
146,193
146,195
146,196
147,148
147,150
147,151
147,152
147,154
147,155
147,157
147,158
147,159
147,160
147,161
147,162
147,163
147,164
147,165
147,169
147,171
147,172
147,175
147,176
147,177
147,178
147,180
147,182
147,184
147,185
147,187
147,188
147,190
147,193
147,194
147,195
147,196
147,197
147,199
148,150
148,151
148,153
148,154
148,155
148,157
148,158
148,160
148,161
148,162
148,163
148,164
148,165
148,166
148,167
148,168
148,169
148,171
148,172
148,175
148,176
148,177
148,178
148,179
148,180
148,182
148,185
148,187
148,188
148,189
148,190
148,192
148,193
148,194
148,199
149,151
149,152
149,153
149,154
149,155
149,158
149,159
149,160
149,161
149,162
149,163
149,166
149,168
149,169
149,175
149,177
150,151
150,152
150,153
150,154
150,155
150,156
150,157
150,158
150,159
150,160
150,162
150,164
150,165
150,166
150,169
150,171
150,172
150,176
150,177
150,178
150,181
150,182
150,184
150,185
150,186
150,187
150,188
150,189
150,190
150,192
150,194
150,197
150,198
150,199
151,152
151,153
152,153
152,155
152,157
152,164
152,167
152,174
152,175
152,177
152,178
152,179
152,180
152,181
152,182
152,184
152,186
152,192
152,193
152,195
152,197
152,198
154,155
154,156
154,157
154,158
154,159
154,160
154,161
154,162
154,164
154,165
154,169
154,171
154,172
154,176
154,177
154,178
154,181
154,182
154,184
154,185
154,186
154,187
154,188
154,190
154,194
154,195
154,197
154,199
155,157
155,158
155,159
155,160
155,162
155,164
155,165
155,167
155,169
155,171
155,172
155,176
155,177
155,178
155,182
155,185
155,187
155,188
155,190
155,194
155,199
156,157
156,159
156,161
156,162
156,163
156,165
156,166
156,167
156,168
156,170
156,174
156,175
156,177
156,180
156,181
156,183
156,184
156,186
156,188
156,192
157,158
157,159
157,162
157,163
157,164
157,165
157,166
157,167
157,168
157,169
157,170
157,171
157,172
157,175
157,176
157,177
157,178
157,182
157,183
157,184
157,185
157,187
157,188
157,190
157,192
157,194
157,195
157,198
157,199
158,160
158,162
158,164
158,165
158,166
158,167
158,168
158,169
158,171
158,172
158,173
158,174
158,176
158,177
158,178
158,180
158,181
158,182
158,185
158,186
158,187
158,188
158,190
158,192
158,193
158,194
158,196
158,198
158,199
159,161
159,165
159,166
159,168
159,174
159,175
159,176
159,178
159,179
159,180
159,181
159,188
159,189
159,192
159,193
159,195
159,197
159,198
160,161
160,163
160,165
160,167
160,169
160,170
160,173
160,175
160,177
160,178
160,179
160,180
160,181
160,182
160,183
160,184
160,186
160,188
160,191
160,192
160,197
161,164
161,165
161,167
161,168
161,169
161,170
161,172
161,173
161,174
161,175
161,177
161,178
161,179
161,180
161,181
161,182
161,183
161,184
161,186
161,188
161,189
161,190
161,191
161,193
161,195
161,197
162,164
162,165
162,169
162,171
162,172
162,176
162,177
162,178
162,181
162,182
162,183
162,184
162,185
162,186
162,187
162,188
162,190
162,191
162,194
162,196
162,197
162,198
162,199
163,164
163,165
163,167
163,172
163,173
163,174
163,175
163,176
163,177
163,178
163,179
163,183
163,186
163,189
163,193
163,195
163,196
163,197
163,198
164,165
164,167
164,168
164,169
164,171
164,172
164,176
164,177
164,178
164,182
164,185
164,187
164,188
164,190
164,194
164,199
165,167
165,168
165,169
165,171
165,172
165,173
165,174
165,176
165,177
165,178
165,181
165,182
165,183
165,184
165,185
165,187
165,188
165,190
165,194
165,195
165,198
165,199
166,167
166,169
166,170
166,171
166,172
166,173
166,174
166,175
166,178
166,179
166,181
166,182
166,183
166,184
166,189
166,190
166,191
166,192
166,193
166,195
166,196
166,197
166,198
167,168
167,169
167,170
167,171
167,172
167,173
167,174
168,171
168,172
168,175
168,176
168,178
168,179
168,180
168,181
168,184
168,188
168,190
168,191
168,193
168,196
168,197
168,198
169,171
169,172
169,176
169,177
169,178
169,179
169,180
169,181
169,182
169,184
169,185
169,187
169,188
169,190
169,191
169,194
169,195
169,196
169,197
169,198
169,199
170,171
170,173
170,175
170,176
170,177
170,178
170,180
170,181
170,184
170,188
170,191
170,192
170,194
170,195
170,196
170,197
170,198
171,172
171,174
171,175
171,176
171,177
171,178
171,179
171,180
171,182
171,183
171,184
171,185
171,186
171,187
171,188
171,189
171,190
171,191
171,192
171,193
171,194
171,195
171,196
171,198
171,199
172,173
172,174
172,175
172,176
172,177
172,178
172,179
172,180
172,181
172,182
172,183
172,185
172,186
172,187
172,188
172,189
172,190
172,193
172,194
172,195
172,196
172,197
172,198
172,199
173,174
173,176
173,177
173,180
173,181
173,184
173,186
173,188
173,189
173,192
173,193
173,194
173,196
173,198
174,175
174,177
174,178
174,181
174,183
174,186
175,176
175,177
175,178
175,179
175,181
175,183
175,186
175,189
175,190
175,191
175,192
175,193
175,195
175,198
176,177
176,178
176,180
176,181
176,182
176,185
176,186
176,187
176,188
176,189
176,190
176,192
176,194
176,196
176,197
176,199
177,178
177,181
177,182
177,183
177,184
177,185
177,186
177,187
177,188
177,190
177,192
177,193
177,194
177,199
178,179
178,181
178,182
178,183
178,184
178,185
178,186
178,187
178,188
178,190
178,192
178,194
178,195
178,196
178,197
178,198
178,199
179,181
179,182
179,183
179,184
179,190
179,192
179,193
179,195
179,196
179,198
180,181
180,182
180,184
180,191
180,192
180,197
180,198
181,182
182,183
182,185
182,187
182,188
182,190
182,193
182,194
182,196
182,197
182,199
183,186
183,189
183,190
183,191
183,192
183,193
183,195
183,196
183,198
183,199
184,189
184,190
184,191
184,193
184,195
184,196
184,197
185,186
185,187
185,188
185,189
185,190
185,192
185,193
185,194
185,195
185,196
185,197
185,198
185,199
186,189
186,190
186,191
186,192
187,188
187,190
187,191
187,192
187,193
187,194
187,195
187,196
187,197
187,198
187,199
188,190
188,191
188,192
188,193
188,194
188,196
188,197
188,198
188,199
189,190
189,191
189,192
189,193
189,194
189,196
189,197
189,199
190,191
190,192
190,194
190,195
190,196
190,197
190,198
190,199
191,192
191,195
191,196
191,197
191,198
192,193
192,194
192,195
192,196
192,197
192,198
192,199
194,195
194,197
194,199
195,196
195,197
195,199
196,198
196,199
197,199
