0,1
0,2
0,3
0,4
0,5
0,6
0,7
0,8
0,9
0,10
0,11
0,12
0,13
0,14
0,15
0,16
0,17
0,18
0,19
0,20
0,21
0,22
0,23
0,24
0,25
0,26
0,27
0,28
0,29
0,30
0,31
0,32
0,33
0,34
0,35
0,36
0,37
0,38
0,39
0,163
0,167
0,171
0,175
0,177
0,179
0,181
0,182
0,184
0,185
0,186
0,187
0,188
0,189
0,192
0,193
0,194
0,195
0,196
0,198
0,199
1,2
1,3
1,4
1,5
1,6
1,7
1,8
1,9
1,10
1,11
1,12
1,13
1,14
1,15
1,16
1,17
1,18
1,19
1,20
1,21
1,22
1,23
1,24
1,25
1,26
1,27
1,28
1,29
1,30
1,31
1,32
1,33
1,34
1,35
1,36
1,37
1,38
1,39
2,3
2,4
2,5
2,6
2,7
2,8
2,9
2,10
2,11
2,12
2,13
2,14
2,15
2,16
2,17
2,18
2,19
2,20
2,21
2,22
2,23
2,24
2,25
2,26
2,27
2,28
2,29
2,30
2,31
2,32
2,33
2,34
2,35
2,36
2,37
2,38
2,39
2,43
2,51
2,62
2,66
2,67
2,74
2,79
2,81
2,85
2,87
2,89
2,93
2,94
2,105
2,107
2,108
2,111
2,114
2,121
2,127
2,128
2,130
2,145
2,147
2,148
2,150
2,157
2,162
2,180
2,184
2,185
2,194
2,196
2,198
3,4
3,5
3,6
3,7
3,8
3,9
3,10
3,11
3,12
3,13
3,14
3,15
3,16
3,17
3,18
3,19
3,20
3,21
3,22
3,23
3,24
3,25
3,26
3,27
3,28
3,29
3,30
3,31
3,32
3,33
3,34
3,35
3,36
3,37
3,38
3,39
4,5
4,6
4,7
4,8
4,9
4,10
4,11
4,12
4,13
4,14
4,15
4,16
4,17
4,18
4,19
4,20
4,21
4,22
4,23
4,24
4,25
4,26
4,27
4,28
4,29
4,30
4,31
4,32
4,33
4,34
4,35
4,36
4,37
4,38
4,39
5,6
5,7
5,8
5,9
5,10
5,11
5,12
5,13
5,14
5,15
5,16
5,17
5,18
5,19
5,20
5,21
5,22
5,23
5,24
5,25
5,26
5,27
5,28
5,29
5,30
5,31
5,32
5,33
5,34
5,35
5,36
5,37
5,38
5,39
6,7
6,8
6,9
6,10
6,11
6,12
6,13
6,14
6,15
6,16
6,17
6,18
6,19
6,20
6,21
6,22
6,23
6,24
6,25
6,26
6,27
6,28
6,29
6,30
6,31
6,32
6,33
6,34
6,35
6,36
6,37
6,38
6,39
7,8
7,9
7,10
7,11
7,12
7,13
7,14
7,15
7,16
7,17
7,18
7,19
7,20
7,21
7,22
7,23
7,24
7,25
7,26
7,27
7,28
7,29
7,30
7,31
7,32
7,33
7,34
7,35
7,36
7,37
7,38
7,39
8,9
8,10
8,11
8,12
8,13
8,14
8,15
8,16
8,17
8,18
8,19
8,20
8,21
8,22
8,23
8,24
8,25
8,26
8,27
8,28
8,29
8,30
8,31
8,32
8,33
8,34
8,35
8,36
8,37
8,38
9,10
9,11
9,12
9,13
9,14
9,15
9,16
9,17
9,18
9,19
9,20
9,21
9,22
9,23
9,24
9,25
9,26
9,27
9,28
9,29
9,30
9,31
9,32
9,33
9,34
9,35
9,36
9,37
9,38
9,39
10,11
10,12
10,13
10,14
10,15
10,16
10,17
10,18
10,19
10,20
10,21
10,22
10,23
10,24
10,25
10,26
10,27
10,28
10,29
10,30
10,31
10,32
10,33
10,34
10,35
10,36
10,37
10,38
10,39
11,12
11,13
11,14
11,15
11,16
11,17
11,18
11,19
11,20
11,21
11,22
11,23
11,24
11,25
11,26
11,27
11,28
11,29
11,30
11,31
11,32
11,33
11,34
11,35
11,36
11,37
11,38
11,39
12,13
12,14
12,15
12,16
12,17
12,18
12,19
12,20
12,21
12,22
12,23
12,24
12,25
12,26
12,27
12,28
12,29
12,30
12,31
12,32
12,33
12,34
12,35
12,36
12,37
12,38
12,39
13,14
13,15
13,16
13,17
13,18
13,19
13,20
13,21
13,22
13,23
13,24
13,25
13,26
13,27
13,28
13,29
13,30
13,31
13,32
13,33
13,34
13,35
13,36
13,37
13,38
13,39
14,15
14,16
14,17
14,18
14,19
14,20
14,21
14,22
14,23
14,24
14,25
14,26
14,27
14,28
14,29
14,30
14,31
14,32
14,33
14,34
14,35
14,36
14,37
14,38
14,39
15,16
15,17
15,18
15,19
15,20
15,21
15,22
15,23
15,24
15,25
15,26
15,27
15,28
15,29
15,30
15,31
15,32
15,33
15,34
15,35
15,36
15,37
15,38
15,39
16,17
16,18
16,19
16,20
16,21
16,22
16,23
16,24
16,25
16,26
16,27
16,28
16,29
16,30
16,31
16,32
16,33
16,34
16,35
16,36
16,37
16,38
16,39
17,18
17,19
17,20
17,21
17,22
17,23
17,24
17,25
17,26
17,27
17,28
17,29
17,30
17,31
17,32
17,33
17,34
17,35
17,36
17,37
17,38
17,39
17,43
17,51
17,62
17,66
17,67
17,74
17,79
17,81
17,85
17,87
17,89
17,93
17,94
17,105
17,107
17,108
17,111
17,114
17,121
17,127
17,128
17,130
17,145
17,147
17,148
17,150
17,157
17,162
17,180
17,184
17,185
17,194
17,196
17,198
18,19
18,20
18,21
18,22
18,23
18,24
18,25
18,26
18,27
18,28
18,29
18,30
18,31
18,32
18,33
18,34
18,35
18,36
18,37
18,38
18,39
19,20
19,21
19,22
19,23
19,24
19,25
19,26
19,27
19,28
19,29
19,30
19,31
19,32
19,33
19,34
19,35
19,36
19,37
19,38
19,39
20,21
20,22
20,23
20,24
20,25
20,26
20,27
20,28
20,29
20,30
20,31
20,32
20,33
20,34
20,35
20,36
20,37
20,38
20,39
20,43
20,51
20,62
20,66
20,67
20,74
20,79
20,81
20,85
20,87
20,89
20,93
20,94
20,105
20,107
20,108
20,111
20,114
20,121
20,127
20,128
20,130
20,145
20,147
20,148
20,150
20,157
20,162
20,180
20,184
20,185
20,194
20,196
20,198
21,22
21,23
21,24
21,25
21,26
21,27
21,28
21,29
21,30
21,31
21,32
21,33
21,34
21,35
21,36
21,37
21,38
21,39
22,23
22,24
22,25
22,26
22,27
22,28
22,29
22,30
22,31
22,32
22,33
22,34
22,35
22,36
22,37
22,38
22,39
23,24
23,25
23,26
23,27
23,28
23,29
23,30
23,31
23,32
23,33
23,34
23,35
23,36
23,37
23,38
23,39
23,43
23,51
23,62
23,66
23,67
23,74
23,79
23,81
23,85
23,87
23,89
23,93
23,94
23,105
23,107
23,108
23,111
23,114
23,121
23,127
23,128
23,130
23,145
23,147
23,148
23,150
23,157
23,162
23,180
23,184
23,185
23,194
23,196
23,198
24,25
24,26
24,27
24,28
24,29
24,30
24,31
24,32
24,33
24,34
24,35
24,36
24,37
24,38
24,39
25,26
25,27
25,28
25,29
25,30
25,31
25,32
25,33
25,34
25,35
25,36
25,37
25,38
25,39
26,27
26,28
26,29
26,30
26,31
26,32
26,33
26,34
26,35
26,36
26,37
26,38
26,39
27,28
27,29
27,30
27,31
27,32
27,33
27,34
27,35
27,36
27,37
27,38
27,39
28,29
28,30
28,31
28,32
28,33
28,34
28,35
28,36
28,37
28,38
28,39
29,30
29,31
29,32
29,33
29,34
29,35
29,36
29,37
29,38
29,39
30,31
30,32
30,33
30,34
30,35
30,36
30,37
30,38
30,39
31,32
31,33
31,34
31,35
31,36
31,37
31,38
31,39
32,33
32,34
32,35
32,36
32,37
32,38
32,39
33,34
33,35
33,36
33,37
33,38
33,39
34,35
34,36
34,37
34,38
34,39
35,36
35,37
35,38
35,39
36,37
36,38
36,39
36,43
36,51
36,62
36,66
36,67
36,74
36,79
36,81
36,85
36,87
36,89
36,93
36,94
36,105
36,107
36,108
36,111
36,114
36,121
36,127
36,128
36,130
36,145
36,147
36,148
36,150
36,157
36,162
36,180
36,184
36,185
36,194
36,196
36,198
37,38
37,39
38,39
38,43
38,51
38,62
38,66
38,67
38,74
38,79
38,81
38,85
38,87
38,89
38,93
38,94
38,105
38,107
38,108
38,111
38,114
38,121
38,127
38,128
38,130
38,145
38,147
38,148
38,150
38,157
38,162
38,180
38,184
38,185
38,194
38,196
38,198
43,51
43,62
43,66
43,67
43,74
43,79
43,81
43,85
43,87
43,89
43,93
43,94
43,105
43,107
43,108
43,111
43,114
43,121
43,127
43,128
43,130
43,145
43,147
43,148
43,150
43,157
43,162
43,180
43,184
43,185
43,194
43,196
43,198
51,62
51,66
51,67
51,74
51,79
51,81
51,85
51,87
51,89
51,93
51,94
51,105
51,107
51,108
51,111
51,114
51,121
51,127
51,128
51,130
51,145
51,147
51,148
51,150
51,157
51,162
51,180
51,184
51,185
51,194
51,196
51,198
60,76
60,77
60,80
60,88
60,94
60,97
61,62
61,63
61,65
62,63
62,64
62,65
62,66
62,67
62,71
62,74
62,79
62,81
62,85
62,87
62,89
62,93
62,94
62,105
62,107
62,108
62,111
62,114
62,121
62,127
62,128
62,130
62,145
62,147
62,148
62,150
62,157
62,162
62,180
62,184
62,185
62,194
62,196
62,198
63,65
63,66
63,68
63,70
63,71
63,72
63,73
63,74
63,78
63,80
63,82
63,84
63,85
63,87
63,88
63,94
63,97
63,101
64,65
64,66
64,67
64,68
64,69
64,70
64,71
65,66
65,67
65,69
65,70
65,71
65,74
65,76
65,78
65,80
65,82
65,85
65,87
65,94
65,100
65,101
66,67
66,69
66,70
66,71
66,72
66,74
66,75
66,78
66,79
66,81
66,82
66,84
66,85
66,86
66,87
66,89
66,90
66,91
66,93
66,94
66,97
66,100
66,105
66,107
66,108
66,111
66,114
66,121
66,127
66,128
66,130
66,145
66,147
66,148
66,150
66,157
66,162
66,180
66,184
66,185
66,194
66,196
66,198
67,68
67,69
67,70
67,71
67,72
67,73
67,74
67,75
67,78
67,79
67,81
67,82
67,84
67,85
67,87
67,88
67,89
67,90
67,91
67,93
67,94
67,105
67,107
67,108
67,111
67,114
67,121
67,127
67,128
67,130
67,145
67,147
67,148
67,150
67,157
67,162
67,180
67,184
67,185
67,194
67,196
67,198
68,71
68,72
68,75
68,76
68,77
68,78
68,80
68,82
68,85
68,86
68,87
68,88
68,90
68,91
68,94
68,101
68,103
68,108
69,70
69,71
69,72
69,73
69,75
69,77
69,78
69,80
69,82
69,84
69,85
69,86
69,87
70,71
70,72
70,73
70,74
70,75
70,76
70,77
70,78
70,80
70,82
70,84
70,85
70,86
70,88
70,91
70,92
70,97
70,100
70,101
70,102
70,103
70,115
71,73
71,74
71,75
71,76
71,77
71,78
71,81
73,74
73,75
73,76
73,77
74,75
74,76
74,77
74,78
74,79
74,81
74,84
74,85
74,87
74,89
74,93
74,94
74,105
74,107
74,108
74,111
74,114
74,121
74,127
74,128
74,130
74,145
74,147
74,148
74,150
74,157
74,162
74,180
74,184
74,185
74,194
74,196
74,198
75,76
75,77
75,78
75,81
75,82
75,83
75,84
75,85
75,86
75,87
75,88
75,90
75,94
75,97
75,100
75,102
75,104
75,139
76,77
76,78
76,80
76,81
76,82
76,83
76,86
76,87
76,88
76,89
76,90
76,92
76,94
76,101
76,102
76,112
76,113
76,115
76,118
77,78
77,79
77,80
77,81
77,82
77,83
77,84
77,85
77,87
77,88
77,90
77,92
77,95
77,97
77,98
77,99
77,100
77,101
77,108
77,112
77,113
77,115
77,118
78,79
78,80
78,81
78,82
78,83
78,84
78,85
78,86
78,87
78,88
78,89
78,90
78,91
78,94
78,95
78,96
78,97
78,103
78,104
79,80
79,81
79,82
79,83
79,85
79,86
79,87
79,88
79,89
79,92
79,93
79,94
79,96
79,98
79,99
79,100
79,101
79,102
79,103
79,104
79,105
79,107
79,108
79,111
79,114
79,121
79,127
79,128
79,130
79,145
79,147
79,148
79,150
79,157
79,162
79,180
79,184
79,185
79,194
79,196
79,198
80,84
80,85
80,86
80,87
80,88
80,89
80,90
80,91
80,92
80,94
80,95
80,96
80,97
80,98
80,99
80,100
80,101
80,102
80,103
80,104
80,105
80,106
80,108
80,111
80,112
80,113
80,115
80,125
80,132
80,135
80,139
81,83
81,85
81,87
81,89
81,93
81,94
81,105
81,107
81,108
81,111
81,114
81,121
81,127
81,128
81,130
81,145
81,147
81,148
81,150
81,157
81,162
81,180
81,184
81,185
81,194
81,196
81,198
82,85
82,86
82,87
82,88
82,92
82,94
82,96
82,97
82,98
82,99
82,100
82,101
82,102
82,105
82,106
82,108
82,113
82,115
82,116
82,118
83,84
83,86
83,88
83,89
83,90
83,91
83,92
83,93
83,94
83,95
84,87
84,88
84,89
84,90
84,91
84,93
84,94
84,95
84,96
84,97
84,98
84,99
84,100
84,102
84,103
84,104
84,105
84,106
84,111
84,112
84,113
84,115
84,116
84,132
85,86
85,87
85,88
85,89
85,90
85,92
85,93
85,94
85,105
85,107
85,108
85,111
85,114
85,121
85,127
85,128
85,130
85,145
85,147
85,148
85,150
85,157
85,162
85,180
85,184
85,185
85,194
85,196
85,198
86,88
86,89
86,90
86,91
86,92
86,94
86,95
86,96
86,97
86,98
86,99
86,100
86,101
86,102
86,103
86,104
86,105
86,106
86,108
86,110
86,112
86,113
86,115
86,117
86,132
86,138
86,139
87,89
87,90
87,91
87,92
87,93
87,94
87,96
87,97
87,98
87,99
87,100
87,105
87,107
87,108
87,111
87,114
87,121
87,127
87,128
87,130
87,145
87,147
87,148
87,150
87,157
87,162
87,180
87,184
87,185
87,194
87,196
87,198
88,89
88,90
88,91
88,92
88,93
88,94
88,95
88,96
88,97
88,98
88,99
88,100
88,101
88,102
88,103
88,104
88,105
88,106
88,108
88,111
88,112
89,90
89,91
89,92
89,93
89,94
89,95
89,96
89,98
89,99
89,100
89,101
89,104
89,105
89,106
89,107
89,108
89,111
89,113
89,114
89,115
89,117
89,118
89,121
89,125
89,127
89,128
89,130
89,135
89,138
89,139
89,145
89,147
89,148
89,150
89,157
89,162
89,180
89,184
89,185
89,194
89,196
89,198
90,91
90,92
90,95
90,96
90,98
90,99
90,100
90,101
90,102
90,103
90,104
90,106
90,108
90,112
90,113
90,115
90,116
90,117
90,118
90,119
90,125
90,132
92,93
92,95
92,96
92,97
92,98
92,100
92,101
92,102
92,103
92,105
92,106
92,108
92,110
92,111
92,112
92,117
92,125
92,129
92,130
92,131
93,94
93,95
93,96
93,97
93,99
93,100
93,102
93,103
93,104
93,105
93,107
93,108
93,111
93,114
93,121
93,127
93,128
93,130
93,145
93,147
93,148
93,150
93,157
93,162
93,180
93,184
93,185
93,194
93,196
93,198
94,96
94,97
94,98
94,99
94,101
94,102
94,104
94,105
94,106
94,107
94,108
94,109
94,110
94,111
94,114
94,121
94,127
94,128
94,130
94,145
94,147
94,148
94,150
94,157
94,162
94,180
94,184
94,185
94,194
94,196
94,198
95,96
95,97
95,98
95,99
95,100
95,101
95,102
95,103
95,104
95,106
95,110
95,112
95,113
95,116
95,118
95,125
95,126
95,129
95,130
95,131
95,132
95,135
95,139
95,140
96,97
96,98
96,99
96,103
96,104
96,105
96,110
96,111
96,112
96,115
96,116
96,117
96,119
96,123
97,98
97,99
97,100
97,101
97,103
97,104
97,105
97,107
97,110
97,111
97,112
97,113
97,115
97,116
97,117
98,99
98,100
98,103
98,104
98,105
98,106
98,107
98,108
98,109
98,110
98,111
98,112
99,100
99,101
99,102
99,103
100,101
100,102
100,103
100,104
100,105
100,107
100,109
100,110
100,111
100,112
100,113
100,114
100,123
100,125
100,127
100,130
100,139
100,140
101,102
101,103
101,105
101,108
101,109
101,110
101,111
101,112
101,113
101,114
101,116
101,117
101,118
101,119
101,120
101,122
101,123
101,125
101,126
101,130
101,131
101,135
101,138
101,139
101,140
102,103
102,104
102,106
102,107
102,108
102,109
102,110
102,112
102,113
102,114
102,116
102,117
102,118
102,119
102,120
102,122
102,123
102,125
102,126
102,127
102,128
102,130
102,132
102,133
102,137
102,139
102,140
102,142
102,145
103,104
103,105
103,106
103,107
103,108
103,109
103,110
103,111
103,112
103,113
103,114
103,115
104,105
104,106
104,107
104,108
104,109
104,112
104,113
104,114
104,115
104,118
104,120
104,123
104,125
104,126
105,106
105,107
105,108
105,109
105,110
105,111
105,113
105,114
105,116
105,117
105,118
105,120
105,121
105,122
105,123
105,125
105,126
105,127
105,128
105,130
105,145
105,147
105,148
105,150
105,157
105,162
105,180
105,184
105,185
105,194
105,196
105,198
106,109
106,110
106,111
106,112
106,113
106,114
106,116
106,117
106,118
106,119
106,120
106,122
106,125
106,126
106,127
106,132
106,137
106,140
106,142
106,145
107,108
107,109
107,110
107,111
107,114
107,121
107,127
107,128
107,130
107,145
107,147
107,148
107,150
107,157
107,162
107,180
107,184
107,185
107,194
107,196
107,198
108,110
108,111
108,112
108,113
108,114
108,115
108,117
108,118
108,119
108,121
108,122
108,123
108,125
108,126
108,127
108,128
108,129
108,130
108,131
108,132
108,133
108,135
108,136
108,137
108,138
108,140
108,145
108,147
108,148
108,150
108,157
108,162
108,180
108,184
108,185
108,194
108,196
108,198
109,111
109,112
109,113
109,117
110,112
110,113
110,114
110,116
110,117
110,118
111,113
111,114
111,116
111,117
111,118
111,119
111,120
111,121
111,122
111,127
111,128
111,130
111,145
111,147
111,148
111,150
111,157
111,162
111,180
111,184
111,185
111,194
111,196
111,198
112,113
112,114
112,115
112,116
112,117
112,119
112,120
112,122
112,123
112,129
112,131
112,132
112,135
112,136
112,137
112,139
112,145
112,159
112,162
113,114
113,115
113,116
113,119
113,120
113,121
113,122
113,123
113,125
113,126
113,127
113,129
113,130
113,131
113,132
113,133
113,135
113,136
113,138
113,139
113,142
113,149
113,159
114,116
114,117
114,118
114,119
114,120
114,121
114,122
114,123
114,124
114,125
114,126
114,127
114,128
114,129
114,130
114,131
114,132
114,145
114,147
114,148
114,150
114,157
114,162
114,180
114,184
114,185
114,194
114,196
114,198
115,116
115,118
115,119
115,120
115,121
115,123
115,124
115,125
115,126
115,127
115,129
115,130
115,131
115,132
115,133
115,135
115,136
115,139
115,142
116,117
116,119
116,120
116,121
116,123
116,125
117,119
117,120
117,121
117,122
117,124
117,125
117,126
117,127
117,129
117,130
117,131
117,132
117,135
117,136
117,137
117,138
117,139
118,119
118,120
118,122
118,123
118,124
119,120
119,121
119,122
119,123
119,124
119,125
119,128
119,129
119,130
119,131
119,132
119,133
119,134
119,135
119,136
120,121
120,122
120,124
120,125
120,126
121,123
121,124
121,126
121,127
121,128
121,129
121,130
121,131
121,132
121,133
121,135
121,136
121,137
121,138
121,139
121,145
121,147
121,148
121,149
121,150
121,151
121,157
121,159
121,162
121,180
121,184
121,185
121,194
121,196
121,198
122,123
122,124
122,125
122,126
122,127
122,128
122,129
122,130
122,131
122,132
122,135
122,137
122,138
122,140
122,142
122,151
122,156
122,159
122,161
122,163
123,125
123,126
123,127
123,128
123,129
123,130
123,132
123,133
123,134
123,135
123,137
123,138
123,139
123,142
123,149
123,150
123,151
124,125
124,126
124,127
124,128
124,129
124,130
124,131
124,132
124,133
124,134
124,135
125,126
125,127
125,128
125,129
125,130
125,131
125,132
125,135
125,136
125,137
125,138
125,140
125,141
125,142
125,149
125,150
125,151
125,152
125,156
125,157
126,127
126,128
126,129
126,130
126,131
126,133
126,134
126,135
126,136
126,137
126,138
126,139
126,140
126,141
126,142
126,145
126,148
126,149
126,150
126,156
126,157
126,159
126,161
126,163
126,165
127,128
127,129
127,130
127,131
127,132
127,133
127,134
127,135
127,136
127,137
127,138
127,145
127,147
127,148
127,150
127,157
127,162
127,180
127,184
127,185
127,194
127,196
127,198
128,129
128,130
128,131
128,132
128,133
128,134
128,135
128,136
128,137
128,138
128,139
128,140
128,141
128,142
128,145
128,146
128,147
128,148
128,149
128,150
128,151
128,152
128,155
128,156
128,157
128,162
128,165
128,166
128,167
128,180
128,184
128,185
128,194
128,196
128,198
130,131
130,133
130,134
130,136
130,137
130,138
130,139
130,141
130,142
130,143
130,145
130,147
130,148
130,149
130,150
130,152
130,155
130,157
130,162
130,180
130,184
130,185
130,194
130,196
130,198
131,133
131,134
131,135
131,138
131,139
131,140
131,141
131,143
131,144
131,149
131,150
131,151
131,152
131,154
131,155
131,156
131,157
131,160
131,161
131,163
131,165
131,167
132,134
132,135
132,136
132,137
132,138
132,139
132,140
132,141
132,142
132,143
132,148
132,151
132,152
132,155
132,157
132,158
132,159
132,160
132,161
132,163
132,165
132,166
132,167
132,168
132,169
134,136
134,140
134,141
134,142
134,143
135,136
135,138
135,139
135,141
135,143
135,145
135,148
135,149
135,150
135,152
135,153
135,155
135,157
135,158
135,160
135,161
136,138
136,139
136,140
136,141
136,142
136,143
136,145
136,146
136,149
136,150
137,138
137,140
137,142
137,143
137,144
137,145
137,146
137,147
137,149
137,150
137,151
137,153
137,155
137,158
137,159
137,160
137,161
137,163
137,165
137,166
137,167
137,168
137,169
137,183
138,139
138,140
138,141
138,142
138,143
138,144
138,145
138,146
138,147
138,148
138,149
138,150
138,151
138,152
138,155
138,156
138,158
138,160
138,161
138,165
138,166
138,167
138,168
138,169
139,140
139,141
139,142
139,144
139,146
139,147
139,148
139,149
139,150
139,151
139,152
139,153
139,155
139,156
139,158
139,159
139,160
139,161
139,162
139,163
139,168
139,169
139,170
139,178
139,183
140,141
140,142
140,145
140,146
140,147
140,150
140,152
140,153
140,155
140,156
140,158
140,159
140,161
140,162
140,163
140,165
140,168
140,169
140,170
140,171
140,178
141,142
141,144
141,145
141,146
141,147
141,148
141,149
141,150
141,151
141,152
141,153
142,143
142,144
142,145
142,146
142,147
142,148
142,149
142,150
142,151
142,152
142,153
142,156
142,157
142,158
143,144
143,146
143,147
143,148
143,152
143,153
143,154
143,155
143,158
143,159
143,160
143,161
143,163
143,168
143,170
143,171
143,175
145,146
145,147
145,148
145,149
145,150
145,153
145,154
145,155
145,156
145,157
145,162
145,180
145,184
145,185
145,194
145,196
145,198
147,148
147,149
147,150
147,151
147,152
147,153
147,154
147,155
147,156
147,157
147,159
147,160
147,162
147,164
147,165
147,167
147,168
147,169
147,170
147,171
147,178
147,180
147,184
147,185
147,194
147,196
147,198
148,150
148,151
148,157
148,162
148,180
148,184
148,185
148,194
148,196
148,198
149,150
149,151
149,152
149,154
150,151
150,152
150,154
150,156
150,157
150,161
150,162
150,180
150,184
150,185
150,194
150,196
150,198
151,152
151,153
151,154
151,155
151,158
151,159
151,161
151,162
151,165
151,166
151,167
151,171
152,153
152,154
152,155
152,156
152,158
152,159
153,154
153,155
153,156
153,157
153,158
153,159
153,160
153,161
153,163
153,164
153,165
153,166
153,169
153,174
153,176
154,155
154,157
154,158
154,159
154,161
154,162
154,163
154,164
154,165
154,166
154,167
154,169
154,171
154,175
154,176
154,183
155,158
155,159
155,160
155,161
155,163
155,164
155,165
155,166
155,168
155,169
155,171
155,174
155,175
155,176
155,183
156,158
156,159
156,160
156,161
156,162
156,163
156,164
156,165
156,166
156,167
156,169
157,158
157,160
157,161
157,162
157,163
157,164
157,165
157,166
157,167
157,168
157,170
157,172
157,175
157,180
157,184
157,185
157,194
157,196
157,198
158,160
158,161
158,162
158,163
158,164
158,165
159,163
159,165
159,166
159,167
159,169
159,170
159,171
159,172
159,176
160,161
160,162
160,164
161,162
161,163
161,164
161,165
161,167
161,168
161,170
161,171
161,174
161,175
162,163
162,164
162,165
162,166
162,167
162,169
162,170
162,171
162,174
162,177
162,178
162,180
162,183
162,184
162,185
162,194
162,196
162,198
163,164
163,165
163,166
163,167
163,168
163,170
163,171
163,172
163,175
163,176
163,178
163,183
164,166
165,166
165,168
165,169
165,170
165,172
165,173
165,174
166,167
166,168
167,168
167,169
167,171
167,172
167,173
167,174
167,176
167,177
167,178
167,183
168,169
168,170
168,171
168,173
168,174
168,175
168,176
168,177
168,178
169,170
169,171
169,172
169,173
169,174
169,175
169,176
169,177
169,178
169,179
169,180
169,183
169,187
169,189
170,171
170,172
170,173
170,174
170,175
170,178
170,180
170,182
170,183
171,174
171,175
171,177
171,178
171,179
171,183
171,185
171,187
172,174
172,175
172,176
172,177
172,178
172,179
172,180
172,182
172,183
172,185
172,187
172,189
173,174
173,175
173,176
173,178
173,179
173,180
173,181
173,182
173,183
173,187
173,189
174,175
174,176
174,177
174,178
174,179
174,180
174,181
174,182
174,183
174,185
174,187
174,189
175,176
175,177
175,178
175,179
175,181
175,182
175,183
175,184
175,185
175,186
175,187
175,190
175,194
175,195
176,177
176,178
176,180
176,181
176,182
176,184
176,185
176,186
176,187
176,188
176,189
176,190
176,194
177,179
177,180
177,181
177,182
177,183
177,184
177,185
177,187
177,188
177,190
177,191
177,194
177,195
178,179
178,183
178,184
178,185
178,187
178,188
178,189
178,191
178,194
179,180
179,182
179,184
179,185
179,187
179,188
179,189
179,190
179,191
179,194
179,195
179,197
180,181
180,182
180,183
180,184
180,185
180,186
180,187
180,189
180,190
180,191
180,194
180,196
180,197
180,198
181,182
181,183
181,184
181,185
181,186
181,188
181,189
181,190
181,191
182,183
182,184
182,185
182,186
182,188
182,189
182,190
182,191
182,194
182,195
182,197
182,199
183,184
183,186
183,187
183,188
183,189
183,190
184,185
184,186
184,187
184,188
184,189
184,190
184,191
184,194
184,195
184,196
184,197
184,198
184,199
185,188
185,189
185,190
185,191
185,193
185,194
185,195
185,196
185,197
185,198
185,199
186,187
186,188
186,190
186,191
186,193
186,194
186,195
186,197
186,199
187,188
187,190
187,191
187,192
187,193
187,194
187,195
187,197
188,190
188,191
188,192
188,193
188,194
188,195
188,199
189,191
189,192
189,193
189,194
189,197
189,199
190,191
190,192
190,194
190,195
190,196
190,197
190,198
190,199
191,192
191,193
191,194
191,195
191,197
191,198
191,199
192,193
192,194
192,195
192,196
192,197
192,198
192,199
193,196
193,197
193,198
193,199
194,195
194,196
194,198
195,197
195,198
195,199
196,198
196,199
198,199
