0,1
0,2
0,3
0,4
0,5
0,6
0,7
0,8
0,9
0,10
0,11
0,12
0,13
0,14
0,15
0,16
0,17
0,18
0,19
0,20
0,21
0,22
0,23
0,24
0,25
0,26
0,27
0,28
0,29
0,30
0,31
0,32
0,33
0,34
0,35
0,36
0,37
0,38
0,39
0,40
0,41
0,42
0,43
0,44
0,45
0,46
0,47
0,48
0,49
0,50
0,51
0,52
0,53
0,54
0,55
0,140
0,141
1,2
1,3
1,4
1,5
1,6
1,7
1,8
1,9
1,10
1,11
1,12
1,13
1,14
1,15
1,16
1,17
1,18
1,19
1,20
1,21
1,22
1,23
1,24
1,25
1,26
1,27
1,28
1,29
1,30
1,31
1,32
1,33
1,34
1,35
1,36
1,37
1,38
1,39
1,40
1,41
1,42
1,43
1,44
1,45
1,46
1,47
1,48
1,49
1,50
1,51
1,52
1,53
1,54
1,55
1,60
1,63
1,68
1,69
1,72
1,73
1,78
1,80
1,82
1,83
1,85
1,86
1,87
1,90
1,91
1,92
1,107
1,111
1,114
1,124
1,129
1,131
1,145
1,146
1,152
1,154
1,163
1,164
1,165
1,168
1,169
1,170
1,174
1,175
1,184
1,191
1,193
1,196
1,199
2,3
2,4
2,5
2,6
2,7
2,8
2,9
2,10
2,11
2,12
2,13
2,14
2,15
2,16
2,17
2,18
2,19
2,20
2,21
2,22
2,23
2,24
2,25
2,26
2,27
2,28
2,29
2,30
2,31
2,32
2,33
2,34
2,35
2,36
2,37
2,38
2,39
2,40
2,41
2,42
2,43
2,44
2,45
2,46
2,47
2,48
2,49
2,50
2,51
2,52
2,53
2,54
2,55
3,4
3,5
3,6
3,7
3,8
3,9
3,10
3,11
3,12
3,13
3,14
3,15
3,16
3,17
3,18
3,19
3,20
3,21
3,22
3,23
3,24
3,25
3,26
3,27
3,28
3,29
3,30
3,31
3,32
3,33
3,34
3,35
3,36
3,37
3,38
3,39
3,40
3,41
3,42
3,43
3,44
3,45
3,46
3,47
3,48
3,49
3,50
3,51
3,52
3,53
3,54
3,55
3,119
3,127
3,129
3,131
3,133
3,134
3,140
3,141
3,143
3,144
3,145
3,146
3,147
4,5
4,6
4,7
4,8
4,9
4,10
4,11
4,12
4,13
4,14
4,15
4,16
4,17
4,18
4,19
4,20
4,21
4,22
4,23
4,24
4,25
4,26
4,27
4,28
4,29
4,30
4,31
4,32
4,33
4,34
4,35
4,36
4,37
4,38
4,39
4,40
4,41
4,42
4,43
4,44
4,45
4,46
4,47
4,48
4,49
4,50
4,51
4,52
4,53
4,54
4,55
5,6
5,7
5,8
5,9
5,10
5,11
5,12
5,13
5,14
5,15
5,16
5,17
5,18
5,19
5,20
5,21
5,22
5,23
5,24
5,25
5,26
5,27
5,28
5,29
5,30
5,31
5,32
5,33
5,34
5,35
5,36
5,37
5,38
5,39
5,40
5,41
5,42
5,43
5,44
5,45
5,46
5,47
5,48
5,49
5,50
5,51
5,52
5,53
5,54
5,55
6,7
6,8
6,9
6,10
6,11
6,12
6,13
6,14
6,15
6,16
6,17
6,18
6,19
6,20
6,21
6,22
6,23
6,24
6,25
6,26
6,27
6,28
6,29
6,30
6,31
6,32
6,33
6,34
6,35
6,36
6,37
6,38
6,39
6,40
6,41
6,42
6,43
6,44
6,45
6,46
6,47
6,48
6,49
6,50
6,51
6,52
6,53
6,54
6,55
7,8
7,9
7,10
7,11
7,12
7,13
7,14
7,15
7,16
7,17
7,18
7,19
7,20
7,21
7,22
7,23
7,24
7,25
7,26
7,27
7,28
7,29
7,30
7,31
7,32
7,33
7,34
7,35
7,36
7,37
7,38
7,39
7,40
7,41
7,42
7,43
7,44
7,45
7,46
7,47
7,48
7,49
7,50
7,51
7,52
7,53
7,54
7,55
8,9
8,10
8,11
8,12
8,13
8,14
8,15
8,16
8,17
8,18
8,19
8,20
8,21
8,22
8,23
8,24
8,25
8,26
8,27
8,28
8,29
8,30
8,31
8,32
8,33
8,34
8,35
8,36
8,37
8,38
8,39
8,40
8,41
8,42
8,43
8,44
8,45
8,46
8,47
8,48
8,49
8,50
8,51
8,52
8,53
8,54
8,55
8,60
8,63
8,68
8,69
8,72
8,73
8,78
8,80
8,82
8,83
8,85
8,86
8,87
8,90
8,91
8,92
8,107
8,111
8,114
8,124
8,129
8,131
8,145
8,146
8,152
8,154
8,163
8,164
8,165
8,168
8,169
8,170
8,174
8,175
8,184
8,191
8,193
8,196
8,199
9,10
9,11
9,12
9,13
9,14
9,15
9,16
9,17
9,18
9,19
9,20
9,21
9,22
9,23
9,24
9,25
9,26
9,27
9,28
9,29
9,30
9,31
9,32
9,33
9,34
9,35
9,36
9,37
9,38
9,39
9,40
9,41
9,42
9,43
9,44
9,45
9,46
9,47
9,48
9,49
9,50
9,51
9,52
9,53
9,54
9,55
10,11
10,12
10,13
10,14
10,15
10,16
10,17
10,18
10,19
10,20
10,21
10,22
10,23
10,24
10,25
10,26
10,27
10,28
10,29
10,30
10,31
10,32
10,33
10,34
10,35
10,36
10,37
10,38
10,39
10,40
10,41
10,42
10,43
10,44
10,45
10,46
10,47
10,48
10,49
10,50
10,51
10,52
10,53
10,54
10,55
11,12
11,13
11,14
11,15
11,16
11,17
11,18
11,19
11,20
11,21
11,22
11,23
11,24
11,25
11,26
11,27
11,28
11,29
11,30
11,31
11,32
11,33
11,34
11,35
11,36
11,37
11,38
11,39
11,40
11,41
11,42
11,43
11,44
11,45
11,46
11,47
11,48
11,49
11,50
11,51
11,52
11,53
11,54
11,55
12,13
12,14
12,15
12,16
12,17
12,18
12,19
12,20
12,21
12,22
12,23
12,24
12,25
12,26
12,27
12,28
12,29
12,30
12,31
12,32
12,33
12,34
12,35
12,36
12,37
12,38
12,39
12,40
12,41
12,42
12,43
12,44
12,45
12,46
12,47
12,48
12,49
12,50
12,51
12,52
12,53
12,54
12,55
13,14
13,15
13,16
13,17
13,18
13,19
13,20
13,21
13,22
13,23
13,24
13,25
13,26
13,27
13,28
13,29
13,30
13,31
13,32
13,33
13,34
13,35
13,36
13,37
13,38
13,39
13,40
13,41
13,42
13,43
13,44
13,45
13,46
13,47
13,48
13,49
13,50
13,51
13,52
13,53
13,54
13,55
14,15
14,16
14,17
14,18
14,19
14,20
14,21
14,22
14,23
14,24
14,25
14,26
14,27
14,28
14,29
14,30
14,31
14,32
14,33
14,34
14,35
14,36
14,37
14,38
14,39
14,40
14,41
14,42
14,43
14,44
14,45
14,46
14,47
14,48
14,49
14,50
14,51
14,52
14,53
14,54
14,55
14,60
14,63
14,68
14,69
14,72
14,73
14,78
14,80
14,82
14,83
14,85
14,86
14,87
14,90
14,91
14,92
14,107
14,111
14,114
14,124
14,129
14,131
14,145
14,146
14,152
14,154
14,163
14,164
14,165
14,168
14,169
14,170
14,174
14,175
14,184
14,191
14,193
14,196
14,199
15,16
15,17
15,18
15,19
15,20
15,21
15,22
15,23
15,24
15,25
15,26
15,27
15,28
15,29
15,30
15,31
15,32
15,33
15,34
15,35
15,36
15,37
15,38
15,39
15,40
15,41
15,42
15,43
15,44
15,45
15,46
15,47
15,48
15,49
15,50
15,51
15,52
15,53
15,54
15,55
15,60
15,63
15,68
15,69
15,72
15,73
15,78
15,80
15,82
15,83
15,85
15,86
15,87
15,90
15,91
15,92
15,107
15,111
15,114
15,124
15,129
15,131
15,145
15,146
15,152
15,154
15,163
15,164
15,165
15,168
15,169
15,170
15,174
15,175
15,184
15,191
15,193
15,196
15,199
16,17
16,18
16,19
16,20
16,21
16,22
16,23
16,24
16,25
16,26
16,27
16,28
16,29
16,30
16,31
16,32
16,33
16,34
16,35
16,36
16,37
16,38
16,39
16,40
16,41
16,42
16,43
16,44
16,45
16,46
16,47
16,48
16,49
16,50
16,51
16,52
16,53
16,54
16,55
17,18
17,19
17,20
17,21
17,22
17,23
17,24
17,25
17,26
17,27
17,28
17,29
17,30
17,31
17,32
17,33
17,34
17,35
17,36
17,37
17,38
17,39
17,40
17,41
17,42
17,43
17,44
17,45
17,46
17,47
17,48
17,49
17,50
17,51
17,52
17,53
17,54
17,55
18,19
18,20
18,21
18,22
18,23
18,24
18,25
18,26
18,27
18,28
18,29
18,30
18,31
18,32
18,33
18,34
18,35
18,36
18,37
18,38
18,39
18,40
18,41
18,42
18,43
18,44
18,45
18,46
18,47
18,48
18,49
18,50
18,51
18,52
18,53
18,54
18,55
19,20
19,21
19,22
19,23
19,24
19,25
19,26
19,27
19,28
19,29
19,30
19,31
19,32
19,33
19,34
19,35
19,36
19,37
19,38
19,39
19,40
19,41
19,42
19,43
19,44
19,45
19,46
19,47
19,48
19,49
19,50
19,51
19,52
19,53
19,54
19,55
19,112
19,115
19,116
19,119
19,127
19,129
19,131
19,133
19,134
19,137
19,140
19,141
19,143
19,144
19,145
19,147
19,149
19,150
19,151
19,167
19,171
19,188
19,191
19,195
19,197
20,21
20,22
20,23
20,24
20,25
20,26
20,27
20,28
20,29
20,30
20,31
20,32
20,33
20,34
20,35
20,36
20,37
20,38
20,39
20,40
20,41
20,42
20,43
20,44
20,45
20,46
20,47
20,48
20,49
20,50
20,51
20,52
20,53
20,54
20,55
20,84
20,85
20,89
20,95
20,99
20,101
20,102
20,104
20,105
20,109
20,112
20,115
20,116
20,117
20,119
20,125
20,128
20,129
20,130
20,131
20,132
20,133
20,134
20,137
20,139
20,140
20,141
21,22
21,23
21,24
21,25
21,26
21,27
21,28
21,29
21,30
21,31
21,32
21,33
21,34
21,35
21,36
21,37
21,38
21,39
21,40
21,41
21,42
21,43
21,44
21,45
21,46
21,47
21,48
21,49
21,50
21,51
21,52
21,53
21,54
21,55
21,60
21,63
21,68
21,69
21,72
21,73
21,78
21,80
21,82
21,83
21,85
21,86
21,87
21,90
21,91
21,92
21,107
21,111
21,114
21,124
21,129
21,131
21,145
21,146
21,152
21,154
21,163
21,164
21,165
21,168
21,169
21,170
21,174
21,175
21,184
21,191
21,193
21,196
21,199
22,23
22,24
22,25
22,26
22,27
22,28
22,29
22,30
22,31
22,32
22,33
22,34
22,35
22,36
22,37
22,38
22,39
22,40
22,41
22,42
22,43
22,44
22,45
22,46
22,47
22,48
22,49
22,50
22,51
22,52
22,53
22,54
22,55
22,60
22,63
22,68
22,69
22,72
22,73
22,78
22,80
22,82
22,83
22,85
22,86
22,87
22,90
22,91
22,92
22,107
22,111
22,114
22,124
22,129
22,131
22,145
22,146
22,152
22,154
22,163
22,164
22,165
22,168
22,169
22,170
22,174
22,175
22,184
22,191
22,193
22,196
22,199
23,24
23,25
23,26
23,27
23,28
23,29
23,30
23,31
23,32
23,33
23,34
23,35
23,36
23,37
23,38
23,39
23,40
23,41
23,42
23,43
23,44
23,45
23,46
23,47
23,48
23,49
23,50
23,51
23,52
23,53
23,54
23,55
23,101
23,102
23,104
23,106
24,25
24,26
24,27
24,28
24,29
24,30
24,31
24,32
24,33
24,34
24,35
24,36
24,37
24,38
24,39
24,40
24,41
24,42
24,43
24,44
24,45
24,46
24,47
24,48
24,49
24,50
24,51
24,52
24,53
24,54
24,55
24,75
24,77
24,81
24,82
24,85
24,95
24,98
24,99
24,102
24,104
24,105
24,108
24,109
24,110
24,112
24,115
24,123
24,124
24,125
24,127
24,128
24,129
24,130
24,131
24,133
24,143
24,147
24,148
24,149
24,151
25,26
25,27
25,28
25,29
25,30
25,31
25,32
25,33
25,34
25,35
25,36
25,37
25,38
25,39
25,40
25,41
25,42
25,43
25,44
25,45
25,46
25,47
25,48
25,49
25,50
25,51
25,52
25,53
25,54
25,55
26,27
26,28
26,29
26,30
26,31
26,32
26,33
26,34
26,35
26,36
26,37
26,38
26,39
26,40
26,41
26,42
26,43
26,44
26,45
26,46
26,47
26,48
26,49
26,50
26,51
26,52
26,53
26,54
26,55
26,81
26,82
26,84
26,85
26,91
26,96
26,98
26,102
26,103
26,104
26,105
26,109
26,116
26,123
26,124
26,125
26,127
26,128
26,129
26,130
26,131
26,132
26,134
26,135
26,138
26,140
26,143
26,144
26,145
26,147
26,148
26,150
26,151
26,172
26,184
26,185
26,186
26,190
26,191
26,198
27,28
27,29
27,30
27,31
27,32
27,33
27,34
27,35
27,36
27,37
27,38
27,39
27,40
27,41
27,42
27,43
27,44
27,45
27,46
27,47
27,48
27,49
27,50
27,51
27,52
27,53
27,54
27,55
27,60
27,63
27,68
27,69
27,72
27,73
27,78
27,80
27,82
27,83
27,85
27,86
27,87
27,90
27,91
27,92
27,107
27,111
27,114
27,124
27,129
27,131
27,145
27,146
27,152
27,154
27,163
27,164
27,165
27,168
27,169
27,170
27,174
27,175
27,184
27,191
27,193
27,196
27,199
28,29
28,30
28,31
28,32
28,33
28,34
28,35
28,36
28,37
28,38
28,39
28,40
28,41
28,42
28,43
28,44
28,45
28,46
28,47
28,48
28,49
28,50
28,51
28,52
28,53
28,54
28,55
29,30
29,31
29,32
29,33
29,34
29,35
29,36
29,37
29,38
29,39
29,40
29,41
29,42
29,43
29,44
29,45
29,46
29,47
29,48
29,49
29,50
29,51
29,52
29,53
29,54
29,55
29,60
29,63
29,68
29,69
29,72
29,73
29,78
29,80
29,82
29,83
29,85
29,86
29,87
29,89
29,90
29,91
29,92
29,97
29,99
29,101
29,103
29,105
29,106
29,107
29,108
29,111
29,114
29,116
29,124
29,125
29,128
29,129
29,130
29,131
29,133
29,145
29,146
29,152
29,154
29,163
29,164
29,165
29,168
29,169
29,170
29,174
29,175
29,184
29,191
29,193
29,196
29,199
30,31
30,32
30,33
30,34
30,35
30,36
30,37
30,38
30,39
30,40
30,41
30,42
30,43
30,44
30,45
30,46
30,47
30,48
30,49
30,50
30,51
30,52
30,53
30,54
30,55
30,70
30,72
30,75
30,76
30,77
30,80
30,81
30,82
30,89
30,91
30,96
30,97
30,99
30,103
30,104
30,106
30,108
30,109
30,110
30,111
30,117
30,119
30,120
30,122
30,124
30,125
30,126
30,127
30,129
30,130
30,132
30,133
30,134
30,135
30,136
30,137
30,138
30,139
30,143
30,144
30,145
30,146
30,147
30,150
30,151
31,32
31,33
31,34
31,35
31,36
31,37
31,38
31,39
31,40
31,41
31,42
31,43
31,44
31,45
31,46
31,47
31,48
31,49
31,50
31,51
31,52
31,53
31,54
31,55
31,60
31,63
31,68
31,69
31,72
31,73
31,78
31,80
31,82
31,83
31,85
31,86
31,87
31,90
31,91
31,92
31,95
31,96
31,97
31,98
31,99
31,101
31,102
31,104
31,105
31,106
31,107
31,111
31,114
31,124
31,129
31,131
31,145
31,146
31,152
31,154
31,163
31,164
31,165
31,168
31,169
31,170
31,174
31,175
31,184
31,191
31,193
31,196
31,199
32,33
32,34
32,35
32,36
32,37
32,38
32,39
32,40
32,41
32,42
32,43
32,44
32,45
32,46
32,47
32,48
32,49
32,50
32,51
32,52
32,53
32,54
32,55
32,60
32,63
32,68
32,69
32,72
32,73
32,78
32,80
32,81
32,82
32,83
32,85
32,86
32,87
32,90
32,91
32,92
32,107
32,111
32,114
32,124
32,129
32,131
32,145
32,146
32,152
32,154
32,163
32,164
32,165
32,168
32,169
32,170
32,174
32,175
32,184
32,191
32,193
32,196
32,199
33,34
33,35
33,36
33,37
33,38
33,39
33,40
33,41
33,42
33,43
33,44
33,45
33,46
33,47
33,48
33,49
33,50
33,51
33,52
33,53
33,54
33,55
34,35
34,36
34,37
34,38
34,39
34,40
34,41
34,42
34,43
34,44
34,45
34,46
34,47
34,48
34,49
34,50
34,51
34,52
34,53
34,54
34,55
35,36
35,37
35,38
35,39
35,40
35,41
35,42
35,43
35,44
35,45
35,46
35,47
35,48
35,49
35,50
35,51
35,52
35,53
35,54
35,55
35,60
35,63
35,68
35,69
35,72
35,73
35,78
35,80
35,82
35,83
35,85
35,86
35,87
35,90
35,91
35,92
35,106
35,107
35,108
35,109
35,110
35,111
35,114
35,119
35,120
35,122
35,123
35,124
35,125
35,127
35,129
35,131
35,132
35,135
35,136
35,141
35,142
35,143
35,145
35,146
35,148
35,149
35,151
35,152
35,154
35,155
35,159
35,161
35,163
35,164
35,165
35,168
35,169
35,170
35,172
35,174
35,175
35,178
35,179
35,184
35,191
35,193
35,196
35,199
36,37
36,38
36,39
36,40
36,41
36,42
36,43
36,44
36,45
36,46
36,47
36,48
36,49
36,50
36,51
36,52
36,53
36,54
36,55
36,60
36,63
36,68
36,69
36,72
36,73
36,78
36,80
36,82
36,83
36,85
36,86
36,87
36,90
36,91
36,92
36,107
36,111
36,114
36,124
36,129
36,131
36,145
36,146
36,152
36,154
36,163
36,164
36,165
36,168
36,169
36,170
36,174
36,175
36,184
36,191
36,193
36,196
36,199
37,38
37,39
37,40
37,41
37,42
37,43
37,44
37,45
37,46
37,47
37,48
37,49
37,50
37,51
37,52
37,53
37,54
37,55
38,39
38,40
38,41
38,42
38,43
38,44
38,45
38,46
38,47
38,48
38,49
38,50
38,51
38,52
38,53
38,54
38,55
38,81
38,95
38,98
38,102
38,103
38,104
38,105
38,106
39,40
39,41
39,42
39,43
39,44
39,45
39,46
39,47
39,48
39,49
39,50
39,51
39,52
39,53
39,54
39,55
39,71
39,75
39,76
39,77
39,79
39,80
39,81
39,89
39,91
39,95
39,97
39,98
39,99
39,103
39,104
39,106
39,110
39,111
39,112
39,115
39,117
39,119
39,125
39,126
39,127
39,130
39,134
39,136
39,138
39,140
39,141
39,142
39,143
39,144
39,145
39,150
39,166
39,167
39,178
39,181
39,184
39,190
39,193
40,41
40,42
40,43
40,44
40,45
40,46
40,47
40,48
40,49
40,50
40,51
40,52
40,53
40,54
40,55
40,75
40,76
40,77
40,78
40,79
40,80
40,81
40,82
40,84
40,85
40,87
41,42
41,43
41,44
41,45
41,46
41,47
41,48
41,49
41,50
41,51
41,52
41,53
41,54
41,55
41,60
41,63
41,68
41,69
41,72
41,73
41,77
41,78
41,79
41,80
41,82
41,83
41,85
41,86
41,87
41,88
41,89
41,90
41,91
41,92
41,94
41,95
41,97
41,98
41,102
41,103
41,105
41,106
41,107
41,109
41,110
41,111
41,114
41,115
41,116
41,117
41,119
41,120
41,121
41,123
41,124
41,127
41,129
41,131
41,145
41,146
41,152
41,154
41,163
41,164
41,165
41,168
41,169
41,170
41,174
41,175
41,184
41,191
41,193
41,196
41,199
42,43
42,44
42,45
42,46
42,47
42,48
42,49
42,50
42,51
42,52
42,53
42,54
42,55
42,60
42,63
42,68
42,69
42,72
42,73
42,78
42,80
42,82
42,83
42,85
42,86
42,87
42,90
42,91
42,92
42,107
42,111
42,114
42,124
42,129
42,131
42,145
42,146
42,152
42,154
42,163
42,164
42,165
42,168
42,169
42,170
42,174
42,175
42,184
42,191
42,193
42,196
42,199
43,44
43,45
43,46
43,47
43,48
43,49
43,50
43,51
43,52
43,53
43,54
43,55
43,86
43,87
43,92
43,96
43,99
43,101
43,102
43,103
43,104
43,105
43,106
43,115
43,116
43,117
43,120
43,122
43,125
43,126
43,132
44,45
44,46
44,47
44,48
44,49
44,50
44,51
44,52
44,53
44,54
44,55
44,64
44,70
44,71
44,72
44,73
44,75
44,76
44,77
44,79
44,81
44,82
44,83
44,84
44,85
44,86
44,87
44,88
44,89
44,90
44,95
44,96
44,97
44,100
44,101
44,102
44,103
44,104
44,105
44,108
44,109
44,110
44,111
44,112
44,115
44,117
44,118
44,119
44,120
44,121
44,122
44,125
44,126
44,127
44,131
44,132
44,134
44,136
44,139
44,142
44,144
44,159
44,161
44,162
44,167
45,46
45,47
45,48
45,49
45,50
45,51
45,52
45,53
45,54
45,55
45,81
45,82
45,83
45,84
45,85
45,86
45,87
45,88
45,89
45,90
45,91
45,92
45,94
45,95
45,96
45,97
45,98
45,99
45,100
45,101
45,103
45,104
45,106
45,109
45,110
45,111
45,112
45,113
45,115
45,116
45,117
45,119
45,120
45,121
45,122
46,47
46,48
46,49
46,50
46,51
46,52
46,53
46,54
46,55
46,60
46,63
46,68
46,69
46,72
46,73
46,78
46,80
46,82
46,83
46,85
46,86
46,87
46,90
46,91
46,92
46,107
46,111
46,114
46,124
46,129
46,131
46,145
46,146
46,152
46,154
46,163
46,164
46,165
46,168
46,169
46,170
46,174
46,175
46,184
46,191
46,193
46,196
46,199
47,48
47,49
47,50
47,51
47,52
47,53
47,54
47,55
47,60
47,63
47,68
47,69
47,72
47,73
47,78
47,80
47,82
47,83
47,85
47,86
47,87
47,89
47,90
47,91
47,92
47,94
47,95
47,96
47,97
47,98
47,99
47,102
47,103
47,104
47,106
47,107
47,108
47,111
47,112
47,114
47,115
47,116
47,117
47,118
47,119
47,120
47,124
47,125
47,126
47,128
47,129
47,130
47,131
47,132
47,134
47,140
47,141
47,144
47,145
47,146
47,152
47,154
47,159
47,161
47,163
47,164
47,165
47,166
47,168
47,169
47,170
47,174
47,175
47,184
47,191
47,193
47,196
47,199
48,49
48,50
48,51
48,52
48,53
48,54
48,55
49,50
49,51
49,52
49,53
49,54
49,55
49,60
49,63
49,68
49,69
49,72
49,73
49,78
49,80
49,82
49,83
49,85
49,86
49,87
49,90
49,91
49,92
49,107
49,111
49,114
49,124
49,129
49,131
49,145
49,146
49,152
49,154
49,163
49,164
49,165
49,168
49,169
49,170
49,174
49,175
49,184
49,191
49,193
49,196
49,199
50,51
50,52
50,53
50,54
51,52
51,53
51,54
51,55
52,53
52,54
52,55
53,54
53,55
54,55
60,63
60,68
60,69
60,72
60,73
60,78
60,80
60,82
60,83
60,85
60,86
60,87
60,90
60,91
60,92
60,107
60,111
60,114
60,124
60,129
60,131
60,145
60,146
60,152
60,154
60,163
60,164
60,165
60,168
60,169
60,170
60,174
60,175
60,184
60,191
60,193
60,196
60,199
62,69
62,73
62,74
62,75
62,78
62,81
62,82
62,84
62,87
62,88
62,89
62,93
62,94
62,95
62,96
62,100
62,107
62,109
62,111
62,118
62,121
62,122
62,125
62,126
62,127
62,128
62,130
62,138
62,140
62,143
62,159
62,161
62,162
62,166
62,172
62,173
62,178
62,182
63,68
63,69
63,70
63,71
63,72
63,73
63,74
63,75
63,78
63,80
63,81
63,82
63,83
63,84
63,85
63,86
63,87
63,88
63,90
63,91
63,92
63,94
63,96
63,97
63,98
63,99
63,101
63,102
63,103
63,106
63,107
63,109
63,111
63,114
63,120
63,122
63,123
63,124
63,125
63,126
63,127
63,128
63,129
63,131
63,145
63,146
63,152
63,154
63,163
63,164
63,165
63,168
63,169
63,170
63,174
63,175
63,184
63,191
63,193
63,196
63,199
64,66
64,67
64,69
64,70
64,71
64,72
64,74
64,75
64,76
64,81
64,82
64,85
64,87
64,88
64,89
64,90
64,94
64,95
64,96
64,97
64,98
64,100
64,101
64,102
64,105
64,109
64,111
64,113
64,115
64,118
64,119
64,121
64,122
64,123
64,125
65,69
65,70
65,71
65,72
65,73
65,74
65,75
65,76
65,77
65,78
65,81
65,82
65,83
65,84
65,85
65,87
65,88
65,89
65,90
66,67
66,69
66,70
66,71
66,72
66,73
66,74
66,75
66,76
66,77
66,78
66,79
66,81
66,84
66,85
66,86
66,87
66,88
66,90
66,91
66,93
66,95
66,97
66,98
66,99
66,100
66,101
66,102
66,105
66,106
66,107
66,109
66,111
66,115
66,117
67,69
67,70
67,71
67,72
67,73
67,74
67,75
67,76
67,77
67,79
67,81
67,82
67,83
67,84
67,85
67,86
67,87
67,88
67,90
67,91
67,92
67,93
67,94
67,95
67,97
67,100
68,69
68,71
68,72
68,73
68,74
68,75
68,76
68,77
68,78
68,80
68,82
68,83
68,85
68,86
68,87
68,88
68,89
68,90
68,91
68,92
68,93
68,94
68,95
68,99
68,101
68,102
68,104
68,106
68,107
68,108
68,109
68,110
68,111
68,112
68,113
68,114
68,115
68,117
68,118
68,119
68,120
68,121
68,122
68,124
68,125
68,126
68,128
68,129
68,130
68,131
68,132
68,136
68,138
68,139
68,145
68,146
68,152
68,154
68,163
68,164
68,165
68,168
68,169
68,170
68,174
68,175
68,184
68,191
68,193
68,196
68,199
69,70
69,72
69,73
69,74
69,75
69,76
69,77
69,78
69,79
69,80
69,81
69,82
69,83
69,85
69,86
69,87
69,90
69,91
69,92
69,107
69,111
69,114
69,124
69,129
69,131
69,145
69,146
69,152
69,154
69,163
69,164
69,165
69,168
69,169
69,170
69,174
69,175
69,184
69,191
69,193
69,196
69,199
70,73
70,74
70,76
70,79
70,81
70,82
70,83
70,84
70,85
70,86
70,87
70,88
70,89
70,91
70,92
70,93
70,94
70,96
70,97
70,99
70,100
70,101
70,102
70,104
70,105
70,108
70,110
70,111
70,112
70,113
70,115
70,117
70,120
70,121
70,123
70,127
70,128
70,130
70,131
70,132
70,133
70,134
70,135
70,136
70,138
70,141
70,150
70,157
70,167
70,170
71,73
71,74
71,75
71,76
71,78
71,79
71,80
71,82
71,83
71,84
71,85
71,86
71,87
71,88
71,89
72,73
72,74
72,78
72,80
72,82
72,83
72,85
72,86
72,87
72,90
72,91
72,92
72,107
72,111
72,114
72,124
72,129
72,131
72,145
72,146
72,152
72,154
72,163
72,164
72,165
72,168
72,169
72,170
72,174
72,175
72,184
72,191
72,193
72,196
72,199
73,74
73,76
73,78
73,79
73,80
73,81
73,82
73,83
73,85
73,86
73,87
73,89
73,90
73,91
73,92
73,95
73,97
73,98
73,99
73,101
73,102
73,106
73,107
73,108
73,109
73,111
73,112
73,113
73,114
73,115
73,116
73,117
73,118
73,120
73,122
73,123
73,124
73,129
73,131
73,145
73,146
73,152
73,154
73,163
73,164
73,165
73,168
73,169
73,170
73,174
73,175
73,184
73,191
73,193
73,196
73,199
74,76
74,77
74,78
74,79
74,80
74,81
74,82
74,85
74,87
74,89
74,90
74,94
75,81
75,82
75,83
75,85
75,86
75,87
75,88
75,89
75,90
75,92
75,94
75,96
75,97
75,98
75,99
75,102
75,103
75,105
75,106
75,107
75,109
75,113
75,116
75,117
75,118
75,119
75,120
75,121
75,123
75,124
75,125
75,126
75,129
75,138
75,139
75,140
75,143
75,150
75,153
76,77
76,78
76,79
76,80
76,82
76,83
76,85
76,86
76,87
76,88
76,89
76,90
77,78
77,80
77,82
77,83
77,85
77,86
77,87
77,88
77,89
77,90
77,91
77,93
77,96
77,97
77,99
77,100
77,101
77,103
77,104
77,105
77,107
77,108
77,110
77,111
77,112
77,113
77,115
77,116
77,117
77,118
77,119
77,120
77,121
77,122
77,124
77,125
77,126
77,128
77,129
77,130
77,132
77,135
77,137
77,141
77,143
77,144
78,79
78,80
78,81
78,82
78,83
78,84
78,85
78,86
78,87
78,89
78,90
78,91
78,92
78,96
78,97
78,98
78,99
78,100
78,107
78,111
78,114
78,124
78,129
78,131
78,145
78,146
78,152
78,154
78,163
78,164
78,165
78,168
78,169
78,170
78,174
78,175
78,184
78,191
78,193
78,196
78,199
80,81
80,82
80,83
80,84
80,85
80,86
80,87
80,89
80,90
80,91
80,92
80,94
80,96
80,97
80,98
80,101
80,102
80,104
80,105
80,106
80,107
80,109
80,111
80,114
80,124
80,129
80,131
80,145
80,146
80,152
80,154
80,163
80,164
80,165
80,168
80,169
80,170
80,174
80,175
80,184
80,191
80,193
80,196
80,199
81,82
81,84
81,85
81,86
81,88
81,92
81,93
81,94
81,95
81,96
81,97
81,98
81,99
81,101
81,102
81,103
82,83
82,84
82,85
82,86
82,87
82,88
82,89
82,90
82,91
82,92
82,95
82,96
82,97
82,98
82,99
82,100
82,102
82,103
82,105
82,106
82,107
82,108
82,109
82,110
82,111
82,112
82,114
82,124
82,129
82,131
82,145
82,146
82,152
82,154
82,163
82,164
82,165
82,168
82,169
82,170
82,174
82,175
82,184
82,191
82,193
82,196
82,199
83,84
83,85
83,86
83,87
83,88
83,89
83,90
83,91
83,92
83,93
83,94
83,95
83,96
83,98
83,99
83,100
83,101
83,102
83,103
83,105
83,106
83,107
83,108
83,110
83,111
83,114
83,116
83,118
83,119
83,120
83,121
83,122
83,123
83,124
83,125
83,127
83,128
83,129
83,130
83,131
83,145
83,146
83,152
83,154
83,163
83,164
83,165
83,168
83,169
83,170
83,174
83,175
83,184
83,191
83,193
83,196
83,199
84,87
84,88
84,90
84,91
84,93
84,94
84,96
84,97
84,98
84,99
84,100
84,101
84,102
84,103
84,104
84,105
84,106
84,107
84,108
84,109
84,110
84,111
84,112
84,113
84,115
84,117
84,118
84,119
84,120
84,121
84,122
84,123
84,124
84,125
84,126
84,127
84,130
84,132
84,133
84,134
84,136
84,137
84,138
84,140
84,157
84,170
84,175
85,86
85,87
85,89
85,90
85,91
85,92
85,93
85,94
85,95
85,96
85,97
85,98
85,99
85,100
85,102
85,103
85,104
85,105
85,106
85,107
85,108
85,110
85,111
85,112
85,113
85,114
85,115
85,116
85,117
85,118
85,119
85,121
85,122
85,124
85,125
85,126
85,127
85,129
85,130
85,131
85,132
85,134
85,135
85,136
85,137
85,138
85,140
85,141
85,142
85,143
85,144
85,145
85,146
85,149
85,152
85,154
85,156
85,157
85,163
85,164
85,165
85,166
85,167
85,168
85,169
85,170
85,174
85,175
85,184
85,191
85,193
85,196
85,199
86,87
86,89
86,90
86,91
86,92
86,94
86,95
86,107
86,111
86,114
86,124
86,129
86,131
86,145
86,146
86,152
86,154
86,163
86,164
86,165
86,168
86,169
86,170
86,174
86,175
86,184
86,191
86,193
86,196
86,199
87,89
87,90
87,91
87,92
87,93
87,94
87,95
87,96
87,97
87,107
87,111
87,114
87,124
87,129
87,131
87,145
87,146
87,152
87,154
87,163
87,164
87,165
87,168
87,169
87,170
87,174
87,175
87,184
87,191
87,193
87,196
87,199
88,89
88,92
88,94
88,95
88,96
88,97
88,100
88,101
88,103
88,104
88,105
88,106
88,107
88,109
88,111
88,112
89,90
89,91
89,92
89,93
89,94
89,95
89,96
89,97
89,98
89,99
89,100
89,101
89,102
89,103
89,104
89,105
89,106
89,107
89,111
89,113
89,115
89,116
89,117
89,118
89,119
89,121
89,124
89,127
89,130
89,131
89,132
89,134
89,135
89,136
89,141
89,142
89,143
89,144
89,147
89,153
89,158
89,166
89,170
89,175
90,91
90,92
90,93
90,94
90,96
90,97
90,99
90,100
90,101
90,102
90,103
90,107
90,111
90,114
90,124
90,129
90,131
90,145
90,146
90,152
90,154
90,163
90,164
90,165
90,168
90,169
90,170
90,174
90,175
90,184
90,191
90,193
90,196
90,199
91,92
91,93
91,94
91,95
91,96
91,107
91,111
91,114
91,124
91,129
91,131
91,145
91,146
91,152
91,154
91,163
91,164
91,165
91,168
91,169
91,170
91,174
91,175
91,184
91,191
91,193
91,196
91,199
92,96
92,98
92,99
92,100
92,101
92,102
92,103
92,107
92,109
92,110
92,111
92,113
92,114
92,117
92,118
92,120
92,121
92,124
92,125
92,127
92,128
92,129
92,130
92,131
92,132
92,133
92,135
92,136
92,139
92,140
92,141
92,143
92,144
92,145
92,146
92,148
92,151
92,152
92,153
92,154
92,163
92,164
92,165
92,168
92,169
92,170
92,174
92,175
92,184
92,191
92,193
92,196
92,199
93,95
93,96
93,97
93,99
93,100
93,101
93,103
93,104
93,108
93,109
93,110
93,113
93,115
93,116
93,118
93,119
93,120
93,121
93,123
93,124
93,125
93,127
93,128
93,129
93,130
93,132
93,133
93,134
93,138
93,139
94,96
94,100
94,101
94,102
94,103
94,105
94,109
94,110
94,112
94,113
94,115
94,116
94,117
94,118
94,119
94,120
95,99
95,100
95,101
95,102
95,103
95,104
95,106
95,108
95,109
95,112
95,113
95,115
95,116
95,117
95,118
95,120
95,123
95,124
95,125
96,98
96,99
96,100
96,101
96,102
96,104
96,105
96,106
96,107
96,108
96,109
96,110
96,112
96,113
96,115
96,116
96,117
96,118
96,119
96,120
96,121
96,122
96,123
96,124
96,126
96,128
96,129
96,130
96,134
97,98
97,99
97,100
97,101
97,102
98,99
98,100
98,101
98,103
98,104
98,105
98,106
98,107
98,108
98,109
98,110
98,111
98,113
98,115
98,116
98,117
99,100
99,102
99,103
99,105
99,106
99,107
99,108
99,109
99,110
99,111
99,112
99,113
99,115
99,117
99,118
99,119
99,120
99,121
99,122
99,123
99,125
99,127
99,128
99,129
99,130
99,132
99,133
99,134
99,136
99,138
99,144
99,147
99,151
100,101
100,102
100,103
100,104
100,105
100,106
100,107
100,108
100,109
100,110
100,111
100,114
100,115
100,116
101,102
101,104
101,106
101,107
101,108
101,109
101,110
101,111
101,112
101,113
101,114
101,115
101,116
101,117
101,120
101,122
101,124
101,129
101,131
101,132
101,133
101,134
101,135
101,136
101,137
101,139
101,140
101,142
101,143
101,148
101,149
101,151
101,153
101,156
101,158
101,166
101,173
102,103
102,105
102,106
102,107
102,108
102,109
102,111
103,104
103,105
103,106
103,107
103,108
103,109
103,110
103,111
103,114
103,115
103,116
103,117
103,118
103,120
103,121
104,105
104,106
104,107
104,108
104,109
104,110
104,113
104,114
104,115
104,116
104,117
104,118
104,120
104,121
104,122
104,123
104,124
104,126
104,127
104,129
104,131
104,132
104,134
104,135
104,136
104,137
104,138
104,139
104,141
104,142
104,143
104,147
104,149
104,151
104,152
104,153
104,158
104,160
104,161
104,166
104,173
104,178
104,195
105,106
105,108
105,109
105,110
105,111
105,112
105,113
105,114
105,115
105,117
105,118
105,119
105,120
105,121
105,122
105,123
105,124
105,125
105,126
105,127
105,128
105,129
105,130
105,132
105,133
105,134
105,135
105,136
105,137
105,138
105,139
105,140
105,141
105,142
105,143
105,145
105,147
105,148
105,149
105,150
105,151
105,158
105,160
105,161
105,162
105,163
105,166
105,167
105,171
105,172
105,173
105,178
106,108
106,109
106,110
106,111
106,112
106,113
106,114
106,116
106,117
106,118
106,119
106,120
106,121
106,123
106,124
106,125
106,126
106,127
106,128
107,108
107,109
107,110
107,111
107,112
107,113
107,114
107,124
107,129
107,131
107,145
107,146
107,152
107,154
107,163
107,164
107,165
107,168
107,169
107,170
107,174
107,175
107,184
107,191
107,193
107,196
107,199
108,112
108,113
108,115
108,116
108,117
108,121
108,124
108,127
108,128
108,129
108,130
108,131
108,132
108,138
108,143
108,145
108,147
108,148
108,149
108,150
108,153
108,154
108,155
108,158
108,161
108,162
108,163
108,164
108,167
108,171
108,172
108,173
108,176
108,178
108,180
108,187
109,111
109,113
109,114
109,115
109,116
109,117
109,118
109,119
109,120
109,122
109,123
109,124
109,125
109,126
109,127
109,128
109,129
109,130
110,112
110,113
110,115
110,117
110,119
110,120
110,123
110,124
110,125
110,126
110,127
110,128
110,129
110,130
110,131
110,132
110,133
110,135
110,136
110,137
110,138
110,139
110,140
110,141
110,142
110,143
110,145
110,146
110,147
110,149
110,150
110,153
110,154
110,155
110,156
110,157
110,158
110,159
110,160
110,161
110,162
110,163
110,165
110,166
110,167
110,170
110,171
110,173
110,175
110,176
110,178
110,180
111,112
111,113
111,114
111,115
111,116
111,118
111,119
111,120
111,121
111,122
111,123
111,124
111,128
111,129
111,130
111,131
111,132
111,133
111,134
111,135
111,138
111,139
111,140
111,141
111,142
111,143
111,145
111,146
111,149
111,152
111,154
111,156
111,158
111,159
111,160
111,161
111,162
111,163
111,164
111,165
111,168
111,169
111,170
111,174
111,175
111,184
111,191
111,193
111,196
111,199
112,113
112,114
112,115
112,116
112,118
112,119
112,120
112,121
112,123
112,124
112,125
112,127
112,128
112,129
112,131
112,132
112,133
112,134
112,135
112,137
112,138
112,139
112,140
112,141
112,142
112,143
112,144
112,145
112,146
112,147
112,148
112,149
112,150
112,151
112,152
112,153
112,155
112,156
112,157
112,158
112,159
112,160
112,161
112,162
112,163
112,164
112,165
112,170
112,171
112,172
112,173
112,175
112,178
112,179
112,180
112,190
113,115
114,118
114,119
114,124
114,129
114,131
114,145
114,146
114,152
114,154
114,163
114,164
114,165
114,168
114,169
114,170
114,174
114,175
114,184
114,191
114,193
114,196
114,199
115,116
115,117
115,119
115,120
115,121
115,123
115,124
115,126
115,127
115,128
115,129
115,130
115,134
115,135
115,136
115,137
115,138
115,139
115,140
115,141
115,143
115,144
115,145
115,146
115,149
115,150
115,151
115,153
115,154
115,156
115,158
115,159
115,162
115,165
115,166
115,167
115,170
115,178
115,179
115,187
115,188
115,190
115,195
116,119
116,120
116,121
116,122
116,123
116,125
116,127
116,128
116,130
117,118
117,119
117,120
117,121
117,122
117,123
117,124
117,125
117,127
117,128
117,129
117,131
117,133
117,135
117,136
117,138
117,139
117,141
117,142
117,143
117,145
117,146
117,149
117,150
117,151
117,152
117,153
117,156
117,157
117,158
117,159
117,161
117,162
117,163
117,165
117,166
117,169
117,172
117,173
117,174
117,175
117,176
117,178
117,179
117,183
117,187
117,188
117,195
118,119
118,120
118,121
118,122
118,123
118,124
118,126
118,127
118,129
118,130
118,131
118,133
118,134
118,135
118,138
118,139
118,142
118,143
118,146
118,147
118,148
118,149
118,150
118,151
118,153
118,157
118,158
118,159
118,161
118,164
118,165
118,166
118,167
118,169
118,170
118,171
118,172
118,173
118,175
118,176
118,177
118,179
118,180
118,187
118,188
118,190
118,194
118,195
119,120
119,123
119,124
119,127
119,128
119,129
119,130
119,131
119,133
119,134
119,135
119,136
119,138
119,140
119,141
119,142
119,143
119,145
119,146
119,147
119,148
119,149
119,151
119,152
119,153
119,154
119,156
119,158
119,159
119,161
119,162
119,164
119,165
119,166
119,167
119,168
119,170
119,172
120,122
120,123
120,124
120,125
120,127
120,129
120,130
120,132
120,133
120,134
120,135
120,136
120,137
120,139
120,140
120,141
120,142
120,143
120,144
120,145
120,146
120,147
120,148
120,149
120,150
120,151
120,152
120,154
120,155
120,157
120,158
120,159
120,161
120,162
120,164
120,165
120,166
120,167
120,168
120,169
120,170
120,171
120,172
120,173
120,175
120,177
120,178
121,122
121,123
121,124
121,125
121,126
121,128
121,129
121,130
121,131
121,132
121,133
121,134
121,135
121,136
121,137
121,138
122,123
122,124
122,125
122,126
122,127
122,128
122,129
122,130
122,131
122,132
122,133
122,134
122,135
122,136
122,137
122,138
122,139
122,141
122,142
122,143
122,144
122,146
122,147
122,151
122,154
122,156
122,157
122,159
122,160
122,161
122,162
122,163
122,164
122,165
122,166
122,167
122,168
122,169
122,170
122,171
122,177
122,178
122,179
122,182
122,183
123,124
124,125
124,126
124,127
124,128
124,129
124,130
124,131
124,132
124,133
124,136
124,138
124,139
124,140
124,145
124,146
124,152
124,154
124,163
124,164
124,165
124,168
124,169
124,170
124,174
124,175
124,184
124,191
124,193
124,196
124,199
125,126
125,127
125,128
125,129
125,130
125,131
125,133
125,134
125,135
125,136
125,137
125,138
125,139
125,140
125,142
125,143
125,145
125,146
125,148
125,149
125,150
125,152
125,153
125,155
125,156
125,157
125,158
125,160
125,161
125,162
125,163
125,164
125,165
125,168
125,169
125,173
125,175
125,177
125,179
125,180
125,186
125,187
125,188
126,127
126,128
126,129
127,128
127,129
127,130
127,131
127,132
127,133
127,134
127,135
127,136
127,137
127,138
127,139
127,140
127,141
127,143
127,144
127,149
127,150
127,151
127,153
127,154
127,155
127,156
127,157
127,158
127,159
127,160
127,161
127,162
127,163
127,166
127,173
127,175
127,176
127,177
127,179
127,180
127,183
127,186
127,187
127,188
127,190
127,194
127,195
128,129
128,130
128,131
128,133
128,134
128,135
128,136
128,137
128,138
128,139
128,141
128,145
128,147
128,148
128,149
128,150
128,151
128,152
128,153
128,154
128,155
128,158
128,159
128,160
128,162
129,131
129,132
129,133
129,135
129,136
129,137
129,138
129,139
129,141
129,142
129,143
129,144
129,145
129,146
129,147
129,148
129,149
129,150
129,151
129,152
129,153
129,154
129,156
129,157
129,158
129,159
129,160
129,162
129,163
129,164
129,165
129,166
129,168
129,169
129,170
129,172
129,174
129,175
129,177
129,179
129,180
129,181
129,182
129,183
129,184
129,185
129,186
129,187
129,188
129,190
129,191
129,193
129,194
129,195
129,196
129,199
130,131
130,132
130,133
130,135
130,136
130,137
130,138
130,140
130,141
130,142
130,143
130,144
130,145
130,146
130,147
131,133
131,134
131,135
131,136
131,137
131,138
131,140
131,143
131,144
131,145
131,146
131,147
131,148
131,150
131,151
131,152
131,153
131,154
131,155
131,156
131,157
131,158
131,159
131,160
131,161
131,162
131,163
131,164
131,165
131,167
131,168
131,169
131,170
131,172
131,173
131,174
131,175
131,176
131,177
131,179
131,180
131,181
131,183
131,184
131,185
131,186
131,187
131,188
131,191
131,193
131,195
131,196
131,199
132,133
132,135
132,136
132,137
132,138
132,139
132,140
132,141
132,143
132,144
132,145
132,146
132,148
132,150
133,134
133,135
133,136
133,138
133,140
133,143
133,144
133,145
133,147
133,148
133,149
133,150
133,153
133,154
133,155
133,156
133,158
133,159
133,160
133,162
133,167
133,171
133,172
133,173
133,175
133,177
133,178
133,181
133,182
133,183
133,185
133,188
134,136
134,138
134,140
134,141
134,142
134,143
134,145
134,146
134,147
134,148
134,149
134,153
134,154
134,155
134,156
134,157
134,158
134,159
134,160
134,162
134,164
134,165
134,166
134,167
134,169
134,171
134,172
134,173
134,174
134,175
134,176
134,177
134,178
134,179
134,180
134,181
134,182
134,183
134,185
134,186
134,187
134,189
134,192
134,194
134,195
134,198
135,136
135,137
135,140
135,141
135,142
135,143
135,144
135,145
135,147
135,148
135,149
135,150
135,153
135,154
135,156
136,137
136,138
136,139
136,140
136,141
136,142
136,143
136,144
136,146
136,147
136,148
136,149
136,150
136,152
136,153
136,154
136,156
136,157
136,158
136,159
136,160
136,161
136,162
138,140
138,141
138,142
139,140
139,142
139,143
139,145
139,146
139,147
139,148
139,150
139,151
139,152
139,156
139,157
139,158
139,159
140,144
140,145
140,146
140,148
140,150
140,151
140,152
140,155
140,156
140,157
140,158
140,159
140,160
140,161
140,162
140,166
140,167
140,169
140,171
140,174
140,175
140,179
140,181
140,187
140,189
140,192
140,193
140,198
141,142
141,143
141,144
141,146
141,148
141,149
141,150
141,151
141,152
141,153
141,154
141,155
141,157
141,158
141,159
141,162
141,163
141,164
141,170
141,173
141,176
141,178
141,179
141,180
141,181
141,182
141,183
141,185
141,186
141,187
141,188
141,189
141,190
141,191
141,192
141,194
141,197
142,143
142,144
142,145
143,144
143,145
143,148
143,150
143,151
143,152
143,153
143,155
143,156
143,158
143,159
143,161
143,162
143,163
143,164
143,165
143,172
143,175
143,176
143,177
143,178
143,179
143,180
143,181
143,183
143,185
143,187
143,188
143,189
143,190
143,191
143,192
143,193
143,194
143,198
144,145
144,146
144,147
144,149
144,150
144,153
144,155
144,157
144,158
144,159
144,160
144,161
144,162
144,164
144,166
144,167
144,168
144,170
144,171
144,172
144,173
144,174
144,176
144,177
144,178
144,179
144,180
144,181
144,182
144,183
144,185
145,146
145,147
145,148
145,149
145,150
145,151
145,152
145,154
145,155
145,156
145,157
145,158
145,159
145,160
145,161
145,163
145,164
145,165
145,166
145,167
145,168
145,169
145,170
145,173
145,174
145,175
145,176
145,177
145,178
145,179
145,180
145,181
145,182
145,183
145,184
145,186
145,187
145,188
145,190
145,191
145,193
145,194
145,196
145,197
145,198
145,199
146,148
146,149
146,150
146,151
146,152
146,153
146,154
146,156
146,157
146,158
146,159
146,160
146,162
146,163
146,164
146,165
146,166
146,167
146,168
146,169
146,170
146,172
146,173
146,174
146,175
146,177
146,180
146,181
146,182
146,184
146,185
146,186
146,187
146,188
146,189
146,190
146,191
146,192
146,193
146,194
146,196
146,197
146,198
146,199
147,148
147,149
147,150
147,151
147,152
147,153
147,155
147,156
147,157
147,158
147,159
147,160
147,161
147,162
147,163
147,164
147,165
147,166
147,168
147,169
147,170
147,171
147,172
147,173
147,175
147,176
147,177
147,178
147,179
147,180
147,181
147,183
147,185
147,186
147,187
147,188
147,190
147,191
147,192
147,194
147,195
148,149
148,150
148,151
148,152
148,155
148,156
148,158
148,159
148,160
148,161
148,162
148,163
148,164
148,165
148,166
148,167
148,169
148,170
148,171
148,172
148,173
148,174
149,150
149,151
149,152
149,154
149,155
149,156
149,157
149,158
149,159
149,162
149,163
149,164
149,165
149,166
149,167
149,168
149,169
149,172
149,173
149,174
149,175
149,177
149,178
149,179
149,182
149,183
149,184
149,185
149,186
149,187
149,189
149,190
149,191
149,192
149,193
149,194
149,195
149,197
150,151
150,153
150,154
150,155
150,156
150,157
150,158
150,159
150,160
150,162
150,163
150,164
150,166
150,167
150,168
150,171
150,172
150,173
150,174
150,175
150,176
150,177
150,178
150,179
150,181
150,183
150,184
150,185
150,186
150,189
150,190
150,191
150,192
150,195
150,196
150,197
151,152
151,153
151,154
151,156
151,157
151,158
151,159
151,160
151,161
151,163
151,164
151,166
151,167
151,168
151,169
151,170
151,171
151,172
151,173
151,175
151,176
151,177
151,178
151,179
151,180
151,181
151,182
151,183
151,184
151,185
151,186
151,187
151,188
151,189
151,190
151,191
151,193
151,195
151,196
151,197
151,198
152,153
152,154
152,156
152,157
152,158
152,159
152,160
152,161
152,162
152,163
152,164
152,165
152,167
152,168
152,169
152,170
152,172
152,173
152,174
152,175
152,184
152,191
152,193
152,196
152,199
153,154
153,155
153,156
153,157
153,158
153,159
153,160
153,162
153,163
153,164
153,167
153,168
153,169
153,170
154,155
154,156
154,158
154,163
154,164
154,165
154,168
154,169
154,170
154,174
154,175
154,184
154,191
154,193
154,196
154,199
155,156
155,157
155,158
155,159
155,160
155,161
155,162
155,163
155,165
155,166
155,167
156,159
156,161
157,158
157,159
157,160
157,161
157,162
157,165
157,166
157,167
157,169
157,170
157,174
157,175
157,179
158,159
158,160
158,161
158,162
158,163
158,164
158,165
158,166
158,167
158,168
158,169
158,171
158,172
158,173
158,174
158,176
158,177
158,178
158,179
158,183
158,186
158,187
158,191
158,192
158,196
158,198
159,160
159,161
159,162
159,164
159,166
159,167
159,168
159,169
159,170
159,172
159,173
159,174
159,175
159,176
159,177
159,178
159,180
159,181
159,182
159,183
159,184
159,185
159,186
159,187
159,189
159,190
159,191
159,193
159,195
159,196
160,161
160,164
161,163
161,164
161,165
161,166
161,168
161,169
161,170
161,172
161,173
161,174
161,175
161,176
161,177
161,178
161,179
161,180
161,184
161,185
161,186
161,187
161,188
161,189
161,190
161,192
161,193
162,163
162,164
162,165
162,166
162,167
162,168
162,169
162,170
162,171
162,173
162,174
162,175
162,176
162,177
162,180
162,182
162,184
162,185
162,186
162,187
162,189
162,190
162,191
163,164
163,165
163,168
163,169
163,170
163,174
163,175
163,184
163,191
163,193
163,196
163,199
164,165
164,166
164,167
164,168
164,169
164,170
164,174
164,175
164,178
164,179
164,181
164,182
164,183
164,184
164,185
164,186
164,187
164,189
164,190
164,191
164,192
164,193
164,194
164,195
164,196
164,198
164,199
165,167
165,168
165,169
165,170
165,171
165,172
165,173
165,174
165,175
165,176
165,177
165,178
165,181
165,182
165,183
165,184
165,186
165,187
165,189
165,190
165,191
165,193
165,194
165,195
165,196
165,199
166,167
166,168
166,169
166,171
166,172
166,175
166,177
166,178
166,179
166,180
166,181
166,182
166,183
166,185
166,186
166,187
166,188
166,189
166,190
166,191
166,192
166,194
166,195
166,198
167,170
167,171
167,172
167,174
167,175
167,176
167,177
167,178
167,179
167,180
167,181
167,183
167,185
167,186
167,188
167,189
167,192
167,193
167,196
167,197
167,198
168,169
168,170
168,174
168,175
168,184
168,191
168,193
168,196
168,199
169,170
169,171
169,174
169,175
169,176
169,177
169,179
169,180
169,181
169,182
169,183
169,184
169,186
169,187
169,188
169,189
169,190
169,191
169,192
169,193
169,194
169,195
169,196
169,198
169,199
170,172
170,173
170,174
170,175
170,176
170,177
170,178
170,179
170,182
170,183
170,184
170,191
170,193
170,196
170,199
171,173
171,176
171,178
171,179
171,180
171,181
171,182
171,183
171,187
171,188
171,189
171,190
171,191
171,192
171,194
171,196
171,197
171,198
172,173
172,174
172,175
172,176
172,177
172,178
172,179
172,180
172,181
172,182
172,183
172,186
172,187
172,188
172,189
172,190
172,191
172,192
172,193
172,194
172,195
172,196
172,197
172,198
173,174
173,175
173,176
173,177
173,179
173,180
173,181
173,182
173,183
173,184
173,186
173,187
173,188
173,189
173,190
173,191
174,175
174,176
174,177
174,178
174,179
174,180
174,181
174,182
174,183
174,184
174,185
174,186
174,191
174,193
174,196
174,199
175,179
175,181
175,183
175,184
175,186
175,187
175,188
175,189
175,191
175,193
175,194
175,195
175,196
175,198
175,199
176,178
176,179
176,180
176,182
176,183
176,184
176,185
176,186
176,187
176,188
176,189
176,191
176,195
176,196
176,198
177,179
177,180
177,181
177,182
177,183
177,184
177,185
177,186
177,189
177,190
177,191
177,192
177,194
177,195
177,196
177,198
178,179
178,181
178,183
178,184
178,185
178,187
178,189
178,190
178,191
178,192
178,193
178,194
178,195
178,197
178,198
179,180
179,182
179,185
179,186
179,187
180,182
180,183
180,184
180,186
180,187
180,188
180,189
180,190
180,191
180,192
180,193
180,194
180,195
180,197
181,182
181,183
181,184
181,185
181,186
181,188
181,189
181,190
181,191
181,193
181,194
181,198
181,199
182,184
182,185
182,186
182,187
182,188
182,189
182,190
182,191
182,193
182,194
182,195
182,196
182,197
182,198
183,184
183,186
183,187
183,188
183,189
183,193
183,194
183,195
183,196
183,197
183,198
183,199
184,186
184,187
184,189
184,190
184,191
184,193
184,194
184,196
184,197
184,198
184,199
185,186
185,187
185,189
185,190
185,191
185,192
185,193
185,194
185,195
185,198
185,199
186,187
186,188
186,189
186,191
186,192
186,193
186,195
186,197
186,199
187,188
187,189
187,191
187,192
187,193
187,194
187,195
187,196
187,197
187,198
187,199
188,189
188,190
188,192
188,193
188,194
188,195
188,196
188,197
188,198
188,199
189,190
189,191
189,192
189,194
189,196
189,197
189,198
189,199
190,191
190,192
190,193
190,194
190,195
190,196
190,197
190,198
190,199
191,193
191,195
191,196
191,197
191,199
192,193
192,194
192,195
192,196
192,198
192,199
193,194
193,196
193,197
193,198
193,199
194,195
194,196
194,197
194,198
194,199
195,196
195,198
195,199
196,197
196,198
196,199
197,198
197,199
198,199
