0,1
0,2
0,3
0,4
0,5
0,6
0,7
0,8
0,9
0,10
0,11
0,12
0,13
0,14
0,15
0,16
0,17
0,18
0,19
0,20
0,21
0,22
0,23
0,24
0,25
0,26
0,27
0,28
0,29
0,30
0,31
0,32
0,33
0,34
0,35
0,36
0,37
0,38
0,39
0,40
0,41
0,42
0,43
0,44
0,45
0,46
0,47
0,48
0,49
0,50
0,51
0,52
0,53
0,54
0,55
0,56
0,57
0,58
0,59
0,60
0,61
0,62
0,63
0,64
0,65
0,66
0,67
0,68
0,69
0,70
0,71
0,72
0,73
0,74
0,75
0,76
0,77
0,78
0,79
0,80
0,81
0,82
0,83
0,84
0,85
0,86
0,87
0,88
1,2
1,3
1,4
1,5
1,6
1,7
1,8
1,9
1,10
1,11
1,12
1,13
1,14
1,15
1,16
1,17
1,18
1,19
1,20
1,21
1,22
1,23
1,24
1,25
1,26
1,27
1,28
1,29
1,30
1,31
1,32
1,33
1,34
1,35
1,36
1,37
1,38
1,39
1,40
1,41
1,42
1,43
1,44
1,45
1,46
1,47
1,48
1,49
1,50
1,51
1,52
1,53
1,54
1,55
1,56
1,57
1,58
1,59
1,60
1,61
1,62
1,63
1,64
1,65
1,66
1,67
1,68
1,69
1,70
1,71
1,72
1,73
1,74
1,75
1,76
1,77
1,78
1,79
1,80
1,81
1,82
1,83
1,84
1,85
1,86
1,87
1,88
1,171
2,3
2,4
2,5
2,6
2,7
2,8
2,9
2,10
2,11
2,12
2,13
2,14
2,15
2,16
2,17
2,18
2,19
2,20
2,21
2,22
2,23
2,24
2,25
2,26
2,27
2,28
2,29
2,30
2,31
2,32
2,33
2,34
2,35
2,36
2,37
2,38
2,39
2,40
2,41
2,42
2,43
2,44
2,45
2,46
2,47
2,48
2,49
2,50
2,51
2,52
2,53
2,54
2,55
2,56
2,57
2,58
2,59
2,60
2,61
2,62
2,63
2,64
2,65
2,66
2,67
2,68
2,69
2,70
2,71
2,72
2,73
2,74
2,75
2,76
2,77
2,78
2,79
2,80
2,81
2,82
2,83
2,84
2,85
2,86
2,87
2,88
3,4
3,5
3,6
3,7
3,8
3,9
3,10
3,11
3,12
3,13
3,14
3,15
3,16
3,17
3,18
3,19
3,20
3,21
3,22
3,23
3,24
3,25
3,26
3,27
3,28
3,29
3,30
3,31
3,32
3,33
3,34
3,35
3,36
3,37
3,38
3,39
3,40
3,41
3,42
3,43
3,44
3,45
3,46
3,47
3,48
3,49
3,50
3,51
3,52
3,53
3,54
3,55
3,56
3,57
3,58
3,59
3,60
3,61
3,62
3,63
3,64
3,65
3,66
3,67
3,68
3,69
3,70
3,71
3,72
3,73
3,74
3,75
3,76
3,77
3,78
3,79
3,80
3,81
3,82
3,83
3,84
3,85
3,86
3,87
3,88
3,89
3,90
3,91
3,92
3,94
3,95
3,99
3,104
3,105
3,108
3,109
3,111
3,114
3,116
3,118
3,119
3,125
3,126
3,131
3,133
3,141
3,143
3,146
3,147
3,148
3,150
3,152
3,153
3,159
3,160
3,164
3,166
3,168
3,169
3,170
3,173
3,175
3,178
3,179
3,181
3,187
3,188
3,193
3,195
3,197
3,198
4,5
4,6
4,7
4,8
4,9
4,10
4,11
4,12
4,13
4,14
4,15
4,16
4,17
4,18
4,19
4,20
4,21
4,22
4,23
4,24
4,25
4,26
4,27
4,28
4,29
4,30
4,31
4,32
4,33
4,34
4,35
4,36
4,37
4,38
4,39
4,40
4,41
4,42
4,43
4,44
4,45
4,46
4,47
4,48
4,49
4,50
4,51
4,52
4,53
4,54
4,55
4,56
4,57
4,58
4,59
4,60
4,61
4,62
4,63
4,64
4,65
4,66
4,67
4,68
4,69
4,70
4,71
4,72
4,73
4,74
4,75
4,76
4,77
4,78
4,79
4,80
4,81
4,82
4,83
4,84
4,85
4,86
4,87
4,88
4,89
4,90
4,91
4,92
4,94
4,95
4,99
4,104
4,105
4,108
4,109
4,111
4,114
4,116
4,118
4,119
4,125
4,126
4,131
4,133
4,141
4,143
4,146
4,147
4,148
4,150
4,152
4,153
4,159
4,160
4,164
4,166
4,168
4,169
4,170
4,173
4,175
4,178
4,179
4,181
4,187
4,188
4,193
4,195
4,197
4,198
5,6
5,7
5,8
5,9
5,10
5,11
5,12
5,13
5,14
5,15
5,16
5,17
5,18
5,19
5,20
5,21
5,22
5,23
5,24
5,25
5,26
5,27
5,28
5,29
5,30
5,31
5,32
5,33
5,34
5,35
5,36
5,37
5,38
5,39
5,40
5,41
5,42
5,43
5,44
5,45
5,46
5,47
5,48
5,49
5,50
5,51
5,52
5,53
5,54
5,55
5,56
5,57
5,58
5,59
5,60
5,61
5,62
5,63
5,64
5,65
5,66
5,67
5,68
5,69
5,70
5,71
5,72
5,73
5,74
5,75
5,76
5,77
5,78
5,79
5,80
5,81
5,82
5,83
5,84
5,85
5,86
5,87
5,88
5,89
5,90
5,91
5,92
5,94
5,95
5,99
5,104
5,105
5,108
5,109
5,111
5,114
5,116
5,118
5,119
5,125
5,126
5,131
5,133
5,141
5,143
5,146
5,147
5,148
5,150
5,152
5,153
5,159
5,160
5,164
5,166
5,168
5,169
5,170
5,173
5,175
5,178
5,179
5,181
5,187
5,188
5,193
5,195
5,197
5,198
6,7
6,8
6,9
6,10
6,11
6,12
6,13
6,14
6,15
6,16
6,17
6,18
6,19
6,20
6,21
6,22
6,23
6,24
6,25
6,26
6,27
6,28
6,29
6,30
6,31
6,32
6,33
6,34
6,35
6,36
6,37
6,38
6,39
6,40
6,41
6,42
6,43
6,44
6,45
6,46
6,47
6,48
6,49
6,50
6,51
6,52
6,53
6,54
6,55
6,56
6,57
6,58
6,59
6,60
6,61
6,62
6,63
6,64
6,65
6,66
6,67
6,68
6,69
6,70
6,71
6,72
6,73
6,74
6,75
6,76
6,77
6,78
6,79
6,80
6,81
6,82
6,83
6,84
6,85
6,86
6,87
6,88
6,89
6,90
6,91
6,92
6,94
6,95
6,99
6,104
6,105
6,108
6,109
6,111
6,114
6,116
6,118
6,119
6,125
6,126
6,131
6,133
6,141
6,143
6,146
6,147
6,148
6,150
6,152
6,153
6,159
6,160
6,164
6,166
6,168
6,169
6,170
6,173
6,175
6,178
6,179
6,181
6,187
6,188
6,193
6,195
6,197
6,198
7,8
7,9
7,10
7,11
7,12
7,13
7,14
7,15
7,16
7,17
7,18
7,19
7,20
7,21
7,22
7,23
7,24
7,25
7,26
7,27
7,28
7,29
7,30
7,31
7,32
7,33
7,34
7,35
7,36
7,37
7,38
7,39
7,40
7,41
7,42
7,43
7,44
7,45
7,46
7,47
7,48
7,49
7,50
7,51
7,52
7,53
7,54
7,55
7,56
7,57
7,58
7,59
7,60
7,61
7,62
7,63
7,64
7,65
7,66
7,67
7,68
7,69
7,70
7,71
7,72
7,73
7,74
7,75
7,76
7,77
7,78
7,79
7,80
7,81
7,82
7,83
7,84
7,85
7,86
7,87
7,88
7,166
7,170
7,171
7,174
7,176
7,177
7,179
7,180
7,183
7,184
7,185
7,187
7,188
7,189
7,191
7,194
8,9
8,10
8,11
8,12
8,13
8,14
8,15
8,16
8,17
8,18
8,19
8,20
8,21
8,22
8,23
8,24
8,25
8,26
8,27
8,28
8,29
8,30
8,31
8,32
8,33
8,34
8,35
8,36
8,37
8,38
8,39
8,40
8,41
8,42
8,43
8,44
8,45
8,46
8,47
8,48
8,49
8,50
8,51
8,52
8,53
8,54
8,55
8,56
8,57
8,58
8,59
8,60
8,61
8,62
8,63
8,64
8,65
8,66
8,67
8,68
8,69
8,70
8,71
8,72
8,73
8,74
8,75
8,76
8,77
8,78
8,79
8,80
8,81
8,82
8,83
8,84
8,85
8,86
8,87
8,88
8,89
8,90
8,91
8,92
8,94
8,95
8,99
8,104
8,105
8,108
8,109
8,111
8,114
8,116
8,118
8,119
8,125
8,126
8,131
8,133
8,141
8,143
8,146
8,147
8,148
8,150
8,152
8,153
8,159
8,160
8,164
8,166
8,168
8,169
8,170
8,173
8,175
8,178
8,179
8,181
8,187
8,188
8,193
8,195
8,197
8,198
9,10
9,11
9,12
9,13
9,14
9,15
9,16
9,17
9,18
9,19
9,20
9,21
9,22
9,23
9,24
9,25
9,26
9,27
9,28
9,29
9,30
9,31
9,32
9,33
9,34
9,35
9,36
9,37
9,38
9,39
9,40
9,41
9,42
9,43
9,44
9,45
9,46
9,47
9,48
9,49
9,50
9,51
9,52
9,53
9,54
9,55
9,56
9,57
9,58
9,59
9,60
9,61
9,62
9,63
9,64
9,65
9,66
9,67
9,68
9,69
9,70
9,71
9,72
9,73
9,74
9,75
9,76
9,77
9,78
9,79
9,80
9,81
9,82
9,83
9,84
9,85
9,86
9,87
9,88
10,11
10,12
10,13
10,14
10,15
10,16
10,17
10,18
10,19
10,20
10,21
10,22
10,23
10,24
10,25
10,26
10,27
10,28
10,29
10,30
10,31
10,32
10,33
10,34
10,35
10,36
10,37
10,38
10,39
10,40
10,41
10,42
10,43
10,44
10,45
10,46
10,47
10,48
10,49
10,50
10,51
10,52
10,53
10,54
10,55
10,56
10,57
10,58
10,59
10,60
10,61
10,62
10,63
10,64
10,65
10,66
10,67
10,68
10,69
10,70
10,71
10,72
10,73
10,74
10,75
10,76
10,77
10,78
10,79
10,80
10,81
10,82
10,83
10,84
10,85
10,86
10,87
10,88
11,12
11,13
11,14
11,15
11,16
11,17
11,18
11,19
11,20
11,21
11,22
11,23
11,24
11,25
11,26
11,27
11,28
11,29
11,30
11,31
11,32
11,33
11,34
11,35
11,36
11,37
11,38
11,39
11,40
11,41
11,42
11,43
11,44
11,45
11,46
11,47
11,48
11,49
11,50
11,51
11,52
11,53
11,54
11,55
11,56
11,57
11,58
11,59
11,60
11,61
11,62
11,63
11,64
11,65
11,66
11,67
11,68
11,69
11,70
11,71
11,72
11,73
11,74
11,75
11,76
11,77
11,78
11,79
11,80
11,81
11,82
11,83
11,84
11,85
11,86
11,87
11,88
11,89
11,90
11,91
11,92
11,94
11,95
11,99
11,104
11,105
11,108
11,109
11,111
11,114
11,116
11,118
11,119
11,125
11,126
11,131
11,133
11,141
11,143
11,146
11,147
11,148
11,150
11,152
11,153
11,159
11,160
11,164
11,166
11,168
11,169
11,170
11,173
11,175
11,178
11,179
11,181
11,187
11,188
11,193
11,195
11,197
11,198
12,13
12,14
12,15
12,16
12,17
12,18
12,19
12,20
12,21
12,22
12,23
12,24
12,25
12,26
12,27
12,28
12,29
12,30
12,31
12,32
12,33
12,34
12,35
12,36
12,37
12,38
12,39
12,40
12,41
12,42
12,43
12,44
12,45
12,46
12,47
12,48
12,49
12,50
12,51
12,52
12,53
12,54
12,55
12,56
12,57
12,58
12,59
12,60
12,61
12,62
12,63
12,64
12,65
12,66
12,67
12,68
12,69
12,70
12,71
12,72
12,73
12,74
12,75
12,76
12,77
12,78
12,79
12,80
12,81
12,82
12,83
12,84
12,85
12,86
12,87
12,88
13,14
13,15
13,16
13,17
13,18
13,19
13,20
13,21
13,22
13,23
13,24
13,25
13,26
13,27
13,28
13,29
13,30
13,31
13,32
13,33
13,34
13,35
13,36
13,37
13,38
13,39
13,40
13,41
13,42
13,43
13,44
13,45
13,46
13,47
13,48
13,49
13,50
13,51
13,52
13,53
13,54
13,55
13,56
13,57
13,58
13,59
13,60
13,61
13,62
13,63
13,64
13,65
13,66
13,67
13,68
13,69
13,70
13,71
13,72
13,73
13,74
13,75
13,76
13,77
13,78
13,79
13,80
13,81
13,82
13,83
13,84
13,85
13,86
13,87
13,88
14,15
14,16
14,17
14,18
14,19
14,20
14,21
14,22
14,23
14,24
14,25
14,26
14,27
14,28
14,29
14,30
14,31
14,32
14,33
14,34
14,35
14,36
14,37
14,38
14,39
14,40
14,41
14,42
14,43
14,44
14,45
14,46
14,47
14,48
14,49
14,50
14,51
14,52
14,53
14,54
14,55
14,56
14,57
14,58
14,59
14,60
14,61
14,62
14,63
14,64
14,65
14,66
14,67
14,68
14,69
14,70
14,71
14,72
14,73
14,74
14,75
14,76
14,77
14,78
14,79
14,80
14,81
14,82
14,83
14,84
14,85
14,86
14,87
14,88
14,89
14,90
14,91
14,92
14,94
14,95
14,99
14,104
14,105
14,108
14,109
14,111
14,114
14,116
14,118
14,119
14,125
14,126
14,131
14,133
14,141
14,143
14,146
14,147
14,148
14,150
14,152
14,153
14,159
14,160
14,164
14,166
14,168
14,169
14,170
14,173
14,175
14,178
14,179
14,181
14,187
14,188
14,193
14,195
14,197
14,198
15,16
15,17
15,18
15,19
15,20
15,21
15,22
15,23
15,24
15,25
15,26
15,27
15,28
15,29
15,30
15,31
15,32
15,33
15,34
15,35
15,36
15,37
15,38
15,39
15,40
15,41
15,42
15,43
15,44
15,45
15,46
15,47
15,48
15,49
15,50
15,51
15,52
15,53
15,54
15,55
15,56
15,57
15,58
15,59
15,60
15,61
15,62
15,63
15,64
15,65
15,66
15,67
15,68
15,69
15,70
15,71
15,72
15,73
15,74
15,75
15,76
15,77
15,78
15,79
15,80
15,81
15,82
15,83
15,84
15,85
15,86
15,87
15,88
16,17
16,18
16,19
16,20
16,21
16,22
16,23
16,24
16,25
16,26
16,27
16,28
16,29
16,30
16,31
16,32
16,33
16,34
16,35
16,36
16,37
16,38
16,39
16,40
16,41
16,42
16,43
16,44
16,45
16,46
16,47
16,48
16,49
16,50
16,51
16,52
16,53
16,54
16,55
16,56
16,57
16,58
16,59
16,60
16,61
16,62
16,63
16,64
16,65
16,66
16,67
16,68
16,69
16,70
16,71
16,72
16,73
16,74
16,75
16,76
16,77
16,78
16,79
16,80
16,81
16,82
16,83
16,84
16,85
16,86
16,87
16,88
16,89
16,90
16,91
16,92
16,94
16,95
16,99
16,104
16,105
16,108
16,109
16,111
16,114
16,116
16,118
16,119
16,125
16,126
16,131
16,133
16,141
16,143
16,146
16,147
16,148
16,150
16,152
16,153
16,159
16,160
16,164
16,166
16,168
16,169
16,170
16,173
16,175
16,178
16,179
16,181
16,187
16,188
16,193
16,195
16,197
16,198
17,18
17,19
17,20
17,21
17,22
17,23
17,24
17,25
17,26
17,27
17,28
17,29
17,30
17,31
17,32
17,33
17,34
17,35
17,36
17,37
17,38
17,39
17,40
17,41
17,42
17,43
17,44
17,45
17,46
17,47
17,48
17,49
17,50
17,51
17,52
17,53
17,54
17,55
17,56
17,57
17,58
17,59
17,60
17,61
17,62
17,63
17,64
17,65
17,66
17,67
17,68
17,69
17,70
17,71
17,72
17,73
17,74
17,75
17,76
17,77
17,78
17,79
17,80
17,81
17,82
17,83
17,84
17,85
17,86
17,87
17,88
17,89
17,90
17,91
17,92
17,94
17,95
17,99
17,104
17,105
17,108
17,109
17,111
17,114
17,116
17,118
17,119
17,125
17,126
17,131
17,133
17,141
17,143
17,146
17,147
17,148
17,150
17,152
17,153
17,159
17,160
17,164
17,166
17,168
17,169
17,170
17,173
17,175
17,178
17,179
17,181
17,187
17,188
17,193
17,195
17,197
17,198
18,19
18,20
18,21
18,22
18,23
18,24
18,25
18,26
18,27
18,28
18,29
18,30
18,31
18,32
18,33
18,34
18,35
18,36
18,37
18,38
18,39
18,40
18,41
18,42
18,43
18,44
18,45
18,46
18,47
18,48
18,49
18,50
18,51
18,52
18,53
18,54
18,55
18,56
18,57
18,58
18,59
18,60
18,61
18,62
18,63
18,64
18,65
18,66
18,67
18,68
18,69
18,70
18,71
18,72
18,73
18,74
18,75
18,76
18,77
18,78
18,79
18,80
18,81
18,82
18,83
18,84
18,85
18,86
18,87
18,88
19,20
19,21
19,22
19,23
19,24
19,25
19,26
19,27
19,28
19,29
19,30
19,31
19,32
19,33
19,34
19,35
19,36
19,37
19,38
19,39
19,40
19,41
19,42
19,43
19,44
19,45
19,46
19,47
19,48
19,49
19,50
19,51
19,52
19,53
19,54
19,55
19,56
19,57
19,58
19,59
19,60
19,61
19,62
19,63
19,64
19,65
19,66
19,67
19,68
19,69
19,70
19,71
19,72
19,73
19,74
19,75
19,76
19,77
19,78
19,79
19,80
19,81
19,82
19,83
19,84
19,85
19,86
19,87
19,88
20,21
20,22
20,23
20,24
20,25
20,26
20,27
20,28
20,29
20,30
20,31
20,32
20,33
20,34
20,35
20,36
20,37
20,38
20,39
20,40
20,41
20,42
20,43
20,44
20,45
20,46
20,47
20,48
20,49
20,50
20,51
20,52
20,53
20,54
20,55
20,56
20,57
20,58
20,59
20,60
20,61
20,62
20,63
20,64
20,65
20,66
20,67
20,68
20,69
20,70
20,71
20,72
20,73
20,74
20,75
20,76
20,77
20,78
20,79
20,80
20,81
20,82
20,83
20,84
20,85
20,86
20,87
20,88
20,89
20,90
20,91
20,92
20,94
20,95
20,99
20,104
20,105
20,108
20,109
20,111
20,114
20,116
20,118
20,119
20,125
20,126
20,131
20,133
20,141
20,143
20,146
20,147
20,148
20,150
20,152
20,153
20,159
20,160
20,164
20,166
20,168
20,169
20,170
20,173
20,175
20,178
20,179
20,181
20,187
20,188
20,193
20,195
20,197
20,198
21,22
21,23
21,24
21,25
21,26
21,27
21,28
21,29
21,30
21,31
21,32
21,33
21,34
21,35
21,36
21,37
21,38
21,39
21,40
21,41
21,42
21,43
21,44
21,45
21,46
21,47
21,48
21,49
21,50
21,51
21,52
21,53
21,54
21,55
21,56
21,57
21,58
21,59
21,60
21,61
21,62
21,63
21,64
21,65
21,66
21,67
21,68
21,69
21,70
21,71
21,72
21,73
21,74
21,75
21,76
21,77
21,78
21,79
21,80
21,81
21,82
21,83
21,84
21,85
21,86
21,87
21,88
21,89
21,90
21,91
21,92
21,94
21,95
21,99
21,104
21,105
21,108
21,109
21,111
21,114
21,116
21,118
21,119
21,125
21,126
21,131
21,133
21,141
21,143
21,145
21,146
21,147
21,148
21,150
21,152
21,153
21,159
21,160
21,163
21,164
21,165
21,166
21,168
21,169
21,170
21,173
21,175
21,176
21,177
21,178
21,179
21,180
21,181
21,185
21,186
21,187
21,188
21,193
21,195
21,197
21,198
21,199
22,23
22,24
22,25
22,26
22,27
22,28
22,29
22,30
22,31
22,32
22,33
22,34
22,35
22,36
22,37
22,38
22,39
22,40
22,41
22,42
22,43
22,44
22,45
22,46
22,47
22,48
22,49
22,50
22,51
22,52
22,53
22,54
22,55
22,56
22,57
22,58
22,59
22,60
22,61
22,62
22,63
22,64
22,65
22,66
22,67
22,68
22,69
22,70
22,71
22,72
22,73
22,74
22,75
22,76
22,77
22,78
22,79
22,80
22,81
22,82
22,83
22,84
22,85
22,86
22,87
22,88
22,89
22,90
22,91
22,92
22,94
22,95
22,99
22,104
22,105
22,108
22,109
22,111
22,114
22,116
22,118
22,119
22,125
22,126
22,131
22,133
22,141
22,143
22,146
22,147
22,148
22,150
22,152
22,153
22,159
22,160
22,164
22,166
22,168
22,169
22,170
22,173
22,175
22,178
22,179
22,181
22,187
22,188
22,193
22,195
22,197
22,198
23,24
23,25
23,26
23,27
23,28
23,29
23,30
23,31
23,32
23,33
23,34
23,35
23,36
23,37
23,38
23,39
23,40
23,41
23,42
23,43
23,44
23,45
23,46
23,47
23,48
23,49
23,50
23,51
23,52
23,53
23,54
23,55
23,56
23,57
23,58
23,59
23,60
23,61
23,62
23,63
23,64
23,65
23,66
23,67
23,68
23,69
23,70
23,71
23,72
23,73
23,74
23,75
23,76
23,77
23,78
23,79
23,80
23,81
23,82
23,83
23,84
23,85
23,86
23,87
23,88
24,25
24,26
24,27
24,28
24,29
24,30
24,31
24,32
24,33
24,34
24,35
24,36
24,37
24,38
24,39
24,40
24,41
24,42
24,43
24,44
24,45
24,46
24,47
24,48
24,49
24,50
24,51
24,52
24,53
24,54
24,55
24,56
24,57
24,58
24,59
24,60
24,61
24,62
24,63
24,64
24,65
24,66
24,67
24,68
24,69
24,70
24,71
24,72
24,73
24,74
24,75
24,76
24,77
24,78
24,79
24,80
24,81
24,82
24,83
24,84
24,85
24,86
24,87
24,88
24,120
24,121
24,122
24,123
24,125
24,127
24,133
24,135
24,136
24,137
24,140
24,142
24,145
24,149
24,151
24,154
24,155
24,156
24,159
24,161
24,163
24,166
24,171
24,173
24,185
24,186
24,187
24,188
24,189
24,190
24,193
24,199
25,26
25,27
25,28
25,29
25,30
25,31
25,32
25,33
25,34
25,35
25,36
25,37
25,38
25,39
25,40
25,41
25,42
25,43
25,44
25,45
25,46
25,47
25,48
25,49
25,50
25,51
25,52
25,53
25,54
25,55
25,56
25,57
25,58
25,59
25,60
25,61
25,62
25,63
25,64
25,65
25,66
25,67
25,68
25,69
25,70
25,71
25,72
25,73
25,74
25,75
25,76
25,77
25,78
25,79
25,80
25,81
25,82
25,83
25,84
25,85
25,86
25,87
25,88
26,27
26,28
26,29
26,30
26,31
26,32
26,33
26,34
26,35
26,36
26,37
26,38
26,39
26,40
26,41
26,42
26,43
26,44
26,45
26,46
26,47
26,48
26,49
26,50
26,51
26,52
26,53
26,54
26,55
26,56
26,57
26,58
26,59
26,60
26,61
26,62
26,63
26,64
26,65
26,66
26,67
26,68
26,69
26,70
26,71
26,72
26,73
26,74
26,75
26,76
26,77
26,78
26,79
26,80
26,81
26,82
26,83
26,84
26,85
26,86
26,87
26,88
27,28
27,29
27,30
27,31
27,32
27,33
27,34
27,35
27,36
27,37
27,38
27,39
27,40
27,41
27,42
27,43
27,44
27,45
27,46
27,47
27,48
27,49
27,50
27,51
27,52
27,53
27,54
27,55
27,56
27,57
27,58
27,59
27,60
27,61
27,62
27,63
27,64
27,65
27,66
27,67
27,68
27,69
27,70
27,71
27,72
27,73
27,74
27,75
27,76
27,77
27,78
27,79
27,80
27,81
27,82
27,83
27,84
27,85
27,86
27,87
27,88
27,89
27,90
27,91
27,92
27,94
27,95
27,99
27,104
27,105
27,108
27,109
27,111
27,114
27,116
27,118
27,119
27,125
27,126
27,131
27,133
27,141
27,143
27,146
27,147
27,148
27,150
27,152
27,153
27,159
27,160
27,164
27,166
27,168
27,169
27,170
27,173
27,175
27,178
27,179
27,181
27,187
27,188
27,193
27,195
27,197
27,198
28,29
28,30
28,31
28,32
28,33
28,34
28,35
28,36
28,37
28,38
28,39
28,40
28,41
28,42
28,43
28,44
28,45
28,46
28,47
28,48
28,49
28,50
28,51
28,52
28,53
28,54
28,55
28,56
28,57
28,58
28,59
28,60
28,61
28,62
28,63
28,64
28,65
28,66
28,67
28,68
28,69
28,70
28,71
28,72
28,73
28,74
28,75
28,76
28,77
28,78
28,79
28,80
28,81
28,82
28,83
28,84
28,85
28,86
28,87
28,88
28,121
28,122
28,123
28,125
28,127
28,130
28,132
28,134
28,136
28,137
28,138
28,140
28,141
28,142
28,143
28,145
28,149
28,152
28,154
28,155
28,156
28,159
28,161
28,163
28,164
28,182
28,183
28,185
28,186
28,187
28,190
28,191
28,192
28,193
28,196
29,30
29,31
29,32
29,33
29,34
29,35
29,36
29,37
29,38
29,39
29,40
29,41
29,42
29,43
29,44
29,45
29,46
29,47
29,48
29,49
29,50
29,51
29,52
29,53
29,54
29,55
29,56
29,57
29,58
29,59
29,60
29,61
29,62
29,63
29,64
29,65
29,66
29,67
29,68
29,69
29,70
29,71
29,72
29,73
29,74
29,75
29,76
29,77
29,78
29,79
29,80
29,81
29,82
29,83
29,84
29,85
29,86
29,87
29,88
29,113
29,114
29,115
29,117
29,119
29,123
29,125
29,127
29,130
29,133
29,134
29,135
29,136
29,137
29,139
29,140
29,141
29,142
29,143
29,145
29,149
29,150
29,153
29,154
29,155
29,156
29,159
29,160
29,161
29,162
29,163
29,164
29,165
29,167
29,170
29,172
29,173
29,176
29,179
29,180
29,182
29,183
29,186
29,189
29,190
29,192
29,193
29,194
29,196
29,197
30,31
30,32
30,33
30,34
30,35
30,36
30,37
30,38
30,39
30,40
30,41
30,42
30,43
30,44
30,45
30,46
30,47
30,48
30,49
30,50
30,51
30,52
30,53
30,54
30,55
30,56
30,57
30,58
30,59
30,60
30,61
30,62
30,63
30,64
30,65
30,66
30,67
30,68
30,69
30,70
30,71
30,72
30,73
30,74
30,75
30,76
30,77
30,78
30,79
30,80
30,81
30,82
30,83
30,84
30,85
30,86
30,87
30,88
30,114
30,116
30,119
30,120
30,121
30,122
30,123
30,125
30,126
30,127
30,129
30,130
30,132
30,133
31,32
31,33
31,34
31,35
31,36
31,37
31,38
31,39
31,40
31,41
31,42
31,43
31,44
31,45
31,46
31,47
31,48
31,49
31,50
31,51
31,52
31,53
31,54
31,55
31,56
31,57
31,58
31,59
31,60
31,61
31,62
31,63
31,64
31,65
31,66
31,67
31,68
31,69
31,70
31,71
31,72
31,73
31,74
31,75
31,76
31,77
31,78
31,79
31,80
31,81
31,82
31,83
31,84
31,85
31,86
31,87
31,88
31,89
31,90
31,91
31,92
31,94
31,95
31,99
31,104
31,105
31,108
31,109
31,111
31,114
31,116
31,118
31,119
31,122
31,123
31,125
31,126
31,127
31,129
31,130
31,131
31,132
31,133
31,134
31,135
31,136
31,141
31,143
31,146
31,147
31,148
31,150
31,152
31,153
31,159
31,160
31,164
31,166
31,168
31,169
31,170
31,173
31,175
31,178
31,179
31,181
31,187
31,188
31,193
31,195
31,197
31,198
32,33
32,34
32,35
32,36
32,37
32,38
32,39
32,40
32,41
32,42
32,43
32,44
32,45
32,46
32,47
32,48
32,49
32,50
32,51
32,52
32,53
32,54
32,55
32,56
32,57
32,58
32,59
32,60
32,61
32,62
32,63
32,64
32,65
32,66
32,67
32,68
32,69
32,70
32,71
32,72
32,73
32,74
32,75
32,76
32,77
32,78
32,79
32,80
32,81
32,82
32,83
32,84
32,85
32,86
32,87
32,88
32,117
32,118
32,119
32,123
32,124
32,125
32,126
32,127
32,129
32,132
32,133
32,134
32,136
32,137
32,139
32,141
32,142
32,143
32,144
32,147
32,148
32,149
32,152
32,153
33,34
33,35
33,36
33,37
33,38
33,39
33,40
33,41
33,42
33,43
33,44
33,45
33,46
33,47
33,48
33,49
33,50
33,51
33,52
33,53
33,54
33,55
33,56
33,57
33,58
33,59
33,60
33,61
33,62
33,63
33,64
33,65
33,66
33,67
33,68
33,69
33,70
33,71
33,72
33,73
33,74
33,75
33,76
33,77
33,78
33,79
33,80
33,81
33,82
33,83
33,84
33,85
33,86
33,87
33,88
33,127
33,129
33,130
33,132
33,134
33,135
33,136
33,137
33,138
33,139
33,140
34,35
34,36
34,37
34,38
34,39
34,40
34,41
34,42
34,43
34,44
34,45
34,46
34,47
34,48
34,49
34,50
34,51
34,52
34,53
34,54
34,55
34,56
34,57
34,58
34,59
34,60
34,61
34,62
34,63
34,64
34,65
34,66
34,67
34,68
34,69
34,70
34,71
34,72
34,73
34,74
34,75
34,76
34,77
34,78
34,79
34,80
34,81
34,82
34,83
34,84
34,85
34,86
34,87
34,88
34,89
34,90
34,91
34,92
34,94
34,95
34,99
34,104
34,105
34,108
34,109
34,111
34,114
34,116
34,118
34,119
34,125
34,126
34,131
34,133
34,141
34,143
34,146
34,147
34,148
34,150
34,152
34,153
34,159
34,160
34,164
34,166
34,168
34,169
34,170
34,173
34,175
34,178
34,179
34,181
34,187
34,188
34,193
34,195
34,197
34,198
35,36
35,37
35,38
35,39
35,40
35,41
35,42
35,43
35,44
35,45
35,46
35,47
35,48
35,49
35,50
35,51
35,52
35,53
35,54
35,55
35,56
35,57
35,58
35,59
35,60
35,61
35,62
35,63
35,64
35,65
35,66
35,67
35,68
35,69
35,70
35,71
35,72
35,73
35,74
35,75
35,76
35,77
35,78
35,79
35,80
35,81
35,82
35,83
35,84
35,85
35,86
35,87
35,88
35,89
35,90
35,91
35,92
35,94
35,95
35,99
35,104
35,105
35,108
35,109
35,111
35,114
35,116
35,118
35,119
35,125
35,126
35,131
35,133
35,141
35,143
35,146
35,147
35,148
35,150
35,152
35,153
35,159
35,160
35,164
35,166
35,168
35,169
35,170
35,173
35,175
35,178
35,179
35,181
35,187
35,188
35,193
35,195
35,197
35,198
36,37
36,38
36,39
36,40
36,41
36,42
36,43
36,44
36,45
36,46
36,47
36,48
36,49
36,50
36,51
36,52
36,53
36,54
36,55
36,56
36,57
36,58
36,59
36,60
36,61
36,62
36,63
36,64
36,65
36,66
36,67
36,68
36,69
36,70
36,71
36,72
36,73
36,74
36,75
36,76
36,77
36,78
36,79
36,80
36,81
36,82
36,83
36,84
36,85
36,86
36,87
36,88
36,119
36,120
36,121
36,122
36,123
36,124
36,125
36,126
36,127
36,129
36,130
36,131
36,133
36,134
36,135
36,136
36,138
36,139
36,143
36,146
36,148
36,149
36,150
36,154
36,161
37,38
37,39
37,40
37,41
37,42
37,43
37,44
37,45
37,46
37,47
37,48
37,49
37,50
37,51
37,52
37,53
37,54
37,55
37,56
37,57
37,58
37,59
37,60
37,61
37,62
37,63
37,64
37,65
37,66
37,67
37,68
37,69
37,70
37,71
37,72
37,73
37,74
37,75
37,76
37,77
37,78
37,79
37,80
37,81
37,82
37,83
37,84
37,85
37,86
37,87
37,88
37,127
37,129
37,130
37,131
37,132
38,39
38,40
38,41
38,42
38,43
38,44
38,45
38,46
38,47
38,48
38,49
38,50
38,51
38,52
38,53
38,54
38,55
38,56
38,57
38,58
38,59
38,60
38,61
38,62
38,63
38,64
38,65
38,66
38,67
38,68
38,69
38,70
38,71
38,72
38,73
38,74
38,75
38,76
38,77
38,78
38,79
38,80
38,81
38,82
38,83
38,84
38,85
38,86
38,87
38,88
39,40
39,41
39,42
39,43
39,44
39,45
39,46
39,47
39,48
39,49
39,50
39,51
39,52
39,53
39,54
39,55
39,56
39,57
39,58
39,59
39,60
39,61
39,62
39,63
39,64
39,65
39,66
39,67
39,68
39,69
39,70
39,71
39,72
39,73
39,74
39,75
39,76
39,77
39,78
39,79
39,80
39,81
39,82
39,83
39,84
39,85
39,86
39,87
39,88
39,89
39,90
39,91
39,92
39,94
39,95
39,99
39,104
39,105
39,108
39,109
39,111
39,114
39,116
39,118
39,119
39,125
39,126
39,131
39,133
39,141
39,143
39,146
39,147
39,148
39,150
39,152
39,153
39,159
39,160
39,164
39,166
39,168
39,169
39,170
39,173
39,175
39,178
39,179
39,181
39,187
39,188
39,193
39,195
39,197
39,198
40,41
40,42
40,43
40,44
40,45
40,46
40,47
40,48
40,49
40,50
40,51
40,52
40,53
40,54
40,55
40,56
40,57
40,58
40,59
40,60
40,61
40,62
40,63
40,64
40,65
40,66
40,67
40,68
40,69
40,70
40,71
40,72
40,73
40,74
40,75
40,76
40,77
40,78
40,79
40,80
40,81
40,82
40,83
40,84
40,85
40,86
40,87
40,88
40,89
40,90
40,91
40,92
40,94
40,95
40,99
40,104
40,105
40,108
40,109
40,111
40,114
40,116
40,118
40,119
40,125
40,126
40,131
40,133
40,141
40,143
40,146
40,147
40,148
40,150
40,152
40,153
40,159
40,160
40,164
40,166
40,168
40,169
40,170
40,173
40,175
40,178
40,179
40,181
40,187
40,188
40,193
40,195
40,197
40,198
41,42
41,43
41,44
41,45
41,46
41,47
41,48
41,49
41,50
41,51
41,52
41,53
41,54
41,55
41,56
41,57
41,58
41,59
41,60
41,61
41,62
41,63
41,64
41,65
41,66
41,67
41,68
41,69
41,70
41,71
41,72
41,73
41,74
41,75
41,76
41,77
41,78
41,79
41,80
41,81
41,82
41,83
41,84
41,85
41,86
41,87
41,88
42,43
42,44
42,45
42,46
42,47
42,48
42,49
42,50
42,51
42,52
42,53
42,54
42,55
42,56
42,57
42,58
42,59
42,60
42,61
42,62
42,63
42,64
42,65
42,66
42,67
42,68
42,69
42,70
42,71
42,72
42,73
42,74
42,75
42,76
42,77
42,78
42,79
42,80
42,81
42,82
42,83
42,84
42,85
42,86
42,87
42,88
42,89
42,90
42,91
42,92
42,94
42,95
42,99
42,104
42,105
42,108
42,109
42,111
42,114
42,116
42,118
42,119
42,125
42,126
42,131
42,133
42,141
42,143
42,146
42,147
42,148
42,150
42,152
42,153
42,159
42,160
42,164
42,166
42,168
42,169
42,170
42,173
42,175
42,178
42,179
42,181
42,187
42,188
42,193
42,195
42,197
42,198
43,44
43,45
43,46
43,47
43,48
43,49
43,50
43,51
43,52
43,53
43,54
43,55
43,56
43,57
43,58
43,59
43,60
43,61
43,62
43,63
43,64
43,65
43,66
43,67
43,68
43,69
43,70
43,71
43,72
43,73
43,74
43,75
43,76
43,77
43,78
43,79
43,80
43,81
43,82
43,83
43,84
43,85
43,86
43,87
43,88
43,89
43,90
43,91
43,92
43,94
43,95
43,99
43,104
43,105
43,108
43,109
43,111
43,114
43,116
43,118
43,119
43,125
43,126
43,131
43,133
43,141
43,143
43,146
43,147
43,148
43,150
43,152
43,153
43,159
43,160
43,164
43,166
43,168
43,169
43,170
43,173
43,175
43,178
43,179
43,181
43,187
43,188
43,193
43,195
43,197
43,198
44,45
44,46
44,47
44,48
44,49
44,50
44,51
44,52
44,53
44,54
44,55
44,56
44,57
44,58
44,59
44,60
44,61
44,62
44,63
44,64
44,65
44,66
44,67
44,68
44,69
44,70
44,71
44,72
44,73
44,74
44,75
44,76
44,77
44,78
44,79
44,80
44,81
44,82
44,83
44,84
44,85
44,86
44,87
44,88
45,46
45,47
45,48
45,49
45,50
45,51
45,52
45,53
45,54
45,55
45,56
45,57
45,58
45,59
45,60
45,61
45,62
45,63
45,64
45,65
45,66
45,67
45,68
45,69
45,70
45,71
45,72
45,73
45,74
45,75
45,76
45,77
45,78
45,79
45,80
45,81
45,82
45,83
45,84
45,85
45,86
45,87
45,88
45,89
45,90
45,91
45,92
45,94
45,95
45,99
45,104
45,105
45,108
45,109
45,111
45,114
45,116
45,118
45,119
45,125
45,126
45,131
45,133
45,141
45,143
45,146
45,147
45,148
45,150
45,152
45,153
45,159
45,160
45,164
45,166
45,168
45,169
45,170
45,173
45,175
45,178
45,179
45,181
45,187
45,188
45,193
45,195
45,197
45,198
46,47
46,48
46,49
46,50
46,51
46,52
46,53
46,54
46,55
46,56
46,57
46,58
46,59
46,60
46,61
46,62
46,63
46,64
46,65
46,66
46,67
46,68
46,69
46,70
46,71
46,72
46,73
46,74
46,75
46,76
46,77
46,78
46,79
46,80
46,81
46,82
46,83
46,84
46,85
46,86
46,87
46,88
46,89
46,90
46,91
46,92
46,94
46,95
46,99
46,104
46,105
46,108
46,109
46,111
46,114
46,116
46,118
46,119
46,125
46,126
46,131
46,133
46,141
46,143
46,146
46,147
46,148
46,150
46,152
46,153
46,159
46,160
46,164
46,166
46,168
46,169
46,170
46,173
46,175
46,178
46,179
46,181
46,187
46,188
46,193
46,195
46,197
46,198
47,48
47,49
47,50
47,51
47,52
47,53
47,54
47,55
47,56
47,57
47,58
47,59
47,60
47,61
47,62
47,63
47,64
47,65
47,66
47,67
47,68
47,69
47,70
47,71
47,72
47,73
47,74
47,75
47,76
47,77
47,78
47,79
47,80
47,81
47,82
47,83
47,84
47,85
47,86
47,87
47,88
47,89
47,90
47,91
47,92
47,94
47,95
47,99
47,104
47,105
47,108
47,109
47,111
47,114
47,116
47,118
47,119
47,125
47,126
47,131
47,133
47,141
47,143
47,146
47,147
47,148
47,150
47,152
47,153
47,159
47,160
47,164
47,166
47,168
47,169
47,170
47,173
47,175
47,178
47,179
47,181
47,187
47,188
47,193
47,195
47,197
47,198
48,49
48,50
48,51
48,52
48,53
48,54
48,55
48,56
48,57
48,58
48,59
48,60
48,61
48,62
48,63
48,64
48,65
48,66
48,67
48,68
48,69
48,70
48,71
48,72
48,73
48,74
48,75
48,76
48,77
48,78
48,79
48,80
48,81
48,82
48,83
48,84
48,85
48,86
48,87
48,88
49,50
49,51
49,52
49,53
49,54
49,55
49,56
49,57
49,58
49,59
49,60
49,61
49,62
49,63
49,64
49,65
49,66
49,67
49,68
49,69
49,70
49,71
49,72
49,73
49,74
49,75
49,76
49,77
49,78
49,79
49,80
49,81
49,82
49,83
49,84
49,85
49,86
49,87
49,88
50,51
50,52
50,53
50,54
50,55
50,56
50,57
50,58
50,59
50,60
50,61
50,62
50,63
50,64
50,65
50,66
50,67
50,68
50,69
50,70
50,71
50,72
50,73
50,74
50,75
50,76
50,77
50,78
50,79
50,80
50,81
50,82
50,83
50,84
50,85
50,86
50,87
50,88
50,89
50,90
50,91
50,92
50,94
50,95
50,99
50,104
50,105
50,108
50,109
50,111
50,114
50,116
50,118
50,119
50,125
50,126
50,131
50,133
50,141
50,143
50,146
50,147
50,148
50,150
50,152
50,153
50,159
50,160
50,164
50,166
50,168
50,169
50,170
50,173
50,175
50,178
50,179
50,181
50,187
50,188
50,193
50,195
50,197
50,198
51,52
51,53
51,54
51,55
51,56
51,57
51,58
51,59
51,60
51,61
51,62
51,63
51,64
51,65
51,66
51,67
51,68
51,69
51,70
51,71
51,72
51,73
51,74
51,75
51,76
51,77
51,78
51,79
51,80
51,81
51,82
51,83
51,84
51,85
51,86
51,87
51,88
51,89
51,90
51,91
51,92
51,94
51,95
51,99
51,104
51,105
51,108
51,109
51,111
51,114
51,116
51,118
51,119
51,125
51,126
51,131
51,133
51,141
51,143
51,146
51,147
51,148
51,150
51,152
51,153
51,159
51,160
51,164
51,166
51,168
51,169
51,170
51,173
51,175
51,178
51,179
51,181
51,187
51,188
51,193
51,195
51,197
51,198
52,53
52,54
52,55
52,56
52,57
52,58
52,59
52,60
52,61
52,62
52,63
52,64
52,65
52,66
52,67
52,68
52,69
52,70
52,71
52,72
52,73
52,74
52,75
52,76
52,77
52,78
52,79
52,80
52,81
52,82
52,83
52,84
52,85
52,86
52,87
52,88
52,89
52,90
52,91
52,92
52,94
52,95
52,99
52,104
52,105
52,108
52,109
52,111
52,114
52,116
52,118
52,119
52,125
52,126
52,131
52,133
52,141
52,143
52,146
52,147
52,148
52,150
52,152
52,153
52,159
52,160
52,164
52,166
52,168
52,169
52,170
52,173
52,175
52,178
52,179
52,181
52,187
52,188
52,193
52,195
52,197
52,198
53,54
53,55
53,56
53,57
53,58
53,59
53,60
53,61
53,62
53,63
53,64
53,65
53,66
53,67
53,68
53,69
53,70
53,71
53,72
53,73
53,74
53,75
53,76
53,77
53,78
53,79
53,80
53,81
53,82
53,83
53,84
53,85
53,86
53,87
53,88
54,55
54,56
54,57
54,58
54,59
54,60
54,61
54,62
54,63
54,64
54,65
54,66
54,67
54,68
54,69
54,70
54,71
54,72
54,73
54,74
54,75
54,76
54,77
54,78
54,79
54,80
54,81
54,82
54,83
54,84
54,85
54,86
54,87
54,88
54,89
54,90
54,91
54,92
54,94
54,95
54,99
54,104
54,105
54,108
54,109
54,111
54,114
54,116
54,118
54,119
54,125
54,126
54,131
54,133
54,141
54,143
54,146
54,147
54,148
54,150
54,152
54,153
54,159
54,160
54,164
54,166
54,168
54,169
54,170
54,173
54,175
54,178
54,179
54,181
54,187
54,188
54,193
54,195
54,197
54,198
55,56
55,57
55,58
55,59
55,60
55,61
55,62
55,63
55,64
55,65
55,66
55,67
55,68
55,69
55,70
55,71
55,72
55,73
55,74
55,75
55,76
55,77
55,78
55,79
55,80
55,81
55,82
55,83
55,84
55,85
55,86
55,87
55,88
56,57
56,58
56,59
56,60
56,61
56,62
56,63
56,64
56,65
56,66
56,67
56,68
56,69
56,70
56,71
56,72
56,73
56,74
56,75
56,76
56,77
56,78
56,79
56,80
56,81
56,82
56,83
56,84
56,85
56,86
56,87
56,88
57,58
57,59
57,60
57,61
57,62
57,63
57,64
57,65
57,66
57,67
57,68
57,69
57,70
57,71
57,72
57,73
57,74
57,75
57,76
57,77
57,78
57,79
57,80
57,81
57,82
57,83
57,84
57,85
57,86
57,87
57,88
58,59
58,60
58,61
58,62
58,63
58,64
58,65
58,66
58,67
58,68
58,69
58,70
58,71
58,72
58,73
58,74
58,75
58,76
58,77
58,78
58,79
58,80
58,81
58,82
58,83
58,84
58,85
58,86
58,87
58,88
58,131
58,132
58,134
58,137
58,139
59,60
59,61
59,62
59,63
59,64
59,65
59,66
59,67
59,68
59,69
59,70
59,71
59,72
59,73
59,74
59,75
59,76
59,77
59,78
59,79
59,80
59,81
59,82
59,83
59,84
59,85
59,86
59,87
59,88
59,89
59,90
59,91
59,92
59,94
59,95
59,99
59,104
59,105
59,108
59,109
59,111
59,114
59,116
59,118
59,119
59,125
59,126
59,131
59,133
59,141
59,143
59,146
59,147
59,148
59,150
59,152
59,153
59,159
59,160
59,164
59,166
59,168
59,169
59,170
59,173
59,175
59,178
59,179
59,181
59,187
59,188
59,193
59,195
59,197
59,198
60,61
60,62
60,63
60,64
60,65
60,66
60,67
60,68
60,69
60,70
60,71
60,72
60,73
60,74
60,75
60,76
60,77
60,78
60,79
60,80
60,81
60,82
60,83
60,84
60,85
60,86
60,87
60,88
61,62
61,63
61,64
61,65
61,66
61,67
61,68
61,69
61,70
61,71
61,72
61,73
61,74
61,75
61,76
61,77
61,78
61,79
61,80
61,81
61,82
61,83
61,84
61,85
61,86
61,87
61,88
62,63
62,64
62,65
62,66
62,67
62,68
62,69
62,70
62,71
62,72
62,73
62,74
62,75
62,76
62,77
62,78
62,79
62,80
62,81
62,82
62,83
62,84
62,85
62,86
62,87
62,88
63,64
63,65
63,66
63,67
63,68
63,69
63,70
63,71
63,72
63,73
63,74
63,75
63,76
63,77
63,78
63,79
63,80
63,81
63,82
63,83
63,84
63,85
63,86
63,87
63,88
63,89
63,90
63,91
63,92
63,94
63,95
63,99
63,104
63,105
63,108
63,109
63,111
63,114
63,116
63,118
63,119
63,125
63,126
63,131
63,133
63,141
63,143
63,146
63,147
63,148
63,150
63,152
63,153
63,159
63,160
63,164
63,166
63,168
63,169
63,170
63,173
63,175
63,178
63,179
63,181
63,187
63,188
63,193
63,195
63,197
63,198
64,65
64,66
64,67
64,68
64,69
64,70
64,71
64,72
64,73
64,74
64,75
64,76
64,77
64,78
64,79
64,80
64,81
64,82
64,83
64,84
64,85
64,86
64,87
64,88
64,89
64,90
64,91
64,92
64,94
64,95
64,99
64,104
64,105
64,108
64,109
64,111
64,114
64,116
64,118
64,119
64,125
64,126
64,131
64,133
64,141
64,143
64,146
64,147
64,148
64,150
64,152
64,153
64,159
64,160
64,164
64,166
64,168
64,169
64,170
64,173
64,175
64,178
64,179
64,181
64,187
64,188
64,193
64,195
64,197
64,198
65,66
65,67
65,68
65,69
65,70
65,71
65,72
65,73
65,74
65,75
65,76
65,77
65,78
65,79
65,80
65,81
65,82
65,83
65,84
65,85
65,86
65,87
65,88
66,67
66,68
66,69
66,70
66,71
66,72
66,73
66,74
66,75
66,76
66,77
66,78
66,79
66,80
66,81
66,82
66,83
66,84
66,85
66,86
66,87
66,88
66,89
66,90
66,91
66,92
66,94
66,95
66,99
66,104
66,105
66,108
66,109
66,111
66,114
66,116
66,118
66,119
66,125
66,126
66,131
66,133
66,141
66,143
66,146
66,147
66,148
66,150
66,152
66,153
66,159
66,160
66,164
66,166
66,168
66,169
66,170
66,173
66,175
66,178
66,179
66,181
66,187
66,188
66,193
66,195
66,197
66,198
67,68
67,69
67,70
67,71
67,72
67,73
67,74
67,75
67,76
67,77
67,78
67,79
67,80
67,81
67,82
67,83
67,84
67,85
67,86
67,87
67,88
68,69
68,70
68,71
68,72
68,73
68,74
68,75
68,76
68,77
68,78
68,79
68,80
68,81
68,82
68,83
68,84
68,85
68,86
68,87
68,88
68,89
68,90
68,91
68,92
68,94
68,95
68,99
68,104
68,105
68,108
68,109
68,111
68,114
68,116
68,118
68,119
68,125
68,126
68,131
68,133
68,141
68,143
68,146
68,147
68,148
68,150
68,152
68,153
68,159
68,160
68,164
68,166
68,168
68,169
68,170
68,173
68,175
68,178
68,179
68,181
68,187
68,188
68,193
68,195
68,197
68,198
69,70
69,71
69,72
69,73
69,74
69,75
69,76
69,77
69,78
69,79
69,80
69,81
69,82
69,83
69,84
69,85
69,86
69,87
69,88
69,89
69,90
69,91
69,92
69,94
69,95
69,99
69,104
69,105
69,108
69,109
69,111
69,114
69,116
69,118
69,119
69,125
69,126
69,131
69,133
69,141
69,143
69,146
69,147
69,148
69,150
69,152
69,153
69,159
69,160
69,164
69,166
69,168
69,169
69,170
69,173
69,175
69,178
69,179
69,181
69,187
69,188
69,193
69,195
69,197
69,198
70,71
70,72
70,73
70,74
70,75
70,76
70,77
70,78
70,79
70,80
70,81
70,82
70,83
70,84
70,85
70,86
70,87
70,88
71,72
71,73
71,74
71,75
71,76
71,77
71,78
71,79
71,80
71,81
71,82
71,83
71,84
71,85
71,86
71,87
71,88
71,121
71,124
71,126
71,127
71,129
71,130
71,131
71,132
71,136
71,137
71,138
71,139
71,142
71,143
71,144
71,163
71,179
71,180
71,183
71,184
71,185
71,186
71,194
71,195
71,196
71,197
72,73
72,74
72,75
72,76
72,77
72,78
72,79
72,80
72,81
72,82
72,83
72,84
72,85
72,86
72,87
72,88
72,89
72,90
72,91
72,92
72,94
72,95
72,99
72,104
72,105
72,108
72,109
72,111
72,114
72,116
72,118
72,119
72,125
72,126
72,131
72,133
72,141
72,143
72,146
72,147
72,148
72,150
72,152
72,153
72,159
72,160
72,164
72,166
72,168
72,169
72,170
72,173
72,175
72,178
72,179
72,181
72,187
72,188
72,193
72,195
72,197
72,198
73,74
73,75
73,76
73,77
73,78
73,79
73,80
73,81
73,82
73,83
73,84
73,85
73,86
73,87
73,88
74,75
74,76
74,77
74,78
74,79
74,80
74,81
74,82
74,83
74,84
74,85
74,86
74,87
74,88
74,186
74,192
74,194
74,195
74,196
75,76
75,77
75,78
75,79
75,80
75,81
75,82
75,83
75,84
75,85
75,86
75,87
75,88
75,89
75,90
75,91
75,92
75,94
75,95
75,99
75,104
75,105
75,108
75,109
75,111
75,114
75,116
75,118
75,119
75,125
75,126
75,131
75,133
75,135
75,138
75,139
75,140
75,141
75,143
75,146
75,147
75,148
75,150
75,152
75,153
75,155
75,156
75,159
75,160
75,164
75,166
75,168
75,169
75,170
75,173
75,175
75,178
75,179
75,181
75,187
75,188
75,193
75,195
75,197
75,198
76,77
76,78
76,79
76,80
76,81
76,82
76,83
76,84
76,85
76,86
76,87
76,88
77,78
77,79
77,80
77,81
77,82
77,83
77,84
77,85
77,86
77,87
77,88
77,89
77,90
77,91
77,92
77,94
77,95
77,99
77,104
77,105
77,108
77,109
77,111
77,114
77,116
77,118
77,119
77,125
77,126
77,131
77,133
77,141
77,143
77,146
77,147
77,148
77,150
77,152
77,153
77,159
77,160
77,164
77,166
77,168
77,169
77,170
77,173
77,175
77,178
77,179
77,181
77,187
77,188
77,192
77,193
77,194
77,195
77,197
77,198
78,79
78,80
78,81
78,82
78,83
78,84
78,85
78,86
78,87
78,88
78,117
78,118
78,119
78,121
78,122
78,123
78,125
79,80
79,81
79,82
79,83
79,84
79,85
79,86
79,87
79,88
79,89
79,90
79,91
79,92
79,94
79,95
79,99
79,104
79,105
79,108
79,109
79,111
79,114
79,116
79,118
79,119
79,120
79,122
79,123
79,125
79,126
79,130
79,131
79,133
79,135
79,136
79,137
79,140
79,141
79,142
79,143
79,145
79,146
79,147
79,148
79,150
79,152
79,153
79,156
79,159
79,160
79,161
79,163
79,164
79,166
79,168
79,169
79,170
79,172
79,173
79,175
79,178
79,179
79,181
79,187
79,188
79,193
79,195
79,197
79,198
80,81
80,82
80,83
80,84
80,85
80,86
80,87
80,88
80,89
80,90
80,91
80,92
80,94
80,95
80,99
80,104
80,105
80,108
80,109
80,111
80,114
80,116
80,118
80,119
80,121
80,122
80,123
80,124
80,125
80,126
80,127
80,131
80,132
80,133
80,136
80,137
80,140
80,141
80,143
80,146
80,147
80,148
80,150
80,151
80,152
80,153
80,154
80,155
80,157
80,159
80,160
80,161
80,162
80,164
80,166
80,168
80,169
80,170
80,172
80,173
80,174
80,175
80,177
80,178
80,179
80,180
80,181
80,184
80,187
80,188
80,192
80,193
80,195
80,197
80,198
81,82
81,83
81,84
81,85
81,86
81,87
81,88
81,89
81,90
81,91
81,92
81,94
81,95
81,99
81,104
81,105
81,108
81,109
81,111
81,114
81,116
81,118
81,119
81,125
81,126
81,131
81,133
81,140
81,141
81,142
81,143
81,145
81,146
81,147
81,148
81,150
81,151
81,152
81,153
81,154
81,155
81,156
81,157
81,158
81,159
81,160
81,164
81,166
81,168
81,169
81,170
81,173
81,175
81,178
81,179
81,181
81,187
81,188
81,193
81,195
81,197
81,198
82,83
82,84
82,85
82,86
82,87
82,88
82,124
82,125
82,127
82,128
82,131
82,136
82,139
82,140
82,142
82,143
82,144
82,145
83,84
83,85
83,86
83,87
83,88
83,119
83,120
83,121
83,124
83,125
83,127
83,128
83,130
83,131
83,132
83,134
83,135
83,136
83,137
83,138
83,139
83,140
83,142
83,143
83,144
83,145
83,156
83,158
83,163
84,85
84,86
84,87
84,88
84,89
84,90
84,91
84,92
84,94
84,95
84,99
84,104
84,105
84,108
84,109
84,111
84,114
84,116
84,118
84,119
84,125
84,126
84,131
84,133
84,141
84,143
84,146
84,147
84,148
84,150
84,152
84,153
84,159
84,160
84,164
84,166
84,168
84,169
84,170
84,173
84,175
84,178
84,179
84,181
84,187
84,188
84,193
84,195
84,197
84,198
85,86
85,87
85,88
85,89
85,90
85,91
85,92
85,94
85,95
85,99
85,104
85,105
85,108
85,109
85,111
85,114
85,116
85,118
85,119
85,125
85,126
85,131
85,133
85,141
85,143
85,146
85,147
85,148
85,150
85,152
85,153
85,159
85,160
85,164
85,166
85,168
85,169
85,170
85,173
85,175
85,178
85,179
85,181
85,187
85,188
85,193
85,195
85,197
85,198
86,87
86,88
86,89
86,90
86,91
86,92
86,94
86,95
86,99
86,104
86,105
86,108
86,109
86,111
86,114
86,116
86,118
86,119
86,125
86,126
86,131
86,133
86,141
86,143
86,146
86,147
86,148
86,150
86,152
86,153
86,159
86,160
86,164
86,166
86,168
86,169
86,170
86,173
86,175
86,178
86,179
86,181
86,187
86,188
86,193
86,195
86,197
86,198
87,88
88,89
88,90
88,91
88,92
88,94
88,95
88,99
88,104
88,105
88,108
88,109
88,111
88,114
88,116
88,118
88,119
88,125
88,126
88,131
88,133
88,141
88,143
88,146
88,147
88,148
88,150
88,152
88,153
88,159
88,160
88,164
88,166
88,168
88,169
88,170
88,173
88,175
88,178
88,179
88,181
88,187
88,188
88,193
88,195
88,197
88,198
89,90
89,91
89,92
89,94
89,95
89,99
89,104
89,105
89,108
89,109
89,111
89,114
89,116
89,118
89,119
89,122
89,123
89,125
89,126
89,127
89,129
89,131
89,132
89,133
89,135
89,141
89,143
89,144
89,146
89,147
89,148
89,150
89,152
89,153
89,154
89,156
89,159
89,160
89,162
89,163
89,164
89,166
89,168
89,169
89,170
89,173
89,175
89,178
89,179
89,181
89,187
89,188
89,189
89,193
89,195
89,197
89,198
90,91
90,92
90,94
90,95
90,99
90,104
90,105
90,108
90,109
90,111
90,114
90,116
90,118
90,119
90,125
90,126
90,131
90,133
90,141
90,143
90,146
90,147
90,148
90,150
90,152
90,153
90,159
90,160
90,164
90,166
90,168
90,169
90,170
90,173
90,175
90,178
90,179
90,181
90,187
90,188
90,193
90,195
90,197
90,198
91,92
91,94
91,95
91,99
91,104
91,105
91,108
91,109
91,111
91,114
91,116
91,118
91,119
91,125
91,126
91,131
91,133
91,141
91,143
91,146
91,147
91,148
91,150
91,152
91,153
91,159
91,160
91,164
91,166
91,168
91,169
91,170
91,173
91,175
91,178
91,179
91,181
91,187
91,188
91,193
91,195
91,197
91,198
92,94
92,95
92,99
92,104
92,105
92,108
92,109
92,111
92,114
92,116
92,118
92,119
92,121
92,122
92,123
92,125
92,126
92,127
92,131
92,132
92,133
92,136
92,138
92,139
92,141
92,142
92,143
92,145
92,146
92,147
92,148
92,150
92,151
92,152
92,153
92,157
92,159
92,160
92,164
92,166
92,167
92,168
92,169
92,170
92,173
92,174
92,175
92,178
92,179
92,181
92,187
92,188
92,190
92,192
92,193
92,195
92,196
92,197
92,198
94,95
94,99
94,104
94,105
94,108
94,109
94,111
94,114
94,116
94,118
94,119
94,125
94,126
94,131
94,133
94,138
94,139
94,140
94,141
94,143
94,146
94,147
94,148
94,150
94,152
94,153
94,157
94,159
94,160
94,162
94,163
94,164
94,165
94,166
94,167
94,168
94,169
94,170
94,172
94,173
94,174
94,175
94,177
94,178
94,179
94,180
94,181
94,183
94,187
94,188
94,189
94,190
94,192
94,193
94,194
94,195
94,197
94,198
95,99
95,104
95,105
95,108
95,109
95,111
95,114
95,116
95,118
95,119
95,125
95,126
95,131
95,133
95,141
95,143
95,146
95,147
95,148
95,150
95,152
95,153
95,159
95,160
95,164
95,166
95,168
95,169
95,170
95,173
95,175
95,178
95,179
95,181
95,187
95,188
95,193
95,195
95,197
95,198
98,140
98,145
98,172
98,183
99,104
99,105
99,108
99,109
99,111
99,114
99,115
99,116
99,117
99,118
99,119
99,120
99,121
99,122
99,125
99,126
99,128
99,129
99,130
99,131
99,132
99,133
99,137
99,138
99,140
99,141
99,143
99,145
99,146
99,147
99,148
99,150
99,152
99,153
99,157
99,159
99,160
99,163
99,164
99,166
99,168
99,169
99,170
99,172
99,173
99,174
99,175
99,178
99,179
99,181
99,183
99,186
99,187
99,188
99,193
99,195
99,197
99,198
100,115
100,117
100,118
100,120
100,121
100,122
100,129
100,130
100,132
100,134
100,137
100,138
100,139
100,140
100,141
100,144
100,145
100,148
100,149
100,151
100,153
100,157
100,161
100,162
100,163
100,165
100,167
101,112
101,115
101,120
101,122
101,124
101,126
101,127
101,128
101,129
101,132
101,133
101,134
101,135
101,136
101,137
101,138
101,139
101,140
101,141
101,144
101,145
101,148
101,151
101,153
101,154
101,155
101,156
101,157
101,159
101,161
101,163
101,165
101,167
101,171
101,174
101,176
101,182
101,183
101,185
101,186
101,190
101,194
102,114
102,116
102,120
102,122
102,124
103,119
103,120
103,124
103,125
103,126
103,127
103,128
103,129
103,130
103,133
103,137
103,139
103,140
103,141
103,142
103,144
103,145
103,148
103,150
103,151
103,153
103,154
103,157
103,159
103,161
103,163
103,167
103,172
103,174
103,176
103,177
103,185
103,189
103,190
103,191
103,194
104,105
104,108
104,109
104,111
104,112
104,113
104,114
104,115
104,116
104,117
104,118
104,119
104,120
104,122
104,123
104,124
104,125
104,126
104,127
104,128
104,129
104,131
104,133
104,141
104,143
104,146
104,147
104,148
104,150
104,152
104,153
104,159
104,160
104,164
104,166
104,168
104,169
104,170
104,173
104,175
104,178
104,179
104,181
104,187
104,188
104,193
104,195
104,197
104,198
105,108
105,109
105,111
105,114
105,116
105,118
105,119
105,125
105,126
105,129
105,130
105,131
105,132
105,133
105,135
105,136
105,137
105,138
105,139
105,140
105,141
105,143
105,145
105,146
105,147
105,148
105,150
105,151
105,152
105,153
105,154
105,157
105,159
105,160
105,163
105,164
105,166
105,167
105,168
105,169
105,170
105,173
105,175
105,176
105,178
105,179
105,180
105,181
105,183
105,184
105,186
105,187
105,188
105,189
105,190
105,192
105,193
105,195
105,196
105,197
105,198
106,113
106,114
106,116
106,117
106,120
106,121
106,122
106,123
106,124
106,125
106,127
106,132
106,134
106,135
107,109
107,111
107,113
107,114
107,115
107,117
107,118
107,119
107,120
107,121
107,122
107,127
107,132
107,134
107,136
107,138
107,140
107,142
107,146
107,148
107,149
107,150
107,156
107,157
107,158
107,159
107,167
107,172
107,176
107,183
107,184
107,185
107,190
107,192
107,194
108,109
108,111
108,113
108,114
108,116
108,117
108,118
108,119
108,121
108,122
108,123
108,125
108,126
108,127
108,128
108,129
108,130
108,131
108,132
108,133
108,134
108,137
108,138
108,139
108,140
108,141
108,143
108,144
108,145
108,146
108,147
108,148
108,150
108,151
108,152
108,153
108,154
108,155
108,156
108,157
108,158
108,159
108,160
108,161
108,162
108,163
108,164
108,165
108,166
108,168
108,169
108,170
108,171
108,172
108,173
108,175
108,177
108,178
108,179
108,181
108,183
108,184
108,187
108,188
108,190
108,191
108,192
108,193
108,194
108,195
108,196
108,197
108,198
108,199
109,110
109,111
109,113
109,114
109,115
109,116
109,117
109,118
109,119
109,121
109,122
109,124
109,125
109,126
109,127
109,128
109,130
109,131
109,132
109,133
109,134
109,135
109,138
109,139
109,140
109,141
109,143
109,145
109,146
109,147
109,148
109,150
109,151
109,152
109,153
109,154
109,155
109,158
109,159
109,160
109,162
109,163
109,164
109,166
109,168
109,169
109,170
109,173
109,175
109,176
109,178
109,179
109,180
109,181
109,182
109,183
109,184
109,187
109,188
109,193
109,195
109,197
109,198
110,111
110,114
110,116
110,117
110,118
110,119
110,120
110,121
110,123
110,124
110,125
110,128
110,130
110,135
110,136
110,137
110,138
110,139
110,140
110,141
110,142
110,144
110,149
110,150
110,151
110,155
110,157
110,162
110,163
110,164
110,165
110,167
110,171
110,177
110,180
110,181
110,182
110,183
110,184
110,185
110,189
110,190
110,191
110,192
110,194
110,196
111,112
111,113
111,114
111,116
111,117
111,118
111,119
111,120
111,121
111,122
111,125
111,126
111,127
111,128
111,129
111,130
111,131
111,133
111,141
111,143
111,146
111,147
111,148
111,150
111,152
111,153
111,159
111,160
111,164
111,166
111,168
111,169
111,170
111,173
111,175
111,178
111,179
111,181
111,187
111,188
111,193
111,195
111,197
111,198
112,113
112,114
112,115
112,116
112,118
112,119
112,121
112,122
112,123
112,124
112,125
112,128
112,130
112,134
112,135
112,136
112,138
112,139
112,140
112,141
112,142
112,143
112,147
112,148
112,149
112,151
112,152
112,154
112,155
112,158
112,159
112,161
112,162
112,163
112,165
112,167
112,171
112,174
112,176
112,177
112,180
112,181
112,183
112,184
112,185
112,186
112,190
112,191
112,192
112,194
112,195
113,115
113,116
113,117
113,119
113,120
113,121
113,124
113,125
113,126
113,128
113,129
113,130
113,131
113,132
113,133
113,134
113,136
113,137
113,138
113,140
113,141
113,142
113,143
113,144
113,145
113,146
113,147
113,148
113,149
113,150
113,151
113,152
113,154
113,155
113,157
113,158
113,161
113,162
113,163
113,164
113,165
113,167
113,171
113,172
113,173
113,174
113,175
113,176
113,181
113,183
113,185
113,186
113,191
113,192
113,194
113,198
114,115
114,116
114,118
114,119
114,120
114,121
114,122
114,123
114,124
114,125
114,126
114,127
114,131
114,133
114,141
114,143
114,146
114,147
114,148
114,150
114,152
114,153
114,159
114,160
114,164
114,166
114,168
114,169
114,170
114,173
114,175
114,178
114,179
114,181
114,187
114,188
114,193
114,195
114,197
114,198
115,116
115,117
115,118
115,119
115,120
115,121
115,122
115,123
115,126
115,127
115,128
115,129
115,130
115,131
115,133
115,135
115,138
115,140
115,141
115,142
115,143
115,144
115,147
115,148
115,149
115,152
115,153
115,155
115,156
115,157
115,158
115,159
115,161
115,162
115,163
115,164
115,165
115,166
115,167
115,171
115,172
115,173
115,174
115,175
115,177
115,179
115,180
115,182
115,189
115,190
115,192
115,198
116,117
116,118
116,119
116,120
116,122
116,123
116,125
116,126
116,127
116,128
116,129
116,130
116,131
116,133
116,138
116,139
116,140
116,141
116,142
116,143
116,144
116,146
116,147
116,148
116,149
116,150
116,152
116,153
116,154
116,156
116,157
116,158
116,159
116,160
116,163
116,164
116,166
116,168
116,169
116,170
116,172
116,173
116,174
116,175
116,177
116,178
116,179
116,180
116,181
116,183
116,184
116,186
116,187
116,188
116,189
116,190
116,191
116,193
116,194
116,195
116,197
116,198
117,118
117,119
117,120
117,121
117,122
117,123
117,124
117,125
117,126
117,127
117,128
117,129
117,130
117,131
117,132
117,134
117,135
117,136
117,138
117,139
117,140
117,143
117,144
117,145
117,146
117,148
117,149
117,151
117,152
117,154
117,156
117,159
117,160
117,161
117,162
117,163
117,164
117,166
117,167
117,169
117,171
117,172
117,173
117,174
117,175
117,176
117,177
117,179
117,180
117,181
117,184
117,189
117,190
117,192
117,193
117,194
117,195
118,119
118,120
118,121
118,123
118,124
118,125
118,126
118,128
118,129
118,130
118,131
118,132
118,133
118,134
118,135
118,136
118,137
118,138
118,139
118,140
118,141
118,142
118,143
118,144
118,145
118,146
118,147
118,148
118,150
118,152
118,153
118,154
118,157
118,158
118,159
118,160
118,163
118,164
118,166
118,168
118,169
118,170
118,172
118,173
118,174
118,175
118,178
118,179
118,180
118,181
118,182
118,184
118,185
118,187
118,188
118,189
118,190
118,191
118,192
118,193
118,194
118,195
118,196
118,197
118,198
118,199
119,124
119,125
119,126
119,127
119,130
119,131
119,132
119,133
119,135
119,136
119,137
119,138
119,139
119,141
119,143
119,144
119,145
119,146
119,147
119,148
119,150
119,151
119,152
119,153
119,159
119,160
119,164
119,166
119,168
119,169
119,170
119,173
119,175
119,178
119,179
119,181
119,187
119,188
119,193
119,195
119,197
119,198
120,121
120,122
120,123
120,124
120,127
120,128
120,129
120,130
120,133
120,134
120,135
120,136
120,137
120,139
120,140
120,141
120,142
120,144
120,145
120,146
120,148
120,149
120,152
120,153
120,154
120,156
120,158
120,159
120,160
120,161
120,162
120,163
120,167
120,169
120,170
120,171
120,172
120,174
120,179
120,184
120,185
120,186
120,189
120,191
120,193
120,194
120,195
120,196
120,199
121,122
121,123
121,124
121,125
121,128
121,130
121,131
121,132
121,133
121,134
121,135
121,136
121,138
121,139
121,140
121,141
121,144
121,145
121,146
121,147
121,148
121,149
121,150
121,153
121,154
121,155
121,156
121,157
121,159
121,160
121,161
121,162
121,163
121,165
121,166
121,172
121,173
122,123
122,124
122,128
122,129
122,130
122,131
122,132
122,133
122,135
122,136
122,137
122,144
122,146
122,147
122,148
122,149
122,150
122,152
122,153
122,154
122,155
122,157
122,159
122,161
122,162
122,163
122,172
122,173
122,174
122,175
122,176
122,177
122,181
122,182
122,183
122,184
122,189
122,190
122,192
122,194
122,195
122,196
122,198
122,199
123,125
123,126
123,127
123,128
123,129
123,130
123,131
123,132
123,133
123,135
123,136
123,137
123,138
123,139
123,140
123,141
123,142
123,143
123,144
123,145
123,147
123,148
123,149
123,150
123,151
123,152
123,155
123,156
123,157
123,158
123,160
123,162
123,163
123,164
123,165
123,166
123,169
123,170
123,172
123,173
123,174
123,175
123,177
123,183
123,185
123,189
123,190
123,196
123,197
124,125
124,126
124,127
124,128
124,129
124,131
124,134
124,135
124,136
124,137
124,138
124,139
125,126
125,127
125,128
125,131
125,132
125,133
125,135
125,136
125,137
125,139
125,140
125,141
125,143
125,145
125,146
125,147
125,148
125,150
125,152
125,153
125,155
125,156
125,157
125,158
125,159
125,160
125,161
125,163
125,164
125,165
125,166
125,168
125,169
125,170
125,171
125,172
125,173
125,174
125,175
125,178
125,179
125,181
125,183
125,187
125,188
125,190
125,191
125,192
125,193
125,195
125,196
125,197
125,198
126,127
126,128
126,131
126,133
126,135
126,136
126,137
126,138
126,141
126,142
126,143
126,144
126,145
126,146
126,147
126,148
126,149
126,150
126,151
126,152
126,153
126,155
126,157
126,159
126,160
126,162
126,164
126,165
126,166
126,167
126,168
126,169
126,170
126,171
126,172
126,173
126,175
126,176
126,178
126,179
126,181
126,187
126,188
126,193
126,195
126,197
126,198
127,128
127,131
127,132
127,134
127,135
127,136
127,138
127,141
127,144
127,145
127,149
127,150
127,151
127,153
127,154
127,155
127,156
127,157
127,158
127,159
127,160
127,161
127,162
127,164
127,165
127,166
127,167
127,171
127,172
127,176
127,180
127,182
127,183
127,185
127,186
127,190
127,191
127,192
127,193
127,194
127,195
127,198
128,129
128,131
128,132
128,133
128,134
128,135
128,136
128,139
128,140
128,141
128,146
128,149
128,150
128,152
128,153
128,155
128,156
128,157
128,158
129,133
129,134
129,135
129,136
129,137
129,139
129,140
129,141
129,142
129,145
129,154
129,155
129,157
129,158
129,162
130,131
130,132
130,133
130,134
130,135
130,136
130,137
130,138
130,139
130,140
130,141
130,143
130,144
130,145
130,146
130,149
130,150
130,151
130,152
130,153
130,155
130,156
130,157
130,158
130,159
130,160
130,161
130,162
130,167
130,169
130,170
130,172
130,176
130,177
130,179
130,180
130,189
130,190
130,194
130,196
131,133
131,137
131,139
131,141
131,142
131,143
131,144
131,145
131,146
131,147
131,148
131,149
131,150
131,151
131,152
131,153
131,155
131,156
131,157
131,158
131,159
131,160
131,161
131,162
131,163
131,164
131,165
131,166
131,168
131,169
131,170
131,173
131,174
131,175
131,177
131,178
131,179
131,181
131,187
131,188
131,193
131,195
131,197
131,198
132,133
132,134
132,137
132,138
132,139
132,140
132,141
132,142
132,144
132,145
132,146
132,148
132,149
132,150
132,151
132,152
132,155
132,156
132,157
132,159
132,160
132,161
132,162
132,163
132,165
132,167
133,134
133,136
133,137
133,138
133,139
133,140
133,141
133,143
133,146
133,147
133,148
133,150
133,151
133,152
133,153
133,154
133,155
133,157
133,158
133,159
133,160
133,161
133,162
133,163
133,164
133,165
133,166
133,167
133,168
133,169
133,170
133,172
133,173
133,174
133,175
133,176
133,177
133,178
133,179
133,180
133,181
133,183
133,186
133,187
133,188
133,189
133,193
133,195
133,197
133,198
134,137
134,138
134,139
134,141
134,142
134,144
134,145
134,147
134,148
134,149
134,150
134,151
134,152
134,153
134,154
134,155
134,156
134,157
134,158
135,138
135,139
135,140
135,141
135,142
135,145
135,146
135,147
135,148
135,149
135,150
135,151
135,152
135,153
135,155
135,156
135,157
135,158
135,160
135,164
135,165
135,167
136,137
136,139
136,140
136,141
136,142
136,143
136,144
136,145
136,146
136,147
136,148
137,139
137,140
137,142
137,143
137,144
137,145
137,146
137,147
137,151
137,152
137,154
137,155
137,156
137,162
137,163
137,165
137,166
137,171
137,176
137,180
137,183
137,189
137,190
137,192
137,193
137,196
138,141
138,143
138,144
138,145
138,146
138,149
138,151
138,152
138,153
138,154
138,155
138,157
138,158
138,159
138,160
138,162
138,163
138,164
138,165
138,166
138,167
138,169
138,170
138,171
138,173
138,176
138,179
138,180
138,183
139,140
139,141
139,142
139,143
139,144
139,146
139,147
139,148
139,149
139,150
139,151
139,153
139,154
139,155
139,157
139,158
139,159
139,160
140,142
140,143
140,144
140,147
140,148
140,151
140,153
140,154
140,155
140,156
140,158
140,160
140,161
140,162
140,163
140,169
140,171
140,173
140,176
140,177
141,142
141,143
141,144
141,145
141,146
141,147
141,148
141,149
141,150
141,152
141,153
141,157
141,158
141,159
141,160
141,161
141,162
141,163
141,164
141,166
141,168
141,169
141,170
141,172
141,173
141,175
141,176
141,177
141,178
141,179
141,181
141,184
141,187
141,188
141,193
141,195
141,197
141,198
142,143
142,144
142,145
142,147
142,149
142,150
142,151
142,153
142,154
142,155
142,157
142,159
142,160
142,161
142,162
142,163
142,167
142,170
142,171
142,172
142,173
142,175
142,176
142,177
142,179
142,180
142,183
142,189
142,195
142,196
143,146
143,147
143,148
143,149
143,150
143,152
143,153
143,154
143,155
143,156
143,157
143,159
143,160
143,163
143,164
143,166
143,168
143,169
143,170
143,171
143,172
143,173
143,175
143,176
143,177
143,178
143,179
143,180
143,181
143,183
143,184
143,185
143,186
143,187
143,188
143,189
143,192
143,193
143,195
143,197
143,198
144,145
144,146
144,151
144,153
144,155
144,156
144,157
144,158
144,159
144,160
144,161
144,162
144,163
144,164
144,165
144,166
144,169
144,170
144,171
144,172
144,173
144,181
144,184
144,185
144,186
144,189
144,190
144,191
144,192
144,193
145,146
145,147
145,149
145,150
145,151
145,152
145,153
145,154
145,155
145,156
145,157
145,159
145,163
145,165
145,168
145,169
145,170
145,171
145,174
145,175
145,176
145,177
145,181
145,183
145,184
145,185
145,186
145,189
145,190
145,191
145,193
145,195
145,196
145,199
146,147
146,148
146,150
146,152
146,153
146,154
146,155
146,156
146,159
146,160
146,164
146,166
146,168
146,169
146,170
146,173
146,175
146,178
146,179
146,181
146,187
146,188
146,193
146,195
146,197
146,198
147,148
147,149
147,150
147,151
147,152
147,153
147,159
147,160
147,164
147,166
147,168
147,169
147,170
147,173
147,175
147,178
147,179
147,181
147,187
147,188
147,193
147,195
147,197
147,198
148,150
148,152
148,153
148,155
148,156
148,157
148,159
148,160
148,162
148,163
148,164
148,166
148,167
148,168
148,169
148,170
148,172
148,173
148,175
148,177
148,178
148,179
148,181
148,184
148,185
148,187
148,188
148,189
148,190
148,191
148,192
148,193
148,195
148,196
148,197
148,198
148,199
149,150
149,154
149,155
149,157
149,162
149,163
149,164
149,165
149,166
149,168
149,169
149,171
149,172
149,176
149,177
149,181
149,182
149,183
149,184
149,185
149,186
149,189
149,190
150,152
150,153
150,155
150,156
150,157
150,159
150,160
150,163
150,164
150,165
150,166
150,167
150,168
150,169
150,170
150,173
150,174
150,175
150,176
150,177
150,178
150,179
150,180
150,181
150,182
150,187
150,188
150,193
150,195
150,197
150,198
151,156
151,161
151,163
151,165
151,169
151,172
151,173
151,175
151,176
151,177
151,181
151,182
151,186
151,189
151,193
151,199
152,153
152,155
152,156
152,157
152,158
152,159
152,160
152,162
152,163
152,164
152,165
152,166
152,167
152,168
152,169
152,170
152,171
152,172
152,173
152,174
152,175
152,176
152,177
152,178
152,179
152,180
152,181
152,182
152,183
152,184
152,185
152,186
152,187
152,188
152,189
152,190
152,191
152,193
152,195
152,197
152,198
153,155
153,159
153,160
153,161
153,164
153,165
153,166
153,167
153,168
153,169
153,170
153,171
153,172
153,173
153,174
153,175
153,177
153,178
153,179
153,180
153,181
153,182
153,183
153,184
153,185
153,186
153,187
153,188
153,189
153,190
153,191
153,193
153,195
153,196
153,197
153,198
153,199
154,157
154,158
154,159
154,160
154,161
154,162
154,163
154,164
154,165
154,166
154,168
154,171
154,172
154,173
154,174
154,175
154,176
154,177
154,178
154,179
154,181
154,184
154,185
154,186
154,192
154,197
154,198
154,199
155,156
155,158
155,160
155,162
155,163
155,164
155,165
155,171
155,172
155,173
155,177
155,178
155,179
155,181
155,182
156,157
156,158
156,160
156,162
156,164
156,165
156,166
156,167
156,168
156,169
156,171
157,162
157,165
157,166
157,167
157,168
157,169
157,170
157,171
157,172
157,173
157,175
157,176
157,178
157,179
157,180
157,181
157,182
157,183
157,184
157,185
157,186
157,196
157,197
157,198
157,199
158,160
158,161
158,165
158,166
159,160
159,161
159,162
159,163
159,164
159,165
159,166
159,168
159,169
159,170
159,172
159,173
159,175
159,178
159,179
159,180
159,181
159,182
159,184
159,185
159,186
159,187
159,188
159,189
159,191
159,193
159,195
159,197
159,198
160,161
160,162
160,163
160,164
160,165
160,166
160,167
160,168
160,169
160,170
160,173
160,174
160,175
160,176
160,177
160,178
160,179
160,180
160,181
160,182
160,183
160,184
160,185
160,186
160,187
160,188
160,193
160,195
160,197
160,198
161,163
161,164
161,165
161,166
161,167
161,169
161,170
161,171
161,172
161,174
161,176
161,177
161,180
161,182
161,184
161,186
161,188
161,191
162,164
162,166
162,169
162,170
163,165
163,166
163,173
163,174
163,176
163,177
163,179
164,166
164,167
164,168
164,169
164,170
164,172
164,173
164,174
164,175
164,177
164,178
164,179
164,180
164,181
164,184
164,185
164,186
164,187
164,188
164,190
164,193
164,195
164,197
164,198
165,166
165,167
165,169
165,170
165,171
165,174
165,176
165,177
165,178
165,179
165,180
165,181
165,184
165,185
165,186
165,187
165,188
165,189
165,190
165,191
165,194
165,197
166,168
166,169
166,170
166,173
166,174
166,175
166,176
166,178
166,179
166,181
166,183
166,184
166,186
166,187
166,188
166,190
166,191
166,192
166,193
166,194
166,195
166,196
166,197
166,198
167,171
167,172
167,173
167,174
167,175
167,180
167,182
167,184
167,186
167,187
167,189
167,190
167,191
167,192
167,194
167,199
168,169
168,170
168,172
168,173
168,175
168,177
168,178
168,179
168,181
168,182
168,183
168,184
168,187
168,188
168,191
168,193
168,195
168,197
168,198
169,170
169,173
169,175
169,176
169,177
169,178
169,179
169,180
169,181
169,187
169,188
169,189
169,190
169,191
169,192
169,193
169,195
169,196
169,197
169,198
170,172
170,173
170,174
170,175
170,176
170,177
170,178
170,179
170,181
170,183
170,184
170,185
170,186
170,187
170,188
170,190
170,191
170,192
170,193
170,194
170,195
170,196
170,197
170,198
170,199
171,172
171,173
171,175
171,176
171,177
171,179
171,180
171,181
171,183
171,184
171,185
171,188
171,189
171,190
171,191
171,194
171,196
171,198
171,199
172,173
172,176
172,178
172,179
172,181
172,182
172,183
172,184
172,185
172,186
172,188
172,189
172,192
172,194
172,198
172,199
173,174
173,175
173,176
173,177
173,178
173,179
173,181
173,182
173,183
173,184
173,186
173,187
173,188
173,189
173,190
173,191
173,192
173,193
173,195
173,197
173,198
173,199
174,175
174,176
174,178
174,179
174,180
174,181
174,184
174,185
174,186
174,187
174,188
174,189
174,190
174,191
174,192
174,193
174,194
174,196
174,198
174,199
175,177
175,178
175,179
175,181
175,187
175,188
175,193
175,195
175,197
175,198
176,181
176,182
176,183
176,184
176,185
176,187
176,188
176,191
176,192
176,196
176,197
176,198
176,199
177,178
177,181
177,182
177,183
177,187
177,188
177,189
177,190
177,191
177,192
177,193
177,196
178,179
178,180
178,181
178,183
178,184
178,185
178,187
178,188
178,190
178,191
178,192
178,193
178,194
178,195
178,196
178,197
178,198
178,199
179,180
179,181
179,184
179,185
179,186
179,187
179,188
179,191
179,192
179,193
179,194
179,195
179,196
179,197
179,198
180,182
180,183
180,184
180,186
180,187
180,190
180,191
180,192
180,194
180,196
180,197
180,198
180,199
181,184
181,186
181,187
181,188
181,189
181,190
181,192
181,193
181,195
181,197
181,198
183,185
183,186
183,188
183,189
183,190
183,191
183,193
183,194
183,196
184,188
184,189
184,190
184,191
184,192
184,193
184,194
184,196
184,197
184,199
185,189
185,191
185,192
185,193
185,194
185,196
186,188
186,190
186,191
186,192
186,193
186,194
186,195
186,197
186,199
187,188
187,189
187,190
187,191
187,193
187,194
187,195
187,196
187,197
187,198
187,199
188,189
188,190
188,191
188,193
188,194
188,195
188,196
188,197
188,198
188,199
189,190
189,191
189,192
189,193
189,197
189,199
190,191
190,192
190,193
190,194
190,195
190,199
191,192
191,193
191,194
191,195
191,196
191,199
192,193
192,196
192,199
193,195
193,197
193,198
194,199
195,196
195,197
195,198
195,199
196,198
196,199
197,198
197,199
198,199
