0,1
0,2
0,3
0,4
0,5
0,6
0,7
0,8
0,9
0,10
0,11
0,12
0,13
0,14
0,15
0,16
0,17
0,18
0,19
0,20
0,21
0,22
0,23
0,24
0,25
0,26
0,27
0,28
0,29
0,30
0,31
0,32
0,33
0,34
0,35
0,36
0,37
0,38
0,39
0,40
0,41
0,42
0,43
0,44
0,45
0,46
0,47
0,48
0,49
0,50
0,51
0,52
0,53
0,54
0,55
1,2
1,3
1,4
1,5
1,6
1,7
1,8
1,9
1,10
1,11
1,12
1,13
1,14
1,15
1,16
1,17
1,18
1,19
1,20
1,21
1,22
1,23
1,24
1,25
1,26
1,27
1,28
1,29
1,30
1,31
1,32
1,33
1,34
1,35
1,36
1,37
1,38
1,39
1,40
1,41
1,42
1,43
1,44
1,45
1,46
1,47
1,48
1,49
1,50
1,51
1,52
1,53
1,54
1,55
2,3
2,4
2,5
2,6
2,7
2,8
2,9
2,10
2,11
2,12
2,13
2,14
2,15
2,16
2,17
2,18
2,19
2,20
2,21
2,22
2,23
2,24
2,25
2,26
2,27
2,28
2,29
2,30
2,31
2,32
2,33
2,34
2,35
2,36
2,37
2,38
2,39
2,40
2,41
2,42
2,43
2,44
2,45
2,46
2,47
2,48
2,49
2,50
2,51
2,52
2,53
2,54
2,55
3,4
3,5
3,6
3,7
3,8
3,9
3,10
3,11
3,12
3,13
3,14
3,15
3,16
3,17
3,18
3,19
3,20
3,21
3,22
3,23
3,24
3,25
3,26
3,27
3,28
3,29
3,30
3,31
3,32
3,33
3,34
3,35
3,36
3,37
3,38
3,39
3,40
3,41
3,42
3,43
3,44
3,45
3,46
3,47
3,48
3,49
3,50
3,51
3,52
3,53
3,54
3,55
4,5
4,6
4,7
4,8
4,9
4,10
4,11
4,12
4,13
4,14
4,15
4,16
4,17
4,18
4,19
4,20
4,21
4,22
4,23
4,24
4,25
4,26
4,27
4,28
4,29
4,30
4,31
4,32
4,33
4,34
4,35
4,36
4,37
4,38
4,39
4,40
4,41
4,42
4,43
4,44
4,45
4,46
4,47
4,48
4,49
4,50
4,51
4,52
4,53
4,54
4,55
4,61
4,63
4,65
4,66
4,68
4,71
4,79
4,80
4,83
4,86
4,98
4,103
4,105
4,108
4,109
4,112
4,122
4,125
4,127
4,129
4,130
4,131
4,132
4,136
4,139
4,141
4,142
4,144
4,145
4,146
4,151
4,156
4,158
4,161
4,162
4,171
4,174
4,179
4,183
4,185
4,192
4,193
5,6
5,7
5,8
5,9
5,10
5,11
5,12
5,13
5,14
5,15
5,16
5,17
5,18
5,19
5,20
5,21
5,22
5,23
5,24
5,25
5,26
5,27
5,28
5,29
5,30
5,31
5,32
5,33
5,34
5,35
5,36
5,37
5,38
5,39
5,40
5,41
5,42
5,43
5,44
5,45
5,46
5,47
5,48
5,49
5,50
5,51
5,52
5,53
5,54
5,55
6,7
6,8
6,9
6,10
6,11
6,12
6,13
6,14
6,15
6,16
6,17
6,18
6,19
6,20
6,21
6,22
6,23
6,24
6,25
6,26
6,27
6,28
6,29
6,30
6,31
6,32
6,33
6,34
6,35
6,36
6,37
6,38
6,39
6,40
6,41
6,42
6,43
6,44
6,45
6,46
6,47
6,48
6,49
6,50
6,51
6,52
6,53
6,54
6,55
6,61
6,63
6,65
6,66
6,68
6,71
6,79
6,80
6,83
6,86
6,98
6,103
6,105
6,108
6,109
6,112
6,122
6,125
6,127
6,129
6,130
6,131
6,132
6,136
6,139
6,141
6,142
6,144
6,145
6,146
6,151
6,156
6,158
6,161
6,162
6,171
6,174
6,179
6,183
6,185
6,192
6,193
7,8
7,9
7,10
7,11
7,12
7,13
7,14
7,15
7,16
7,17
7,18
7,19
7,20
7,21
7,22
7,23
7,24
7,25
7,26
7,27
7,28
7,29
7,30
7,31
7,32
7,33
7,34
7,35
7,36
7,37
7,38
7,39
7,40
7,41
7,42
7,43
7,44
7,45
7,46
7,47
7,48
7,49
7,50
7,51
7,52
7,53
7,54
7,55
8,9
8,10
8,11
8,12
8,13
8,14
8,15
8,16
8,17
8,18
8,19
8,20
8,21
8,22
8,23
8,24
8,25
8,26
8,27
8,28
8,29
8,30
8,31
8,32
8,33
8,34
8,35
8,36
8,37
8,38
8,39
8,40
8,41
8,42
8,43
8,44
8,45
8,46
8,47
8,48
8,49
8,50
8,51
8,52
8,53
8,54
8,55
9,10
9,11
9,12
9,13
9,14
9,15
9,16
9,17
9,18
9,19
9,20
9,21
9,22
9,23
9,24
9,25
9,26
9,27
9,28
9,29
9,30
9,31
9,32
9,33
9,34
9,35
9,36
9,37
9,38
9,39
9,40
9,41
9,42
9,43
9,44
9,45
9,46
9,47
9,48
9,49
9,50
9,51
9,52
9,53
9,54
9,55
9,61
9,63
9,65
9,66
9,68
9,71
9,79
9,80
9,83
9,86
9,98
9,103
9,105
9,108
9,109
9,112
9,122
9,125
9,127
9,129
9,130
9,131
9,132
9,136
9,139
9,141
9,142
9,144
9,145
9,146
9,151
9,156
9,158
9,161
9,162
9,171
9,174
9,179
9,183
9,185
9,192
9,193
10,11
10,12
10,13
10,14
10,15
10,16
10,17
10,18
10,19
10,20
10,21
10,22
10,23
10,24
10,25
10,26
10,27
10,28
10,29
10,30
10,31
10,32
10,33
10,34
10,35
10,36
10,37
10,38
10,39
10,40
10,41
10,42
10,43
10,44
10,45
10,46
10,47
10,48
10,49
10,50
10,51
10,52
10,53
10,54
10,55
10,61
10,63
10,65
10,66
10,68
10,71
10,79
10,80
10,83
10,86
10,98
10,103
10,105
10,108
10,109
10,112
10,122
10,125
10,127
10,129
10,130
10,131
10,132
10,136
10,139
10,141
10,142
10,144
10,145
10,146
10,151
10,156
10,158
10,161
10,162
10,171
10,174
10,179
10,183
10,185
10,192
10,193
11,12
11,13
11,14
11,15
11,16
11,17
11,18
11,19
11,20
11,21
11,22
11,23
11,24
11,25
11,26
11,27
11,28
11,29
11,30
11,31
11,32
11,33
11,34
11,35
11,36
11,37
11,38
11,39
11,40
11,41
11,42
11,43
11,44
11,45
11,46
11,47
11,48
11,49
11,50
11,51
11,52
11,53
11,54
11,55
12,13
12,14
12,15
12,16
12,17
12,18
12,19
12,20
12,21
12,22
12,23
12,24
12,25
12,26
12,27
12,28
12,29
12,30
12,31
12,32
12,33
12,34
12,35
12,36
12,37
12,38
12,39
12,40
12,41
12,42
12,43
12,44
12,45
12,46
12,47
12,48
12,49
12,50
12,51
12,52
12,53
12,54
12,55
13,14
13,15
13,16
13,17
13,18
13,19
13,20
13,21
13,22
13,23
13,24
13,25
13,26
13,27
13,28
13,29
13,30
13,31
13,32
13,33
13,34
13,35
13,36
13,37
13,38
13,39
13,40
13,41
13,42
13,43
13,44
13,45
13,46
13,47
13,48
13,49
13,50
13,51
13,52
13,53
13,54
13,55
13,61
13,63
13,65
13,66
13,68
13,71
13,79
13,80
13,83
13,86
13,98
13,103
13,105
13,108
13,109
13,112
13,122
13,125
13,127
13,129
13,130
13,131
13,132
13,136
13,139
13,141
13,142
13,144
13,145
13,146
13,151
13,156
13,158
13,161
13,162
13,171
13,174
13,179
13,183
13,185
13,192
13,193
14,15
14,16
14,17
14,18
14,19
14,20
14,21
14,22
14,23
14,24
14,25
14,26
14,27
14,28
14,29
14,30
14,31
14,32
14,33
14,34
14,35
14,36
14,37
14,38
14,39
14,40
14,41
14,42
14,43
14,44
14,45
14,46
14,47
14,48
14,49
14,50
14,51
14,52
14,53
14,54
14,55
14,61
14,63
14,65
14,66
14,68
14,71
14,79
14,80
14,83
14,86
14,98
14,103
14,105
14,108
14,109
14,112
14,122
14,125
14,127
14,129
14,130
14,131
14,132
14,136
14,139
14,141
14,142
14,144
14,145
14,146
14,151
14,156
14,158
14,161
14,162
14,171
14,174
14,179
14,183
14,185
14,192
14,193
15,16
15,17
15,18
15,19
15,20
15,21
15,22
15,23
15,24
15,25
15,26
15,27
15,28
15,29
15,30
15,31
15,32
15,33
15,34
15,35
15,36
15,37
15,38
15,39
15,40
15,41
15,42
15,43
15,44
15,45
15,46
15,47
15,48
15,49
15,50
15,51
15,52
15,53
15,54
15,55
15,61
15,63
15,65
15,66
15,68
15,71
15,79
15,80
15,83
15,86
15,98
15,103
15,105
15,108
15,109
15,112
15,122
15,125
15,127
15,129
15,130
15,131
15,132
15,136
15,139
15,141
15,142
15,144
15,145
15,146
15,151
15,156
15,158
15,161
15,162
15,171
15,174
15,179
15,183
15,185
15,192
15,193
16,17
16,18
16,19
16,20
16,21
16,22
16,23
16,24
16,25
16,26
16,27
16,28
16,29
16,30
16,31
16,32
16,33
16,34
16,35
16,36
16,37
16,38
16,39
16,40
16,41
16,42
16,43
16,44
16,45
16,46
16,47
16,48
16,49
16,50
16,51
16,52
16,53
16,54
16,55
16,61
16,63
16,65
16,66
16,68
16,71
16,79
16,80
16,83
16,86
16,98
16,103
16,105
16,108
16,109
16,112
16,122
16,125
16,127
16,129
16,130
16,131
16,132
16,136
16,139
16,141
16,142
16,144
16,145
16,146
16,151
16,156
16,158
16,161
16,162
16,171
16,174
16,179
16,183
16,185
16,192
16,193
17,18
17,19
17,20
17,21
17,22
17,23
17,24
17,25
17,26
17,27
17,28
17,29
17,30
17,31
17,32
17,33
17,34
17,35
17,36
17,37
17,38
17,39
17,40
17,41
17,42
17,43
17,44
17,45
17,46
17,47
17,48
17,49
17,50
17,51
17,52
17,53
17,54
17,55
18,19
18,20
18,21
18,22
18,23
18,24
18,25
18,26
18,27
18,28
18,29
18,30
18,31
18,32
18,33
18,34
18,35
18,36
18,37
18,38
18,39
18,40
18,41
18,42
18,43
18,44
18,45
18,46
18,47
18,48
18,49
18,50
18,51
18,52
18,53
18,54
18,55
19,20
19,21
19,22
19,23
19,24
19,25
19,26
19,27
19,28
19,29
19,30
19,31
19,32
19,33
19,34
19,35
19,36
19,37
19,38
19,39
19,40
19,41
19,42
19,43
19,44
19,45
19,46
19,47
19,48
19,49
19,50
19,51
19,52
19,53
19,54
19,55
19,61
19,63
19,65
19,66
19,68
19,71
19,79
19,80
19,83
19,86
19,98
19,103
19,105
19,108
19,109
19,112
19,122
19,125
19,127
19,129
19,130
19,131
19,132
19,136
19,139
19,141
19,142
19,144
19,145
19,146
19,151
19,156
19,158
19,161
19,162
19,171
19,174
19,179
19,183
19,185
19,192
19,193
20,21
20,22
20,23
20,24
20,25
20,26
20,27
20,28
20,29
20,30
20,31
20,32
20,33
20,34
20,35
20,36
20,37
20,38
20,39
20,40
20,41
20,42
20,43
20,44
20,45
20,46
20,47
20,48
20,49
20,50
20,51
20,52
20,53
20,54
20,55
20,61
20,63
20,65
20,66
20,68
20,71
20,79
20,80
20,83
20,86
20,98
20,103
20,105
20,108
20,109
20,112
20,122
20,125
20,127
20,129
20,130
20,131
20,132
20,136
20,139
20,141
20,142
20,144
20,145
20,146
20,151
20,156
20,158
20,161
20,162
20,171
20,174
20,179
20,183
20,185
20,192
20,193
21,22
21,23
21,24
21,25
21,26
21,27
21,28
21,29
21,30
21,31
21,32
21,33
21,34
21,35
21,36
21,37
21,38
21,39
21,40
21,41
21,42
21,43
21,44
21,45
21,46
21,47
21,48
21,49
21,50
21,51
21,52
21,53
21,54
21,55
22,23
22,24
22,25
22,26
22,27
22,28
22,29
22,30
22,31
22,32
22,33
22,34
22,35
22,36
22,37
22,38
22,39
22,40
22,41
22,42
22,43
22,44
22,45
22,46
22,47
22,48
22,49
22,50
22,51
22,52
22,53
22,54
22,55
23,24
23,25
23,26
23,27
23,28
23,29
23,30
23,31
23,32
23,33
23,34
23,35
23,36
23,37
23,38
23,39
23,40
23,41
23,42
23,43
23,44
23,45
23,46
23,47
23,48
23,49
23,50
23,51
23,52
23,53
23,54
23,55
24,25
24,26
24,27
24,28
24,29
24,30
24,31
24,32
24,33
24,34
24,35
24,36
24,37
24,38
24,39
24,40
24,41
24,42
24,43
24,44
24,45
24,46
24,47
24,48
24,49
24,50
24,51
24,52
24,53
24,54
24,55
25,26
25,27
25,28
25,29
25,30
25,31
25,32
25,33
25,34
25,35
25,36
25,37
25,38
25,39
25,40
25,41
25,42
25,43
25,44
25,45
25,46
25,47
25,48
25,49
25,50
25,51
25,52
25,53
25,54
26,27
26,28
26,29
26,30
26,31
26,32
26,33
26,34
26,35
26,36
26,37
26,38
26,39
26,40
26,41
26,42
26,43
26,44
26,45
26,46
26,47
26,48
26,49
26,50
26,51
26,52
26,53
26,54
26,55
27,28
27,29
27,30
27,31
27,32
27,33
27,34
27,35
27,36
27,37
27,38
27,39
27,40
27,41
27,42
27,43
27,44
27,45
27,46
27,47
27,48
27,49
27,50
27,51
27,52
27,53
27,54
27,55
28,29
28,30
28,31
28,32
28,33
28,34
28,35
28,36
28,37
28,38
28,39
28,40
28,41
28,42
28,43
28,44
28,45
28,46
28,47
28,48
28,49
28,50
28,51
28,52
28,53
28,54
28,55
29,30
29,31
29,32
29,33
29,34
29,35
29,36
29,37
29,38
29,39
29,40
29,41
29,42
29,43
29,44
29,45
29,46
29,47
29,48
29,49
29,50
29,51
29,52
29,53
29,54
29,55
30,31
30,32
30,33
30,34
30,35
30,36
30,37
30,38
30,39
30,40
30,41
30,42
30,43
30,44
30,45
30,46
30,47
30,48
30,49
30,50
30,51
30,52
30,53
30,54
30,55
31,32
31,33
31,34
31,35
31,36
31,37
31,38
31,39
31,40
31,41
31,42
31,43
31,44
31,45
31,46
31,47
31,48
31,49
31,50
31,51
31,52
31,53
31,54
31,55
32,33
32,34
32,35
32,36
32,37
32,38
32,39
32,40
32,41
32,42
32,43
32,44
32,45
32,46
32,47
32,48
32,49
32,50
32,51
32,52
32,53
32,54
32,55
32,61
32,63
32,65
32,66
32,68
32,71
32,79
32,80
32,83
32,86
32,98
32,103
32,105
32,108
32,109
32,112
32,122
32,125
32,127
32,129
32,130
32,131
32,132
32,136
32,139
32,141
32,142
32,144
32,145
32,146
32,151
32,156
32,158
32,161
32,162
32,171
32,174
32,179
32,183
32,185
32,192
32,193
33,34
33,35
33,36
33,37
33,38
33,39
33,40
33,41
33,42
33,43
33,44
33,45
33,46
33,47
33,48
33,49
33,50
33,51
33,52
33,53
33,54
33,55
34,35
34,36
34,37
34,38
34,39
34,40
34,41
34,42
34,43
34,44
34,45
34,46
34,47
34,48
34,49
34,50
34,51
34,52
34,53
34,54
34,55
35,36
35,37
35,38
35,39
35,40
35,41
35,42
35,43
35,44
35,45
35,46
35,47
35,48
35,49
35,50
35,51
35,52
35,53
35,54
35,55
36,37
36,38
36,39
36,40
36,41
36,42
36,43
36,44
36,45
36,46
36,47
36,48
36,49
36,50
36,51
36,52
36,53
36,54
36,55
37,38
37,39
37,40
37,41
37,42
37,43
37,44
37,45
37,46
37,47
37,48
37,49
37,50
37,51
37,52
37,53
37,54
37,55
38,39
38,40
38,41
38,42
38,43
38,44
38,45
38,46
38,47
38,48
38,49
38,50
38,51
38,52
38,53
38,54
38,55
39,40
39,41
39,42
39,43
39,44
39,45
39,46
39,47
39,48
39,49
39,50
39,51
39,52
39,53
39,54
39,55
39,61
39,63
39,65
39,66
39,68
39,71
39,79
39,80
39,83
39,86
39,98
39,103
39,105
39,108
39,109
39,112
39,122
39,125
39,127
39,129
39,130
39,131
39,132
39,136
39,139
39,141
39,142
39,144
39,145
39,146
39,151
39,156
39,158
39,161
39,162
39,171
39,174
39,179
39,183
39,185
39,192
39,193
40,41
40,42
40,43
40,44
40,45
40,46
40,47
40,48
40,49
40,50
40,51
40,52
40,53
40,54
40,55
41,42
41,43
41,44
41,45
41,46
41,47
41,48
41,49
41,50
41,51
41,52
41,53
41,54
41,55
41,61
41,63
41,65
41,66
41,68
41,71
41,79
41,80
41,83
41,86
41,98
41,103
41,105
41,108
41,109
41,112
41,122
41,125
41,127
41,129
41,130
41,131
41,132
41,136
41,139
41,141
41,142
41,144
41,145
41,146
41,151
41,156
41,158
41,161
41,162
41,171
41,174
41,179
41,183
41,185
41,192
41,193
42,43
42,44
42,45
42,46
42,47
42,48
42,49
42,50
42,51
42,52
42,53
42,54
42,55
43,44
43,45
43,46
43,47
43,48
43,49
43,50
43,51
43,52
43,53
43,54
43,55
44,45
44,46
44,47
44,48
44,49
44,50
44,51
44,52
44,53
44,54
44,55
45,46
45,47
45,48
45,49
45,50
45,51
45,52
45,53
45,54
45,55
46,47
46,48
46,49
46,50
46,51
46,52
46,53
46,54
46,55
47,48
47,49
47,50
47,51
47,52
47,53
47,54
47,55
48,49
48,50
48,51
48,52
48,53
48,54
48,55
49,50
49,51
49,52
49,53
49,54
49,55
50,51
50,52
50,53
50,54
50,55
51,52
51,53
51,54
51,55
52,53
52,54
52,55
52,61
52,63
52,65
52,66
52,68
52,71
52,79
52,80
52,83
52,86
52,98
52,103
52,105
52,108
52,109
52,112
52,122
52,125
52,127
52,129
52,130
52,131
52,132
52,136
52,139
52,141
52,142
52,144
52,145
52,146
52,151
52,156
52,158
52,161
52,162
52,171
52,174
52,179
52,183
52,185
52,192
52,193
53,54
53,55
54,55
61,63
61,65
61,66
61,68
61,71
61,79
61,80
61,83
61,86
61,98
61,103
61,105
61,108
61,109
61,112
61,122
61,125
61,127
61,129
61,130
61,131
61,132
61,136
61,139
61,141
61,142
61,144
61,145
61,146
61,151
61,156
61,158
61,161
61,162
61,171
61,174
61,179
61,183
61,185
61,192
61,193
63,65
63,66
63,68
63,71
63,79
63,80
63,83
63,86
63,98
63,103
63,105
63,108
63,109
63,112
63,122
63,125
63,127
63,129
63,130
63,131
63,132
63,136
63,139
63,141
63,142
63,144
63,145
63,146
63,151
63,156
63,158
63,161
63,162
63,171
63,174
63,179
63,183
63,185
63,192
63,193
65,66
65,68
65,71
65,79
65,80
65,83
65,86
65,98
65,103
65,105
65,108
65,109
65,112
65,122
65,125
65,127
65,129
65,130
65,131
65,132
65,136
65,139
65,141
65,142
65,144
65,145
65,146
65,151
65,156
65,158
65,161
65,162
65,171
65,174
65,179
65,183
65,185
65,192
65,193
66,68
66,71
66,79
66,80
66,83
66,86
66,98
66,103
66,105
66,108
66,109
66,112
66,122
66,125
66,127
66,129
66,130
66,131
66,132
66,136
66,139
66,141
66,142
66,144
66,145
66,146
66,151
66,156
66,158
66,161
66,162
66,171
66,174
66,179
66,183
66,185
66,192
66,193
68,71
68,79
68,80
68,83
68,86
68,98
68,103
68,105
68,108
68,109
68,112
68,122
68,125
68,127
68,129
68,130
68,131
68,132
68,136
68,139
68,141
68,142
68,144
68,145
68,146
68,151
68,156
68,158
68,161
68,162
68,171
68,174
68,179
68,183
68,185
68,192
68,193
71,79
71,80
71,83
71,86
71,98
71,103
71,105
71,108
71,109
71,112
71,122
71,125
71,127
71,129
71,130
71,131
71,132
71,136
71,139
71,141
71,142
71,144
71,145
71,146
71,151
71,156
71,158
71,161
71,162
71,171
71,174
71,179
71,183
71,185
71,192
71,193
79,80
79,83
79,86
79,98
79,103
79,105
79,108
79,109
79,112
79,122
79,125
79,127
79,129
79,130
79,131
79,132
79,136
79,139
79,141
79,142
79,144
79,145
79,146
79,151
79,156
79,158
79,161
79,162
79,171
79,174
79,179
79,183
79,185
79,192
79,193
80,83
80,86
80,98
80,103
80,105
80,108
80,109
80,112
80,122
80,125
80,127
80,129
80,130
80,131
80,132
80,136
80,139
80,141
80,142
80,144
80,145
80,146
80,151
80,156
80,158
80,161
80,162
80,171
80,174
80,179
80,183
80,185
80,192
80,193
83,86
83,98
83,103
83,105
83,108
83,109
83,112
83,122
83,125
83,127
83,129
83,130
83,131
83,132
83,136
83,139
83,141
83,142
83,144
83,145
83,146
83,151
83,156
83,158
83,161
83,162
83,171
83,174
83,179
83,183
83,185
83,192
83,193
86,98
86,103
86,105
86,108
86,109
86,112
86,122
86,125
86,127
86,129
86,130
86,131
86,132
86,136
86,139
86,141
86,142
86,144
86,145
86,146
86,151
86,156
86,158
86,161
86,162
86,171
86,174
86,179
86,183
86,185
86,192
86,193
98,103
98,105
98,108
98,109
98,112
98,122
98,125
98,127
98,129
98,130
98,131
98,132
98,136
98,139
98,141
98,142
98,144
98,145
98,146
98,151
98,156
98,158
98,161
98,162
98,171
98,174
98,179
98,183
98,185
98,192
98,193
103,105
103,108
103,109
103,112
103,122
103,125
103,127
103,129
103,130
103,131
103,132
103,136
103,139
103,141
103,142
103,144
103,145
103,146
103,151
103,156
103,158
103,161
103,162
103,171
103,174
103,179
103,183
103,185
103,192
103,193
105,108
105,109
105,112
105,122
105,125
105,127
105,129
105,130
105,131
105,132
105,136
105,139
105,141
105,142
105,144
105,145
105,146
105,151
105,156
105,158
105,161
105,162
105,171
105,174
105,179
105,183
105,185
105,192
105,193
108,109
108,112
108,122
108,125
108,127
108,129
108,130
108,131
108,132
108,136
108,139
108,141
108,142
108,144
108,145
108,146
108,151
108,156
108,158
108,161
108,162
108,171
108,174
108,179
108,183
108,185
108,192
108,193
109,112
109,122
109,125
109,127
109,129
109,130
109,131
109,132
109,136
109,139
109,141
109,142
109,144
109,145
109,146
109,151
109,156
109,158
109,161
109,162
109,171
109,174
109,179
109,183
109,185
109,192
109,193
112,122
112,125
112,127
112,129
112,130
112,131
112,132
112,136
112,139
112,141
112,142
112,144
112,145
112,146
112,151
112,156
112,158
112,161
112,162
112,171
112,174
112,179
112,183
112,185
112,192
112,193
122,125
122,127
122,129
122,130
122,131
122,132
122,136
122,139
122,141
122,142
122,144
122,145
122,146
122,151
122,156
122,158
122,161
122,162
122,171
122,174
122,179
122,183
122,185
122,192
122,193
125,127
125,129
125,130
125,131
125,132
125,136
125,139
125,141
125,142
125,144
125,145
125,146
125,151
125,156
125,158
125,161
125,162
125,171
125,174
125,179
125,183
125,185
125,192
125,193
127,129
127,130
127,131
127,132
127,136
127,139
127,141
127,142
127,144
127,145
127,146
127,151
127,156
127,158
127,161
127,162
127,171
127,174
127,179
127,183
127,185
127,192
127,193
129,130
129,131
129,132
129,136
129,139
129,141
129,142
129,144
129,145
129,146
129,151
129,156
129,158
129,161
129,162
129,171
129,174
129,179
129,183
129,185
129,192
129,193
130,131
130,132
130,136
130,139
130,141
130,142
130,144
130,145
130,146
130,151
130,156
130,158
130,161
130,162
130,171
130,174
130,179
130,183
130,185
130,192
130,193
131,132
131,136
131,139
131,141
131,142
131,144
131,145
131,146
131,151
131,156
131,158
131,161
131,162
131,171
131,174
131,179
131,183
131,185
131,192
131,193
132,136
132,139
132,141
132,142
132,144
132,145
132,146
132,151
132,156
132,158
132,161
132,162
132,171
132,174
132,179
132,183
132,185
132,192
132,193
136,139
136,141
136,142
136,144
136,145
136,146
136,151
136,156
136,158
136,161
136,162
136,171
136,174
136,179
136,183
136,185
136,192
136,193
139,141
139,142
139,144
139,145
139,146
139,151
139,156
139,158
139,161
139,162
139,171
139,174
139,179
139,183
139,185
139,192
139,193
141,142
141,144
141,145
141,146
141,151
141,156
141,158
141,161
141,162
141,171
141,174
141,179
141,183
141,185
141,192
141,193
142,144
142,145
142,146
142,151
142,156
142,158
142,161
142,162
142,171
142,174
142,179
142,183
142,185
142,192
142,193
144,145
144,146
144,151
144,156
144,158
144,161
144,162
144,171
144,174
144,179
144,183
144,185
144,192
144,193
145,146
145,151
145,156
145,158
145,161
145,162
145,171
145,174
145,179
145,183
145,185
145,192
145,193
146,151
146,156
146,158
146,161
146,162
146,171
146,174
146,179
146,183
146,185
146,192
146,193
151,156
151,158
151,161
151,162
151,171
151,174
151,179
151,183
151,185
151,192
151,193
156,158
156,161
156,162
156,171
156,174
156,179
156,183
156,185
156,192
156,193
158,161
158,162
158,171
158,174
158,179
158,183
158,185
158,192
158,193
161,162
161,171
161,174
161,175
161,177
161,179
161,183
161,185
161,192
161,193
162,171
162,174
162,179
162,183
162,185
162,192
162,193
163,164
163,167
163,173
163,175
163,182
163,195
163,197
164,165
164,167
164,168
164,169
164,170
164,172
164,173
164,176
164,177
164,181
164,182
164,189
164,190
164,195
165,167
165,174
166,170
166,173
166,174
166,175
166,177
166,180
166,181
166,182
166,195
166,197
169,170
169,171
169,173
169,176
169,177
169,181
170,172
170,173
170,176
170,177
170,180
170,181
170,182
171,172
171,173
171,174
171,176
171,177
171,178
171,179
171,180
171,182
171,183
171,185
171,188
171,191
171,192
171,193
172,173
172,174
172,176
172,177
172,178
172,179
172,182
172,184
172,188
172,189
172,190
172,195
172,197
173,174
173,178
173,180
173,181
173,182
173,184
173,188
173,189
174,177
174,178
174,179
174,180
174,181
174,182
174,183
174,184
174,185
174,188
174,190
174,191
174,192
174,193
176,177
176,178
176,179
176,180
176,182
176,188
176,190
176,191
177,178
177,181
177,182
177,188
177,189
177,190
177,195
177,197
178,179
178,182
178,184
178,188
178,190
178,197
178,198
179,181
179,182
179,183
179,185
179,187
179,188
179,189
179,190
179,192
179,193
180,182
180,184
180,185
180,188
180,189
180,190
180,191
180,195
180,198
181,182
181,185
181,187
181,188
181,189
181,190
181,191
181,195
181,197
182,184
182,185
182,187
182,189
182,191
182,195
182,197
182,198
183,185
183,192
183,193
183,195
183,197
183,198
183,199
184,185
184,186
184,188
184,190
184,191
184,195
184,197
184,198
184,199
185,188
185,189
185,190
185,191
185,192
185,193
185,195
185,197
185,198
185,199
186,189
186,190
186,191
186,197
187,188
187,189
187,190
187,191
187,195
187,198
187,199
188,190
188,192
188,194
188,195
188,197
188,198
189,191
189,192
189,194
189,195
189,197
189,198
189,199
190,191
190,192
190,195
190,197
190,198
190,199
191,192
191,195
192,193
192,195
192,196
192,197
192,198
192,199
194,196
194,197
194,198
194,199
195,197
195,198
196,197
196,198
196,199
197,198
197,199
198,199
