0,1
0,2
0,3
0,4
0,5
0,6
0,7
0,8
0,9
0,10
0,11
0,12
0,13
0,14
0,15
0,16
0,17
0,18
0,19
0,20
0,21
0,22
0,23
0,24
0,25
0,26
0,27
0,28
0,29
0,30
0,31
0,32
0,33
0,34
0,35
0,36
0,37
0,38
0,39
0,40
0,41
0,42
0,43
0,44
0,45
0,46
0,47
0,48
0,49
0,50
0,51
0,52
0,53
0,54
0,55
0,56
0,57
0,58
0,59
0,60
0,61
0,62
0,63
0,64
0,65
0,66
0,67
0,68
0,69
0,70
0,71
0,72
0,73
0,74
0,75
0,76
0,77
0,78
0,79
0,80
0,81
0,82
0,83
0,132
0,135
0,138
0,140
0,142
0,143
0,145
0,148
0,149
0,153
0,154
0,155
0,156
0,162
0,168
0,170
0,171
0,173
0,174
0,175
0,178
0,179
0,180
0,181
0,182
0,183
0,184
0,186
0,187
0,188
0,189
0,190
0,192
0,193
0,194
0,195
0,196
0,197
0,199
1,2
1,3
1,4
1,5
1,6
1,7
1,8
1,9
1,10
1,11
1,12
1,13
1,14
1,15
1,16
1,17
1,18
1,19
1,20
1,21
1,22
1,23
1,24
1,25
1,26
1,27
1,28
1,29
1,30
1,31
1,32
1,33
1,34
1,35
1,36
1,37
1,38
1,39
1,40
1,41
1,42
1,43
1,44
1,45
1,46
1,47
1,48
1,49
1,50
1,51
1,52
1,53
1,54
1,55
1,56
1,57
1,58
1,59
1,60
1,61
1,62
1,63
1,64
1,65
1,66
1,67
1,68
1,69
1,70
1,71
1,72
1,73
1,74
1,75
1,76
1,77
1,78
1,79
1,80
1,81
1,82
1,83
1,86
1,90
1,95
1,101
1,102
1,106
1,107
1,111
1,112
1,114
1,118
1,120
1,121
1,122
1,124
1,125
1,130
1,132
1,137
1,138
1,140
1,142
1,143
1,144
1,145
1,152
1,153
1,155
1,156
1,157
1,158
1,160
1,166
1,168
1,170
1,172
1,173
1,174
1,180
1,181
1,183
1,186
1,189
1,190
1,193
1,197
2,3
2,4
2,5
2,6
2,7
2,8
2,9
2,10
2,11
2,12
2,13
2,14
2,15
2,16
2,17
2,18
2,19
2,20
2,21
2,22
2,23
2,24
2,25
2,26
2,27
2,28
2,29
2,30
2,31
2,32
2,33
2,34
2,35
2,36
2,37
2,38
2,39
2,40
2,41
2,42
2,43
2,44
2,45
2,46
2,47
2,48
2,49
2,50
2,51
2,52
2,53
2,54
2,55
2,56
2,57
2,58
2,59
2,60
2,61
2,62
2,63
2,64
2,65
2,66
2,67
2,68
2,69
2,70
2,71
2,72
2,73
2,74
2,75
2,76
2,77
2,78
2,79
2,80
2,81
2,82
2,83
2,86
2,90
2,95
2,101
2,102
2,106
2,107
2,111
2,112
2,114
2,118
2,120
2,121
2,122
2,124
2,125
2,130
2,132
2,137
2,138
2,140
2,142
2,143
2,144
2,145
2,152
2,153
2,155
2,156
2,157
2,158
2,160
2,166
2,168
2,170
2,172
2,173
2,174
2,180
2,181
2,183
2,186
2,189
2,190
2,193
2,197
3,4
3,5
3,6
3,7
3,8
3,9
3,10
3,11
3,12
3,13
3,14
3,15
3,16
3,17
3,18
3,19
3,20
3,21
3,22
3,23
3,24
3,25
3,26
3,27
3,28
3,29
3,30
3,31
3,32
3,33
3,34
3,35
3,36
3,37
3,38
3,39
3,40
3,41
3,42
3,43
3,44
3,45
3,46
3,47
3,48
3,49
3,50
3,51
3,52
3,53
3,54
3,55
3,56
3,57
3,58
3,59
3,60
3,61
3,62
3,63
3,64
3,65
3,66
3,67
3,68
3,69
3,70
3,71
3,72
3,73
3,74
3,75
3,76
3,77
3,78
3,79
3,80
3,81
3,82
3,83
4,5
4,6
4,7
4,8
4,9
4,10
4,11
4,12
4,13
4,14
4,15
4,16
4,17
4,18
4,19
4,20
4,21
4,22
4,23
4,24
4,25
4,26
4,27
4,28
4,29
4,30
4,31
4,32
4,33
4,34
4,35
4,36
4,37
4,38
4,39
4,40
4,41
4,42
4,43
4,44
4,45
4,46
4,47
4,48
4,49
4,50
4,51
4,52
4,53
4,54
4,55
4,56
4,57
4,58
4,59
4,60
4,61
4,62
4,63
4,64
4,65
4,66
4,67
4,68
4,69
4,70
4,71
4,72
4,73
4,74
4,75
4,76
4,77
4,78
4,79
4,80
4,81
4,82
4,83
4,86
4,90
4,95
4,101
4,102
4,106
4,107
4,111
4,112
4,114
4,118
4,120
4,121
4,122
4,124
4,125
4,130
4,132
4,137
4,138
4,140
4,142
4,143
4,144
4,145
4,152
4,153
4,155
4,156
4,157
4,158
4,160
4,166
4,168
4,170
4,172
4,173
4,174
4,180
4,181
4,183
4,186
4,189
4,190
4,193
4,197
5,6
5,7
5,8
5,9
5,10
5,11
5,12
5,13
5,14
5,15
5,16
5,17
5,18
5,19
5,20
5,21
5,22
5,23
5,24
5,25
5,26
5,27
5,28
5,29
5,30
5,31
5,32
5,33
5,34
5,35
5,36
5,37
5,38
5,39
5,40
5,41
5,42
5,43
5,44
5,45
5,46
5,47
5,48
5,49
5,50
5,51
5,52
5,53
5,54
5,55
5,56
5,57
5,58
5,59
5,60
5,61
5,62
5,63
5,64
5,65
5,66
5,67
5,68
5,69
5,70
5,71
5,72
5,73
5,74
5,75
5,76
5,77
5,78
5,79
5,80
5,81
5,82
5,83
6,7
6,8
6,9
6,10
6,11
6,12
6,13
6,14
6,15
6,16
6,17
6,18
6,19
6,20
6,21
6,22
6,23
6,24
6,25
6,26
6,27
6,28
6,29
6,30
6,31
6,32
6,33
6,34
6,35
6,36
6,37
6,38
6,39
6,40
6,41
6,42
6,43
6,44
6,45
6,46
6,47
6,48
6,49
6,50
6,51
6,52
6,53
6,54
6,55
6,56
6,57
6,58
6,59
6,60
6,61
6,62
6,63
6,64
6,65
6,66
6,67
6,68
6,69
6,70
6,71
6,72
6,73
6,74
6,75
6,76
6,77
6,78
6,79
6,80
6,81
6,82
6,83
7,8
7,9
7,10
7,11
7,12
7,13
7,14
7,15
7,16
7,17
7,18
7,19
7,20
7,21
7,22
7,23
7,24
7,25
7,26
7,27
7,28
7,29
7,30
7,31
7,32
7,33
7,34
7,35
7,36
7,37
7,38
7,39
7,40
7,41
7,42
7,43
7,44
7,45
7,46
7,47
7,48
7,49
7,50
7,51
7,52
7,53
7,54
7,55
7,56
7,57
7,58
7,59
7,60
7,61
7,62
7,63
7,64
7,65
7,66
7,67
7,68
7,69
7,70
7,71
7,72
7,73
7,74
7,75
7,76
7,77
7,78
7,79
7,80
7,81
7,82
7,83
7,184
7,188
7,189
7,196
8,9
8,10
8,11
8,12
8,13
8,14
8,15
8,16
8,17
8,18
8,19
8,20
8,21
8,22
8,23
8,24
8,25
8,26
8,27
8,28
8,29
8,30
8,31
8,32
8,33
8,34
8,35
8,36
8,37
8,38
8,39
8,40
8,41
8,42
8,43
8,44
8,45
8,46
8,47
8,48
8,49
8,50
8,51
8,52
8,53
8,54
8,55
8,56
8,57
8,58
8,59
8,60
8,61
8,62
8,63
8,64
8,65
8,66
8,67
8,68
8,69
8,70
8,71
8,72
8,73
8,74
8,75
8,76
8,77
8,78
8,79
8,80
8,81
8,82
8,83
8,131
8,132
8,134
8,136
8,137
8,138
8,140
8,142
8,143
9,10
9,11
9,12
9,13
9,14
9,15
9,16
9,17
9,18
9,19
9,20
9,21
9,22
9,23
9,24
9,25
9,26
9,27
9,28
9,29
9,30
9,31
9,32
9,33
9,34
9,35
9,36
9,37
9,38
9,39
9,40
9,41
9,42
9,43
9,44
9,45
9,46
9,47
9,48
9,49
9,50
9,51
9,52
9,53
9,54
9,55
9,56
9,57
9,58
9,59
9,60
9,61
9,62
9,63
9,64
9,65
9,66
9,67
9,68
9,69
9,70
9,71
9,72
9,73
9,74
9,75
9,76
9,77
9,78
9,79
9,80
9,81
9,82
9,83
10,11
10,12
10,13
10,14
10,15
10,16
10,17
10,18
10,19
10,20
10,21
10,22
10,23
10,24
10,25
10,26
10,27
10,28
10,29
10,30
10,31
10,32
10,33
10,34
10,35
10,36
10,37
10,38
10,39
10,40
10,41
10,42
10,43
10,44
10,45
10,46
10,47
10,48
10,49
10,50
10,51
10,52
10,53
10,54
10,55
10,56
10,57
10,58
10,59
10,60
10,61
10,62
10,63
10,64
10,65
10,66
10,67
10,68
10,69
10,70
10,71
10,72
10,73
10,74
10,75
10,76
10,77
10,78
10,79
10,80
10,81
10,82
10,83
10,86
10,90
10,95
10,101
10,102
10,106
10,107
10,111
10,112
10,114
10,118
10,120
10,121
10,122
10,124
10,125
10,130
10,132
10,137
10,138
10,140
10,142
10,143
10,144
10,145
10,152
10,153
10,155
10,156
10,157
10,158
10,160
10,166
10,168
10,170
10,172
10,173
10,174
10,180
10,181
10,183
10,186
10,189
10,190
10,193
10,197
10,199
11,12
11,13
11,14
11,15
11,16
11,17
11,18
11,19
11,20
11,21
11,22
11,23
11,24
11,25
11,26
11,27
11,28
11,29
11,30
11,31
11,32
11,33
11,34
11,35
11,36
11,37
11,38
11,39
11,40
11,41
11,42
11,43
11,44
11,45
11,46
11,47
11,48
11,49
11,50
11,51
11,52
11,53
11,54
11,55
11,56
11,57
11,58
11,59
11,60
11,61
11,62
11,63
11,64
11,65
11,66
11,67
11,68
11,69
11,70
11,71
11,72
11,73
11,74
11,75
11,76
11,77
11,78
11,79
11,80
11,81
11,82
11,83
12,13
12,14
12,15
12,16
12,17
12,18
12,19
12,20
12,21
12,22
12,23
12,24
12,25
12,26
12,27
12,28
12,29
12,30
12,31
12,32
12,33
12,34
12,35
12,36
12,37
12,38
12,39
12,40
12,41
12,42
12,43
12,44
12,45
12,46
12,47
12,48
12,49
12,50
12,51
12,52
12,53
12,54
12,55
12,56
12,57
12,58
12,59
12,60
12,61
12,62
12,63
12,64
12,65
12,66
12,67
12,68
12,69
12,70
12,71
12,72
12,73
12,74
12,75
12,76
12,77
12,78
12,79
12,80
12,81
12,82
12,83
13,14
13,15
13,16
13,17
13,18
13,19
13,20
13,21
13,22
13,23
13,24
13,25
13,26
13,27
13,28
13,29
13,30
13,31
13,32
13,33
13,34
13,35
13,36
13,37
13,38
13,39
13,40
13,41
13,42
13,43
13,44
13,45
13,46
13,47
13,48
13,49
13,50
13,51
13,52
13,53
13,54
13,55
13,56
13,57
13,58
13,59
13,60
13,61
13,62
13,63
13,64
13,65
13,66
13,67
13,68
13,69
13,70
13,71
13,72
13,73
13,74
13,75
13,76
13,77
13,78
13,79
13,80
13,81
13,82
13,83
13,190
13,193
13,196
13,198
13,199
14,15
14,16
14,17
14,18
14,19
14,20
14,21
14,22
14,23
14,24
14,25
14,26
14,27
14,28
14,29
14,30
14,31
14,32
14,33
14,34
14,35
14,36
14,37
14,38
14,39
14,40
14,41
14,42
14,43
14,44
14,45
14,46
14,47
14,48
14,49
14,50
14,51
14,52
14,53
14,54
14,55
14,56
14,57
14,58
14,59
14,60
14,61
14,62
14,63
14,64
14,65
14,66
14,67
14,68
14,69
14,70
14,71
14,72
14,73
14,74
14,75
14,76
14,77
14,78
14,79
14,80
14,81
14,82
14,83
14,86
14,90
14,95
14,101
14,102
14,106
14,107
14,111
14,112
14,114
14,118
14,120
14,121
14,122
14,124
14,125
14,130
14,132
14,137
14,138
14,140
14,142
14,143
14,144
14,145
14,152
14,153
14,155
14,156
14,157
14,158
14,160
14,166
14,168
14,170
14,172
14,173
14,174
14,180
14,181
14,183
14,186
14,189
14,190
14,193
14,197
15,16
15,17
15,18
15,19
15,20
15,21
15,22
15,23
15,24
15,25
15,26
15,27
15,28
15,29
15,30
15,31
15,32
15,33
15,34
15,35
15,36
15,37
15,38
15,39
15,40
15,41
15,42
15,43
15,44
15,45
15,46
15,47
15,48
15,49
15,50
15,51
15,52
15,53
15,54
15,55
15,56
15,57
15,58
15,59
15,60
15,61
15,62
15,63
15,64
15,65
15,66
15,67
15,68
15,69
15,70
15,71
15,72
15,73
15,74
15,75
15,76
15,77
15,78
15,79
15,80
15,81
15,82
15,83
16,17
16,18
16,19
16,20
16,21
16,22
16,23
16,24
16,25
16,26
16,27
16,28
16,29
16,30
16,31
16,32
16,33
16,34
16,35
16,36
16,37
16,38
16,39
16,40
16,41
16,42
16,43
16,44
16,45
16,46
16,47
16,48
16,49
16,50
16,51
16,52
16,53
16,54
16,55
16,56
16,57
16,58
16,59
16,60
16,61
16,62
16,63
16,64
16,65
16,66
16,67
16,68
16,69
16,70
16,71
16,72
16,73
16,74
16,75
16,76
16,77
16,78
16,79
16,80
16,81
16,82
17,18
17,19
17,20
17,21
17,22
17,23
17,24
17,25
17,26
17,27
17,28
17,29
17,30
17,31
17,32
17,33
17,34
17,35
17,36
17,37
17,38
17,39
17,40
17,41
17,42
17,43
17,44
17,45
17,46
17,47
17,48
17,49
17,50
17,51
17,52
17,53
17,54
17,55
17,56
17,57
17,58
17,59
17,60
17,61
17,62
17,63
17,64
17,65
17,66
17,67
17,68
17,69
17,70
17,71
17,72
17,73
17,74
17,75
17,76
17,77
17,78
17,79
17,80
17,81
17,82
17,83
18,19
18,20
18,21
18,22
18,23
18,24
18,25
18,26
18,27
18,28
18,29
18,30
18,31
18,32
18,33
18,34
18,35
18,36
18,37
18,38
18,39
18,40
18,41
18,42
18,43
18,44
18,45
18,46
18,47
18,48
18,49
18,50
18,51
18,52
18,53
18,54
18,55
18,56
18,57
18,58
18,59
18,60
18,61
18,62
18,63
18,64
18,65
18,66
18,67
18,68
18,69
18,70
18,71
18,72
18,73
18,74
18,75
18,76
18,77
18,78
18,79
18,80
18,81
18,82
18,83
19,20
19,21
19,22
19,23
19,24
19,25
19,26
19,27
19,28
19,29
19,30
19,31
19,32
19,33
19,34
19,35
19,36
19,37
19,38
19,39
19,40
19,41
19,42
19,43
19,44
19,45
19,46
19,47
19,48
19,49
19,50
19,51
19,52
19,53
19,54
19,55
19,56
19,57
19,58
19,59
19,60
19,61
19,62
19,63
19,64
19,65
19,66
19,67
19,68
19,69
19,70
19,71
19,72
19,73
19,74
19,75
19,76
19,77
19,78
19,79
19,80
19,81
19,82
19,83
20,21
20,22
20,23
20,24
20,25
20,26
20,27
20,28
20,29
20,30
20,31
20,32
20,33
20,34
20,35
20,36
20,37
20,38
20,39
20,40
20,41
20,42
20,43
20,44
20,45
20,46
20,47
20,48
20,49
20,50
20,51
20,52
20,53
20,54
20,55
20,56
20,57
20,58
20,59
20,60
20,61
20,62
20,63
20,64
20,65
20,66
20,67
20,68
20,69
20,70
20,71
20,72
20,73
20,74
20,75
20,76
20,77
20,78
20,79
20,80
20,81
20,82
20,83
20,130
20,132
20,135
20,136
20,143
20,145
20,151
20,155
20,157
20,160
20,161
20,163
20,168
20,171
20,172
21,22
21,23
21,24
21,25
21,26
21,27
21,28
21,29
21,30
21,31
21,32
21,33
21,34
21,35
21,36
21,37
21,38
21,39
21,40
21,41
21,42
21,43
21,44
21,45
21,46
21,47
21,48
21,49
21,50
21,51
21,52
21,53
21,54
21,55
21,56
21,57
21,58
21,59
21,60
21,61
21,62
21,63
21,64
21,65
21,66
21,67
21,68
21,69
21,70
21,71
21,72
21,73
21,74
21,75
21,76
21,77
21,78
21,79
21,80
21,81
21,82
21,83
21,86
21,90
21,95
21,101
21,102
21,106
21,107
21,111
21,112
21,114
21,118
21,120
21,121
21,122
21,124
21,125
21,129
21,130
21,131
21,132
21,134
21,137
21,138
21,140
21,142
21,143
21,144
21,145
21,152
21,153
21,155
21,156
21,157
21,158
21,160
21,166
21,168
21,170
21,172
21,173
21,174
21,180
21,181
21,183
21,186
21,189
21,190
21,193
21,197
22,23
22,24
22,25
22,26
22,27
22,28
22,29
22,30
22,31
22,32
22,33
22,34
22,35
22,36
22,37
22,38
22,39
22,40
22,41
22,42
22,43
22,44
22,45
22,46
22,47
22,48
22,49
22,50
22,51
22,52
22,53
22,54
22,55
22,56
22,57
22,58
22,59
22,60
22,61
22,62
22,63
22,64
22,65
22,66
22,67
22,68
22,69
22,70
22,71
22,72
22,73
22,74
22,75
22,76
22,77
22,78
22,79
22,80
22,81
22,82
22,83
22,115
22,119
22,121
22,123
22,124
22,126
22,127
22,128
22,130
22,131
22,134
22,136
22,137
22,140
22,141
22,146
22,147
22,150
22,151
23,24
23,25
23,26
23,27
23,28
23,29
23,30
23,31
23,32
23,33
23,34
23,35
23,36
23,37
23,38
23,39
23,40
23,41
23,42
23,43
23,44
23,45
23,46
23,47
23,48
23,49
23,50
23,51
23,52
23,53
23,54
23,55
23,56
23,57
23,58
23,59
23,60
23,61
23,62
23,63
23,64
23,65
23,66
23,67
23,68
23,69
23,70
23,71
23,72
23,73
23,74
23,75
23,76
23,77
23,78
23,79
23,80
23,81
23,82
23,83
24,25
24,26
24,27
24,28
24,29
24,30
24,31
24,32
24,33
24,34
24,35
24,36
24,37
24,38
24,39
24,40
24,41
24,42
24,43
24,44
24,45
24,46
24,47
24,48
24,49
24,50
24,51
24,52
24,53
24,54
24,55
24,56
24,57
24,58
24,59
24,60
24,61
24,62
24,63
24,64
24,65
24,66
24,67
24,68
24,69
24,70
24,71
24,72
24,73
24,74
24,75
24,76
24,77
24,78
24,79
24,80
24,81
24,82
24,83
24,86
24,90
24,95
24,101
24,102
24,106
24,107
24,111
24,112
24,114
24,118
24,120
24,121
24,122
24,124
24,125
24,130
24,132
24,137
24,138
24,140
24,142
24,143
24,144
24,145
24,152
24,153
24,155
24,156
24,157
24,158
24,160
24,166
24,168
24,170
24,172
24,173
24,174
24,180
24,181
24,183
24,186
24,189
24,190
24,193
24,197
25,26
25,27
25,28
25,29
25,30
25,31
25,32
25,33
25,34
25,35
25,36
25,37
25,38
25,39
25,40
25,41
25,42
25,43
25,44
25,45
25,46
25,47
25,48
25,49
25,50
25,51
25,52
25,53
25,54
25,55
25,56
25,57
25,58
25,59
25,60
25,61
25,62
25,63
25,64
25,65
25,66
25,67
25,68
25,69
25,70
25,71
25,72
25,73
25,74
25,75
25,76
25,77
25,78
25,79
25,80
25,81
25,82
25,83
25,86
25,90
25,95
25,101
25,102
25,106
25,107
25,111
25,112
25,114
25,118
25,120
25,121
25,122
25,124
25,125
25,130
25,132
25,136
25,137
25,138
25,140
25,142
25,143
25,144
25,145
25,146
25,147
25,149
25,151
25,152
25,153
25,154
25,155
25,156
25,157
25,158
25,160
25,161
25,162
25,163
25,164
25,166
25,168
25,170
25,172
25,173
25,174
25,179
25,180
25,181
25,183
25,184
25,186
25,188
25,189
25,190
25,192
25,193
25,197
26,27
26,28
26,29
26,30
26,31
26,32
26,33
26,34
26,35
26,36
26,37
26,38
26,39
26,40
26,41
26,42
26,43
26,44
26,45
26,46
26,47
26,48
26,49
26,50
26,51
26,52
26,53
26,54
26,55
26,56
26,57
26,58
26,59
26,60
26,61
26,62
26,63
26,64
26,65
26,66
26,67
26,68
26,69
26,70
26,71
26,72
26,73
26,74
26,75
26,76
26,77
26,78
26,79
26,80
26,81
26,82
26,83
26,117
26,119
26,122
26,123
26,124
26,127
26,128
26,129
26,132
26,139
26,146
26,147
26,151
26,154
26,160
26,161
26,163
26,165
26,167
26,168
26,169
26,171
26,172
26,175
26,179
26,183
26,184
26,187
26,188
26,190
26,191
26,192
26,194
26,198
26,199
27,28
27,29
27,30
27,31
27,32
27,33
27,34
27,35
27,36
27,37
27,38
27,39
27,40
27,41
27,42
27,43
27,44
27,45
27,46
27,47
27,48
27,49
27,50
27,51
27,52
27,53
27,54
27,55
27,56
27,57
27,58
27,59
27,60
27,61
27,62
27,63
27,64
27,65
27,66
27,67
27,68
27,69
27,70
27,71
27,72
27,73
27,74
27,75
27,76
27,77
27,78
27,79
27,80
27,81
27,82
27,83
27,86
27,90
27,95
27,101
27,102
27,106
27,107
27,111
27,112
27,114
27,118
27,119
27,120
27,121
27,122
27,124
27,125
27,126
27,130
27,132
27,137
27,138
27,140
27,142
27,143
27,144
27,145
27,152
27,153
27,155
27,156
27,157
27,158
27,160
27,166
27,168
27,170
27,172
27,173
27,174
27,180
27,181
27,183
27,186
27,189
27,190
27,193
27,197
28,29
28,30
28,31
28,32
28,33
28,34
28,35
28,36
28,37
28,38
28,39
28,40
28,41
28,42
28,43
28,44
28,45
28,46
28,47
28,48
28,49
28,50
28,51
28,52
28,53
28,54
28,55
28,56
28,57
28,58
28,59
28,60
28,61
28,62
28,63
28,64
28,65
28,66
28,67
28,68
28,69
28,70
28,71
28,72
28,73
28,74
28,75
28,76
28,77
28,78
28,79
28,80
28,81
28,82
28,83
28,118
28,119
28,120
28,124
28,127
28,128
28,129
28,130
28,131
28,137
28,138
28,142
28,145
28,146
28,147
28,149
28,150
28,152
28,153
28,154
28,155
28,158
28,160
28,161
28,162
28,163
28,164
28,165
28,167
28,171
28,174
28,175
28,176
28,177
28,185
28,188
28,192
28,193
28,195
28,196
28,198
29,30
29,31
29,32
29,33
29,34
29,35
29,36
29,37
29,38
29,39
29,40
29,41
29,42
29,43
29,44
29,45
29,46
29,47
29,48
29,49
29,50
29,51
29,52
29,53
29,54
29,55
29,56
29,57
29,58
29,59
29,60
29,61
29,62
29,63
29,64
29,65
29,66
29,67
29,68
29,69
29,70
29,71
29,72
29,73
29,74
29,75
29,76
29,77
29,78
29,79
29,80
29,81
29,82
29,83
29,119
29,120
29,121
29,122
29,123
29,124
29,127
29,129
29,130
29,131
29,132
29,133
29,134
29,135
29,136
29,137
30,31
30,32
30,33
30,34
30,35
30,36
30,37
30,38
30,39
30,40
30,41
30,42
30,43
30,44
30,45
30,46
30,47
30,48
30,49
30,50
30,51
30,52
30,53
30,54
30,55
30,56
30,57
30,58
30,59
30,60
30,61
30,62
30,63
30,64
30,65
30,66
30,67
30,68
30,69
30,70
30,71
30,72
30,73
30,74
30,75
30,76
30,77
30,78
30,79
30,80
30,81
30,82
30,83
31,32
31,33
31,34
31,35
31,36
31,37
31,38
31,39
31,40
31,41
31,42
31,43
31,44
31,45
31,46
31,47
31,48
31,49
31,50
31,51
31,52
31,53
31,54
31,55
31,56
31,57
31,58
31,59
31,60
31,61
31,62
31,63
31,64
31,65
31,66
31,67
31,68
31,69
31,70
31,71
31,72
31,73
31,74
31,75
31,76
31,77
31,78
31,79
31,80
31,81
31,82
31,83
31,113
31,114
31,116
31,117
31,119
31,120
31,121
31,122
31,123
31,125
31,128
31,129
31,130
31,132
31,134
31,136
31,140
31,141
31,145
31,146
31,147
31,148
31,149
31,150
31,151
31,154
31,158
31,162
31,163
31,164
31,165
31,167
31,168
31,169
31,170
31,172
31,174
31,175
31,176
31,177
31,183
31,185
31,190
31,191
31,194
31,195
31,196
31,198
32,33
32,34
32,35
32,36
32,37
32,38
32,39
32,40
32,41
32,42
32,43
32,44
32,45
32,46
32,47
32,48
32,49
32,50
32,51
32,52
32,53
32,54
32,55
32,56
32,57
32,58
32,59
32,60
32,61
32,62
32,63
32,64
32,65
32,66
32,67
32,68
32,69
32,70
32,71
32,72
32,73
32,74
32,75
32,76
32,77
32,78
32,79
32,80
32,81
32,82
32,83
32,86
32,90
32,95
32,101
32,102
32,106
32,107
32,111
32,112
32,114
32,118
32,120
32,121
32,122
32,124
32,125
32,130
32,132
32,137
32,138
32,140
32,142
32,143
32,144
32,145
32,152
32,153
32,155
32,156
32,157
32,158
32,160
32,166
32,168
32,170
32,172
32,173
32,174
32,180
32,181
32,183
32,186
32,189
32,190
32,193
32,197
33,34
33,35
33,36
33,37
33,38
33,39
33,40
33,41
33,42
33,43
33,44
33,45
33,46
33,47
33,48
33,49
33,50
33,51
33,52
33,53
33,54
33,55
33,56
33,57
33,58
33,59
33,60
33,61
33,62
33,63
33,64
33,65
33,66
33,67
33,68
33,69
33,70
33,71
33,72
33,73
33,74
33,75
33,76
33,77
33,78
33,79
33,80
33,81
33,82
33,83
33,113
33,114
33,116
33,117
33,118
33,119
33,120
33,123
33,126
33,128
33,129
33,130
33,133
33,134
33,136
33,137
33,140
33,141
33,145
33,146
33,147
33,148
33,150
33,151
33,154
33,157
33,158
33,160
33,161
33,162
33,163
33,164
33,165
33,167
33,168
33,169
33,171
33,172
33,174
33,175
33,176
33,177
33,178
33,183
33,184
33,185
33,186
33,189
33,190
33,191
33,193
33,195
33,197
33,198
33,199
34,35
34,36
34,37
34,38
34,39
34,40
34,41
34,42
34,43
34,44
34,45
34,46
34,47
34,48
34,49
34,50
34,51
34,52
34,53
34,54
34,55
34,56
34,57
34,58
34,59
34,60
34,61
34,62
34,63
34,64
34,65
34,66
34,67
34,68
34,69
34,70
34,71
34,72
34,73
34,74
34,75
34,76
34,77
34,78
34,79
34,80
34,81
34,82
34,83
34,116
34,117
34,118
35,36
35,37
35,38
35,39
35,40
35,41
35,42
35,43
35,44
35,45
35,46
35,47
35,48
35,49
35,50
35,51
35,52
35,53
35,54
35,55
35,56
35,57
35,58
35,59
35,60
35,61
35,62
35,63
35,64
35,65
35,66
35,67
35,68
35,69
35,70
35,71
35,72
35,73
35,74
35,75
35,76
35,77
35,78
35,79
35,80
35,81
35,82
35,83
35,109
35,111
35,112
35,113
35,114
35,115
35,116
35,118
35,119
35,120
35,122
35,123
35,125
35,128
35,131
35,133
35,136
35,137
35,140
35,141
35,142
35,145
35,147
35,148
35,149
35,151
35,153
35,154
35,155
35,157
35,158
35,162
35,163
35,164
35,165
35,167
35,168
35,169
35,170
35,172
35,174
35,175
35,176
35,177
35,178
35,183
35,187
35,190
35,191
35,192
36,37
36,38
36,39
36,40
36,41
36,42
36,43
36,44
36,45
36,46
36,47
36,48
36,49
36,50
36,51
36,52
36,53
36,54
36,55
36,56
36,57
36,58
36,59
36,60
36,61
36,62
36,63
36,64
36,65
36,66
36,67
36,68
36,69
36,70
36,71
36,72
36,73
36,74
36,75
36,76
36,77
36,78
36,79
36,80
36,81
36,82
36,83
36,86
36,90
36,95
36,101
36,102
36,106
36,107
36,111
36,112
36,114
36,118
36,120
36,121
36,122
36,124
36,125
36,130
36,132
36,137
36,138
36,140
36,142
36,143
36,144
36,145
36,152
36,153
36,155
36,156
36,157
36,158
36,160
36,166
36,168
36,170
36,172
36,173
36,174
36,180
36,181
36,183
36,186
36,189
36,190
36,193
36,197
37,38
37,39
37,40
37,41
37,42
37,43
37,44
37,45
37,46
37,47
37,48
37,49
37,50
37,51
37,52
37,53
37,54
37,55
37,56
37,57
37,58
37,59
37,60
37,61
37,62
37,63
37,64
37,65
37,66
37,67
37,68
37,69
37,70
37,71
37,72
37,73
37,74
37,75
37,76
37,77
37,78
37,79
37,80
37,81
37,82
37,83
37,111
37,112
37,113
37,114
37,115
37,116
37,117
37,118
37,119
37,124
37,129
37,131
37,132
37,133
37,134
37,136
37,137
37,141
37,142
37,144
37,145
37,146
37,147
37,149
37,151
37,152
37,153
37,154
37,155
37,157
37,158
37,159
37,160
37,161
37,164
37,165
37,167
37,170
37,171
37,173
37,174
37,175
37,176
37,177
37,179
37,182
37,183
37,184
37,186
37,189
37,191
37,192
37,195
37,196
38,39
38,40
38,41
38,42
38,43
38,44
38,45
38,46
38,47
38,48
38,49
38,50
38,51
38,52
38,53
38,54
38,55
38,56
38,57
38,58
38,59
38,60
38,61
38,62
38,63
38,64
38,65
38,66
38,67
38,68
38,69
38,70
38,71
38,72
38,73
38,74
38,75
38,76
38,77
38,78
38,79
38,80
38,81
38,82
38,83
38,86
38,90
38,95
38,101
38,102
38,105
38,106
38,107
38,111
38,112
38,114
38,115
38,116
38,117
38,118
38,120
38,121
38,122
38,124
38,125
38,128
38,129
38,130
38,132
38,134
38,136
38,137
38,138
38,140
38,142
38,143
38,144
38,145
38,146
38,147
38,148
38,149
38,150
38,151
38,152
38,153
38,155
38,156
38,157
38,158
38,160
38,164
38,166
38,167
38,168
38,169
38,170
38,171
38,172
38,173
38,174
38,177
38,179
38,180
38,181
38,182
38,183
38,184
38,185
38,186
38,187
38,189
38,190
38,192
38,193
38,194
38,195
38,196
38,197
39,40
39,41
39,42
39,43
39,44
39,45
39,46
39,47
39,48
39,49
39,50
39,51
39,52
39,53
39,54
39,55
39,56
39,57
39,58
39,59
39,60
39,61
39,62
39,63
39,64
39,65
39,66
39,67
39,68
39,69
39,70
39,71
39,72
39,73
39,74
39,75
39,76
39,77
39,78
39,79
39,80
39,81
39,82
39,83
39,86
39,90
39,95
39,101
39,102
39,106
39,107
39,111
39,112
39,114
39,115
39,116
39,117
39,118
39,119
39,120
39,121
39,122
39,124
39,125
39,126
39,128
39,129
39,130
39,132
39,135
39,136
39,137
39,138
39,140
39,142
39,143
39,144
39,145
39,148
39,149
39,150
39,151
39,152
39,153
39,155
39,156
39,157
39,158
39,159
39,160
39,165
39,166
39,167
39,168
39,170
39,171
39,172
39,173
39,174
39,175
39,177
39,178
39,179
39,180
39,181
39,182
39,183
39,184
39,186
39,188
39,189
39,190
39,191
39,192
39,193
39,194
39,196
39,197
39,198
40,41
40,42
40,43
40,44
40,45
40,46
40,47
40,48
40,49
40,50
40,51
40,52
40,53
40,54
40,55
40,56
40,57
40,58
40,59
40,60
40,61
40,62
40,63
40,64
40,65
40,66
40,67
40,68
40,69
40,70
40,71
40,72
40,73
40,74
40,75
40,76
40,77
40,78
40,79
40,80
40,81
40,82
40,83
41,42
41,43
41,44
41,45
41,46
41,47
41,48
41,49
41,50
41,51
41,52
41,53
41,54
41,55
41,56
41,57
41,58
41,59
41,60
41,61
41,62
41,63
41,64
41,65
41,66
41,67
41,68
41,69
41,70
41,71
41,72
41,73
41,74
41,75
41,76
41,77
41,78
41,79
41,80
41,81
41,82
41,83
41,114
41,116
41,117
41,118
41,120
41,121
41,122
41,126
41,127
41,129
41,132
41,134
41,135
41,136
41,137
41,138
41,139
41,146
41,147
41,149
41,150
41,152
41,153
41,155
41,157
41,159
41,160
41,161
41,165
41,166
41,167
41,169
41,170
41,171
41,172
41,174
41,175
41,176
41,177
41,178
41,179
41,180
41,182
42,43
42,44
42,45
42,46
42,47
42,48
42,49
42,50
42,51
42,52
42,53
42,54
42,55
42,56
42,57
42,58
42,59
42,60
42,61
42,62
42,63
42,64
42,65
42,66
42,67
42,68
42,69
42,70
42,71
42,72
42,73
42,74
42,75
42,76
42,77
42,78
42,79
42,80
42,81
42,82
42,83
42,104
42,105
42,106
42,108
42,109
42,111
42,112
42,113
42,114
42,115
42,119
42,121
42,122
42,124
42,125
42,126
42,127
42,128
42,129
42,130
42,132
42,133
42,134
42,135
42,136
42,139
42,140
42,141
42,142
42,144
42,145
42,146
42,147
42,148
42,149
42,150
42,151
42,152
42,153
42,154
42,155
42,157
42,158
42,160
42,161
42,165
42,166
42,167
42,168
42,169
42,170
42,171
42,172
42,174
42,175
42,176
42,177
42,178
42,179
42,182
42,184
42,186
42,187
42,189
42,190
42,191
42,192
42,196
42,197
42,198
42,199
43,44
43,45
43,46
43,47
43,48
43,49
43,50
43,51
43,52
43,53
43,54
43,55
43,56
43,57
43,58
43,59
43,60
43,61
43,62
43,63
43,64
43,65
43,66
43,67
43,68
43,69
43,70
43,71
43,72
43,73
43,74
43,75
43,76
43,77
43,78
43,79
43,80
43,81
43,82
43,83
43,104
43,106
43,108
43,109
43,113
43,114
43,115
43,118
43,119
43,120
43,121
43,122
43,124
43,125
43,126
43,128
43,129
43,130
43,131
43,133
43,134
43,135
43,136
43,137
43,139
43,140
44,45
44,46
44,47
44,48
44,49
44,50
44,51
44,52
44,53
44,54
44,55
44,56
44,57
44,58
44,59
44,60
44,61
44,62
44,63
44,64
44,65
44,66
44,67
44,68
44,69
44,70
44,71
44,72
44,73
44,74
44,75
44,76
44,77
44,78
44,79
44,80
44,81
44,82
44,83
44,86
44,90
44,95
44,101
44,102
44,106
44,107
44,109
44,110
44,111
44,112
44,114
44,115
44,116
44,117
44,118
44,120
44,121
44,122
44,123
44,124
44,125
44,126
44,128
44,129
44,130
44,132
44,134
44,135
44,137
44,138
44,139
44,140
44,141
44,142
44,143
44,144
44,145
44,146
44,152
44,153
44,155
44,156
44,157
44,158
44,160
44,166
44,168
44,170
44,172
44,173
44,174
44,180
44,181
44,183
44,186
44,189
44,190
44,193
44,197
45,46
45,47
45,48
45,49
45,50
45,51
45,52
45,53
45,54
45,55
45,56
45,57
45,58
45,59
45,60
45,61
45,62
45,63
45,64
45,65
45,66
45,67
45,68
45,69
45,70
45,71
45,72
45,73
45,74
45,75
45,76
45,77
45,78
45,79
45,80
45,81
45,82
45,83
45,100
45,101
45,103
45,104
46,47
46,48
46,49
46,50
46,51
46,52
46,53
46,54
46,55
46,56
46,57
46,58
46,59
46,60
46,61
46,62
46,63
46,64
46,65
46,66
46,67
46,68
46,69
46,70
46,71
46,72
46,73
46,74
46,75
46,76
46,77
46,78
46,79
46,80
46,81
46,82
46,83
46,86
46,90
46,95
46,101
46,102
46,106
46,107
46,111
46,112
46,114
46,118
46,120
46,121
46,122
46,124
46,125
46,130
46,132
46,137
46,138
46,140
46,142
46,143
46,144
46,145
46,152
46,153
46,155
46,156
46,157
46,158
46,160
46,166
46,168
46,170
46,172
46,173
46,174
46,180
46,181
46,183
46,186
46,189
46,190
46,193
46,197
47,48
47,49
47,50
47,51
47,52
47,53
47,54
47,55
47,56
47,57
47,58
47,59
47,60
47,61
47,62
47,63
47,64
47,65
47,66
47,67
47,68
47,69
47,70
47,71
47,72
47,73
47,74
47,75
47,76
47,77
47,78
47,79
47,80
47,81
47,82
47,83
47,86
47,90
47,95
47,101
47,102
47,106
47,107
47,111
47,112
47,114
47,118
47,120
47,121
47,122
47,124
47,125
47,128
47,130
47,132
47,137
47,138
47,140
47,142
47,143
47,144
47,145
47,152
47,153
47,155
47,156
47,157
47,158
47,160
47,166
47,168
47,170
47,172
47,173
47,174
47,180
47,181
47,183
47,186
47,189
47,190
47,193
47,197
48,49
48,50
48,51
48,52
48,53
48,54
48,55
48,56
48,57
48,58
48,59
48,60
48,61
48,62
48,63
48,64
48,65
48,66
48,67
48,68
48,69
48,70
48,71
48,72
48,73
48,74
48,75
48,76
48,77
48,78
48,79
48,80
48,81
48,82
48,83
48,86
48,90
48,95
48,101
48,102
48,106
48,107
48,111
48,112
48,114
48,118
48,120
48,121
48,122
48,124
48,125
48,130
48,132
48,137
48,138
48,140
48,142
48,143
48,144
48,145
48,152
48,153
48,155
48,156
48,157
48,158
48,160
48,166
48,168
48,170
48,172
48,173
48,174
48,180
48,181
48,183
48,186
48,189
48,190
48,193
48,197
49,50
49,51
49,52
49,53
49,54
49,55
49,56
49,57
49,58
49,59
49,60
49,61
49,62
49,63
49,64
49,65
49,66
49,67
49,68
49,69
49,70
49,71
49,72
49,73
49,74
49,75
49,76
49,77
49,78
49,79
49,80
49,81
49,82
49,83
49,125
49,126
49,127
49,129
50,51
50,52
50,53
50,54
50,55
50,56
50,57
50,58
50,59
50,60
50,61
50,62
50,63
50,64
50,65
50,66
50,67
50,68
50,69
50,70
50,71
50,72
50,73
50,74
50,75
50,76
50,77
50,78
50,79
50,80
50,81
50,82
50,83
50,86
50,90
50,95
50,101
50,102
50,106
50,107
50,111
50,112
50,114
50,116
50,117
50,118
50,119
50,120
50,121
50,122
50,124
50,125
50,127
50,129
50,130
50,132
50,133
50,134
50,137
50,138
50,140
50,142
50,143
50,144
50,145
50,149
50,152
50,153
50,155
50,156
50,157
50,158
50,159
50,160
50,161
50,166
50,168
50,170
50,172
50,173
50,174
50,180
50,181
50,183
50,186
50,187
50,189
50,190
50,191
50,192
50,193
50,197
50,198
50,199
51,52
51,53
51,54
51,55
51,56
51,57
51,58
51,59
51,60
51,61
51,62
51,63
51,64
51,65
51,66
51,67
51,68
51,69
51,70
51,71
51,72
51,73
51,74
51,75
51,76
51,77
51,78
51,79
51,80
51,81
51,82
51,83
51,86
51,90
51,95
51,101
51,102
51,104
51,105
51,106
51,107
51,108
51,109
51,110
51,111
51,112
51,114
51,116
51,117
51,118
51,119
51,120
51,121
51,122
51,123
51,124
51,125
51,128
51,130
51,132
51,133
51,134
51,135
51,136
51,137
51,138
51,139
51,140
51,141
51,142
51,143
51,144
51,145
51,147
51,148
51,150
51,151
51,152
51,153
51,155
51,156
51,157
51,158
51,160
51,163
51,165
51,166
51,167
51,168
51,170
51,171
51,172
51,173
51,174
51,176
51,177
51,178
51,180
51,181
51,183
51,185
51,186
51,189
51,190
51,192
51,193
51,196
51,197
51,199
52,53
52,54
52,55
52,56
52,57
52,58
52,59
52,60
52,61
52,62
52,63
52,64
52,65
52,66
52,67
52,68
52,69
52,70
52,71
52,72
52,73
52,74
52,75
52,76
52,77
52,78
52,79
52,80
52,81
52,82
52,83
52,86
52,90
52,95
52,101
52,102
52,106
52,107
52,111
52,112
52,114
52,118
52,120
52,121
52,122
52,124
52,125
52,130
52,132
52,137
52,138
52,140
52,142
52,143
52,144
52,145
52,152
52,153
52,155
52,156
52,157
52,158
52,160
52,166
52,168
52,170
52,172
52,173
52,174
52,180
52,181
52,183
52,186
52,189
52,190
52,193
52,197
53,54
53,55
53,56
53,57
53,58
53,59
53,60
53,61
53,62
53,63
53,64
53,65
53,66
53,67
53,68
53,69
53,70
53,71
53,72
53,73
53,74
53,75
53,76
53,77
53,78
53,79
53,80
53,81
53,82
53,83
53,86
53,90
53,95
53,101
53,102
53,106
53,107
53,109
53,110
53,111
53,112
53,114
53,115
53,116
53,117
53,118
53,120
53,121
53,122
53,123
53,124
53,125
53,126
53,129
53,130
53,132
53,133
53,134
53,135
53,136
53,137
53,138
53,139
53,140
53,141
53,142
53,143
53,144
53,145
53,148
53,150
53,152
53,153
53,155
53,156
53,157
53,158
53,160
53,162
53,164
53,165
53,166
53,167
53,168
53,170
53,171
53,172
53,173
53,174
53,175
53,176
53,177
53,180
53,181
53,182
53,183
53,184
53,185
53,186
53,187
53,188
53,189
53,190
53,193
53,197
54,55
54,56
54,57
54,58
54,59
54,60
54,61
54,62
54,63
54,64
54,65
54,66
54,67
54,68
54,69
54,70
54,71
54,72
54,73
54,74
54,75
54,76
54,77
54,78
54,79
54,80
54,81
54,82
54,83
54,98
54,100
54,104
54,106
54,107
54,108
54,110
54,113
54,115
54,118
54,119
54,121
54,123
54,126
54,129
54,130
54,131
54,134
54,135
54,136
54,137
54,139
54,140
54,141
54,149
54,154
54,155
54,156
54,158
54,159
54,160
54,164
54,165
54,167
54,169
54,171
54,175
54,176
54,177
54,178
54,179
54,180
54,182
54,185
54,188
54,192
54,193
54,196
54,198
54,199
55,56
55,57
55,58
55,59
55,60
55,61
55,62
55,63
55,64
55,65
55,66
55,67
55,68
55,69
55,70
55,71
55,72
55,73
55,74
55,75
55,76
55,77
55,78
55,79
55,80
55,81
55,82
55,83
55,86
55,90
55,95
55,100
55,101
55,102
55,103
55,104
55,106
55,107
55,108
55,109
55,111
55,112
55,114
55,115
55,116
55,117
55,118
55,120
55,121
55,122
55,123
55,124
55,125
55,126
55,127
55,128
55,129
55,130
55,131
55,132
55,133
55,134
55,135
55,137
55,138
55,140
55,142
55,143
55,144
55,145
55,148
55,149
55,150
55,151
55,152
55,153
55,155
55,156
55,157
55,158
55,160
55,161
55,162
55,163
55,164
55,165
55,166
55,167
55,168
55,169
55,170
55,171
55,172
55,173
55,174
55,177
55,178
55,179
55,180
55,181
55,182
55,183
55,184
55,185
55,186
55,188
55,189
55,190
55,192
55,193
55,195
55,196
55,197
56,57
56,58
56,59
56,60
56,61
56,62
56,63
56,64
56,65
56,66
56,67
56,68
56,69
56,70
56,71
56,72
56,73
56,74
56,75
56,76
56,77
56,78
56,79
56,80
56,81
56,82
56,83
57,58
57,59
57,60
57,61
57,62
57,63
57,64
57,65
57,66
57,67
57,68
57,69
57,70
57,71
57,72
57,73
57,74
57,75
57,76
57,77
57,78
57,79
57,80
57,81
57,82
57,83
58,59
58,60
58,61
58,62
58,63
58,64
58,65
58,66
58,67
58,68
58,69
58,70
58,71
58,72
58,73
58,74
58,75
58,76
58,77
58,78
58,79
58,80
58,81
58,82
58,83
58,86
58,90
58,95
58,101
58,102
58,106
58,107
58,111
58,112
58,114
58,118
58,120
58,121
58,122
58,124
58,125
58,130
58,132
58,137
58,138
58,140
58,142
58,143
58,144
58,145
58,152
58,153
58,155
58,156
58,157
58,158
58,160
58,166
58,168
58,170
58,172
58,173
58,174
58,180
58,181
58,183
58,186
58,189
58,190
58,193
58,197
59,60
59,61
59,62
59,63
59,64
59,65
59,66
59,67
59,68
59,69
59,70
59,71
59,72
59,73
59,74
59,75
59,76
59,77
59,78
59,79
59,80
59,81
59,82
59,83
59,104
59,105
59,106
59,107
59,108
59,109
59,115
59,116
59,117
59,119
59,125
59,126
59,128
59,129
59,130
59,133
59,134
59,135
59,136
59,139
59,142
59,143
59,147
59,148
59,149
59,150
59,151
59,152
60,61
60,62
60,63
60,64
60,65
60,66
60,67
60,68
60,69
60,70
60,71
60,72
60,73
60,74
60,75
60,76
60,77
60,78
60,79
60,80
60,81
60,82
60,83
60,86
60,90
60,95
60,101
60,102
60,106
60,107
60,111
60,112
60,114
60,118
60,120
60,121
60,122
60,124
60,125
60,130
60,132
60,137
60,138
60,140
60,142
60,143
60,144
60,145
60,152
60,153
60,155
60,156
60,157
60,158
60,160
60,166
60,168
60,170
60,172
60,173
60,174
60,180
60,181
60,183
60,186
60,189
60,190
60,193
60,197
61,62
61,63
61,64
61,65
61,66
61,67
61,68
61,69
61,70
61,71
61,72
61,73
61,74
61,75
61,76
61,77
61,78
61,79
61,80
61,81
61,82
61,83
61,86
61,90
61,95
61,101
61,102
61,106
61,107
61,111
61,112
61,114
61,118
61,120
61,121
61,122
61,124
61,125
61,130
61,132
61,137
61,138
61,140
61,142
61,143
61,144
61,145
61,152
61,153
61,155
61,156
61,157
61,158
61,160
61,166
61,168
61,170
61,172
61,173
61,174
61,180
61,181
61,183
61,186
61,189
61,190
61,193
61,197
62,63
62,64
62,65
62,66
62,67
62,68
62,69
62,70
62,71
62,72
62,73
62,74
62,75
62,76
62,77
62,78
62,79
62,80
62,81
62,82
62,83
62,86
62,90
62,95
62,101
62,102
62,106
62,107
62,111
62,112
62,114
62,118
62,120
62,121
62,122
62,124
62,125
62,130
62,132
62,137
62,138
62,140
62,142
62,143
62,144
62,145
62,152
62,153
62,155
62,156
62,157
62,158
62,160
62,166
62,168
62,170
62,172
62,173
62,174
62,180
62,181
62,183
62,186
62,189
62,190
62,193
62,197
63,64
63,65
63,66
63,67
63,68
63,69
63,70
63,71
63,72
63,73
63,74
63,75
63,76
63,77
63,78
63,79
63,80
63,81
63,82
63,83
63,86
63,90
63,95
63,101
63,102
63,106
63,107
63,111
63,112
63,114
63,118
63,120
63,121
63,122
63,124
63,125
63,130
63,132
63,137
63,138
63,140
63,142
63,143
63,144
63,145
63,152
63,153
63,155
63,156
63,157
63,158
63,160
63,166
63,168
63,170
63,172
63,173
63,174
63,180
63,181
63,183
63,186
63,189
63,190
63,193
63,197
64,65
64,66
64,67
64,68
64,69
64,70
64,71
64,72
64,73
64,74
64,75
64,76
64,77
64,78
64,79
64,80
64,81
64,82
64,83
64,148
64,149
64,150
64,151
64,152
64,156
65,66
65,67
65,68
65,69
65,70
65,71
65,72
65,73
65,74
65,75
65,76
65,77
65,78
65,79
65,80
65,81
65,82
65,83
65,86
65,90
65,95
65,101
65,102
65,106
65,107
65,110
65,111
65,112
65,114
65,115
65,116
65,117
65,118
65,120
65,121
65,122
65,124
65,125
65,128
65,129
65,130
65,131
65,132
65,133
65,134
65,135
65,136
65,137
65,138
65,139
65,140
65,141
65,142
65,143
65,144
65,145
65,147
65,148
65,149
65,150
65,151
65,152
65,153
65,154
65,155
65,156
65,157
65,158
65,159
65,160
65,161
65,163
65,166
65,168
65,169
65,170
65,171
65,172
65,173
65,174
65,176
65,178
65,180
65,181
65,183
65,184
65,186
65,188
65,189
65,190
65,193
65,194
65,196
65,197
66,67
66,68
66,69
66,70
66,71
66,72
66,73
66,74
66,75
66,76
66,77
66,78
66,79
66,80
66,81
66,82
66,83
66,104
66,105
66,107
66,108
66,109
66,110
66,114
66,115
66,116
66,117
66,119
66,120
66,122
66,126
66,127
66,128
66,129
66,131
66,133
66,134
66,136
66,138
66,139
66,140
66,141
66,142
66,143
66,146
66,147
66,148
66,150
66,151
66,152
66,153
66,154
66,159
66,160
67,68
67,69
67,70
67,71
67,72
67,73
67,74
67,75
67,76
67,77
67,78
67,79
67,80
67,81
67,82
67,83
67,86
67,90
67,95
67,101
67,102
67,106
67,107
67,111
67,112
67,114
67,118
67,120
67,121
67,122
67,124
67,125
67,130
67,132
67,137
67,138
67,140
67,142
67,143
67,144
67,145
67,152
67,153
67,155
67,156
67,157
67,158
67,160
67,166
67,168
67,170
67,172
67,173
67,174
67,180
67,181
67,183
67,186
67,189
67,190
67,193
67,197
68,69
68,70
68,71
68,72
68,73
68,74
68,75
68,76
68,77
68,78
68,79
68,80
68,81
68,82
68,83
68,86
68,90
68,95
68,101
68,102
68,106
68,107
68,111
68,112
68,114
68,118
68,120
68,121
68,122
68,124
68,125
68,130
68,132
68,137
68,138
68,140
68,142
68,143
68,144
68,145
68,152
68,153
68,155
68,156
68,157
68,158
68,160
68,166
68,168
68,170
68,172
68,173
68,174
68,180
68,181
68,183
68,186
68,189
68,190
68,193
68,197
69,70
69,71
69,72
69,73
69,74
69,75
69,76
69,77
69,78
69,79
69,80
69,81
69,82
69,83
69,86
69,90
69,95
69,101
69,102
69,106
69,107
69,111
69,112
69,114
69,118
69,120
69,121
69,122
69,124
69,125
69,130
69,132
69,137
69,138
69,140
69,142
69,143
69,144
69,145
69,152
69,153
69,155
69,156
69,157
69,158
69,160
69,166
69,168
69,170
69,172
69,173
69,174
69,177
69,180
69,181
69,183
69,186
69,189
69,190
69,193
69,197
69,198
70,71
70,72
70,73
70,74
70,75
70,76
70,77
70,78
70,79
70,80
70,81
70,82
70,83
70,86
70,90
70,95
70,101
70,102
70,106
70,107
70,111
70,112
70,114
70,118
70,120
70,121
70,122
70,124
70,125
70,130
70,132
70,137
70,138
70,140
70,142
70,143
70,144
70,145
70,152
70,153
70,155
70,156
70,157
70,158
70,160
70,166
70,168
70,170
70,172
70,173
70,174
70,180
70,181
70,183
70,186
70,189
70,190
70,193
70,197
71,72
71,73
71,74
71,75
71,76
71,77
71,78
71,79
71,80
71,81
71,82
71,83
71,86
71,90
71,95
71,101
71,102
71,106
71,107
71,111
71,112
71,114
71,118
71,120
71,121
71,122
71,124
71,125
71,129
71,130
71,131
71,132
71,134
71,135
71,136
71,137
71,138
71,140
71,141
71,142
71,143
71,144
71,145
71,147
71,148
71,151
71,152
71,153
71,154
71,155
71,156
71,157
71,158
71,160
71,166
71,168
71,170
71,172
71,173
71,174
71,180
71,181
71,183
71,186
71,189
71,190
71,193
71,197
72,73
72,74
72,75
72,76
72,77
72,78
72,79
72,80
72,81
72,82
72,83
72,117
72,119
72,121
72,122
72,123
72,126
72,129
73,74
73,75
73,76
73,77
73,78
73,79
73,80
73,81
73,82
73,83
73,102
73,104
73,105
73,106
73,110
73,111
73,114
73,115
73,116
73,117
73,119
73,120
73,123
73,124
73,125
73,126
73,127
73,128
73,129
73,131
73,132
73,133
73,134
73,135
73,136
73,137
73,138
73,140
73,141
73,143
73,147
73,148
73,151
73,161
73,163
73,164
73,167
73,169
73,175
73,178
73,182
73,185
73,196
73,198
74,75
74,76
74,77
74,78
74,79
74,80
74,81
74,82
74,83
74,86
74,90
74,95
74,101
74,102
74,106
74,107
74,111
74,112
74,114
74,117
74,118
74,119
74,120
74,121
74,122
74,123
74,124
74,125
74,126
74,127
74,130
74,132
74,133
74,134
74,135
74,136
74,137
74,138
74,140
74,142
74,143
74,144
74,145
74,152
74,153
74,155
74,156
74,157
74,158
74,160
74,166
74,168
74,170
74,172
74,173
74,174
74,180
74,181
74,183
74,186
74,189
74,190
74,193
74,197
75,76
75,77
75,78
75,79
75,80
75,81
75,82
75,83
75,86
75,90
75,95
75,101
75,102
75,106
75,107
75,111
75,112
75,114
75,118
75,120
75,121
75,122
75,124
75,125
75,127
75,129
75,130
75,131
75,132
75,134
75,135
75,137
75,138
75,140
75,142
75,143
75,144
75,145
75,152
75,153
75,155
75,156
75,157
75,158
75,160
75,166
75,168
75,170
75,172
75,173
75,174
75,180
75,181
75,183
75,186
75,189
75,190
75,193
75,197
76,77
76,78
76,79
76,80
76,81
76,82
76,83
76,128
77,78
77,79
77,80
77,81
77,82
77,83
77,86
77,90
77,95
77,101
77,102
77,103
77,104
77,106
77,107
77,108
77,109
77,110
77,111
77,112
77,113
77,114
77,115
77,116
77,117
77,118
77,119
77,120
77,121
77,122
77,123
77,124
77,125
77,126
77,127
77,128
77,130
77,132
77,133
77,134
77,136
77,137
77,138
77,140
77,141
77,142
77,143
77,144
77,145
77,146
77,147
77,151
77,152
77,153
77,155
77,156
77,157
77,158
77,160
77,165
77,166
77,167
77,168
77,169
77,170
77,172
77,173
77,174
77,177
77,180
77,181
77,182
77,183
77,186
77,187
77,188
77,189
77,190
77,191
77,193
77,197
77,198
78,79
78,80
78,81
78,82
78,83
78,86
78,90
78,95
78,101
78,102
78,106
78,107
78,111
78,112
78,114
78,118
78,120
78,121
78,122
78,124
78,125
78,130
78,132
78,137
78,138
78,140
78,142
78,143
78,144
78,145
78,152
78,153
78,155
78,156
78,157
78,158
78,160
78,166
78,168
78,170
78,172
78,173
78,174
78,180
78,181
78,183
78,186
78,189
78,190
78,193
78,197
79,80
79,81
79,82
79,83
80,81
80,82
80,83
80,148
80,159
81,82
81,83
82,83
82,86
82,90
82,95
82,101
82,102
82,106
82,107
82,111
82,112
82,114
82,118
82,120
82,121
82,122
82,124
82,125
82,130
82,132
82,137
82,138
82,140
82,142
82,143
82,144
82,145
82,152
82,153
82,155
82,156
82,157
82,158
82,160
82,166
82,168
82,170
82,172
82,173
82,174
82,180
82,181
82,183
82,186
82,189
82,190
82,193
82,197
83,145
83,147
83,148
83,149
83,154
83,156
85,113
85,115
85,117
85,123
85,126
85,127
85,131
85,136
85,142
85,143
85,146
85,147
85,150
85,151
85,154
85,156
85,157
85,158
85,160
85,162
85,163
85,164
85,165
85,167
85,169
86,90
86,95
86,101
86,102
86,105
86,106
86,107
86,108
86,111
86,112
86,113
86,114
86,115
86,116
86,117
86,118
86,120
86,121
86,122
86,123
86,124
86,125
86,129
86,130
86,131
86,132
86,133
86,134
86,135
86,136
86,137
86,138
86,139
86,140
86,141
86,142
86,143
86,144
86,145
86,146
86,147
86,149
86,152
86,153
86,155
86,156
86,157
86,158
86,159
86,160
86,161
86,162
86,163
86,164
86,166
86,167
86,168
86,169
86,170
86,172
86,173
86,174
86,180
86,181
86,183
86,186
86,189
86,190
86,193
86,197
87,100
87,101
87,103
87,105
87,106
87,108
87,109
87,110
87,111
87,113
87,114
87,116
87,117
87,119
87,120
87,123
87,126
87,127
87,131
87,132
87,133
87,135
87,136
87,137
87,139
87,142
87,146
87,148
87,151
87,154
87,155
87,156
87,157
88,96
88,98
88,100
88,101
88,102
88,104
88,105
88,106
88,107
90,95
90,101
90,102
90,106
90,107
90,111
90,112
90,114
90,116
90,118
90,119
90,120
90,121
90,122
90,123
90,124
90,125
90,128
90,129
90,130
90,131
90,132
90,133
90,134
90,137
90,138
90,140
90,142
90,143
90,144
90,145
90,152
90,153
90,155
90,156
90,157
90,158
90,160
90,166
90,168
90,170
90,172
90,173
90,174
90,180
90,181
90,183
90,186
90,189
90,190
90,193
90,197
91,99
91,100
91,102
91,103
91,104
91,105
91,106
91,107
91,109
91,111
91,112
91,113
91,115
91,116
91,118
91,121
91,122
91,123
91,124
91,127
91,128
91,134
91,135
91,136
91,144
91,146
91,147
91,148
91,150
91,157
91,158
91,160
91,164
91,175
91,182
91,184
91,196
92,100
92,101
92,102
92,103
92,104
92,106
92,107
92,108
92,109
92,111
92,112
92,115
92,116
92,117
92,118
92,119
92,123
92,124
92,125
92,126
92,127
92,128
92,129
92,131
92,134
92,136
92,137
92,138
92,140
92,142
92,143
92,148
92,149
92,151
92,153
92,157
92,158
92,159
92,160
92,164
92,165
92,167
92,175
92,177
92,179
92,182
92,185
92,187
92,191
93,99
93,101
93,104
93,105
93,106
93,107
93,108
93,109
93,110
93,111
93,112
93,113
93,116
93,117
93,119
93,121
93,122
93,123
93,124
93,126
93,128
93,129
93,131
93,132
93,133
93,134
93,136
93,138
93,140
93,141
93,142
93,143
93,144
93,146
93,147
93,148
93,149
93,150
93,151
93,154
93,156
93,157
93,158
93,159
93,160
93,163
93,164
93,165
93,167
93,168
93,169
93,171
93,175
93,176
93,177
93,178
93,179
93,182
93,185
93,187
93,192
94,101
94,102
94,104
94,105
94,106
94,107
94,108
94,109
94,110
94,114
94,116
94,117
94,120
94,121
94,122
94,125
94,126
94,127
94,128
94,129
94,131
94,132
94,133
94,137
94,138
94,139
94,140
94,144
94,145
94,146
94,147
94,148
94,149
94,150
94,151
94,155
94,156
94,157
94,158
94,159
94,161
94,162
94,163
94,165
94,166
94,167
94,168
94,169
95,100
95,101
95,102
95,106
95,107
95,108
95,111
95,112
95,114
95,117
95,118
95,119
95,120
95,121
95,122
95,124
95,125
95,128
95,129
95,130
95,131
95,132
95,136
95,137
95,138
95,139
95,140
95,141
95,142
95,143
95,144
95,145
95,150
95,151
95,152
95,153
95,154
95,155
95,156
95,157
95,158
95,159
95,160
95,161
95,162
95,163
95,164
95,165
95,166
95,168
95,170
95,172
95,173
95,174
95,180
95,181
95,183
95,186
95,189
95,190
95,193
95,197
96,99
96,101
96,102
96,103
96,104
96,106
97,98
97,99
97,100
97,101
97,102
97,103
97,104
97,105
97,106
97,107
97,108
97,113
97,115
97,117
97,118
97,119
97,120
97,122
97,126
97,127
97,128
97,129
97,131
97,132
97,138
98,100
98,102
98,103
98,106
98,107
98,108
98,109
98,110
98,111
98,112
98,115
98,116
98,117
98,118
98,119
98,121
98,123
98,124
99,100
99,101
99,103
99,104
99,105
99,106
99,107
99,108
99,112
99,113
100,101
100,102
100,103
100,104
100,105
100,106
100,107
100,108
100,109
100,110
100,112
100,113
100,114
100,115
101,102
101,103
101,104
101,105
101,106
101,107
101,109
101,110
101,111
101,112
101,114
101,115
101,116
101,117
101,118
101,120
101,121
101,122
101,123
101,124
101,125
101,126
101,130
101,132
101,136
101,137
101,138
101,140
101,141
101,142
101,143
101,144
101,145
101,152
101,153
101,155
101,156
101,157
101,158
101,160
101,166
101,168
101,170
101,172
101,173
101,174
101,180
101,181
101,183
101,186
101,189
101,190
101,193
101,197
102,103
102,104
102,105
102,106
102,107
102,108
102,109
102,110
102,111
102,112
102,113
102,114
102,118
102,120
102,121
102,122
102,123
102,124
102,125
102,127
102,130
102,132
102,136
102,137
102,138
102,140
102,141
102,142
102,143
102,144
102,145
102,147
102,148
102,152
102,153
102,154
102,155
102,156
102,157
102,158
102,159
102,160
102,165
102,166
102,167
102,168
102,169
102,170
102,172
102,173
102,174
102,180
102,181
102,183
102,186
102,189
102,190
102,193
102,197
103,104
103,105
103,106
103,107
103,108
103,109
103,110
103,112
103,113
103,115
103,116
103,117
103,120
103,125
103,126
103,127
103,132
103,134
103,136
103,138
103,141
103,142
104,105
104,106
104,109
104,110
104,111
104,112
104,113
104,114
104,115
104,116
104,118
104,120
104,122
104,123
104,127
104,128
104,129
104,131
104,132
104,138
104,141
104,142
104,143
104,145
104,148
104,150
104,154
105,107
105,109
105,110
105,111
105,112
105,113
105,114
105,117
105,118
105,119
105,120
105,122
105,123
105,124
105,125
105,128
105,129
105,130
105,131
105,132
105,134
105,137
105,138
105,139
105,140
105,141
105,143
105,147
105,148
105,149
105,150
105,153
105,159
105,167
105,171
105,176
106,107
106,108
106,109
106,110
106,111
106,112
106,113
106,114
106,115
106,116
106,117
106,118
106,120
106,121
106,122
106,124
106,125
106,130
106,132
106,137
106,138
106,140
106,142
106,143
106,144
106,145
106,152
106,153
106,155
106,156
106,157
106,158
106,160
106,166
106,168
106,170
106,172
106,173
106,174
106,180
106,181
106,183
106,186
106,189
106,190
106,193
106,197
107,110
107,111
107,112
107,114
107,116
107,118
107,119
107,120
107,121
107,122
107,124
107,125
107,130
107,132
107,137
107,138
107,140
107,142
107,143
107,144
107,145
107,152
107,153
107,155
107,156
107,157
107,158
107,160
107,166
107,168
107,170
107,172
107,173
107,174
107,180
107,181
107,183
107,186
107,189
107,190
107,193
107,197
108,109
108,110
108,112
108,114
108,115
108,116
108,117
108,118
108,119
108,121
108,122
108,123
108,124
108,125
108,128
108,129
108,130
108,131
108,132
108,133
108,135
108,136
108,137
108,140
108,141
108,142
108,143
108,144
108,145
108,146
108,147
108,148
108,150
108,153
108,157
108,159
108,160
108,161
108,162
108,163
108,165
108,167
108,175
108,176
108,177
108,178
108,179
108,182
108,184
108,187
109,110
109,112
109,113
109,114
109,115
109,116
109,118
109,119
109,120
109,122
109,127
109,128
109,129
109,131
109,132
109,133
109,134
109,135
109,137
109,138
109,139
109,140
109,141
109,142
109,143
109,144
109,145
109,146
109,147
109,149
109,152
109,156
109,157
109,158
109,159
109,160
109,163
109,165
109,168
109,169
109,171
109,175
109,178
109,179
109,182
109,184
109,187
109,193
110,111
110,112
110,113
110,114
110,115
110,116
110,117
111,112
111,114
111,118
111,120
111,121
111,122
111,124
111,125
111,130
111,132
111,137
111,138
111,140
111,142
111,143
111,144
111,145
111,152
111,153
111,155
111,156
111,157
111,158
111,160
111,166
111,168
111,170
111,172
111,173
111,174
111,180
111,181
111,183
111,186
111,189
111,190
111,193
111,197
112,114
112,115
112,116
112,117
112,118
112,120
112,121
112,122
112,124
112,125
112,130
112,132
112,137
112,138
112,140
112,142
112,143
112,144
112,145
112,152
112,153
112,155
112,156
112,157
112,158
112,160
112,166
112,168
112,170
112,172
112,173
112,174
112,180
112,181
112,183
112,186
112,189
112,190
112,193
112,197
113,116
113,117
113,119
113,120
113,127
113,130
113,131
113,132
113,136
113,137
113,138
113,142
113,143
113,146
113,147
113,148
113,149
114,115
114,117
114,118
114,119
114,120
114,121
114,122
114,124
114,125
114,127
114,130
114,131
114,132
114,133
114,135
114,136
114,137
114,138
114,139
114,140
114,141
114,142
114,143
114,144
114,145
114,152
114,153
114,155
114,156
114,157
114,158
114,160
114,166
114,168
114,170
114,172
114,173
114,174
114,180
114,181
114,183
114,186
114,189
114,190
114,193
114,197
115,117
115,119
115,123
115,124
115,126
115,127
115,128
115,130
115,131
115,132
115,133
115,135
115,136
115,140
115,141
115,145
115,147
115,148
115,149
115,150
115,152
115,157
115,162
115,165
115,166
115,167
115,169
115,171
115,175
115,178
115,182
117,119
117,120
117,122
117,123
118,119
118,120
118,121
118,122
118,124
118,125
118,126
118,127
118,129
118,130
118,131
118,132
118,135
118,137
118,138
118,140
118,142
118,143
118,144
118,145
118,146
118,147
118,149
118,150
118,152
118,153
118,155
118,156
118,157
118,158
118,160
118,162
118,166
118,167
118,168
118,170
118,171
118,172
118,173
118,174
118,175
118,176
118,177
118,179
118,180
118,181
118,182
118,183
118,186
118,187
118,189
118,190
118,193
118,197
119,121
119,122
119,123
119,126
119,127
119,128
119,129
119,130
119,131
119,133
119,134
119,135
119,138
119,140
119,141
119,143
119,145
120,121
120,122
120,123
120,124
120,125
120,126
120,127
120,129
120,130
120,131
120,132
120,133
120,134
120,135
120,136
120,137
120,138
120,139
120,140
120,141
120,142
120,143
120,144
120,145
120,146
120,151
120,152
120,153
120,154
120,155
120,156
120,157
120,158
120,160
120,164
120,165
120,166
120,168
120,169
120,170
120,171
120,172
120,173
120,174
120,177
120,179
120,180
120,181
120,183
120,186
120,189
120,190
120,193
120,197
121,122
121,123
121,124
121,125
121,126
121,127
121,129
121,130
121,131
121,132
121,133
121,137
121,138
121,139
121,140
121,141
121,142
121,143
121,144
121,145
121,149
121,152
121,153
121,154
121,155
121,156
121,157
121,158
121,159
121,160
121,161
121,162
121,164
121,165
121,166
121,167
121,168
121,169
121,170
121,171
121,172
121,173
121,174
121,175
121,176
121,177
121,178
121,179
121,180
121,181
121,182
121,183
121,184
121,186
121,189
121,190
121,193
121,197
122,123
122,124
122,125
122,127
122,128
122,129
122,130
122,131
122,132
122,134
122,135
122,137
122,138
122,140
122,142
122,143
122,144
122,145
122,148
122,150
122,151
122,152
122,153
122,154
122,155
122,156
122,157
122,158
122,160
122,161
122,162
122,164
122,165
122,166
122,167
122,168
122,169
122,170
122,171
122,172
122,173
122,174
122,175
122,176
122,177
122,179
122,180
122,181
122,182
122,183
122,184
122,186
122,189
122,190
122,193
122,197
123,126
123,128
123,129
123,130
123,131
123,133
123,134
123,138
123,139
123,140
123,141
123,144
123,146
123,147
123,148
123,149
123,150
123,151
123,154
123,158
123,159
123,161
123,162
123,163
123,164
123,165
123,166
123,167
123,168
123,169
123,176
123,177
123,178
123,184
123,191
123,192
124,125
124,128
124,129
124,130
124,131
124,132
124,133
124,134
124,135
124,136
124,137
124,138
124,140
124,142
124,143
124,144
124,145
124,149
124,150
124,151
124,152
124,153
124,154
124,155
124,156
124,157
124,158
124,159
124,160
124,161
124,162
124,163
124,164
124,165
124,166
124,168
124,170
124,172
124,173
124,174
124,180
124,181
124,183
124,186
124,189
124,190
124,193
124,197
125,126
125,127
125,128
125,129
125,130
125,131
125,132
125,133
125,135
125,136
125,137
125,138
125,140
125,141
125,142
125,143
125,144
125,145
125,147
125,148
125,149
125,150
125,151
125,152
125,153
125,154
125,155
125,156
125,157
125,158
125,160
125,163
125,166
125,168
125,169
125,170
125,172
125,173
125,174
125,175
125,176
125,180
125,181
125,183
125,186
125,189
125,190
125,193
125,197
126,127
126,128
126,129
126,130
126,131
126,132
126,136
126,137
126,138
126,139
126,140
126,143
126,144
126,145
126,146
126,147
126,150
126,151
126,156
126,157
126,158
126,159
126,162
126,163
126,167
126,168
126,171
126,176
126,178
126,179
126,182
126,185
126,187
127,128
127,129
127,130
127,131
127,132
127,134
127,135
127,136
127,137
127,138
127,143
127,144
127,145
127,147
127,148
127,149
127,150
128,129
128,130
128,131
128,132
129,130
129,132
129,133
129,134
129,135
129,136
129,138
129,142
129,143
129,145
129,146
129,147
129,148
129,150
129,151
129,157
129,163
129,164
129,167
129,168
129,171
129,173
129,175
129,176
129,177
129,179
129,185
129,187
129,188
129,191
129,194
129,196
129,198
130,131
130,132
130,135
130,136
130,137
130,138
130,139
130,140
130,141
130,142
130,143
130,144
130,145
130,146
130,147
130,150
130,152
130,153
130,155
130,156
130,157
130,158
130,160
130,163
130,164
130,165
130,166
130,167
130,168
130,169
130,170
130,172
130,173
130,174
130,176
130,177
130,178
130,180
130,181
130,182
130,183
130,186
130,187
130,188
130,189
130,190
130,193
130,196
130,197
131,133
131,134
131,135
131,136
131,138
131,139
131,141
131,143
131,144
131,149
131,150
131,151
131,158
131,159
131,162
131,163
131,164
131,165
131,166
131,167
131,168
131,169
131,172
131,175
131,176
131,177
131,178
131,182
131,185
131,187
131,191
131,192
131,195
131,196
131,198
132,133
132,134
132,135
132,136
132,137
132,138
132,139
132,140
132,141
132,142
132,143
132,144
132,145
132,147
132,148
132,149
132,150
132,152
132,153
132,154
132,155
132,156
132,157
132,158
132,160
132,162
132,163
132,164
132,165
132,166
132,167
132,168
132,169
132,170
132,171
132,172
132,173
132,174
132,175
132,176
132,177
132,178
132,180
132,181
132,182
132,183
132,185
132,186
132,187
132,188
132,189
132,190
132,191
132,192
132,193
132,194
132,195
132,196
132,197
132,199
134,136
134,138
134,139
134,142
134,143
134,144
134,147
134,149
134,150
134,151
134,153
134,157
134,158
134,161
134,164
134,168
135,138
135,139
135,141
135,142
135,144
135,145
135,146
135,147
135,148
135,149
135,150
135,151
135,153
135,154
135,155
135,157
135,158
135,159
135,161
135,163
135,164
135,166
135,168
135,173
135,176
135,177
135,178
135,182
135,187
135,188
135,191
135,192
135,194
135,196
135,198
135,199
136,138
136,139
136,140
136,143
136,147
136,148
136,149
136,150
136,151
136,152
136,153
136,156
136,158
136,159
136,161
136,162
136,163
136,166
136,167
136,168
136,169
136,173
136,175
136,176
136,178
136,181
136,182
136,184
136,185
136,188
136,191
136,195
136,196
136,198
136,199
137,138
137,140
137,141
137,142
137,143
137,144
137,145
137,148
137,151
137,152
137,153
137,154
137,155
137,156
137,157
137,158
137,160
137,163
137,164
137,166
137,167
137,168
137,170
137,172
137,173
137,174
137,175
137,176
137,178
137,179
137,180
137,181
137,182
137,183
137,184
137,185
137,186
137,188
137,189
137,190
137,191
137,192
137,193
137,195
137,197
137,198
137,199
138,140
138,141
138,142
138,143
138,144
138,145
138,148
138,149
138,150
138,152
138,153
138,155
138,156
138,157
138,158
138,159
138,160
138,163
138,164
138,166
138,167
138,168
138,170
138,172
138,173
138,174
138,175
138,176
138,177
138,179
138,180
138,181
138,183
138,184
138,185
138,186
138,187
138,188
138,189
138,190
138,192
138,193
138,194
138,196
138,197
138,198
138,199
139,141
139,143
139,145
139,146
139,147
139,148
139,149
139,150
139,151
139,153
139,156
139,157
139,158
139,159
139,161
139,162
139,163
139,169
139,175
139,176
139,178
139,179
139,192
139,194
139,195
139,196
139,199
140,141
140,142
140,143
140,144
140,145
140,146
140,147
140,149
140,150
140,151
140,152
140,153
140,154
140,155
140,156
140,157
140,158
140,160
140,166
140,167
140,168
140,169
140,170
140,172
140,173
140,174
140,177
140,178
140,180
140,181
140,183
140,185
140,186
140,189
140,190
140,192
140,193
140,195
140,196
140,197
140,198
140,199
141,145
141,146
141,147
141,148
141,149
141,150
141,153
141,155
141,156
141,157
141,158
142,143
142,144
142,145
142,148
142,150
142,151
142,152
142,153
142,154
142,155
142,156
142,157
142,158
142,160
142,164
142,165
142,166
142,167
142,168
142,170
142,172
142,173
142,174
142,175
142,176
142,177
142,178
142,180
142,181
142,182
142,183
142,184
142,186
142,187
142,188
142,189
142,190
142,192
142,193
142,194
142,195
142,197
143,144
143,145
143,148
143,149
143,150
143,152
143,153
143,155
143,156
143,157
143,158
143,159
143,160
143,161
143,163
143,164
143,166
143,167
143,168
143,169
143,170
143,172
143,173
143,174
143,175
143,176
143,178
143,179
143,180
143,181
143,183
143,185
143,186
143,187
143,188
143,189
143,190
143,193
143,194
143,195
143,196
143,197
143,198
144,145
144,149
144,150
144,151
144,152
144,153
144,154
144,155
144,156
144,157
144,158
144,160
144,166
144,168
144,170
144,172
144,173
144,174
144,180
144,181
144,183
144,186
144,189
144,190
144,193
144,197
145,146
145,147
145,148
145,149
145,150
145,151
145,152
145,153
145,155
145,156
145,157
145,158
145,160
145,162
145,163
145,164
145,166
145,167
145,168
145,169
145,170
145,172
145,173
145,174
145,176
145,178
145,180
145,181
145,182
145,183
145,184
145,186
145,187
145,188
145,189
145,190
145,192
145,193
145,194
145,195
145,197
146,147
146,148
146,149
146,150
146,151
146,155
146,156
146,157
146,159
146,161
146,163
146,164
146,165
146,166
146,167
146,168
146,169
146,171
146,175
146,176
146,177
146,178
146,179
146,182
146,184
146,187
146,192
146,194
146,195
146,196
147,148
147,150
147,155
147,156
147,157
147,158
147,161
147,162
148,149
148,151
148,152
148,153
148,154
148,155
148,157
148,158
148,159
148,160
148,161
148,162
148,163
148,165
148,166
148,167
148,169
148,172
148,173
148,175
148,177
148,178
148,179
148,181
148,185
148,194
148,195
148,196
148,198
149,150
149,151
149,152
149,153
149,154
149,155
149,156
149,157
149,158
149,159
149,160
149,161
149,163
149,164
149,165
149,166
149,168
149,169
149,172
149,173
149,175
149,177
149,179
149,181
149,182
149,185
149,187
149,189
149,191
149,192
149,193
149,195
149,198
149,199
150,151
150,154
150,155
150,156
150,159
150,160
150,161
150,162
150,163
150,164
150,167
150,169
150,171
150,173
150,175
150,176
150,177
150,178
150,179
150,182
150,185
150,186
150,187
150,188
150,190
150,191
150,192
150,193
150,194
150,195
150,196
150,197
150,198
150,199
151,152
151,153
151,155
151,159
151,160
151,161
151,162
151,163
151,165
151,166
151,167
151,169
151,171
151,173
151,175
151,177
151,178
151,179
151,180
151,181
151,184
151,185
151,186
151,187
151,188
151,189
151,190
151,191
151,192
151,194
151,195
151,196
151,197
151,198
151,199
152,153
152,154
152,155
152,156
152,157
152,158
152,159
152,160
152,161
152,163
152,164
152,165
152,166
152,167
152,168
152,169
152,170
152,172
152,173
152,174
152,180
152,181
152,183
152,186
152,189
152,190
152,193
152,197
153,155
153,156
153,157
153,158
153,160
153,161
153,162
153,163
153,164
153,165
153,166
153,167
153,168
153,169
153,170
153,172
153,173
153,174
153,175
153,176
153,178
153,179
153,180
153,181
153,182
153,183
153,184
153,186
153,187
153,188
153,189
153,190
153,191
153,192
153,193
153,195
153,197
154,157
154,160
154,162
154,163
154,164
154,165
154,166
154,167
154,168
154,169
154,171
154,172
154,177
154,178
155,156
155,157
155,158
155,159
155,160
155,163
155,164
155,165
155,166
155,167
155,168
155,169
155,170
155,172
155,173
155,174
155,175
155,177
155,178
155,180
155,181
155,182
155,183
155,184
155,185
155,186
155,189
155,190
155,191
155,192
155,193
155,195
155,197
155,198
155,199
156,157
156,158
156,159
156,160
156,161
156,162
156,164
156,166
156,167
156,168
156,169
156,170
156,171
156,172
156,173
156,174
156,178
156,180
156,181
156,182
156,183
156,185
156,186
156,187
156,189
156,190
156,192
156,193
156,195
156,197
156,198
156,199
157,158
157,159
157,160
157,161
157,162
157,163
157,165
157,166
157,167
157,168
157,169
157,170
157,171
157,172
157,173
157,174
157,175
157,176
157,177
157,179
157,180
157,181
157,183
157,184
157,185
157,186
157,187
157,189
157,190
157,191
157,192
157,193
157,197
158,159
158,160
158,161
158,162
158,163
158,164
158,165
158,166
158,168
158,169
158,170
158,171
158,172
158,173
158,174
158,175
158,176
158,177
158,178
158,179
158,180
158,181
158,183
158,186
158,187
158,189
158,190
158,191
158,192
158,193
158,197
159,161
159,163
159,167
159,168
160,161
160,163
160,166
160,167
160,168
160,169
160,170
160,172
160,173
160,174
160,175
160,176
160,177
160,180
160,181
160,182
160,183
160,186
160,187
160,188
160,189
160,190
160,191
160,192
160,193
160,197
161,162
161,163
161,164
161,165
161,166
161,169
161,170
162,164
162,165
162,166
162,169
162,170
162,171
162,173
162,175
162,176
162,178
162,179
162,184
162,188
162,189
162,190
162,191
162,192
162,195
162,199
163,164
163,166
163,167
163,169
163,170
163,171
163,173
163,176
163,177
163,178
163,179
163,181
163,182
163,184
163,185
163,187
164,165
164,166
164,167
164,171
164,172
164,175
164,179
164,181
164,182
164,184
165,166
165,167
165,168
165,169
165,171
165,172
165,173
165,174
165,175
165,176
165,177
165,178
165,179
165,181
165,182
165,184
165,185
165,187
165,188
165,190
165,192
165,194
165,195
165,197
165,198
165,199
166,167
166,168
166,170
166,171
166,172
166,173
166,174
166,175
166,176
166,177
166,178
166,179
166,180
166,181
166,183
166,184
166,185
166,186
166,187
166,189
166,190
166,192
166,193
166,194
166,196
166,197
166,199
167,172
167,173
167,175
167,176
167,179
167,180
167,182
167,185
167,187
167,188
168,169
168,170
168,171
168,172
168,173
168,174
168,175
168,176
168,177
168,178
168,179
168,180
168,181
168,182
168,183
168,184
168,185
168,186
168,187
168,188
168,189
168,190
168,192
168,193
168,195
168,196
168,197
168,198
168,199
169,171
169,172
169,173
169,174
169,175
169,176
169,177
169,178
169,179
169,180
169,181
169,182
169,183
169,184
169,185
169,186
169,187
169,188
169,191
169,192
169,194
169,196
169,197
170,171
170,172
170,173
170,174
170,176
170,177
170,178
170,179
170,180
170,181
170,182
170,183
170,184
170,185
170,186
170,187
170,188
170,189
170,190
170,191
170,192
170,193
170,196
170,197
170,198
170,199
171,172
171,173
171,175
171,176
171,177
171,178
171,179
171,180
171,181
171,182
171,183
171,184
171,185
171,186
171,187
171,191
171,192
171,193
171,194
171,195
171,196
171,197
171,198
171,199
172,173
172,174
172,177
172,178
172,180
172,181
172,182
172,183
172,184
172,186
172,187
172,189
172,190
172,191
172,192
172,193
172,195
172,197
172,198
172,199
173,174
173,176
173,178
173,179
173,180
173,181
173,182
173,183
173,184
173,185
173,186
173,187
173,189
173,190
173,191
173,192
173,193
173,196
173,197
173,198
173,199
174,179
174,180
174,181
174,182
174,183
174,184
174,185
174,186
174,188
174,189
174,190
174,192
174,193
174,197
175,176
175,177
175,178
175,181
175,183
175,186
175,188
175,189
175,191
175,193
175,194
175,196
175,198
176,177
176,178
177,178
177,179
178,179
178,180
178,183
178,184
178,185
178,186
178,190
178,191
178,193
178,198
178,199
179,180
179,183
179,186
179,187
179,188
179,190
179,192
179,193
179,195
179,196
179,198
179,199
180,181
180,182
180,183
180,184
180,186
180,187
180,188
180,189
180,190
180,192
180,193
180,194
180,195
180,196
180,197
180,198
180,199
181,183
181,184
181,185
181,186
181,188
181,189
181,190
181,191
181,192
181,193
181,195
181,196
181,197
181,198
181,199
182,184
182,185
182,187
182,188
182,190
182,191
182,192
182,195
182,196
182,198
183,185
183,186
183,188
183,189
183,190
183,193
183,197
184,185
184,187
184,188
184,189
184,190
184,191
184,192
184,196
184,198
184,199
185,186
185,187
185,188
185,189
185,190
185,191
185,192
185,195
185,196
185,197
185,198
185,199
186,188
186,189
186,190
186,191
186,192
186,193
186,195
186,196
186,197
186,198
186,199
187,188
187,192
187,194
187,196
187,197
187,198
187,199
188,189
188,192
188,193
188,194
188,196
188,197
188,199
189,190
189,192
189,193
189,194
189,197
189,199
190,192
190,193
190,194
190,197
190,198
190,199
192,194
192,195
192,196
192,198
193,197
193,199
194,195
194,196
194,197
194,198
194,199
195,196
195,197
195,198
195,199
196,197
196,198
196,199
197,198
198,199
