0,1
0,2
0,3
0,4
0,5
0,6
0,7
0,8
0,9
0,10
0,11
0,12
0,13
0,14
0,15
0,16
0,17
0,18
0,19
0,20
0,21
0,22
0,23
0,24
0,25
0,26
0,27
0,28
0,29
0,30
0,31
0,32
0,33
0,34
0,35
0,36
0,37
0,38
0,39
0,40
0,41
0,42
0,43
0,44
0,45
0,46
0,47
0,48
0,49
0,50
0,51
0,52
0,53
0,54
0,55
0,56
0,57
0,58
0,59
0,60
0,61
0,62
0,63
0,64
0,65
0,66
0,67
0,68
0,69
0,70
0,71
0,72
0,73
0,74
0,75
0,76
1,2
1,3
1,4
1,5
1,6
1,7
1,8
1,9
1,10
1,11
1,12
1,13
1,14
1,15
1,16
1,17
1,18
1,19
1,20
1,21
1,22
1,23
1,24
1,25
1,26
1,27
1,28
1,29
1,30
1,31
1,32
1,33
1,34
1,35
1,36
1,37
1,38
1,39
1,40
1,41
1,42
1,43
1,44
1,45
1,46
1,47
1,48
1,49
1,50
1,51
1,52
1,53
1,54
1,55
1,56
1,57
1,58
1,59
1,60
1,61
1,62
1,63
1,64
1,65
1,66
1,67
1,68
1,69
1,70
1,71
1,72
1,73
1,74
1,75
1,76
1,78
1,79
1,80
1,84
1,93
1,94
1,95
1,98
1,103
1,104
1,105
1,108
1,110
1,114
1,115
1,123
1,125
1,126
1,127
1,128
1,134
1,138
1,141
1,142
1,143
1,144
1,145
1,148
1,149
1,152
1,156
1,158
1,160
1,163
1,165
1,166
1,167
1,170
1,173
1,180
1,183
1,184
1,185
1,190
1,193
1,195
1,196
1,198
2,3
2,4
2,5
2,6
2,7
2,8
2,9
2,10
2,11
2,12
2,13
2,14
2,15
2,16
2,17
2,18
2,19
2,20
2,21
2,22
2,23
2,24
2,25
2,26
2,27
2,28
2,29
2,30
2,31
2,32
2,33
2,34
2,35
2,36
2,37
2,38
2,39
2,40
2,41
2,42
2,43
2,44
2,45
2,46
2,47
2,48
2,49
2,50
2,51
2,52
2,53
2,54
2,55
2,56
2,57
2,58
2,59
2,60
2,61
2,62
2,63
2,64
2,65
2,66
2,67
2,68
2,69
2,70
2,71
2,72
2,73
2,74
2,75
2,76
2,163
2,164
2,169
2,172
2,174
2,175
2,182
2,188
2,192
2,193
2,195
2,196
2,197
3,4
3,5
3,6
3,7
3,8
3,9
3,10
3,11
3,12
3,13
3,14
3,15
3,16
3,17
3,18
3,19
3,20
3,21
3,22
3,23
3,24
3,25
3,26
3,27
3,28
3,29
3,30
3,31
3,32
3,33
3,34
3,35
3,36
3,37
3,38
3,39
3,40
3,41
3,42
3,43
3,44
3,45
3,46
3,47
3,48
3,49
3,50
3,51
3,52
3,53
3,54
3,55
3,56
3,57
3,58
3,59
3,60
3,61
3,62
3,63
3,64
3,65
3,66
3,67
3,68
3,69
3,70
3,71
3,72
3,73
3,74
3,75
4,5
4,6
4,7
4,8
4,9
4,10
4,11
4,12
4,13
4,14
4,15
4,16
4,17
4,18
4,19
4,20
4,21
4,22
4,23
4,24
4,25
4,26
4,27
4,28
4,29
4,30
4,31
4,32
4,33
4,34
4,35
4,36
4,37
4,38
4,39
4,40
4,41
4,42
4,43
4,44
4,45
4,46
4,47
4,48
4,49
4,50
4,51
4,52
4,53
4,54
4,55
4,56
4,57
4,58
4,59
4,60
4,61
4,62
4,63
4,64
4,65
4,66
4,67
4,68
4,69
4,70
4,71
4,72
4,73
4,74
4,75
4,76
5,6
5,7
5,8
5,9
5,10
5,11
5,12
5,13
5,14
5,15
5,16
5,17
5,18
5,19
5,20
5,21
5,22
5,23
5,24
5,25
5,26
5,27
5,28
5,29
5,30
5,31
5,32
5,33
5,34
5,35
5,36
5,37
5,38
5,39
5,40
5,41
5,42
5,43
5,44
5,45
5,46
5,47
5,48
5,49
5,50
5,51
5,52
5,53
5,54
5,55
5,56
5,57
5,58
5,59
5,60
5,61
5,62
5,63
5,64
5,65
5,66
5,67
5,68
5,69
5,70
5,71
5,72
5,73
5,74
5,75
5,76
5,78
5,79
5,80
5,84
5,93
5,94
5,95
5,98
5,103
5,104
5,105
5,108
5,110
5,114
5,115
5,123
5,125
5,126
5,127
5,128
5,134
5,138
5,141
5,142
5,143
5,144
5,145
5,148
5,149
5,152
5,156
5,158
5,160
5,163
5,165
5,166
5,167
5,170
5,173
5,180
5,183
5,184
5,185
5,190
5,193
5,195
5,196
5,198
6,7
6,8
6,9
6,10
6,11
6,12
6,13
6,14
6,15
6,16
6,17
6,18
6,19
6,20
6,21
6,22
6,23
6,24
6,25
6,26
6,27
6,28
6,29
6,30
6,31
6,32
6,33
6,34
6,35
6,36
6,37
6,38
6,39
6,40
6,41
6,42
6,43
6,44
6,45
6,46
6,47
6,48
6,49
6,50
6,51
6,52
6,53
6,54
6,55
6,56
6,57
6,58
6,59
6,60
6,61
6,62
6,63
6,64
6,65
6,66
6,67
6,68
6,69
6,70
6,71
6,72
6,73
6,74
6,75
6,76
6,166
6,170
6,174
6,178
6,184
6,187
6,188
6,190
6,191
7,8
7,9
7,10
7,11
7,12
7,13
7,14
7,15
7,16
7,17
7,18
7,19
7,20
7,21
7,22
7,23
7,24
7,25
7,26
7,27
7,28
7,29
7,30
7,31
7,32
7,33
7,34
7,35
7,36
7,37
7,38
7,39
7,40
7,41
7,42
7,43
7,44
7,45
7,46
7,47
7,48
7,49
7,50
7,51
7,52
7,53
7,54
7,55
7,56
7,57
7,58
7,59
7,60
7,61
7,62
7,63
7,64
7,65
7,66
7,67
7,68
7,69
7,70
7,71
7,72
7,73
7,74
7,75
7,76
7,78
7,79
7,80
7,84
7,93
7,94
7,95
7,98
7,103
7,104
7,105
7,108
7,110
7,112
7,113
7,114
7,115
7,121
7,123
7,125
7,126
7,127
7,128
7,131
7,134
7,135
7,138
7,141
7,142
7,143
7,144
7,145
7,146
7,148
7,149
7,150
7,151
7,152
7,154
7,156
7,158
7,160
7,163
7,165
7,166
7,167
7,170
7,173
7,180
7,183
7,184
7,185
7,190
7,193
7,195
7,196
7,198
8,9
8,10
8,11
8,12
8,13
8,14
8,15
8,16
8,17
8,18
8,19
8,20
8,21
8,22
8,23
8,24
8,25
8,26
8,27
8,28
8,29
8,30
8,31
8,32
8,33
8,34
8,35
8,36
8,37
8,38
8,39
8,40
8,41
8,42
8,43
8,44
8,45
8,46
8,47
8,48
8,49
8,50
8,51
8,52
8,53
8,54
8,55
8,56
8,57
8,58
8,59
8,60
8,61
8,62
8,63
8,64
8,65
8,66
8,67
8,68
8,69
8,70
8,71
8,72
8,73
8,74
8,75
8,76
8,78
8,79
8,80
8,84
8,93
8,94
8,95
8,98
8,103
8,104
8,105
8,108
8,110
8,112
8,114
8,115
8,123
8,125
8,126
8,127
8,128
8,134
8,138
8,141
8,142
8,143
8,144
8,145
8,148
8,149
8,152
8,156
8,158
8,160
8,163
8,165
8,166
8,167
8,170
8,173
8,180
8,183
8,184
8,185
8,190
8,193
8,195
8,196
8,198
9,10
9,11
9,12
9,13
9,14
9,15
9,16
9,17
9,18
9,19
9,20
9,21
9,22
9,23
9,24
9,25
9,26
9,27
9,28
9,29
9,30
9,31
9,32
9,33
9,34
9,35
9,36
9,37
9,38
9,39
9,40
9,41
9,42
9,43
9,44
9,45
9,46
9,47
9,48
9,49
9,50
9,51
9,52
9,53
9,54
9,55
9,56
9,57
9,58
9,59
9,60
9,61
9,62
9,63
9,64
9,65
9,66
9,67
9,68
9,69
9,70
9,71
9,72
9,73
9,74
9,75
9,76
9,78
9,79
9,80
9,84
9,93
9,94
9,95
9,98
9,103
9,104
9,105
9,108
9,110
9,114
9,115
9,123
9,125
9,126
9,127
9,128
9,134
9,138
9,141
9,142
9,143
9,144
9,145
9,148
9,149
9,152
9,156
9,158
9,160
9,163
9,165
9,166
9,167
9,170
9,173
9,180
9,183
9,184
9,185
9,190
9,193
9,195
9,196
9,198
10,11
10,12
10,13
10,14
10,15
10,16
10,17
10,18
10,19
10,20
10,21
10,22
10,23
10,24
10,25
10,26
10,27
10,28
10,29
10,30
10,31
10,32
10,33
10,34
10,35
10,36
10,37
10,38
10,39
10,40
10,41
10,42
10,43
10,44
10,45
10,46
10,47
10,48
10,49
10,50
10,51
10,52
10,53
10,54
10,55
10,56
10,57
10,58
10,59
10,60
10,61
10,62
10,63
10,64
10,65
10,66
10,67
10,68
10,69
10,70
10,71
10,72
10,73
10,74
10,75
10,76
11,12
11,13
11,14
11,15
11,16
11,17
11,18
11,19
11,20
11,21
11,22
11,23
11,24
11,25
11,26
11,27
11,28
11,29
11,30
11,31
11,32
11,33
11,34
11,35
11,36
11,37
11,38
11,39
11,40
11,41
11,42
11,43
11,44
11,45
11,46
11,47
11,48
11,49
11,50
11,51
11,52
11,53
11,54
11,55
11,56
11,57
11,58
11,59
11,60
11,61
11,62
11,63
11,64
11,65
11,66
11,67
11,68
11,69
11,70
11,71
11,72
11,73
11,74
11,75
11,76
12,13
12,14
12,15
12,16
12,17
12,18
12,19
12,20
12,21
12,22
12,23
12,24
12,25
12,26
12,27
12,28
12,29
12,30
12,31
12,32
12,33
12,34
12,35
12,36
12,37
12,38
12,39
12,40
12,41
12,42
12,43
12,44
12,45
12,46
12,47
12,48
12,49
12,50
12,51
12,52
12,53
12,54
12,55
12,56
12,57
12,58
12,59
12,60
12,61
12,62
12,63
12,64
12,65
12,66
12,67
12,68
12,69
12,70
12,71
12,72
12,73
12,74
12,75
12,76
13,14
13,15
13,16
13,17
13,18
13,19
13,20
13,21
13,22
13,23
13,24
13,25
13,26
13,27
13,28
13,29
13,30
13,31
13,32
13,33
13,34
13,35
13,36
13,37
13,38
13,39
13,40
13,41
13,42
13,43
13,44
13,45
13,46
13,47
13,48
13,49
13,50
13,51
13,52
13,53
13,54
13,55
13,56
13,57
13,58
13,59
13,60
13,61
13,62
13,63
13,64
13,65
13,66
13,67
13,68
13,69
13,70
13,71
13,72
13,73
13,74
13,75
13,76
13,78
13,79
13,80
13,84
13,93
13,94
13,95
13,98
13,103
13,104
13,105
13,108
13,110
13,114
13,115
13,123
13,125
13,126
13,127
13,128
13,134
13,138
13,141
13,142
13,143
13,144
13,145
13,148
13,149
13,152
13,156
13,158
13,160
13,163
13,165
13,166
13,167
13,170
13,173
13,180
13,183
13,184
13,185
13,190
13,193
13,195
13,196
13,198
14,15
14,16
14,17
14,18
14,19
14,20
14,21
14,22
14,23
14,24
14,25
14,26
14,27
14,28
14,29
14,30
14,31
14,32
14,33
14,34
14,35
14,36
14,37
14,38
14,39
14,40
14,41
14,42
14,43
14,44
14,45
14,46
14,47
14,48
14,49
14,50
14,51
14,52
14,53
14,54
14,55
14,56
14,57
14,58
14,59
14,60
14,61
14,62
14,63
14,64
14,65
14,66
14,67
14,68
14,69
14,70
14,71
14,72
14,73
14,74
14,75
14,76
15,16
15,17
15,18
15,19
15,20
15,21
15,22
15,23
15,24
15,25
15,26
15,27
15,28
15,29
15,30
15,31
15,32
15,33
15,34
15,35
15,36
15,37
15,38
15,39
15,40
15,41
15,42
15,43
15,44
15,45
15,46
15,47
15,48
15,49
15,50
15,51
15,52
15,53
15,54
15,55
15,56
15,57
15,58
15,59
15,60
15,61
15,62
15,63
15,64
15,65
15,66
15,67
15,68
15,69
15,70
15,71
15,72
15,73
15,74
15,75
15,76
16,17
16,18
16,19
16,20
16,21
16,22
16,23
16,24
16,25
16,26
16,27
16,28
16,29
16,30
16,31
16,32
16,33
16,34
16,35
16,36
16,37
16,38
16,39
16,40
16,41
16,42
16,43
16,44
16,45
16,46
16,47
16,48
16,49
16,50
16,51
16,52
16,53
16,54
16,55
16,56
16,57
16,58
16,59
16,60
16,61
16,62
16,63
16,64
16,65
16,66
16,67
16,68
16,69
16,70
16,71
16,72
16,73
16,74
16,75
16,76
17,18
17,19
17,20
17,21
17,22
17,23
17,24
17,25
17,26
17,27
17,28
17,29
17,30
17,31
17,32
17,33
17,34
17,35
17,36
17,37
17,38
17,39
17,40
17,41
17,42
17,43
17,44
17,45
17,46
17,47
17,48
17,49
17,50
17,51
17,52
17,53
17,54
17,55
17,56
17,57
17,58
17,59
17,60
17,61
17,62
17,63
17,64
17,65
17,66
17,67
17,68
17,69
17,70
17,71
17,72
17,73
17,74
17,75
17,76
17,103
17,106
17,115
17,121
17,123
17,129
17,131
17,134
17,135
17,137
17,142
17,145
17,146
17,151
17,154
17,158
17,164
17,172
17,174
17,175
17,178
17,182
17,187
17,190
17,191
17,192
17,193
17,194
17,196
17,197
18,19
18,20
18,21
18,22
18,23
18,24
18,25
18,26
18,27
18,28
18,29
18,30
18,31
18,32
18,33
18,34
18,35
18,36
18,37
18,38
18,39
18,40
18,41
18,42
18,43
18,44
18,45
18,46
18,47
18,48
18,49
18,50
18,51
18,52
18,53
18,54
18,55
18,56
18,57
18,58
18,59
18,60
18,61
18,62
18,63
18,64
18,65
18,66
18,67
18,68
18,69
18,70
18,71
18,72
18,73
18,74
18,75
18,76
18,78
18,79
18,80
18,84
18,93
18,94
18,95
18,98
18,101
18,103
18,104
18,105
18,108
18,110
18,111
18,112
18,113
18,114
18,115
18,118
18,120
18,121
18,123
18,125
18,126
18,127
18,128
18,129
18,134
18,135
18,136
18,137
18,138
18,139
18,140
18,141
18,142
18,143
18,144
18,145
18,148
18,149
18,151
18,152
18,153
18,154
18,156
18,158
18,160
18,163
18,165
18,166
18,167
18,170
18,173
18,180
18,183
18,184
18,185
18,190
18,193
18,195
18,196
18,198
19,20
19,21
19,22
19,23
19,24
19,25
19,26
19,27
19,28
19,29
19,30
19,31
19,32
19,33
19,34
19,35
19,36
19,37
19,38
19,39
19,40
19,41
19,42
19,43
19,44
19,45
19,46
19,47
19,48
19,49
19,50
19,51
19,52
19,53
19,54
19,55
19,56
19,57
19,58
19,59
19,60
19,61
19,62
19,63
19,64
19,65
19,66
19,67
19,68
19,69
19,70
19,71
19,72
19,73
19,74
19,75
19,76
19,78
19,79
19,80
19,84
19,89
19,90
19,91
19,93
19,94
19,95
19,96
19,97
19,98
19,101
19,103
19,104
19,105
19,108
19,109
19,110
19,111
19,113
19,114
19,115
19,116
19,119
19,120
19,121
19,123
19,125
19,126
19,127
19,128
19,134
19,135
19,136
19,137
19,138
19,139
19,140
19,141
19,142
19,143
19,144
19,145
19,147
19,148
19,149
19,150
19,151
19,152
19,153
19,154
19,155
19,156
19,157
19,158
19,159
19,160
19,161
19,163
19,164
19,165
19,166
19,167
19,168
19,169
19,170
19,173
19,174
19,175
19,178
19,180
19,182
19,183
19,184
19,185
19,190
19,193
19,194
19,195
19,196
19,198
19,199
20,21
20,22
20,23
20,24
20,25
20,26
20,27
20,28
20,29
20,30
20,31
20,32
20,33
20,34
20,35
20,36
20,37
20,38
20,39
20,40
20,41
20,42
20,43
20,44
20,45
20,46
20,47
20,48
20,49
20,50
20,51
20,52
20,53
20,54
20,55
20,56
20,57
20,58
20,59
20,60
20,61
20,62
20,63
20,64
20,65
20,66
20,67
20,68
20,69
20,70
20,71
20,72
20,73
20,74
20,75
20,76
20,96
20,101
20,103
20,106
20,118
20,119
20,120
20,121
20,122
20,124
20,129
20,131
20,132
20,134
21,22
21,23
21,24
21,25
21,26
21,27
21,28
21,29
21,30
21,31
21,32
21,33
21,34
21,35
21,36
21,37
21,38
21,39
21,40
21,41
21,42
21,43
21,44
21,45
21,46
21,47
21,48
21,49
21,50
21,51
21,52
21,53
21,54
21,55
21,56
21,57
21,58
21,59
21,60
21,61
21,62
21,63
21,64
21,65
21,66
21,67
21,68
21,69
21,70
21,71
21,72
21,73
21,74
21,75
21,76
22,23
22,24
22,25
22,26
22,27
22,28
22,29
22,30
22,31
22,32
22,33
22,34
22,35
22,36
22,37
22,38
22,39
22,40
22,41
22,42
22,43
22,44
22,45
22,46
22,47
22,48
22,49
22,50
22,51
22,52
22,53
22,54
22,55
22,56
22,57
22,58
22,59
22,60
22,61
22,62
22,63
22,64
22,65
22,66
22,67
22,68
22,69
22,70
22,71
22,72
22,73
22,74
22,75
22,76
22,105
22,106
22,109
22,112
22,113
22,115
22,118
22,119
22,120
22,121
22,123
22,124
22,126
22,129
22,132
22,133
22,134
22,136
22,146
22,147
22,150
22,153
22,154
22,155
22,157
22,159
22,162
22,163
22,164
22,165
22,169
22,174
22,175
22,178
22,179
22,182
22,191
22,193
22,194
22,195
22,196
22,199
23,24
23,25
23,26
23,27
23,28
23,29
23,30
23,31
23,32
23,33
23,34
23,35
23,36
23,37
23,38
23,39
23,40
23,41
23,42
23,43
23,44
23,45
23,46
23,47
23,48
23,49
23,50
23,51
23,52
23,53
23,54
23,55
23,56
23,57
23,58
23,59
23,60
23,61
23,62
23,63
23,64
23,65
23,66
23,67
23,68
23,69
23,70
23,71
23,72
23,73
23,74
23,75
23,76
23,78
23,79
23,80
23,84
23,93
23,94
23,95
23,98
23,100
23,101
23,103
23,104
23,105
23,106
23,108
23,109
23,110
23,111
23,112
23,113
23,114
23,115
23,119
23,120
23,121
23,122
23,123
23,124
23,125
23,126
23,127
23,128
23,130
23,131
23,132
23,133
23,134
23,135
23,136
23,137
23,138
23,139
23,141
23,142
23,143
23,144
23,145
23,146
23,147
23,148
23,149
23,152
23,156
23,158
23,160
23,163
23,165
23,166
23,167
23,170
23,173
23,180
23,183
23,184
23,185
23,190
23,193
23,195
23,196
23,198
24,25
24,26
24,27
24,28
24,29
24,30
24,31
24,32
24,33
24,34
24,35
24,36
24,37
24,38
24,39
24,40
24,41
24,42
24,43
24,44
24,45
24,46
24,47
24,48
24,49
24,50
24,51
24,52
24,53
24,54
24,55
24,56
24,57
24,58
24,59
24,60
24,61
24,62
24,63
24,64
24,65
24,66
24,67
24,68
24,69
24,70
24,71
24,72
24,73
24,74
24,75
24,76
24,78
24,79
24,80
24,84
24,89
24,90
24,93
24,94
24,95
24,97
24,98
24,100
24,101
24,103
24,104
24,105
24,108
24,109
24,110
24,111
24,112
24,113
24,114
24,115
24,116
24,118
24,119
24,122
24,123
24,125
24,126
24,127
24,128
24,130
24,132
24,133
24,134
24,136
24,138
24,139
24,140
24,141
24,142
24,143
24,144
24,145
24,147
24,148
24,149
24,150
24,152
24,153
24,154
24,156
24,158
24,160
24,161
24,162
24,163
24,164
24,165
24,166
24,167
24,168
24,169
24,170
24,172
24,173
24,174
24,175
24,176
24,178
24,179
24,180
24,181
24,182
24,183
24,184
24,185
24,187
24,190
24,192
24,193
24,195
24,196
24,198
24,199
25,26
25,27
25,28
25,29
25,30
25,31
25,32
25,33
25,34
25,35
25,36
25,37
25,38
25,39
25,40
25,41
25,42
25,43
25,44
25,45
25,46
25,47
25,48
25,49
25,50
25,51
25,52
25,53
25,54
25,55
25,56
25,57
25,58
25,59
25,60
25,61
25,62
25,63
25,64
25,65
25,66
25,67
25,68
25,69
25,70
25,71
25,72
25,73
25,74
25,75
25,76
26,27
26,28
26,29
26,30
26,31
26,32
26,33
26,34
26,35
26,36
26,37
26,38
26,39
26,40
26,41
26,42
26,43
26,44
26,45
26,46
26,47
26,48
26,49
26,50
26,51
26,52
26,53
26,54
26,55
26,56
26,57
26,58
26,59
26,60
26,61
26,62
26,63
26,64
26,65
26,66
26,67
26,68
26,69
26,70
26,71
26,72
26,73
26,74
26,75
26,76
27,28
27,29
27,30
27,31
27,32
27,33
27,34
27,35
27,36
27,37
27,38
27,39
27,40
27,41
27,42
27,43
27,44
27,45
27,46
27,47
27,48
27,49
27,50
27,51
27,52
27,53
27,54
27,55
27,56
27,57
27,58
27,59
27,60
27,61
27,62
27,63
27,64
27,65
27,66
27,67
27,68
27,69
27,70
27,71
27,72
27,73
27,74
27,75
27,76
27,139
27,149
27,151
27,154
27,155
27,159
27,162
27,163
27,164
27,172
27,174
27,176
27,179
27,180
27,181
27,182
27,184
27,186
27,188
27,190
27,191
27,192
28,29
28,30
28,31
28,32
28,33
28,34
28,35
28,36
28,37
28,38
28,39
28,40
28,41
28,42
28,43
28,44
28,45
28,46
28,47
28,48
28,49
28,50
28,51
28,52
28,53
28,54
28,55
28,56
28,57
28,58
28,59
28,60
28,61
28,62
28,63
28,64
28,65
28,66
28,67
28,68
28,69
28,70
28,71
28,72
28,73
28,74
28,75
28,76
28,111
29,30
29,31
29,32
29,33
29,34
29,35
29,36
29,37
29,38
29,39
29,40
29,41
29,42
29,43
29,44
29,45
29,46
29,47
29,48
29,49
29,50
29,51
29,52
29,53
29,54
29,55
29,56
29,57
29,58
29,59
29,60
29,61
29,62
29,63
29,64
29,65
29,66
29,67
29,68
29,69
29,70
29,71
29,72
29,73
29,74
29,75
29,76
29,78
29,79
29,80
29,84
29,90
29,91
29,92
29,93
29,94
29,95
29,96
29,98
29,101
29,102
29,103
29,104
29,105
29,108
29,109
29,110
29,111
29,112
29,113
29,114
29,115
29,116
29,120
29,121
29,122
29,123
29,125
29,126
29,127
29,128
29,129
29,130
29,131
29,132
29,133
29,134
29,136
29,138
29,139
29,140
29,141
29,142
29,143
29,144
29,145
29,146
29,148
29,149
29,152
29,156
29,158
29,160
29,163
29,165
29,166
29,167
29,170
29,173
29,180
29,183
29,184
29,185
29,190
29,193
29,195
29,196
29,198
30,31
30,32
30,33
30,34
30,35
30,36
30,37
30,38
30,39
30,40
30,41
30,42
30,43
30,44
30,45
30,46
30,47
30,48
30,49
30,50
30,51
30,52
30,53
30,54
30,55
30,56
30,57
30,58
30,59
30,60
30,61
30,62
30,63
30,64
30,65
30,66
30,67
30,68
30,69
30,70
30,71
30,72
30,73
30,74
30,75
30,76
31,32
31,33
31,34
31,35
31,36
31,37
31,38
31,39
31,40
31,41
31,42
31,43
31,44
31,45
31,46
31,47
31,48
31,49
31,50
31,51
31,52
31,53
31,54
31,55
31,56
31,57
31,58
31,59
31,60
31,61
31,62
31,63
31,64
31,65
31,66
31,67
31,68
31,69
31,70
31,71
31,72
31,73
31,74
31,75
31,76
32,33
32,34
32,35
32,36
32,37
32,38
32,39
32,40
32,41
32,42
32,43
32,44
32,45
32,46
32,47
32,48
32,49
32,50
32,51
32,52
32,53
32,54
32,55
32,56
32,57
32,58
32,59
32,60
32,61
32,62
32,63
32,64
32,65
32,66
32,67
32,68
32,69
32,70
32,71
32,72
32,73
32,74
32,75
32,76
32,78
32,79
32,80
32,84
32,93
32,94
32,95
32,98
32,103
32,104
32,105
32,108
32,110
32,114
32,115
32,123
32,125
32,126
32,127
32,128
32,134
32,138
32,141
32,142
32,143
32,144
32,145
32,148
32,149
32,152
32,156
32,158
32,160
32,163
32,165
32,166
32,167
32,170
32,173
32,180
32,183
32,184
32,185
32,190
32,193
32,195
32,196
32,198
33,34
33,35
33,36
33,37
33,38
33,39
33,40
33,41
33,42
33,43
33,44
33,45
33,46
33,47
33,48
33,49
33,50
33,51
33,52
33,53
33,54
33,55
33,56
33,57
33,58
33,59
33,60
33,61
33,62
33,63
33,64
33,65
33,66
33,67
33,68
33,69
33,70
33,71
33,72
33,73
33,74
33,75
33,76
33,176
33,177
33,180
33,183
33,186
33,187
33,190
33,191
33,192
33,195
33,197
34,35
34,36
34,37
34,38
34,39
34,40
34,41
34,42
34,43
34,44
34,45
34,46
34,47
34,48
34,49
34,50
34,51
34,52
34,53
34,54
34,55
34,56
34,57
34,58
34,59
34,60
34,61
34,62
34,63
34,64
34,65
34,66
34,67
34,68
34,69
34,70
34,71
34,72
34,73
34,74
34,75
34,76
34,96
34,98
34,100
34,105
34,109
34,111
34,112
34,118
34,119
34,120
34,122
34,123
34,124
34,125
34,126
34,131
34,132
34,133
34,134
34,136
34,139
34,140
34,142
34,144
34,146
34,148
35,36
35,37
35,38
35,39
35,40
35,41
35,42
35,43
35,44
35,45
35,46
35,47
35,48
35,49
35,50
35,51
35,52
35,53
35,54
35,55
35,56
35,57
35,58
35,59
35,60
35,61
35,62
35,63
35,64
35,65
35,66
35,67
35,68
35,69
35,70
35,71
35,72
35,73
35,74
35,75
35,76
35,78
35,79
35,80
35,84
35,93
35,94
35,95
35,98
35,103
35,104
35,105
35,106
35,108
35,109
35,110
35,111
35,114
35,115
35,116
35,117
35,118
35,119
35,121
35,122
35,123
35,125
35,126
35,127
35,128
35,130
35,131
35,132
35,134
35,136
35,138
35,139
35,140
35,141
35,142
35,143
35,144
35,145
35,148
35,149
35,150
35,152
35,153
35,155
35,156
35,158
35,160
35,161
35,162
35,163
35,164
35,165
35,166
35,167
35,168
35,170
35,173
35,180
35,183
35,184
35,185
35,190
35,193
35,195
35,196
35,198
36,37
36,38
36,39
36,40
36,41
36,42
36,43
36,44
36,45
36,46
36,47
36,48
36,49
36,50
36,51
36,52
36,53
36,54
36,55
36,56
36,57
36,58
36,59
36,60
36,61
36,62
36,63
36,64
36,65
36,66
36,67
36,68
36,69
36,70
36,71
36,72
36,73
36,74
36,75
36,76
36,78
36,79
36,80
36,84
36,87
36,93
36,94
36,95
36,97
36,98
36,101
36,102
36,103
36,104
36,105
36,106
36,108
36,109
36,110
36,111
36,112
36,113
36,114
36,115
36,116
36,117
36,118
36,119
36,120
36,121
36,122
36,123
36,124
36,125
36,126
36,127
36,128
36,130
36,131
36,132
36,133
36,134
36,136
36,137
36,138
36,139
36,140
36,141
36,142
36,143
36,144
36,145
36,148
36,149
36,150
36,151
36,152
36,154
36,155
36,156
36,158
36,159
36,160
36,161
36,162
36,163
36,164
36,165
36,166
36,167
36,170
36,173
36,175
36,176
36,177
36,180
36,183
36,184
36,185
36,187
36,188
36,189
36,190
36,192
36,193
36,195
36,196
36,198
37,38
37,39
37,40
37,41
37,42
37,43
37,44
37,45
37,46
37,47
37,48
37,49
37,50
37,51
37,52
37,53
37,54
37,55
37,56
37,57
37,58
37,59
37,60
37,61
37,62
37,63
37,64
37,65
37,66
37,67
37,68
37,69
37,70
37,71
37,72
37,73
37,74
37,75
37,76
38,39
38,40
38,41
38,42
38,43
38,44
38,45
38,46
38,47
38,48
38,49
38,50
38,51
38,52
38,53
38,54
38,55
38,56
38,57
38,58
38,59
38,60
38,61
38,62
38,63
38,64
38,65
38,66
38,67
38,68
38,69
38,70
38,71
38,72
38,73
38,74
38,75
38,76
38,107
38,109
38,111
38,112
38,113
38,117
38,118
38,120
38,121
38,123
38,125
38,128
38,129
38,132
38,133
38,134
38,136
38,137
38,139
38,140
38,142
38,146
38,147
38,148
38,150
38,151
38,152
38,153
38,154
38,155
38,161
38,162
38,168
38,177
38,178
38,179
38,182
38,183
38,187
38,189
38,190
38,191
38,192
38,193
38,195
39,40
39,41
39,42
39,43
39,44
39,45
39,46
39,47
39,48
39,49
39,50
39,51
39,52
39,53
39,54
39,55
39,56
39,57
39,58
39,59
39,60
39,61
39,62
39,63
39,64
39,65
39,66
39,67
39,68
39,69
39,70
39,71
39,72
39,73
39,74
39,75
39,76
39,78
39,79
39,80
39,84
39,91
39,92
39,93
39,94
39,95
39,96
39,97
39,98
39,102
39,103
39,104
39,105
39,107
39,108
39,110
39,111
39,112
39,113
39,114
39,115
39,116
39,117
39,118
39,119
39,120
39,121
39,123
39,125
39,126
39,127
39,128
39,129
39,130
39,131
39,132
39,133
39,134
39,136
39,137
39,138
39,140
39,141
39,142
39,143
39,144
39,145
39,147
39,148
39,149
39,152
39,156
39,158
39,160
39,163
39,165
39,166
39,167
39,170
39,173
39,180
39,183
39,184
39,185
39,190
39,193
39,195
39,196
39,198
40,41
40,42
40,43
40,44
40,45
40,46
40,47
40,48
40,49
40,50
40,51
40,52
40,53
40,54
40,55
40,56
40,57
40,58
40,59
40,60
40,61
40,62
40,63
40,64
40,65
40,66
40,67
40,68
40,69
40,70
40,71
40,72
40,73
40,74
40,75
40,76
40,78
40,79
40,80
40,84
40,93
40,94
40,95
40,96
40,97
40,98
40,100
40,103
40,104
40,105
40,106
40,107
40,108
40,109
40,110
40,111
40,112
40,113
40,114
40,115
40,116
40,117
40,118
40,119
40,120
40,121
40,122
40,123
40,124
40,125
40,126
40,127
40,128
40,129
40,130
40,131
40,132
40,133
40,134
40,135
40,138
40,141
40,142
40,143
40,144
40,145
40,148
40,149
40,152
40,156
40,158
40,160
40,163
40,165
40,166
40,167
40,170
40,173
40,180
40,183
40,184
40,185
40,190
40,193
40,195
40,196
40,198
41,42
41,43
41,44
41,45
41,46
41,47
41,48
41,49
41,50
41,51
41,52
41,53
41,54
41,55
41,56
41,57
41,58
41,59
41,60
41,61
41,62
41,63
41,64
41,65
41,66
41,67
41,68
41,69
41,70
41,71
41,72
41,73
41,74
41,75
41,76
41,102
41,106
41,107
41,109
41,110
41,116
41,118
41,119
41,120
41,122
41,124
41,125
41,126
41,128
41,129
41,130
41,131
41,132
41,133
41,135
41,136
42,43
42,44
42,45
42,46
42,47
42,48
42,49
42,50
42,51
42,52
42,53
42,54
42,55
42,56
42,57
42,58
42,59
42,60
42,61
42,62
42,63
42,64
42,65
42,66
42,67
42,68
42,69
42,70
42,71
42,72
42,73
42,74
42,75
42,76
42,95
42,96
42,97
42,98
42,100
42,102
42,105
42,106
42,107
43,44
43,45
43,46
43,47
43,48
43,49
43,50
43,51
43,52
43,53
43,54
43,55
43,56
43,57
43,58
43,59
43,60
43,61
43,62
43,63
43,64
43,65
43,66
43,67
43,68
43,69
43,70
43,71
43,72
43,73
43,74
43,75
43,76
44,45
44,46
44,47
44,48
44,49
44,50
44,51
44,52
44,53
44,54
44,55
44,56
44,57
44,58
44,59
44,60
44,61
44,62
44,63
44,64
44,65
44,66
44,67
44,68
44,69
44,70
44,71
44,72
44,73
44,74
44,75
44,76
45,46
45,47
45,48
45,49
45,50
45,51
45,52
45,53
45,54
45,55
45,56
45,57
45,58
45,59
45,60
45,61
45,62
45,63
45,64
45,65
45,66
45,67
45,68
45,69
45,70
45,71
45,72
45,73
45,74
45,75
45,76
45,78
45,79
45,80
45,84
45,93
45,94
45,95
45,98
45,103
45,104
45,105
45,108
45,110
45,114
45,115
45,123
45,125
45,126
45,127
45,128
45,134
45,138
45,141
45,142
45,143
45,144
45,145
45,148
45,149
45,152
45,156
45,158
45,160
45,163
45,165
45,166
45,167
45,170
45,173
45,180
45,183
45,184
45,185
45,190
45,193
45,195
45,196
45,198
46,47
46,48
46,49
46,50
46,51
46,52
46,53
46,54
46,55
46,56
46,57
46,58
46,59
46,60
46,61
46,62
46,63
46,64
46,65
46,66
46,67
46,68
46,69
46,70
46,71
46,72
46,73
46,74
46,75
46,76
46,78
46,79
46,80
46,84
46,93
46,94
46,95
46,98
46,103
46,104
46,105
46,108
46,110
46,114
46,115
46,123
46,125
46,126
46,127
46,128
46,134
46,138
46,141
46,142
46,143
46,144
46,145
46,148
46,149
46,152
46,156
46,158
46,160
46,163
46,165
46,166
46,167
46,170
46,173
46,180
46,183
46,184
46,185
46,190
46,193
46,195
46,196
46,198
47,48
47,49
47,50
47,51
47,52
47,53
47,54
47,55
47,56
47,57
47,58
47,59
47,60
47,61
47,62
47,63
47,64
47,65
47,66
47,67
47,68
47,69
47,70
47,71
47,72
47,73
47,74
47,75
47,76
48,49
48,50
48,51
48,52
48,53
48,54
48,55
48,56
48,57
48,58
48,59
48,60
48,61
48,62
48,63
48,64
48,65
48,66
48,67
48,68
48,69
48,70
48,71
48,72
48,73
48,74
48,75
48,76
49,50
49,51
49,52
49,53
49,54
49,55
49,56
49,57
49,58
49,59
49,60
49,61
49,62
49,63
49,64
49,65
49,66
49,67
49,68
49,69
49,70
49,71
49,72
49,73
49,74
49,75
49,76
49,113
49,115
49,116
49,117
49,125
49,126
49,130
49,131
49,134
49,135
49,144
49,150
49,172
49,174
49,175
49,177
49,178
49,179
49,188
49,194
50,51
50,52
50,53
50,54
50,55
50,56
50,57
50,58
50,59
50,60
50,61
50,62
50,63
50,64
50,65
50,66
50,67
50,68
50,69
50,70
50,71
50,72
50,73
50,74
50,75
50,76
50,78
50,79
50,80
50,84
50,93
50,94
50,95
50,98
50,103
50,104
50,105
50,108
50,110
50,114
50,115
50,123
50,125
50,126
50,127
50,128
50,134
50,138
50,141
50,142
50,143
50,144
50,145
50,148
50,149
50,152
50,156
50,158
50,160
50,163
50,165
50,166
50,167
50,170
50,173
50,180
50,183
50,184
50,185
50,190
50,193
50,195
50,196
50,198
51,52
51,53
51,54
51,55
51,56
51,57
51,58
51,59
51,60
51,61
51,62
51,63
51,64
51,65
51,66
51,67
51,68
51,69
51,70
51,71
51,72
51,73
51,74
51,75
51,76
52,53
52,54
52,55
52,56
52,57
52,58
52,59
52,60
52,61
52,62
52,63
52,64
52,65
52,66
52,67
52,68
52,69
52,70
52,71
52,72
52,73
52,74
52,75
52,76
52,98
52,100
52,106
52,109
52,110
52,111
52,112
52,113
52,115
52,119
52,121
52,122
52,125
52,126
52,130
52,131
52,133
52,134
52,135
52,142
52,144
52,171
52,172
52,175
52,192
52,193
52,197
52,199
53,54
53,55
53,56
53,57
53,58
53,59
53,60
53,61
53,62
53,63
53,64
53,65
53,66
53,67
53,68
53,69
53,70
53,71
53,72
53,73
53,74
53,75
53,76
53,98
53,100
53,104
53,105
53,106
53,107
53,109
53,110
53,111
53,112
53,113
53,115
53,116
53,117
53,119
53,120
53,121
53,122
53,123
53,124
53,125
53,127
53,141
53,144
53,149
53,150
53,153
53,154
53,155
53,156
53,159
53,160
53,162
53,163
53,164
53,168
53,170
53,171
53,172
53,173
53,174
53,177
53,178
53,179
53,180
53,183
53,184
53,185
53,187
53,188
53,191
53,192
53,193
53,199
54,55
54,56
54,57
54,58
54,59
54,60
54,61
54,62
54,63
54,64
54,65
54,66
54,67
54,68
54,69
54,70
54,71
54,72
54,73
54,74
54,75
54,76
54,78
54,79
54,80
54,84
54,93
54,94
54,95
54,98
54,103
54,104
54,105
54,108
54,110
54,113
54,114
54,115
54,116
54,117
54,118
54,119
54,121
54,122
54,123
54,124
54,125
54,126
54,127
54,128
54,130
54,134
54,138
54,141
54,142
54,143
54,144
54,145
54,148
54,149
54,152
54,156
54,158
54,160
54,163
54,165
54,166
54,167
54,170
54,173
54,180
54,183
54,184
54,185
54,190
54,193
54,195
54,196
54,198
55,56
55,57
55,58
55,59
55,60
55,61
55,62
55,63
55,64
55,65
55,66
55,67
55,68
55,69
55,70
55,71
55,72
55,73
55,74
55,75
55,76
55,78
55,79
55,80
55,84
55,90
55,92
55,93
55,94
55,95
55,96
55,97
55,98
55,100
55,102
55,103
55,104
55,105
55,107
55,108
55,109
55,110
55,111
55,112
55,113
55,114
55,115
55,118
55,119
55,120
55,121
55,123
55,125
55,126
55,127
55,128
55,130
55,132
55,134
55,135
55,136
55,137
55,138
55,139
55,140
55,141
55,142
55,143
55,144
55,145
55,147
55,148
55,149
55,150
55,152
55,154
55,156
55,157
55,158
55,160
55,162
55,163
55,165
55,166
55,167
55,169
55,170
55,171
55,172
55,173
55,174
55,175
55,176
55,178
55,179
55,180
55,182
55,183
55,184
55,185
55,190
55,193
55,195
55,196
55,198
56,57
56,58
56,59
56,60
56,61
56,62
56,63
56,64
56,65
56,66
56,67
56,68
56,69
56,70
56,71
56,72
56,73
56,74
56,75
56,76
56,90
56,91
56,92
56,95
56,96
56,97
56,98
56,100
56,105
56,106
56,107
56,109
56,110
56,111
56,112
56,113
56,114
56,115
56,116
56,117
56,120
56,121
56,122
56,124
56,125
56,126
56,127
56,129
56,130
56,131
56,132
56,133
56,135
56,136
56,137
56,140
56,141
56,142
56,143
56,147
56,148
56,149
56,150
56,151
56,153
56,154
56,155
56,159
56,161
56,162
56,163
57,58
57,59
57,60
57,61
57,62
57,63
57,64
57,65
57,66
57,67
57,68
57,69
57,70
57,71
57,72
57,73
57,74
57,75
57,76
57,97
57,99
57,100
57,101
57,102
57,103
57,104
57,105
57,107
57,109
57,110
57,113
57,114
57,115
57,117
57,118
57,119
57,120
57,121
57,122
57,124
57,125
57,126
57,127
57,128
57,129
57,130
57,131
57,132
57,134
57,136
58,59
58,60
58,61
58,62
58,63
58,64
58,65
58,66
58,67
58,68
58,69
58,70
58,71
58,72
58,73
58,74
58,75
58,76
58,100
58,101
58,102
58,103
58,104
58,106
58,108
58,110
58,113
58,114
58,115
58,116
58,117
58,118
58,119
58,121
59,60
59,61
59,62
59,63
59,64
59,65
59,66
59,67
59,68
59,69
59,70
59,71
59,72
59,73
59,74
59,75
59,76
59,91
59,92
59,95
59,96
59,99
59,100
59,101
59,102
59,104
59,106
59,107
59,108
59,109
59,110
59,111
59,112
59,113
59,114
59,115
59,116
59,117
59,119
59,120
59,121
59,122
59,123
59,124
59,125
59,126
59,127
59,128
59,129
59,130
59,131
59,132
59,134
59,135
59,140
59,142
59,143
59,145
59,146
59,147
59,148
59,149
59,151
59,152
59,154
59,155
59,156
59,159
59,160
59,161
59,163
59,168
59,169
59,170
59,171
59,175
59,177
59,180
59,183
59,192
59,194
59,197
59,199
60,61
60,62
60,63
60,64
60,65
60,66
60,67
60,68
60,69
60,70
60,71
60,72
60,73
60,74
60,75
60,76
60,78
60,79
60,80
60,84
60,90
60,91
60,92
60,93
60,94
60,95
60,97
60,98
60,101
60,102
60,103
60,104
60,105
60,106
60,107
60,108
60,109
60,110
60,111
60,113
60,114
60,115
60,116
60,117
60,118
60,119
60,120
60,121
60,123
60,125
60,126
60,127
60,128
60,132
60,133
60,134
60,136
60,137
60,138
60,139
60,140
60,141
60,142
60,143
60,144
60,145
60,147
60,148
60,149
60,150
60,151
60,152
60,154
60,155
60,156
60,157
60,158
60,159
60,160
60,161
60,163
60,164
60,165
60,166
60,167
60,169
60,170
60,171
60,173
60,175
60,179
60,180
60,181
60,183
60,184
60,185
60,190
60,193
60,195
60,196
60,198
61,62
61,63
61,64
61,65
61,66
61,67
61,68
61,69
61,70
61,71
61,72
61,73
61,74
61,75
61,76
61,78
61,79
61,80
61,84
61,93
61,94
61,95
61,98
61,103
61,104
61,105
61,108
61,110
61,114
61,115
61,123
61,125
61,126
61,127
61,128
61,134
61,138
61,141
61,142
61,143
61,144
61,145
61,148
61,149
61,152
61,156
61,158
61,160
61,163
61,165
61,166
61,167
61,170
61,173
61,180
61,183
61,184
61,185
61,190
61,193
61,195
61,196
61,198
62,63
62,64
62,65
62,66
62,67
62,68
62,69
62,70
62,71
62,72
62,73
62,74
62,75
62,76
62,78
62,79
62,80
62,84
62,93
62,94
62,95
62,98
62,100
62,101
62,102
62,103
62,104
62,105
62,106
62,107
62,108
62,109
62,110
62,111
62,113
62,114
62,115
62,120
62,121
62,123
62,124
62,125
62,126
62,127
62,128
62,130
62,131
62,132
62,133
62,134
62,136
62,137
62,138
62,140
62,141
62,142
62,143
62,144
62,145
62,147
62,148
62,149
62,151
62,152
62,156
62,157
62,158
62,159
62,160
62,161
62,163
62,165
62,166
62,167
62,168
62,169
62,170
62,172
62,173
62,180
62,183
62,184
62,185
62,190
62,193
62,195
62,196
62,198
63,64
63,65
63,66
63,67
63,68
63,69
63,70
63,71
63,72
63,73
63,74
63,75
63,76
63,100
63,101
63,102
63,103
63,104
63,105
63,106
63,107
63,109
63,110
63,112
63,113
63,114
63,115
63,116
63,117
63,118
63,119
63,120
63,121
63,122
63,124
63,125
63,129
63,130
63,131
63,133
63,135
63,136
63,137
63,141
63,142
63,143
63,144
63,145
63,146
63,147
63,148
63,149
63,151
63,152
63,153
63,156
64,65
64,66
64,67
64,68
64,69
64,70
64,71
64,72
64,73
64,74
64,75
64,76
64,103
64,104
64,108
64,109
64,110
64,114
65,66
65,67
65,68
65,69
65,70
65,71
65,72
65,73
65,74
65,75
65,76
65,78
65,79
65,80
65,84
65,93
65,94
65,95
65,98
65,103
65,104
65,105
65,108
65,110
65,114
65,115
65,123
65,125
65,126
65,127
65,128
65,134
65,138
65,141
65,142
65,143
65,144
65,145
65,148
65,149
65,152
65,156
65,158
65,160
65,163
65,165
65,166
65,167
65,170
65,173
65,180
65,183
65,184
65,185
65,190
65,193
65,195
65,196
65,198
66,67
66,68
66,69
66,70
66,71
66,72
66,73
66,74
66,75
66,76
67,68
67,69
67,70
67,71
67,72
67,73
67,74
67,75
67,76
67,96
67,97
67,98
67,100
67,101
67,102
67,103
67,107
67,108
67,111
67,112
67,113
67,115
67,116
67,118
67,119
67,121
67,125
67,127
67,128
67,130
67,133
67,138
67,141
67,146
67,147
67,148
67,149
67,153
67,154
67,156
67,157
67,158
67,159
67,161
67,162
67,169
67,171
67,172
67,177
67,183
67,184
67,186
67,192
67,195
68,69
68,70
68,71
68,72
68,73
68,74
68,75
68,76
68,103
68,104
68,105
68,107
68,108
68,109
68,110
68,111
68,112
68,113
68,114
68,115
68,116
68,117
68,119
68,120
68,121
68,123
68,124
68,125
68,126
68,127
68,128
69,70
69,71
69,72
69,73
69,74
69,75
69,76
69,96
69,97
69,98
69,99
69,100
69,101
69,104
69,105
69,106
69,107
69,109
69,110
69,111
69,112
69,113
69,114
69,115
69,116
70,71
70,72
70,73
70,74
70,75
70,76
70,96
70,97
70,99
70,102
70,103
70,104
70,105
70,108
70,109
70,111
70,112
70,113
70,114
70,116
70,117
70,118
70,119
70,120
71,72
71,73
71,74
71,75
71,76
71,78
71,79
71,80
71,84
71,93
71,94
71,95
71,98
71,103
71,104
71,105
71,107
71,108
71,109
71,110
71,111
71,112
71,113
71,114
71,115
71,116
71,117
71,118
71,119
71,120
71,121
71,123
71,125
71,126
71,127
71,128
71,130
71,132
71,133
71,134
71,136
71,138
71,139
71,140
71,141
71,142
71,143
71,144
71,145
71,148
71,149
71,150
71,151
71,152
71,154
71,155
71,156
71,157
71,158
71,160
71,163
71,165
71,166
71,167
71,169
71,170
71,171
71,172
71,173
71,176
71,180
71,183
71,184
71,185
71,190
71,193
71,195
71,196
71,198
72,73
72,74
72,75
72,76
72,100
72,102
72,103
72,104
72,106
72,107
72,108
72,109
72,110
72,111
72,112
72,114
72,115
72,116
72,117
72,118
73,74
73,75
73,76
73,78
73,79
73,80
73,84
73,93
73,94
73,95
73,98
73,103
73,104
73,105
73,108
73,110
73,113
73,114
73,115
73,118
73,119
73,120
73,121
73,122
73,123
73,125
73,126
73,127
73,128
73,130
73,133
73,134
73,135
73,138
73,139
73,140
73,141
73,142
73,143
73,144
73,145
73,148
73,149
73,152
73,156
73,158
73,160
73,163
73,165
73,166
73,167
73,170
73,173
73,180
73,183
73,184
73,185
73,190
73,193
73,195
73,196
73,198
74,75
74,76
74,78
74,79
74,80
74,84
74,93
74,94
74,95
74,98
74,103
74,104
74,105
74,108
74,110
74,114
74,115
74,123
74,125
74,126
74,127
74,128
74,134
74,138
74,141
74,142
74,143
74,144
74,145
74,148
74,149
74,152
74,156
74,158
74,160
74,163
74,165
74,166
74,167
74,170
74,173
74,180
74,183
74,184
74,185
74,190
74,193
74,195
74,196
74,198
75,76
75,78
75,79
75,80
75,84
75,93
75,94
75,95
75,98
75,103
75,104
75,105
75,108
75,110
75,114
75,115
75,123
75,125
75,126
75,127
75,128
75,134
75,138
75,141
75,142
75,143
75,144
75,145
75,148
75,149
75,152
75,156
75,158
75,160
75,163
75,165
75,166
75,167
75,170
75,173
75,180
75,183
75,184
75,185
75,190
75,193
75,195
75,196
75,198
78,79
78,80
78,84
78,93
78,94
78,95
78,98
78,103
78,104
78,105
78,108
78,110
78,114
78,115
78,123
78,125
78,126
78,127
78,128
78,134
78,135
78,136
78,138
78,139
78,141
78,142
78,143
78,144
78,145
78,148
78,149
78,151
78,152
78,153
78,154
78,155
78,156
78,158
78,160
78,162
78,163
78,165
78,166
78,167
78,170
78,173
78,180
78,183
78,184
78,185
78,190
78,193
78,195
78,196
78,198
79,80
79,84
79,88
79,89
79,91
79,92
79,93
79,94
79,95
79,97
79,98
79,99
79,101
79,102
79,103
79,104
79,105
79,106
79,107
79,108
79,109
79,110
79,114
79,115
79,116
79,117
79,118
79,119
79,120
79,121
79,122
79,123
79,124
79,125
79,126
79,127
79,128
79,129
79,130
79,131
79,134
79,138
79,141
79,142
79,143
79,144
79,145
79,148
79,149
79,152
79,156
79,158
79,160
79,163
79,165
79,166
79,167
79,170
79,173
79,180
79,183
79,184
79,185
79,190
79,193
79,195
79,196
79,198
80,84
80,89
80,90
80,91
80,92
80,93
80,94
80,95
80,97
80,98
80,99
80,100
80,101
80,102
80,103
80,104
80,105
80,107
80,108
80,109
80,110
80,112
80,113
80,114
80,115
80,116
80,118
80,119
80,120
80,121
80,122
80,123
80,125
80,126
80,127
80,128
80,130
80,131
80,132
80,133
80,134
80,135
80,136
80,138
80,141
80,142
80,143
80,144
80,145
80,148
80,149
80,152
80,156
80,158
80,160
80,163
80,165
80,166
80,167
80,170
80,173
80,180
80,183
80,184
80,185
80,190
80,193
80,195
80,196
80,198
81,89
81,91
81,92
81,93
81,97
81,99
81,100
81,101
81,103
81,105
81,106
81,107
81,108
81,109
81,111
81,112
81,113
81,115
81,116
81,119
81,121
81,122
81,124
81,127
81,128
81,129
81,130
81,131
81,132
81,135
81,136
81,137
81,138
81,140
81,146
81,150
81,151
81,152
81,153
81,154
81,155
81,156
81,159
81,160
81,162
81,164
81,169
81,171
81,175
81,176
82,86
82,87
82,88
82,89
82,90
82,91
82,92
82,93
82,95
82,96
82,97
82,99
82,102
82,103
82,104
82,105
82,106
82,107
82,108
82,110
82,111
82,113
82,114
82,115
82,116
82,117
82,119
82,120
82,121
82,122
82,124
82,125
82,128
82,129
82,130
82,131
82,132
82,133
82,135
82,137
82,138
82,139
82,140
82,141
82,146
82,147
82,148
82,150
82,153
82,154
82,155
82,156
82,157
82,159
82,160
82,161
82,162
82,164
82,166
82,169
82,170
82,172
82,176
82,177
82,178
82,181
82,184
82,185
82,187
82,191
82,196
82,197
82,198
83,86
83,87
83,88
83,89
83,90
83,91
83,92
83,93
83,94
83,95
83,100
83,101
83,102
83,103
83,104
83,105
83,107
83,108
83,109
83,110
83,112
83,113
83,114
83,115
83,116
83,118
83,119
83,120
83,122
83,124
83,125
83,126
83,127
83,128
84,87
84,88
84,93
84,94
84,95
84,98
84,103
84,104
84,105
84,108
84,110
84,114
84,115
84,123
84,125
84,126
84,127
84,128
84,134
84,138
84,141
84,142
84,143
84,144
84,145
84,148
84,149
84,152
84,156
84,158
84,160
84,163
84,165
84,166
84,167
84,170
84,173
84,180
84,183
84,184
84,185
84,190
84,193
84,195
84,196
84,198
85,95
85,96
85,97
85,98
85,99
85,100
85,102
85,104
85,105
85,107
85,109
85,111
85,112
85,113
85,114
85,115
85,116
85,117
85,120
85,121
85,122
85,123
85,124
85,125
85,126
85,127
85,128
85,129
85,130
85,131
85,134
85,135
85,136
85,140
86,87
86,88
86,90
86,91
86,92
86,93
86,94
86,95
86,98
86,99
86,102
86,103
86,104
86,105
86,107
86,108
86,109
86,110
86,111
86,112
86,113
86,115
86,116
86,117
86,119
86,120
86,121
86,122
86,123
86,124
86,126
86,128
86,131
86,132
86,133
86,134
86,135
86,136
86,137
86,139
86,141
86,144
86,149
86,152
86,154
86,155
86,157
86,159
86,162
86,168
86,169
86,170
86,173
86,175
86,177
86,178
86,179
86,181
86,184
87,88
87,89
87,90
87,91
87,92
87,93
87,94
87,95
87,96
87,97
87,99
87,100
87,101
87,102
87,103
87,104
87,105
87,107
87,108
87,109
87,110
87,111
87,112
87,113
87,116
87,117
87,118
87,120
87,121
87,122
87,123
87,124
87,125
87,126
87,127
87,128
87,129
87,130
87,131
87,132
87,134
87,135
87,136
87,137
87,138
87,140
87,141
87,142
87,144
87,145
87,146
87,150
87,151
87,152
87,153
87,154
87,155
87,156
87,157
87,159
87,160
87,162
87,163
87,164
87,169
87,170
87,171
87,175
87,176
87,177
87,178
87,179
87,180
87,182
87,183
87,184
87,185
87,188
87,192
87,198
88,89
88,90
88,91
88,92
88,94
88,95
89,90
89,91
89,92
89,94
89,95
89,96
89,98
89,99
89,100
89,101
89,102
89,104
89,105
89,106
89,107
89,108
89,109
89,110
89,111
89,112
89,113
89,114
89,115
89,116
89,117
89,118
89,120
89,121
89,122
89,123
89,124
89,125
89,127
89,129
89,131
89,132
89,133
89,134
89,135
89,136
89,137
89,139
89,140
89,141
89,142
89,144
89,145
89,146
89,150
89,151
89,152
89,153
89,154
89,155
89,156
89,157
89,158
89,159
89,162
89,163
89,164
89,165
89,166
89,168
89,170
89,171
89,173
89,175
89,176
89,177
89,178
89,179
89,180
89,181
89,184
89,185
89,186
89,187
89,188
90,91
90,92
90,93
90,94
90,96
90,97
90,98
90,99
90,100
90,101
90,103
90,104
90,105
90,106
90,107
90,108
90,109
90,110
90,111
90,112
90,113
90,114
90,115
90,116
90,117
90,118
90,119
90,120
90,121
90,123
90,124
90,125
90,127
90,128
90,129
90,131
90,133
90,134
90,135
90,136
90,137
90,140
90,142
90,143
90,145
90,147
90,148
90,149
90,150
90,153
90,154
90,155
90,156
90,157
90,158
90,159
90,160
90,162
90,163
90,164
90,165
90,166
90,169
90,171
90,172
90,173
90,174
90,175
90,177
90,178
90,179
90,180
90,181
90,183
90,184
90,185
90,186
90,187
90,188
91,94
91,95
91,96
91,97
91,99
91,100
91,101
91,102
91,103
91,104
92,94
92,95
92,96
92,97
92,99
92,100
92,101
92,102
92,103
92,104
92,105
92,110
92,111
92,113
92,115
92,116
92,117
92,118
93,94
93,95
93,97
93,98
93,99
93,100
93,101
93,103
93,104
93,105
93,107
93,108
93,110
93,112
93,113
93,114
93,115
93,116
93,119
93,120
93,121
93,123
93,125
93,126
93,127
93,128
93,132
93,133
93,134
93,135
93,136
93,137
93,138
93,139
93,141
93,142
93,143
93,144
93,145
93,146
93,147
93,148
93,149
93,151
93,152
93,153
93,154
93,155
93,156
93,157
93,158
93,160
93,161
93,163
93,165
93,166
93,167
93,169
93,170
93,172
93,173
93,175
93,176
93,178
93,180
93,183
93,184
93,185
93,186
93,187
93,188
93,189
93,190
93,192
93,193
93,195
93,196
93,198
94,95
94,98
94,103
94,104
94,105
94,108
94,110
94,114
94,115
94,123
94,125
94,126
94,127
94,128
94,134
94,138
94,141
94,142
94,143
94,144
94,145
94,148
94,149
94,152
94,156
94,158
94,160
94,163
94,165
94,166
94,167
94,170
94,173
94,180
94,183
94,184
94,185
94,190
94,193
94,195
94,196
94,198
95,96
95,97
95,98
95,99
95,100
95,101
95,102
95,103
95,104
95,105
95,108
95,110
95,112
95,114
95,115
95,116
95,117
95,118
95,119
95,120
95,122
95,123
95,124
95,125
95,126
95,127
95,128
95,132
95,133
95,134
95,135
95,136
95,137
95,138
95,139
95,140
95,141
95,142
95,143
95,144
95,145
95,148
95,149
95,152
95,156
95,157
95,158
95,159
95,160
95,161
95,162
95,163
95,164
95,165
95,166
95,167
95,168
95,169
95,170
95,171
95,172
95,173
95,175
95,176
95,178
95,180
95,181
95,183
95,184
95,185
95,190
95,193
95,195
95,196
95,198
96,97
96,98
96,99
96,100
96,101
96,103
96,104
96,106
96,108
96,109
96,112
96,113
96,114
96,115
96,116
96,118
96,119
96,120
96,121
96,122
96,123
96,124
96,126
96,127
96,128
96,129
96,130
96,131
96,132
96,133
96,135
96,136
96,137
96,139
96,140
96,141
96,142
96,145
96,148
96,149
96,150
96,151
96,152
96,153
96,154
96,155
96,156
96,157
96,159
96,160
96,161
96,164
96,168
97,98
97,100
97,101
97,102
97,103
97,106
97,107
97,109
97,112
97,113
97,114
97,115
97,116
97,117
97,118
97,119
97,120
97,121
97,122
97,123
97,124
97,125
97,126
97,127
97,128
97,130
97,131
97,132
97,133
97,134
97,136
97,137
97,138
97,139
97,140
97,141
97,142
97,144
97,145
97,146
97,147
97,148
97,150
97,152
97,153
97,154
97,155
97,156
97,157
97,159
97,160
97,161
97,162
97,164
97,167
97,171
97,172
97,174
97,175
97,177
97,178
97,179
97,181
97,183
97,186
97,188
97,191
97,195
97,196
98,100
98,101
98,102
98,103
98,104
98,105
98,106
98,107
98,108
98,109
98,110
98,111
98,113
98,114
98,115
98,116
98,117
98,118
98,119
98,120
98,121
98,122
98,123
98,124
98,125
98,126
98,127
98,128
98,129
98,130
98,131
98,132
98,133
98,134
98,136
98,137
98,138
98,139
98,140
98,141
98,142
98,143
98,144
98,145
98,147
98,148
98,149
98,150
98,152
98,153
98,154
98,155
98,156
98,157
98,158
98,159
98,160
98,163
98,165
98,166
98,167
98,170
98,173
98,180
98,183
98,184
98,185
98,190
98,193
98,195
98,196
98,198
99,101
99,105
99,106
100,101
100,103
100,104
100,105
101,102
101,104
101,105
101,110
101,111
101,113
101,114
101,115
101,116
101,118
101,119
101,120
101,121
101,124
101,125
101,129
101,130
101,133
101,137
101,138
101,139
101,142
101,145
101,148
101,150
101,151
101,152
101,153
101,154
101,155
101,156
101,158
101,159
101,160
101,161
101,162
101,163
101,164
101,165
101,168
101,169
101,172
101,173
101,174
102,103
102,104
102,105
102,107
102,108
102,109
102,112
102,113
102,114
102,115
102,117
102,118
102,119
102,121
102,122
102,123
102,125
102,126
102,127
102,128
102,130
102,131
102,133
102,134
102,135
102,136
102,137
102,138
103,104
103,105
103,108
103,109
103,110
103,112
103,113
103,114
103,115
103,117
103,118
103,119
103,121
103,122
103,123
103,124
103,125
103,126
103,127
103,128
103,131
103,133
103,134
103,135
103,136
103,137
103,138
103,139
103,140
103,141
103,142
103,143
103,144
103,145
103,146
103,147
103,148
103,149
103,151
103,152
103,155
103,156
103,157
103,158
103,160
103,162
103,163
103,165
103,166
103,167
103,168
103,169
103,170
103,172
103,173
103,174
103,175
103,180
103,183
103,184
103,185
103,189
103,190
103,191
103,192
103,193
103,195
103,196
103,198
104,105
104,106
104,107
104,108
104,110
104,114
104,115
104,123
104,125
104,126
104,127
104,128
104,134
104,138
104,141
104,142
104,143
104,144
104,145
104,148
104,149
104,152
104,156
104,158
104,160
104,163
104,165
104,166
104,167
104,170
104,173
104,180
104,183
104,184
104,185
104,190
104,193
104,195
104,196
104,198
105,108
105,109
105,110
105,111
105,112
105,114
105,115
105,119
105,123
105,124
105,125
105,126
105,127
105,128
105,134
105,138
105,141
105,142
105,143
105,144
105,145
105,148
105,149
105,152
105,156
105,158
105,160
105,163
105,165
105,166
105,167
105,170
105,173
105,180
105,183
105,184
105,185
105,190
105,193
105,195
105,196
105,198
106,108
106,112
106,113
106,114
106,115
106,117
106,118
106,119
106,120
106,122
106,123
106,124
106,125
106,126
106,127
106,128
106,132
106,133
106,134
106,135
106,136
106,137
106,138
106,139
106,145
106,146
106,147
106,149
106,150
106,151
106,152
106,153
106,154
106,156
107,108
107,109
107,111
107,112
107,113
107,119
107,121
107,123
108,110
108,112
108,113
108,114
108,115
108,117
108,118
108,120
108,121
108,122
108,123
108,124
108,125
108,126
108,127
108,128
108,134
108,138
108,141
108,142
108,143
108,144
108,145
108,148
108,149
108,152
108,156
108,158
108,160
108,163
108,165
108,166
108,167
108,170
108,173
108,180
108,183
108,184
108,185
108,190
108,193
108,195
108,196
108,198
109,110
109,111
109,113
109,115
109,117
109,118
109,119
109,120
109,121
109,122
109,123
109,124
109,126
109,127
109,131
109,132
109,133
109,134
109,135
109,136
109,137
109,139
109,141
109,143
109,144
109,145
109,150
109,151
109,152
109,153
109,155
109,156
109,158
109,159
109,161
109,162
109,164
109,165
109,171
109,172
109,173
110,111
110,112
110,113
110,114
110,115
110,116
110,117
110,118
110,119
110,120
110,121
110,122
110,123
110,125
110,126
110,127
110,128
110,130
110,131
110,132
110,133
110,134
110,135
110,136
110,137
110,138
110,139
110,140
110,141
110,142
110,143
110,144
110,145
110,147
110,148
110,149
110,150
110,151
110,152
110,153
110,154
110,155
110,156
110,157
110,158
110,160
110,163
110,165
110,166
110,167
110,170
110,173
110,180
110,183
110,184
110,185
110,190
110,193
110,195
110,196
110,198
111,113
111,115
111,116
111,117
111,118
111,119
111,120
111,121
111,122
111,123
111,124
111,125
111,126
111,127
111,129
111,130
111,131
111,132
111,133
111,134
111,135
111,137
111,138
111,139
111,140
112,113
112,116
112,117
112,118
112,119
112,120
112,121
112,122
112,123
112,124
112,126
112,127
112,128
112,129
112,131
112,133
112,134
112,135
112,137
112,138
112,139
112,142
112,143
112,144
112,145
112,146
112,147
112,148
112,150
112,151
112,154
112,155
112,156
112,157
112,158
112,159
112,160
112,161
112,162
112,165
112,168
112,171
112,172
112,173
112,174
112,175
112,179
112,180
112,184
112,187
112,190
113,115
113,116
113,117
113,118
113,119
113,120
113,121
113,122
113,123
113,124
113,125
113,126
113,128
113,129
113,130
113,132
113,133
113,134
113,136
113,137
113,138
113,141
113,142
113,143
113,144
113,145
113,147
113,148
113,151
113,152
113,153
113,154
113,158
113,159
113,160
113,161
113,162
113,165
113,168
113,171
113,172
113,173
113,174
114,115
114,117
114,118
114,119
114,120
114,122
114,123
114,124
114,125
114,126
114,127
114,128
114,134
114,138
114,141
114,142
114,143
114,144
114,145
114,148
114,149
114,152
114,156
114,158
114,160
114,163
114,165
114,166
114,167
114,170
114,173
114,180
114,183
114,184
114,185
114,190
114,193
114,195
114,196
114,198
115,117
115,118
115,119
115,120
115,122
115,123
115,125
115,126
115,127
115,128
115,129
115,130
115,131
115,132
115,133
115,134
115,135
115,136
115,137
115,138
115,139
115,140
115,141
115,142
115,143
115,144
115,145
115,146
115,147
115,148
115,149
115,150
115,151
115,152
115,153
115,154
115,155
115,156
115,157
115,158
115,159
115,160
115,161
115,162
115,163
115,165
115,166
115,167
115,168
115,170
115,172
115,173
115,174
115,180
115,182
115,183
115,184
115,185
115,186
115,189
115,190
115,193
115,195
115,196
115,198
116,117
116,118
116,119
116,120
116,121
116,122
116,123
116,124
116,126
116,127
116,128
116,130
116,131
116,132
116,133
116,135
116,136
116,137
116,139
116,140
116,141
116,142
116,144
116,146
116,147
116,148
116,150
116,151
116,152
116,154
116,156
116,157
116,158
116,160
116,161
116,162
116,164
116,165
116,167
116,168
116,169
116,170
117,118
117,119
117,121
117,122
117,123
117,124
117,125
117,126
117,127
117,128
117,130
118,119
118,120
118,121
118,122
118,123
118,124
118,125
118,126
118,128
118,130
118,131
118,133
118,134
118,135
118,136
118,137
118,142
118,143
118,144
118,149
118,150
119,120
119,121
119,122
119,123
119,124
119,127
119,128
119,129
119,130
119,131
119,132
119,133
119,134
119,135
119,136
119,138
119,139
119,140
119,141
119,142
119,143
119,144
119,145
119,149
119,150
119,152
119,153
119,154
119,155
119,156
119,157
119,159
119,161
119,164
119,165
119,168
119,170
119,173
119,174
119,180
120,121
120,122
120,124
120,127
120,128
120,130
120,132
120,133
120,134
120,135
120,136
120,137
120,139
120,140
120,141
120,142
120,143
120,144
120,145
120,146
120,147
120,148
120,149
120,150
120,151
120,152
120,153
120,154
120,155
120,156
120,157
120,158
120,160
120,161
120,162
120,164
120,166
120,167
120,168
120,169
120,170
120,171
120,172
120,173
120,175
120,176
120,180
120,181
120,182
120,183
120,186
120,198
121,122
121,124
121,127
121,128
121,129
121,131
121,132
121,133
121,134
121,135
121,136
121,137
121,138
121,139
121,140
121,141
121,143
121,145
121,146
121,147
121,148
121,149
121,150
121,151
121,152
121,153
121,154
121,155
121,156
121,158
121,160
121,164
121,166
121,168
121,169
121,170
121,173
121,174
121,175
121,176
121,177
121,179
121,180
121,181
121,182
121,185
121,186
121,192
122,123
122,124
122,126
122,127
122,128
122,129
122,130
122,131
122,132
122,133
122,134
122,135
122,136
122,137
122,138
122,139
122,140
122,141
122,142
122,143
122,145
122,146
122,147
122,148
122,149
122,150
122,151
122,152
122,153
122,154
122,155
122,156
122,157
122,158
122,159
123,124
123,125
123,126
123,127
123,128
123,129
123,130
123,131
123,132
123,134
123,135
123,136
123,137
123,138
123,139
123,140
123,141
123,142
123,143
123,144
123,145
123,147
123,148
123,149
123,152
123,154
123,155
123,156
123,157
123,158
123,159
123,160
123,162
123,163
123,164
123,165
123,166
123,167
123,169
123,170
123,171
123,173
123,174
123,175
123,176
123,178
123,179
123,180
123,181
123,182
123,183
123,184
123,185
123,187
123,189
123,190
123,193
123,195
123,196
123,198
124,125
125,126
125,127
125,128
125,130
125,131
125,133
125,134
125,135
125,136
125,137
125,138
125,139
125,140
125,141
125,142
125,143
125,144
125,145
125,146
125,148
125,149
125,151
125,152
125,153
125,155
125,156
125,157
125,158
125,159
125,160
125,161
125,162
125,163
125,165
125,166
125,167
125,169
125,170
125,171
125,172
125,173
125,178
125,179
125,180
125,182
125,183
125,184
125,185
125,187
125,189
125,190
125,191
125,193
125,195
125,196
125,198
126,127
126,128
126,130
126,132
126,133
126,134
126,136
126,137
126,138
126,140
126,141
126,142
126,143
126,144
126,145
126,146
126,147
126,148
126,149
126,150
126,151
126,152
126,153
126,154
126,155
126,156
126,158
126,160
126,161
126,163
126,165
126,166
126,167
126,170
126,173
126,180
126,183
126,184
126,185
126,190
126,193
126,195
126,196
126,198
127,128
127,132
127,133
127,134
127,135
127,138
127,140
127,141
127,142
127,143
127,144
127,145
127,148
127,149
127,150
127,151
127,152
127,153
127,154
127,155
127,156
127,158
127,159
127,160
127,161
127,162
127,163
127,164
127,165
127,166
127,167
127,170
127,173
127,180
127,183
127,184
127,185
127,190
127,193
127,195
127,196
127,198
128,129
128,130
128,132
128,133
128,134
128,135
128,138
128,140
128,141
128,142
128,143
128,144
128,145
128,147
128,148
128,149
128,150
128,151
128,152
128,153
128,155
128,156
128,157
128,158
128,159
128,160
128,161
128,162
128,163
128,164
128,165
128,166
128,167
128,168
128,169
128,170
128,171
128,173
128,176
128,177
128,179
128,180
128,182
128,183
128,184
128,185
128,186
128,187
128,188
128,189
128,190
128,191
128,192
128,193
128,195
128,196
128,198
129,130
129,131
129,132
129,134
129,136
129,137
129,138
129,139
129,140
129,141
129,145
129,146
129,147
130,131
130,132
130,133
130,134
130,135
130,136
130,139
130,140
130,141
130,145
130,147
130,151
130,152
130,153
130,154
130,157
130,161
130,163
130,164
131,132
131,134
131,135
131,136
131,137
131,140
131,141
131,142
131,143
131,145
131,146
131,147
131,148
131,149
131,150
131,151
131,152
131,153
131,154
131,155
131,156
131,157
131,159
131,160
131,162
131,165
131,167
131,168
131,172
131,173
131,174
131,175
131,176
131,177
131,182
131,188
131,191
131,193
132,133
132,134
132,135
132,136
132,137
132,138
132,139
132,140
132,141
132,145
132,147
132,148
132,149
132,150
132,151
133,134
133,135
133,136
133,137
133,138
133,140
133,141
133,142
133,143
133,144
134,136
134,137
134,138
134,139
134,140
134,141
134,142
134,143
134,144
134,145
134,146
134,148
134,149
134,150
134,151
134,152
134,156
134,158
134,160
134,163
134,165
134,166
134,167
134,170
134,172
134,173
134,174
134,175
134,177
134,178
134,180
134,182
134,183
134,184
134,185
134,189
134,190
134,193
134,195
134,196
134,197
134,198
135,137
135,138
135,139
135,140
135,142
135,143
135,144
135,145
135,146
135,147
135,148
135,149
135,151
135,153
135,154
135,159
135,160
135,161
135,162
135,163
135,164
135,165
135,166
135,167
135,168
135,169
135,171
135,172
135,173
135,174
135,175
135,176
135,178
135,179
135,180
135,182
135,183
135,185
135,186
135,187
135,188
135,189
135,191
135,192
135,193
136,138
136,139
136,140
136,141
136,143
136,146
136,147
136,148
136,149
136,150
136,151
136,153
137,138
137,139
137,140
137,141
137,142
137,143
137,144
137,145
138,139
138,140
138,141
138,142
138,143
138,144
138,145
138,148
138,149
138,152
138,153
138,154
138,156
138,157
138,158
138,159
138,160
138,161
138,162
138,163
138,165
138,166
138,167
138,170
138,173
138,180
138,183
138,184
138,185
138,190
138,193
138,195
138,196
138,198
139,140
139,141
139,142
139,143
139,144
139,148
139,149
139,150
139,151
139,152
139,154
139,155
139,157
139,158
139,159
139,160
139,162
139,163
139,165
139,166
139,171
139,172
139,173
139,175
139,176
139,177
139,178
139,180
139,183
139,186
139,193
139,195
139,197
140,143
140,144
140,145
140,147
140,148
140,152
140,153
140,155
140,156
140,157
140,158
140,160
140,161
140,162
140,163
140,164
140,166
140,167
140,169
140,171
140,172
141,142
141,143
141,144
141,145
141,148
141,149
141,151
141,152
141,153
141,154
141,155
141,156
141,157
141,158
141,160
141,162
141,163
141,164
141,165
141,166
141,167
141,170
141,173
141,174
141,178
141,179
141,180
141,181
141,182
141,183
141,184
141,185
141,188
141,189
141,190
141,191
141,192
141,193
141,195
141,196
141,198
142,143
142,144
142,145
142,148
142,149
142,152
142,153
142,154
142,156
142,157
142,158
142,159
142,160
142,161
142,163
142,164
142,165
142,166
142,167
142,168
142,169
142,170
142,171
142,172
142,173
142,174
142,175
142,179
142,180
142,181
142,183
142,184
142,185
142,186
142,188
142,189
142,190
142,192
142,193
142,195
142,196
142,198
143,144
143,145
143,147
143,148
143,149
143,150
143,151
143,152
143,153
143,156
143,158
143,160
143,163
143,165
143,166
143,167
143,170
143,173
143,180
143,183
143,184
143,185
143,190
143,193
143,195
143,196
143,198
144,145
144,146
144,147
144,148
144,149
144,150
144,151
144,152
144,153
144,154
144,155
144,156
144,157
144,158
144,159
144,160
144,161
144,162
144,163
144,165
144,166
144,167
144,169
144,170
144,173
144,180
144,183
144,184
144,185
144,190
144,193
144,195
144,196
144,198
145,147
145,148
145,149
145,150
145,151
145,152
145,153
145,154
145,155
145,156
145,158
145,160
145,163
145,164
145,165
145,166
145,167
145,168
145,169
145,170
145,173
145,174
145,175
145,176
145,177
145,179
145,180
145,182
145,183
145,184
145,185
145,188
145,190
145,192
145,193
145,194
145,195
145,196
145,198
146,148
146,149
146,150
146,151
146,153
146,154
146,155
146,156
146,157
146,158
146,159
146,160
146,161
146,162
146,163
146,164
146,166
146,168
146,169
146,171
146,173
146,174
146,175
146,176
146,177
146,178
146,182
146,183
146,184
146,189
146,191
146,192
146,194
146,197
147,148
147,149
147,151
147,152
147,153
147,154
147,155
147,156
147,157
147,158
147,159
147,160
147,161
147,162
147,163
147,164
147,166
147,167
147,169
147,170
147,171
147,172
147,173
147,174
147,175
147,176
147,177
147,178
148,149
148,150
148,152
148,153
148,154
148,155
148,156
148,157
148,158
148,159
148,160
148,161
148,162
148,163
148,164
148,165
148,166
148,167
148,168
148,169
148,170
148,171
148,172
148,173
148,174
148,176
148,177
148,178
148,179
148,180
148,181
148,183
148,184
148,185
148,188
148,189
148,190
148,191
148,192
148,193
148,194
148,195
148,196
148,197
148,198
148,199
149,152
149,156
149,158
149,160
149,161
149,162
149,163
149,165
149,166
149,167
149,170
149,173
149,180
149,183
149,184
149,185
149,190
149,193
149,195
149,196
149,198
150,151
150,152
150,154
150,157
150,158
150,159
150,161
150,163
150,164
150,167
150,168
150,169
150,170
150,171
150,172
150,175
150,176
150,177
150,179
150,180
150,182
150,183
150,184
150,187
150,188
150,192
150,194
150,196
150,197
150,199
151,152
151,153
151,154
151,156
151,157
151,158
151,159
151,160
151,161
151,163
151,164
151,165
151,167
151,169
151,170
151,171
151,172
151,174
151,176
151,177
151,178
151,180
151,182
151,183
151,184
151,185
151,187
151,189
151,191
151,192
151,194
151,195
151,196
151,197
151,199
152,153
152,154
152,155
152,156
152,157
152,158
152,160
152,161
152,162
152,163
152,164
152,165
152,166
152,167
152,169
152,170
152,171
152,172
152,173
152,174
152,175
152,176
152,179
152,180
152,182
152,183
152,184
152,185
152,187
152,190
152,191
152,192
152,193
152,195
152,196
152,197
152,198
152,199
153,154
153,155
153,156
153,157
153,158
153,159
153,160
153,161
153,162
153,163
153,164
153,165
153,167
153,169
153,170
153,171
153,172
153,173
153,174
153,175
153,176
153,177
154,155
154,157
154,158
154,160
154,162
154,163
154,168
154,169
154,170
154,171
154,172
154,173
154,174
154,175
154,176
154,177
154,178
154,179
154,182
154,183
154,186
154,187
154,188
154,189
154,192
154,197
154,199
155,156
155,157
155,158
155,159
155,160
155,161
155,162
155,163
155,164
155,165
155,167
155,168
155,169
155,170
155,171
155,172
155,173
155,174
155,175
155,176
155,177
155,178
155,179
155,180
155,181
155,182
155,183
155,184
155,185
155,186
155,187
155,188
155,189
155,191
155,192
155,193
155,194
155,195
155,196
155,197
155,198
156,157
156,158
156,159
156,160
156,161
156,163
156,164
156,165
156,166
156,167
156,168
156,169
156,170
156,171
156,172
156,173
156,174
156,176
156,177
156,178
156,179
156,180
156,182
156,183
156,184
156,185
156,188
156,189
156,190
156,191
156,193
156,194
156,195
156,196
156,198
157,158
157,159
157,160
157,161
157,162
157,163
157,164
157,165
157,166
157,167
157,168
157,170
157,171
157,172
157,173
157,174
157,175
157,176
157,177
157,178
157,179
157,181
157,182
157,183
157,184
157,185
157,186
157,187
157,188
157,189
157,191
157,193
157,194
157,196
157,197
157,198
158,159
158,160
158,163
158,164
158,165
158,166
158,167
158,168
158,169
158,170
158,172
158,173
158,176
158,177
158,178
158,179
158,180
158,181
158,182
158,183
158,184
158,185
158,188
158,189
158,190
158,191
158,192
158,193
158,195
158,196
158,197
158,198
159,160
159,161
159,162
159,163
159,165
159,166
159,167
159,168
159,170
159,171
159,172
159,173
159,175
159,176
159,178
159,179
159,180
159,181
159,182
159,183
159,184
159,186
159,187
159,188
159,191
159,192
159,194
159,195
159,197
159,198
159,199
160,161
160,162
160,163
160,164
160,165
160,166
160,167
160,170
160,172
160,173
160,174
160,176
160,177
160,178
160,179
160,180
160,181
160,182
160,183
160,184
160,185
160,186
160,187
160,189
160,190
160,192
160,193
160,194
160,195
160,196
160,197
160,198
160,199
161,162
161,163
161,165
161,168
161,169
161,170
161,172
161,173
161,174
161,175
161,176
161,177
161,178
161,179
161,180
161,181
161,182
161,183
161,184
161,185
161,186
161,187
161,188
161,191
161,192
161,193
161,195
161,197
161,198
161,199
162,163
162,164
162,165
162,166
162,167
162,168
162,169
162,170
162,171
162,173
162,174
162,175
162,177
162,178
162,181
162,182
162,183
162,184
162,185
162,188
162,191
162,192
162,194
162,195
162,197
162,198
162,199
163,165
163,166
163,167
163,168
163,170
163,171
163,173
163,176
163,177
163,178
163,179
163,180
163,181
163,182
163,183
163,184
163,185
163,188
163,190
163,191
163,192
163,193
163,194
163,195
163,196
163,197
163,198
163,199
164,165
164,167
164,168
164,169
164,170
164,172
164,173
164,174
164,176
164,177
164,178
164,179
164,180
164,181
164,182
164,183
164,184
164,185
164,186
164,188
164,189
164,191
164,193
164,194
164,195
164,196
164,197
164,199
165,166
165,167
165,168
165,170
165,171
165,173
165,174
165,175
165,176
165,177
165,178
165,180
165,181
165,182
165,183
165,184
165,185
165,186
165,187
165,190
165,193
165,195
165,196
165,198
166,167
166,168
166,169
166,170
166,171
166,172
166,173
166,174
166,175
166,178
166,179
166,180
166,181
166,182
166,183
166,184
166,185
166,186
166,187
166,188
166,189
166,190
166,193
166,195
166,196
166,198
167,170
167,172
167,173
167,174
167,176
167,177
167,179
167,180
167,181
167,182
167,183
167,184
167,185
167,186
167,187
167,189
167,190
167,191
167,192
167,193
167,195
167,196
167,198
168,172
168,173
168,174
168,175
168,177
168,179
168,180
168,181
168,182
168,183
168,185
168,186
168,187
168,188
168,189
168,191
168,192
168,193
168,194
168,195
168,196
168,197
168,199
169,170
169,172
169,173
169,174
169,175
169,176
169,177
169,178
169,179
169,181
169,182
169,183
169,184
169,185
169,186
169,188
169,189
169,191
169,193
169,194
169,195
169,196
169,197
169,198
169,199
170,171
170,172
170,173
170,174
170,175
170,176
170,178
170,179
170,180
170,181
170,182
170,183
170,184
170,185
170,187
170,188
170,189
170,190
170,191
170,192
170,193
170,194
170,195
170,196
170,197
170,198
170,199
171,172
171,173
171,174
171,175
171,176
171,177
172,174
172,175
172,176
172,177
172,178
172,179
172,180
172,181
172,182
172,183
172,187
172,189
172,192
172,193
172,195
172,197
173,174
173,175
173,176
173,177
173,178
173,180
173,181
173,182
173,183
173,184
173,185
173,187
173,188
173,189
173,190
173,191
173,192
173,193
173,194
173,195
173,196
173,197
173,198
174,177
174,178
174,179
174,181
174,182
174,183
174,184
174,186
174,187
174,188
174,189
174,191
174,194
174,196
174,197
175,176
175,177
175,178
175,179
175,180
175,181
175,182
175,183
175,184
175,185
175,187
175,188
175,189
175,190
175,191
175,193
175,194
175,195
175,196
175,197
175,199
176,177
176,178
176,179
176,180
176,181
176,182
176,183
176,184
176,186
176,187
176,189
176,190
176,191
176,192
176,193
176,194
176,195
176,196
176,197
176,198
176,199
177,179
177,180
177,182
177,183
177,184
177,185
177,186
177,187
177,188
177,189
177,190
177,191
178,179
178,180
178,181
178,182
178,183
178,184
178,185
178,186
178,188
178,189
178,191
178,192
178,193
178,194
178,196
178,198
178,199
179,180
179,182
179,183
179,185
179,186
179,187
179,188
179,189
179,190
179,191
179,192
180,181
180,182
180,183
180,184
180,185
180,186
180,187
180,189
180,190
180,191
180,193
180,195
180,196
180,198
181,182
181,183
181,184
181,185
181,186
181,187
181,190
181,191
181,192
181,193
181,194
181,195
181,197
181,199
182,183
182,185
182,186
182,187
182,188
182,189
182,190
182,191
182,192
182,193
182,195
182,196
182,197
183,184
183,185
183,186
183,187
183,188
183,189
183,190
183,192
183,193
183,194
183,195
183,196
183,197
183,198
183,199
184,185
184,186
184,187
184,188
184,189
184,190
184,191
184,193
184,195
184,196
184,197
184,198
184,199
185,187
185,188
185,189
185,190
185,191
185,192
185,193
185,195
185,196
185,198
186,187
186,188
186,189
186,190
186,191
186,192
186,194
186,197
186,198
186,199
187,188
187,189
187,191
187,194
187,195
187,197
187,199
188,189
188,191
188,192
188,193
188,194
188,195
188,198
188,199
189,190
189,191
189,192
189,193
189,194
189,195
189,198
189,199
190,191
190,192
190,193
190,195
190,196
190,198
190,199
191,192
191,193
191,194
191,196
191,197
191,199
192,193
192,194
193,194
193,195
193,196
193,197
193,198
194,198
194,199
195,196
195,198
195,199
196,198
197,199
