0,1
0,2
0,3
0,4
0,5
0,6
0,7
0,8
0,9
0,10
0,11
0,12
0,13
0,14
0,15
0,16
0,17
0,18
0,19
0,20
0,21
0,22
0,23
0,24
0,25
0,64
0,75
0,116
0,121
0,125
0,127
0,133
0,138
0,150
0,151
1,2
1,3
1,4
1,5
1,6
1,7
1,8
1,9
1,10
1,11
1,12
1,13
1,14
1,15
1,16
1,17
1,18
1,19
1,20
1,21
1,22
1,23
1,24
1,25
2,3
2,4
2,5
2,6
2,7
2,8
2,9
2,10
2,11
2,12
2,13
2,14
2,15
2,16
2,17
2,18
2,19
2,20
2,21
2,22
2,23
2,24
2,25
3,4
3,5
3,6
3,7
3,8
3,9
3,10
3,11
3,12
3,13
3,14
3,15
3,16
3,17
3,18
3,19
3,20
3,21
3,22
3,23
3,24
3,25
4,5
4,6
4,7
4,8
4,9
4,10
4,11
4,12
4,13
4,14
4,15
4,16
4,17
4,18
4,19
4,20
4,21
4,22
4,23
4,24
4,25
5,6
5,7
5,8
5,9
5,10
5,11
5,12
5,13
5,14
5,15
5,16
5,17
5,18
5,19
5,20
5,21
5,22
5,23
5,24
5,25
6,7
6,8
6,9
6,10
6,11
6,12
6,13
6,14
6,15
6,16
6,17
6,18
6,19
6,20
6,21
6,22
6,23
6,24
6,25
7,8
7,9
7,10
7,11
7,12
7,13
7,14
7,15
7,16
7,17
7,18
7,19
7,20
7,21
7,22
7,23
7,24
7,25
8,9
8,10
8,11
8,12
8,13
8,14
8,15
8,16
8,17
8,18
8,19
8,20
8,21
8,22
8,23
8,24
8,25
9,10
9,11
9,12
9,13
9,14
9,15
9,16
9,17
9,18
9,19
9,20
9,21
9,22
9,23
9,24
9,25
10,11
10,12
10,13
10,14
10,15
10,16
10,17
10,18
10,19
10,20
10,21
10,22
10,23
10,24
10,25
11,12
11,13
11,14
11,15
11,16
11,17
11,18
11,19
11,20
11,21
11,22
11,23
11,24
11,25
11,39
11,51
11,56
11,71
11,72
11,86
11,87
11,94
11,95
11,97
11,109
11,112
11,113
11,119
11,148
11,149
11,175
11,187
11,194
12,13
12,14
12,15
12,16
12,17
12,18
12,19
12,20
12,21
12,22
12,23
12,24
12,25
13,14
13,15
13,16
13,17
13,18
13,19
13,20
13,21
13,22
13,23
13,24
13,25
14,15
14,16
14,17
14,18
14,19
14,20
14,21
14,22
14,23
14,24
14,25
14,39
14,51
14,56
14,71
14,72
14,86
14,87
14,94
14,95
14,97
14,109
14,112
14,113
14,119
14,148
14,149
14,175
14,187
14,194
15,16
15,17
15,18
15,19
15,20
15,21
15,22
15,23
15,24
15,25
15,56
15,60
15,69
15,75
16,17
16,18
16,19
16,20
16,21
16,22
16,23
16,24
16,25
16,33
16,34
16,35
16,40
16,45
16,47
16,55
16,56
16,57
16,59
16,60
16,64
16,66
16,68
16,69
17,18
17,19
17,20
17,21
17,22
17,23
17,24
17,25
17,31
17,33
17,34
17,35
17,36
18,19
18,20
18,21
18,22
18,23
18,24
18,25
18,33
18,34
18,35
18,36
19,20
19,21
19,22
19,23
19,24
19,25
19,34
19,39
19,51
19,56
19,71
19,72
19,86
19,87
19,94
19,95
19,97
19,109
19,112
19,113
19,119
19,148
19,149
19,175
19,187
19,194
20,21
20,22
20,23
20,24
20,25
20,39
20,51
20,56
20,71
20,72
20,86
20,87
20,94
20,95
20,97
20,109
20,112
20,113
20,119
20,148
20,149
20,175
20,187
20,194
21,22
21,23
21,24
21,25
21,39
21,44
21,45
21,47
21,48
21,49
21,51
21,52
21,56
21,57
21,59
21,60
21,63
21,64
21,66
21,68
21,69
21,71
21,72
21,86
21,87
21,94
21,95
21,97
21,109
21,112
21,113
21,119
21,148
21,149
21,175
21,187
21,194
22,23
22,24
22,25
22,36
22,37
22,38
22,45
23,24
23,25
23,34
23,35
23,36
23,37
23,38
23,39
23,51
23,56
23,71
23,72
23,86
23,87
23,94
23,95
23,97
23,109
23,112
23,113
23,119
23,148
23,149
23,175
23,187
23,194
24,25
24,36
24,37
24,38
24,39
24,40
24,41
25,39
25,51
25,56
25,71
25,72
25,86
25,87
25,94
25,95
25,97
25,109
25,112
25,113
25,119
25,148
25,149
25,175
25,187
25,194
26,35
26,36
26,37
26,39
26,40
26,41
26,42
26,45
26,47
26,48
26,49
26,52
26,55
26,56
26,60
26,61
26,63
26,64
27,30
27,31
27,33
27,34
27,35
27,36
27,37
27,38
27,39
27,40
27,41
27,42
27,44
27,45
27,47
27,48
27,49
27,52
27,55
27,56
27,59
27,60
27,63
27,64
27,68
27,69
28,31
28,32
28,33
28,34
28,35
28,36
28,37
28,38
28,39
28,40
28,41
28,42
28,44
29,32
29,33
29,34
29,36
29,37
29,38
29,40
30,31
30,33
30,34
30,35
30,36
30,37
30,38
30,39
30,40
30,41
30,42
30,44
30,45
30,46
30,48
30,49
30,50
30,52
30,54
31,32
31,33
31,34
31,35
31,36
31,37
31,38
31,39
31,40
31,41
31,42
31,43
31,44
31,45
31,46
31,47
31,48
32,33
32,34
32,35
32,36
32,37
32,38
32,39
32,40
32,41
32,42
32,43
33,34
33,35
33,36
33,37
33,38
33,39
33,40
33,41
33,42
33,43
33,44
33,45
33,46
33,47
33,48
33,49
33,50
33,52
33,53
33,54
33,55
34,36
34,38
34,39
34,40
34,41
34,44
34,45
34,46
34,47
34,48
34,49
34,50
34,52
34,53
34,54
34,55
34,56
34,57
34,58
34,59
34,60
34,61
34,64
34,66
34,75
34,76
34,80
35,36
35,38
35,39
35,40
35,41
35,42
35,43
35,44
35,45
35,46
35,47
35,48
35,49
35,50
35,52
35,53
35,54
35,55
35,57
35,58
35,59
35,61
35,62
35,63
35,65
35,66
35,68
35,69
36,37
36,38
36,39
36,40
36,41
36,42
36,43
36,44
36,45
36,46
36,47
36,48
36,49
37,38
37,39
37,40
37,41
37,42
37,43
37,44
37,45
37,46
38,39
38,40
38,42
38,44
38,45
38,47
38,48
38,49
38,52
38,53
39,40
39,41
39,51
39,56
39,71
39,72
39,86
39,87
39,94
39,95
39,97
39,109
39,112
39,113
39,119
39,148
39,149
39,175
39,187
39,194
40,41
40,42
40,43
40,44
40,45
40,46
40,47
40,48
40,49
40,50
40,53
40,56
40,57
40,58
40,59
40,60
40,61
40,62
40,63
40,64
40,65
40,66
40,67
40,69
40,71
40,72
40,75
40,82
40,106
41,42
41,43
41,44
41,45
41,46
41,47
41,48
41,49
41,50
41,52
41,53
41,54
41,56
41,57
41,59
41,60
42,44
42,45
42,46
42,47
42,48
42,49
42,50
42,51
42,52
42,53
42,54
42,55
42,56
42,57
42,58
42,60
42,61
42,62
42,63
42,64
42,65
43,44
43,45
43,46
43,47
43,48
43,49
43,50
43,51
43,52
44,45
44,46
44,47
44,48
44,49
44,50
44,51
44,52
44,53
44,54
44,55
44,56
44,57
44,58
44,59
44,60
44,61
44,62
44,63
44,64
44,65
44,66
44,67
44,68
44,69
44,71
44,72
44,76
44,78
45,46
45,47
45,48
45,49
45,51
45,52
45,53
45,54
45,55
45,56
45,57
45,58
45,59
45,60
45,61
45,62
45,63
45,64
45,65
45,66
45,67
45,68
45,69
45,70
45,71
45,72
45,73
45,75
45,76
45,78
45,92
45,106
45,108
45,116
46,47
46,48
46,49
46,50
46,51
46,52
46,53
46,54
46,55
46,56
46,57
46,58
46,59
47,48
47,50
48,49
48,50
48,51
48,52
48,53
48,54
48,55
48,56
48,57
48,58
49,50
49,51
50,51
50,52
50,53
50,54
50,55
50,57
50,58
50,59
50,60
50,61
50,62
50,63
50,65
50,66
50,67
50,68
50,69
50,70
50,71
50,72
50,73
50,74
50,75
50,76
50,78
50,80
50,82
50,93
51,52
51,53
51,54
51,55
51,56
51,57
51,58
51,59
51,60
51,61
51,63
51,64
51,66
51,67
51,68
51,71
51,72
51,86
51,87
51,94
51,95
51,97
51,109
51,112
51,113
51,119
51,148
51,149
51,175
51,187
51,194
52,53
52,54
52,55
52,56
52,57
52,58
52,59
52,60
52,61
52,62
53,54
53,55
53,56
53,57
53,58
53,59
53,60
53,61
53,62
53,63
54,55
54,56
55,56
55,57
55,58
55,59
55,61
55,62
55,63
55,64
55,65
55,66
55,67
55,68
55,69
55,70
55,71
55,72
55,73
55,74
55,75
55,76
55,78
55,80
55,82
56,57
56,58
56,59
56,60
56,61
56,62
56,63
56,64
56,65
56,66
56,67
56,69
56,70
56,71
56,72
56,74
56,75
56,76
56,78
56,80
56,82
56,86
56,87
56,94
56,95
56,97
56,109
56,112
56,113
56,119
56,148
56,149
56,175
56,187
56,194
57,58
57,59
57,60
57,61
57,62
57,63
57,64
57,65
57,66
57,67
57,68
57,69
57,70
57,71
57,72
58,59
58,60
58,61
58,62
58,63
58,64
58,65
58,66
58,68
58,69
58,71
59,60
59,61
59,62
59,63
59,64
59,65
60,61
60,62
60,63
60,64
60,65
60,66
60,68
60,69
60,71
60,72
60,74
60,75
60,76
60,78
60,81
60,82
60,89
60,92
60,93
60,95
60,99
60,101
60,105
61,62
61,63
61,64
61,66
61,67
61,68
61,69
61,70
61,71
61,72
61,73
61,74
61,75
61,76
61,78
61,79
62,63
62,64
62,65
62,66
62,67
62,69
62,70
63,65
63,66
63,67
64,65
64,66
64,67
64,69
64,70
64,71
64,72
64,73
64,74
64,75
64,78
64,79
64,81
64,82
64,84
64,93
64,95
64,97
64,99
64,100
64,105
64,106
64,113
64,116
64,118
64,120
65,66
65,67
65,68
65,69
65,70
65,71
65,72
65,73
65,74
65,75
65,76
65,78
65,79
65,81
65,82
66,67
66,68
66,69
66,70
66,71
66,72
66,73
66,74
66,75
66,76
66,77
66,78
66,79
66,80
66,82
66,84
66,85
66,89
67,68
67,69
67,70
67,71
67,72
67,73
67,74
67,75
67,76
67,77
67,78
67,79
67,80
67,81
67,82
67,83
67,84
67,85
67,87
67,88
67,89
67,91
67,92
67,93
67,100
67,101
68,69
68,70
68,71
68,72
68,73
68,74
68,75
68,76
68,77
68,78
68,80
68,81
68,82
68,83
68,84
68,85
68,87
68,88
68,91
68,92
68,93
68,95
68,96
68,97
68,99
68,100
68,101
68,105
68,106
68,108
68,113
68,116
68,118
68,120
68,121
69,70
69,71
69,72
69,73
69,74
69,75
69,76
69,77
69,78
69,79
69,80
69,81
69,82
69,83
69,84
69,85
69,87
69,88
69,89
69,91
69,92
69,93
69,95
69,96
69,97
69,98
69,99
69,105
69,106
69,108
69,110
70,71
70,72
70,73
70,74
70,75
70,76
70,77
70,78
70,79
70,80
70,81
70,82
70,83
70,84
70,86
70,87
70,88
70,89
70,90
70,92
70,93
70,95
70,96
70,97
70,98
71,72
71,73
71,74
71,75
71,86
71,87
71,94
71,95
71,97
71,109
71,112
71,113
71,119
71,148
71,149
71,175
71,187
71,194
72,73
72,74
72,75
72,76
72,77
72,78
72,79
72,80
72,81
72,82
72,83
72,84
72,86
72,87
72,94
72,95
72,97
72,109
72,112
72,113
72,119
72,148
72,149
72,175
72,187
72,194
73,74
73,75
73,76
73,77
73,78
73,80
73,81
73,82
73,83
73,84
73,85
73,86
73,87
73,88
73,89
73,90
73,91
73,92
73,93
73,95
73,96
73,97
73,98
73,99
73,100
73,101
73,105
73,106
73,108
73,110
73,116
73,118
73,120
74,76
74,77
74,78
74,79
74,80
74,81
74,82
74,84
74,85
74,86
74,87
74,88
75,76
75,78
75,79
75,80
75,81
75,82
75,83
75,84
75,85
75,86
75,87
75,88
75,90
75,91
75,92
75,93
75,94
75,98
75,99
75,100
75,101
75,102
75,105
75,106
75,107
75,108
75,110
75,113
75,115
75,116
75,117
75,118
75,120
75,121
75,122
75,133
76,81
76,82
76,83
76,85
76,86
76,87
76,88
76,89
76,90
76,91
76,92
77,78
77,79
77,80
77,81
77,82
77,83
77,84
77,85
78,79
78,80
78,81
78,82
78,83
78,84
78,85
78,86
78,90
78,91
78,93
78,94
78,95
78,96
78,97
78,98
78,99
78,100
78,101
78,102
78,104
78,105
78,106
78,107
78,109
78,112
78,113
78,114
78,115
78,116
78,117
78,118
78,120
78,121
78,122
78,127
78,133
78,138
78,147
79,81
79,82
79,83
79,84
79,85
79,86
79,87
79,88
79,89
79,90
79,91
79,92
79,93
79,94
79,95
79,96
79,97
79,98
79,99
79,100
80,81
81,82
81,83
81,84
81,86
81,87
81,88
81,89
81,90
81,91
81,92
81,93
81,94
81,95
82,83
82,84
82,85
82,86
82,87
82,88
82,89
82,90
82,91
82,92
82,93
82,94
82,96
82,98
82,99
82,100
82,102
82,105
82,106
82,108
82,109
82,110
82,112
82,113
82,114
82,115
83,84
83,85
83,86
84,85
84,87
84,89
84,90
84,91
84,92
84,93
84,95
84,96
84,97
84,98
84,99
84,100
84,101
84,102
84,103
84,105
84,106
84,107
85,86
85,87
85,89
85,90
85,91
85,92
85,93
85,94
85,95
85,96
85,97
85,98
85,99
85,100
85,101
85,102
85,103
85,104
85,105
85,106
85,107
85,108
85,109
85,110
85,111
85,112
85,113
85,114
85,115
86,87
86,88
86,89
86,94
86,95
86,97
86,109
86,112
86,113
86,119
86,148
86,149
86,175
86,187
86,194
87,94
87,95
87,97
87,109
87,112
87,113
87,119
87,148
87,149
87,175
87,187
87,194
88,89
88,90
88,92
88,93
88,94
88,97
88,98
88,99
88,101
88,103
88,104
88,105
88,106
88,107
88,108
88,109
88,110
88,111
89,90
89,91
89,92
89,93
89,94
89,95
89,96
89,97
89,98
89,99
89,101
89,102
89,103
90,91
90,92
90,93
90,94
90,95
90,96
90,97
90,98
90,99
90,100
90,101
90,102
91,92
91,93
92,93
92,94
93,94
93,96
93,99
93,101
93,102
93,104
93,105
93,107
93,108
93,109
93,110
93,112
93,114
93,116
93,119
93,120
93,121
93,122
94,95
94,97
94,109
94,112
94,113
94,119
94,148
94,149
94,175
94,187
94,194
95,96
95,97
95,98
95,99
95,100
95,101
95,103
95,104
95,105
95,106
95,107
95,108
95,109
95,110
95,111
95,112
95,113
95,114
95,115
95,117
95,119
95,120
95,121
95,122
95,123
95,125
95,131
95,133
95,139
95,147
95,148
95,149
95,157
95,175
95,187
95,194
96,97
96,99
96,100
96,101
96,102
96,103
96,104
96,105
96,106
96,107
96,108
96,109
96,110
96,111
96,112
96,113
96,114
96,115
96,117
97,98
97,99
97,100
97,101
97,102
97,103
97,104
97,109
97,112
97,113
97,119
97,148
97,149
97,175
97,187
97,194
98,100
98,101
98,102
98,103
98,104
98,105
98,106
98,107
98,108
98,109
98,110
98,111
98,112
98,113
98,114
98,115
98,116
98,117
98,118
98,119
98,120
98,121
98,122
98,123
98,125
100,101
100,104
100,105
100,106
100,108
100,109
100,110
100,113
101,102
101,103
101,104
101,105
101,106
101,107
101,109
101,110
101,111
101,112
101,113
102,104
102,105
102,106
102,107
102,108
102,109
102,110
102,111
102,112
102,113
102,114
102,115
102,116
102,119
102,121
102,122
102,123
102,126
102,127
102,129
102,130
103,105
103,106
103,107
103,108
104,105
104,106
104,107
104,108
104,109
104,110
104,111
104,112
104,113
104,114
104,115
104,116
104,118
104,119
104,120
104,121
104,122
104,123
104,125
104,126
104,127
104,129
104,130
104,131
104,133
104,138
106,107
106,108
106,109
106,110
106,111
106,112
106,113
106,114
106,115
106,116
106,117
107,108
107,109
107,110
107,111
107,112
107,113
107,114
107,115
107,116
107,117
107,119
107,120
107,121
108,109
108,110
108,111
108,112
108,113
108,114
108,115
108,116
108,117
108,118
108,119
108,120
108,121
108,123
108,125
108,126
108,127
108,129
108,130
108,131
108,133
108,137
108,138
108,146
108,147
109,110
109,112
109,113
109,114
109,115
109,116
109,117
109,118
109,119
109,148
109,149
109,175
109,187
109,194
110,111
110,112
110,114
110,116
110,118
110,119
110,120
110,121
110,122
110,123
110,125
110,126
110,127
110,128
110,129
110,131
110,132
110,133
111,112
111,113
111,114
111,115
111,116
111,117
111,118
111,119
111,120
111,121
111,122
111,123
111,124
111,125
111,126
111,127
111,128
111,129
111,130
111,131
111,132
111,133
111,137
111,138
111,139
111,147
111,151
111,160
112,113
112,114
112,115
112,116
112,117
112,118
112,119
112,120
112,121
112,122
112,123
112,124
112,125
112,126
112,128
112,129
112,130
112,131
112,132
112,133
112,148
112,149
112,175
112,187
112,194
113,114
113,115
113,117
113,118
113,119
113,120
113,121
113,122
113,123
113,124
113,126
113,127
113,128
113,129
113,130
113,131
113,132
113,133
113,134
113,136
113,137
113,138
113,139
113,142
113,144
113,147
113,148
113,149
113,151
113,154
113,160
113,175
113,187
113,194
114,115
114,116
114,117
114,118
114,119
114,121
114,123
114,124
114,125
114,126
114,127
114,128
114,130
114,131
114,132
114,133
114,134
114,136
114,137
114,138
114,139
114,142
115,116
115,117
115,118
115,119
115,121
115,122
115,123
115,124
115,125
115,126
115,128
115,129
115,130
115,131
115,132
115,133
115,134
115,136
115,137
115,138
115,139
115,140
115,142
115,144
115,147
115,151
116,117
116,118
116,119
116,120
116,121
116,123
116,124
116,125
116,128
116,129
116,130
116,131
116,132
116,133
116,134
116,136
116,137
116,138
116,139
116,140
116,141
116,142
116,143
116,144
116,146
116,147
116,149
116,151
117,118
117,119
117,120
117,121
117,122
117,123
117,124
117,125
117,126
117,127
117,129
118,120
118,121
118,122
118,123
118,124
118,125
118,126
118,127
119,120
119,121
119,122
119,123
119,125
119,126
119,127
119,128
119,129
119,130
119,132
119,148
119,149
119,175
119,187
119,194
120,121
120,122
120,123
120,125
120,126
120,129
120,130
120,131
120,132
120,133
120,134
120,136
120,138
120,139
120,140
120,141
120,142
120,143
120,144
120,147
120,151
120,154
120,157
120,160
120,161
120,162
121,122
121,123
121,124
121,125
121,126
121,128
121,129
121,130
121,131
121,132
121,134
121,136
121,137
121,138
121,139
121,141
121,142
121,143
121,144
121,146
121,147
121,151
121,154
121,156
121,157
121,158
121,160
122,123
122,124
122,125
122,126
123,124
123,125
123,126
123,127
123,128
123,130
123,131
123,132
123,133
123,134
123,135
123,136
123,137
123,138
123,139
123,140
123,141
123,142
123,143
123,144
123,147
123,148
123,149
123,151
123,153
123,154
123,157
123,158
123,159
123,160
123,161
123,162
125,127
125,129
125,130
125,131
125,133
125,135
125,136
125,137
125,138
125,139
125,140
125,141
125,142
125,143
125,144
125,145
125,146
125,147
125,148
125,149
125,151
125,154
125,156
125,157
125,159
125,160
125,161
125,162
125,165
126,127
126,128
126,129
126,130
126,131
126,132
126,133
126,134
126,135
126,136
126,137
127,128
127,129
127,130
127,131
127,132
127,133
127,134
128,129
128,130
128,131
128,132
128,133
128,134
128,135
128,136
128,137
128,138
128,139
128,140
128,142
128,143
128,144
128,145
128,146
128,148
128,149
128,150
128,151
128,152
128,156
128,157
128,158
128,159
128,160
128,161
128,162
128,165
129,130
129,131
129,132
129,133
129,134
129,135
129,136
129,137
129,138
129,139
129,140
129,141
130,131
130,132
130,133
130,134
130,135
130,136
130,137
130,138
130,139
130,140
132,133
132,134
132,135
132,136
132,137
132,138
132,139
133,134
133,135
133,136
133,137
133,138
133,139
133,140
133,141
133,142
133,143
133,144
133,145
133,146
133,147
133,148
133,149
133,152
133,153
133,154
133,156
133,157
133,158
133,159
133,160
133,161
133,162
133,165
133,169
134,135
134,136
134,137
134,138
134,139
134,140
134,141
134,142
134,143
134,144
134,145
134,146
134,147
134,148
134,149
134,151
134,152
134,153
134,154
134,156
134,157
134,158
134,159
134,160
134,161
134,162
134,165
134,169
135,136
136,137
136,138
136,139
136,140
136,142
136,144
136,145
136,146
136,147
137,138
137,139
137,140
137,141
137,142
137,144
138,139
138,140
138,141
138,142
138,143
138,144
138,145
138,147
138,148
138,149
138,150
138,151
138,153
138,154
138,156
138,157
138,158
138,160
138,165
138,169
139,140
139,141
139,142
139,143
139,144
139,146
139,147
139,148
139,149
139,150
139,151
139,152
139,153
139,154
139,156
139,157
139,158
139,159
139,161
139,162
139,164
139,165
139,166
140,141
140,142
140,143
140,144
140,145
140,146
140,147
140,148
140,149
141,142
141,143
141,144
141,145
142,143
142,144
142,146
142,147
142,148
142,150
142,151
142,152
142,153
142,154
142,156
142,157
142,158
142,160
142,162
142,164
142,165
142,166
142,169
143,144
143,145
143,146
144,145
144,146
144,148
144,149
144,150
144,151
144,152
144,153
144,156
144,157
144,158
144,159
144,160
144,161
144,162
144,163
144,164
144,165
144,166
144,168
144,173
144,174
145,148
145,149
145,150
145,151
145,153
145,154
145,156
145,157
145,158
146,147
146,148
146,149
146,150
146,151
146,152
146,153
146,154
146,157
146,158
146,159
146,160
146,161
146,162
146,163
146,164
146,165
146,166
146,168
146,169
146,175
146,180
146,181
147,148
147,149
147,150
147,151
147,152
147,153
147,154
147,156
147,157
147,158
147,160
147,161
147,162
147,163
147,164
147,165
147,166
147,168
147,169
147,170
147,171
147,173
147,174
147,175
147,177
147,180
147,181
147,186
147,187
147,191
148,149
148,175
148,187
148,194
149,150
149,151
149,152
149,153
149,154
149,155
149,156
149,157
149,158
149,159
149,160
149,161
149,162
149,164
149,165
149,166
149,168
149,169
149,170
149,171
149,175
149,187
149,194
150,151
150,152
150,153
150,154
150,155
150,156
151,152
151,153
151,154
151,157
151,158
151,160
151,161
151,162
151,164
151,165
151,166
151,167
151,168
151,169
151,170
151,171
151,173
151,175
152,154
152,155
153,155
153,156
153,157
153,158
153,159
153,160
153,161
153,162
153,163
153,164
153,165
153,166
153,167
153,168
153,169
153,171
153,173
153,174
153,176
153,179
153,180
153,181
153,186
153,187
154,155
154,156
154,157
154,158
154,159
154,160
154,161
154,162
154,163
154,164
154,165
154,166
154,167
154,168
154,169
154,170
154,171
154,172
154,173
154,174
154,175
154,176
154,178
154,179
154,180
154,181
154,184
154,186
154,187
154,188
154,189
154,191
154,194
155,156
155,157
155,158
155,159
156,157
156,158
156,160
156,161
156,164
156,165
156,166
156,167
156,168
156,169
156,170
157,158
157,159
157,160
157,161
157,162
157,163
158,159
158,160
158,161
158,162
158,163
158,164
158,165
158,166
158,167
158,168
158,169
158,170
158,171
158,172
158,173
159,160
159,161
159,163
159,165
159,166
159,167
159,168
159,169
159,170
159,171
159,172
159,173
159,174
159,175
159,176
159,177
159,178
159,179
159,180
160,162
160,163
160,164
160,165
160,166
160,167
160,168
160,169
160,170
160,171
160,172
160,173
160,174
160,175
160,176
160,177
160,178
160,179
160,180
160,181
160,184
160,186
160,188
160,189
160,191
160,192
161,162
161,163
161,164
161,165
161,166
161,167
161,168
161,169
161,170
161,171
161,172
161,173
161,174
161,175
161,176
161,177
161,178
161,179
161,180
161,181
161,184
161,186
161,187
161,188
161,189
161,192
161,194
161,196
162,163
162,164
162,165
162,166
162,167
162,168
162,169
162,170
162,171
162,172
162,173
162,174
162,175
162,176
162,177
162,178
162,179
162,180
162,181
162,182
162,183
162,186
162,187
162,188
162,189
162,191
162,192
162,194
162,195
162,196
162,197
162,199
163,164
163,165
163,166
163,167
163,168
163,169
163,170
163,171
163,172
163,173
163,174
163,175
163,176
163,177
163,178
163,179
163,180
163,181
163,182
163,183
163,184
163,185
163,186
163,187
163,188
163,189
163,191
163,192
164,165
164,166
164,167
164,168
164,169
164,170
164,171
164,172
164,173
164,174
164,175
164,177
164,178
164,179
164,180
164,181
164,182
164,183
164,184
164,185
164,186
165,166
165,167
165,168
166,167
166,168
166,170
166,171
166,172
167,168
167,169
167,170
167,171
167,172
167,174
167,175
167,176
167,177
168,169
168,170
168,171
168,172
168,173
168,174
168,175
168,176
168,177
168,178
168,179
168,180
168,181
168,182
168,183
168,184
168,186
168,187
168,188
168,190
168,191
168,195
168,196
168,197
168,199
169,170
169,171
169,172
169,173
169,174
169,176
169,177
169,178
169,179
169,180
169,181
169,182
170,171
170,172
170,173
170,175
170,176
170,177
170,178
170,179
170,180
170,182
170,183
170,184
170,185
170,186
170,187
170,188
170,189
170,190
170,191
170,192
170,194
170,195
170,196
171,172
171,173
171,175
171,176
171,177
171,178
171,179
171,180
171,181
171,182
171,183
171,186
171,187
171,188
171,190
171,191
171,192
171,195
171,196
171,198
171,199
172,173
172,175
172,176
172,177
172,180
172,181
172,183
172,185
172,186
172,187
172,188
172,189
172,190
172,191
172,193
172,194
172,195
172,196
172,197
172,198
172,199
173,174
174,175
174,176
174,177
174,178
175,176
175,177
175,178
175,179
175,180
175,187
175,194
176,177
176,178
176,179
176,180
176,185
176,186
176,187
176,188
176,189
176,190
176,191
176,192
176,193
176,195
176,196
176,197
176,199
177,178
177,179
177,180
177,181
177,182
177,184
177,185
177,186
177,187
177,188
177,189
177,190
177,191
177,192
177,193
177,195
177,196
177,198
177,199
178,179
178,180
178,181
178,182
178,183
178,184
178,185
178,186
178,187
178,188
178,190
178,191
178,192
178,193
178,194
178,195
178,196
178,198
178,199
179,181
179,182
179,183
179,185
179,186
179,187
179,188
179,189
179,190
179,191
179,192
179,193
179,194
179,195
179,198
179,199
180,181
180,182
180,183
180,184
180,185
181,184
181,185
181,186
181,187
181,188
181,189
181,190
181,191
181,192
181,193
181,194
181,195
181,196
181,197
181,198
181,199
182,184
182,185
182,186
182,187
182,188
182,189
182,190
182,191
182,192
182,193
182,194
184,185
184,186
184,187
184,188
185,186
185,187
186,187
186,188
186,189
186,190
186,191
186,192
186,193
186,195
187,188
187,189
187,190
187,191
187,194
188,189
188,190
188,191
188,192
188,193
188,195
188,196
188,197
188,198
188,199
190,191
190,192
190,193
190,195
190,196
190,197
190,198
190,199
191,192
191,193
191,194
191,195
191,196
191,197
191,198
191,199
192,193
192,194
192,195
192,196
192,197
192,198
192,199
193,194
193,195
193,196
193,197
193,198
194,195
194,196
194,197
194,199
195,196
195,197
195,198
195,199
196,198
197,198
197,199
198,199
