0,1
0,2
0,3
0,4
0,5
0,6
0,7
0,8
0,9
0,10
0,11
0,12
0,13
0,14
0,15
0,16
0,17
0,18
0,19
0,20
0,21
0,22
0,23
0,24
1,2
1,3
1,4
1,5
1,6
1,7
1,8
1,9
1,10
1,11
1,12
1,13
1,14
1,15
1,16
1,17
1,18
1,19
1,20
1,21
1,22
1,23
1,24
2,3
2,4
2,5
2,6
2,7
2,8
2,9
2,10
2,11
2,12
2,13
2,14
2,15
2,16
2,17
2,18
2,19
2,20
2,21
2,22
2,23
2,24
2,88
2,129
2,136
2,142
2,144
2,145
2,147
2,150
2,152
2,153
2,156
2,157
2,159
2,160
3,4
3,5
3,6
3,7
3,8
3,9
3,10
3,11
3,12
3,13
3,14
3,15
3,16
3,17
3,18
3,19
3,20
3,21
3,22
3,23
3,24
4,5
4,6
4,7
4,8
4,9
4,10
4,11
4,12
4,13
4,14
4,15
4,16
4,17
4,18
4,19
4,20
4,21
4,22
4,23
4,24
4,72
4,73
4,76
5,6
5,7
5,8
5,9
5,10
5,11
5,12
5,13
5,14
5,15
5,16
5,17
5,18
5,19
5,20
5,21
5,22
5,23
5,24
5,41
5,43
5,45
5,46
5,53
5,57
5,61
5,65
5,68
6,7
6,8
6,9
6,10
6,11
6,12
6,13
6,14
6,15
6,16
6,17
6,18
6,19
6,20
6,21
6,22
6,23
6,24
6,33
6,36
6,40
6,41
6,43
6,45
6,46
6,51
6,52
6,53
6,55
7,8
7,9
7,10
7,11
7,12
7,13
7,14
7,15
7,16
7,17
7,18
7,19
7,20
7,21
7,22
7,23
8,9
8,10
8,11
8,12
8,13
8,14
8,15
8,16
8,17
8,18
8,19
8,20
8,21
8,22
8,23
8,24
9,10
9,11
9,12
9,13
9,14
9,15
9,16
9,17
9,18
9,19
9,20
9,21
9,22
9,23
9,24
9,37
9,40
9,41
9,43
9,45
9,46
9,47
9,50
9,52
9,53
9,56
9,57
9,61
9,65
9,67
9,68
9,73
10,11
10,12
10,13
10,14
10,15
10,16
10,17
10,18
10,19
10,20
10,21
10,22
10,23
10,24
11,12
11,13
11,14
11,15
11,16
11,17
11,18
11,19
11,20
11,21
11,22
11,23
11,24
12,13
12,14
12,15
12,16
12,17
12,18
12,19
12,20
12,21
12,22
12,23
12,24
13,14
13,15
13,16
13,17
13,18
13,19
13,20
13,21
13,22
13,23
13,24
14,15
14,16
14,17
14,18
14,19
14,20
14,21
14,22
14,23
14,24
14,55
14,57
14,62
15,16
15,17
15,18
15,19
15,20
15,21
15,22
15,23
15,24
15,33
15,35
15,36
15,37
15,40
15,43
15,45
15,60
15,63
15,75
15,77
15,78
15,85
15,86
15,110
15,115
15,122
15,128
15,139
15,143
15,145
15,147
15,160
15,162
15,167
15,180
15,187
15,194
15,195
16,17
16,18
16,19
16,20
16,21
16,22
16,23
16,24
16,33
16,34
16,35
16,37
16,40
16,41
17,18
17,19
17,20
17,21
17,22
17,23
17,24
17,30
17,31
17,32
17,33
17,34
17,35
17,36
17,37
17,39
17,40
17,41
17,42
17,43
17,44
17,45
17,46
17,47
17,48
17,50
17,51
17,52
17,53
17,55
17,56
17,57
17,60
17,61
17,62
17,63
17,64
17,65
17,66
17,68
17,71
18,19
18,20
18,21
18,22
18,23
18,24
18,30
18,31
18,32
18,33
18,34
19,20
19,21
19,22
19,23
19,24
19,31
19,32
19,33
19,34
19,35
19,36
19,37
19,38
19,39
19,40
19,41
19,42
19,43
19,46
19,47
19,48
19,50
19,52
20,21
20,22
20,23
20,24
20,33
20,34
20,35
20,36
20,37
20,38
20,40
20,41
20,42
20,43
20,44
20,45
20,46
20,47
20,48
20,50
20,51
20,52
20,53
20,55
20,57
20,59
20,60
20,61
20,62
20,63
20,64
20,65
20,66
20,68
20,69
20,70
20,71
20,73
20,74
20,76
21,22
21,23
21,24
21,27
21,30
21,31
21,32
21,33
21,34
21,35
21,36
21,37
21,38
21,40
21,41
21,42
21,43
21,44
21,45
21,46
21,47
21,48
21,50
21,51
21,52
21,53
21,55
21,56
21,57
21,59
21,60
21,61
21,62
21,63
21,64
21,65
21,66
21,67
21,68
21,69
21,70
21,71
21,73
21,74
22,23
22,24
22,60
22,63
22,75
22,77
22,78
22,85
22,86
22,110
22,115
22,122
22,128
22,139
22,143
22,145
22,147
22,160
22,162
22,167
22,180
22,187
22,194
22,195
23,24
24,60
24,63
24,75
24,77
24,78
24,85
24,86
24,110
24,115
24,122
24,128
24,139
24,143
24,145
24,147
24,160
24,162
24,167
24,180
24,187
24,194
24,195
25,37
25,39
25,40
26,28
26,29
26,30
26,31
26,32
26,33
26,35
26,36
26,37
26,39
26,40
26,41
26,42
26,44
26,45
26,46
26,47
26,48
26,49
26,50
26,51
26,52
26,53
26,54
26,55
26,56
26,58
26,59
26,60
26,61
26,63
26,64
26,65
26,67
26,68
26,69
26,70
26,71
26,72
26,73
26,74
26,76
26,82
27,28
27,29
27,30
27,32
27,33
27,34
27,35
27,36
27,37
27,38
27,39
27,40
27,42
28,29
28,30
28,31
28,32
28,33
28,34
28,35
28,36
28,38
28,40
28,43
28,44
28,45
28,46
28,47
28,48
28,49
28,50
28,51
28,52
28,53
28,54
29,30
29,31
29,32
29,33
30,31
30,32
30,33
30,34
30,35
30,36
30,37
30,38
31,32
31,33
31,34
31,35
31,36
31,37
31,38
31,39
31,40
31,41
31,42
31,43
31,44
31,45
31,46
31,47
31,48
31,49
31,50
31,53
31,54
31,55
31,56
31,57
32,33
32,34
32,35
33,34
33,35
33,36
33,37
33,38
33,39
33,40
33,41
33,42
33,43
33,44
33,45
33,47
33,48
33,49
33,50
33,52
33,53
33,54
33,55
33,56
33,57
33,58
33,60
33,61
33,62
33,63
33,67
33,69
33,70
33,71
33,72
33,73
33,74
33,75
33,82
33,86
33,88
33,113
33,122
33,129
33,141
33,142
33,144
33,152
33,156
33,158
34,36
34,37
34,38
34,39
34,40
34,41
34,42
34,43
34,44
35,36
35,37
35,38
35,39
37,38
37,39
37,40
37,41
37,42
37,44
37,45
37,46
37,47
37,48
37,49
38,39
38,40
38,41
38,43
38,44
38,45
38,46
38,47
38,48
38,51
39,40
39,41
39,42
39,43
39,44
39,45
39,46
39,47
39,48
39,49
39,51
39,52
39,53
39,54
39,56
39,57
39,58
39,59
40,41
40,42
40,43
40,44
40,46
40,47
40,48
40,49
40,50
40,51
40,52
40,53
40,54
40,55
40,56
40,57
40,58
40,60
40,61
40,64
40,65
40,66
40,67
40,68
40,71
40,72
40,73
40,74
40,76
40,77
41,42
41,43
41,44
41,45
41,47
41,48
41,49
41,50
41,51
41,52
41,53
41,54
41,55
41,56
41,57
41,58
41,59
41,60
41,61
41,62
41,63
41,64
41,65
41,66
41,67
41,68
41,69
41,70
41,71
41,72
41,73
41,74
41,75
41,76
41,77
41,80
41,82
41,88
41,90
41,93
43,44
43,45
43,46
43,47
43,48
44,45
44,46
44,47
45,46
46,47
46,48
46,49
46,50
46,51
46,52
46,53
46,54
46,55
46,56
46,57
46,58
46,59
46,60
46,61
46,62
46,63
46,64
46,65
46,67
46,68
46,70
46,71
47,48
47,49
47,50
47,51
47,52
47,53
47,54
47,55
47,57
47,58
47,59
47,60
47,61
47,62
47,63
47,64
47,66
47,67
47,68
47,69
48,49
48,50
49,51
49,52
49,54
49,55
49,57
49,58
49,59
49,60
49,61
49,63
49,64
49,65
50,52
50,53
50,54
50,55
50,56
50,57
50,58
50,59
50,60
50,61
50,62
51,52
51,53
51,55
51,56
51,57
51,58
51,59
51,60
51,61
51,62
51,63
51,64
51,65
51,67
51,68
51,69
51,71
51,72
51,73
51,75
51,76
51,77
51,78
51,82
51,83
51,84
51,88
51,90
51,93
52,53
53,54
53,55
53,56
53,57
53,58
53,59
53,60
53,61
53,62
53,63
53,64
53,65
53,66
53,67
53,69
53,71
53,72
53,73
53,75
53,76
53,77
53,78
53,80
53,82
53,83
53,84
53,86
53,90
53,93
53,94
54,55
54,56
54,57
54,58
54,59
55,56
55,57
55,58
57,58
57,60
57,61
58,59
58,60
58,62
58,63
59,60
59,61
59,62
59,63
59,64
59,65
59,66
59,68
60,61
60,62
60,63
60,65
60,66
60,68
60,69
60,70
60,71
60,72
60,73
60,75
60,76
60,77
60,78
60,80
60,85
60,86
60,110
60,115
60,122
60,128
60,139
60,143
60,145
60,147
60,160
60,162
60,167
60,180
60,187
60,194
60,195
61,62
61,63
61,64
61,65
61,66
61,67
61,68
61,69
61,70
61,71
61,73
61,74
61,76
61,77
61,78
61,79
61,80
61,82
61,83
61,84
61,87
61,88
61,89
61,90
61,91
61,92
61,94
61,95
61,98
62,64
62,65
62,66
62,68
62,69
62,70
62,71
62,72
62,73
62,74
62,76
62,77
62,78
62,79
62,80
62,82
62,83
62,84
63,64
63,65
63,66
63,67
63,68
63,69
63,71
63,72
63,73
63,74
63,75
63,76
63,77
63,78
63,79
63,80
63,81
63,82
63,83
63,85
63,86
63,88
63,89
63,90
63,92
63,93
63,94
63,95
63,97
63,98
63,110
63,115
63,122
63,128
63,139
63,143
63,145
63,147
63,160
63,162
63,167
63,180
63,187
63,194
63,195
64,67
64,68
64,69
64,70
64,71
64,72
64,73
64,74
64,75
64,76
64,77
64,78
64,79
64,80
64,81
64,82
64,83
64,84
64,87
64,88
64,89
64,90
64,91
64,92
65,66
66,67
67,68
67,69
67,70
67,72
67,76
67,77
67,78
67,79
67,80
67,81
67,83
68,69
68,70
68,71
68,72
68,73
68,75
69,70
69,71
69,72
69,73
69,74
69,75
69,76
69,77
69,78
69,79
69,80
69,81
69,82
69,83
69,84
69,86
69,87
69,88
69,89
69,91
70,71
70,72
70,74
70,75
70,76
70,77
70,78
70,79
70,80
70,81
70,82
70,83
70,86
71,73
71,74
71,75
71,76
71,77
71,78
71,79
71,80
71,81
71,82
71,83
71,84
71,85
71,86
71,87
71,88
71,89
71,90
71,91
71,92
71,93
71,94
71,95
71,97
71,98
71,99
71,100
71,101
72,73
72,74
72,75
72,76
72,77
72,78
72,80
72,81
74,75
74,76
74,77
74,78
74,79
74,80
74,81
74,82
74,83
74,85
74,86
74,87
74,89
74,91
74,92
74,94
74,97
74,98
74,99
74,100
74,101
74,102
75,77
75,78
75,85
75,86
75,110
75,115
75,122
75,128
75,139
75,143
75,145
75,147
75,160
75,162
75,167
75,180
75,187
75,194
75,195
76,77
76,78
76,79
76,80
76,81
76,82
76,83
76,84
76,85
76,86
76,87
76,88
77,78
77,79
77,80
77,81
77,82
77,83
77,84
77,85
77,86
77,87
77,88
77,89
77,90
77,91
77,92
77,93
77,94
77,95
77,96
77,97
77,98
77,99
77,100
77,101
77,102
77,103
77,110
77,115
77,122
77,128
77,139
77,143
77,145
77,147
77,160
77,162
77,167
77,180
77,187
77,194
77,195
78,79
78,80
78,81
78,82
78,83
78,84
78,85
78,86
78,87
78,88
78,89
78,90
78,92
78,93
78,94
78,95
78,96
78,97
78,98
78,99
78,100
78,101
78,102
78,103
78,104
78,107
78,110
78,115
78,122
78,128
78,129
78,139
78,143
78,145
78,147
78,160
78,162
78,167
78,180
78,187
78,194
78,195
79,80
79,81
79,82
79,83
79,84
79,85
79,86
79,87
79,88
79,89
79,90
80,81
80,83
80,84
80,85
80,86
80,87
80,88
80,89
80,90
80,91
80,92
80,93
81,83
81,85
81,86
82,83
82,84
82,85
82,86
82,87
82,88
82,89
82,90
82,91
82,92
82,93
82,94
82,95
82,96
82,98
82,99
82,100
82,101
82,103
82,104
83,86
83,87
83,88
83,89
83,90
83,91
83,92
83,93
83,94
83,95
83,96
83,97
83,98
83,99
83,100
83,101
83,102
83,103
83,104
83,105
83,106
83,107
83,112
83,113
84,85
84,86
84,87
84,88
84,89
84,90
84,91
84,92
84,93
84,94
84,95
84,96
84,97
84,98
84,99
84,100
84,101
84,102
84,103
84,104
84,105
84,106
84,108
85,86
85,110
85,115
85,122
85,128
85,139
85,143
85,145
85,147
85,160
85,162
85,167
85,180
85,187
85,194
85,195
86,87
86,88
86,89
86,90
86,91
86,92
86,93
86,94
86,95
86,96
86,98
86,99
86,100
86,101
86,102
86,103
86,104
86,106
86,107
86,108
86,110
86,111
86,112
86,115
86,118
86,122
86,123
86,125
86,127
86,128
86,129
86,139
86,143
86,145
86,147
86,160
86,162
86,167
86,180
86,187
86,194
86,195
87,89
87,90
87,91
87,92
87,93
87,94
87,95
87,96
87,97
87,98
87,100
87,101
87,102
87,103
88,89
88,90
88,91
88,92
88,93
88,94
88,95
88,96
88,97
88,98
88,100
88,101
88,102
88,103
88,104
88,105
88,106
88,107
88,108
89,90
89,91
89,92
89,93
89,94
89,95
89,97
89,98
89,99
89,100
89,101
89,102
89,103
89,104
89,105
89,106
89,107
89,108
89,109
89,110
89,111
89,112
89,113
89,114
90,92
90,93
90,94
90,95
90,96
90,97
90,98
90,99
90,100
90,101
90,102
90,103
90,104
90,105
90,106
90,107
90,108
90,110
90,111
90,112
90,113
90,114
90,115
90,118
90,123
90,125
90,127
90,129
90,135
91,92
91,93
91,94
91,95
91,96
91,98
91,99
92,93
92,94
92,95
92,96
92,97
92,98
92,99
92,100
92,102
92,103
92,104
92,105
92,106
92,107
92,108
92,110
92,111
92,112
92,113
92,114
92,115
92,118
92,120
92,121
92,123
93,94
94,95
94,96
94,97
94,98
94,99
94,100
94,101
94,102
94,103
94,104
94,105
94,106
94,107
94,108
94,110
94,111
94,112
94,113
94,114
94,115
94,118
94,120
94,121
94,123
94,127
94,129
95,96
95,97
95,98
95,99
95,100
95,101
95,102
95,103
95,104
95,105
95,106
95,107
95,108
95,109
95,110
95,111
95,112
95,113
95,114
95,115
95,116
95,118
97,98
97,99
97,100
97,101
97,102
97,103
97,104
97,105
97,106
97,107
97,108
97,109
97,111
97,112
97,113
97,114
97,115
97,116
97,118
97,120
97,121
97,122
97,123
97,125
97,127
97,129
97,131
97,134
97,135
98,99
98,100
98,103
98,104
98,105
98,106
99,100
99,101
100,101
100,102
100,104
100,105
100,106
100,107
100,108
100,109
100,111
100,112
100,113
100,114
100,116
100,117
100,118
100,120
100,121
100,123
100,124
100,125
100,129
100,131
100,134
100,135
101,102
101,103
101,104
101,106
101,107
101,108
101,109
101,110
102,103
102,104
102,105
102,106
102,107
102,108
102,109
102,110
102,111
102,112
102,113
102,114
102,115
102,116
102,117
102,118
102,120
102,121
102,122
102,123
102,124
102,125
102,127
102,128
102,129
102,130
102,131
102,132
102,133
102,134
102,135
102,136
102,141
103,104
103,105
103,106
103,107
103,108
103,110
103,111
103,112
103,113
103,114
103,115
103,116
103,117
103,118
103,120
103,121
103,122
103,123
103,124
103,126
103,127
103,128
103,129
103,130
103,131
103,132
103,134
104,105
104,106
104,107
104,108
104,109
104,110
104,111
104,112
104,113
104,114
105,106
105,107
105,108
105,109
105,110
105,111
105,112
105,113
106,107
106,108
106,109
106,110
106,111
106,112
106,113
106,115
106,116
106,118
106,119
106,120
106,121
106,122
106,124
106,125
106,126
106,127
106,128
106,129
106,130
106,131
106,132
106,133
106,134
106,135
106,136
106,137
107,108
107,109
107,110
107,111
107,112
107,113
107,114
107,115
107,116
107,117
107,118
107,119
107,120
107,121
107,122
107,123
107,124
107,125
107,126
107,127
107,128
107,130
107,131
107,132
107,133
107,134
107,135
107,136
107,137
107,142
108,109
108,110
108,111
108,112
108,113
108,114
108,115
108,116
108,117
109,110
109,111
109,112
109,113
109,114
109,115
109,116
109,117
109,118
109,119
109,121
110,111
110,115
110,122
110,128
110,139
110,143
110,145
110,147
110,160
110,162
110,167
110,180
110,187
110,194
110,195
111,112
111,113
111,114
111,115
111,116
111,117
111,119
111,120
111,121
111,122
111,123
111,124
111,125
111,126
111,127
112,113
112,114
112,115
112,116
112,117
112,118
112,119
112,120
112,121
112,122
112,123
112,124
112,125
112,126
112,127
112,128
112,129
112,130
112,133
112,134
112,135
112,136
112,137
112,142
112,152
113,114
113,115
113,116
113,117
113,118
113,119
113,121
113,122
113,123
113,124
113,125
113,126
113,127
113,128
113,129
113,130
113,132
113,133
113,134
113,135
113,136
113,137
113,142
113,143
113,145
113,151
113,152
113,156
113,157
113,158
113,159
113,162
114,115
114,116
114,117
114,118
114,120
114,121
114,122
114,123
114,124
115,116
115,117
115,118
115,119
115,120
115,121
115,122
115,124
115,125
115,126
115,127
115,128
115,129
115,130
115,132
115,134
115,135
115,136
115,137
115,139
115,140
115,141
115,143
115,145
115,147
115,160
115,162
115,167
115,180
115,187
115,194
115,195
116,117
116,118
116,119
116,120
116,121
116,122
116,123
116,124
116,125
116,126
117,118
118,119
118,120
118,121
118,122
118,123
118,124
118,125
118,126
118,127
118,128
118,130
118,131
118,132
118,133
119,120
119,121
119,122
120,121
120,122
120,123
120,125
120,126
120,127
120,128
121,122
121,123
121,124
122,124
122,125
122,126
122,127
122,128
122,129
122,130
122,131
122,132
122,133
122,134
122,135
122,136
122,137
122,139
122,140
122,141
122,142
122,143
122,144
122,145
122,146
122,147
122,148
122,150
122,151
122,152
122,160
122,162
122,167
122,180
122,187
122,194
122,195
123,124
123,125
123,126
123,127
123,128
123,129
123,130
123,131
123,132
123,133
123,134
123,135
123,136
123,137
123,139
123,140
123,141
123,143
124,125
124,126
124,127
124,128
124,129
124,130
124,131
124,132
124,133
124,134
124,135
124,136
124,137
124,138
124,139
124,140
124,141
124,143
124,144
124,146
124,148
124,150
124,151
125,126
125,127
125,128
125,129
125,130
126,127
126,128
126,129
126,130
126,131
126,132
126,133
126,134
126,136
126,137
126,138
126,139
126,140
126,141
126,142
126,143
126,144
126,145
126,146
127,128
127,129
127,130
127,131
127,132
127,133
127,134
127,135
127,136
127,137
127,138
127,139
127,140
127,141
127,142
127,143
127,144
127,145
127,146
127,148
127,149
127,151
127,152
127,157
128,129
128,130
128,131
128,132
128,133
128,134
128,135
128,139
128,143
128,145
128,147
128,160
128,162
128,167
128,180
128,187
128,194
128,195
129,130
129,131
129,132
129,133
129,134
129,135
129,136
129,137
129,138
129,139
129,140
129,141
129,142
129,143
129,144
129,145
129,146
130,131
130,133
130,134
130,135
130,136
130,137
130,138
130,139
130,140
130,141
130,142
130,143
130,144
130,145
130,146
130,148
130,149
130,151
130,152
130,153
130,155
130,156
131,132
131,133
131,134
131,135
131,136
131,137
131,138
131,139
131,140
131,141
131,142
131,143
131,144
131,145
131,147
131,148
131,149
131,150
131,151
131,152
131,153
131,155
131,156
131,157
131,158
131,159
131,160
132,133
132,134
132,135
132,136
132,137
132,138
132,139
133,134
133,135
133,136
133,137
134,135
134,136
135,137
135,138
135,139
135,140
135,141
135,143
135,144
135,146
135,147
135,148
136,137
136,138
136,139
136,140
136,141
136,142
136,143
136,144
136,145
136,146
136,147
136,148
136,149
136,150
136,151
136,152
136,153
136,155
136,156
136,157
136,159
136,160
136,164
137,138
137,139
137,140
137,141
137,142
137,143
137,144
137,145
137,146
137,148
137,149
137,150
137,151
137,152
137,153
138,139
138,140
138,141
138,142
138,143
138,144
138,145
138,146
138,147
138,148
138,149
139,140
139,141
139,142
139,143
139,145
139,146
139,147
139,148
139,149
139,150
139,151
139,152
139,153
139,154
139,155
139,156
139,158
139,159
139,160
139,162
139,163
139,167
139,171
139,178
139,180
139,187
139,194
139,195
140,141
140,143
140,144
140,145
140,146
140,147
140,148
140,149
140,150
140,151
140,152
140,153
140,154
140,156
140,157
140,158
140,159
140,160
140,162
140,163
140,164
141,142
141,143
141,144
141,145
141,146
141,147
141,148
141,149
141,150
141,151
141,152
141,153
141,154
141,155
141,157
141,158
141,159
141,160
141,161
141,162
141,163
141,164
141,167
141,171
141,172
142,143
142,144
142,145
142,146
142,147
142,148
142,149
142,150
142,151
142,152
142,153
142,154
142,155
142,156
142,157
142,158
142,159
142,160
142,161
142,162
142,163
142,164
142,166
142,167
143,144
143,145
143,146
143,147
143,148
143,149
143,150
143,151
143,152
143,153
143,154
143,155
143,156
143,158
143,159
143,160
143,161
143,162
143,163
143,164
143,166
143,167
143,171
143,172
143,180
143,187
143,194
143,195
144,145
144,146
144,147
144,148
144,149
144,150
144,151
144,152
144,153
144,154
144,155
144,156
144,157
144,158
144,159
144,160
144,161
144,162
144,163
145,147
145,148
145,149
145,150
145,151
145,152
145,153
145,154
145,155
145,157
145,158
145,159
145,160
145,161
145,162
145,163
145,164
145,166
145,167
145,168
145,171
145,172
145,177
145,178
145,180
145,187
145,194
145,195
146,147
146,148
146,149
146,150
146,151
146,152
146,153
146,154
146,155
146,156
146,157
146,158
146,159
147,148
147,149
147,150
147,160
147,162
147,167
147,180
147,187
147,194
147,195
148,149
148,150
148,154
148,155
148,156
148,157
148,158
148,160
148,161
148,162
148,163
148,164
148,165
148,168
148,169
149,150
149,151
149,152
149,153
149,154
149,155
149,156
150,151
151,152
151,153
151,154
151,155
151,156
151,158
151,159
151,160
151,161
151,162
151,163
151,165
151,167
151,168
151,169
151,171
152,154
152,155
152,156
152,157
152,158
152,159
152,160
152,161
152,162
152,163
152,164
152,165
152,166
152,167
152,168
152,169
152,172
152,174
152,177
152,178
153,155
153,156
153,157
153,158
153,159
153,160
153,161
153,162
153,163
153,164
153,165
153,166
154,155
155,156
155,157
155,158
155,160
155,161
155,162
155,163
155,165
155,166
155,167
155,168
155,169
155,170
155,171
155,172
155,174
155,175
155,177
155,178
156,157
156,159
156,160
156,161
156,162
156,163
156,164
156,165
156,166
156,167
156,169
156,170
156,172
156,174
156,177
156,178
156,184
156,195
157,158
157,159
157,160
157,161
157,162
157,163
157,164
157,165
157,166
157,167
157,168
157,169
157,170
157,171
157,172
157,174
157,175
157,177
157,178
157,180
157,184
157,188
158,159
158,160
158,161
158,162
158,164
158,165
158,166
158,167
158,168
158,169
158,170
159,160
159,161
159,162
159,163
159,164
159,165
160,162
160,163
160,164
160,165
160,166
160,167
160,169
160,171
160,174
160,175
160,177
160,178
160,180
160,181
160,184
160,187
160,188
160,194
160,195
161,163
161,164
161,165
161,166
161,167
161,168
161,169
161,170
161,171
161,172
161,174
161,175
161,177
161,178
161,179
161,180
161,181
161,183
161,184
161,188
161,189
161,193
161,195
162,163
162,164
162,165
162,166
162,167
162,168
162,169
162,170
162,171
162,172
162,174
162,175
162,177
162,178
162,179
162,180
162,181
162,183
162,184
162,186
162,187
162,188
162,189
162,190
162,193
162,194
162,195
162,197
162,198
163,165
163,166
163,167
163,168
163,169
163,170
163,171
163,172
163,173
163,174
164,165
164,166
164,167
164,168
164,169
164,170
164,171
164,172
164,173
164,174
164,175
164,177
164,178
164,179
164,181
164,182
164,183
164,185
164,186
164,188
164,189
164,190
164,193
164,195
164,198
165,168
165,169
165,170
165,171
165,172
165,173
165,174
165,175
165,177
165,178
165,179
165,180
165,181
165,182
165,183
165,184
165,185
165,186
166,167
166,168
166,169
166,170
166,171
166,172
166,173
166,174
166,176
166,177
166,178
166,179
166,180
166,181
166,182
167,168
167,169
167,170
167,171
167,172
167,173
167,174
167,176
167,177
167,178
167,179
167,180
167,181
167,182
167,183
167,184
167,187
167,194
167,195
168,169
168,170
168,171
168,172
168,173
168,174
168,175
168,176
168,177
168,178
168,179
168,180
168,181
168,182
168,183
168,184
168,186
168,187
168,188
168,190
168,194
168,195
168,197
169,170
169,171
169,172
169,173
169,174
169,175
169,176
169,177
169,178
169,179
169,180
169,181
169,182
169,183
169,184
169,186
169,187
170,171
170,173
170,174
170,175
170,176
170,177
170,179
170,180
170,181
170,182
170,183
170,184
170,187
170,188
170,189
170,190
170,194
170,195
170,197
170,198
171,172
171,173
171,174
171,175
171,176
171,177
171,178
171,179
171,180
171,181
171,182
171,183
171,184
171,185
171,186
171,187
171,188
171,189
171,191
171,192
171,193
171,194
171,195
171,197
171,198
172,174
172,175
172,176
172,177
172,178
173,174
173,175
173,176
173,177
174,175
175,176
175,177
175,178
175,179
175,180
175,181
175,182
175,184
175,185
175,186
175,187
175,188
175,189
175,191
175,192
175,194
175,195
175,197
175,199
176,177
176,178
176,179
176,180
176,181
176,182
176,183
176,184
176,185
176,187
176,188
176,189
176,190
176,191
176,192
176,193
176,194
177,178
177,179
177,180
177,181
177,182
177,183
177,184
177,185
177,186
177,188
177,189
177,190
178,179
178,180
178,181
178,182
178,183
178,184
178,185
178,186
178,187
178,189
178,190
178,191
178,193
178,194
178,195
178,196
179,180
179,181
179,182
179,183
179,184
179,185
180,181
180,182
180,183
180,184
180,185
180,186
180,187
180,188
180,189
180,190
180,191
180,192
180,193
180,194
180,195
180,196
180,197
180,198
180,199
181,182
181,183
181,184
181,185
181,186
181,187
181,188
182,183
182,184
182,185
182,186
182,187
182,188
182,189
182,190
182,191
183,184
183,185
183,186
183,187
183,188
183,189
183,190
183,191
183,192
183,193
183,194
183,195
183,196
183,197
183,198
183,199
184,185
184,186
184,187
184,188
184,189
184,190
184,191
184,192
184,193
184,194
184,195
184,196
184,197
184,198
185,186
185,187
185,188
185,190
185,191
185,192
185,193
185,194
185,195
185,196
185,197
185,198
185,199
186,188
186,189
187,188
187,189
187,190
187,191
187,192
187,193
187,194
187,195
187,196
187,197
187,198
187,199
188,189
188,190
188,191
188,192
188,193
188,195
188,196
188,197
188,198
188,199
189,190
189,192
189,193
189,194
189,195
189,196
189,197
189,198
189,199
190,191
190,192
190,193
190,194
190,195
190,196
190,197
190,198
190,199
191,193
191,194
191,195
191,196
191,197
191,198
191,199
192,193
192,194
192,195
192,196
192,197
192,198
192,199
193,194
193,195
193,196
193,197
193,198
194,195
194,196
194,197
194,198
194,199
195,196
195,197
195,198
195,199
196,197
196,198
196,199
197,198
197,199
198,199
