0,1
0,2
0,3
0,4
0,5
0,6
0,7
0,8
0,9
0,10
0,11
0,12
0,13
0,14
0,15
0,16
0,17
0,18
0,19
0,20
0,21
0,22
0,23
0,24
0,25
0,26
0,27
0,28
0,29
0,30
0,31
0,32
0,33
0,34
0,35
0,36
0,37
0,38
0,39
0,40
0,41
0,42
0,43
0,44
0,45
0,46
0,47
0,48
0,49
0,50
0,51
0,52
0,53
0,54
0,55
0,56
0,57
0,58
0,59
0,60
0,61
0,62
0,63
0,64
0,65
0,66
0,67
0,68
0,69
0,70
0,71
0,72
0,73
0,74
1,2
1,3
1,4
1,5
1,6
1,7
1,8
1,9
1,10
1,11
1,12
1,13
1,14
1,15
1,16
1,17
1,18
1,19
1,20
1,21
1,22
1,23
1,24
1,25
1,26
1,27
1,28
1,29
1,30
1,31
1,32
1,33
1,34
1,35
1,36
1,37
1,38
1,39
1,40
1,41
1,42
1,43
1,44
1,45
1,46
1,47
1,48
1,49
1,50
1,51
1,52
1,53
1,54
1,55
1,56
1,57
1,58
1,59
1,60
1,61
1,62
1,63
1,64
1,65
1,66
1,67
1,68
1,69
1,70
1,71
1,72
1,73
1,74
1,76
1,77
1,80
1,81
1,84
1,85
1,86
1,89
1,94
1,95
1,96
1,98
1,102
1,103
1,105
1,109
1,110
1,111
1,112
1,114
1,115
1,116
1,120
1,121
1,132
1,136
1,139
1,145
1,148
1,151
1,154
1,155
1,157
1,161
1,162
1,165
1,173
1,177
1,178
1,179
1,181
1,186
1,187
1,190
1,194
1,196
1,197
1,199
2,3
2,4
2,5
2,6
2,7
2,8
2,9
2,10
2,11
2,12
2,13
2,14
2,15
2,16
2,17
2,18
2,19
2,20
2,21
2,22
2,23
2,24
2,25
2,26
2,27
2,28
2,29
2,30
2,31
2,32
2,33
2,34
2,35
2,36
2,37
2,38
2,39
2,40
2,41
2,42
2,43
2,44
2,45
2,46
2,47
2,48
2,49
2,50
2,51
2,52
2,53
2,54
2,55
2,56
2,57
2,58
2,59
2,60
2,61
2,62
2,63
2,64
2,65
2,66
2,67
2,68
2,69
2,70
2,71
2,72
2,73
2,74
2,76
2,77
2,80
2,81
2,84
2,85
2,86
2,89
2,94
2,95
2,96
2,98
2,102
2,103
2,105
2,109
2,110
2,111
2,112
2,114
2,115
2,116
2,120
2,121
2,132
2,136
2,139
2,145
2,148
2,151
2,154
2,155
2,157
2,161
2,162
2,165
2,173
2,177
2,178
2,179
2,181
2,186
2,187
2,190
2,194
2,196
2,197
2,199
3,4
3,5
3,6
3,7
3,8
3,9
3,10
3,11
3,12
3,13
3,14
3,15
3,16
3,17
3,18
3,19
3,20
3,21
3,22
3,23
3,24
3,25
3,26
3,27
3,28
3,29
3,30
3,31
3,32
3,33
3,34
3,35
3,36
3,37
3,38
3,39
3,40
3,41
3,42
3,43
3,44
3,45
3,46
3,47
3,48
3,49
3,50
3,51
3,52
3,53
3,54
3,55
3,56
3,57
3,58
3,59
3,60
3,61
3,62
3,63
3,64
3,65
3,66
3,67
3,68
3,69
3,70
3,71
3,72
3,73
3,74
4,5
4,6
4,7
4,8
4,9
4,10
4,11
4,12
4,13
4,14
4,15
4,16
4,17
4,18
4,19
4,20
4,21
4,22
4,23
4,24
4,25
4,26
4,27
4,28
4,29
4,30
4,31
4,32
4,33
4,34
4,35
4,36
4,37
4,38
4,39
4,40
4,41
4,42
4,43
4,44
4,45
4,46
4,47
4,48
4,49
4,50
4,51
4,52
4,53
4,54
4,55
4,56
4,57
4,58
4,59
4,60
4,61
4,62
4,63
4,64
4,65
4,66
4,67
4,68
4,69
4,70
4,71
4,72
4,73
4,74
4,76
4,77
4,80
4,81
4,84
4,85
4,86
4,89
4,94
4,95
4,96
4,98
4,102
4,103
4,105
4,109
4,110
4,111
4,112
4,114
4,115
4,116
4,120
4,121
4,132
4,136
4,139
4,145
4,148
4,151
4,154
4,155
4,157
4,161
4,162
4,165
4,173
4,177
4,178
4,179
4,181
4,186
4,187
4,190
4,194
4,196
4,197
4,199
5,6
5,7
5,8
5,9
5,10
5,11
5,12
5,13
5,14
5,15
5,16
5,17
5,18
5,19
5,20
5,21
5,22
5,23
5,24
5,25
5,26
5,27
5,28
5,29
5,30
5,31
5,32
5,33
5,34
5,35
5,36
5,37
5,38
5,39
5,40
5,41
5,42
5,43
5,44
5,45
5,46
5,47
5,48
5,49
5,50
5,51
5,52
5,53
5,54
5,55
5,56
5,57
5,58
5,59
5,60
5,61
5,62
5,63
5,64
5,65
5,66
5,67
5,68
5,69
5,70
5,71
5,72
5,73
5,74
6,7
6,8
6,9
6,10
6,11
6,12
6,13
6,14
6,15
6,16
6,17
6,18
6,19
6,20
6,21
6,22
6,23
6,24
6,25
6,26
6,27
6,28
6,29
6,30
6,31
6,32
6,33
6,34
6,35
6,36
6,37
6,38
6,39
6,40
6,41
6,42
6,43
6,44
6,45
6,46
6,47
6,48
6,49
6,50
6,51
6,52
6,53
6,54
6,55
6,56
6,57
6,58
6,59
6,60
6,61
6,62
6,63
6,64
6,65
6,66
6,67
6,68
6,69
6,70
6,71
6,72
6,73
6,74
7,8
7,9
7,10
7,11
7,12
7,13
7,14
7,15
7,16
7,17
7,18
7,19
7,20
7,21
7,22
7,23
7,24
7,25
7,26
7,27
7,28
7,29
7,30
7,31
7,32
7,33
7,34
7,35
7,36
7,37
7,38
7,39
7,40
7,41
7,42
7,43
7,44
7,45
7,46
7,47
7,48
7,49
7,50
7,51
7,52
7,53
7,54
7,55
7,56
7,57
7,58
7,59
7,60
7,61
7,62
7,63
7,64
7,65
7,66
7,67
7,68
7,69
7,70
7,71
7,72
7,73
7,74
8,9
8,10
8,11
8,12
8,13
8,14
8,15
8,16
8,17
8,18
8,19
8,20
8,21
8,22
8,23
8,24
8,25
8,26
8,27
8,28
8,29
8,30
8,31
8,32
8,33
8,34
8,35
8,36
8,37
8,38
8,39
8,40
8,41
8,42
8,43
8,44
8,45
8,46
8,47
8,48
8,49
8,50
8,51
8,52
8,53
8,54
8,55
8,56
8,57
8,58
8,59
8,60
8,61
8,62
8,63
8,64
8,65
8,66
8,67
8,68
8,69
8,70
8,71
8,72
8,73
8,74
9,10
9,11
9,12
9,13
9,14
9,15
9,16
9,17
9,18
9,19
9,20
9,21
9,22
9,23
9,24
9,25
9,26
9,27
9,28
9,29
9,30
9,31
9,32
9,33
9,34
9,35
9,36
9,37
9,38
9,39
9,40
9,41
9,42
9,43
9,44
9,45
9,46
9,47
9,48
9,49
9,50
9,51
9,52
9,53
9,54
9,55
9,56
9,57
9,58
9,59
9,60
9,61
9,62
9,63
9,64
9,65
9,66
9,67
9,68
9,69
9,70
9,71
9,72
9,73
9,74
9,146
9,153
9,157
9,158
9,164
9,177
9,178
9,180
9,181
9,184
9,185
9,188
9,190
9,191
9,192
9,193
10,11
10,12
10,13
10,14
10,15
10,16
10,17
10,18
10,19
10,20
10,21
10,22
10,23
10,24
10,25
10,26
10,27
10,28
10,29
10,30
10,31
10,32
10,33
10,34
10,35
10,36
10,37
10,38
10,39
10,40
10,41
10,42
10,43
10,44
10,45
10,46
10,47
10,48
10,49
10,50
10,51
10,52
10,53
10,54
10,55
10,56
10,57
10,58
10,59
10,60
10,61
10,62
10,63
10,64
10,65
10,66
10,67
10,68
10,69
10,70
10,71
10,72
10,73
10,74
11,12
11,13
11,14
11,15
11,16
11,17
11,18
11,19
11,20
11,21
11,22
11,23
11,24
11,25
11,26
11,27
11,28
11,29
11,30
11,31
11,32
11,33
11,34
11,35
11,36
11,37
11,38
11,39
11,40
11,41
11,42
11,43
11,44
11,45
11,46
11,47
11,48
11,49
11,50
11,51
11,52
11,53
11,54
11,55
11,56
11,57
11,58
11,59
11,60
11,61
11,62
11,63
11,64
11,65
11,66
11,67
11,68
11,69
11,70
11,71
11,72
11,73
11,74
12,13
12,14
12,15
12,16
12,17
12,18
12,19
12,20
12,21
12,22
12,23
12,24
12,25
12,26
12,27
12,28
12,29
12,30
12,31
12,32
12,33
12,34
12,35
12,36
12,37
12,38
12,39
12,40
12,41
12,42
12,43
12,44
12,45
12,46
12,47
12,48
12,49
12,50
12,51
12,52
12,53
12,54
12,55
12,56
12,57
12,58
12,59
12,60
12,61
12,62
12,63
12,64
12,65
12,66
12,67
12,68
12,69
12,70
12,71
12,72
12,73
12,74
13,14
13,15
13,16
13,17
13,18
13,19
13,20
13,21
13,22
13,23
13,24
13,25
13,26
13,27
13,28
13,29
13,30
13,31
13,32
13,33
13,34
13,35
13,36
13,37
13,38
13,39
13,40
13,41
13,42
13,43
13,44
13,45
13,46
13,47
13,48
13,49
13,50
13,51
13,52
13,53
13,54
13,55
13,56
13,57
13,58
13,59
13,60
13,61
13,62
13,63
13,64
13,65
13,66
13,67
13,68
13,69
13,70
13,71
13,72
13,73
13,74
13,76
13,77
13,80
13,81
13,84
13,85
13,86
13,89
13,94
13,95
13,96
13,98
13,102
13,103
13,105
13,109
13,110
13,111
13,112
13,114
13,115
13,116
13,120
13,121
13,132
13,136
13,139
13,145
13,148
13,151
13,154
13,155
13,157
13,161
13,162
13,165
13,173
13,177
13,178
13,179
13,181
13,186
13,187
13,190
13,194
13,196
13,197
13,199
14,15
14,16
14,17
14,18
14,19
14,20
14,21
14,22
14,23
14,24
14,25
14,26
14,27
14,28
14,29
14,30
14,31
14,32
14,33
14,34
14,35
14,36
14,37
14,38
14,39
14,40
14,41
14,42
14,43
14,44
14,45
14,46
14,47
14,48
14,49
14,50
14,51
14,52
14,53
14,54
14,55
14,56
14,57
14,58
14,59
14,60
14,61
14,62
14,63
14,64
14,65
14,66
14,67
14,68
14,69
14,70
14,71
14,72
14,73
14,74
15,16
15,17
15,18
15,19
15,20
15,21
15,22
15,23
15,24
15,25
15,26
15,27
15,28
15,29
15,30
15,31
15,32
15,33
15,34
15,35
15,36
15,37
15,38
15,39
15,40
15,41
15,42
15,43
15,44
15,45
15,46
15,47
15,48
15,49
15,50
15,51
15,52
15,53
15,54
15,55
15,56
15,57
15,58
15,59
15,60
15,61
15,62
15,63
15,64
15,65
15,66
15,67
15,68
15,69
15,70
15,71
15,72
15,73
15,74
16,17
16,18
16,19
16,20
16,21
16,22
16,23
16,24
16,25
16,26
16,27
16,28
16,29
16,30
16,31
16,32
16,33
16,34
16,35
16,36
16,37
16,38
16,39
16,40
16,41
16,42
16,43
16,44
16,45
16,46
16,47
16,48
16,49
16,50
16,51
16,52
16,53
16,54
16,55
16,56
16,57
16,58
16,59
16,60
16,61
16,62
16,63
16,64
16,65
16,66
16,67
16,68
16,69
16,70
16,71
16,72
16,73
16,74
16,76
16,77
16,80
16,81
16,84
16,85
16,86
16,89
16,94
16,95
16,96
16,98
16,102
16,103
16,105
16,109
16,110
16,111
16,112
16,114
16,115
16,116
16,120
16,121
16,132
16,136
16,139
16,145
16,148
16,151
16,154
16,155
16,157
16,161
16,162
16,165
16,173
16,177
16,178
16,179
16,181
16,186
16,187
16,190
16,194
16,196
16,197
16,199
17,18
17,19
17,20
17,21
17,22
17,23
17,24
17,25
17,26
17,27
17,28
17,29
17,30
17,31
17,32
17,33
17,34
17,35
17,36
17,37
17,38
17,39
17,40
17,41
17,42
17,43
17,44
17,45
17,46
17,47
17,48
17,49
17,50
17,51
17,52
17,53
17,54
17,55
17,56
17,57
17,58
17,59
17,60
17,61
17,62
17,63
17,64
17,65
17,66
17,67
17,68
17,69
17,70
17,71
17,72
17,73
17,74
18,19
18,20
18,21
18,22
18,23
18,24
18,25
18,26
18,27
18,28
18,29
18,30
18,31
18,32
18,33
18,34
18,35
18,36
18,37
18,38
18,39
18,40
18,41
18,42
18,43
18,44
18,45
18,46
18,47
18,48
18,49
18,50
18,51
18,52
18,53
18,54
18,55
18,56
18,57
18,58
18,59
18,60
18,61
18,62
18,63
18,64
18,65
18,66
18,67
18,68
18,69
18,70
18,71
18,72
18,73
18,74
19,20
19,21
19,22
19,23
19,24
19,25
19,26
19,27
19,28
19,29
19,30
19,31
19,32
19,33
19,34
19,35
19,36
19,37
19,38
19,39
19,40
19,41
19,42
19,43
19,44
19,45
19,46
19,47
19,48
19,49
19,50
19,51
19,52
19,53
19,54
19,55
19,56
19,57
19,58
19,59
19,60
19,61
19,62
19,63
19,64
19,65
19,66
19,67
19,68
19,69
19,70
19,71
19,72
19,73
19,74
19,76
19,77
19,80
19,81
19,84
19,85
19,86
19,89
19,94
19,95
19,96
19,98
19,102
19,103
19,105
19,109
19,110
19,111
19,112
19,114
19,115
19,116
19,120
19,121
19,132
19,136
19,139
19,145
19,148
19,151
19,154
19,155
19,157
19,161
19,162
19,165
19,173
19,177
19,178
19,179
19,181
19,186
19,187
19,190
19,194
19,196
19,197
19,199
20,21
20,22
20,23
20,24
20,25
20,26
20,27
20,28
20,29
20,30
20,31
20,32
20,33
20,34
20,35
20,36
20,37
20,38
20,39
20,40
20,41
20,42
20,43
20,44
20,45
20,46
20,47
20,48
20,49
20,50
20,51
20,52
20,53
20,54
20,55
20,56
20,57
20,58
20,59
20,60
20,61
20,62
20,63
20,64
20,65
20,66
20,67
20,68
20,69
20,70
20,71
20,72
20,73
20,74
21,22
21,23
21,24
21,25
21,26
21,27
21,28
21,29
21,30
21,31
21,32
21,33
21,34
21,35
21,36
21,37
21,38
21,39
21,40
21,41
21,42
21,43
21,44
21,45
21,46
21,47
21,48
21,49
21,50
21,51
21,52
21,53
21,54
21,55
21,56
21,57
21,58
21,59
21,60
21,61
21,62
21,63
21,64
21,65
21,66
21,67
21,68
21,69
21,70
21,71
21,72
21,73
21,76
21,77
21,80
21,81
21,84
21,85
21,86
21,89
21,94
21,95
21,96
21,98
21,102
21,103
21,105
21,109
21,110
21,111
21,112
21,114
21,115
21,116
21,120
21,121
21,132
21,136
21,139
21,145
21,148
21,151
21,154
21,155
21,157
21,161
21,162
21,165
21,173
21,177
21,178
21,179
21,181
21,186
21,187
21,190
21,194
21,196
21,197
21,199
22,23
22,24
22,25
22,26
22,27
22,28
22,29
22,30
22,31
22,32
22,33
22,34
22,35
22,36
22,37
22,38
22,39
22,40
22,41
22,42
22,43
22,44
22,45
22,46
22,47
22,48
22,49
22,50
22,51
22,52
22,53
22,54
22,55
22,56
22,57
22,58
22,59
22,60
22,61
22,62
22,63
22,64
22,65
22,66
22,67
22,68
22,69
22,70
22,71
22,72
22,73
22,74
23,24
23,25
23,26
23,27
23,28
23,29
23,30
23,31
23,32
23,33
23,34
23,35
23,36
23,37
23,38
23,39
23,40
23,41
23,42
23,43
23,44
23,45
23,46
23,47
23,48
23,49
23,50
23,51
23,52
23,53
23,54
23,55
23,56
23,57
23,58
23,59
23,60
23,61
23,62
23,63
23,64
23,65
23,66
23,67
23,68
23,69
23,70
23,71
23,72
23,73
23,74
24,25
24,26
24,27
24,28
24,29
24,30
24,31
24,32
24,33
24,34
24,35
24,36
24,37
24,38
24,39
24,40
24,41
24,42
24,43
24,44
24,45
24,46
24,47
24,48
24,49
24,50
24,51
24,52
24,53
24,54
24,55
24,56
24,57
24,58
24,59
24,60
24,61
24,62
24,63
24,64
24,65
24,66
24,67
24,68
24,69
24,70
24,71
24,72
24,73
24,74
24,76
24,77
24,80
24,81
24,84
24,85
24,86
24,89
24,94
24,95
24,96
24,98
24,102
24,103
24,105
24,109
24,110
24,111
24,112
24,114
24,115
24,116
24,120
24,121
24,132
24,136
24,139
24,145
24,148
24,151
24,154
24,155
24,157
24,161
24,162
24,165
24,173
24,177
24,178
24,179
24,181
24,186
24,187
24,190
24,194
24,196
24,197
24,199
25,26
25,27
25,28
25,29
25,30
25,31
25,32
25,33
25,34
25,35
25,36
25,37
25,38
25,39
25,40
25,41
25,42
25,43
25,44
25,45
25,46
25,47
25,48
25,49
25,50
25,51
25,52
25,53
25,54
25,55
25,56
25,57
25,58
25,59
25,60
25,61
25,62
25,63
25,64
25,65
25,66
25,67
25,68
25,69
25,70
25,71
25,72
25,73
25,74
26,27
26,28
26,29
26,30
26,31
26,32
26,33
26,34
26,35
26,36
26,37
26,38
26,39
26,40
26,41
26,42
26,43
26,44
26,45
26,46
26,47
26,48
26,49
26,50
26,51
26,52
26,53
26,54
26,55
26,56
26,57
26,58
26,59
26,60
26,61
26,62
26,63
26,64
26,65
26,66
26,67
26,68
26,69
26,70
26,71
26,72
26,73
26,74
26,76
26,77
26,80
26,81
26,84
26,85
26,86
26,89
26,94
26,95
26,96
26,98
26,102
26,103
26,105
26,109
26,110
26,111
26,112
26,114
26,115
26,116
26,120
26,121
26,132
26,136
26,139
26,145
26,148
26,151
26,154
26,155
26,157
26,161
26,162
26,165
26,173
26,177
26,178
26,179
26,181
26,186
26,187
26,190
26,194
26,196
26,197
26,199
27,28
27,29
27,30
27,31
27,32
27,33
27,34
27,35
27,36
27,37
27,38
27,39
27,40
27,41
27,42
27,43
27,44
27,45
27,46
27,47
27,48
27,49
27,50
27,51
27,52
27,53
27,54
27,55
27,56
27,57
27,58
27,59
27,60
27,61
27,62
27,63
27,64
27,65
27,66
27,67
27,68
27,69
27,70
27,71
27,72
27,73
27,74
27,76
27,77
27,80
27,81
27,84
27,85
27,86
27,89
27,94
27,95
27,96
27,98
27,102
27,103
27,105
27,109
27,110
27,111
27,112
27,114
27,115
27,116
27,120
27,121
27,132
27,136
27,139
27,145
27,148
27,151
27,154
27,155
27,157
27,161
27,162
27,165
27,173
27,177
27,178
27,179
27,181
27,186
27,187
27,190
27,194
27,196
27,197
27,199
28,29
28,30
28,31
28,32
28,33
28,34
28,35
28,36
28,37
28,38
28,39
28,40
28,41
28,42
28,43
28,44
28,45
28,46
28,47
28,48
28,49
28,50
28,51
28,52
28,53
28,54
28,55
28,56
28,57
28,58
28,59
28,60
28,61
28,62
28,63
28,64
28,65
28,66
28,67
28,68
28,69
28,70
28,71
28,72
28,73
28,74
28,76
28,77
28,80
28,81
28,84
28,85
28,86
28,89
28,94
28,95
28,96
28,98
28,102
28,103
28,105
28,109
28,110
28,111
28,112
28,114
28,115
28,116
28,120
28,121
28,132
28,136
28,139
28,145
28,148
28,151
28,154
28,155
28,157
28,161
28,162
28,165
28,173
28,177
28,178
28,179
28,181
28,186
28,187
28,190
28,194
28,196
28,197
28,199
29,30
29,31
29,32
29,33
29,34
29,35
29,36
29,37
29,38
29,39
29,40
29,41
29,42
29,43
29,44
29,45
29,46
29,47
29,48
29,49
29,50
29,51
29,52
29,53
29,54
29,55
29,56
29,57
29,58
29,59
29,60
29,61
29,62
29,63
29,64
29,65
29,66
29,67
29,68
29,69
29,70
29,71
29,72
29,73
29,74
29,76
29,77
29,80
29,81
29,84
29,85
29,86
29,89
29,94
29,95
29,96
29,98
29,102
29,103
29,105
29,109
29,110
29,111
29,112
29,114
29,115
29,116
29,120
29,121
29,132
29,136
29,139
29,145
29,148
29,151
29,154
29,155
29,157
29,161
29,162
29,165
29,173
29,177
29,178
29,179
29,181
29,186
29,187
29,190
29,194
29,196
29,197
29,199
30,31
30,32
30,33
30,34
30,35
30,36
30,37
30,38
30,39
30,40
30,41
30,42
30,43
30,44
30,45
30,46
30,47
30,48
30,49
30,50
30,51
30,52
30,53
30,54
30,55
30,56
30,57
30,58
30,59
30,60
30,61
30,62
30,63
30,64
30,65
30,66
30,67
30,68
30,69
30,70
30,71
30,72
30,73
30,74
31,32
31,33
31,34
31,35
31,36
31,37
31,38
31,39
31,40
31,41
31,42
31,43
31,44
31,45
31,46
31,47
31,48
31,49
31,50
31,51
31,52
31,53
31,54
31,55
31,56
31,57
31,58
31,59
31,60
31,61
31,62
31,63
31,64
31,65
31,66
31,67
31,68
31,69
31,70
31,71
31,72
31,73
31,74
32,33
32,34
32,35
32,36
32,37
32,38
32,39
32,40
32,41
32,42
32,43
32,44
32,45
32,46
32,47
32,48
32,49
32,50
32,51
32,52
32,53
32,54
32,55
32,56
32,57
32,58
32,59
32,60
32,61
32,62
32,63
32,64
32,65
32,66
32,67
32,68
32,69
32,70
32,71
32,72
32,73
32,74
33,34
33,35
33,36
33,37
33,38
33,39
33,40
33,41
33,42
33,43
33,44
33,45
33,46
33,47
33,48
33,49
33,50
33,51
33,52
33,53
33,54
33,55
33,56
33,57
33,58
33,59
33,60
33,61
33,62
33,63
33,64
33,65
33,66
33,67
33,68
33,69
33,70
33,71
33,72
33,73
33,74
33,76
33,77
33,80
33,81
33,84
33,85
33,86
33,89
33,94
33,95
33,96
33,98
33,102
33,103
33,105
33,109
33,110
33,111
33,112
33,114
33,115
33,116
33,120
33,121
33,132
33,136
33,139
33,145
33,148
33,151
33,154
33,155
33,157
33,161
33,162
33,165
33,173
33,177
33,178
33,179
33,181
33,186
33,187
33,190
33,194
33,196
33,197
33,199
34,35
34,36
34,37
34,38
34,39
34,40
34,41
34,42
34,43
34,44
34,45
34,46
34,47
34,48
34,49
34,50
34,51
34,52
34,53
34,54
34,55
34,56
34,57
34,58
34,59
34,60
34,61
34,62
34,63
34,64
34,65
34,66
34,67
34,68
34,69
34,70
34,71
34,72
34,73
34,74
35,36
35,37
35,38
35,39
35,40
35,41
35,42
35,43
35,44
35,45
35,46
35,47
35,48
35,49
35,50
35,51
35,52
35,53
35,54
35,55
35,56
35,57
35,58
35,59
35,60
35,61
35,62
35,63
35,64
35,65
35,66
35,67
35,68
35,69
35,70
35,71
35,72
35,73
35,74
35,76
35,77
35,80
35,81
35,84
35,85
35,86
35,89
35,94
35,95
35,96
35,98
35,102
35,103
35,105
35,109
35,110
35,111
35,112
35,114
35,115
35,116
35,120
35,121
35,132
35,136
35,139
35,145
35,148
35,151
35,154
35,155
35,157
35,161
35,162
35,165
35,173
35,177
35,178
35,179
35,181
35,186
35,187
35,190
35,194
35,196
35,197
35,199
36,37
36,38
36,39
36,40
36,41
36,42
36,43
36,44
36,45
36,46
36,47
36,48
36,49
36,50
36,51
36,52
36,53
36,54
36,55
36,56
36,57
36,58
36,59
36,60
36,61
36,62
36,63
36,64
36,65
36,66
36,67
36,68
36,69
36,70
36,71
36,72
36,73
36,74
37,38
37,39
37,40
37,41
37,42
37,43
37,44
37,45
37,46
37,47
37,48
37,49
37,50
37,51
37,52
37,53
37,54
37,55
37,56
37,57
37,58
37,59
37,60
37,61
37,62
37,63
37,64
37,65
37,66
37,67
37,68
37,69
37,70
37,71
37,72
37,73
37,74
38,39
38,40
38,41
38,42
38,43
38,44
38,45
38,46
38,47
38,48
38,49
38,50
38,51
38,52
38,53
38,54
38,55
38,56
38,57
38,58
38,59
38,60
38,61
38,62
38,63
38,64
38,65
38,66
38,67
38,68
38,69
38,70
38,71
38,72
38,73
38,74
38,76
38,77
38,80
38,81
38,84
38,85
38,86
38,89
38,94
38,95
38,96
38,98
38,102
38,103
38,105
38,109
38,110
38,111
38,112
38,114
38,115
38,116
38,120
38,121
38,132
38,136
38,139
38,145
38,148
38,151
38,154
38,155
38,157
38,161
38,162
38,165
38,173
38,177
38,178
38,179
38,181
38,186
38,187
38,190
38,194
38,196
38,197
38,199
39,40
39,41
39,42
39,43
39,44
39,45
39,46
39,47
39,48
39,49
39,50
39,51
39,52
39,53
39,54
39,55
39,56
39,57
39,58
39,59
39,60
39,61
39,62
39,63
39,64
39,65
39,66
39,67
39,68
39,69
39,70
39,71
39,72
39,73
39,74
40,41
40,42
40,43
40,44
40,45
40,46
40,47
40,48
40,49
40,50
40,51
40,52
40,53
40,54
40,55
40,56
40,57
40,58
40,59
40,60
40,61
40,62
40,63
40,64
40,65
40,66
40,67
40,68
40,69
40,70
40,71
40,72
40,73
40,74
41,42
41,43
41,44
41,45
41,46
41,47
41,48
41,49
41,50
41,51
41,52
41,53
41,54
41,55
41,56
41,57
41,58
41,59
41,60
41,61
41,62
41,63
41,64
41,65
41,66
41,67
41,68
41,69
41,70
41,71
41,72
41,73
41,74
41,76
41,77
41,80
41,81
41,84
41,85
41,86
41,89
41,94
41,95
41,96
41,98
41,102
41,103
41,105
41,109
41,110
41,111
41,112
41,114
41,115
41,116
41,120
41,121
41,132
41,136
41,139
41,145
41,148
41,151
41,154
41,155
41,157
41,161
41,162
41,165
41,173
41,177
41,178
41,179
41,181
41,186
41,187
41,190
41,194
41,196
41,197
41,199
42,43
42,44
42,45
42,46
42,47
42,48
42,49
42,50
42,51
42,52
42,53
42,54
42,55
42,56
42,57
42,58
42,59
42,60
42,61
42,62
42,63
42,64
42,65
42,66
42,67
42,68
42,69
42,70
42,71
42,72
42,73
42,74
42,76
42,77
42,80
42,81
42,84
42,85
42,86
42,89
42,94
42,95
42,96
42,98
42,102
42,103
42,105
42,109
42,110
42,111
42,112
42,114
42,115
42,116
42,120
42,121
42,132
42,136
42,139
42,145
42,148
42,151
42,154
42,155
42,157
42,161
42,162
42,165
42,173
42,177
42,178
42,179
42,181
42,186
42,187
42,190
42,194
42,196
42,197
42,199
43,44
43,45
43,46
43,47
43,48
43,49
43,50
43,51
43,52
43,53
43,54
43,55
43,56
43,57
43,58
43,59
43,60
43,61
43,62
43,63
43,64
43,65
43,66
43,67
43,68
43,69
43,70
43,71
43,72
43,73
43,74
44,45
44,46
44,47
44,48
44,49
44,50
44,51
44,52
44,53
44,54
44,55
44,56
44,57
44,58
44,59
44,60
44,61
44,62
44,63
44,64
44,65
44,66
44,67
44,68
44,69
44,70
44,71
44,72
44,73
44,74
45,46
45,47
45,48
45,49
45,50
45,51
45,52
45,53
45,54
45,55
45,56
45,57
45,58
45,59
45,60
45,61
45,62
45,63
45,64
45,65
45,66
45,67
45,68
45,69
45,70
45,71
45,72
45,73
45,74
46,47
46,48
46,49
46,50
46,51
46,52
46,53
46,54
46,55
46,56
46,57
46,58
46,59
46,60
46,61
46,62
46,63
46,64
46,65
46,66
46,67
46,68
46,69
46,70
46,71
46,72
46,73
46,74
47,48
47,49
47,50
47,51
47,52
47,53
47,54
47,55
47,56
47,57
47,58
47,59
47,60
47,61
47,62
47,63
47,64
47,65
47,66
47,67
47,68
47,69
47,70
47,71
47,72
47,73
47,74
48,49
48,50
48,51
48,52
48,53
48,54
48,55
48,56
48,57
48,58
48,59
48,60
48,61
48,62
48,63
48,64
48,65
48,66
48,67
48,68
48,69
48,70
48,71
48,72
48,73
48,74
48,76
48,77
48,80
48,81
48,84
48,85
48,86
48,89
48,94
48,95
48,96
48,98
48,102
48,103
48,105
48,109
48,110
48,111
48,112
48,114
48,115
48,116
48,120
48,121
48,132
48,136
48,139
48,145
48,148
48,151
48,154
48,155
48,157
48,161
48,162
48,165
48,173
48,177
48,178
48,179
48,181
48,186
48,187
48,190
48,194
48,196
48,197
48,199
49,50
49,51
49,52
49,53
49,54
49,55
49,56
49,57
49,58
49,59
49,60
49,61
49,62
49,63
49,64
49,65
49,66
49,67
49,68
49,69
49,70
49,71
49,72
49,73
49,74
49,76
49,77
49,80
49,81
49,84
49,85
49,86
49,89
49,94
49,95
49,96
49,98
49,102
49,103
49,105
49,109
49,110
49,111
49,112
49,114
49,115
49,116
49,120
49,121
49,132
49,136
49,139
49,145
49,148
49,151
49,154
49,155
49,157
49,161
49,162
49,165
49,173
49,177
49,178
49,179
49,181
49,186
49,187
49,190
49,194
49,196
49,197
49,199
50,51
50,52
50,53
50,54
50,55
50,56
50,57
50,58
50,59
50,60
50,61
50,62
50,63
50,64
50,65
50,66
50,67
50,68
50,69
50,70
50,71
50,72
50,73
50,74
50,76
50,77
50,80
50,81
50,84
50,85
50,86
50,89
50,94
50,95
50,96
50,98
50,102
50,103
50,105
50,109
50,110
50,111
50,112
50,114
50,115
50,116
50,120
50,121
50,132
50,136
50,139
50,145
50,148
50,151
50,154
50,155
50,157
50,161
50,162
50,165
50,173
50,177
50,178
50,179
50,181
50,186
50,187
50,190
50,194
50,196
50,197
50,199
51,52
51,53
51,54
51,55
51,56
51,57
51,58
51,59
51,60
51,61
51,62
51,63
51,64
51,65
51,66
51,67
51,68
51,69
51,70
51,71
51,72
51,73
51,74
51,76
51,77
51,80
51,81
51,84
51,85
51,86
51,89
51,94
51,95
51,96
51,98
51,102
51,103
51,105
51,109
51,110
51,111
51,112
51,114
51,115
51,116
51,120
51,121
51,132
51,136
51,139
51,145
51,148
51,151
51,154
51,155
51,157
51,161
51,162
51,165
51,173
51,177
51,178
51,179
51,181
51,186
51,187
51,190
51,194
51,196
51,197
51,199
52,53
52,54
52,55
52,56
52,57
52,58
52,59
52,60
52,61
52,62
52,63
52,64
52,65
52,66
52,67
52,68
52,69
52,70
52,71
52,72
52,73
52,74
53,54
53,55
53,56
53,57
53,58
53,59
53,60
53,61
53,62
53,63
53,64
53,65
53,66
53,67
53,68
53,69
53,70
53,71
53,72
53,73
53,74
54,55
54,56
54,57
54,58
54,59
54,60
54,61
54,62
54,63
54,64
54,65
54,66
54,67
54,68
54,69
54,70
54,71
54,72
54,73
54,74
54,76
54,77
54,80
54,81
54,84
54,85
54,86
54,89
54,94
54,95
54,96
54,98
54,102
54,103
54,105
54,109
54,110
54,111
54,112
54,114
54,115
54,116
54,120
54,121
54,132
54,136
54,139
54,145
54,148
54,151
54,154
54,155
54,157
54,161
54,162
54,165
54,173
54,177
54,178
54,179
54,181
54,186
54,187
54,190
54,194
54,196
54,197
54,199
55,56
55,57
55,58
55,59
55,60
55,61
55,62
55,63
55,64
55,65
55,66
55,67
55,68
55,69
55,70
55,71
55,72
55,73
55,74
56,57
56,58
56,59
56,60
56,61
56,62
56,63
56,64
56,65
56,66
56,67
56,68
56,69
56,70
56,71
56,72
56,73
56,74
57,58
57,59
57,60
57,61
57,62
57,63
57,64
57,65
57,66
57,67
57,68
57,69
57,70
57,71
57,72
57,73
57,74
58,59
58,60
58,61
58,62
58,63
58,64
58,65
58,66
58,67
58,68
58,69
58,70
58,71
58,72
58,73
58,74
58,76
58,77
58,80
58,81
58,84
58,85
58,86
58,89
58,94
58,95
58,96
58,98
58,102
58,103
58,105
58,109
58,110
58,111
58,112
58,114
58,115
58,116
58,120
58,121
58,132
58,136
58,139
58,145
58,148
58,151
58,154
58,155
58,157
58,161
58,162
58,165
58,173
58,177
58,178
58,179
58,181
58,186
58,187
58,190
58,194
58,196
58,197
58,199
59,60
59,61
59,62
59,63
59,64
59,65
59,66
59,67
59,68
59,69
59,70
59,71
59,72
59,73
59,74
60,61
60,62
60,63
60,64
60,65
60,66
60,67
60,68
60,69
60,70
60,71
60,72
60,73
60,74
61,62
61,63
61,64
61,65
61,66
61,67
61,68
61,69
61,70
61,71
61,72
61,73
61,74
62,63
62,64
62,65
62,66
62,67
62,68
62,69
62,70
62,71
62,72
62,73
62,74
63,64
63,65
63,66
63,67
63,68
63,69
63,70
63,71
63,72
63,73
63,74
64,65
64,66
64,67
64,68
64,69
64,70
64,71
64,72
64,73
64,74
65,66
65,67
65,68
65,69
65,70
65,71
65,72
65,73
65,74
66,67
66,68
66,69
66,70
66,71
66,72
66,73
66,74
67,68
67,69
67,70
67,71
67,72
67,73
67,74
68,69
68,70
68,71
68,72
68,73
68,74
68,76
68,77
68,80
68,81
68,84
68,85
68,86
68,89
68,94
68,95
68,96
68,98
68,102
68,103
68,105
68,109
68,110
68,111
68,112
68,114
68,115
68,116
68,120
68,121
68,132
68,136
68,139
68,145
68,148
68,151
68,154
68,155
68,157
68,161
68,162
68,165
68,173
68,177
68,178
68,179
68,181
68,186
68,187
68,190
68,194
68,196
68,197
68,199
69,70
69,71
69,72
69,73
69,74
70,71
70,72
70,73
70,74
70,76
70,77
70,80
70,81
70,84
70,85
70,86
70,89
70,94
70,95
70,96
70,98
70,102
70,103
70,105
70,109
70,110
70,111
70,112
70,114
70,115
70,116
70,120
70,121
70,132
70,136
70,139
70,145
70,148
70,151
70,154
70,155
70,157
70,161
70,162
70,165
70,173
70,177
70,178
70,179
70,181
70,186
70,187
70,190
70,194
70,196
70,197
70,199
71,72
71,73
71,74
71,76
71,77
71,80
71,81
71,84
71,85
71,86
71,89
71,94
71,95
71,96
71,98
71,102
71,103
71,105
71,109
71,110
71,111
71,112
71,114
71,115
71,116
71,120
71,121
71,132
71,136
71,139
71,145
71,148
71,151
71,154
71,155
71,157
71,161
71,162
71,165
71,173
71,177
71,178
71,179
71,181
71,186
71,187
71,190
71,194
71,196
71,197
71,199
72,73
72,74
72,76
72,77
72,80
72,81
72,84
72,85
72,86
72,89
72,94
72,95
72,96
72,98
72,102
72,103
72,105
72,109
72,110
72,111
72,112
72,114
72,115
72,116
72,120
72,121
72,132
72,136
72,139
72,145
72,148
72,151
72,154
72,155
72,157
72,161
72,162
72,165
72,173
72,177
72,178
72,179
72,181
72,186
72,187
72,190
72,194
72,196
72,197
72,199
73,74
76,77
76,80
76,81
76,84
76,85
76,86
76,89
76,94
76,95
76,96
76,98
76,102
76,103
76,105
76,109
76,110
76,111
76,112
76,114
76,115
76,116
76,120
76,121
76,132
76,136
76,139
76,145
76,148
76,151
76,154
76,155
76,157
76,161
76,162
76,165
76,173
76,177
76,178
76,179
76,181
76,186
76,187
76,190
76,194
76,196
76,197
76,199
77,80
77,81
77,84
77,85
77,86
77,89
77,94
77,95
77,96
77,98
77,102
77,103
77,105
77,109
77,110
77,111
77,112
77,114
77,115
77,116
77,120
77,121
77,132
77,136
77,139
77,145
77,148
77,151
77,154
77,155
77,157
77,161
77,162
77,165
77,173
77,177
77,178
77,179
77,181
77,186
77,187
77,190
77,194
77,196
77,197
77,199
80,81
80,84
80,85
80,86
80,89
80,94
80,95
80,96
80,98
80,102
80,103
80,105
80,109
80,110
80,111
80,112
80,114
80,115
80,116
80,120
80,121
80,132
80,136
80,139
80,145
80,148
80,151
80,154
80,155
80,157
80,161
80,162
80,165
80,173
80,177
80,178
80,179
80,181
80,186
80,187
80,190
80,194
80,196
80,197
80,199
81,84
81,85
81,86
81,89
81,94
81,95
81,96
81,98
81,102
81,103
81,105
81,109
81,110
81,111
81,112
81,114
81,115
81,116
81,120
81,121
81,132
81,136
81,139
81,145
81,148
81,151
81,154
81,155
81,157
81,161
81,162
81,165
81,173
81,177
81,178
81,179
81,181
81,186
81,187
81,190
81,194
81,196
81,197
81,199
84,85
84,86
84,89
84,94
84,95
84,96
84,98
84,102
84,103
84,105
84,109
84,110
84,111
84,112
84,114
84,115
84,116
84,120
84,121
84,132
84,136
84,139
84,145
84,148
84,151
84,154
84,155
84,157
84,161
84,162
84,165
84,173
84,177
84,178
84,179
84,181
84,186
84,187
84,190
84,194
84,196
84,197
84,199
85,86
85,89
85,94
85,95
85,96
85,98
85,102
85,103
85,105
85,109
85,110
85,111
85,112
85,114
85,115
85,116
85,120
85,121
85,132
85,136
85,139
85,145
85,148
85,151
85,154
85,155
85,157
85,161
85,162
85,165
85,173
85,177
85,178
85,179
85,181
85,186
85,187
85,190
85,194
85,196
85,197
85,199
86,89
86,94
86,95
86,96
86,98
86,102
86,103
86,105
86,109
86,110
86,111
86,112
86,114
86,115
86,116
86,120
86,121
86,132
86,136
86,139
86,145
86,148
86,151
86,154
86,155
86,157
86,161
86,162
86,165
86,173
86,177
86,178
86,179
86,181
86,186
86,187
86,190
86,194
86,196
86,197
86,199
89,94
89,95
89,96
89,98
89,102
89,103
89,105
89,109
89,110
89,111
89,112
89,114
89,115
89,116
89,120
89,121
89,132
89,136
89,139
89,145
89,148
89,151
89,154
89,155
89,157
89,161
89,162
89,165
89,173
89,177
89,178
89,179
89,181
89,186
89,187
89,190
89,194
89,196
89,197
89,199
94,95
94,96
94,98
94,102
94,103
94,105
94,109
94,110
94,111
94,112
94,114
94,115
94,116
94,120
94,121
94,132
94,136
94,139
94,145
94,148
94,151
94,154
94,155
94,157
94,161
94,162
94,165
94,173
94,177
94,178
94,179
94,181
94,186
94,187
94,190
94,194
94,196
94,197
94,199
95,96
95,98
95,102
95,103
95,105
95,109
95,110
95,111
95,112
95,114
95,115
95,116
95,120
95,121
95,132
95,136
95,139
95,145
95,148
95,151
95,154
95,155
95,157
95,161
95,162
95,165
95,173
95,177
95,178
95,179
95,181
95,186
95,187
95,190
95,194
95,196
95,197
95,199
96,98
96,102
96,103
96,105
96,109
96,110
96,111
96,112
96,114
96,115
96,116
96,120
96,121
96,132
96,136
96,139
96,145
96,148
96,151
96,154
96,155
96,157
96,161
96,162
96,165
96,173
96,177
96,178
96,179
96,181
96,186
96,187
96,190
96,194
96,196
96,197
96,199
98,102
98,103
98,105
98,109
98,110
98,111
98,112
98,114
98,115
98,116
98,120
98,121
98,132
98,136
98,139
98,145
98,148
98,151
98,154
98,155
98,157
98,161
98,162
98,165
98,173
98,177
98,178
98,179
98,181
98,186
98,187
98,190
98,194
98,196
98,197
98,199
102,103
102,105
102,109
102,110
102,111
102,112
102,114
102,115
102,116
102,120
102,121
102,132
102,136
102,139
102,145
102,148
102,151
102,154
102,155
102,157
102,161
102,162
102,165
102,173
102,177
102,178
102,179
102,181
102,186
102,187
102,190
102,194
102,196
102,197
102,199
103,105
103,109
103,110
103,111
103,112
103,114
103,115
103,116
103,120
103,121
103,132
103,136
103,139
103,145
103,148
103,151
103,154
103,155
103,157
103,161
103,162
103,165
103,173
103,177
103,178
103,179
103,181
103,186
103,187
103,190
103,194
103,196
103,197
103,199
105,109
105,110
105,111
105,112
105,114
105,115
105,116
105,120
105,121
105,132
105,136
105,139
105,145
105,148
105,151
105,154
105,155
105,157
105,161
105,162
105,165
105,173
105,177
105,178
105,179
105,181
105,186
105,187
105,190
105,194
105,196
105,197
105,199
108,168
108,172
109,110
109,111
109,112
109,114
109,115
109,116
109,118
109,119
109,120
109,121
109,123
109,124
109,125
109,126
109,128
109,129
109,132
109,136
109,139
109,145
109,148
109,151
109,154
109,155
109,157
109,161
109,162
109,165
109,173
109,177
109,178
109,179
109,181
109,186
109,187
109,190
109,194
109,196
109,197
109,199
110,111
110,112
110,114
110,115
110,116
110,117
110,118
110,119
110,120
110,121
110,122
110,123
110,124
110,126
110,127
110,128
110,131
110,132
110,136
110,138
110,139
110,141
110,142
110,144
110,145
110,148
110,151
110,154
110,155
110,157
110,161
110,162
110,165
110,173
110,177
110,178
110,179
110,181
110,186
110,187
110,190
110,194
110,196
110,197
110,199
111,112
111,114
111,115
111,116
111,118
111,119
111,120
111,121
111,122
111,123
111,124
111,125
111,126
111,127
111,128
111,129
111,130
111,131
111,132
111,136
111,137
111,138
111,139
111,143
111,145
111,147
111,148
111,151
111,154
111,155
111,157
111,158
111,161
111,162
111,163
111,164
111,165
111,170
111,173
111,175
111,177
111,178
111,179
111,181
111,186
111,187
111,190
111,191
111,192
111,194
111,196
111,197
111,199
112,114
112,115
112,116
112,120
112,121
112,122
112,124
112,125
112,127
112,132
112,136
112,138
112,139
112,140
112,142
112,143
112,144
112,145
112,147
112,148
112,151
112,153
112,154
112,155
112,157
112,161
112,162
112,164
112,165
112,166
112,168
112,169
112,170
112,172
112,173
112,175
112,176
112,177
112,178
112,179
112,181
112,186
112,187
112,190
112,192
112,194
112,196
112,197
112,199
113,115
113,116
113,118
113,119
113,122
113,123
113,124
113,126
113,127
113,128
113,129
113,130
113,131
113,133
113,134
113,137
113,140
113,143
113,147
113,158
113,159
113,160
113,164
113,169
113,170
113,171
113,175
113,176
113,180
113,191
113,192
113,193
113,195
114,115
114,116
114,120
114,121
114,123
114,124
114,125
114,126
114,128
114,129
114,130
114,132
114,136
114,138
114,139
114,142
114,143
114,144
114,145
114,147
114,148
114,151
114,152
114,154
114,155
114,157
114,160
114,161
114,162
114,164
114,165
114,166
114,168
114,173
114,174
114,177
114,178
114,179
114,181
114,186
114,187
114,190
114,193
114,194
114,195
114,196
114,197
114,199
115,116
115,119
115,120
115,121
115,124
115,125
115,126
115,128
115,130
115,132
115,133
115,134
115,136
115,137
115,138
115,139
115,140
115,142
115,143
115,144
115,145
115,148
115,151
115,154
115,155
115,157
115,161
115,162
115,165
115,170
115,171
115,173
115,176
115,177
115,178
115,179
115,181
115,186
115,187
115,190
115,194
115,196
115,197
115,199
116,117
116,118
116,119
116,120
116,121
116,122
116,123
116,124
116,126
116,127
116,128
116,130
116,131
116,132
116,134
116,135
116,136
116,137
116,138
116,139
116,140
116,141
116,142
116,143
116,144
116,145
116,147
116,148
116,151
116,153
116,154
116,155
116,157
116,159
116,161
116,162
116,163
116,164
116,165
116,166
116,170
116,171
116,173
116,175
116,176
116,177
116,178
116,179
116,181
116,186
116,187
116,190
116,194
116,196
116,197
116,199
117,119
117,121
117,123
117,124
117,125
117,126
117,127
117,128
117,129
117,130
117,133
117,134
117,136
117,137
117,138
117,141
117,142
117,143
117,144
117,147
117,149
117,152
117,153
117,158
117,159
117,160
117,163
117,164
117,166
117,168
117,169
117,172
117,174
117,175
117,176
117,184
117,191
117,192
118,120
118,121
118,123
118,124
118,125
118,126
118,127
118,128
118,130
118,131
118,133
118,134
118,135
118,137
118,140
118,142
118,143
118,144
118,147
118,149
118,152
118,153
119,120
119,127
119,128
119,130
119,133
119,134
119,137
119,147
119,149
119,151
119,158
119,159
119,160
119,166
119,168
119,169
119,171
120,121
120,123
120,125
120,127
120,129
120,130
120,132
120,136
120,139
120,145
120,148
120,151
120,154
120,155
120,157
120,161
120,162
120,165
120,173
120,177
120,178
120,179
120,181
120,186
120,187
120,190
120,194
120,196
120,197
120,199
121,123
121,124
121,127
121,128
121,129
121,130
121,131
121,132
121,133
121,134
121,135
121,136
121,139
121,140
121,141
121,142
121,144
121,145
121,148
121,151
121,154
121,155
121,157
121,159
121,161
121,162
121,163
121,164
121,165
121,166
121,169
121,170
121,171
121,172
121,173
121,175
121,177
121,178
121,179
121,180
121,181
121,183
121,186
121,187
121,190
121,194
121,196
121,197
121,199
122,124
122,125
122,128
123,124
123,125
123,126
123,128
123,129
123,130
123,134
123,135
123,136
123,137
124,126
124,128
124,129
124,130
124,131
124,132
124,133
124,136
124,137
124,138
125,127
125,128
125,129
125,130
125,131
125,132
125,133
125,134
125,135
125,136
125,137
125,138
125,144
125,146
125,147
125,148
125,152
125,153
125,163
125,171
125,175
125,180
126,128
126,129
126,130
126,132
126,133
126,135
126,136
126,137
126,138
126,147
126,148
126,152
126,153
127,128
127,129
127,130
127,131
128,132
128,136
128,140
128,143
128,145
128,146
128,147
128,148
128,149
128,152
128,164
128,167
128,172
129,130
129,131
129,132
129,133
129,134
129,135
129,136
129,137
129,138
129,140
129,142
129,143
129,144
129,145
129,147
129,148
129,149
129,152
129,160
129,164
129,166
129,167
129,168
129,170
129,172
129,174
129,183
130,131
130,133
130,134
130,135
130,140
130,142
130,143
130,144
130,147
130,148
130,149
130,150
130,152
130,154
130,155
130,160
130,163
130,164
130,165
131,132
131,133
131,135
131,137
131,138
131,139
131,140
131,142
131,144
131,146
131,147
131,154
131,155
131,156
131,158
131,159
131,160
131,163
131,168
131,169
131,170
131,175
131,180
131,191
131,193
132,133
132,134
132,136
132,137
132,138
132,139
132,140
132,141
132,142
132,143
132,144
132,145
132,146
132,147
132,148
132,150
132,151
132,154
132,155
132,156
132,157
132,158
132,159
132,160
132,161
132,162
132,165
132,166
132,167
132,168
132,170
132,171
132,172
132,173
132,175
132,177
132,178
132,179
132,181
132,183
132,186
132,187
132,190
132,191
132,194
132,196
132,197
132,199
133,142
133,143
133,144
133,145
133,146
133,148
133,149
133,150
133,152
133,155
133,156
133,158
133,159
133,163
133,166
133,167
133,168
133,169
133,171
133,172
133,175
133,180
133,182
133,183
133,184
133,191
133,193
134,135
134,136
135,137
135,142
135,143
135,144
135,145
135,146
135,147
135,148
135,149
135,152
135,153
135,155
136,137
136,139
136,141
136,142
136,144
136,145
136,148
136,151
136,154
136,155
136,157
136,161
136,162
136,165
136,173
136,177
136,178
136,179
136,181
136,186
136,187
136,190
136,194
136,196
136,197
136,199
137,138
137,139
137,140
137,141
137,142
137,143
137,144
137,146
137,147
137,150
137,151
137,158
137,164
137,165
137,168
137,169
137,176
137,182
137,183
137,191
138,140
139,143
139,144
139,145
139,147
139,148
139,149
139,150
139,151
139,154
139,155
139,157
139,161
139,162
139,165
139,173
139,177
139,178
139,179
139,180
139,181
139,186
139,187
139,190
139,194
139,196
139,197
139,199
140,142
140,143
140,144
140,146
140,147
140,148
140,149
140,151
140,153
140,155
140,166
140,169
140,170
140,172
140,175
140,176
140,180
140,184
140,191
141,142
141,144
141,145
141,146
141,147
141,148
141,149
141,151
141,155
141,158
141,160
142,143
142,144
142,146
142,148
142,149
142,150
142,151
142,152
142,153
142,154
142,155
142,156
142,158
142,163
142,164
142,165
142,168
142,169
142,172
142,174
142,175
142,177
142,180
142,184
143,144
143,147
143,148
143,149
143,151
143,152
143,153
143,154
143,156
143,158
143,163
143,164
143,165
143,166
143,167
143,168
143,169
143,171
143,174
143,175
143,176
143,180
144,145
144,146
144,147
144,149
144,150
144,151
144,152
144,153
144,154
144,155
144,156
144,159
144,160
144,163
144,164
144,165
144,166
144,167
144,169
144,170
144,171
144,172
144,174
144,175
144,177
144,178
144,180
144,183
145,147
145,148
145,150
145,151
145,152
145,153
145,154
145,155
145,156
145,157
145,158
145,159
145,160
145,161
145,162
145,163
145,165
145,166
145,167
145,168
145,170
145,171
145,172
145,173
145,174
145,175
145,176
145,177
145,178
145,179
145,181
145,183
145,184
145,186
145,187
145,190
145,191
145,193
145,194
145,196
145,197
145,199
146,149
146,150
146,152
146,153
146,154
146,156
146,159
146,160
146,164
146,165
146,166
146,167
146,169
146,170
146,171
146,174
146,176
146,177
146,178
146,180
146,182
146,184
146,186
146,188
147,148
147,150
147,151
147,152
147,154
147,156
147,160
147,163
147,164
147,165
147,167
147,168
147,170
147,171
147,174
147,175
147,176
147,177
147,178
147,179
147,180
147,182
147,183
148,150
148,151
148,154
148,155
148,157
148,161
148,162
148,165
148,173
148,177
148,178
148,179
148,181
148,186
148,187
148,190
148,194
148,196
148,197
148,199
149,151
149,154
149,157
149,159
149,160
149,165
149,166
149,167
149,168
149,170
149,171
149,174
149,175
149,176
150,152
150,153
150,154
150,156
150,157
150,158
150,159
150,161
151,154
151,155
151,157
151,158
151,161
151,162
151,163
151,165
151,167
151,168
151,169
151,170
151,171
151,172
151,173
151,174
151,175
151,177
151,178
151,179
151,181
151,186
151,187
151,190
151,194
151,196
151,197
151,199
152,154
152,155
152,157
152,158
152,159
152,160
152,161
153,154
153,155
153,157
153,158
153,159
153,160
153,161
153,167
153,168
153,172
153,175
153,176
153,180
153,183
153,188
153,191
153,195
154,155
154,157
154,158
154,159
154,161
154,162
154,165
154,173
154,177
154,178
154,179
154,181
154,186
154,187
154,190
154,194
154,196
154,197
154,199
155,157
155,159
155,161
155,162
155,163
155,164
155,165
155,167
155,168
155,170
155,172
155,173
155,174
155,175
155,176
155,177
155,178
155,179
155,181
155,184
155,185
155,186
155,187
155,188
155,190
155,193
155,194
155,196
155,197
155,199
156,157
157,159
157,160
157,161
157,162
157,164
157,165
157,166
157,167
157,172
157,173
157,174
157,177
157,178
157,179
157,181
157,184
157,186
157,187
157,188
157,189
157,190
157,191
157,194
157,196
157,197
157,199
158,159
158,161
158,163
158,169
158,170
158,171
158,172
158,174
158,175
158,184
158,185
158,188
158,191
159,163
159,164
159,165
159,167
159,168
159,170
159,171
159,172
159,174
159,175
160,161
160,163
160,165
160,166
160,168
160,169
160,170
160,171
160,172
160,176
160,177
160,180
160,182
160,183
160,184
160,185
160,191
160,192
160,195
161,162
161,163
161,164
161,165
161,173
161,177
161,178
161,179
161,181
161,186
161,187
161,190
161,194
161,196
161,197
161,199
162,165
162,166
162,168
162,169
162,173
162,176
162,177
162,178
162,179
162,181
162,184
162,185
162,186
162,187
162,190
162,191
162,192
162,193
162,194
162,196
162,197
162,199
163,165
164,165
164,167
164,169
164,170
164,171
164,172
164,175
164,176
164,177
164,178
164,180
164,182
164,183
164,185
164,186
164,188
164,193
165,166
165,167
165,168
165,169
165,170
165,172
165,173
165,177
165,178
165,179
165,181
165,183
165,184
165,185
165,186
165,187
165,190
165,191
165,194
165,196
165,197
165,199
166,169
167,169
167,170
168,170
168,172
168,175
168,177
168,178
168,179
168,180
168,182
168,183
168,184
168,193
169,170
169,171
169,172
169,177
169,179
169,182
169,185
170,171
170,172
170,174
170,175
170,179
170,182
170,183
170,185
170,188
170,192
170,195
171,172
171,173
171,174
171,177
171,178
171,179
171,181
171,184
171,185
171,188
171,195
171,198
172,173
173,174
173,175
173,177
173,178
173,179
173,181
173,182
173,184
173,186
173,187
173,190
173,192
173,194
173,196
173,197
173,199
174,176
174,177
174,180
174,181
174,184
174,191
174,193
174,198
175,177
175,179
175,180
175,181
175,182
175,183
175,184
175,185
175,192
175,193
176,177
176,178
176,179
177,178
177,179
177,181
177,185
177,186
177,187
177,190
177,192
177,193
177,194
177,195
177,196
177,197
177,198
177,199
178,179
178,180
178,181
178,183
178,184
178,185
178,186
178,187
178,188
178,190
178,191
178,192
178,193
178,194
178,195
178,196
178,197
178,198
178,199
179,180
179,181
179,183
179,186
179,187
179,188
179,190
179,191
179,192
179,193
179,194
179,196
179,197
179,199
180,189
180,192
180,193
180,195
180,198
181,183
181,186
181,187
181,190
181,191
181,192
181,193
181,194
181,195
181,196
181,197
181,198
181,199
183,184
183,185
183,188
183,189
183,191
183,192
183,193
183,198
185,188
185,191
185,192
186,187
186,190
186,194
186,196
186,197
186,199
187,190
187,192
187,193
187,194
187,195
187,196
187,197
187,198
187,199
188,191
188,193
188,198
189,190
189,198
190,194
190,196
190,197
190,198
190,199
191,193
192,193
192,198
193,195
193,198
194,196
194,197
194,199
195,198
196,197
196,199
197,199
