0,1
0,2
0,3
0,4
0,5
0,6
0,7
0,8
0,9
0,10
0,11
0,12
0,13
0,14
0,15
0,16
0,17
0,18
0,19
0,20
0,21
0,22
0,23
0,24
0,25
0,26
0,27
0,28
0,29
0,30
0,31
0,32
0,33
0,34
0,35
0,36
0,37
0,38
0,39
0,40
0,41
1,2
1,3
1,4
1,5
1,6
1,7
1,8
1,9
1,10
1,11
1,12
1,13
1,14
1,15
1,16
1,17
1,18
1,19
1,20
1,21
1,22
1,23
1,24
1,25
1,26
1,27
1,28
1,29
1,30
1,31
1,32
1,33
1,34
1,35
1,36
1,37
1,38
1,39
1,40
1,41
1,45
1,47
1,53
1,60
1,67
1,74
1,75
1,79
1,81
1,85
1,89
1,96
1,109
1,120
1,127
1,129
1,130
1,137
1,139
1,145
1,148
1,150
1,161
1,165
1,168
1,172
1,179
1,180
1,182
1,184
1,190
1,192
1,195
1,197
1,198
2,3
2,4
2,5
2,6
2,7
2,8
2,9
2,10
2,11
2,12
2,13
2,14
2,15
2,16
2,17
2,18
2,19
2,20
2,21
2,22
2,23
2,24
2,25
2,26
2,27
2,28
2,29
2,30
2,31
2,32
2,33
2,34
2,35
2,36
2,37
2,38
2,39
2,40
2,45
2,47
2,53
2,60
2,67
2,74
2,75
2,79
2,81
2,85
2,89
2,96
2,109
2,120
2,127
2,129
2,130
2,137
2,139
2,145
2,148
2,150
2,161
2,165
2,168
2,172
2,179
2,180
2,182
2,184
2,190
2,192
2,195
2,197
2,198
3,4
3,5
3,6
3,7
3,8
3,9
3,10
3,11
3,12
3,13
3,14
3,15
3,16
3,17
3,18
3,19
3,20
3,21
3,22
3,23
3,24
3,25
3,26
3,27
3,28
3,29
3,30
3,31
3,32
3,33
3,34
3,35
3,36
3,37
3,38
3,39
3,40
3,41
4,5
4,6
4,7
4,8
4,9
4,10
4,11
4,12
4,13
4,14
4,15
4,16
4,17
4,18
4,19
4,20
4,21
4,22
4,23
4,24
4,25
4,26
4,27
4,28
4,29
4,30
4,31
4,32
4,33
4,34
4,35
4,36
4,37
4,38
4,39
4,40
4,41
5,6
5,7
5,8
5,9
5,10
5,11
5,12
5,13
5,14
5,15
5,16
5,17
5,18
5,19
5,20
5,21
5,22
5,23
5,24
5,25
5,26
5,27
5,28
5,29
5,30
5,31
5,32
5,33
5,34
5,35
5,36
5,37
5,38
5,39
5,40
5,41
5,45
5,47
5,53
5,60
5,67
5,74
5,75
5,79
5,81
5,85
5,89
5,96
5,109
5,120
5,127
5,129
5,130
5,137
5,139
5,145
5,148
5,150
5,161
5,165
5,168
5,172
5,179
5,180
5,182
5,184
5,190
5,192
5,195
5,197
5,198
6,7
6,8
6,9
6,10
6,11
6,12
6,13
6,14
6,15
6,16
6,17
6,18
6,19
6,20
6,21
6,22
6,23
6,24
6,25
6,26
6,27
6,28
6,29
6,30
6,31
6,32
6,33
6,34
6,35
6,36
6,37
6,38
6,39
6,40
6,41
7,8
7,9
7,10
7,11
7,12
7,13
7,14
7,15
7,16
7,17
7,18
7,19
7,20
7,21
7,22
7,23
7,24
7,25
7,26
7,27
7,28
7,29
7,30
7,31
7,32
7,33
7,34
7,35
7,36
7,37
7,38
7,39
7,40
7,41
8,9
8,10
8,11
8,12
8,13
8,14
8,15
8,16
8,17
8,18
8,19
8,20
8,21
8,22
8,23
8,24
8,25
8,26
8,27
8,28
8,29
8,30
8,31
8,32
8,33
8,34
8,35
8,36
8,37
8,38
8,39
8,40
8,41
9,10
9,11
9,12
9,13
9,14
9,15
9,16
9,17
9,18
9,19
9,20
9,21
9,22
9,23
9,24
9,25
9,26
9,27
9,28
9,29
9,30
9,31
9,32
9,33
9,34
9,35
9,36
9,37
9,38
9,39
9,40
9,41
10,11
10,12
10,13
10,14
10,15
10,16
10,17
10,18
10,19
10,20
10,21
10,22
10,23
10,24
10,25
10,26
10,27
10,28
10,29
10,30
10,31
10,32
10,33
10,34
10,35
10,36
10,37
10,38
10,39
10,40
10,41
10,45
10,47
10,53
10,60
10,67
10,74
10,75
10,79
10,81
10,85
10,89
10,96
10,109
10,120
10,127
10,129
10,130
10,137
10,139
10,145
10,148
10,150
10,161
10,165
10,168
10,172
10,179
10,180
10,182
10,184
10,190
10,192
10,195
10,197
10,198
11,12
11,13
11,14
11,15
11,16
11,17
11,18
11,19
11,20
11,21
11,22
11,23
11,24
11,25
11,26
11,27
11,28
11,29
11,30
11,31
11,32
11,33
11,34
11,35
11,36
11,37
11,38
11,39
11,40
11,41
11,45
11,47
11,53
11,60
11,67
11,74
11,75
11,79
11,81
11,85
11,89
11,96
11,109
11,120
11,127
11,129
11,130
11,137
11,139
11,145
11,148
11,150
11,161
11,165
11,168
11,172
11,179
11,180
11,182
11,184
11,190
11,192
11,195
11,197
11,198
12,13
12,14
12,15
12,16
12,17
12,18
12,19
12,20
12,21
12,22
12,23
12,24
12,25
12,26
12,27
12,28
12,29
12,30
12,31
12,32
12,33
12,34
12,35
12,36
12,37
12,38
12,39
12,40
12,41
13,14
13,15
13,16
13,17
13,18
13,19
13,20
13,21
13,22
13,23
13,24
13,25
13,26
13,27
13,28
13,29
13,30
13,31
13,32
13,33
13,34
13,35
13,36
13,37
13,38
13,39
13,40
13,41
14,15
14,16
14,17
14,18
14,19
14,20
14,21
14,22
14,23
14,24
14,25
14,26
14,27
14,28
14,29
14,30
14,31
14,32
14,33
14,34
14,35
14,36
14,37
14,38
14,39
14,40
14,41
15,16
15,17
15,18
15,19
15,20
15,21
15,22
15,23
15,24
15,25
15,26
15,27
15,28
15,29
15,30
15,31
15,32
15,33
15,34
15,35
15,36
15,37
15,38
15,39
15,40
15,41
16,17
16,18
16,19
16,20
16,21
16,22
16,23
16,24
16,25
16,26
16,27
16,28
16,29
16,30
16,31
16,32
16,33
16,34
16,35
16,36
16,37
16,38
16,39
16,40
16,41
17,18
17,19
17,20
17,21
17,22
17,23
17,24
17,25
17,26
17,27
17,28
17,29
17,30
17,31
17,32
17,33
17,34
17,35
17,36
17,37
17,38
17,39
17,40
17,41
18,19
18,20
18,21
18,22
18,23
18,24
18,25
18,26
18,27
18,28
18,29
18,30
18,31
18,32
18,33
18,34
18,35
18,36
18,37
18,38
18,39
18,40
18,41
19,20
19,21
19,22
19,23
19,24
19,25
19,26
19,27
19,28
19,29
19,30
19,31
19,32
19,33
19,34
19,35
19,36
19,37
19,38
19,39
19,40
19,41
20,21
20,22
20,23
20,24
20,25
20,26
20,27
20,28
20,29
20,30
20,31
20,32
20,33
20,34
20,35
20,36
20,37
20,38
20,39
20,40
20,41
21,22
21,23
21,24
21,25
21,26
21,27
21,28
21,29
21,30
21,31
21,32
21,33
21,34
21,35
21,36
21,37
21,38
21,39
21,40
21,41
22,23
22,24
22,25
22,26
22,27
22,28
22,29
22,30
22,31
22,32
22,33
22,34
22,35
22,36
22,37
22,38
22,39
22,40
22,41
23,24
23,25
23,26
23,27
23,28
23,29
23,30
23,31
23,32
23,33
23,34
23,35
23,36
23,37
23,38
23,39
23,40
23,41
23,45
23,47
23,53
23,60
23,67
23,74
23,75
23,79
23,81
23,85
23,89
23,96
23,109
23,120
23,127
23,129
23,130
23,137
23,139
23,145
23,148
23,150
23,161
23,165
23,168
23,172
23,179
23,180
23,182
23,184
23,190
23,192
23,195
23,197
23,198
24,25
24,26
24,27
24,28
24,29
24,30
24,31
24,32
24,33
24,34
24,35
24,36
24,37
24,38
24,39
24,40
24,41
25,26
25,27
25,28
25,29
25,30
25,31
25,32
25,33
25,34
25,35
25,36
25,37
25,38
25,39
25,40
25,41
26,27
26,28
26,29
26,30
26,31
26,32
26,33
26,34
26,35
26,36
26,37
26,38
26,39
26,40
26,41
27,28
27,29
27,30
27,31
27,32
27,33
27,34
27,35
27,36
27,37
27,38
27,39
27,40
27,41
28,29
28,30
28,31
28,32
28,33
28,34
28,35
28,36
28,37
28,38
28,39
28,40
28,41
29,30
29,31
29,32
29,33
29,34
29,35
29,36
29,37
29,38
29,39
29,40
29,41
30,31
30,32
30,33
30,34
30,35
30,36
30,37
30,38
30,39
30,40
30,41
31,32
31,33
31,34
31,35
31,36
31,37
31,38
31,39
31,40
31,41
32,33
32,34
32,35
32,36
32,37
32,38
32,39
32,40
32,41
33,34
33,35
33,36
33,37
33,38
33,39
33,40
33,41
34,35
34,36
34,37
34,38
34,39
34,40
34,41
35,36
35,37
35,38
35,39
35,40
35,41
36,37
36,38
36,39
36,40
36,41
37,38
37,39
37,40
37,41
38,39
38,40
38,41
39,40
39,41
40,41
40,45
40,47
40,53
40,60
40,67
40,74
40,75
40,79
40,81
40,85
40,89
40,96
40,109
40,120
40,127
40,129
40,130
40,137
40,139
40,145
40,148
40,150
40,161
40,165
40,168
40,172
40,179
40,180
40,182
40,184
40,190
40,192
40,195
40,197
40,198
45,47
45,53
45,60
45,67
45,74
45,75
45,79
45,81
45,85
45,89
45,96
45,109
45,120
45,127
45,129
45,130
45,137
45,139
45,145
45,148
45,150
45,161
45,165
45,168
45,172
45,179
45,180
45,182
45,184
45,190
45,192
45,195
45,197
45,198
47,53
47,60
47,67
47,74
47,75
47,79
47,81
47,85
47,89
47,96
47,109
47,120
47,127
47,129
47,130
47,137
47,139
47,145
47,148
47,150
47,161
47,165
47,168
47,172
47,179
47,180
47,182
47,184
47,190
47,192
47,195
47,197
47,198
53,60
53,67
53,74
53,75
53,79
53,81
53,85
53,89
53,96
53,109
53,120
53,127
53,129
53,130
53,137
53,139
53,145
53,148
53,150
53,161
53,165
53,168
53,172
53,179
53,180
53,182
53,184
53,190
53,192
53,195
53,197
53,198
60,67
60,74
60,75
60,79
60,81
60,85
60,89
60,96
60,109
60,120
60,127
60,129
60,130
60,137
60,139
60,145
60,148
60,150
60,161
60,165
60,168
60,172
60,179
60,180
60,182
60,184
60,190
60,192
60,195
60,197
60,198
67,74
67,75
67,79
67,81
67,85
67,89
67,96
67,109
67,120
67,127
67,129
67,130
67,137
67,139
67,145
67,148
67,150
67,161
67,165
67,168
67,172
67,179
67,180
67,182
67,184
67,190
67,192
67,195
67,197
67,198
73,76
73,77
73,79
73,80
73,81
73,84
73,85
73,87
73,88
73,89
73,96
73,97
73,102
73,105
73,107
73,108
73,109
73,115
73,125
73,126
74,75
74,79
74,81
74,84
74,85
74,87
74,88
74,89
74,90
74,91
74,92
74,93
74,96
74,97
74,102
74,104
74,106
74,107
74,108
74,109
74,111
74,115
74,120
74,121
74,125
74,126
74,127
74,129
74,130
74,135
74,137
74,139
74,141
74,145
74,148
74,150
74,161
74,165
74,168
74,172
74,179
74,180
74,182
74,184
74,190
74,192
74,195
74,197
74,198
75,76
75,77
75,78
75,79
75,81
75,83
75,85
75,86
75,87
75,88
75,89
75,90
75,91
75,92
75,93
75,94
75,95
75,96
75,97
75,98
75,102
75,104
75,105
75,106
75,107
75,108
75,109
75,111
75,115
75,120
75,127
75,129
75,130
75,137
75,139
75,145
75,148
75,150
75,161
75,165
75,168
75,172
75,179
75,180
75,182
75,184
75,190
75,192
75,195
75,197
75,198
76,77
76,78
76,79
76,80
76,81
76,82
76,83
76,84
76,85
76,86
76,87
76,88
76,89
76,90
76,91
76,92
76,93
76,94
76,95
76,96
76,97
76,98
76,101
76,102
76,104
76,105
76,106
76,108
76,109
76,111
76,121
76,122
76,125
76,126
76,128
76,133
76,135
76,136
76,145
77,78
78,79
78,81
78,82
78,83
78,84
78,85
78,86
78,87
78,88
78,96
78,97
78,99
79,81
79,83
79,85
79,87
79,88
79,89
79,90
79,91
79,93
79,94
79,95
79,96
79,99
79,102
79,104
79,105
79,106
79,109
79,112
79,115
79,116
79,118
79,120
79,121
79,122
79,127
79,129
79,130
79,133
79,135
79,136
79,137
79,139
79,145
79,148
79,150
79,161
79,165
79,168
79,172
79,179
79,180
79,182
79,184
79,190
79,192
79,195
79,197
79,198
80,82
80,86
80,87
80,88
80,90
80,91
80,92
80,93
80,94
80,97
80,98
80,100
80,102
80,104
80,105
80,106
80,108
80,109
80,111
80,112
80,115
80,116
80,117
80,118
80,121
80,122
80,125
80,126
80,127
80,133
81,83
81,84
81,85
81,86
81,87
81,88
81,89
81,91
81,92
81,93
81,96
81,109
81,120
81,127
81,129
81,130
81,137
81,139
81,145
81,148
81,150
81,161
81,165
81,168
81,172
81,179
81,180
81,182
81,184
81,190
81,192
81,195
81,197
81,198
82,84
82,85
82,86
82,88
82,89
82,90
83,84
83,85
83,87
83,88
83,91
83,94
83,96
83,97
83,98
83,100
83,102
83,106
83,109
83,111
83,112
83,115
83,116
83,117
83,118
83,121
83,125
83,126
83,127
83,128
84,85
84,86
84,87
84,88
84,89
84,90
84,92
84,93
84,95
84,96
84,97
84,99
84,100
84,101
84,104
84,105
84,106
84,107
84,111
85,86
85,87
85,88
85,89
85,90
85,91
85,92
85,93
85,96
85,97
85,98
85,99
85,104
85,105
85,106
85,107
85,108
85,109
85,110
85,111
85,112
85,118
85,120
85,121
85,123
85,125
85,126
85,127
85,128
85,129
85,130
85,133
85,135
85,137
85,139
85,145
85,148
85,150
85,161
85,165
85,168
85,172
85,179
85,180
85,182
85,184
85,190
85,192
85,195
85,197
85,198
86,87
86,88
86,89
86,90
86,92
86,93
86,94
86,96
86,97
86,98
86,99
86,101
86,102
86,104
86,105
86,106
86,108
86,109
86,110
86,111
86,112
86,115
86,118
86,121
86,122
86,123
87,88
87,89
87,91
87,92
87,93
87,94
87,95
87,96
87,97
87,98
87,99
87,100
87,101
87,102
87,106
87,107
87,108
87,109
87,110
87,111
87,114
87,115
87,117
87,125
87,126
87,128
88,89
88,90
88,91
88,92
88,93
88,94
88,95
88,96
88,97
88,98
88,99
88,100
88,101
88,104
88,105
88,106
88,107
88,108
88,109
88,110
88,111
88,112
88,114
88,115
88,116
89,91
89,92
89,96
89,109
89,120
89,127
89,129
89,130
89,137
89,139
89,145
89,148
89,150
89,161
89,165
89,168
89,172
89,179
89,180
89,182
89,184
89,190
89,192
89,195
89,197
89,198
90,91
90,92
90,93
90,94
90,95
90,96
90,100
90,101
90,103
90,105
90,106
90,107
90,108
90,109
90,110
91,93
91,94
91,95
91,96
91,97
91,99
91,100
91,101
91,103
91,104
91,106
91,108
91,109
91,110
91,112
91,115
91,116
91,117
91,125
91,126
91,127
92,93
92,94
92,95
92,96
92,97
92,98
92,99
92,100
92,101
92,103
92,104
92,105
92,107
92,108
92,109
92,110
92,111
92,112
92,113
92,114
92,115
92,116
92,118
93,95
93,97
93,99
93,100
93,101
94,96
94,97
94,98
94,99
94,100
94,102
94,103
94,104
94,105
94,106
94,107
94,108
95,96
95,98
95,99
95,100
95,101
95,103
95,104
95,105
95,106
95,107
95,108
95,109
96,97
96,98
96,99
96,100
96,101
96,102
96,103
96,104
96,105
96,106
96,107
96,109
96,110
96,111
96,112
96,113
96,114
96,115
96,118
96,120
96,123
96,125
96,127
96,128
96,129
96,130
96,137
96,139
96,145
96,148
96,150
96,161
96,165
96,168
96,172
96,179
96,180
96,182
96,184
96,190
96,192
96,195
96,197
96,198
97,99
97,101
97,105
97,106
98,99
99,100
99,102
99,103
99,104
100,101
100,102
100,104
100,105
100,106
100,109
100,111
100,114
100,116
100,123
100,125
100,126
102,103
102,107
102,108
102,111
102,112
102,113
102,115
102,116
102,121
102,124
102,125
102,126
102,128
102,130
102,132
102,141
103,104
103,105
103,106
103,107
103,108
103,110
103,111
103,112
103,113
103,114
103,115
103,117
103,121
104,105
104,106
104,107
104,108
104,109
104,110
104,111
104,116
104,117
105,106
105,108
105,109
105,110
105,111
105,112
105,113
105,114
105,115
105,116
105,121
105,122
105,123
105,125
105,126
105,127
105,128
105,133
105,135
105,141
106,108
106,109
106,111
106,112
106,113
106,114
106,116
106,117
106,122
106,123
106,124
106,127
106,128
106,129
106,132
106,133
106,135
107,108
107,109
107,112
107,113
107,115
107,117
107,118
107,121
107,122
107,124
107,125
107,126
107,127
107,128
107,129
107,130
107,132
107,135
107,136
107,138
107,141
107,154
108,109
108,110
108,112
108,113
108,114
108,115
109,110
109,111
109,112
109,113
109,115
109,117
109,120
109,121
109,122
109,124
109,126
109,127
109,128
109,129
109,130
109,133
109,135
109,136
109,137
109,139
109,141
109,142
109,145
109,148
109,150
109,161
109,165
109,168
109,172
109,179
109,180
109,182
109,184
109,190
109,192
109,195
109,197
109,198
110,111
110,112
110,113
110,115
110,116
110,117
110,118
110,121
110,122
110,123
110,126
110,127
110,128
111,112
111,113
112,113
112,114
112,115
112,117
112,121
112,122
112,123
112,124
112,125
112,129
112,130
112,132
112,135
112,136
112,142
112,143
112,150
112,154
113,114
113,115
113,117
113,121
113,122
113,123
114,115
114,117
114,118
114,119
114,121
114,122
114,123
114,124
114,126
114,127
114,128
115,119
115,121
115,122
115,124
115,125
115,126
115,130
115,132
115,135
115,136
115,138
115,142
115,149
115,150
115,173
115,176
116,119
116,120
116,121
116,122
116,124
116,125
116,126
116,127
116,128
116,129
116,130
117,119
117,120
117,121
117,122
117,124
117,125
117,126
117,128
117,129
117,130
117,131
117,132
117,134
117,135
117,136
117,140
117,141
117,142
117,143
118,120
118,121
118,122
118,123
118,124
118,125
118,127
118,129
118,130
118,131
118,132
118,134
118,135
118,136
118,138
118,140
118,141
118,143
118,145
118,151
118,154
118,176
119,120
119,121
119,122
119,123
119,124
119,125
119,127
119,128
119,129
119,130
119,131
119,132
119,134
119,135
120,121
120,127
120,129
120,130
120,137
120,139
120,145
120,148
120,150
120,161
120,165
120,168
120,172
120,179
120,180
120,182
120,184
120,190
120,192
120,195
120,197
120,198
121,124
121,126
121,127
121,128
121,130
121,131
121,132
121,134
121,135
121,136
121,138
121,142
121,145
122,125
122,126
122,127
122,129
122,130
122,131
122,132
122,133
122,134
122,135
122,136
122,138
122,145
122,150
123,125
123,126
123,127
123,128
123,129
123,131
123,132
123,133
123,136
124,125
125,126
125,128
125,130
125,131
125,132
125,134
125,135
125,136
125,138
125,143
125,150
125,154
126,129
126,130
126,131
126,132
126,134
126,136
126,138
126,139
126,141
126,142
126,145
126,149
126,151
126,155
126,161
127,128
127,129
127,130
127,131
127,134
127,135
127,136
127,137
127,138
127,139
127,140
127,141
127,142
127,143
127,145
127,148
127,150
127,151
127,154
127,155
127,161
127,165
127,168
127,172
127,173
127,175
127,176
127,179
127,180
127,182
127,184
127,190
127,192
127,195
127,197
127,198
128,129
128,130
128,131
128,132
128,133
128,134
128,136
128,141
128,142
128,144
128,145
128,147
128,149
128,154
128,161
128,167
128,174
128,175
129,130
129,131
129,132
129,133
129,136
129,137
129,139
129,140
129,141
129,142
129,143
129,144
129,145
129,147
129,148
129,149
129,150
129,161
129,165
129,168
129,172
129,179
129,180
129,182
129,184
129,190
129,192
129,195
129,197
129,198
130,131
130,132
130,133
130,134
130,136
130,137
130,138
130,139
130,140
130,141
130,142
130,143
130,144
130,145
130,146
130,147
130,148
130,150
130,161
130,165
130,168
130,172
130,179
130,180
130,182
130,184
130,190
130,192
130,195
130,197
130,198
131,132
131,134
131,135
131,136
131,137
131,138
131,139
131,140
132,133
132,135
132,136
132,139
132,140
132,141
132,142
132,145
133,134
133,136
133,137
133,140
133,141
133,143
133,144
133,145
133,146
133,147
133,149
133,151
133,154
133,167
133,170
133,173
133,174
133,175
134,138
134,140
134,141
134,142
134,143
134,144
135,136
135,137
135,138
135,141
135,143
135,144
135,145
135,146
135,148
135,149
135,150
135,151
135,159
135,170
135,173
135,174
135,175
136,137
136,138
136,139
136,143
136,144
136,146
136,147
136,148
136,151
136,154
137,138
137,139
137,142
137,143
137,144
137,145
137,146
137,147
137,148
137,150
137,151
137,152
137,155
137,159
137,161
137,165
137,167
137,168
137,172
137,173
137,175
137,176
137,179
137,180
137,182
137,184
137,190
137,192
137,195
137,197
137,198
138,139
138,140
138,141
138,143
138,144
138,145
138,146
138,147
138,148
138,150
138,151
138,152
138,154
138,155
138,156
138,159
139,140
139,141
139,143
139,144
139,145
139,147
139,148
139,149
139,150
139,151
139,152
139,154
139,155
139,159
139,161
139,165
139,167
139,168
139,170
139,172
139,173
139,174
139,176
139,179
139,180
139,182
139,184
139,190
139,192
139,195
139,197
139,198
140,141
140,143
140,144
140,145
140,146
140,147
140,148
140,149
140,150
140,151
140,152
140,154
140,155
140,156
140,157
140,167
140,170
140,175
140,186
141,142
141,143
141,144
141,145
141,146
141,147
141,148
141,149
141,150
141,151
141,152
141,156
141,157
141,158
141,159
141,161
141,167
141,170
141,174
141,175
141,182
141,186
142,143
142,144
142,145
142,146
142,147
142,148
142,149
142,150
142,152
142,154
142,156
142,158
142,159
142,161
143,144
143,145
144,145
144,146
144,148
144,149
144,151
144,152
144,155
144,157
144,158
144,159
145,146
145,148
145,149
145,150
145,151
145,152
145,153
145,154
145,155
145,157
145,158
145,159
145,161
145,165
145,166
145,167
145,168
145,172
145,174
145,175
145,179
145,180
145,182
145,184
145,190
145,192
145,195
145,197
145,198
146,148
146,149
146,152
146,153
146,154
146,155
146,157
146,158
146,159
146,163
146,164
146,166
146,167
146,168
147,151
147,152
147,153
147,154
147,155
147,156
147,158
147,159
147,163
147,164
147,166
147,167
147,168
147,170
147,174
147,175
147,176
147,178
147,182
147,183
147,186
148,149
148,150
148,151
148,153
148,155
148,157
148,159
148,160
148,161
148,163
148,164
148,165
148,166
148,167
148,168
148,172
148,179
148,180
148,182
148,184
148,190
148,192
148,195
148,197
148,198
149,153
149,155
149,156
149,157
149,158
149,159
149,160
149,161
149,163
149,166
149,167
149,168
149,169
149,170
150,151
150,152
150,154
150,155
150,156
150,159
150,160
150,161
150,163
150,165
150,166
150,167
150,168
150,169
150,170
150,172
150,173
150,174
150,175
150,179
150,180
150,182
150,183
150,184
150,186
150,190
150,192
150,195
150,197
150,198
151,152
151,153
152,154
152,155
152,156
152,157
152,158
152,159
152,160
152,161
152,163
152,167
152,168
152,169
152,170
152,173
152,174
152,176
152,178
152,185
153,154
153,155
153,156
153,157
154,155
154,156
154,157
154,158
154,159
154,162
154,164
154,166
154,167
154,168
154,169
154,170
154,174
154,175
155,157
155,158
155,159
155,160
155,161
155,162
155,164
155,166
155,167
155,168
155,170
155,171
155,173
155,174
155,175
155,176
155,177
156,157
156,158
156,159
156,160
156,161
156,162
156,163
156,164
156,167
156,168
156,169
158,159
158,161
158,162
158,163
158,164
158,165
159,160
159,161
159,162
159,163
159,165
159,168
159,169
159,170
159,171
159,173
160,162
160,163
160,164
160,165
160,168
160,169
160,171
160,173
160,176
160,177
160,182
161,165
161,166
161,167
161,168
161,170
161,171
161,172
161,175
161,176
161,177
161,178
161,179
161,180
161,181
161,182
161,184
161,190
161,192
161,195
161,197
161,198
162,163
162,164
162,166
162,167
162,168
162,170
162,171
162,173
162,174
162,175
162,176
162,177
162,178
162,181
162,182
162,184
162,185
163,166
163,168
163,169
163,170
163,171
164,165
164,166
164,167
164,168
164,170
164,171
164,173
164,175
164,177
164,182
164,183
164,184
164,185
165,167
165,168
165,169
165,170
165,171
165,172
165,174
165,179
165,180
165,182
165,184
165,190
165,192
165,195
165,197
165,198
166,167
166,168
166,169
166,170
166,171
166,173
166,174
166,175
166,177
166,181
166,183
166,184
166,186
167,168
167,169
167,170
167,171
167,175
167,176
167,178
167,181
167,182
167,183
167,184
168,170
168,171
168,172
168,174
168,175
168,176
168,177
168,178
168,179
168,180
168,181
168,182
168,183
168,184
168,185
168,186
168,187
168,190
168,192
168,195
168,197
168,198
168,199
169,170
169,171
169,172
169,173
169,174
169,175
169,176
169,177
169,178
170,172
170,173
170,174
170,176
170,177
170,178
170,181
170,182
170,183
170,184
170,188
170,189
170,199
171,172
171,173
171,174
171,175
171,176
171,177
171,178
171,181
171,182
171,183
171,184
171,185
171,186
171,187
171,189
172,173
172,174
172,177
172,178
172,179
172,180
172,181
172,182
172,183
172,184
172,186
172,189
172,190
172,192
172,193
172,195
172,197
172,198
173,182
173,183
173,184
173,185
173,188
173,193
173,194
173,199
174,175
174,177
174,178
175,177
175,178
175,180
175,181
175,183
175,184
175,186
175,193
175,199
176,178
176,179
176,180
176,181
176,186
176,191
176,193
176,194
177,178
177,179
177,180
177,181
177,182
177,186
177,187
177,188
177,189
177,191
177,193
177,194
177,199
178,179
178,180
178,181
178,182
178,183
178,184
178,185
178,186
178,187
178,188
178,189
178,191
178,193
178,194
178,197
178,199
179,180
179,182
179,183
179,184
179,185
179,186
179,188
179,190
179,192
179,193
179,194
179,195
179,197
179,198
180,181
180,182
180,184
180,185
180,186
180,187
180,188
180,190
180,191
180,192
180,193
180,194
180,195
180,197
180,198
180,199
181,183
181,184
181,185
181,186
181,188
181,189
181,191
181,192
181,193
181,194
181,199
182,183
182,184
182,185
182,186
182,188
182,190
182,192
182,193
182,194
182,195
182,197
182,198
182,199
183,185
183,186
183,188
183,189
183,195
183,197
183,198
184,185
184,186
184,187
184,188
184,189
184,190
184,191
184,192
184,193
184,194
184,195
184,197
184,198
184,199
185,186
185,187
185,191
185,192
185,193
186,187
186,188
186,191
186,192
186,193
186,194
186,195
186,196
186,197
186,198
187,188
187,189
187,191
187,192
187,193
187,194
187,195
187,196
187,198
187,199
188,189
188,190
188,191
188,192
188,193
188,195
188,197
188,198
188,199
189,190
189,191
189,192
189,193
189,194
189,195
189,198
189,199
190,191
190,192
190,193
190,194
190,195
190,196
190,197
190,198
190,199
191,192
191,194
191,195
192,193
192,194
192,195
192,196
192,197
192,198
193,194
193,195
193,197
193,198
194,195
194,196
195,196
195,197
195,198
195,199
196,198
196,199
197,198
197,199
198,199
