0,1
0,2
0,3
0,4
0,5
0,6
0,7
0,8
0,9
0,10
0,11
0,12
0,13
0,14
0,15
0,16
0,17
0,18
0,19
0,20
0,21
0,22
0,23
0,24
0,25
0,26
0,27
0,28
0,29
0,30
0,31
0,32
0,33
0,34
0,35
0,36
0,37
0,38
0,39
0,40
0,41
0,42
0,43
0,44
0,45
0,46
0,47
0,48
0,49
0,50
0,51
0,52
0,53
0,54
0,55
0,56
0,57
0,58
0,59
0,60
0,61
0,62
0,63
0,64
0,65
0,66
0,67
0,68
0,69
0,70
0,71
1,2
1,3
1,4
1,5
1,6
1,7
1,8
1,9
1,10
1,11
1,12
1,13
1,14
1,15
1,16
1,17
1,18
1,19
1,20
1,21
1,22
1,23
1,24
1,25
1,26
1,27
1,28
1,29
1,30
1,31
1,32
1,33
1,34
1,35
1,36
1,37
1,38
1,39
1,40
1,41
1,42
1,43
1,44
1,45
1,46
1,47
1,48
1,49
1,50
1,51
1,52
1,53
1,54
1,55
1,56
1,57
1,58
1,59
1,60
1,61
1,62
1,63
1,64
1,65
1,66
1,67
1,68
1,69
1,70
1,71
2,3
2,4
2,5
2,6
2,7
2,8
2,9
2,10
2,11
2,12
2,13
2,14
2,15
2,16
2,17
2,18
2,19
2,20
2,21
2,22
2,23
2,24
2,25
2,26
2,27
2,28
2,29
2,30
2,31
2,32
2,33
2,34
2,35
2,36
2,37
2,38
2,39
2,40
2,41
2,42
2,43
2,44
2,45
2,46
2,47
2,48
2,49
2,50
2,51
2,52
2,53
2,54
2,55
2,56
2,57
2,58
2,59
2,60
2,61
2,62
2,63
2,64
2,65
2,66
2,67
2,68
2,69
2,70
2,71
3,4
3,5
3,6
3,7
3,8
3,9
3,10
3,11
3,12
3,13
3,14
3,15
3,16
3,17
3,18
3,19
3,20
3,21
3,22
3,23
3,24
3,25
3,26
3,27
3,28
3,29
3,30
3,31
3,32
3,33
3,34
3,35
3,36
3,37
3,38
3,39
3,40
3,41
3,42
3,43
3,44
3,45
3,46
3,47
3,48
3,49
3,50
3,51
3,52
3,53
3,54
3,55
3,56
3,57
3,58
3,59
3,60
3,61
3,62
3,63
3,64
3,65
3,66
3,67
3,68
3,69
3,70
3,71
3,73
3,78
3,81
3,86
3,92
3,98
3,100
3,101
3,102
3,103
3,108
3,110
3,112
3,120
3,122
3,123
3,124
3,125
3,129
3,131
3,133
3,136
3,138
3,143
3,144
3,145
3,148
3,151
3,158
3,163
3,166
3,167
3,170
3,172
3,174
3,176
3,177
3,180
3,181
3,182
3,186
3,187
3,196
4,5
4,6
4,7
4,8
4,9
4,10
4,11
4,12
4,13
4,14
4,15
4,16
4,17
4,18
4,19
4,20
4,21
4,22
4,23
4,24
4,25
4,26
4,27
4,28
4,29
4,30
4,31
4,32
4,33
4,34
4,35
4,36
4,37
4,38
4,39
4,40
4,41
4,42
4,43
4,44
4,45
4,46
4,47
4,48
4,49
4,50
4,51
4,52
4,53
4,54
4,55
4,56
4,57
4,58
4,59
4,60
4,61
4,62
4,63
4,64
4,65
4,66
4,67
4,68
4,69
4,70
4,71
4,73
4,78
4,81
4,86
4,92
4,98
4,100
4,101
4,102
4,103
4,108
4,110
4,112
4,120
4,122
4,123
4,124
4,125
4,129
4,131
4,133
4,136
4,138
4,143
4,144
4,145
4,148
4,151
4,158
4,163
4,166
4,167
4,170
4,172
4,174
4,176
4,177
4,180
4,181
4,182
4,186
4,187
4,196
5,6
5,7
5,8
5,9
5,10
5,11
5,12
5,13
5,14
5,15
5,16
5,17
5,18
5,19
5,20
5,21
5,22
5,23
5,24
5,25
5,26
5,27
5,28
5,29
5,30
5,31
5,32
5,33
5,34
5,35
5,36
5,37
5,38
5,39
5,40
5,41
5,42
5,43
5,44
5,45
5,46
5,47
5,48
5,49
5,50
5,51
5,52
5,53
5,54
5,55
5,56
5,57
5,58
5,59
5,60
5,61
5,62
5,63
5,64
5,65
5,66
5,67
5,68
5,69
5,70
5,71
6,7
6,8
6,9
6,10
6,11
6,12
6,13
6,14
6,15
6,16
6,17
6,18
6,19
6,20
6,21
6,22
6,23
6,24
6,25
6,26
6,27
6,28
6,29
6,30
6,31
6,32
6,33
6,34
6,35
6,36
6,37
6,38
6,39
6,40
6,41
6,42
6,43
6,44
6,45
6,46
6,47
6,48
6,49
6,50
6,51
6,52
6,53
6,54
6,55
6,56
6,57
6,58
6,59
6,60
6,61
6,62
6,63
6,64
6,65
6,66
6,67
6,68
6,69
6,70
6,71
6,73
6,78
6,81
6,86
6,92
6,98
6,100
6,101
6,102
6,103
6,108
6,110
6,112
6,120
6,122
6,123
6,124
6,125
6,129
6,131
6,133
6,136
6,138
6,143
6,144
6,145
6,148
6,151
6,158
6,163
6,166
6,167
6,170
6,172
6,174
6,176
6,177
6,180
6,181
6,182
6,186
6,187
6,196
7,8
7,9
7,10
7,11
7,12
7,13
7,14
7,15
7,16
7,17
7,18
7,19
7,20
7,21
7,22
7,23
7,24
7,25
7,26
7,27
7,28
7,29
7,30
7,31
7,32
7,33
7,34
7,35
7,36
7,37
7,38
7,39
7,40
7,41
7,42
7,43
7,44
7,45
7,46
7,47
7,48
7,49
7,50
7,51
7,52
7,53
7,54
7,55
7,56
7,57
7,58
7,59
7,60
7,61
7,62
7,63
7,64
7,65
7,66
7,67
7,68
7,69
7,70
7,71
7,73
7,78
7,81
7,86
7,92
7,98
7,100
7,101
7,102
7,103
7,108
7,110
7,112
7,120
7,122
7,123
7,124
7,125
7,129
7,131
7,133
7,136
7,138
7,143
7,144
7,145
7,148
7,151
7,158
7,163
7,166
7,167
7,170
7,172
7,174
7,176
7,177
7,180
7,181
7,182
7,186
7,187
7,196
8,9
8,10
8,11
8,12
8,13
8,14
8,15
8,16
8,17
8,18
8,19
8,20
8,21
8,22
8,23
8,24
8,25
8,26
8,27
8,28
8,29
8,30
8,31
8,32
8,33
8,34
8,35
8,36
8,37
8,38
8,39
8,40
8,41
8,42
8,43
8,44
8,45
8,46
8,47
8,48
8,49
8,50
8,51
8,52
8,53
8,54
8,55
8,56
8,57
8,58
8,59
8,60
8,61
8,62
8,63
8,64
8,65
8,66
8,67
8,68
8,69
8,70
8,71
8,73
8,78
8,81
8,86
8,92
8,98
8,100
8,101
8,102
8,103
8,108
8,110
8,112
8,120
8,122
8,123
8,124
8,125
8,129
8,131
8,133
8,136
8,138
8,143
8,144
8,145
8,148
8,151
8,158
8,163
8,166
8,167
8,170
8,172
8,174
8,176
8,177
8,180
8,181
8,182
8,186
8,187
8,196
9,10
9,11
9,12
9,13
9,14
9,15
9,16
9,17
9,18
9,19
9,20
9,21
9,22
9,23
9,24
9,25
9,26
9,27
9,28
9,29
9,30
9,31
9,32
9,33
9,34
9,35
9,36
9,37
9,38
9,39
9,40
9,41
9,42
9,43
9,44
9,45
9,46
9,47
9,48
9,49
9,50
9,51
9,52
9,53
9,54
9,55
9,56
9,57
9,58
9,59
9,60
9,61
9,62
9,63
9,64
9,65
9,66
9,67
9,68
9,69
9,70
9,71
10,11
10,12
10,13
10,14
10,15
10,16
10,17
10,18
10,19
10,20
10,21
10,22
10,23
10,24
10,25
10,26
10,27
10,28
10,29
10,30
10,31
10,32
10,33
10,34
10,35
10,36
10,37
10,38
10,39
10,40
10,41
10,42
10,43
10,44
10,45
10,46
10,47
10,48
10,49
10,50
10,51
10,52
10,53
10,54
10,55
10,56
10,57
10,58
10,59
10,60
10,61
10,62
10,63
10,64
10,65
10,66
10,67
10,68
10,69
10,70
10,71
11,12
11,13
11,14
11,15
11,16
11,17
11,18
11,19
11,20
11,21
11,22
11,23
11,24
11,25
11,26
11,27
11,28
11,29
11,30
11,31
11,32
11,33
11,34
11,35
11,36
11,37
11,38
11,39
11,40
11,41
11,42
11,43
11,44
11,45
11,46
11,47
11,48
11,49
11,50
11,51
11,52
11,53
11,54
11,55
11,56
11,57
11,58
11,59
11,60
11,61
11,62
11,63
11,64
11,65
11,66
11,67
11,68
11,69
11,70
11,71
12,13
12,14
12,15
12,16
12,17
12,18
12,19
12,20
12,21
12,22
12,23
12,24
12,25
12,26
12,27
12,28
12,29
12,30
12,31
12,32
12,33
12,34
12,35
12,36
12,37
12,38
12,39
12,40
12,41
12,42
12,43
12,44
12,45
12,46
12,47
12,48
12,49
12,50
12,51
12,52
12,53
12,54
12,55
12,56
12,57
12,58
12,59
12,60
12,61
12,62
12,63
12,64
12,65
12,66
12,67
12,68
12,69
12,70
12,71
13,14
13,15
13,16
13,17
13,18
13,19
13,20
13,21
13,22
13,23
13,24
13,25
13,26
13,27
13,28
13,29
13,30
13,31
13,32
13,33
13,34
13,35
13,36
13,37
13,38
13,39
13,40
13,41
13,42
13,43
13,44
13,45
13,46
13,47
13,48
13,49
13,50
13,51
13,52
13,53
13,54
13,55
13,56
13,57
13,58
13,59
13,60
13,61
13,62
13,63
13,64
13,65
13,66
13,67
13,68
13,69
13,70
13,71
13,73
13,78
13,81
13,86
13,92
13,98
13,100
13,101
13,102
13,103
13,108
13,110
13,112
13,120
13,122
13,123
13,124
13,125
13,129
13,131
13,133
13,136
13,138
13,143
13,144
13,145
13,148
13,151
13,158
13,163
13,166
13,167
13,170
13,172
13,174
13,176
13,177
13,180
13,181
13,182
13,186
13,187
13,196
14,15
14,16
14,17
14,18
14,19
14,20
14,21
14,22
14,23
14,24
14,25
14,26
14,27
14,28
14,29
14,30
14,31
14,32
14,33
14,34
14,35
14,36
14,37
14,38
14,39
14,40
14,41
14,42
14,43
14,44
14,45
14,46
14,47
14,48
14,49
14,50
14,51
14,52
14,53
14,54
14,55
14,56
14,57
14,58
14,59
14,60
14,61
14,62
14,63
14,64
14,65
14,66
14,67
14,68
14,69
14,70
14,71
14,73
14,78
14,81
14,86
14,92
14,98
14,100
14,101
14,102
14,103
14,108
14,110
14,112
14,120
14,122
14,123
14,124
14,125
14,129
14,131
14,133
14,136
14,138
14,143
14,144
14,145
14,148
14,151
14,158
14,163
14,166
14,167
14,170
14,172
14,174
14,176
14,177
14,180
14,181
14,182
14,186
14,187
14,196
15,16
15,17
15,18
15,19
15,20
15,21
15,22
15,23
15,24
15,25
15,26
15,27
15,28
15,29
15,30
15,31
15,32
15,33
15,34
15,35
15,36
15,37
15,38
15,39
15,40
15,41
15,42
15,43
15,44
15,45
15,46
15,47
15,48
15,49
15,50
15,51
15,52
15,53
15,54
15,55
15,56
15,57
15,58
15,59
15,60
15,61
15,62
15,63
15,64
15,65
15,66
15,67
15,68
15,69
15,70
15,71
16,17
16,18
16,19
16,20
16,21
16,22
16,23
16,24
16,25
16,26
16,27
16,28
16,29
16,30
16,31
16,32
16,33
16,34
16,35
16,36
16,37
16,38
16,39
16,40
16,41
16,42
16,43
16,44
16,45
16,46
16,47
16,48
16,49
16,50
16,51
16,52
16,53
16,54
16,55
16,56
16,57
16,58
16,59
16,60
16,61
16,62
16,63
16,64
16,65
16,66
16,67
16,68
16,69
16,70
16,71
17,18
17,19
17,20
17,21
17,22
17,23
17,24
17,25
17,26
17,27
17,28
17,29
17,30
17,31
17,32
17,33
17,34
17,35
17,36
17,37
17,38
17,39
17,40
17,41
17,42
17,43
17,44
17,45
17,46
17,47
17,48
17,49
17,50
17,51
17,52
17,53
17,54
17,55
17,56
17,57
17,58
17,59
17,60
17,61
17,62
17,63
17,64
17,65
17,66
17,67
17,68
17,69
17,70
17,71
17,73
17,78
17,81
17,86
17,92
17,98
17,100
17,101
17,102
17,103
17,108
17,110
17,112
17,120
17,122
17,123
17,124
17,125
17,129
17,131
17,133
17,136
17,138
17,143
17,144
17,145
17,148
17,151
17,158
17,163
17,166
17,167
17,170
17,172
17,174
17,176
17,177
17,180
17,181
17,182
17,186
17,187
17,196
18,19
18,20
18,21
18,22
18,23
18,24
18,25
18,26
18,27
18,28
18,29
18,30
18,31
18,32
18,33
18,34
18,35
18,36
18,37
18,38
18,39
18,40
18,41
18,42
18,43
18,44
18,45
18,46
18,47
18,48
18,49
18,50
18,51
18,52
18,53
18,54
18,55
18,56
18,57
18,58
18,59
18,60
18,61
18,62
18,63
18,64
18,65
18,66
18,67
18,68
18,69
18,70
18,71
18,73
18,78
18,81
18,86
18,92
18,98
18,100
18,101
18,102
18,103
18,108
18,110
18,112
18,120
18,122
18,123
18,124
18,125
18,129
18,131
18,133
18,136
18,138
18,143
18,144
18,145
18,148
18,151
18,158
18,163
18,166
18,167
18,170
18,172
18,174
18,176
18,177
18,180
18,181
18,182
18,186
18,187
18,196
19,20
19,21
19,22
19,23
19,24
19,25
19,26
19,27
19,28
19,29
19,30
19,31
19,32
19,33
19,34
19,35
19,36
19,37
19,38
19,39
19,40
19,41
19,42
19,43
19,44
19,45
19,46
19,47
19,48
19,49
19,50
19,51
19,52
19,53
19,54
19,55
19,56
19,57
19,58
19,59
19,60
19,61
19,62
19,63
19,64
19,65
19,66
19,67
19,68
19,69
19,70
19,71
20,21
20,22
20,23
20,24
20,25
20,26
20,27
20,28
20,29
20,30
20,31
20,32
20,33
20,34
20,35
20,36
20,37
20,38
20,39
20,40
20,41
20,42
20,43
20,44
20,45
20,46
20,47
20,48
20,49
20,50
20,51
20,52
20,53
20,54
20,55
20,56
20,57
20,58
20,59
20,60
20,61
20,62
20,63
20,64
20,65
20,66
20,67
20,68
20,69
20,70
20,71
20,73
20,78
20,81
20,86
20,92
20,98
20,100
20,101
20,102
20,103
20,108
20,110
20,112
20,120
20,122
20,123
20,124
20,125
20,129
20,131
20,133
20,136
20,138
20,143
20,144
20,145
20,148
20,151
20,158
20,163
20,166
20,167
20,170
20,172
20,174
20,176
20,177
20,180
20,181
20,182
20,186
20,187
20,196
21,22
21,23
21,24
21,25
21,26
21,27
21,28
21,29
21,30
21,31
21,32
21,33
21,34
21,35
21,36
21,37
21,38
21,39
21,40
21,41
21,42
21,43
21,44
21,45
21,46
21,47
21,48
21,49
21,50
21,51
21,52
21,53
21,54
21,55
21,56
21,57
21,58
21,59
21,60
21,61
21,62
21,63
21,64
21,65
21,66
21,67
21,68
21,69
21,70
21,71
22,23
22,24
22,25
22,26
22,27
22,28
22,29
22,30
22,31
22,32
22,33
22,34
22,35
22,36
22,37
22,38
22,39
22,40
22,41
22,42
22,43
22,44
22,45
22,46
22,47
22,48
22,49
22,50
22,51
22,52
22,53
22,54
22,55
22,56
22,57
22,58
22,59
22,60
22,61
22,62
22,63
22,64
22,65
22,66
22,67
22,68
22,69
22,70
22,71
23,24
23,25
23,26
23,27
23,28
23,29
23,30
23,31
23,32
23,33
23,34
23,35
23,36
23,37
23,38
23,39
23,40
23,41
23,42
23,43
23,44
23,45
23,46
23,47
23,48
23,49
23,50
23,51
23,52
23,53
23,54
23,55
23,56
23,57
23,58
23,59
23,60
23,61
23,62
23,63
23,64
23,65
23,66
23,67
23,68
23,69
23,70
23,71
23,73
23,78
23,81
23,86
23,92
23,98
23,100
23,101
23,102
23,103
23,108
23,110
23,112
23,120
23,122
23,123
23,124
23,125
23,129
23,131
23,133
23,136
23,138
23,143
23,144
23,145
23,148
23,151
23,158
23,163
23,166
23,167
23,170
23,172
23,174
23,176
23,177
23,180
23,181
23,182
23,186
23,187
23,196
24,25
24,26
24,27
24,28
24,29
24,30
24,31
24,32
24,33
24,34
24,35
24,36
24,37
24,38
24,39
24,40
24,41
24,42
24,43
24,44
24,45
24,46
24,47
24,48
24,49
24,50
24,51
24,52
24,53
24,54
24,55
24,56
24,57
24,58
24,59
24,60
24,61
24,62
24,63
24,64
24,65
24,66
24,67
24,68
24,69
24,70
24,71
25,26
25,27
25,28
25,29
25,30
25,31
25,32
25,33
25,34
25,35
25,36
25,37
25,38
25,39
25,40
25,41
25,42
25,43
25,44
25,45
25,46
25,47
25,48
25,49
25,50
25,51
25,52
25,53
25,54
25,55
25,56
25,57
25,58
25,59
25,60
25,61
25,62
25,63
25,64
25,65
25,66
25,67
25,68
25,69
25,70
25,71
25,73
25,78
25,81
25,86
25,92
25,98
25,100
25,101
25,102
25,103
25,108
25,110
25,112
25,120
25,122
25,123
25,124
25,125
25,129
25,131
25,133
25,136
25,138
25,143
25,144
25,145
25,148
25,151
25,158
25,163
25,166
25,167
25,170
25,172
25,174
25,176
25,177
25,180
25,181
25,182
25,186
25,187
25,196
26,27
26,28
26,29
26,30
26,31
26,32
26,33
26,34
26,35
26,36
26,37
26,38
26,39
26,40
26,41
26,42
26,43
26,44
26,45
26,46
26,47
26,48
26,49
26,50
26,51
26,52
26,53
26,54
26,55
26,56
26,57
26,58
26,59
26,60
26,61
26,62
26,63
26,64
26,65
26,66
26,67
26,68
26,69
26,70
26,71
27,28
27,29
27,30
27,31
27,32
27,33
27,34
27,35
27,36
27,37
27,38
27,39
27,40
27,41
27,42
27,43
27,44
27,45
27,46
27,47
27,48
27,49
27,50
27,51
27,52
27,53
27,54
27,55
27,56
27,57
27,58
27,59
27,60
27,61
27,62
27,63
27,64
27,65
27,66
27,67
27,68
27,69
27,70
27,71
28,29
28,30
28,31
28,32
28,33
28,34
28,35
28,36
28,37
28,38
28,39
28,40
28,41
28,42
28,43
28,44
28,45
28,46
28,47
28,48
28,49
28,50
28,51
28,52
28,53
28,54
28,55
28,56
28,57
28,58
28,59
28,60
28,61
28,62
28,63
28,64
28,65
28,66
28,67
28,68
28,69
28,70
28,71
28,73
28,78
28,81
28,86
28,92
28,98
28,100
28,101
28,102
28,103
28,108
28,110
28,112
28,120
28,122
28,123
28,124
28,125
28,129
28,131
28,133
28,136
28,138
28,143
28,144
28,145
28,148
28,151
28,158
28,163
28,166
28,167
28,170
28,172
28,174
28,176
28,177
28,180
28,181
28,182
28,186
28,187
28,196
29,30
29,31
29,32
29,33
29,34
29,35
29,36
29,37
29,38
29,39
29,40
29,41
29,42
29,43
29,44
29,45
29,46
29,47
29,48
29,49
29,50
29,51
29,52
29,53
29,54
29,55
29,56
29,57
29,58
29,59
29,60
29,61
29,62
29,63
29,64
29,65
29,66
29,67
29,68
29,69
29,70
29,71
29,73
29,78
29,81
29,86
29,92
29,98
29,100
29,101
29,102
29,103
29,108
29,110
29,112
29,120
29,122
29,123
29,124
29,125
29,129
29,131
29,133
29,136
29,138
29,143
29,144
29,145
29,148
29,151
29,158
29,163
29,166
29,167
29,170
29,172
29,174
29,176
29,177
29,180
29,181
29,182
29,186
29,187
29,196
30,31
30,32
30,33
30,34
30,35
30,36
30,37
30,38
30,39
30,40
30,41
30,42
30,43
30,44
30,45
30,46
30,47
30,48
30,49
30,50
30,51
30,52
30,53
30,54
30,55
30,56
30,57
30,58
30,59
30,60
30,61
30,62
30,63
30,64
30,65
30,66
30,67
30,68
30,69
30,70
30,71
30,73
30,78
30,81
30,86
30,92
30,98
30,100
30,101
30,102
30,103
30,108
30,110
30,112
30,120
30,122
30,123
30,124
30,125
30,129
30,131
30,133
30,136
30,138
30,143
30,144
30,145
30,148
30,151
30,158
30,163
30,166
30,167
30,170
30,172
30,174
30,176
30,177
30,180
30,181
30,182
30,186
30,187
30,196
31,32
31,33
31,34
31,35
31,36
31,37
31,38
31,39
31,40
31,41
31,42
31,43
31,44
31,45
31,46
31,47
31,48
31,49
31,50
31,51
31,52
31,53
31,54
31,55
31,56
31,57
31,58
31,59
31,60
31,61
31,62
31,63
31,64
31,65
31,66
31,67
31,68
31,69
31,70
31,71
31,73
31,78
31,81
31,86
31,92
31,98
31,100
31,101
31,102
31,103
31,108
31,110
31,112
31,120
31,122
31,123
31,124
31,125
31,129
31,131
31,133
31,136
31,138
31,143
31,144
31,145
31,148
31,151
31,158
31,163
31,166
31,167
31,170
31,172
31,174
31,176
31,177
31,180
31,181
31,182
31,186
31,187
31,196
32,33
32,34
32,35
32,36
32,37
32,38
32,39
32,40
32,41
32,42
32,43
32,44
32,45
32,46
32,47
32,48
32,49
32,50
32,51
32,52
32,53
32,54
32,55
32,56
32,57
32,58
32,59
32,60
32,61
32,62
32,63
32,64
32,65
32,66
32,67
32,68
32,69
32,70
32,71
33,34
33,35
33,36
33,37
33,38
33,39
33,40
33,41
33,42
33,43
33,44
33,45
33,46
33,47
33,48
33,49
33,50
33,51
33,52
33,53
33,54
33,55
33,56
33,57
33,58
33,59
33,60
33,61
33,62
33,63
33,64
33,65
33,66
33,67
33,68
33,69
33,70
33,71
34,35
34,36
34,37
34,38
34,39
34,40
34,41
34,42
34,43
34,44
34,45
34,46
34,47
34,48
34,49
34,50
34,51
34,52
34,53
34,54
34,55
34,56
34,57
34,58
34,59
34,60
34,61
34,62
34,63
34,64
34,65
34,66
34,67
34,68
34,69
34,70
34,71
34,73
34,78
34,81
34,86
34,92
34,98
34,100
34,101
34,102
34,103
34,108
34,110
34,112
34,120
34,122
34,123
34,124
34,125
34,129
34,131
34,133
34,136
34,138
34,143
34,144
34,145
34,148
34,151
34,158
34,163
34,166
34,167
34,170
34,172
34,174
34,176
34,177
34,180
34,181
34,182
34,186
34,187
34,196
35,36
35,37
35,38
35,39
35,40
35,41
35,42
35,43
35,44
35,45
35,46
35,47
35,48
35,49
35,50
35,51
35,52
35,53
35,54
35,55
35,56
35,57
35,58
35,59
35,60
35,61
35,62
35,63
35,64
35,65
35,66
35,67
35,68
35,69
35,70
35,71
36,37
36,38
36,39
36,40
36,41
36,42
36,43
36,44
36,45
36,46
36,47
36,48
36,49
36,50
36,51
36,52
36,53
36,54
36,55
36,56
36,57
36,58
36,59
36,60
36,61
36,62
36,63
36,64
36,65
36,66
36,67
36,68
36,69
36,70
36,71
37,38
37,39
37,40
37,41
37,42
37,43
37,44
37,45
37,46
37,47
37,48
37,49
37,50
37,51
37,52
37,53
37,54
37,55
37,56
37,57
37,58
37,59
37,60
37,61
37,62
37,63
37,64
37,65
37,66
37,67
37,68
37,69
37,70
37,71
37,73
37,78
37,81
37,86
37,92
37,98
37,100
37,101
37,102
37,103
37,108
37,110
37,112
37,120
37,122
37,123
37,124
37,125
37,129
37,131
37,133
37,136
37,138
37,143
37,144
37,145
37,148
37,151
37,158
37,163
37,166
37,167
37,170
37,172
37,174
37,176
37,177
37,180
37,181
37,182
37,186
37,187
37,196
38,39
38,40
38,41
38,42
38,43
38,44
38,45
38,46
38,47
38,48
38,49
38,50
38,51
38,52
38,53
38,54
38,55
38,56
38,57
38,58
38,59
38,60
38,61
38,62
38,63
38,64
38,65
38,66
38,67
38,68
38,69
38,70
38,71
39,40
39,41
39,42
39,43
39,44
39,45
39,46
39,47
39,48
39,49
39,50
39,51
39,52
39,53
39,54
39,55
39,56
39,57
39,58
39,59
39,60
39,61
39,62
39,63
39,64
39,65
39,66
39,67
39,68
39,69
39,70
39,71
40,41
40,42
40,43
40,44
40,45
40,46
40,47
40,48
40,49
40,50
40,51
40,52
40,53
40,54
40,55
40,56
40,57
40,58
40,59
40,60
40,61
40,62
40,63
40,64
40,65
40,66
40,67
40,68
40,69
40,70
40,71
41,42
41,43
41,44
41,45
41,46
41,47
41,48
41,49
41,50
41,51
41,52
41,53
41,54
41,55
41,56
41,57
41,58
41,59
41,60
41,61
41,62
41,63
41,64
41,65
41,66
41,67
41,68
41,69
41,70
41,71
42,43
42,44
42,45
42,46
42,47
42,48
42,49
42,50
42,51
42,52
42,53
42,54
42,55
42,56
42,57
42,58
42,59
42,60
42,61
42,62
42,63
42,64
42,65
42,66
42,67
42,68
42,69
42,70
42,71
43,44
43,45
43,46
43,47
43,48
43,49
43,50
43,51
43,52
43,53
43,54
43,55
43,56
43,57
43,58
43,59
43,60
43,61
43,62
43,63
43,64
43,65
43,66
43,67
43,68
43,69
43,70
43,71
44,45
44,46
44,47
44,48
44,49
44,50
44,51
44,52
44,53
44,54
44,55
44,56
44,57
44,58
44,59
44,60
44,61
44,62
44,63
44,64
44,65
44,66
44,67
44,68
44,69
44,70
44,71
44,73
44,78
44,81
44,86
44,92
44,98
44,100
44,101
44,102
44,103
44,108
44,110
44,112
44,120
44,122
44,123
44,124
44,125
44,129
44,131
44,133
44,136
44,138
44,143
44,144
44,145
44,148
44,151
44,158
44,163
44,166
44,167
44,170
44,172
44,174
44,176
44,177
44,180
44,181
44,182
44,186
44,187
44,196
45,46
45,47
45,48
45,49
45,50
45,51
45,52
45,53
45,54
45,55
45,56
45,57
45,58
45,59
45,60
45,61
45,62
45,63
45,64
45,65
45,66
45,67
45,68
45,69
45,70
45,71
46,47
46,48
46,49
46,50
46,51
46,52
46,53
46,54
46,55
46,56
46,57
46,58
46,59
46,60
46,61
46,62
46,63
46,64
46,65
46,66
46,67
46,68
46,69
46,70
46,71
46,73
46,78
46,81
46,86
46,92
46,98
46,100
46,101
46,102
46,103
46,108
46,110
46,112
46,120
46,122
46,123
46,124
46,125
46,129
46,131
46,133
46,136
46,138
46,143
46,144
46,145
46,148
46,151
46,158
46,163
46,166
46,167
46,170
46,172
46,174
46,176
46,177
46,180
46,181
46,182
46,186
46,187
46,196
47,48
47,49
47,50
47,51
47,52
47,53
47,54
47,55
47,56
47,57
47,58
47,59
47,60
47,61
47,62
47,63
47,64
47,65
47,66
47,67
47,68
47,69
47,70
47,71
48,49
48,50
48,51
48,52
48,53
48,54
48,55
48,56
48,57
48,58
48,59
48,60
48,61
48,62
48,63
48,64
48,65
48,66
48,67
48,68
48,69
48,70
48,73
48,78
48,81
48,86
48,92
48,98
48,100
48,101
48,102
48,103
48,108
48,110
48,112
48,120
48,122
48,123
48,124
48,125
48,129
48,131
48,133
48,136
48,138
48,143
48,144
48,145
48,148
48,151
48,158
48,163
48,166
48,167
48,170
48,172
48,174
48,176
48,177
48,180
48,181
48,182
48,186
48,187
48,196
49,50
49,51
49,52
49,53
49,54
49,55
49,56
49,57
49,58
49,59
49,60
49,61
49,62
49,63
49,64
49,65
49,66
49,67
49,68
49,69
49,70
49,71
50,51
50,52
50,53
50,54
50,55
50,56
50,57
50,58
50,59
50,60
50,61
50,62
50,63
50,64
50,65
50,66
50,67
50,68
50,69
50,70
50,71
50,73
50,78
50,81
50,86
50,92
50,98
50,100
50,101
50,102
50,103
50,108
50,110
50,112
50,120
50,122
50,123
50,124
50,125
50,129
50,131
50,133
50,136
50,138
50,143
50,144
50,145
50,148
50,151
50,158
50,163
50,166
50,167
50,170
50,172
50,174
50,176
50,177
50,180
50,181
50,182
50,186
50,187
50,196
51,52
51,53
51,54
51,55
51,56
51,57
51,58
51,59
51,60
51,61
51,62
51,63
51,64
51,65
51,66
51,67
51,68
51,69
51,70
51,71
52,53
52,54
52,55
52,56
52,57
52,58
52,59
52,60
52,61
52,62
52,63
52,64
52,65
52,66
52,67
52,68
52,69
52,70
52,71
53,54
53,55
53,56
53,57
53,58
53,59
53,60
53,61
53,62
53,63
53,64
53,65
53,66
53,67
53,68
53,69
53,70
53,71
53,73
53,78
53,81
53,86
53,92
53,98
53,100
53,101
53,102
53,103
53,108
53,110
53,112
53,120
53,122
53,123
53,124
53,125
53,129
53,131
53,133
53,136
53,138
53,143
53,144
53,145
53,148
53,151
53,158
53,163
53,166
53,167
53,170
53,172
53,174
53,176
53,177
53,180
53,181
53,182
53,186
53,187
53,196
54,55
54,56
54,57
54,58
54,59
54,60
54,61
54,62
54,63
54,64
54,65
54,66
54,67
54,68
54,69
54,70
54,71
55,56
55,57
55,58
55,59
55,60
55,61
55,62
55,63
55,64
55,65
55,66
55,67
55,68
55,69
55,70
55,71
55,73
55,78
55,81
55,86
55,92
55,98
55,100
55,101
55,102
55,103
55,108
55,110
55,112
55,120
55,122
55,123
55,124
55,125
55,129
55,131
55,133
55,136
55,138
55,143
55,144
55,145
55,148
55,151
55,158
55,163
55,166
55,167
55,170
55,172
55,174
55,176
55,177
55,180
55,181
55,182
55,186
55,187
55,196
56,57
56,58
56,59
56,60
56,61
56,62
56,63
56,64
56,65
56,66
56,67
56,68
56,69
56,70
56,71
57,58
57,59
57,60
57,61
57,62
57,63
57,64
57,65
57,66
57,67
57,68
57,69
57,70
57,71
58,59
58,60
58,61
58,62
58,63
58,64
58,65
58,66
58,67
58,68
58,69
58,70
58,71
59,60
59,61
59,62
59,63
59,64
59,65
59,66
59,67
59,68
59,69
59,70
59,71
59,73
59,78
59,81
59,86
59,92
59,98
59,100
59,101
59,102
59,103
59,108
59,110
59,112
59,120
59,122
59,123
59,124
59,125
59,129
59,131
59,133
59,136
59,138
59,143
59,144
59,145
59,148
59,151
59,158
59,163
59,166
59,167
59,170
59,172
59,174
59,176
59,177
59,180
59,181
59,182
59,186
59,187
59,196
60,61
60,62
60,63
60,64
60,65
60,66
60,67
60,68
60,69
60,70
60,71
61,62
61,63
61,64
61,65
61,66
61,67
61,68
61,69
61,70
61,71
61,73
61,78
61,81
61,86
61,92
61,98
61,100
61,101
61,102
61,103
61,108
61,110
61,112
61,120
61,122
61,123
61,124
61,125
61,129
61,131
61,133
61,136
61,138
61,143
61,144
61,145
61,148
61,151
61,158
61,163
61,166
61,167
61,170
61,172
61,174
61,176
61,177
61,180
61,181
61,182
61,186
61,187
61,196
62,63
62,64
62,65
62,66
62,67
62,68
62,69
62,70
62,71
63,64
63,65
63,66
63,67
63,68
63,69
63,70
63,71
64,65
64,66
64,67
64,68
64,69
64,70
64,71
64,73
64,78
64,81
64,86
64,92
64,98
64,100
64,101
64,102
64,103
64,108
64,110
64,112
64,120
64,122
64,123
64,124
64,125
64,129
64,131
64,133
64,136
64,138
64,143
64,144
64,145
64,148
64,151
64,158
64,163
64,166
64,167
64,170
64,172
64,174
64,176
64,177
64,180
64,181
64,182
64,186
64,187
64,196
65,66
65,67
65,68
65,69
65,70
65,71
65,73
65,78
65,81
65,86
65,92
65,98
65,100
65,101
65,102
65,103
65,108
65,110
65,112
65,120
65,122
65,123
65,124
65,125
65,129
65,131
65,133
65,136
65,138
65,143
65,144
65,145
65,148
65,151
65,158
65,163
65,166
65,167
65,170
65,172
65,174
65,176
65,177
65,180
65,181
65,182
65,186
65,187
65,196
66,67
66,68
66,69
66,70
66,71
66,73
66,78
66,81
66,86
66,92
66,98
66,100
66,101
66,102
66,103
66,108
66,110
66,112
66,120
66,122
66,123
66,124
66,125
66,129
66,131
66,133
66,136
66,138
66,143
66,144
66,145
66,148
66,151
66,158
66,163
66,166
66,167
66,170
66,172
66,174
66,176
66,177
66,180
66,181
66,182
66,186
66,187
66,196
67,68
67,69
67,70
67,71
68,69
68,70
68,71
69,70
69,71
70,71
73,78
73,81
73,86
73,92
73,98
73,100
73,101
73,102
73,103
73,108
73,110
73,112
73,120
73,122
73,123
73,124
73,125
73,129
73,131
73,133
73,136
73,138
73,143
73,144
73,145
73,148
73,151
73,158
73,163
73,166
73,167
73,170
73,172
73,174
73,176
73,177
73,180
73,181
73,182
73,186
73,187
73,196
78,81
78,86
78,92
78,98
78,100
78,101
78,102
78,103
78,108
78,110
78,112
78,120
78,122
78,123
78,124
78,125
78,129
78,131
78,133
78,136
78,138
78,143
78,144
78,145
78,148
78,151
78,158
78,163
78,166
78,167
78,170
78,172
78,174
78,176
78,177
78,180
78,181
78,182
78,186
78,187
78,196
81,86
81,92
81,98
81,100
81,101
81,102
81,103
81,108
81,110
81,112
81,120
81,122
81,123
81,124
81,125
81,129
81,131
81,133
81,136
81,138
81,143
81,144
81,145
81,148
81,151
81,158
81,163
81,166
81,167
81,170
81,172
81,174
81,176
81,177
81,180
81,181
81,182
81,186
81,187
81,196
86,92
86,98
86,100
86,101
86,102
86,103
86,108
86,110
86,112
86,120
86,122
86,123
86,124
86,125
86,129
86,131
86,133
86,136
86,138
86,143
86,144
86,145
86,148
86,151
86,158
86,163
86,166
86,167
86,170
86,172
86,174
86,176
86,177
86,180
86,181
86,182
86,186
86,187
86,196
91,112
91,113
91,115
91,117
91,118
91,119
91,121
91,124
92,93
92,94
92,97
92,98
92,99
92,100
92,101
92,102
92,103
92,105
92,106
92,107
92,108
92,110
92,112
92,114
92,120
92,122
92,123
92,124
92,125
92,129
92,131
92,133
92,136
92,138
92,143
92,144
92,145
92,148
92,151
92,158
92,163
92,166
92,167
92,170
92,172
92,174
92,176
92,177
92,180
92,181
92,182
92,186
92,187
92,196
93,94
93,95
93,97
93,99
93,102
93,104
93,105
93,106
93,107
93,108
93,110
93,111
93,112
93,113
93,114
93,115
93,116
93,117
93,118
93,119
93,122
93,123
93,126
93,128
93,129
93,147
93,154
93,159
94,95
94,96
94,97
94,99
94,103
94,105
94,106
94,108
94,109
94,110
94,112
94,114
94,115
94,116
94,117
94,119
94,121
94,124
95,96
95,98
95,100
95,104
95,105
95,107
95,108
95,109
95,110
95,111
95,112
95,113
95,114
95,116
95,117
95,119
95,120
95,122
95,123
95,124
95,125
95,127
95,128
95,129
95,131
95,132
95,133
95,140
95,141
95,153
95,154
96,99
96,100
96,101
96,103
96,105
96,107
96,112
96,114
96,116
96,117
96,118
96,119
96,120
96,123
96,124
96,125
96,127
96,128
96,130
96,131
96,133
96,137
96,139
96,140
96,141
96,147
96,149
96,151
96,155
96,169
96,183
96,199
97,100
98,100
98,101
98,102
98,103
98,104
98,107
98,108
98,110
98,112
98,113
98,114
98,116
98,120
98,122
98,123
98,124
98,125
98,127
98,128
98,129
98,130
98,131
98,132
98,133
98,136
98,138
98,139
98,141
98,143
98,144
98,145
98,148
98,151
98,158
98,163
98,166
98,167
98,170
98,172
98,174
98,176
98,177
98,180
98,181
98,182
98,186
98,187
98,196
99,101
100,101
100,102
100,103
100,107
100,108
100,110
100,112
100,120
100,122
100,123
100,124
100,125
100,129
100,131
100,133
100,136
100,138
100,143
100,144
100,145
100,148
100,151
100,158
100,163
100,166
100,167
100,170
100,172
100,174
100,176
100,177
100,180
100,181
100,182
100,186
100,187
100,196
101,102
101,103
101,105
101,107
101,108
101,110
101,112
101,120
101,122
101,123
101,124
101,125
101,129
101,131
101,133
101,136
101,138
101,143
101,144
101,145
101,148
101,151
101,158
101,163
101,166
101,167
101,170
101,172
101,174
101,176
101,177
101,180
101,181
101,182
101,186
101,187
101,196
102,103
102,105
102,106
102,107
102,108
102,110
102,112
102,113
102,120
102,122
102,123
102,124
102,125
102,127
102,129
102,131
102,133
102,136
102,138
102,143
102,144
102,145
102,148
102,151
102,158
102,161
102,163
102,166
102,167
102,170
102,172
102,174
102,176
102,177
102,180
102,181
102,182
102,186
102,187
102,196
103,108
103,109
103,110
103,112
103,113
103,119
103,120
103,122
103,123
103,124
103,125
103,126
103,127
103,128
103,129
103,130
103,131
103,133
103,136
103,138
103,139
103,141
103,143
103,144
103,145
103,146
103,148
103,151
103,155
103,158
103,159
103,160
103,161
103,163
103,164
103,166
103,167
103,170
103,172
103,174
103,176
103,177
103,180
103,181
103,182
103,186
103,187
103,194
103,195
103,196
104,105
104,106
104,109
104,113
104,116
104,118
104,119
104,120
105,106
105,107
105,109
105,110
105,111
105,112
105,113
105,115
105,116
105,118
105,119
105,120
105,124
105,125
105,127
105,130
105,133
105,139
105,141
105,147
105,149
105,153
105,154
105,155
105,160
105,161
105,169
106,107
107,108
107,109
107,110
107,111
107,115
107,116
107,120
107,124
107,126
107,127
107,129
107,130
107,135
107,139
107,141
107,144
107,146
107,147
107,149
107,150
107,154
107,161
107,162
107,164
108,109
108,110
108,111
108,112
108,113
108,114
108,115
108,118
108,119
108,120
108,121
108,122
108,123
108,124
108,125
108,129
108,131
108,133
108,136
108,138
108,143
108,144
108,145
108,146
108,147
108,148
108,151
108,158
108,162
108,163
108,164
108,166
108,167
108,169
108,170
108,172
108,174
108,176
108,177
108,180
108,181
108,182
108,186
108,187
108,193
108,196
109,110
109,111
109,112
109,113
109,114
109,116
109,118
109,119
109,120
109,121
109,123
109,126
109,127
109,130
109,135
109,139
109,141
109,142
109,147
109,148
109,149
109,150
109,155
109,156
109,159
109,161
109,163
109,165
109,169
109,172
109,179
109,188
109,193
110,111
110,112
110,113
110,115
110,117
110,118
110,119
110,120
110,122
110,123
110,124
110,125
110,126
110,127
110,128
110,129
110,131
110,132
110,133
110,135
110,136
110,138
110,142
110,143
110,144
110,145
110,146
110,147
110,148
110,149
110,150
110,151
110,153
110,155
110,156
110,157
110,158
110,159
110,161
110,162
110,163
110,164
110,165
110,166
110,167
110,170
110,172
110,174
110,176
110,177
110,180
110,181
110,182
110,186
110,187
110,196
111,112
111,113
111,114
111,115
111,117
111,118
111,119
111,123
111,124
111,125
111,126
111,127
111,128
111,129
111,130
111,131
111,135
111,137
111,142
111,146
111,147
111,148
111,149
111,150
111,153
111,154
111,156
111,157
111,159
111,162
111,164
112,113
112,114
112,115
112,116
112,117
112,118
112,119
112,120
112,122
112,123
112,124
112,125
112,126
112,127
112,128
112,129
112,131
112,133
112,136
112,138
112,143
112,144
112,145
112,148
112,151
112,158
112,163
112,166
112,167
112,170
112,172
112,174
112,176
112,177
112,180
112,181
112,182
112,186
112,187
112,196
113,114
113,115
113,116
113,118
113,119
113,121
113,122
113,123
113,126
113,129
113,130
113,131
113,132
113,133
113,137
113,140
113,141
113,142
113,147
113,154
113,155
113,157
113,159
113,160
113,163
113,165
113,169
113,179
113,195
114,116
114,117
114,118
114,119
114,120
114,122
114,123
114,125
114,126
114,129
114,131
114,132
114,133
114,134
114,137
114,139
114,140
114,141
114,142
114,145
114,146
115,118
116,119
116,120
116,126
116,131
116,132
116,135
116,136
116,137
116,139
116,140
116,147
116,153
116,157
116,161
116,162
116,163
116,164
116,165
116,166
116,179
116,193
116,194
116,199
117,119
117,120
117,122
117,124
117,126
117,130
117,131
117,132
117,136
117,137
117,139
117,140
117,141
117,143
117,144
117,145
117,147
117,148
117,149
117,151
117,153
117,154
117,155
117,156
117,157
117,159
117,162
117,166
117,169
117,170
117,175
117,178
117,179
117,188
117,195
118,119
118,120
118,122
118,125
118,126
118,127
118,130
118,133
118,134
118,135
118,137
118,139
118,141
118,142
118,143
118,144
118,145
118,146
118,147
118,150
118,154
118,155
118,157
118,160
118,165
118,169
118,171
118,172
118,174
118,175
118,179
118,188
118,193
118,194
119,120
119,121
119,122
119,124
119,125
119,126
119,127
119,128
119,129
119,132
119,133
119,134
119,135
119,136
119,137
119,138
119,139
119,140
119,141
119,142
119,143
119,144
119,145
119,146
119,148
119,150
119,153
119,154
119,156
119,157
119,160
119,161
119,163
119,164
119,165
119,166
119,170
119,172
119,174
119,175
119,178
119,179
119,188
119,191
119,193
119,195
120,121
120,122
120,123
120,124
120,125
120,126
120,128
120,129
120,130
120,131
120,133
120,134
120,135
120,136
120,138
120,139
120,140
120,142
120,143
120,144
120,145
120,148
120,150
120,151
120,152
120,154
120,156
120,158
120,159
120,160
120,161
120,162
120,163
120,165
120,166
120,167
120,170
120,171
120,172
120,174
120,176
120,177
120,180
120,181
120,182
120,186
120,187
120,191
120,192
120,193
120,195
120,196
120,198
120,199
121,125
121,126
121,127
121,128
121,129
121,130
121,131
121,132
121,134
121,135
121,137
121,138
121,139
121,140
121,141
121,142
121,143
121,144
121,145
121,146
121,147
121,148
121,149
121,150
121,152
121,153
121,154
121,155
121,156
121,157
121,159
121,160
121,161
122,123
122,124
122,125
122,128
122,129
122,131
122,133
122,135
122,136
122,138
122,141
122,142
122,143
122,144
122,145
122,146
122,147
122,148
122,149
122,151
122,152
122,156
122,158
122,160
122,163
122,164
122,166
122,167
122,168
122,170
122,171
122,172
122,173
122,174
122,176
122,177
122,178
122,179
122,180
122,181
122,182
122,183
122,186
122,187
122,191
122,196
123,124
123,125
123,128
123,129
123,131
123,133
123,134
123,135
123,136
123,137
123,138
123,141
123,143
123,144
123,145
123,146
123,147
123,148
123,151
123,152
123,153
123,154
123,155
123,156
123,158
123,160
123,163
123,166
123,167
123,170
123,172
123,173
123,174
123,176
123,177
123,180
123,181
123,182
123,186
123,187
123,196
124,125
124,128
124,129
124,130
124,131
124,133
124,136
124,138
124,143
124,144
124,145
124,148
124,151
124,158
124,163
124,166
124,167
124,170
124,172
124,174
124,176
124,177
124,180
124,181
124,182
124,186
124,187
124,196
125,127
125,128
125,129
125,130
125,131
125,132
125,133
125,135
125,136
125,137
125,138
125,139
125,142
125,143
125,144
125,145
125,147
125,148
125,151
125,158
125,163
125,166
125,167
125,170
125,172
125,174
125,176
125,177
125,180
125,181
125,182
125,186
125,187
125,196
126,127
126,129
126,130
126,134
126,136
126,137
126,138
126,139
126,142
126,144
126,147
126,148
126,149
126,156
126,164
126,165
126,166
126,168
126,169
126,171
126,173
127,128
127,130
127,133
127,134
127,135
127,136
127,137
127,139
127,140
127,141
127,143
127,148
127,149
127,150
127,151
127,152
127,153
127,154
127,155
127,156
127,157
127,160
127,161
127,163
127,164
127,166
127,169
127,173
127,174
127,179
127,183
127,191
127,199
128,129
128,130
128,132
129,130
129,131
129,132
129,133
129,135
129,136
129,137
129,138
129,139
129,140
129,143
129,144
129,145
129,148
129,151
129,152
129,153
129,154
129,155
129,157
129,158
129,163
129,164
129,166
129,167
129,169
129,170
129,172
129,173
129,174
129,176
129,177
129,180
129,181
129,182
129,186
129,187
129,191
129,192
129,196
129,197
129,198
130,132
130,133
130,134
130,136
130,137
130,138
130,139
130,140
130,142
130,146
130,147
130,149
130,150
130,151
130,152
130,153
130,155
130,157
130,160
130,161
130,169
130,170
130,171
130,172
130,173
130,174
130,179
130,183
130,189
130,190
130,191
130,192
130,193
130,194
130,197
130,198
131,132
131,133
131,135
131,136
131,137
131,138
131,139
131,140
131,143
131,144
131,145
131,146
131,147
131,148
131,149
131,150
131,151
131,152
131,153
131,154
131,155
131,156
131,158
131,159
131,162
131,163
131,166
131,167
131,170
131,172
131,174
131,176
131,177
131,179
131,180
131,181
131,182
131,186
131,187
131,188
131,189
131,190
131,191
131,193
131,194
131,196
131,198
132,134
132,135
132,136
132,137
132,138
132,140
132,141
132,143
132,144
132,145
132,147
132,148
132,149
132,151
132,152
132,153
132,154
132,156
132,157
132,159
132,160
132,161
132,162
132,164
132,169
132,170
132,171
132,172
132,173
132,174
132,178
132,179
132,183
132,184
132,188
132,191
132,193
132,194
133,134
133,136
133,138
133,141
133,142
133,143
133,144
133,145
133,146
133,147
133,148
133,149
133,150
133,151
133,152
133,153
133,154
133,155
133,156
133,158
133,159
133,160
133,161
133,163
133,166
133,167
133,170
133,171
133,172
133,174
133,176
133,177
133,179
133,180
133,181
133,182
133,184
133,186
133,187
133,189
133,190
133,192
133,193
133,194
133,196
134,135
134,136
134,137
134,140
134,142
134,146
134,147
134,148
134,149
134,150
134,152
134,154
134,155
134,156
134,157
134,160
134,161
134,162
134,168
134,170
134,171
134,172
135,136
135,137
135,138
135,139
135,140
135,145
135,146
135,149
135,150
135,151
135,153
135,154
136,137
136,138
136,141
136,142
136,143
136,144
136,145
136,148
136,149
136,151
136,158
136,163
136,166
136,167
136,170
136,172
136,174
136,176
136,177
136,180
136,181
136,182
136,186
136,187
136,196
137,138
137,139
137,141
138,143
138,144
138,145
138,148
138,151
138,158
138,163
138,166
138,167
138,170
138,172
138,174
138,176
138,177
138,180
138,181
138,182
138,186
138,187
138,196
139,140
139,141
139,145
139,146
139,156
139,160
139,162
139,163
139,164
139,189
140,141
140,143
140,144
140,145
140,146
141,143
141,144
141,145
141,146
141,147
141,150
141,152
141,153
141,155
141,157
141,159
141,160
141,161
141,162
141,163
141,164
141,172
141,175
141,177
141,188
141,189
142,143
142,144
142,145
142,149
142,150
142,154
142,156
142,157
142,159
142,160
142,170
142,172
142,177
142,179
142,184
142,188
142,191
143,144
143,145
143,147
143,148
143,149
143,150
143,151
143,152
143,154
143,156
143,158
143,159
143,160
143,161
143,162
143,163
143,166
143,167
143,170
143,172
143,173
143,174
143,176
143,177
143,180
143,181
143,182
143,186
143,187
143,196
144,145
144,146
144,147
144,148
144,151
144,158
144,163
144,166
144,167
144,170
144,172
144,174
144,176
144,177
144,180
144,181
144,182
144,186
144,187
144,196
145,148
145,149
145,150
145,151
145,152
145,153
145,154
145,155
145,156
145,157
145,158
145,159
145,160
145,161
145,162
145,163
145,164
145,165
145,166
145,167
145,169
145,170
145,171
145,172
145,173
145,174
145,175
145,176
145,177
145,179
145,180
145,181
145,182
145,186
145,187
145,190
145,191
145,196
145,199
146,147
146,149
146,152
146,153
146,155
146,157
146,158
146,161
146,162
146,164
146,178
146,183
146,188
146,189
146,190
146,191
146,193
147,148
147,151
147,152
147,153
147,155
147,157
147,159
147,160
147,161
147,162
147,164
147,165
147,170
147,174
147,175
147,177
147,178
147,179
147,183
147,186
147,188
147,192
147,193
147,198
147,199
148,149
148,150
148,151
148,152
148,153
148,156
148,157
148,158
148,159
148,160
148,161
148,162
148,163
148,164
148,166
148,167
148,170
148,172
148,173
148,174
148,175
148,176
148,177
148,179
148,180
148,181
148,182
148,183
148,184
148,186
148,187
148,190
148,192
148,196
149,150
149,151
149,152
149,153
149,155
149,157
149,158
149,159
149,160
149,161
149,162
149,163
149,164
149,168
149,169
149,173
149,175
149,177
149,178
149,181
149,183
149,184
149,186
149,187
149,188
149,189
149,190
149,192
149,194
149,195
149,197
149,198
149,199
150,151
150,154
150,157
150,158
150,159
150,160
150,161
150,162
150,163
150,164
150,165
150,166
150,168
150,169
150,170
150,171
150,172
150,173
150,174
150,177
150,178
151,152
151,155
151,156
151,158
151,159
151,161
151,162
151,163
151,165
151,166
151,167
151,170
151,172
151,174
151,176
151,177
151,180
151,181
151,182
151,186
151,187
151,196
152,155
152,156
153,154
153,155
153,156
153,158
153,159
153,160
153,162
153,164
153,166
153,168
153,170
153,172
153,173
153,174
153,175
153,177
153,178
153,185
153,187
153,189
153,195
153,197
153,199
154,156
154,157
154,158
154,159
154,160
154,162
154,164
154,165
154,168
154,170
154,172
154,173
154,175
154,177
154,178
154,183
154,184
154,187
154,188
154,189
154,190
154,192
154,193
154,198
155,159
155,160
155,161
155,162
155,164
155,165
155,166
155,168
155,171
155,173
155,174
155,175
155,178
155,179
155,184
155,185
155,186
155,187
155,189
155,190
155,191
155,193
155,195
155,196
155,197
155,198
156,157
156,158
156,159
156,160
156,161
156,162
156,163
156,165
156,166
156,168
157,158
157,159
157,160
157,161
157,162
157,163
157,164
157,165
157,168
157,170
157,172
157,173
157,175
157,185
157,187
157,188
157,189
157,192
157,193
157,194
157,195
157,196
157,199
158,163
158,166
158,167
158,170
158,172
158,174
158,176
158,177
158,180
158,181
158,182
158,186
158,187
158,196
159,162
159,163
159,164
159,165
159,170
159,174
159,177
159,184
159,185
159,186
159,187
159,189
159,190
159,191
159,192
159,193
159,194
159,195
159,196
159,198
160,162
160,163
160,165
160,166
160,170
160,171
160,172
160,173
160,174
160,175
160,177
160,178
160,180
160,183
160,184
160,188
160,189
160,190
160,193
160,194
160,196
160,198
160,199
161,162
161,163
161,164
161,165
161,174
161,175
161,177
161,178
161,179
161,180
161,181
161,183
161,184
161,185
161,188
161,189
161,190
161,191
161,196
161,197
161,198
162,165
162,166
162,168
162,170
162,171
162,172
162,173
162,174
162,175
162,177
162,178
162,179
162,180
162,181
162,183
162,184
162,185
162,186
162,187
162,188
162,190
162,191
162,192
162,193
162,196
162,197
162,198
163,164
163,165
163,166
163,167
163,170
163,171
163,172
163,174
163,176
163,177
163,180
163,181
163,182
163,183
163,184
163,185
163,186
163,187
163,191
163,193
163,196
163,197
163,198
164,165
164,166
164,169
164,171
164,172
164,173
164,174
164,175
164,176
164,177
164,179
164,185
164,187
165,166
165,168
165,169
165,170
166,167
166,168
166,169
166,170
166,172
166,174
166,176
166,177
166,178
166,180
166,181
166,182
166,184
166,186
166,187
166,188
166,189
166,190
166,195
166,196
166,198
166,199
167,170
167,172
167,174
167,176
167,177
167,180
167,181
167,182
167,186
167,187
167,196
168,169
168,170
168,171
168,172
168,173
168,174
168,175
168,176
168,179
169,172
169,173
169,174
169,175
169,178
169,179
169,183
169,188
169,190
170,172
170,174
170,176
170,177
170,178
170,179
170,180
170,181
170,182
170,186
170,187
170,188
170,190
170,195
170,196
171,174
171,175
171,177
171,178
171,179
172,174
172,175
172,176
172,177
172,179
172,180
172,181
172,182
172,185
172,186
172,187
172,196
173,176
173,178
173,179
173,183
173,189
173,191
173,193
173,199
174,176
174,177
174,178
174,179
174,180
174,181
174,182
174,186
174,187
174,193
174,194
174,195
174,196
174,197
174,198
174,199
175,177
175,179
175,180
175,183
175,185
175,186
175,187
175,189
175,190
175,191
175,193
175,194
175,195
175,197
175,198
176,177
176,179
176,180
176,181
176,182
176,184
176,185
176,186
176,187
176,191
176,192
176,193
176,194
176,196
176,197
176,198
176,199
177,180
177,181
177,182
177,186
177,187
177,196
178,180
178,182
178,185
178,186
178,191
178,192
178,197
179,182
179,183
179,185
180,181
180,182
180,185
180,186
180,187
180,189
180,190
180,191
180,192
180,196
180,197
180,199
181,182
181,186
181,187
181,189
181,190
181,191
181,192
181,193
181,194
181,195
181,196
181,198
181,199
182,184
182,186
182,187
182,188
182,189
182,190
182,193
182,194
182,195
182,196
182,197
183,184
183,185
183,188
183,189
183,191
183,192
183,194
183,195
183,197
183,198
183,199
184,185
184,187
184,188
184,189
184,190
184,191
184,192
184,193
184,194
184,195
185,187
186,187
186,188
186,189
186,191
186,192
186,194
186,195
186,196
186,199
187,188
187,189
187,190
187,191
187,193
187,195
187,196
188,189
188,190
188,191
188,193
188,194
188,195
188,198
188,199
189,190
189,191
189,192
189,193
189,194
189,195
189,198
189,199
190,194
190,195
190,196
190,198
190,199
191,192
191,193
191,195
191,196
191,198
192,193
192,195
192,198
193,194
193,196
193,197
194,195
194,196
194,197
194,198
195,196
195,197
195,198
196,197
196,198
196,199
197,198
197,199
198,199
