0,1
0,2
0,3
0,4
0,5
0,6
0,7
0,8
0,9
0,10
0,11
0,12
0,13
0,14
0,15
0,16
0,17
0,18
0,19
0,20
0,21
0,22
0,23
0,24
0,25
0,26
0,27
0,28
0,29
0,30
0,31
0,32
0,33
0,34
0,35
0,36
0,37
0,38
0,39
0,40
0,41
0,42
0,43
0,44
0,45
0,46
0,47
0,48
0,49
0,50
0,51
0,52
0,53
0,54
0,55
0,56
0,57
0,58
0,59
0,60
0,61
0,62
0,63
0,64
0,65
0,66
0,105
0,112
0,113
0,115
1,2
1,3
1,4
1,5
1,6
1,7
1,8
1,9
1,10
1,11
1,12
1,13
1,14
1,15
1,16
1,17
1,18
1,19
1,20
1,21
1,22
1,23
1,24
1,25
1,26
1,27
1,28
1,29
1,30
1,31
1,32
1,33
1,34
1,35
1,36
1,37
1,38
1,39
1,40
1,41
1,42
1,43
1,44
1,45
1,46
1,47
1,48
1,49
1,50
1,51
1,52
1,53
1,54
1,55
1,56
1,57
1,58
1,59
1,60
1,61
1,62
1,63
1,64
1,65
1,66
1,104
1,105
1,108
1,109
1,112
1,113
1,114
1,115
1,122
1,124
1,125
1,132
1,134
1,138
1,140
1,141
2,3
2,4
2,5
2,6
2,7
2,8
2,9
2,10
2,11
2,12
2,13
2,14
2,15
2,16
2,17
2,18
2,19
2,20
2,21
2,22
2,23
2,24
2,25
2,26
2,27
2,28
2,29
2,30
2,31
2,32
2,33
2,34
2,35
2,36
2,37
2,38
2,39
2,40
2,41
2,42
2,43
2,44
2,45
2,46
2,47
2,48
2,49
2,50
2,51
2,52
2,53
2,54
2,55
2,56
2,57
2,58
2,59
2,60
2,61
2,62
2,63
2,64
2,65
2,66
3,4
3,5
3,6
3,7
3,8
3,9
3,10
3,11
3,12
3,13
3,14
3,15
3,16
3,17
3,18
3,19
3,20
3,21
3,22
3,23
3,24
3,25
3,26
3,27
3,28
3,29
3,30
3,31
3,32
3,33
3,34
3,35
3,36
3,37
3,38
3,39
3,40
3,41
3,42
3,43
3,44
3,45
3,46
3,47
3,48
3,49
3,50
3,51
3,52
3,53
3,54
3,55
3,56
3,57
3,58
3,59
3,60
3,61
3,62
3,63
3,64
3,65
3,66
4,5
4,6
4,7
4,8
4,9
4,10
4,11
4,12
4,13
4,14
4,15
4,16
4,17
4,18
4,19
4,20
4,21
4,22
4,23
4,24
4,25
4,26
4,27
4,28
4,29
4,30
4,31
4,32
4,33
4,34
4,35
4,36
4,37
4,38
4,39
4,40
4,41
4,42
4,43
4,44
4,45
4,46
4,47
4,48
4,49
4,50
4,51
4,52
4,53
4,54
4,55
4,56
4,57
4,58
4,59
4,60
4,61
4,62
4,63
4,64
4,65
4,66
5,6
5,7
5,8
5,9
5,10
5,11
5,12
5,13
5,14
5,15
5,16
5,17
5,18
5,19
5,20
5,21
5,22
5,23
5,24
5,25
5,26
5,27
5,28
5,29
5,30
5,31
5,32
5,33
5,34
5,35
5,36
5,37
5,38
5,39
5,40
5,41
5,42
5,43
5,44
5,45
5,46
5,47
5,48
5,49
5,50
5,51
5,52
5,53
5,54
5,55
5,56
5,57
5,58
5,59
5,60
5,61
5,62
5,63
5,64
5,65
5,66
6,7
6,8
6,9
6,10
6,11
6,12
6,13
6,14
6,15
6,16
6,17
6,18
6,19
6,20
6,21
6,22
6,23
6,24
6,25
6,26
6,27
6,28
6,29
6,30
6,31
6,32
6,33
6,34
6,35
6,36
6,37
6,38
6,39
6,40
6,41
6,42
6,43
6,44
6,45
6,46
6,47
6,48
6,49
6,50
6,51
6,52
6,53
6,54
6,55
6,56
6,57
6,58
6,59
6,60
6,61
6,62
6,63
6,64
6,65
6,66
7,8
7,9
7,10
7,11
7,12
7,13
7,14
7,15
7,16
7,17
7,18
7,19
7,20
7,21
7,22
7,23
7,24
7,25
7,26
7,27
7,28
7,29
7,30
7,31
7,32
7,33
7,34
7,35
7,36
7,37
7,38
7,39
7,40
7,41
7,42
7,43
7,44
7,45
7,46
7,47
7,48
7,49
7,50
7,51
7,52
7,53
7,54
7,55
7,56
7,57
7,58
7,59
7,60
7,61
7,62
7,63
7,64
7,65
7,66
7,68
7,69
7,70
7,72
7,73
7,76
7,77
7,79
7,80
7,82
7,83
7,87
7,93
7,95
7,102
7,115
7,116
7,120
7,121
7,124
7,127
7,128
7,131
7,132
7,139
7,142
7,145
7,148
7,149
7,150
7,158
7,159
7,161
7,163
7,167
7,169
7,176
7,178
7,180
7,181
7,192
7,193
7,196
7,197
7,198
7,199
8,9
8,10
8,11
8,12
8,13
8,14
8,15
8,16
8,17
8,18
8,19
8,20
8,21
8,22
8,23
8,24
8,25
8,26
8,27
8,28
8,29
8,30
8,31
8,32
8,33
8,34
8,35
8,36
8,37
8,38
8,39
8,40
8,41
8,42
8,43
8,44
8,45
8,46
8,47
8,48
8,49
8,50
8,51
8,52
8,53
8,54
8,55
8,56
8,57
8,58
8,59
8,60
8,61
8,62
8,63
8,64
8,65
8,66
8,68
8,69
8,70
8,72
8,73
8,76
8,77
8,79
8,80
8,82
8,83
8,87
8,93
8,95
8,102
8,115
8,116
8,120
8,121
8,124
8,127
8,128
8,131
8,132
8,139
8,142
8,145
8,148
8,149
8,150
8,158
8,159
8,161
8,163
8,167
8,169
8,176
8,178
8,180
8,181
8,192
8,193
8,196
8,197
8,198
8,199
9,10
9,11
9,12
9,13
9,14
9,15
9,16
9,17
9,18
9,19
9,20
9,21
9,22
9,23
9,24
9,25
9,26
9,27
9,28
9,29
9,30
9,31
9,32
9,33
9,34
9,35
9,36
9,37
9,38
9,39
9,40
9,41
9,42
9,43
9,44
9,45
9,46
9,47
9,48
9,49
9,50
9,51
9,52
9,53
9,54
9,55
9,56
9,57
9,58
9,59
9,60
9,61
9,62
9,63
9,64
9,65
9,66
10,11
10,12
10,13
10,14
10,15
10,16
10,17
10,18
10,19
10,20
10,21
10,22
10,23
10,24
10,25
10,26
10,27
10,28
10,29
10,30
10,31
10,32
10,33
10,34
10,35
10,36
10,37
10,38
10,39
10,40
10,41
10,42
10,43
10,44
10,45
10,46
10,47
10,48
10,49
10,50
10,51
10,52
10,53
10,54
10,55
10,56
10,57
10,58
10,59
10,60
10,61
10,62
10,63
10,64
10,65
11,12
11,13
11,14
11,15
11,16
11,17
11,18
11,19
11,20
11,21
11,22
11,23
11,24
11,25
11,26
11,27
11,28
11,29
11,30
11,31
11,32
11,33
11,34
11,35
11,36
11,37
11,38
11,39
11,40
11,41
11,42
11,43
11,44
11,45
11,46
11,47
11,48
11,49
11,50
11,51
11,52
11,53
11,54
11,55
11,56
11,57
11,58
11,59
11,60
11,61
11,62
11,63
11,64
11,65
11,66
11,118
11,122
11,124
11,125
11,126
11,131
11,141
12,13
12,14
12,15
12,16
12,17
12,18
12,19
12,20
12,21
12,22
12,23
12,24
12,25
12,26
12,27
12,28
12,29
12,30
12,31
12,32
12,33
12,34
12,35
12,36
12,37
12,38
12,39
12,40
12,41
12,42
12,43
12,44
12,45
12,46
12,47
12,48
12,49
12,50
12,51
12,52
12,53
12,54
12,55
12,56
12,57
12,58
12,59
12,60
12,61
12,62
12,63
12,64
12,65
12,66
12,98
13,14
13,15
13,16
13,17
13,18
13,19
13,20
13,21
13,22
13,23
13,24
13,25
13,26
13,27
13,28
13,29
13,30
13,31
13,32
13,33
13,34
13,35
13,36
13,37
13,38
13,39
13,40
13,41
13,42
13,43
13,44
13,45
13,46
13,47
13,48
13,49
13,50
13,51
13,52
13,53
13,54
13,55
13,56
13,57
13,58
13,59
13,60
13,61
13,62
13,63
13,64
13,65
13,66
13,68
13,69
13,70
13,72
13,73
13,76
13,77
13,79
13,80
13,82
13,83
13,87
13,89
13,90
13,93
13,95
13,96
13,97
13,98
13,101
13,102
13,106
13,108
13,109
13,112
13,113
13,115
13,116
13,118
13,120
13,121
13,122
13,123
13,124
13,125
13,126
13,127
13,128
13,131
13,132
13,133
13,139
13,140
13,141
13,142
13,144
13,145
13,147
13,148
13,149
13,150
13,151
13,158
13,159
13,161
13,163
13,167
13,169
13,176
13,178
13,180
13,181
13,192
13,193
13,196
13,197
13,198
13,199
14,15
14,16
14,17
14,18
14,19
14,20
14,21
14,22
14,23
14,24
14,25
14,26
14,27
14,28
14,29
14,30
14,31
14,32
14,33
14,34
14,35
14,36
14,37
14,38
14,39
14,40
14,41
14,42
14,43
14,44
14,45
14,46
14,47
14,48
14,49
14,50
14,51
14,52
14,53
14,54
14,55
14,56
14,57
14,58
14,59
14,60
14,61
14,62
14,63
14,64
14,65
14,66
15,16
15,17
15,18
15,19
15,20
15,21
15,22
15,23
15,24
15,25
15,26
15,27
15,28
15,29
15,30
15,31
15,32
15,33
15,34
15,35
15,36
15,37
15,38
15,39
15,40
15,41
15,42
15,43
15,44
15,45
15,46
15,47
15,48
15,49
15,50
15,51
15,52
15,53
15,54
15,55
15,56
15,57
15,58
15,59
15,60
15,61
15,62
15,63
15,64
15,65
15,66
15,95
15,98
15,101
15,102
16,17
16,18
16,19
16,20
16,21
16,22
16,23
16,24
16,25
16,26
16,27
16,28
16,29
16,30
16,31
16,32
16,33
16,34
16,35
16,36
16,37
16,38
16,39
16,40
16,41
16,42
16,43
16,44
16,45
16,46
16,47
16,48
16,49
16,50
16,51
16,52
16,53
16,54
16,55
16,56
16,57
16,58
16,59
16,60
16,61
16,62
16,63
16,64
16,65
16,66
16,68
16,69
16,70
16,72
16,73
16,76
16,77
16,79
16,80
16,82
16,83
16,87
16,93
16,95
16,102
16,115
16,116
16,120
16,121
16,124
16,127
16,128
16,131
16,132
16,139
16,142
16,145
16,148
16,149
16,150
16,158
16,159
16,161
16,163
16,167
16,169
16,176
16,178
16,180
16,181
16,192
16,193
16,196
16,197
16,198
16,199
17,18
17,19
17,20
17,21
17,22
17,23
17,24
17,25
17,26
17,27
17,28
17,29
17,30
17,31
17,32
17,33
17,34
17,35
17,36
17,37
17,38
17,39
17,40
17,41
17,42
17,43
17,44
17,45
17,46
17,47
17,48
17,49
17,50
17,51
17,52
17,53
17,54
17,55
17,56
17,57
17,58
17,59
17,60
17,61
17,62
17,63
17,64
17,65
17,66
17,89
17,90
17,92
17,95
17,96
17,97
17,98
17,101
17,105
17,109
17,111
17,113
17,114
17,115
17,123
17,124
17,125
17,130
17,131
17,132
17,133
17,138
17,141
17,144
17,147
17,151
17,156
17,159
17,161
17,162
17,171
17,173
18,19
18,20
18,21
18,22
18,23
18,24
18,25
18,26
18,27
18,28
18,29
18,30
18,31
18,32
18,33
18,34
18,35
18,36
18,37
18,38
18,39
18,40
18,41
18,42
18,43
18,44
18,45
18,46
18,47
18,48
18,49
18,50
18,51
18,52
18,53
18,54
18,55
18,56
18,57
18,58
18,59
18,60
18,61
18,62
18,63
18,64
18,65
18,66
18,68
18,69
18,70
18,71
18,72
18,73
18,76
18,77
18,79
18,80
18,81
18,82
18,83
18,84
18,87
18,89
18,90
18,91
18,93
18,94
18,95
18,96
18,97
18,98
18,99
18,101
18,102
18,104
18,105
18,106
18,107
18,108
18,109
18,110
18,111
18,112
18,114
18,115
18,116
18,118
18,120
18,121
18,123
18,124
18,125
18,127
18,128
18,129
18,130
18,131
18,132
18,133
18,135
18,139
18,140
18,141
18,142
18,143
18,144
18,145
18,148
18,149
18,150
18,151
18,156
18,158
18,159
18,161
18,163
18,167
18,169
18,170
18,171
18,174
18,175
18,176
18,178
18,180
18,181
18,182
18,190
18,192
18,193
18,196
18,197
18,198
18,199
19,20
19,21
19,22
19,23
19,24
19,25
19,26
19,27
19,28
19,29
19,30
19,31
19,32
19,33
19,34
19,35
19,36
19,37
19,38
19,39
19,40
19,41
19,42
19,43
19,44
19,45
19,46
19,47
19,48
19,49
19,50
19,51
19,52
19,53
19,54
19,55
19,56
19,57
19,58
19,59
19,60
19,61
19,62
19,63
19,64
19,65
19,66
19,68
19,69
19,70
19,72
19,73
19,76
19,77
19,79
19,80
19,82
19,83
19,87
19,93
19,95
19,102
19,115
19,116
19,120
19,121
19,124
19,127
19,128
19,131
19,132
19,139
19,142
19,145
19,148
19,149
19,150
19,158
19,159
19,161
19,163
19,167
19,169
19,176
19,178
19,180
19,181
19,192
19,193
19,196
19,197
19,198
19,199
20,21
20,22
20,23
20,24
20,25
20,26
20,27
20,28
20,29
20,30
20,31
20,32
20,33
20,34
20,35
20,36
20,37
20,38
20,39
20,40
20,41
20,42
20,43
20,44
20,45
20,46
20,47
20,48
20,49
20,50
20,51
20,52
20,53
20,54
20,55
20,56
20,57
20,58
20,59
20,60
20,61
20,62
20,63
20,64
20,65
20,66
20,81
20,83
20,84
20,85
20,86
20,87
20,89
20,90
20,91
20,92
20,94
20,95
20,99
20,100
20,101
20,102
20,105
20,106
20,107
20,108
20,109
20,110
20,111
20,112
20,115
20,117
20,123
20,124
20,125
20,129
20,130
20,131
20,132
20,133
20,134
20,135
20,138
20,140
20,141
20,142
20,144
20,147
20,150
20,151
20,152
20,156
20,159
20,160
20,164
20,165
20,170
20,171
20,173
20,174
20,175
20,178
20,179
21,22
21,23
21,24
21,25
21,26
21,27
21,28
21,29
21,30
21,31
21,32
21,33
21,34
21,35
21,36
21,37
21,38
21,39
21,40
21,41
21,42
21,43
21,44
21,45
21,46
21,47
21,48
21,49
21,50
21,51
21,52
21,53
21,54
21,55
21,56
21,57
21,58
21,59
21,60
21,61
21,62
21,63
21,64
21,65
21,66
21,79
21,81
21,82
21,83
21,84
21,86
21,87
21,89
21,90
21,92
21,93
21,94
21,95
21,96
21,97
21,98
21,99
21,101
21,102
21,103
21,104
21,105
21,106
21,107
21,108
21,110
21,111
21,112
21,113
21,116
21,117
21,121
21,122
21,123
21,125
21,126
21,129
21,130
21,131
21,132
21,133
21,134
21,135
21,137
21,138
21,140
21,141
21,143
21,144
21,146
21,149
21,150
21,151
21,152
21,156
21,159
21,160
21,161
21,164
21,165
21,169
21,170
21,171
21,172
21,173
21,174
21,175
21,177
21,179
21,182
21,190
21,192
21,194
21,197
22,23
22,24
22,25
22,26
22,27
22,28
22,29
22,30
22,31
22,32
22,33
22,34
22,35
22,36
22,37
22,38
22,39
22,40
22,41
22,42
22,43
22,44
22,45
22,46
22,47
22,48
22,49
22,50
22,51
22,52
22,53
22,54
22,55
22,56
22,57
22,58
22,59
22,60
22,61
22,62
22,63
22,64
22,65
22,66
22,68
22,69
22,70
22,72
22,73
22,76
22,77
22,79
22,80
22,81
22,82
22,83
22,84
22,85
22,86
22,87
22,88
22,89
22,90
22,91
22,93
22,94
22,95
22,96
22,97
22,99
22,100
22,101
22,102
22,103
22,104
22,105
22,106
22,107
22,108
22,110
22,111
22,112
22,113
22,114
22,115
22,116
22,117
22,118
22,120
22,121
22,122
22,123
22,124
22,126
22,127
22,128
22,130
22,131
22,132
22,133
22,134
22,135
22,136
22,137
22,138
22,139
22,141
22,142
22,144
22,145
22,146
22,147
22,148
22,149
22,150
22,158
22,159
22,161
22,163
22,167
22,169
22,176
22,178
22,180
22,181
22,192
22,193
22,196
22,197
22,198
22,199
23,24
23,25
23,26
23,27
23,28
23,29
23,30
23,31
23,32
23,33
23,34
23,35
23,36
23,37
23,38
23,39
23,40
23,41
23,42
23,43
23,44
23,45
23,46
23,47
23,48
23,49
23,50
23,51
23,52
23,53
23,54
23,55
23,56
23,57
23,58
23,59
23,60
23,61
23,62
23,63
23,64
23,65
23,66
23,79
23,82
23,84
23,85
23,86
23,87
23,88
23,89
23,90
23,92
23,93
23,94
23,97
23,98
23,99
23,100
23,101
23,102
23,103
23,104
23,105
23,106
23,107
23,108
23,109
23,111
23,112
23,113
23,115
23,116
23,117
23,118
23,119
23,120
23,121
23,122
23,123
23,125
23,126
23,130
23,131
23,133
23,134
23,135
23,136
23,137
23,138
23,139
23,141
23,142
23,143
23,144
23,146
23,149
24,25
24,26
24,27
24,28
24,29
24,30
24,31
24,32
24,33
24,34
24,35
24,36
24,37
24,38
24,39
24,40
24,41
24,42
24,43
24,44
24,45
24,46
24,47
24,48
24,49
24,50
24,51
24,52
24,53
24,54
24,55
24,56
24,57
24,58
24,59
24,60
24,61
24,62
24,63
24,64
24,65
24,66
24,68
24,69
24,70
24,72
24,73
24,76
24,77
24,79
24,80
24,81
24,82
24,83
24,84
24,85
24,86
24,87
24,88
24,89
24,90
24,91
24,92
24,93
24,94
24,95
24,97
24,98
24,99
24,100
24,101
24,102
24,103
24,104
24,105
24,107
24,108
24,110
24,111
24,112
24,113
24,114
24,115
24,116
24,117
24,118
24,119
24,120
24,121
24,122
24,123
24,124
24,125
24,126
24,127
24,128
24,130
24,131
24,132
24,133
24,134
24,135
24,136
24,138
24,139
24,141
24,142
24,143
24,145
24,146
24,147
24,148
24,149
24,150
24,153
24,156
24,158
24,159
24,160
24,161
24,162
24,163
24,167
24,169
24,171
24,173
24,174
24,175
24,176
24,178
24,179
24,180
24,181
24,182
24,183
24,188
24,189
24,190
24,192
24,193
24,196
24,197
24,198
24,199
25,26
25,27
25,28
25,29
25,30
25,31
25,32
25,33
25,34
25,35
25,36
25,37
25,38
25,39
25,40
25,41
25,42
25,43
25,44
25,45
25,46
25,47
25,48
25,49
25,50
25,51
25,52
25,53
25,54
25,55
25,56
25,57
25,58
25,59
25,60
25,61
25,62
25,63
25,64
25,65
25,66
25,78
25,80
25,81
25,82
25,83
25,84
25,85
25,86
25,87
25,88
25,90
25,91
25,93
25,94
25,95
25,96
25,99
25,100
25,101
25,103
25,104
25,105
25,106
25,107
25,108
25,109
25,111
25,112
25,113
25,114
25,115
25,116
25,117
25,118
25,119
25,121
25,122
25,123
25,124
25,126
25,127
25,130
25,131
25,132
25,133
25,134
25,135
25,136
25,137
25,139
25,140
25,141
25,142
25,143
25,144
25,145
25,146
25,147
25,152
25,153
25,154
25,155
25,156
25,158
25,159
25,160
25,161
25,162
25,163
25,164
25,165
25,166
25,167
25,169
25,170
25,171
25,172
25,173
25,174
25,175
25,177
26,27
26,28
26,29
26,30
26,31
26,32
26,33
26,34
26,35
26,36
26,37
26,38
26,39
26,40
26,41
26,42
26,43
26,44
26,45
26,46
26,47
26,48
26,49
26,50
26,51
26,52
26,53
26,54
26,55
26,56
26,57
26,58
26,59
26,60
26,61
26,62
26,63
26,64
26,65
26,66
26,68
26,69
26,70
26,72
26,73
26,76
26,77
26,79
26,80
26,82
26,83
26,87
26,93
26,95
26,102
26,115
26,116
26,120
26,121
26,124
26,127
26,128
26,131
26,132
26,139
26,142
26,145
26,148
26,149
26,150
26,158
26,159
26,161
26,163
26,167
26,169
26,176
26,178
26,180
26,181
26,192
26,193
26,196
26,197
26,198
26,199
27,28
27,29
27,30
27,31
27,32
27,33
27,34
27,35
27,36
27,37
27,38
27,39
27,40
27,41
27,42
27,43
27,44
27,45
27,46
27,47
27,48
27,49
27,50
27,51
27,52
27,53
27,54
27,55
27,56
27,57
27,58
27,59
27,60
27,61
27,62
27,63
27,64
27,65
27,66
27,68
27,69
27,70
27,72
27,73
27,76
27,77
27,79
27,80
27,82
27,83
27,87
27,93
27,95
27,102
27,103
27,104
27,105
27,106
27,108
27,110
27,112
27,113
27,114
27,115
27,116
27,117
27,118
27,119
27,120
27,121
27,124
27,125
27,126
27,127
27,128
27,130
27,131
27,132
27,139
27,142
27,145
27,148
27,149
27,150
27,158
27,159
27,161
27,163
27,167
27,169
27,176
27,178
27,180
27,181
27,192
27,193
27,196
27,197
27,198
27,199
28,29
28,30
28,31
28,32
28,33
28,34
28,35
28,36
28,37
28,38
28,39
28,40
28,41
28,42
28,43
28,44
28,45
28,46
28,47
28,48
28,49
28,50
28,51
28,52
28,53
28,54
28,55
28,56
28,57
28,58
28,59
28,60
28,61
28,62
28,63
28,64
28,65
28,66
29,30
29,31
29,32
29,33
29,34
29,35
29,36
29,37
29,38
29,39
29,40
29,41
29,42
29,43
29,44
29,45
29,46
29,47
29,48
29,49
29,50
29,51
29,52
29,53
29,54
29,55
29,56
29,57
29,58
29,59
29,60
29,61
29,62
29,63
29,64
29,65
29,66
29,81
29,82
29,83
29,86
29,87
29,91
29,92
29,93
29,94
29,95
29,97
29,98
29,99
29,100
29,101
29,102
29,104
29,105
29,110
29,111
29,112
29,113
29,114
29,116
29,117
29,118
29,119
29,120
29,121
29,122
29,123
29,124
29,125
29,127
29,129
29,130
29,131
29,134
29,135
29,137
29,139
29,140
29,141
29,142
29,146
29,151
29,153
29,154
29,155
29,156
29,157
29,158
29,159
29,160
29,161
29,162
29,163
29,164
29,165
29,166
29,167
29,168
29,169
29,170
29,171
29,172
29,173
29,174
29,175
29,177
29,178
29,182
29,183
29,186
29,188
29,189
29,193
29,194
29,195
29,197
30,31
30,32
30,33
30,34
30,35
30,36
30,37
30,38
30,39
30,40
30,41
30,42
30,43
30,44
30,45
30,46
30,47
30,48
30,49
30,50
30,51
30,52
30,53
30,54
30,55
30,56
30,57
30,58
30,59
30,60
30,61
30,62
30,63
30,64
30,65
30,66
30,68
30,69
30,70
30,72
30,73
30,76
30,77
30,79
30,80
30,82
30,83
30,86
30,87
30,88
30,89
30,91
30,92
30,93
30,94
30,95
30,96
30,102
30,115
30,116
30,120
30,121
30,124
30,127
30,128
30,131
30,132
30,139
30,142
30,145
30,148
30,149
30,150
30,158
30,159
30,161
30,163
30,167
30,169
30,176
30,178
30,180
30,181
30,192
30,193
30,196
30,197
30,198
30,199
31,32
31,33
31,34
31,35
31,36
31,37
31,38
31,39
31,40
31,41
31,42
31,43
31,44
31,45
31,46
31,47
31,48
31,49
31,50
31,51
31,52
31,53
31,54
31,55
31,56
31,57
31,58
31,59
31,60
31,61
31,62
31,63
31,64
31,65
31,66
31,79
31,80
31,82
31,83
31,84
31,85
31,86
31,87
31,90
31,91
31,92
31,93
31,94
31,95
31,96
31,97
31,98
31,99
31,100
31,101
31,102
31,103
31,104
31,105
31,106
31,107
31,108
31,109
31,110
31,111
31,113
31,114
31,115
31,116
31,117
31,118
31,119
31,120
32,33
32,34
32,35
32,36
32,37
32,38
32,39
32,40
32,41
32,42
32,43
32,44
32,45
32,46
32,47
32,48
32,49
32,50
32,51
32,52
32,53
32,54
32,55
32,56
32,57
32,58
32,59
32,60
32,61
32,62
32,63
32,64
32,65
32,66
32,71
32,74
32,75
32,76
32,77
32,78
32,79
32,80
32,81
32,82
32,83
32,84
32,87
32,88
32,89
32,90
32,91
32,92
32,93
32,94
32,95
32,96
32,97
32,98
32,99
32,100
32,101
32,102
32,103
32,104
32,105
32,106
32,107
32,109
32,110
32,111
32,112
32,115
32,116
32,118
32,119
32,120
32,121
32,122
32,124
32,125
32,126
32,127
32,129
32,130
32,132
32,135
32,136
32,137
32,139
33,34
33,35
33,36
33,37
33,38
33,39
33,40
33,41
33,42
33,43
33,44
33,45
33,46
33,47
33,48
33,49
33,50
33,51
33,52
33,53
33,54
33,55
33,56
33,57
33,58
33,59
33,60
33,61
33,62
33,63
33,64
33,65
33,66
33,79
33,80
33,81
33,82
33,83
33,84
33,85
33,86
33,87
33,88
33,89
33,90
33,91
33,92
33,93
33,96
33,97
33,98
34,35
34,36
34,37
34,38
34,39
34,40
34,41
34,42
34,43
34,44
34,45
34,46
34,47
34,48
34,49
34,50
34,51
34,52
34,53
34,54
34,55
34,56
34,57
34,58
34,59
34,60
34,61
34,62
34,63
34,64
34,65
34,66
34,75
34,77
34,79
34,80
34,81
34,82
34,83
34,84
34,89
34,90
34,91
34,92
34,93
34,95
34,96
34,97
34,98
34,99
34,101
34,102
34,103
34,105
34,106
34,107
34,109
34,110
34,111
34,112
34,113
34,114
34,115
34,117
34,118
34,119
34,121
34,122
35,36
35,37
35,38
35,39
35,40
35,41
35,42
35,43
35,44
35,45
35,46
35,47
35,48
35,49
35,50
35,51
35,52
35,53
35,54
35,55
35,56
35,57
35,58
35,59
35,60
35,61
35,62
35,63
35,64
35,65
35,66
35,68
35,69
35,70
35,72
35,73
35,76
35,77
35,79
35,80
35,82
35,83
35,87
35,90
35,92
35,93
35,94
35,95
35,96
35,98
35,99
35,100
35,101
35,102
35,105
35,106
35,107
35,109
35,110
35,111
35,112
35,113
35,114
35,115
35,116
35,119
35,120
35,121
35,122
35,123
35,124
35,125
35,126
35,127
35,128
35,129
35,130
35,131
35,132
35,133
35,134
35,136
35,137
35,138
35,139
35,141
35,142
35,144
35,145
35,146
35,147
35,148
35,149
35,150
35,152
35,154
35,155
35,157
35,158
35,159
35,161
35,162
35,163
35,164
35,165
35,167
35,168
35,169
35,170
35,171
35,173
35,175
35,176
35,177
35,178
35,180
35,181
35,186
35,189
35,190
35,192
35,193
35,194
35,195
35,196
35,197
35,198
35,199
36,37
36,38
36,39
36,40
36,41
36,42
36,43
36,44
36,45
36,46
36,47
36,48
36,49
36,50
36,51
36,52
36,53
36,54
36,55
36,56
36,57
36,58
36,59
36,60
36,61
36,62
36,63
36,64
36,65
36,66
36,86
36,88
36,90
36,91
36,92
36,93
36,94
36,95
36,96
36,97
36,98
36,99
36,102
36,103
36,104
36,105
36,106
36,107
36,108
36,109
36,110
36,111
36,112
37,38
37,39
37,40
37,41
37,42
37,43
37,44
37,45
37,46
37,47
37,48
37,49
37,50
37,51
37,52
37,53
37,54
37,55
37,56
37,57
37,58
37,59
37,60
37,61
37,62
37,63
37,64
37,65
37,66
37,68
37,69
37,70
37,72
37,73
37,76
37,77
37,79
37,80
37,82
37,83
37,87
37,93
37,95
37,102
37,115
37,116
37,120
37,121
37,124
37,127
37,128
37,131
37,132
37,139
37,142
37,145
37,148
37,149
37,150
37,158
37,159
37,161
37,163
37,167
37,169
37,176
37,178
37,180
37,181
37,192
37,193
37,196
37,197
37,198
37,199
38,39
38,40
38,41
38,42
38,43
38,44
38,45
38,46
38,47
38,48
38,49
38,50
38,51
38,52
38,53
38,54
38,55
38,56
38,57
38,58
38,59
38,60
38,61
38,62
38,63
38,64
38,65
38,66
38,68
38,69
38,70
38,72
38,73
38,76
38,77
38,79
38,80
38,82
38,83
38,87
38,90
38,92
38,93
38,95
38,97
38,99
38,100
38,101
38,102
38,103
38,104
38,106
38,111
38,112
38,114
38,115
38,116
38,117
38,118
38,119
38,120
38,121
38,124
38,126
38,127
38,128
38,131
38,132
38,133
38,134
38,135
38,136
38,137
38,138
38,139
38,140
38,142
38,145
38,148
38,149
38,150
38,151
38,153
38,154
38,155
38,157
38,158
38,159
38,161
38,163
38,165
38,166
38,167
38,169
38,171
38,172
38,174
38,175
38,176
38,177
38,178
38,179
38,180
38,181
38,182
38,183
38,186
38,188
38,189
38,190
38,192
38,193
38,196
38,197
38,198
38,199
39,40
39,41
39,42
39,43
39,44
39,45
39,46
39,47
39,48
39,49
39,50
39,51
39,52
39,53
39,54
39,55
39,56
39,57
39,58
39,59
39,60
39,61
39,62
39,63
39,64
39,65
39,66
40,41
40,42
40,43
40,44
40,45
40,46
40,47
40,48
40,49
40,50
40,51
40,52
40,53
40,54
40,55
40,56
40,57
40,58
40,59
40,60
40,61
40,62
40,63
40,64
40,65
40,66
40,79
40,82
40,85
40,86
40,87
40,88
40,89
40,90
40,91
40,92
40,93
40,94
40,95
40,96
40,97
40,98
40,99
40,100
40,101
40,102
40,103
40,105
40,106
40,108
40,109
40,111
40,112
40,113
40,114
40,115
40,116
40,117
40,118
40,120
40,121
40,122
40,123
40,124
40,125
40,126
40,127
40,129
40,130
40,131
40,132
40,133
40,134
40,136
40,137
40,138
40,141
40,142
40,143
40,144
40,147
40,149
40,153
40,154
40,155
40,157
40,158
40,160
40,162
40,164
40,165
40,168
40,172
40,173
40,174
40,177
40,178
40,179
40,180
40,182
40,183
40,186
40,187
41,42
41,43
41,44
41,45
41,46
41,47
41,48
41,49
41,50
41,51
41,52
41,53
41,54
41,55
41,56
41,57
41,58
41,59
41,60
41,61
41,62
41,63
41,64
41,65
41,66
41,78
41,79
41,80
41,81
41,82
41,83
41,85
41,86
41,87
41,88
41,89
41,90
42,43
42,44
42,45
42,46
42,47
42,48
42,49
42,50
42,51
42,52
42,53
42,54
42,55
42,56
42,57
42,58
42,59
42,60
42,61
42,62
42,63
42,64
42,65
42,66
42,82
42,83
42,84
42,85
42,86
42,87
42,88
42,89
42,90
42,91
42,92
42,93
42,94
42,96
42,97
43,44
43,45
43,46
43,47
43,48
43,49
43,50
43,51
43,52
43,53
43,54
43,55
43,56
43,57
43,58
43,59
43,60
43,61
43,62
43,63
43,64
43,65
43,66
43,77
43,79
43,80
43,81
43,82
43,83
43,84
43,85
43,86
43,87
43,88
43,89
43,91
43,93
43,94
43,95
43,96
43,97
43,98
43,100
43,101
43,102
43,103
43,104
43,106
43,108
43,109
43,110
44,45
44,46
44,47
44,48
44,49
44,50
44,51
44,52
44,53
44,54
44,55
44,56
44,57
44,58
44,59
44,60
44,61
44,62
44,63
44,64
44,65
44,66
44,74
44,75
44,76
44,77
44,78
44,79
44,80
44,81
44,82
44,83
44,84
44,85
44,86
44,88
44,89
44,90
44,91
44,92
44,93
44,94
44,95
44,96
44,97
44,98
44,99
44,100
44,101
44,102
44,103
44,104
44,105
44,106
44,108
44,109
44,110
44,112
44,113
44,114
44,115
44,116
44,120
44,121
44,122
44,123
44,124
44,125
44,126
44,127
44,128
44,129
44,132
44,134
44,137
44,138
44,139
44,141
44,142
44,144
44,146
44,148
44,149
44,150
44,151
44,152
44,154
44,155
44,157
44,160
45,46
45,47
45,48
45,49
45,50
45,51
45,52
45,53
45,54
45,55
45,56
45,57
45,58
45,59
45,60
45,61
45,62
45,63
45,64
45,65
45,66
45,76
45,77
45,78
45,79
45,80
45,81
45,82
45,83
45,84
45,85
45,86
45,87
45,88
45,89
45,90
45,91
45,92
45,93
45,94
45,95
45,96
45,97
45,98
45,99
45,100
45,101
45,102
45,103
45,104
45,105
45,106
45,107
45,108
46,47
46,48
46,49
46,50
46,51
46,52
46,53
46,54
46,55
46,56
46,57
46,58
46,59
46,60
46,61
46,62
46,63
46,64
46,65
46,66
46,68
46,69
46,70
46,72
46,73
46,76
46,77
46,78
46,79
46,80
46,81
46,82
46,83
46,84
46,86
46,87
46,88
46,89
46,90
46,92
46,93
46,94
46,95
46,96
46,97
46,98
46,101
46,102
46,103
46,104
46,106
46,107
46,108
46,109
46,110
46,112
46,114
46,115
46,116
46,119
46,120
46,121
46,122
46,123
46,124
46,126
46,127
46,128
46,130
46,131
46,132
46,134
46,135
46,136
46,137
46,138
46,139
46,140
46,141
46,142
46,143
46,144
46,145
46,146
46,148
46,149
46,150
46,152
46,153
46,155
46,156
46,157
46,158
46,159
46,160
46,161
46,163
46,164
46,165
46,167
46,168
46,169
46,170
46,176
46,178
46,180
46,181
46,192
46,193
46,196
46,197
46,198
46,199
47,48
47,49
47,50
47,51
47,52
47,53
47,54
47,55
47,56
47,57
47,58
47,59
47,60
47,61
47,62
47,63
47,64
47,65
47,66
48,49
48,50
48,51
48,52
48,53
48,54
48,55
48,56
48,57
48,58
48,59
48,60
48,61
48,62
48,63
48,64
48,65
48,66
48,90
48,91
48,92
48,93
48,94
48,96
48,97
48,98
48,99
48,100
48,101
48,102
48,106
48,107
48,108
48,109
48,110
48,112
48,113
48,115
48,116
48,117
48,118
48,120
48,122
48,123
48,124
48,131
48,132
48,134
48,136
48,137
48,140
48,141
48,142
48,144
48,145
48,146
48,147
48,148
48,149
48,150
48,151
48,152
48,154
48,155
48,156
48,158
48,159
48,161
49,50
49,51
49,52
49,53
49,54
49,55
49,56
49,57
49,58
49,59
49,60
49,61
49,62
49,63
49,64
49,65
49,66
49,81
49,82
49,83
49,84
49,85
49,86
49,87
49,88
49,89
49,90
49,91
49,93
49,94
49,95
49,96
49,97
49,98
49,100
49,101
49,102
49,103
49,105
49,106
49,107
49,109
49,110
49,112
49,113
49,114
49,115
49,117
49,118
49,119
49,120
49,121
49,122
49,123
49,125
49,126
49,128
49,129
49,131
49,134
49,135
49,136
49,138
49,139
49,140
49,141
49,142
49,143
49,144
49,145
49,146
49,147
49,148
49,149
49,150
49,151
49,153
49,154
49,155
49,156
49,157
49,158
49,159
49,160
49,161
49,164
49,165
49,167
49,170
49,171
49,174
49,175
49,177
49,178
49,180
49,182
49,187
49,188
49,194
49,198
50,51
50,52
50,53
50,54
50,55
50,56
50,57
50,58
50,59
50,60
50,61
50,62
50,63
50,64
50,65
50,66
50,68
50,69
50,70
50,72
50,73
50,76
50,77
50,79
50,80
50,82
50,83
50,87
50,93
50,95
50,102
50,115
50,116
50,120
50,121
50,124
50,127
50,128
50,131
50,132
50,139
50,142
50,145
50,148
50,149
50,150
50,158
50,159
50,161
50,163
50,167
50,169
50,176
50,178
50,180
50,181
50,192
50,193
50,196
50,197
50,198
50,199
51,52
51,53
51,54
51,55
51,56
51,57
51,58
51,59
51,60
51,61
51,62
51,63
51,64
51,65
51,66
52,53
52,54
52,55
52,56
52,57
52,58
52,59
52,60
52,61
52,62
52,63
52,64
52,65
52,66
52,95
52,97
52,98
52,99
52,100
52,101
52,102
52,104
52,107
52,109
52,110
52,113
52,114
52,115
52,116
52,117
52,119
52,120
52,123
52,124
52,127
52,130
52,132
52,133
52,134
52,136
52,138
52,139
52,140
52,142
52,143
52,144
52,145
52,146
52,147
52,150
52,152
52,154
52,155
52,156
52,157
52,158
52,159
52,160
52,162
52,163
52,164
52,165
52,166
52,167
52,168
53,54
53,55
53,56
53,57
53,58
53,59
53,60
53,61
53,62
53,63
53,64
53,65
53,66
53,76
53,77
53,78
53,79
53,80
53,81
53,82
53,83
53,84
53,85
53,86
53,88
53,89
53,91
53,92
53,93
53,94
53,95
53,96
53,97
53,99
53,100
53,101
53,102
53,103
53,104
53,106
53,107
53,108
53,109
53,110
53,112
53,113
53,114
53,115
53,116
53,117
53,118
53,119
53,120
53,121
53,122
53,123
53,124
53,125
53,128
53,129
53,130
53,131
53,132
53,133
53,134
53,135
53,136
53,137
53,138
53,139
53,140
53,143
53,144
53,145
53,146
53,147
53,148
53,149
53,150
53,152
53,154
53,155
53,156
53,157
53,158
54,55
54,56
54,57
54,58
54,59
54,60
54,61
54,62
54,63
54,64
54,65
54,66
54,68
54,69
54,70
54,72
54,73
54,76
54,77
54,79
54,80
54,82
54,83
54,87
54,91
54,93
54,95
54,102
54,115
54,116
54,120
54,121
54,124
54,127
54,128
54,131
54,132
54,139
54,142
54,145
54,148
54,149
54,150
54,158
54,159
54,161
54,163
54,167
54,169
54,176
54,178
54,180
54,181
54,192
54,193
54,196
54,197
54,198
54,199
55,56
55,57
55,58
55,59
55,60
55,61
55,62
55,63
55,64
55,65
55,66
55,74
55,75
55,76
55,77
55,78
55,79
55,80
55,81
55,82
55,83
55,84
55,85
55,86
55,88
55,89
55,90
55,91
55,93
55,94
55,95
55,96
55,97
55,98
55,99
55,100
55,102
55,103
55,104
55,105
55,106
55,107
55,111
55,112
55,113
55,114
55,115
55,116
55,117
55,118
55,120
55,121
55,122
55,123
55,125
55,126
55,127
55,128
55,129
55,130
55,131
55,132
55,136
55,137
55,138
55,139
55,141
55,142
55,143
55,144
55,145
55,146
55,147
55,148
55,149
55,151
55,152
55,153
55,154
55,155
55,158
55,160
55,162
55,164
55,165
55,166
55,168
55,172
55,173
55,174
56,57
56,58
56,59
56,60
56,61
56,62
56,63
56,64
56,65
56,66
56,68
56,69
56,70
56,72
56,73
56,76
56,77
56,79
56,80
56,82
56,83
56,87
56,93
56,95
56,102
56,115
56,116
56,120
56,121
56,124
56,127
56,128
56,131
56,132
56,139
56,142
56,145
56,148
56,149
56,150
56,158
56,159
56,161
56,163
56,167
56,169
56,176
56,178
56,180
56,181
56,192
56,193
56,196
56,197
56,198
56,199
57,58
57,59
57,60
57,61
57,62
57,63
57,64
57,65
57,66
57,79
57,80
57,81
58,59
58,60
58,61
58,62
58,63
58,64
58,65
58,66
59,60
59,61
59,62
59,63
59,64
59,65
59,66
60,61
60,62
60,63
60,64
60,65
60,66
60,68
60,69
60,70
60,72
60,73
60,76
60,77
60,79
60,80
60,82
60,83
60,87
60,93
60,95
60,102
60,115
60,116
60,120
60,121
60,124
60,127
60,128
60,131
60,132
60,139
60,142
60,145
60,148
60,149
60,150
60,158
60,159
60,161
60,163
60,167
60,169
60,176
60,178
60,180
60,181
60,192
60,193
60,196
60,197
60,198
60,199
61,62
61,63
61,64
61,65
61,66
61,80
61,81
61,83
61,84
61,86
61,88
61,89
61,90
61,91
61,96
61,97
61,99
61,101
61,102
61,103
61,104
61,105
61,106
61,108
61,109
61,110
62,63
62,64
62,65
62,66
62,68
62,69
62,70
62,72
62,73
62,76
62,77
62,79
62,80
62,82
62,83
62,87
62,93
62,95
62,96
62,97
62,98
62,99
62,100
62,101
62,102
62,103
62,104
62,115
62,116
62,120
62,121
62,124
62,127
62,128
62,131
62,132
62,139
62,142
62,145
62,148
62,149
62,150
62,158
62,159
62,161
62,163
62,167
62,169
62,176
62,178
62,180
62,181
62,192
62,193
62,196
62,197
62,198
62,199
63,64
63,65
63,66
63,77
63,78
63,80
63,81
63,83
63,86
63,88
63,89
63,90
63,91
63,92
63,93
63,94
63,95
63,96
63,98
63,99
63,100
63,101
63,103
63,104
63,105
63,106
63,107
63,108
63,109
63,110
63,111
63,113
63,117
63,119
63,120
63,123
64,65
64,66
64,79
64,80
64,82
64,83
64,84
64,85
64,86
64,87
64,88
64,90
64,91
64,93
64,94
64,95
64,97
64,98
64,99
64,100
64,101
64,102
64,103
64,105
64,106
64,107
64,108
64,109
64,110
64,111
65,66
65,68
65,69
65,70
65,72
65,73
65,74
65,76
65,77
65,78
65,79
65,80
65,81
65,82
65,83
65,84
65,86
65,87
65,88
65,89
65,90
65,91
65,93
65,94
65,95
65,96
65,97
65,98
65,99
65,100
65,101
65,102
65,103
65,104
65,105
65,108
65,109
65,110
65,111
65,112
65,113
65,114
65,115
65,116
65,117
65,120
65,121
65,123
65,124
65,125
65,127
65,128
65,130
65,131
65,132
65,133
65,134
65,137
65,139
65,140
65,141
65,142
65,143
65,145
65,148
65,149
65,150
65,158
65,159
65,161
65,163
65,167
65,169
65,176
65,178
65,180
65,181
65,192
65,193
65,196
65,197
65,198
65,199
68,69
68,70
68,72
68,73
68,76
68,77
68,79
68,80
68,82
68,83
68,87
68,93
68,95
68,102
68,115
68,116
68,120
68,121
68,124
68,127
68,128
68,131
68,132
68,139
68,142
68,145
68,148
68,149
68,150
68,158
68,159
68,161
68,163
68,167
68,169
68,176
68,178
68,180
68,181
68,192
68,193
68,196
68,197
68,198
68,199
69,70
69,72
69,73
69,76
69,77
69,79
69,80
69,82
69,83
69,87
69,93
69,95
69,102
69,115
69,116
69,120
69,121
69,124
69,127
69,128
69,131
69,132
69,139
69,142
69,145
69,148
69,149
69,150
69,158
69,159
69,161
69,163
69,167
69,169
69,176
69,178
69,180
69,181
69,192
69,193
69,196
69,197
69,198
69,199
70,72
70,73
70,76
70,77
70,79
70,80
70,82
70,83
70,87
70,90
70,91
70,92
70,93
70,95
70,96
70,99
70,100
70,101
70,102
70,103
70,104
70,109
70,110
70,114
70,115
70,116
70,117
70,119
70,120
70,121
70,123
70,124
70,125
70,127
70,128
70,129
70,131
70,132
70,133
70,135
70,136
70,137
70,139
70,141
70,142
70,145
70,148
70,149
70,150
70,155
70,158
70,159
70,160
70,161
70,162
70,163
70,164
70,166
70,167
70,169
70,176
70,178
70,180
70,181
70,192
70,193
70,196
70,197
70,198
70,199
71,75
71,77
71,78
71,81
71,82
71,83
71,86
71,87
71,88
71,89
71,90
71,91
71,92
71,94
71,95
71,96
71,97
71,98
71,99
71,100
71,101
71,102
71,104
71,105
71,106
71,107
71,108
71,109
71,110
71,112
71,113
71,114
71,115
71,117
71,119
71,120
71,122
71,123
71,125
71,126
71,129
71,130
71,131
71,133
71,134
71,135
71,136
71,138
71,140
71,141
71,143
71,147
71,149
71,151
71,155
71,156
71,157
71,158
71,160
71,162
71,164
71,172
71,183
72,73
72,75
72,76
72,77
72,79
72,80
72,81
72,82
72,83
72,85
72,86
72,87
72,88
72,89
72,90
72,91
72,92
72,93
72,94
72,95
72,96
72,97
72,98
72,99
72,100
72,101
72,102
72,103
72,104
72,105
72,106
72,107
72,108
72,110
72,111
72,112
72,113
72,114
72,115
72,116
72,120
72,121
72,124
72,127
72,128
72,131
72,132
72,139
72,142
72,145
72,148
72,149
72,150
72,158
72,159
72,161
72,163
72,167
72,169
72,176
72,178
72,180
72,181
72,192
72,193
72,196
72,197
72,198
72,199
73,75
73,76
73,77
73,78
73,79
73,80
73,81
73,82
73,83
73,84
73,85
73,86
73,87
73,88
73,89
73,90
73,91
73,92
73,93
73,94
73,95
73,96
73,97
73,98
73,100
73,101
73,102
73,103
73,106
73,107
73,108
73,109
73,110
73,111
73,112
73,113
73,114
73,115
73,116
73,117
73,118
73,119
73,120
73,121
73,122
73,123
73,124
73,125
73,126
73,127
73,128
73,129
73,130
73,131
73,132
73,134
73,135
73,136
73,137
73,138
73,139
73,141
73,142
73,143
73,144
73,145
73,146
73,147
73,148
73,149
73,150
73,151
73,153
73,155
73,156
73,158
73,159
73,161
73,163
73,167
73,169
73,176
73,178
73,180
73,181
73,192
73,193
73,196
73,197
73,198
73,199
74,75
74,76
74,77
74,80
74,83
74,84
74,86
74,89
74,90
74,91
74,92
74,96
74,97
74,98
74,99
74,100
74,101
74,102
74,103
74,104
74,105
74,107
74,108
74,109
74,110
74,111
74,112
74,113
74,114
74,115
74,117
74,118
74,119
74,121
74,122
74,123
74,124
74,125
74,128
74,129
74,130
74,131
74,132
74,134
74,135
74,136
74,137
74,140
74,141
74,143
74,144
74,147
74,148
74,149
74,151
74,153
74,154
74,155
74,156
74,157
74,158
74,159
74,160
74,161
74,162
74,164
74,165
74,166
74,167
74,170
74,173
74,174
74,175
74,179
74,182
74,183
74,187
74,192
74,194
74,195
75,76
75,77
75,78
75,79
75,80
75,81
75,82
75,83
75,84
75,86
75,87
75,88
75,89
75,90
75,91
75,94
75,95
75,96
75,97
75,98
75,99
75,100
75,101
75,102
75,103
75,104
75,105
75,106
76,77
76,78
76,79
76,80
76,82
76,83
76,84
76,85
76,86
76,87
76,88
76,89
76,90
76,91
76,92
76,93
76,94
76,95
76,96
76,97
76,98
76,99
76,100
76,101
76,102
76,104
76,105
76,106
76,107
76,111
76,112
76,113
76,114
76,115
76,116
76,118
76,120
76,121
76,124
76,127
76,128
76,131
76,132
76,139
76,142
76,145
76,148
76,149
76,150
76,158
76,159
76,161
76,163
76,167
76,169
76,176
76,178
76,180
76,181
76,192
76,193
76,196
76,197
76,198
76,199
77,78
77,79
77,80
77,82
77,83
77,84
77,85
77,86
77,87
77,89
77,90
77,92
77,93
77,95
77,96
77,97
77,98
77,99
77,100
77,102
77,103
77,104
77,105
77,106
77,107
77,108
77,110
77,111
77,113
77,114
77,115
77,116
77,117
77,118
77,119
77,120
77,121
77,122
77,124
77,125
77,126
77,127
77,128
77,130
77,131
77,132
77,133
77,134
77,139
77,142
77,145
77,148
77,149
77,150
77,158
77,159
77,161
77,163
77,167
77,169
77,176
77,178
77,180
77,181
77,192
77,193
77,196
77,197
77,198
77,199
78,79
78,80
78,81
78,82
78,84
78,85
78,86
79,80
79,81
79,82
79,83
79,84
79,85
79,86
79,87
79,90
79,91
79,92
79,93
79,94
79,95
79,96
79,97
79,99
79,100
79,101
79,102
79,104
79,105
79,106
79,108
79,109
79,112
79,113
79,114
79,115
79,116
79,120
79,121
79,124
79,127
79,128
79,131
79,132
79,139
79,142
79,145
79,148
79,149
79,150
79,158
79,159
79,161
79,163
79,167
79,169
79,176
79,178
79,180
79,181
79,192
79,193
79,196
79,197
79,198
79,199
80,82
80,83
80,86
80,87
80,89
80,93
80,95
80,102
80,115
80,116
80,120
80,121
80,124
80,127
80,128
80,131
80,132
80,139
80,142
80,145
80,148
80,149
80,150
80,158
80,159
80,161
80,163
80,167
80,169
80,176
80,178
80,180
80,181
80,192
80,193
80,196
80,197
80,198
80,199
81,83
81,84
81,86
81,87
81,89
81,91
81,94
81,96
81,97
81,98
81,100
81,102
81,103
81,104
81,105
81,106
81,108
81,109
81,111
81,114
82,83
82,84
82,85
82,86
82,87
82,88
82,89
82,90
82,91
82,92
82,93
82,95
82,102
82,115
82,116
82,120
82,121
82,124
82,127
82,128
82,131
82,132
82,139
82,142
82,145
82,148
82,149
82,150
82,158
82,159
82,161
82,163
82,167
82,169
82,176
82,178
82,180
82,181
82,192
82,193
82,196
82,197
82,198
82,199
83,85
83,86
83,87
83,88
83,89
83,91
83,93
83,94
83,95
83,96
83,97
83,99
83,100
83,101
83,102
83,104
83,105
83,106
83,107
83,108
83,109
83,112
83,113
83,115
83,116
83,118
83,119
83,120
83,121
83,124
83,127
83,128
83,131
83,132
83,139
83,142
83,145
83,148
83,149
83,150
83,158
83,159
83,161
83,163
83,167
83,169
83,176
83,178
83,180
83,181
83,192
83,193
83,196
83,197
83,198
83,199
84,85
84,86
84,87
84,88
84,89
84,91
84,92
84,94
84,97
84,98
84,99
84,100
84,101
84,102
84,103
84,104
84,105
84,106
84,107
84,108
84,109
84,111
84,112
84,113
84,114
84,116
84,117
84,118
84,119
84,121
84,122
84,123
84,124
84,130
84,133
84,134
84,143
84,146
84,147
84,148
84,157
84,162
84,165
84,166
84,170
84,171
84,175
84,183
84,194
84,196
85,86
85,87
85,88
85,91
85,92
86,87
86,88
86,89
86,90
86,92
86,93
86,95
86,96
86,97
86,98
86,99
86,100
86,101
86,102
86,103
86,104
86,105
86,107
86,108
86,109
86,111
86,114
86,116
86,120
86,121
86,124
86,125
86,126
86,131
86,133
86,134
86,135
86,137
86,138
86,141
86,142
86,143
86,144
86,146
86,148
86,149
86,150
86,151
86,153
86,154
86,155
86,156
86,157
86,160
86,161
86,162
86,165
86,166
86,170
86,171
86,172
86,173
86,175
87,88
87,89
87,90
87,91
87,92
87,93
87,94
87,95
87,96
87,98
87,99
87,100
87,101
87,102
87,103
87,104
87,105
87,106
87,107
87,108
87,109
87,111
87,112
87,113
87,114
87,115
87,116
87,117
87,118
87,119
87,120
87,121
87,122
87,123
87,124
87,125
87,127
87,128
87,129
87,130
87,131
87,132
87,133
87,134
87,135
87,137
87,138
87,139
87,141
87,142
87,143
87,144
87,145
87,146
87,147
87,148
87,149
87,150
87,151
87,153
87,154
87,155
87,156
87,157
87,158
87,159
87,160
87,161
87,163
87,164
87,165
87,166
87,167
87,168
87,169
87,170
87,171
87,172
87,173
87,175
87,176
87,177
87,178
87,180
87,181
87,183
87,192
87,193
87,194
87,196
87,197
87,198
87,199
89,90
89,91
89,92
89,93
89,94
89,96
89,97
89,98
89,100
89,101
89,102
89,103
89,104
89,105
89,106
89,107
89,108
89,109
89,110
89,111
89,113
89,114
89,116
89,117
89,118
89,119
89,120
89,121
89,122
89,123
89,129
89,130
89,131
89,132
89,133
89,134
89,137
89,138
89,139
89,140
89,142
89,143
89,144
89,148
89,149
89,150
89,151
89,152
89,153
89,154
89,155
89,156
89,159
89,161
89,162
89,164
89,166
89,168
89,170
89,171
89,173
89,175
89,176
89,177
89,178
89,182
89,183
89,184
89,186
89,187
89,189
89,192
89,193
89,194
90,91
90,92
90,93
90,94
90,96
90,97
90,98
90,99
90,100
90,101
90,102
90,103
90,104
90,105
90,107
90,108
90,109
90,110
90,111
90,113
90,114
90,116
90,117
90,118
90,119
90,121
90,123
90,124
90,125
90,126
91,92
91,94
91,96
91,97
91,98
91,99
91,100
91,101
91,102
91,103
91,104
91,105
91,106
91,107
92,93
92,94
92,96
92,97
92,98
92,99
92,100
92,101
92,102
92,103
92,104
92,105
92,106
92,107
92,109
92,110
92,111
92,112
92,113
92,114
92,115
92,117
92,118
92,119
92,120
92,121
92,122
93,94
93,95
93,96
93,97
93,98
93,99
93,100
93,101
93,102
93,103
93,104
93,105
93,106
93,107
93,108
93,109
93,110
93,111
93,112
93,113
93,114
93,115
93,116
93,118
93,119
93,120
93,121
93,122
93,124
93,125
93,126
93,127
93,128
93,129
93,130
93,131
93,132
93,139
93,142
93,145
93,148
93,149
93,150
93,158
93,159
93,161
93,163
93,167
93,169
93,176
93,178
93,180
93,181
93,192
93,193
93,196
93,197
93,198
93,199
94,95
94,97
94,98
94,99
94,100
94,101
94,103
94,104
94,105
94,106
94,107
94,108
94,109
94,110
94,111
94,112
94,113
94,114
94,115
94,117
94,118
94,121
94,122
94,123
94,124
94,126
94,128
94,129
94,131
94,132
94,133
94,134
94,139
94,140
94,141
94,142
94,145
94,146
94,147
94,149
94,150
94,154
94,157
94,159
94,162
94,164
94,165
95,96
95,97
95,98
95,99
95,100
95,101
95,102
95,103
95,104
95,105
95,107
95,108
95,109
95,110
95,111
95,112
95,113
95,114
95,115
95,116
95,117
95,119
95,120
95,121
95,122
95,123
95,124
95,126
95,127
95,128
95,131
95,132
95,139
95,142
95,145
95,148
95,149
95,150
95,158
95,159
95,161
95,163
95,167
95,169
95,176
95,178
95,180
95,181
95,192
95,193
95,196
95,197
95,198
95,199
96,97
96,98
96,100
96,101
96,102
96,103
96,104
96,105
96,106
96,107
96,108
96,109
96,110
96,111
96,112
96,113
96,114
96,116
96,117
96,118
96,119
96,123
96,124
96,125
96,126
96,127
96,128
96,129
96,130
96,131
97,99
97,101
97,102
97,103
97,105
97,106
97,107
97,108
97,109
97,110
97,112
97,113
97,114
97,115
97,116
97,117
97,118
97,119
97,120
97,122
97,123
97,124
97,125
97,127
97,128
97,129
97,130
97,131
97,132
97,133
97,134
97,135
97,137
97,138
97,140
97,141
97,142
97,143
97,145
97,146
97,147
97,148
97,149
97,152
97,153
97,154
97,155
97,156
97,161
97,162
97,163
97,170
97,171
97,172
97,173
97,174
97,175
97,176
97,179
97,184
97,185
97,186
97,187
97,190
97,192
97,193
97,194
97,195
97,196
97,198
97,199
98,99
98,100
98,102
98,103
98,104
98,105
98,106
98,107
98,108
98,109
98,110
98,111
98,116
98,117
98,119
98,120
98,121
98,122
98,123
98,124
98,125
98,126
98,127
98,128
98,129
98,130
98,131
98,132
98,133
98,134
98,135
98,137
98,138
98,140
98,141
98,142
98,143
98,144
98,145
98,146
98,147
98,148
98,149
98,150
98,151
98,152
98,153
98,154
98,155
98,156
98,157
98,159
98,161
98,163
98,164
98,165
98,166
98,167
98,168
98,170
98,171
98,172
98,173
98,174
98,175
98,177
98,178
98,179
98,182
98,183
99,100
100,101
100,103
100,104
100,105
100,106
100,107
100,108
100,110
100,111
100,112
100,113
100,114
100,115
100,116
100,117
100,118
100,119
100,120
100,121
100,122
100,123
100,126
100,127
100,128
100,129
100,130
100,132
100,133
100,134
100,135
100,138
100,139
100,141
100,143
100,144
100,145
100,146
100,147
101,102
101,103
101,104
101,105
101,106
101,107
101,110
101,113
101,114
101,115
101,116
101,117
101,118
101,119
101,120
101,121
101,122
101,125
101,126
101,127
101,128
101,129
101,130
101,131
101,132
101,133
101,135
101,139
101,140
101,141
101,143
101,144
101,145
101,147
101,148
101,149
101,151
101,152
101,153
101,154
101,155
101,156
101,157
101,158
101,159
101,160
101,161
101,164
101,165
101,167
101,168
101,170
101,174
101,175
101,176
101,177
101,178
101,179
101,181
101,182
101,183
101,184
101,185
101,186
101,187
101,188
101,189
101,190
101,193
101,194
101,195
101,196
101,198
102,105
102,107
102,108
102,109
102,111
102,112
102,113
102,114
102,115
102,116
102,117
102,118
102,120
102,121
102,122
102,123
102,124
102,125
102,126
102,127
102,128
102,130
102,131
102,132
102,133
102,134
102,135
102,137
102,138
102,139
102,140
102,141
102,142
102,143
102,144
102,145
102,146
102,147
102,148
102,149
102,150
102,151
102,153
102,154
102,155
102,156
102,157
102,158
102,159
102,161
102,162
102,163
102,164
102,165
102,166
102,167
102,168
102,169
102,171
102,172
102,173
102,175
102,176
102,178
102,179
102,180
102,181
102,182
102,183
102,184
102,185
102,186
102,187
102,188
102,192
102,193
102,196
102,197
102,198
102,199
103,104
103,105
103,106
103,107
103,108
103,109
103,111
103,112
103,113
103,114
103,115
103,116
103,118
103,119
103,120
103,121
103,122
103,123
103,124
103,125
103,127
103,129
103,130
103,131
103,132
103,133
103,134
104,106
104,107
104,108
104,109
104,110
104,111
104,112
104,113
104,114
104,115
104,116
104,117
104,118
104,119
104,120
104,121
104,122
104,123
104,124
104,125
104,126
104,127
104,128
104,129
104,131
104,132
104,133
104,134
104,135
104,137
104,139
104,140
104,141
104,142
104,143
104,144
104,146
104,147
104,148
104,149
104,150
104,153
104,154
104,155
104,156
104,158
104,159
104,160
104,161
104,162
104,163
104,164
104,165
104,166
104,167
104,168
104,170
104,171
104,173
104,174
104,175
104,176
104,177
104,178
104,179
104,180
104,182
104,183
104,184
104,185
104,186
104,188
104,189
104,190
105,106
105,107
105,108
105,109
105,111
105,112
105,113
105,114
105,115
105,116
105,117
105,118
105,119
105,120
105,121
105,122
105,124
105,125
105,127
105,128
105,129
105,131
105,132
105,133
105,134
105,135
105,138
105,139
105,140
105,142
105,143
105,144
105,145
105,146
105,147
105,148
105,149
105,150
105,151
105,153
105,154
105,155
105,156
105,157
105,158
105,159
105,161
105,162
105,163
105,164
105,165
105,166
105,167
105,168
105,170
105,171
105,172
105,173
105,174
105,176
105,177
105,178
105,181
105,182
105,184
105,185
105,186
105,187
105,189
105,190
105,191
105,192
105,193
105,194
105,195
105,198
105,199
106,107
106,108
106,109
107,108
107,109
107,110
107,111
107,112
107,113
107,114
107,115
107,116
107,117
107,118
107,120
107,121
107,122
107,123
107,125
107,126
107,128
107,129
107,130
107,131
107,132
107,133
107,134
107,135
107,137
107,139
107,140
107,143
107,144
107,146
107,147
107,148
107,149
108,109
108,110
108,111
108,112
108,114
108,115
108,116
108,117
108,118
108,119
108,120
108,121
108,122
108,123
108,126
108,127
108,128
108,129
108,130
108,131
108,132
108,133
108,134
108,135
108,136
108,137
108,138
108,139
108,140
108,141
108,142
108,143
108,144
108,145
108,146
108,147
108,148
108,149
108,150
108,151
108,152
108,153
108,154
108,155
108,156
108,157
108,158
108,159
108,160
108,161
108,162
108,163
108,165
108,167
108,168
108,170
108,171
108,172
108,173
108,175
108,176
108,177
109,110
109,111
109,112
109,113
109,114
109,115
109,116
109,117
109,118
109,119
109,121
109,122
109,123
109,124
109,125
109,126
109,127
109,128
109,129
109,130
109,131
109,132
109,133
109,134
109,136
109,137
109,138
109,139
109,140
109,142
109,143
109,144
109,146
109,147
109,148
109,149
109,150
109,151
109,152
109,153
109,154
109,155
109,156
109,157
109,158
109,159
109,161
109,162
109,163
109,164
109,165
109,166
109,167
109,168
109,169
109,170
109,171
109,172
109,173
109,174
109,175
109,176
109,177
109,179
109,180
109,183
109,184
109,186
109,188
109,189
109,190
109,192
109,193
109,194
109,195
109,199
110,112
110,113
110,114
110,115
110,116
110,117
110,118
110,119
111,112
111,113
111,114
111,115
111,117
111,118
111,119
111,120
112,113
112,114
112,115
112,116
112,118
112,119
112,120
112,121
112,122
112,123
112,124
112,125
112,126
112,127
112,128
112,129
112,130
112,131
112,132
112,133
112,135
112,136
112,137
112,138
112,139
112,140
112,141
112,143
112,144
112,145
112,146
112,147
112,148
112,149
112,150
112,153
112,155
112,157
112,162
112,163
112,164
112,167
112,168
112,171
112,172
112,173
112,174
112,175
112,176
112,177
112,178
112,179
112,180
112,181
112,182
112,183
112,184
112,186
112,187
112,189
112,190
112,194
112,195
112,196
112,197
113,114
113,115
113,116
113,117
113,118
113,119
113,122
113,123
113,124
113,125
113,126
113,127
113,128
113,129
113,130
113,131
113,132
113,133
113,134
113,135
113,136
113,137
113,138
113,139
113,140
113,141
113,142
113,143
113,144
113,145
113,146
113,147
113,148
113,149
113,150
113,152
113,153
113,154
113,155
113,156
113,157
113,158
113,159
113,160
113,161
113,162
113,163
113,164
113,165
113,166
113,167
113,168
113,169
113,171
113,172
113,173
113,175
113,176
113,177
113,178
113,179
113,180
113,181
113,182
113,183
113,184
113,186
113,187
113,188
113,189
113,190
113,191
113,192
113,193
113,194
113,196
113,197
113,199
114,115
114,116
114,117
114,118
114,119
114,120
114,121
114,123
114,124
114,125
114,126
114,127
114,129
114,131
114,132
114,133
114,135
114,137
114,138
114,139
114,140
114,141
114,142
114,143
114,144
114,145
114,147
114,148
114,149
114,150
114,151
114,152
114,153
114,154
114,155
114,156
114,158
114,159
114,162
114,163
114,164
114,165
114,166
114,168
114,169
114,170
114,171
114,172
114,174
114,175
114,176
114,177
114,178
114,179
114,180
114,182
114,183
114,184
115,116
115,117
115,118
115,119
115,120
115,121
115,122
115,123
115,124
115,125
115,126
115,127
115,128
115,129
115,130
115,131
115,132
115,133
115,134
115,135
115,137
115,138
115,139
115,140
115,141
115,142
115,143
115,144
115,145
115,146
115,147
115,148
115,149
115,150
115,151
115,152
115,153
115,154
115,155
115,156
115,157
115,158
115,159
115,160
115,161
115,162
115,163
115,164
115,165
115,166
115,167
115,169
115,170
115,171
115,172
115,173
115,174
115,175
115,176
115,177
115,178
115,180
115,181
115,182
115,183
115,184
115,185
115,186
115,187
115,188
115,189
115,190
115,191
115,192
115,193
115,194
115,195
115,196
115,197
115,198
115,199
116,117
116,118
116,119
116,120
116,121
116,122
116,123
116,124
116,125
116,126
116,127
116,128
116,129
116,130
116,131
116,132
116,133
116,134
116,135
116,136
116,138
116,139
116,142
116,143
116,144
116,145
116,147
116,148
116,149
116,150
116,151
116,152
116,154
116,155
116,156
116,158
116,159
116,160
116,161
116,162
116,163
116,167
116,169
116,170
116,171
116,173
116,174
116,175
116,176
116,177
116,178
116,180
116,181
116,192
116,193
116,196
116,197
116,198
116,199
117,118
117,119
117,121
117,122
117,123
117,124
117,125
117,126
117,128
117,129
117,130
117,134
117,136
117,138
117,139
118,120
118,121
118,122
118,123
118,124
118,126
118,127
118,128
118,129
118,130
118,131
118,132
118,133
118,134
118,135
118,136
118,137
118,138
118,139
118,140
118,141
118,142
118,143
118,144
118,145
118,146
118,147
118,148
118,149
118,150
118,152
118,153
118,155
118,156
118,157
118,160
118,161
118,162
118,163
118,164
118,165
118,167
118,168
118,169
118,170
118,171
118,172
118,173
118,175
118,177
118,178
118,179
118,181
119,120
119,121
119,122
119,123
119,124
119,125
119,126
119,127
119,128
119,129
119,130
119,131
119,132
119,133
119,134
119,135
119,136
119,137
120,121
120,122
120,123
120,124
120,125
120,126
120,127
120,128
120,129
120,130
120,131
120,132
120,133
120,134
120,135
120,136
120,137
120,139
120,142
120,145
120,148
120,149
120,150
120,158
120,159
120,161
120,163
120,167
120,169
120,176
120,178
120,180
120,181
120,192
120,193
120,196
120,197
120,198
120,199
121,122
121,123
121,124
121,125
121,126
121,127
121,128
121,131
121,132
121,139
121,142
121,145
121,148
121,149
121,150
121,158
121,159
121,161
121,163
121,167
121,169
121,176
121,178
121,180
121,181
121,192
121,193
121,196
121,197
121,198
121,199
122,123
122,124
122,125
122,126
122,127
122,128
122,129
122,131
122,132
122,134
122,135
122,136
122,138
122,141
122,142
122,144
122,145
122,146
122,147
122,149
122,150
122,151
122,152
122,154
122,155
122,156
122,157
122,158
122,161
122,162
122,163
122,164
122,165
122,166
122,167
122,169
122,170
122,172
122,173
122,175
122,176
122,179
122,180
122,181
122,184
122,187
122,190
122,193
122,195
122,196
122,198
123,124
123,125
123,126
123,127
123,129
123,130
123,131
123,132
123,134
123,135
123,136
123,137
123,138
123,140
123,141
123,142
123,144
123,145
123,146
124,125
124,126
124,127
124,128
124,130
124,131
124,132
124,133
124,134
124,135
124,136
124,137
124,138
124,139
124,140
124,141
124,142
124,143
124,144
124,145
124,146
124,147
124,148
124,149
124,150
124,151
124,152
124,153
124,154
124,155
124,156
124,157
124,158
124,159
124,161
124,162
124,163
124,164
124,165
124,167
124,169
124,170
124,171
124,172
124,173
124,175
124,176
124,178
124,180
124,181
124,184
124,185
124,186
124,187
124,188
124,189
124,190
124,192
124,193
124,194
124,195
124,196
124,197
124,198
124,199
125,126
125,128
125,129
125,130
125,131
125,132
125,133
125,134
125,135
125,136
125,137
125,138
125,139
125,140
125,141
125,142
125,143
125,145
125,146
125,147
125,148
125,149
125,150
125,151
125,152
125,154
125,155
125,156
125,160
125,162
125,163
125,164
125,165
125,166
125,167
125,169
125,170
125,171
125,172
125,173
125,174
125,175
125,176
125,177
125,178
125,179
125,182
125,183
125,184
125,185
125,187
125,188
125,189
125,191
125,192
125,193
125,194
125,195
125,196
125,197
125,198
126,129
126,130
126,131
126,132
126,133
126,134
126,135
126,136
126,137
126,138
126,139
126,140
126,142
126,143
126,145
126,146
126,147
126,148
126,149
126,150
126,151
126,152
126,153
126,154
126,155
126,157
126,158
126,160
126,161
126,162
126,163
126,164
126,165
126,166
126,167
126,168
126,169
126,170
126,171
126,172
126,173
126,174
126,175
126,176
126,177
126,178
126,179
126,180
126,181
126,183
126,184
126,185
126,186
126,187
126,188
126,189
126,190
126,192
126,194
126,195
126,196
126,198
127,128
127,129
127,131
127,132
127,139
127,142
127,145
127,148
127,149
127,150
127,158
127,159
127,161
127,163
127,167
127,169
127,176
127,178
127,180
127,181
127,192
127,193
127,196
127,197
127,198
127,199
128,129
128,130
128,131
128,132
128,133
128,134
128,135
128,136
128,137
128,138
128,139
128,142
128,145
128,148
128,149
128,150
128,158
128,159
128,161
128,163
128,167
128,169
128,176
128,178
128,180
128,181
128,192
128,193
128,196
128,197
128,198
128,199
129,130
129,131
129,132
129,133
129,134
129,136
129,137
129,138
129,139
129,141
129,142
129,143
129,144
129,145
129,146
129,147
129,148
129,149
129,150
129,151
129,152
129,153
129,155
130,131
130,132
130,133
130,134
130,135
130,136
130,138
130,139
130,140
130,141
130,142
130,143
130,144
130,145
130,146
130,147
130,148
130,150
130,152
130,153
130,154
130,156
130,160
130,161
130,162
130,163
130,165
130,166
130,167
130,168
130,169
130,170
130,171
130,173
130,174
131,132
131,134
131,135
131,136
131,137
131,138
131,139
131,140
131,142
131,143
131,144
131,145
131,146
131,147
131,148
131,149
131,150
131,152
131,153
131,154
131,155
131,156
131,157
131,158
131,159
131,160
131,161
131,162
131,163
131,164
131,165
131,166
131,167
131,168
131,169
131,170
131,171
131,172
131,173
131,174
131,175
131,176
131,177
131,178
131,180
131,181
131,183
131,184
131,185
131,186
131,187
131,188
131,190
131,192
131,193
131,195
131,196
131,197
131,198
131,199
132,133
132,134
132,135
132,136
132,137
132,138
132,139
132,140
132,141
132,142
132,143
132,144
132,145
132,146
132,147
132,148
132,149
132,150
132,151
132,152
132,153
132,154
132,155
132,156
132,157
132,158
132,159
132,160
132,161
132,163
132,165
132,167
132,169
132,170
132,171
132,172
132,173
132,174
132,175
132,176
132,177
132,178
132,179
132,180
132,181
132,182
132,192
132,193
132,196
132,197
132,198
132,199
133,134
133,135
133,136
133,137
133,139
133,140
133,142
133,143
133,144
133,145
133,146
133,147
133,148
133,150
133,151
133,152
133,153
133,154
134,135
134,136
134,137
134,138
134,139
134,140
134,142
134,144
134,145
134,146
134,147
134,148
134,149
134,150
134,151
134,153
134,154
134,155
134,159
134,160
134,161
134,162
134,164
134,165
134,167
134,172
134,173
134,174
134,175
134,177
134,180
134,182
134,183
134,184
134,185
134,186
134,187
134,188
134,189
134,191
134,192
134,194
134,195
134,196
134,197
136,137
136,138
136,139
136,140
136,141
136,142
136,145
136,146
136,147
136,148
136,149
136,150
136,151
136,152
136,153
136,155
136,156
136,157
136,158
136,159
137,138
137,139
137,140
137,141
137,142
138,139
138,140
138,141
138,142
138,143
138,146
138,149
138,150
138,152
138,153
138,154
138,156
138,157
138,158
138,159
138,160
138,162
138,163
138,164
138,165
138,167
138,168
138,170
138,171
138,173
138,174
138,175
138,176
138,178
138,179
138,180
138,183
138,185
138,187
138,188
138,190
138,191
138,193
138,194
138,195
138,196
138,197
138,199
139,141
139,142
139,143
139,144
139,145
139,148
139,149
139,150
139,158
139,159
139,161
139,163
139,167
139,169
139,176
139,178
139,180
139,181
139,192
139,193
139,196
139,197
139,198
139,199
140,141
140,142
140,143
140,144
140,147
140,148
140,149
140,151
140,152
140,153
140,154
140,155
140,156
140,159
140,160
140,161
140,162
140,164
140,165
140,167
140,169
140,170
140,171
140,174
140,175
140,177
140,178
140,179
140,182
140,183
140,184
140,185
140,187
140,188
140,189
140,190
140,191
140,192
140,195
140,196
140,197
140,198
140,199
141,142
141,143
141,145
141,146
141,147
141,148
141,149
141,150
141,152
141,153
141,154
141,155
141,156
141,158
141,159
141,161
141,162
141,164
141,165
141,169
141,170
141,171
141,172
141,174
141,175
141,176
141,177
141,179
141,180
141,181
141,182
141,183
141,184
141,185
141,186
141,187
141,188
141,189
141,190
141,191
141,192
141,193
141,194
141,195
142,143
142,144
142,145
142,146
142,147
142,148
142,149
142,150
142,151
142,153
142,154
142,155
142,156
142,157
142,158
142,159
142,161
142,163
142,167
142,169
142,176
142,178
142,180
142,181
142,192
142,193
142,196
142,197
142,198
142,199
143,144
143,145
143,146
143,147
143,148
143,149
143,151
143,152
143,153
143,154
143,155
143,156
143,157
143,159
143,160
143,161
143,162
143,164
144,145
144,146
144,147
144,148
144,150
144,151
144,153
144,154
144,155
144,156
144,157
144,158
144,159
144,160
144,161
144,162
144,164
144,165
144,166
144,167
144,168
144,169
144,170
144,172
144,175
144,176
144,177
144,178
144,179
144,181
144,184
144,185
144,186
144,187
144,188
144,189
144,190
144,191
144,192
144,193
144,195
144,197
144,198
145,146
145,147
145,148
145,149
145,150
145,151
145,152
145,153
145,154
145,155
145,156
145,157
145,158
145,159
145,160
145,161
145,162
145,163
145,164
145,165
145,166
145,167
145,169
145,176
145,178
145,180
145,181
145,192
145,193
145,196
145,197
145,198
145,199
146,147
146,148
146,150
146,151
146,152
146,154
146,155
146,156
146,157
146,158
146,159
146,160
146,161
146,164
146,165
146,166
146,167
146,168
146,169
146,171
146,172
146,174
146,175
146,177
146,179
146,180
146,183
146,184
146,185
146,186
146,187
146,188
146,190
146,192
146,193
146,194
146,196
146,197
146,199
147,148
147,149
147,150
147,151
147,152
147,153
147,156
147,159
147,160
147,161
147,162
147,163
147,165
147,167
147,168
147,169
147,171
147,172
147,174
147,175
147,176
147,178
147,179
147,180
147,181
147,182
147,183
147,184
147,185
147,186
147,187
147,192
147,193
147,195
147,196
147,198
147,199
148,149
148,150
148,151
148,153
148,154
148,155
148,156
148,157
148,158
148,159
148,160
148,161
148,163
148,164
148,165
148,166
148,167
148,168
148,169
148,170
148,171
148,172
148,173
148,174
148,175
148,176
148,177
148,178
148,179
148,180
148,181
148,182
148,184
148,192
148,193
148,196
148,197
148,198
148,199
149,150
149,151
149,152
149,153
149,154
149,155
149,157
149,158
149,159
149,160
149,161
149,162
149,163
149,164
149,165
149,166
149,167
149,168
149,169
149,170
149,171
149,172
149,173
149,174
149,175
149,176
149,177
149,178
149,179
149,180
149,181
149,182
149,183
149,184
149,185
149,187
149,188
149,190
149,191
149,192
149,193
149,195
149,196
149,197
149,198
149,199
150,151
150,152
150,153
150,154
150,155
150,157
150,158
150,159
150,160
150,161
150,162
150,163
150,164
150,165
150,166
150,167
150,169
150,170
150,172
150,173
150,174
150,175
150,176
150,177
150,178
150,179
150,180
150,181
150,183
150,185
150,186
150,187
150,188
150,189
150,190
150,191
150,192
150,193
150,194
150,195
150,196
150,197
150,198
150,199
151,152
151,153
151,154
151,155
151,156
151,157
151,158
151,159
151,161
151,162
151,163
151,164
151,165
151,166
151,167
151,168
151,169
153,155
153,156
153,157
153,158
153,160
153,161
153,162
153,163
153,164
153,165
153,166
153,168
153,169
153,172
153,174
153,175
153,176
153,177
153,178
153,179
153,180
153,181
153,182
153,183
153,185
153,186
153,189
153,190
153,191
153,193
153,194
153,195
153,196
153,197
153,198
153,199
154,155
155,156
155,158
155,159
155,160
155,161
155,162
155,163
155,164
155,165
155,166
156,158
156,159
156,160
156,161
156,162
156,163
156,164
156,165
156,166
156,167
156,170
156,173
156,174
156,175
156,176
156,179
156,180
156,181
156,183
156,184
156,186
156,187
156,188
156,191
156,195
156,196
156,198
157,158
157,159
157,161
157,162
157,163
158,159
158,160
158,161
158,162
158,163
158,164
158,165
158,167
158,168
158,169
158,170
158,171
158,172
158,173
158,174
158,175
158,176
158,177
158,178
158,180
158,181
158,183
158,184
158,185
158,186
158,188
158,189
158,190
158,191
158,192
158,193
158,194
158,195
158,196
158,197
158,198
158,199
159,160
159,161
159,162
159,163
159,165
159,166
159,167
159,169
159,170
159,173
159,174
159,175
159,176
159,177
159,178
159,179
159,180
159,181
159,183
159,184
159,185
159,186
159,187
159,188
159,189
159,190
159,191
159,192
159,193
159,194
159,195
159,196
159,197
159,198
159,199
160,162
160,163
160,164
160,165
160,166
160,167
160,169
160,171
160,172
160,173
160,174
160,175
160,178
160,179
160,180
160,181
160,183
160,184
160,185
160,187
160,188
160,189
160,193
160,194
160,195
160,196
160,197
161,162
161,163
161,165
161,166
161,167
161,168
161,169
161,170
161,171
161,172
161,174
161,175
161,176
161,177
161,178
161,179
161,180
161,181
161,183
161,184
161,185
161,186
161,187
161,188
161,189
161,190
161,191
161,192
161,193
161,195
161,196
161,197
161,198
161,199
162,164
162,165
162,166
162,167
162,170
162,171
162,172
162,173
162,174
162,175
162,177
162,178
162,181
162,182
162,183
162,184
162,186
162,187
162,188
162,189
162,191
162,193
162,194
162,195
162,196
162,197
162,198
162,199
163,164
163,165
163,166
163,167
163,168
163,169
163,170
163,171
163,172
163,173
163,174
163,175
163,176
163,177
163,178
163,179
163,180
163,181
163,183
163,184
163,185
163,186
163,187
163,188
163,189
163,190
163,191
163,192
163,193
163,194
163,195
163,196
163,197
163,198
163,199
164,165
164,166
164,167
164,168
164,169
164,170
164,171
165,166
165,167
165,168
165,170
165,172
165,175
165,176
165,177
165,178
165,179
165,181
165,182
165,183
165,184
165,185
165,186
165,187
165,188
165,189
165,190
165,191
165,192
165,193
166,167
166,168
166,169
166,170
166,171
166,172
166,174
166,175
166,176
166,177
166,178
166,179
166,180
166,181
166,182
166,183
166,185
166,186
167,168
167,169
167,170
167,171
167,172
167,173
167,174
167,175
167,176
167,178
167,179
167,180
167,181
167,182
167,183
167,184
167,185
167,186
167,187
167,189
167,190
167,191
167,192
167,193
167,194
167,195
167,196
167,197
167,198
167,199
168,169
168,171
168,172
168,173
168,174
168,175
168,176
168,177
168,178
168,179
168,181
168,182
168,183
168,185
168,186
168,187
168,188
168,189
168,190
168,191
168,192
168,193
168,195
168,198
169,170
169,171
169,172
169,173
169,174
169,176
169,177
169,178
169,180
169,181
169,182
169,183
169,184
169,185
169,186
169,187
169,188
169,189
169,190
169,191
169,192
169,193
169,196
169,197
169,198
169,199
170,171
170,172
170,173
170,174
170,175
170,177
170,178
170,179
170,182
170,183
170,184
170,185
170,186
170,187
170,188
170,189
170,190
170,191
170,192
170,193
170,194
170,195
170,196
170,197
171,172
171,173
171,174
171,176
171,178
171,180
171,181
171,182
171,183
171,184
171,185
171,186
171,188
171,189
171,190
171,191
171,192
171,193
171,194
171,195
171,196
171,197
172,173
172,174
172,176
172,177
172,178
172,179
172,182
172,183
172,184
172,185
172,186
172,187
172,188
172,189
172,190
172,191
172,192
172,193
172,194
172,195
172,196
172,197
172,199
173,174
173,175
173,176
173,177
173,178
173,179
173,180
173,181
173,182
173,183
173,184
173,185
173,186
173,187
173,188
173,189
173,191
173,192
173,193
173,194
173,195
173,196
174,175
174,176
174,177
174,178
174,180
174,181
174,182
174,183
174,185
174,186
174,187
174,188
174,189
174,192
174,193
174,194
174,195
174,196
174,199
175,176
175,177
175,178
175,179
175,181
175,182
175,183
175,184
175,185
175,186
175,188
175,189
175,190
175,191
175,192
175,194
175,196
175,198
175,199
176,177
176,178
176,179
176,180
176,181
176,183
176,184
176,185
176,186
176,187
176,188
176,190
176,191
176,192
176,193
176,194
176,195
176,196
176,197
176,198
176,199
177,178
177,179
177,182
177,183
177,184
177,185
177,186
177,187
177,188
177,189
177,190
177,191
177,192
177,193
177,194
177,195
177,197
177,198
177,199
178,179
178,180
178,181
178,184
178,185
178,186
178,187
178,188
178,189
178,190
178,191
178,192
178,193
178,194
178,195
178,196
178,197
178,198
178,199
179,180
179,181
179,182
179,183
179,184
179,185
179,186
179,187
179,191
179,192
179,193
179,194
179,195
179,196
179,198
179,199
180,181
180,182
180,183
180,184
180,185
180,186
180,188
180,189
180,190
180,191
180,192
180,193
180,194
180,195
180,196
180,197
180,198
180,199
181,182
181,183
181,185
181,187
181,188
181,189
181,190
181,191
181,192
181,193
181,194
181,196
181,197
181,198
181,199
182,183
182,184
182,185
182,186
182,187
182,188
182,189
182,190
182,191
182,193
182,194
182,195
182,196
182,197
182,199
183,185
183,186
183,187
183,188
183,189
183,190
183,191
183,192
183,193
183,194
183,195
183,196
183,197
183,198
183,199
184,186
184,187
184,188
184,189
185,186
185,187
185,190
185,191
185,192
185,194
185,195
185,196
185,197
185,198
185,199
186,187
186,188
186,189
186,191
186,192
186,193
186,194
186,197
186,198
186,199
187,188
187,189
187,190
187,191
187,192
188,189
188,190
188,191
188,192
188,193
188,194
188,195
188,196
188,197
188,198
188,199
189,191
189,192
189,193
189,194
189,195
189,196
189,197
189,198
189,199
190,191
190,192
190,193
190,194
190,195
190,199
191,192
191,193
191,194
191,196
191,197
191,198
191,199
192,193
192,195
192,196
192,197
192,198
192,199
193,194
193,195
193,196
193,197
193,198
193,199
194,195
194,196
194,197
194,198
194,199
195,196
195,197
195,198
195,199
196,197
196,198
196,199
197,198
197,199
198,199
