0,1
0,2
0,3
0,4
0,5
0,6
0,7
0,8
0,9
0,10
0,11
0,12
0,13
0,14
0,15
0,16
0,17
0,18
0,19
0,20
0,21
0,22
0,23
0,24
0,25
0,26
0,27
0,28
0,29
0,30
0,31
0,32
0,33
0,34
0,35
0,36
0,37
0,38
0,39
0,40
0,41
0,42
0,43
0,44
0,45
0,46
0,47
0,48
0,49
0,50
0,51
0,52
0,53
0,54
0,55
0,56
0,57
0,58
0,59
0,60
0,61
0,62
0,63
0,65
0,68
0,75
0,91
0,92
0,97
0,99
0,101
0,103
0,104
0,105
0,108
0,111
0,113
0,117
0,119
0,120
0,126
0,132
0,144
0,146
0,155
0,159
0,163
0,164
0,165
0,167
0,171
0,172
0,173
0,175
0,177
0,178
0,179
0,180
0,182
0,183
0,185
0,192
0,196
1,2
1,3
1,4
1,5
1,6
1,7
1,8
1,9
1,10
1,11
1,12
1,13
1,14
1,15
1,16
1,17
1,18
1,19
1,20
1,21
1,22
1,23
1,24
1,25
1,26
1,27
1,28
1,29
1,30
1,31
1,32
1,33
1,34
1,35
1,36
1,37
1,38
1,39
1,40
1,41
1,42
1,43
1,44
1,45
1,46
1,47
1,48
1,49
1,50
1,51
1,52
1,53
1,54
1,55
1,56
1,57
1,58
1,59
1,60
1,61
1,62
1,63
1,65
1,68
1,75
1,91
1,92
1,97
1,99
1,101
1,103
1,104
1,105
1,108
1,111
1,113
1,117
1,119
1,120
1,126
1,132
1,144
1,146
1,155
1,159
1,163
1,164
1,165
1,167
1,171
1,172
1,173
1,175
1,177
1,178
1,179
1,180
1,182
1,183
1,185
1,192
1,196
2,3
2,4
2,5
2,6
2,7
2,8
2,9
2,10
2,11
2,12
2,13
2,14
2,15
2,16
2,17
2,18
2,19
2,20
2,21
2,22
2,23
2,24
2,25
2,26
2,27
2,28
2,29
2,30
2,31
2,32
2,33
2,34
2,35
2,36
2,37
2,38
2,39
2,40
2,41
2,42
2,43
2,44
2,45
2,46
2,47
2,48
2,49
2,50
2,51
2,52
2,53
2,54
2,55
2,56
2,57
2,58
2,59
2,60
2,61
2,62
3,4
3,5
3,6
3,7
3,8
3,9
3,10
3,11
3,12
3,13
3,14
3,15
3,16
3,17
3,18
3,19
3,20
3,21
3,22
3,23
3,24
3,25
3,26
3,27
3,28
3,29
3,30
3,31
3,32
3,33
3,34
3,35
3,36
3,37
3,38
3,39
3,40
3,41
3,42
3,43
3,44
3,45
3,46
3,47
3,48
3,49
3,50
3,51
3,52
3,53
3,54
3,55
3,56
3,57
3,58
3,59
3,60
3,61
3,62
4,5
4,6
4,7
4,8
4,9
4,10
4,11
4,12
4,13
4,14
4,15
4,16
4,17
4,18
4,19
4,20
4,21
4,22
4,23
4,24
4,25
4,26
4,27
4,28
4,29
4,30
4,31
4,32
4,33
4,34
4,35
4,36
4,37
4,38
4,39
4,40
4,41
4,42
4,43
4,44
4,45
4,46
4,47
4,48
4,49
4,50
4,51
4,52
4,53
4,54
4,55
4,56
4,57
4,58
4,59
4,60
4,61
4,62
5,6
5,7
5,8
5,9
5,10
5,11
5,12
5,13
5,14
5,15
5,16
5,17
5,18
5,19
5,20
5,21
5,22
5,23
5,24
5,25
5,26
5,27
5,28
5,29
5,30
5,31
5,32
5,33
5,34
5,35
5,36
5,37
5,38
5,39
5,40
5,41
5,42
5,43
5,44
5,45
5,46
5,47
5,48
5,49
5,50
5,51
5,52
5,53
5,54
5,55
5,56
5,57
5,58
5,59
5,60
5,61
5,62
5,63
5,65
5,68
5,75
5,91
5,92
5,97
5,99
5,101
5,103
5,104
5,105
5,108
5,111
5,113
5,117
5,119
5,120
5,126
5,132
5,144
5,146
5,155
5,159
5,163
5,164
5,165
5,167
5,171
5,172
5,173
5,175
5,177
5,178
5,179
5,180
5,182
5,183
5,185
5,192
5,196
6,7
6,8
6,9
6,10
6,11
6,12
6,13
6,14
6,15
6,16
6,17
6,18
6,19
6,20
6,21
6,22
6,23
6,24
6,25
6,26
6,27
6,28
6,29
6,30
6,31
6,32
6,33
6,34
6,35
6,36
6,37
6,38
6,39
6,40
6,41
6,42
6,43
6,44
6,45
6,46
6,47
6,48
6,49
6,50
6,51
6,52
6,53
6,54
6,55
6,56
6,57
6,58
6,59
6,60
6,61
6,62
6,63
6,65
6,68
6,75
6,91
6,92
6,97
6,99
6,101
6,103
6,104
6,105
6,108
6,111
6,113
6,117
6,119
6,120
6,126
6,132
6,144
6,146
6,155
6,159
6,163
6,164
6,165
6,167
6,171
6,172
6,173
6,175
6,177
6,178
6,179
6,180
6,182
6,183
6,185
6,192
6,196
7,8
7,9
7,10
7,11
7,12
7,13
7,14
7,15
7,16
7,17
7,18
7,19
7,20
7,21
7,22
7,23
7,24
7,25
7,26
7,27
7,28
7,29
7,30
7,31
7,32
7,33
7,34
7,35
7,36
7,37
7,38
7,39
7,40
7,41
7,42
7,43
7,44
7,45
7,46
7,47
7,48
7,49
7,50
7,51
7,52
7,53
7,54
7,55
7,56
7,57
7,58
7,59
7,60
7,61
7,62
8,9
8,10
8,11
8,12
8,13
8,14
8,15
8,16
8,17
8,18
8,19
8,20
8,21
8,22
8,23
8,24
8,25
8,26
8,27
8,28
8,29
8,30
8,31
8,32
8,33
8,34
8,35
8,36
8,37
8,38
8,39
8,40
8,41
8,42
8,43
8,44
8,45
8,46
8,47
8,48
8,49
8,50
8,51
8,52
8,53
8,54
8,55
8,56
8,57
8,58
8,59
8,60
8,61
8,62
8,63
8,65
8,68
8,75
8,91
8,92
8,97
8,99
8,101
8,103
8,104
8,105
8,108
8,111
8,113
8,117
8,119
8,120
8,126
8,132
8,144
8,146
8,155
8,159
8,163
8,164
8,165
8,167
8,171
8,172
8,173
8,175
8,177
8,178
8,179
8,180
8,182
8,183
8,185
8,192
8,196
9,10
9,11
9,12
9,13
9,14
9,15
9,16
9,17
9,18
9,19
9,20
9,21
9,22
9,23
9,24
9,25
9,26
9,27
9,28
9,29
9,30
9,31
9,32
9,33
9,34
9,35
9,36
9,37
9,38
9,39
9,40
9,41
9,42
9,43
9,44
9,45
9,46
9,47
9,48
9,49
9,50
9,51
9,52
9,53
9,54
9,55
9,56
9,57
9,58
9,59
9,60
9,61
9,62
10,11
10,12
10,13
10,14
10,15
10,16
10,17
10,18
10,19
10,20
10,21
10,22
10,23
10,24
10,25
10,26
10,27
10,28
10,29
10,30
10,31
10,32
10,33
10,34
10,35
10,36
10,37
10,38
10,39
10,40
10,41
10,42
10,43
10,44
10,45
10,46
10,47
10,48
10,49
10,50
10,51
10,52
10,53
10,54
10,55
10,56
10,57
10,58
10,59
10,60
10,61
10,62
10,63
10,65
10,68
10,75
10,91
10,92
10,97
10,99
10,101
10,103
10,104
10,105
10,108
10,111
10,113
10,117
10,119
10,120
10,126
10,132
10,144
10,146
10,155
10,159
10,163
10,164
10,165
10,167
10,171
10,172
10,173
10,175
10,177
10,178
10,179
10,180
10,182
10,183
10,185
10,192
10,196
11,12
11,13
11,14
11,15
11,16
11,17
11,18
11,19
11,20
11,21
11,22
11,23
11,24
11,25
11,26
11,27
11,28
11,29
11,30
11,31
11,32
11,33
11,34
11,35
11,36
11,37
11,38
11,39
11,40
11,41
11,42
11,43
11,44
11,45
11,46
11,47
11,48
11,49
11,50
11,51
11,52
11,53
11,54
11,55
11,56
11,57
11,58
11,59
11,60
11,61
11,62
12,13
12,14
12,15
12,16
12,17
12,18
12,19
12,20
12,21
12,22
12,23
12,24
12,25
12,26
12,27
12,28
12,29
12,30
12,31
12,32
12,33
12,34
12,35
12,36
12,37
12,38
12,39
12,40
12,41
12,42
12,43
12,44
12,45
12,46
12,47
12,48
12,49
12,50
12,51
12,52
12,53
12,54
12,55
12,56
12,57
12,58
12,59
12,60
12,61
12,62
13,14
13,15
13,16
13,17
13,18
13,19
13,20
13,21
13,22
13,23
13,24
13,25
13,26
13,27
13,28
13,29
13,30
13,31
13,32
13,33
13,34
13,35
13,36
13,37
13,38
13,39
13,40
13,41
13,42
13,43
13,44
13,45
13,46
13,47
13,48
13,49
13,50
13,51
13,52
13,53
13,54
13,55
13,56
13,57
13,58
13,59
13,60
13,61
13,62
14,15
14,16
14,17
14,18
14,19
14,20
14,21
14,22
14,23
14,24
14,25
14,26
14,27
14,28
14,29
14,30
14,31
14,32
14,33
14,34
14,35
14,36
14,37
14,38
14,39
14,40
14,41
14,42
14,43
14,44
14,45
14,46
14,47
14,48
14,49
14,50
14,51
14,52
14,53
14,54
14,55
14,56
14,57
14,58
14,59
14,60
14,61
14,62
15,16
15,17
15,18
15,19
15,20
15,21
15,22
15,23
15,24
15,25
15,26
15,27
15,28
15,29
15,30
15,31
15,32
15,33
15,34
15,35
15,36
15,37
15,38
15,39
15,40
15,41
15,42
15,43
15,44
15,45
15,46
15,47
15,48
15,49
15,50
15,51
15,52
15,53
15,54
15,55
15,56
15,57
15,58
15,59
15,60
15,61
15,62
16,17
16,18
16,19
16,20
16,21
16,22
16,23
16,24
16,25
16,26
16,27
16,28
16,29
16,30
16,31
16,32
16,33
16,34
16,35
16,36
16,37
16,38
16,39
16,40
16,41
16,42
16,43
16,44
16,45
16,46
16,47
16,48
16,49
16,50
16,51
16,52
16,53
16,54
16,55
16,56
16,57
16,58
16,59
16,60
16,61
16,62
17,18
17,19
17,20
17,21
17,22
17,23
17,24
17,25
17,26
17,27
17,28
17,29
17,30
17,31
17,32
17,33
17,34
17,35
17,36
17,37
17,38
17,39
17,40
17,41
17,42
17,43
17,44
17,45
17,46
17,47
17,48
17,49
17,50
17,51
17,52
17,53
17,54
17,55
17,56
17,57
17,58
17,59
17,60
17,61
17,62
18,19
18,20
18,21
18,22
18,23
18,24
18,25
18,26
18,27
18,28
18,29
18,30
18,31
18,32
18,33
18,34
18,35
18,36
18,37
18,38
18,39
18,40
18,41
18,42
18,43
18,44
18,45
18,46
18,47
18,48
18,49
18,50
18,51
18,52
18,53
18,54
18,55
18,56
18,57
18,58
18,59
18,60
18,61
18,62
18,63
18,65
18,68
18,75
18,91
18,92
18,97
18,99
18,101
18,103
18,104
18,105
18,108
18,111
18,113
18,117
18,119
18,120
18,126
18,132
18,144
18,146
18,155
18,159
18,163
18,164
18,165
18,167
18,171
18,172
18,173
18,175
18,177
18,178
18,179
18,180
18,182
18,183
18,185
18,192
18,196
19,20
19,21
19,22
19,23
19,24
19,25
19,26
19,27
19,28
19,29
19,30
19,31
19,32
19,33
19,34
19,35
19,36
19,37
19,38
19,39
19,40
19,41
19,42
19,43
19,44
19,45
19,46
19,47
19,48
19,49
19,50
19,51
19,52
19,53
19,54
19,55
19,56
19,57
19,58
19,59
19,60
19,61
19,62
20,21
20,22
20,23
20,24
20,25
20,26
20,27
20,28
20,29
20,30
20,31
20,32
20,33
20,34
20,35
20,36
20,37
20,38
20,39
20,40
20,41
20,42
20,43
20,44
20,45
20,46
20,47
20,48
20,49
20,50
20,51
20,52
20,53
20,54
20,55
20,56
20,57
20,58
20,59
20,60
20,61
20,62
21,22
21,23
21,24
21,25
21,26
21,27
21,28
21,29
21,30
21,31
21,32
21,33
21,34
21,35
21,36
21,37
21,38
21,39
21,40
21,41
21,42
21,43
21,44
21,45
21,46
21,47
21,48
21,49
21,50
21,51
21,52
21,53
21,54
21,55
21,56
21,57
21,58
21,59
21,60
21,61
21,62
21,63
21,65
21,68
21,75
21,91
21,92
21,97
21,99
21,101
21,103
21,104
21,105
21,108
21,111
21,113
21,117
21,119
21,120
21,126
21,132
21,144
21,146
21,155
21,159
21,163
21,164
21,165
21,167
21,171
21,172
21,173
21,175
21,177
21,178
21,179
21,180
21,182
21,183
21,185
21,192
21,196
22,23
22,24
22,25
22,26
22,27
22,28
22,29
22,30
22,31
22,32
22,33
22,34
22,35
22,36
22,37
22,38
22,39
22,40
22,41
22,42
22,43
22,44
22,45
22,46
22,47
22,48
22,49
22,50
22,51
22,52
22,53
22,54
22,55
22,56
22,57
22,58
22,59
22,60
22,61
22,62
23,24
23,25
23,26
23,27
23,28
23,29
23,30
23,31
23,32
23,33
23,34
23,35
23,36
23,37
23,38
23,39
23,40
23,41
23,42
23,43
23,44
23,45
23,46
23,47
23,48
23,49
23,50
23,51
23,52
23,53
23,54
23,55
23,56
23,57
23,58
23,59
23,60
23,61
23,62
24,25
24,26
24,27
24,28
24,29
24,30
24,31
24,32
24,33
24,34
24,35
24,36
24,37
24,38
24,39
24,40
24,41
24,42
24,43
24,44
24,45
24,46
24,47
24,48
24,49
24,50
24,51
24,52
24,53
24,54
24,55
24,56
24,57
24,58
24,59
24,60
24,61
24,62
25,26
25,27
25,28
25,29
25,30
25,31
25,32
25,33
25,34
25,35
25,36
25,37
25,38
25,39
25,40
25,41
25,42
25,43
25,44
25,45
25,46
25,47
25,48
25,49
25,50
25,51
25,52
25,53
25,54
25,55
25,56
25,57
25,58
25,59
25,60
25,61
25,62
25,63
25,65
25,68
25,75
25,91
25,92
25,97
25,99
25,101
25,103
25,104
25,105
25,108
25,111
25,113
25,117
25,119
25,120
25,126
25,132
25,144
25,146
25,155
25,159
25,163
25,164
25,165
25,167
25,171
25,172
25,173
25,175
25,177
25,178
25,179
25,180
25,182
25,183
25,185
25,192
25,196
26,27
26,28
26,29
26,30
26,31
26,32
26,33
26,34
26,35
26,36
26,37
26,38
26,39
26,40
26,41
26,42
26,43
26,44
26,45
26,46
26,47
26,48
26,49
26,50
26,51
26,52
26,53
26,54
26,55
26,56
26,57
26,58
26,59
26,60
26,61
26,62
26,63
26,65
26,68
26,75
26,91
26,92
26,97
26,99
26,101
26,103
26,104
26,105
26,108
26,111
26,113
26,117
26,119
26,120
26,126
26,132
26,144
26,146
26,155
26,159
26,163
26,164
26,165
26,167
26,171
26,172
26,173
26,175
26,177
26,178
26,179
26,180
26,182
26,183
26,185
26,192
26,196
27,28
27,29
27,30
27,31
27,32
27,33
27,34
27,35
27,36
27,37
27,38
27,39
27,40
27,41
27,42
27,43
27,44
27,45
27,46
27,47
27,48
27,49
27,50
27,51
27,52
27,53
27,54
27,55
27,56
27,57
27,58
27,59
27,60
27,61
27,62
28,29
28,30
28,31
28,32
28,33
28,34
28,35
28,36
28,37
28,38
28,39
28,40
28,41
28,42
28,43
28,44
28,45
28,46
28,47
28,48
28,49
28,50
28,51
28,52
28,53
28,54
28,55
28,56
28,57
28,58
28,59
28,60
28,61
28,62
28,63
28,65
28,68
28,75
28,91
28,92
28,97
28,99
28,101
28,103
28,104
28,105
28,108
28,111
28,113
28,117
28,119
28,120
28,126
28,132
28,144
28,146
28,155
28,159
28,163
28,164
28,165
28,167
28,171
28,172
28,173
28,175
28,177
28,178
28,179
28,180
28,182
28,183
28,185
28,192
28,196
29,30
29,31
29,32
29,33
29,34
29,35
29,36
29,37
29,38
29,39
29,40
29,41
29,42
29,43
29,44
29,45
29,46
29,47
29,48
29,49
29,50
29,51
29,52
29,53
29,54
29,55
29,56
29,57
29,58
29,59
29,60
29,61
29,62
29,63
29,65
29,68
29,75
29,91
29,92
29,97
29,99
29,101
29,103
29,104
29,105
29,108
29,111
29,113
29,117
29,119
29,120
29,126
29,132
29,144
29,146
29,155
29,159
29,163
29,164
29,165
29,167
29,171
29,172
29,173
29,175
29,177
29,178
29,179
29,180
29,182
29,183
29,185
29,192
29,196
30,31
30,32
30,33
30,34
30,35
30,36
30,37
30,38
30,39
30,40
30,41
30,42
30,43
30,44
30,45
30,46
30,47
30,48
30,49
30,50
30,51
30,52
30,53
30,54
30,55
30,56
30,57
30,58
30,59
30,60
30,61
30,62
31,32
31,33
31,34
31,35
31,36
31,37
31,38
31,39
31,40
31,41
31,42
31,43
31,44
31,45
31,46
31,47
31,48
31,49
31,50
31,51
31,52
31,53
31,54
31,55
31,56
31,57
31,58
31,59
31,60
31,61
31,62
32,33
32,34
32,35
32,36
32,37
32,38
32,39
32,40
32,41
32,42
32,43
32,44
32,45
32,46
32,47
32,48
32,49
32,50
32,51
32,52
32,53
32,54
32,55
32,56
32,57
32,58
32,59
32,60
32,61
32,62
32,63
32,65
32,68
32,75
32,91
32,92
32,97
32,99
32,101
32,103
32,104
32,105
32,108
32,111
32,113
32,117
32,119
32,120
32,126
32,132
32,144
32,146
32,155
32,159
32,163
32,164
32,165
32,167
32,171
32,172
32,173
32,175
32,177
32,178
32,179
32,180
32,182
32,183
32,185
32,192
32,196
33,34
33,35
33,36
33,37
33,38
33,39
33,40
33,41
33,42
33,43
33,44
33,45
33,46
33,47
33,48
33,49
33,50
33,51
33,52
33,53
33,54
33,55
33,56
33,57
33,58
33,59
33,60
33,61
33,62
34,35
34,36
34,37
34,38
34,39
34,40
34,41
34,42
34,43
34,44
34,45
34,46
34,47
34,48
34,49
34,50
34,51
34,52
34,53
34,54
34,55
34,56
34,57
34,58
34,59
34,60
34,61
34,62
35,36
35,37
35,38
35,39
35,40
35,41
35,42
35,43
35,44
35,45
35,46
35,47
35,48
35,49
35,50
35,51
35,52
35,53
35,54
35,55
35,56
35,57
35,58
35,59
35,60
35,61
35,62
35,122
35,124
35,127
35,128
35,129
36,37
36,38
36,39
36,40
36,41
36,42
36,43
36,44
36,45
36,46
36,47
36,48
36,49
36,50
36,51
36,52
36,53
36,54
36,55
36,56
36,57
36,58
36,59
36,60
36,61
36,62
36,89
36,94
37,38
37,39
37,40
37,41
37,42
37,43
37,44
37,45
37,46
37,47
37,48
37,49
37,50
37,51
37,52
37,53
37,54
37,55
37,56
37,57
37,58
37,59
37,60
37,61
37,62
37,91
38,39
38,40
38,41
38,42
38,43
38,44
38,45
38,46
38,47
38,48
38,49
38,50
38,51
38,52
38,53
38,54
38,55
38,56
38,57
38,58
38,59
38,60
38,61
38,62
38,94
38,98
38,100
38,103
38,107
38,112
38,115
38,116
38,119
38,120
39,40
39,41
39,42
39,43
39,44
39,45
39,46
39,47
39,48
39,49
39,50
39,51
39,52
39,53
39,54
39,55
39,56
39,57
39,58
39,59
39,60
39,61
39,62
39,63
39,65
39,68
39,75
39,91
39,92
39,94
39,95
39,96
39,97
39,98
39,99
39,101
39,102
39,103
39,104
39,105
39,107
39,108
39,111
39,113
39,114
39,115
39,117
39,118
39,119
39,120
39,122
39,124
39,125
39,126
39,127
39,129
39,131
39,132
39,144
39,146
39,153
39,154
39,155
39,159
39,163
39,164
39,165
39,167
39,171
39,172
39,173
39,175
39,177
39,178
39,179
39,180
39,182
39,183
39,185
39,192
39,196
40,41
40,42
40,43
40,44
40,45
40,46
40,47
40,48
40,49
40,50
40,51
40,52
40,53
40,54
40,55
40,56
40,57
40,58
40,59
40,60
40,61
40,62
40,85
40,88
40,89
40,94
40,95
40,96
40,98
40,100
40,101
40,102
40,103
40,107
40,108
40,112
40,113
40,114
40,116
40,118
40,119
40,120
40,121
40,125
40,126
40,127
40,128
40,139
40,140
40,143
40,144
40,145
40,151
41,42
41,43
41,44
41,45
41,46
41,47
41,48
41,49
41,50
41,51
41,52
41,53
41,54
41,55
41,56
41,57
41,58
41,59
41,60
41,61
41,62
41,83
41,85
41,96
41,99
41,100
41,101
41,102
41,103
41,108
41,109
41,113
41,114
41,115
41,116
41,117
41,118
41,120
41,121
41,122
41,123
41,124
41,125
41,126
41,127
41,128
41,129
41,136
41,138
41,139
41,140
41,143
41,144
41,145
41,147
41,148
41,149
41,152
41,153
41,154
41,158
42,43
42,44
42,45
42,46
42,47
42,48
42,49
42,50
42,51
42,52
42,53
42,54
42,55
42,56
42,57
42,58
42,59
42,60
42,61
42,62
42,83
42,86
42,87
42,88
42,89
42,90
42,91
42,93
42,94
42,95
42,96
42,99
42,100
42,101
42,102
42,103
42,107
42,108
42,112
42,113
42,114
42,115
42,116
42,117
42,118
42,120
42,121
42,122
42,123
42,126
42,127
42,128
42,129
42,131
42,132
42,133
42,135
42,136
42,137
42,138
42,139
42,140
43,44
43,45
43,46
43,47
43,48
43,49
43,50
43,51
43,52
43,53
43,54
43,55
43,56
43,57
43,58
43,59
43,60
43,61
43,62
44,45
44,46
44,47
44,48
44,49
44,50
44,51
44,52
44,53
44,54
44,55
44,56
44,57
44,58
44,59
44,60
44,61
44,62
44,92
44,94
44,98
44,99
44,100
44,101
44,108
44,113
44,114
44,115
44,117
44,118
44,122
44,123
44,128
44,131
44,133
44,135
44,136
44,138
44,139
44,140
44,141
44,143
44,147
44,148
44,149
44,151
44,152
44,159
45,46
45,47
45,48
45,49
45,50
45,51
45,52
45,53
45,54
45,55
45,56
45,57
45,58
45,59
45,60
45,61
45,62
45,86
45,87
45,88
45,89
45,90
45,92
45,93
45,94
45,96
45,97
45,98
45,99
45,100
45,101
45,102
45,103
45,107
45,108
45,112
45,113
45,114
45,118
45,119
45,120
45,122
45,123
45,126
45,128
45,130
45,131
45,132
45,137
45,138
45,141
45,147
45,148
45,149
45,150
45,152
45,153
45,154
45,157
45,159
45,160
45,163
45,165
45,171
45,173
46,47
46,48
46,49
46,50
46,51
46,52
46,53
46,54
46,55
46,56
46,57
46,58
46,59
46,60
46,61
46,62
46,63
46,65
46,68
46,75
46,91
46,92
46,97
46,99
46,101
46,102
46,103
46,104
46,105
46,108
46,111
46,112
46,113
46,115
46,116
46,117
46,119
46,120
46,124
46,125
46,126
46,128
46,129
46,130
46,131
46,132
46,133
46,144
46,146
46,155
46,159
46,163
46,164
46,165
46,167
46,171
46,172
46,173
46,175
46,177
46,178
46,179
46,180
46,182
46,183
46,185
46,192
46,196
47,48
47,49
47,50
47,51
47,52
47,53
47,54
47,55
47,56
47,57
47,58
47,59
47,60
47,61
47,62
48,49
48,50
48,51
48,52
48,53
48,54
48,55
48,56
48,57
48,58
48,59
48,60
48,61
48,62
48,63
48,65
48,68
48,75
48,91
48,92
48,97
48,99
48,101
48,103
48,104
48,105
48,108
48,111
48,113
48,117
48,119
48,120
48,126
48,132
48,144
48,146
48,155
48,159
48,163
48,164
48,165
48,167
48,171
48,172
48,173
48,175
48,177
48,178
48,179
48,180
48,182
48,183
48,185
48,192
48,196
49,50
49,51
49,52
49,53
49,54
49,55
49,56
49,57
49,58
49,59
49,60
49,61
49,62
49,93
49,94
49,95
49,96
49,99
49,102
50,51
50,52
50,53
50,54
50,55
50,56
50,57
50,58
50,59
50,60
50,61
50,62
50,63
50,65
50,68
50,75
50,91
50,92
50,97
50,99
50,101
50,103
50,104
50,105
50,108
50,111
50,113
50,117
50,119
50,120
50,126
50,132
50,144
50,146
50,155
50,159
50,163
50,164
50,165
50,167
50,171
50,172
50,173
50,175
50,177
50,178
50,179
50,180
50,182
50,183
50,185
50,192
50,196
51,52
51,53
51,54
51,55
51,56
51,57
51,58
51,59
51,60
51,61
51,62
51,63
51,65
51,68
51,75
51,91
51,92
51,97
51,99
51,101
51,103
51,104
51,105
51,108
51,111
51,113
51,117
51,119
51,120
51,126
51,132
51,144
51,146
51,155
51,159
51,163
51,164
51,165
51,167
51,171
51,172
51,173
51,175
51,177
51,178
51,179
51,180
51,182
51,183
51,185
51,192
51,196
52,53
52,54
52,55
52,56
52,57
52,58
52,59
52,60
52,61
52,62
52,63
52,65
52,68
52,75
52,91
52,92
52,97
52,99
52,101
52,103
52,104
52,105
52,108
52,111
52,113
52,117
52,119
52,120
52,126
52,132
52,144
52,146
52,155
52,159
52,163
52,164
52,165
52,167
52,171
52,172
52,173
52,175
52,177
52,178
52,179
52,180
52,182
52,183
52,185
52,192
52,196
53,54
53,55
53,56
53,57
53,58
53,59
53,60
53,61
53,62
54,55
54,56
54,57
54,58
54,59
54,60
54,61
54,62
55,56
55,57
55,58
55,59
55,60
55,61
55,62
56,57
56,58
56,59
56,60
56,61
56,62
56,63
56,65
56,68
56,75
56,91
56,92
56,97
56,99
56,101
56,103
56,104
56,105
56,108
56,111
56,113
56,116
56,117
56,119
56,120
56,126
56,132
56,144
56,146
56,155
56,159
56,163
56,164
56,165
56,167
56,171
56,172
56,173
56,175
56,177
56,178
56,179
56,180
56,182
56,183
56,185
56,192
56,196
57,58
57,59
57,60
57,61
57,62
57,63
57,65
57,68
57,75
57,91
57,92
57,97
57,99
57,101
57,103
57,104
57,105
57,108
57,111
57,113
57,117
57,119
57,120
57,126
57,132
57,144
57,146
57,155
57,159
57,163
57,164
57,165
57,167
57,171
57,172
57,173
57,175
57,177
57,178
57,179
57,180
57,182
57,183
57,185
57,192
57,196
58,59
58,60
58,61
59,60
59,61
59,62
60,61
60,62
61,62
61,63
61,65
61,68
61,75
61,91
61,92
61,97
61,99
61,101
61,103
61,104
61,105
61,108
61,111
61,113
61,117
61,119
61,120
61,126
61,132
61,144
61,146
61,155
61,159
61,163
61,164
61,165
61,167
61,171
61,172
61,173
61,175
61,177
61,178
61,179
61,180
61,182
61,183
61,185
61,192
61,196
63,65
63,68
63,75
63,88
63,91
63,92
63,93
63,95
63,96
63,97
63,99
63,100
63,101
63,102
63,103
63,104
63,105
63,108
63,111
63,113
63,117
63,119
63,120
63,126
63,132
63,144
63,146
63,155
63,159
63,163
63,164
63,165
63,167
63,171
63,172
63,173
63,175
63,177
63,178
63,179
63,180
63,182
63,183
63,185
63,192
63,196
64,83
64,84
64,85
65,68
65,75
65,84
65,86
65,91
65,92
65,97
65,99
65,101
65,103
65,104
65,105
65,108
65,111
65,113
65,117
65,119
65,120
65,126
65,132
65,144
65,146
65,155
65,159
65,163
65,164
65,165
65,167
65,171
65,172
65,173
65,175
65,177
65,178
65,179
65,180
65,182
65,183
65,185
65,192
65,196
66,95
66,96
66,97
66,98
66,101
66,102
66,103
66,106
66,110
66,116
66,117
67,91
67,92
67,93
67,96
67,97
67,98
67,100
67,101
67,102
67,103
67,110
67,112
67,114
67,115
67,116
67,117
67,118
67,121
67,124
67,125
68,75
68,91
68,92
68,97
68,99
68,101
68,103
68,104
68,105
68,108
68,111
68,113
68,117
68,119
68,120
68,126
68,132
68,144
68,146
68,155
68,159
68,163
68,164
68,165
68,167
68,171
68,172
68,173
68,175
68,177
68,178
68,179
68,180
68,182
68,183
68,185
68,192
68,196
69,97
69,98
69,99
69,102
69,103
69,104
69,106
69,107
69,109
69,114
69,115
69,117
69,118
69,122
69,124
69,125
69,126
69,127
69,129
69,131
69,136
69,138
69,141
69,149
70,79
70,83
71,85
71,89
71,90
71,92
71,93
71,94
71,96
71,99
71,100
71,103
71,104
71,106
71,107
71,110
71,114
71,115
71,116
71,117
71,121
71,122
71,123
71,124
71,125
71,126
71,127
71,128
71,129
71,131
71,133
71,136
71,138
71,141
71,148
71,149
73,84
73,85
73,88
73,89
73,90
73,91
73,92
73,94
73,95
73,96
73,98
73,99
73,102
73,104
73,106
73,107
73,110
73,112
73,114
73,118
73,123
73,124
73,125
73,126
74,84
74,88
75,83
75,84
75,85
75,86
75,87
75,88
75,89
75,90
75,91
75,92
75,94
75,95
75,96
75,97
75,98
75,99
75,100
75,101
75,102
75,103
75,104
75,105
75,108
75,110
75,111
75,112
75,113
75,117
75,119
75,120
75,126
75,132
75,144
75,146
75,155
75,159
75,163
75,164
75,165
75,167
75,171
75,172
75,173
75,175
75,177
75,178
75,179
75,180
75,182
75,183
75,185
75,192
75,196
76,83
76,85
76,86
76,87
76,88
76,90
76,94
76,95
76,96
76,97
76,98
76,99
76,100
76,101
76,102
76,103
76,104
78,89
78,90
78,91
78,95
78,96
78,97
78,98
78,99
78,100
78,101
78,107
78,110
78,112
78,113
78,120
78,122
78,123
78,124
78,135
78,141
78,149
79,82
79,83
79,85
79,86
79,87
79,89
79,91
79,92
79,93
79,94
79,95
79,96
79,97
79,98
79,100
79,102
79,103
79,107
79,109
79,110
79,113
79,115
79,117
79,121
79,122
79,123
79,124
79,127
79,131
79,132
79,135
79,136
79,149
79,151
79,154
79,160
79,162
81,86
81,87
81,88
81,89
81,90
81,91
81,92
81,93
81,94
81,95
82,86
82,87
82,88
82,89
82,91
82,92
82,93
82,96
82,97
82,98
82,99
82,100
82,101
82,102
82,106
82,107
82,108
82,113
82,116
82,121
82,122
82,124
82,126
82,127
82,129
82,130
82,131
82,132
82,133
82,134
82,135
82,136
82,137
82,141
82,142
83,84
83,85
83,87
83,89
83,90
83,91
83,93
83,94
83,96
83,97
83,98
83,100
83,101
83,102
83,106
83,108
83,109
83,110
83,112
83,113
83,114
83,115
83,116
83,117
83,122
83,123
83,124
83,126
83,129
83,130
83,133
83,135
83,136
83,137
83,138
83,140
83,142
83,144
83,145
83,149
83,151
84,85
84,86
84,87
84,89
84,90
85,86
85,87
85,88
85,89
85,90
85,92
85,93
85,94
85,96
85,99
85,100
85,101
85,103
85,108
85,110
85,111
85,112
85,113
85,114
85,116
85,117
85,118
85,121
85,124
85,125
85,126
85,129
85,132
85,133
85,134
85,136
85,138
85,139
85,140
85,142
85,145
85,147
85,149
85,151
85,159
85,160
87,90
87,91
87,93
87,99
87,101
87,102
87,103
87,104
87,106
87,107
87,110
87,112
87,113
87,115
87,116
87,117
87,120
87,122
87,124
87,126
87,129
87,131
87,132
87,133
87,134
87,135
87,136
87,138
87,139
87,141
87,142
87,143
87,144
87,145
87,147
87,149
87,150
87,151
87,152
87,160
88,91
88,93
88,94
88,95
88,97
88,98
88,99
88,100
88,101
88,102
88,103
88,104
88,106
88,108
88,110
88,111
88,113
88,116
88,118
88,120
88,121
88,122
88,124
88,125
88,126
88,129
88,130
88,131
88,132
88,133
88,134
88,135
88,136
88,137
88,138
88,139
88,140
88,141
88,142
88,143
88,144
88,145
88,146
88,147
88,148
88,149
88,150
88,151
88,152
88,154
88,159
88,162
88,174
89,90
89,91
89,94
89,95
89,96
89,97
89,99
89,101
89,102
89,103
89,106
89,107
89,108
89,109
89,110
89,111
89,113
89,114
89,116
89,118
90,91
90,93
90,95
90,96
90,97
90,98
90,99
90,100
90,102
90,103
90,106
90,107
90,108
90,113
90,114
90,115
90,117
90,120
90,121
90,122
90,123
91,92
91,93
91,94
91,95
91,96
91,97
91,98
91,99
91,101
91,102
91,103
91,104
91,105
91,106
91,107
91,108
91,109
91,110
91,111
91,112
91,113
91,114
91,115
91,116
91,117
91,118
91,119
91,120
91,121
91,122
91,123
91,126
91,129
91,132
91,134
91,135
91,144
91,146
91,155
91,159
91,163
91,164
91,165
91,167
91,171
91,172
91,173
91,175
91,177
91,178
91,179
91,180
91,182
91,183
91,185
91,192
91,196
92,96
92,97
92,98
92,99
92,101
92,103
92,104
92,105
92,108
92,111
92,113
92,117
92,119
92,120
92,126
92,132
92,144
92,146
92,155
92,159
92,163
92,164
92,165
92,167
92,171
92,172
92,173
92,175
92,177
92,178
92,179
92,180
92,182
92,183
92,185
92,192
92,196
93,96
93,97
93,98
93,100
93,102
93,103
93,106
93,107
93,108
93,109
93,110
93,113
93,114
93,116
94,95
94,96
94,97
94,98
94,99
94,100
94,101
94,103
94,104
94,106
94,108
94,114
94,117
94,121
94,122
94,123
94,124
94,125
94,133
94,134
94,137
94,138
94,142
94,145
94,148
94,151
94,154
94,158
95,96
95,98
95,99
95,100
96,98
96,99
96,100
96,101
96,102
96,103
96,106
96,107
96,108
96,110
96,114
96,116
96,120
96,123
96,124
96,125
96,126
96,128
96,130
96,133
96,134
96,135
96,136
96,137
96,139
97,99
97,101
97,103
97,104
97,105
97,108
97,111
97,113
97,117
97,119
97,120
97,126
97,132
97,144
97,146
97,155
97,159
97,163
97,164
97,165
97,167
97,171
97,172
97,173
97,175
97,177
97,178
97,179
97,180
97,182
97,183
97,185
97,192
97,196
98,101
98,104
98,106
98,107
98,108
98,109
98,110
98,112
98,114
98,116
98,120
98,121
98,122
98,125
98,128
98,129
98,130
98,133
98,135
98,136
98,138
98,139
98,145
98,148
98,149
99,100
99,101
99,103
99,104
99,105
99,106
99,107
99,108
99,109
99,110
99,111
99,113
99,116
99,117
99,118
99,119
99,120
99,121
99,122
99,123
99,124
99,126
99,128
99,129
99,130
99,131
99,132
99,144
99,146
99,155
99,159
99,163
99,164
99,165
99,167
99,171
99,172
99,173
99,175
99,177
99,178
99,179
99,180
99,182
99,183
99,185
99,192
99,196
100,102
100,106
100,107
100,108
100,109
100,110
100,111
100,112
100,113
100,115
100,116
100,117
100,118
100,119
100,121
100,123
100,124
100,126
100,127
100,129
100,130
100,133
100,134
100,137
100,138
100,139
100,146
100,148
100,149
101,102
101,103
101,104
101,105
101,106
101,108
101,109
101,110
101,111
101,113
101,114
101,115
101,116
101,117
101,119
101,120
101,122
101,123
101,124
101,125
101,126
101,127
101,128
101,129
101,130
101,131
101,132
101,133
101,134
101,135
101,138
101,140
101,144
101,145
101,146
101,148
101,151
101,155
101,159
101,162
101,163
101,164
101,165
101,167
101,171
101,172
101,173
101,174
101,175
101,176
101,177
101,178
101,179
101,180
101,182
101,183
101,185
101,187
101,192
101,196
102,103
102,104
102,106
102,107
102,108
102,110
102,111
102,113
102,114
102,115
102,116
102,118
102,121
102,122
102,125
102,126
102,127
102,128
102,130
102,133
102,134
102,137
102,138
102,139
102,140
102,142
102,143
102,148
102,151
102,152
102,162
102,163
102,176
103,104
103,105
103,107
103,108
103,109
103,110
103,111
103,113
103,115
103,116
103,117
103,118
103,119
103,120
103,121
103,122
103,123
103,124
103,125
103,126
103,128
103,129
103,130
103,132
103,133
103,135
103,136
103,139
103,140
103,141
103,142
103,143
103,144
103,146
103,148
103,152
103,154
103,155
103,158
103,159
103,163
103,164
103,165
103,167
103,171
103,172
103,173
103,175
103,177
103,178
103,179
103,180
103,182
103,183
103,185
103,192
103,196
104,105
104,107
104,108
104,109
104,110
104,111
104,112
104,113
104,114
104,115
104,116
104,117
104,118
104,119
104,120
104,121
104,123
104,124
104,125
104,126
104,127
104,128
104,129
104,130
104,132
104,144
104,146
104,155
104,159
104,163
104,164
104,165
104,167
104,171
104,172
104,173
104,175
104,177
104,178
104,179
104,180
104,182
104,183
104,185
104,192
104,196
105,108
105,111
105,113
105,117
105,119
105,120
105,126
105,132
105,144
105,146
105,155
105,159
105,163
105,164
105,165
105,167
105,171
105,172
105,173
105,175
105,177
105,178
105,179
105,180
105,182
105,183
105,185
105,192
105,196
106,109
106,110
106,113
106,114
106,115
106,116
106,117
106,121
106,123
106,124
106,125
106,126
106,127
106,130
106,132
106,133
106,134
106,135
106,137
107,108
107,109
107,110
108,109
108,110
108,111
108,113
108,117
108,119
108,120
108,126
108,132
108,144
108,146
108,155
108,159
108,163
108,164
108,165
108,167
108,171
108,172
108,173
108,175
108,177
108,178
108,179
108,180
108,182
108,183
108,185
108,192
108,196
109,111
109,114
109,115
109,121
109,122
109,123
109,124
109,125
109,133
109,134
109,135
109,136
109,137
109,139
109,143
109,146
109,149
109,154
109,160
109,174
110,111
110,112
110,114
111,113
111,114
111,115
111,116
111,117
111,118
111,119
111,120
111,121
111,122
111,123
111,126
111,128
111,129
111,130
111,132
111,134
111,135
111,136
111,137
111,141
111,142
111,143
111,144
111,146
111,147
111,149
111,151
111,153
111,154
111,155
111,158
111,159
111,161
111,163
111,164
111,165
111,167
111,171
111,172
111,173
111,175
111,177
111,178
111,179
111,180
111,182
111,183
111,185
111,187
111,192
111,196
112,114
112,115
112,116
112,117
112,118
112,119
112,120
112,121
112,124
112,125
112,127
112,128
112,129
112,130
112,132
112,133
112,134
112,135
112,136
112,137
112,139
112,141
112,142
112,143
112,144
112,146
112,147
112,148
112,149
112,151
112,153
112,154
112,157
112,158
112,159
112,160
112,161
112,162
112,163
112,164
112,187
112,188
113,114
113,115
113,116
113,117
113,118
113,119
113,120
113,121
113,124
113,125
113,126
113,128
113,129
113,131
113,132
113,136
113,137
113,138
113,139
113,140
113,141
113,142
113,144
113,145
113,146
113,147
113,149
113,151
113,153
113,155
113,157
113,158
113,159
113,161
113,162
113,163
113,164
113,165
113,167
113,168
113,169
113,171
113,172
113,173
113,175
113,176
113,177
113,178
113,179
113,180
113,182
113,183
113,185
113,187
113,188
113,192
113,196
114,115
114,116
114,117
114,119
114,120
114,121
114,122
114,124
114,125
114,127
115,116
115,117
115,118
115,119
115,124
115,125
115,126
115,127
115,130
115,131
115,133
115,136
115,137
115,138
115,139
115,140
115,141
115,142
115,148
115,149
115,151
115,152
115,153
115,157
115,158
115,159
115,160
115,164
116,117
116,118
116,119
116,120
116,121
116,122
116,123
116,124
116,125
116,126
116,127
116,128
116,130
116,131
116,134
116,137
116,138
116,139
116,140
116,141
116,142
116,144
116,146
116,147
116,149
116,152
116,153
116,158
116,159
116,162
116,163
116,164
116,168
116,174
116,187
117,118
117,119
117,120
117,121
117,122
117,123
117,124
117,126
117,127
117,130
117,131
117,132
117,133
117,137
117,138
117,139
117,140
117,141
117,142
117,143
117,144
117,145
117,146
117,148
117,151
117,152
117,153
117,154
117,155
117,157
117,158
117,159
117,160
117,161
117,162
117,163
117,164
117,165
117,167
117,168
117,169
117,171
117,172
117,173
117,174
117,175
117,176
117,177
117,178
117,179
117,180
117,182
117,183
117,185
117,188
117,192
117,196
118,119
118,121
118,122
118,123
118,124
118,126
118,127
118,128
118,129
118,130
118,131
118,132
118,133
118,136
118,137
118,140
118,141
118,142
118,143
118,144
118,147
118,148
118,149
118,151
118,152
118,153
118,156
118,157
118,159
118,160
118,161
118,162
118,163
118,168
118,169
118,174
118,176
118,184
118,187
118,188
119,120
119,121
119,122
119,124
119,126
119,127
119,128
119,129
119,130
119,131
119,132
119,133
119,134
119,135
119,136
119,137
119,139
119,140
119,141
119,142
119,144
119,146
119,148
119,149
119,151
119,152
119,153
119,155
119,156
119,159
119,160
119,161
119,162
119,163
119,164
119,165
119,167
119,169
119,171
119,172
119,173
119,175
119,177
119,178
119,179
119,180
119,182
119,183
119,185
119,186
119,187
119,190
119,192
119,195
119,196
120,122
120,123
120,124
120,125
120,126
120,129
120,130
120,132
120,133
120,137
120,139
120,140
120,142
120,144
120,146
120,147
120,148
120,149
120,151
120,152
120,153
120,155
120,156
120,157
120,158
120,159
120,160
120,161
120,163
120,164
120,165
120,167
120,171
120,172
120,173
120,175
120,177
120,178
120,179
120,180
120,182
120,183
120,185
120,192
120,196
121,124
121,128
121,129
121,130
121,131
121,132
121,133
121,134
121,135
121,136
122,124
122,125
122,127
122,128
122,131
122,132
122,137
122,138
122,139
122,140
122,141
122,142
122,143
122,145
122,147
122,149
122,150
122,151
122,152
122,154
122,156
123,124
123,125
123,126
123,127
123,128
123,129
123,130
123,131
123,132
123,133
123,135
123,136
123,137
123,138
123,139
123,140
123,141
123,142
123,143
123,144
123,145
123,146
124,125
124,128
124,129
124,131
124,132
124,133
124,134
124,135
124,139
124,140
124,141
124,143
124,144
124,145
124,147
124,148
124,149
124,150
124,151
124,154
124,157
124,158
124,160
124,162
124,168
124,184
124,186
124,195
125,128
125,129
125,130
125,131
125,133
125,134
125,135
125,138
126,128
126,130
126,131
126,132
126,133
126,134
126,135
126,136
126,137
126,138
126,139
126,141
126,142
126,143
126,144
126,146
126,148
126,149
126,150
126,152
126,153
126,154
126,155
126,157
126,158
126,159
126,161
126,162
126,163
126,164
126,165
126,167
126,168
126,171
126,172
126,173
126,175
126,176
126,177
126,178
126,179
126,180
126,182
126,183
126,184
126,185
126,192
126,194
126,195
126,196
127,128
127,129
127,130
127,131
127,133
127,134
127,136
127,137
127,138
127,139
127,140
127,141
127,142
127,143
127,144
127,145
127,148
127,149
127,151
127,152
127,153
127,154
127,157
127,158
127,160
127,163
127,164
127,165
127,168
127,176
127,180
127,186
127,187
127,188
127,189
127,191
127,195
128,129
128,130
128,132
128,133
128,135
128,136
128,137
128,138
128,140
128,141
128,142
128,143
128,144
128,145
128,146
128,147
128,148
128,149
128,150
128,151
128,152
128,153
128,154
128,156
128,157
128,158
128,159
128,160
128,161
128,162
128,163
128,164
128,165
128,168
128,169
128,172
128,174
128,176
128,185
128,186
128,188
128,189
128,190
128,191
128,194
128,195
129,130
129,131
129,133
129,134
129,137
129,138
129,139
129,142
129,143
129,144
129,145
129,146
129,147
129,150
129,151
129,152
129,153
129,154
129,155
129,157
129,159
129,160
129,161
129,162
129,164
129,165
129,169
129,176
129,180
129,185
129,186
129,188
129,190
129,191
129,195
130,131
130,136
130,138
130,139
130,140
130,141
131,132
131,134
131,135
131,136
131,137
131,139
131,140
131,142
131,143
131,144
131,145
131,146
131,147
131,148
131,149
131,150
131,153
131,154
131,156
131,157
131,161
131,162
131,163
131,164
131,165
131,169
131,170
131,171
131,172
131,174
131,180
131,185
131,187
131,188
131,189
131,190
131,195
132,133
132,135
132,136
132,137
132,139
132,140
132,142
132,143
132,144
132,145
132,146
132,155
132,159
132,163
132,164
132,165
132,167
132,171
132,172
132,173
132,175
132,177
132,178
132,179
132,180
132,182
132,183
132,185
132,192
132,196
133,137
133,138
133,139
133,140
133,141
133,142
133,143
133,145
134,136
134,137
134,138
134,140
134,142
134,143
135,137
135,138
135,139
135,142
135,143
135,144
135,146
135,147
135,152
135,153
135,154
135,155
135,157
135,158
135,160
135,163
135,165
136,140
136,141
136,142
136,143
136,144
136,146
136,147
136,149
136,152
136,153
136,154
136,155
136,158
136,159
136,162
136,163
136,164
136,165
136,168
136,172
136,173
136,174
136,178
136,185
136,186
136,190
136,191
136,195
137,138
137,140
137,141
137,142
137,143
137,144
137,145
137,146
137,147
137,149
137,151
137,152
137,154
137,155
137,157
137,158
137,159
137,160
137,162
137,164
137,165
138,139
138,140
138,141
138,142
138,143
138,144
138,145
138,146
138,147
138,148
138,149
138,151
138,152
138,153
138,156
138,157
138,158
138,160
138,162
138,163
138,164
138,165
138,172
138,173
139,140
139,141
139,142
139,143
139,144
139,147
139,148
139,150
139,151
139,152
139,153
139,154
139,156
139,157
139,159
139,160
139,161
139,162
139,163
139,165
139,166
139,168
139,169
139,170
139,172
139,175
139,178
139,179
139,180
139,184
139,185
139,186
139,194
139,195
140,141
140,142
140,143
140,144
140,145
140,146
140,147
140,148
140,150
140,152
140,154
140,155
140,158
140,159
140,160
140,162
140,165
140,166
140,168
140,169
140,170
140,171
140,172
140,178
140,179
140,180
140,184
140,185
140,189
140,190
140,191
140,193
140,194
140,195
140,197
141,142
141,145
142,143
142,144
142,145
142,146
142,147
142,148
142,149
142,150
142,151
142,153
142,155
142,156
143,144
143,145
143,146
143,147
143,148
143,149
143,150
143,151
143,152
143,153
143,154
143,155
143,157
143,158
143,160
143,165
143,166
143,170
143,171
143,172
143,173
143,177
143,179
143,180
143,185
143,186
143,187
143,189
143,190
143,193
143,194
143,197
144,145
144,146
144,150
144,151
144,152
144,155
144,157
144,158
144,159
144,160
144,161
144,163
144,164
144,165
144,167
144,168
144,169
144,170
144,171
144,172
144,173
144,174
144,175
144,177
144,178
144,179
144,180
144,182
144,183
144,184
144,185
144,188
144,189
144,190
144,191
144,192
144,193
144,194
144,196
145,146
145,147
145,148
145,150
145,152
145,153
145,154
145,155
145,157
145,158
145,160
145,163
145,165
145,166
145,168
145,169
145,170
145,172
145,174
145,175
145,179
145,180
145,183
145,184
145,185
145,186
145,187
145,188
145,189
145,190
145,191
145,193
145,195
146,147
146,148
146,149
146,150
146,151
146,152
146,153
146,155
146,156
146,159
146,160
146,161
146,162
146,163
146,164
146,165
146,167
146,168
146,169
146,170
146,171
146,172
146,173
146,174
146,175
146,176
146,177
146,178
146,179
146,180
146,182
146,183
146,184
146,185
146,187
146,188
146,189
146,190
146,191
146,192
146,193
146,194
146,195
146,196
147,148
147,150
147,151
147,152
147,154
147,155
147,156
147,157
147,158
147,159
147,160
147,161
147,162
147,165
147,166
147,168
147,169
147,170
147,172
147,173
147,174
147,175
147,176
147,179
147,181
147,184
147,188
147,191
147,193
147,194
147,195
147,197
148,150
148,152
148,154
148,155
148,156
148,157
148,159
148,162
148,165
148,168
148,169
149,150
149,151
149,154
149,156
149,157
149,158
149,159
149,160
149,161
149,162
149,163
149,164
149,169
149,172
149,174
149,176
149,177
149,178
149,179
149,180
149,184
149,186
149,187
149,188
149,189
149,190
149,197
149,198
150,151
150,152
150,154
150,155
150,157
150,158
150,159
150,161
150,162
150,163
151,154
151,155
151,156
151,157
151,158
151,159
151,160
151,161
151,162
151,163
151,164
151,165
151,168
151,170
151,172
151,175
151,176
151,177
151,178
151,181
151,182
151,183
151,186
151,187
151,188
151,190
151,194
151,197
151,198
152,153
152,155
152,156
152,157
152,158
152,159
152,160
152,162
152,163
152,164
152,165
152,168
152,170
152,172
152,173
152,175
152,176
152,177
152,178
152,179
152,181
152,182
152,183
152,184
152,185
152,186
152,187
152,189
152,190
152,191
152,192
152,194
152,198
153,154
153,155
153,156
153,160
153,162
153,163
153,165
153,166
153,168
153,169
153,170
153,171
153,172
153,173
153,176
153,177
153,178
153,179
153,181
153,182
153,183
153,185
153,186
153,187
153,188
153,189
153,190
153,191
153,192
153,193
153,194
153,195
153,197
153,198
154,156
154,157
154,158
154,159
154,160
154,162
154,163
154,164
154,165
154,168
154,170
154,171
154,174
154,175
154,176
155,156
155,157
155,158
155,159
155,160
155,163
155,164
155,165
155,166
155,167
155,168
155,170
155,171
155,172
155,173
155,174
155,175
155,176
155,177
155,178
155,179
155,180
155,182
155,183
155,185
155,192
155,196
156,157
156,159
156,160
156,161
156,162
156,163
156,164
156,165
156,166
156,168
156,169
156,170
156,171
156,172
157,158
157,160
157,161
157,162
157,163
157,164
157,165
157,166
157,167
157,169
157,171
157,172
157,173
157,175
157,176
157,186
157,187
157,188
157,189
157,190
157,192
157,198
157,199
158,160
158,161
158,162
158,163
158,164
158,165
158,166
158,167
158,168
158,169
158,170
158,171
158,172
158,173
158,174
158,175
158,178
158,179
158,180
158,181
158,182
158,183
158,184
158,185
158,186
158,188
158,189
158,190
158,194
158,196
158,198
158,199
159,160
159,161
159,162
159,163
159,164
159,165
159,167
159,169
159,170
159,171
159,172
159,173
159,175
159,177
159,178
159,179
159,180
159,182
159,183
159,185
159,187
159,188
159,189
159,190
159,191
159,192
159,193
159,194
159,195
159,196
159,197
159,198
159,199
160,161
160,162
160,164
160,166
160,167
160,168
160,169
160,170
160,173
160,175
160,177
160,178
160,179
160,180
160,181
160,182
160,184
160,186
160,187
160,188
160,189
160,190
160,191
160,194
160,195
160,196
160,197
160,199
161,162
161,164
161,165
161,166
161,168
161,169
161,170
161,171
161,172
161,173
161,174
161,175
161,178
161,179
161,180
161,181
161,182
161,183
161,184
161,185
161,186
161,187
161,189
161,190
161,191
161,193
162,163
162,164
162,165
162,168
162,169
162,170
162,171
162,172
162,173
162,174
162,175
162,177
162,178
162,179
162,180
162,181
162,182
162,183
163,164
163,165
163,167
163,168
163,170
163,171
163,172
163,173
163,174
163,175
163,177
163,178
163,179
163,180
163,182
163,183
163,185
163,192
163,196
164,165
164,166
164,167
164,169
164,171
164,172
164,173
164,174
164,175
164,176
164,177
164,178
164,179
164,180
164,182
164,183
164,185
164,186
164,187
164,188
164,189
164,192
164,193
164,196
164,198
164,199
165,166
165,167
165,169
165,170
165,171
165,172
165,173
165,175
165,177
165,178
165,179
165,180
165,181
165,182
165,183
165,184
165,185
165,186
165,192
165,196
166,168
166,169
166,170
166,172
166,176
166,179
166,180
166,181
166,182
166,185
166,186
166,187
166,189
166,193
166,194
166,196
166,199
167,170
167,171
167,172
167,173
167,175
167,177
167,178
167,179
167,180
167,182
167,183
167,185
167,192
167,196
168,169
168,171
168,172
168,174
168,176
168,178
168,180
168,181
168,182
168,183
168,184
168,185
168,186
168,191
168,193
168,194
168,197
168,199
169,170
169,171
169,174
169,175
169,177
169,178
169,179
169,180
169,181
170,171
170,172
170,173
170,174
170,175
171,172
171,173
171,174
171,175
171,176
171,177
171,178
171,179
171,180
171,181
171,182
171,183
171,185
171,188
171,192
171,193
171,194
171,195
171,196
171,197
171,198
171,199
172,173
172,175
172,177
172,178
172,179
172,180
172,182
172,183
172,185
172,192
172,196
173,175
173,177
173,178
173,179
173,180
173,182
173,183
173,184
173,185
173,186
173,188
173,191
173,192
173,193
173,194
173,195
173,196
173,198
174,178
174,180
174,181
174,184
174,185
174,186
174,190
174,192
174,193
174,195
174,197
174,198
175,176
175,177
175,178
175,179
175,180
175,181
175,182
175,183
175,184
175,185
175,186
175,188
175,189
175,191
175,192
175,193
175,194
175,195
175,196
176,180
176,181
176,184
176,186
176,187
176,188
176,189
176,190
176,191
176,192
176,193
176,194
176,195
176,196
176,199
177,178
177,179
177,180
177,182
177,183
177,185
177,187
177,188
177,189
177,192
177,194
177,196
177,198
177,199
178,179
178,180
178,181
178,182
178,183
178,185
178,186
178,187
178,189
178,190
178,191
178,192
178,194
178,195
178,196
178,198
178,199
179,180
179,181
179,182
179,183
179,184
179,185
179,187
179,188
179,189
179,190
179,192
179,194
179,195
179,196
179,197
179,198
179,199
180,182
180,183
180,185
180,187
180,188
180,189
180,191
180,192
180,194
180,196
180,197
180,198
180,199
181,185
181,186
181,188
181,192
181,194
181,195
181,196
181,198
181,199
182,183
182,185
182,192
182,196
183,185
183,187
183,188
183,189
183,192
183,193
183,196
183,198
183,199
184,186
184,187
184,188
184,189
184,190
184,192
185,186
185,187
185,192
185,196
186,187
186,188
186,189
186,190
186,192
186,194
186,195
186,199
187,188
187,189
187,190
187,192
187,194
187,195
187,196
187,197
187,198
187,199
188,189
188,190
188,191
188,192
188,194
188,196
188,197
188,199
189,190
189,191
189,192
189,193
189,194
189,195
189,197
189,199
190,193
190,194
190,196
190,197
190,198
190,199
191,192
191,193
191,195
191,196
191,197
191,198
191,199
192,193
192,194
192,195
192,196
192,198
192,199
193,194
193,195
193,197
193,198
193,199
194,195
194,196
194,197
195,197
195,198
197,198
198,199
