0,1
0,2
0,3
0,4
0,5
0,6
0,7
0,8
0,9
0,10
0,11
0,12
0,13
0,14
0,15
0,16
0,17
0,18
0,19
0,20
0,21
0,22
0,23
0,24
0,25
0,26
0,27
0,28
0,29
1,2
1,3
1,4
1,5
1,6
1,7
1,8
1,9
1,10
1,11
1,12
1,13
1,14
1,15
1,16
1,17
1,18
1,19
1,20
1,21
1,22
1,23
1,24
1,25
1,26
1,27
1,28
1,29
2,3
2,4
2,5
2,6
2,7
2,8
2,9
2,10
2,11
2,12
2,13
2,14
2,15
2,16
2,17
2,18
2,19
2,20
2,21
2,22
2,23
2,24
2,25
2,26
2,27
2,28
2,29
3,4
3,5
3,6
3,7
3,8
3,9
3,10
3,11
3,12
3,13
3,14
3,15
3,16
3,17
3,18
3,19
3,20
3,21
3,22
3,23
3,24
3,25
3,26
3,27
3,28
3,29
4,5
4,6
4,7
4,8
4,9
4,10
4,11
4,12
4,13
4,14
4,15
4,16
4,17
4,18
4,19
4,20
4,21
4,22
4,23
4,24
4,25
4,26
4,27
4,28
4,29
5,6
5,7
5,8
5,9
5,10
5,11
5,12
5,13
5,14
5,15
5,16
5,17
5,18
5,19
5,20
5,21
5,22
5,23
5,24
5,25
5,26
5,27
5,28
6,7
6,8
6,9
6,10
6,11
6,12
6,13
6,14
6,15
6,16
6,17
6,18
6,19
6,20
6,21
6,22
6,23
6,24
6,25
6,26
6,27
6,28
6,29
7,8
7,9
7,10
7,11
7,12
7,13
7,14
7,15
7,16
7,17
7,18
7,19
7,20
7,21
7,22
7,23
7,24
7,25
7,26
7,27
7,28
7,29
8,9
8,10
8,11
8,12
8,13
8,14
8,15
8,16
8,17
8,18
8,19
8,20
8,21
8,22
8,23
8,24
8,25
8,26
8,27
8,28
8,29
9,10
9,11
9,12
9,13
9,14
9,15
9,16
9,17
9,18
9,19
9,20
9,21
9,22
9,23
9,24
9,25
9,26
9,27
9,28
9,29
10,11
10,12
10,13
10,14
10,15
10,16
10,17
10,18
10,19
10,20
10,21
10,22
10,23
10,24
10,25
10,26
10,27
10,28
10,29
10,30
10,37
10,52
10,91
10,102
10,105
10,106
10,112
10,119
10,120
10,130
10,131
10,132
10,141
10,142
10,146
10,151
10,154
10,158
10,168
10,170
10,177
10,183
10,185
10,191
11,12
11,13
11,14
11,15
11,16
11,17
11,18
11,19
11,20
11,21
11,22
11,23
11,24
11,25
11,26
11,27
11,28
11,29
12,13
12,14
12,15
12,16
12,17
12,18
12,19
12,20
12,21
12,22
12,23
12,24
12,25
12,26
12,27
12,28
12,29
12,30
12,37
12,52
12,91
12,102
12,105
12,106
12,112
12,119
12,120
12,130
12,131
12,132
12,141
12,142
12,146
12,151
12,154
12,158
12,168
12,170
12,177
12,183
12,185
12,191
13,14
13,15
13,16
13,17
13,18
13,19
13,20
13,21
13,22
13,23
13,24
13,25
13,26
13,27
13,28
13,29
14,15
14,16
14,17
14,18
14,19
14,20
14,21
14,22
14,23
14,24
14,25
14,26
14,27
14,28
14,29
15,16
15,17
15,18
15,19
15,20
15,21
15,22
15,23
15,24
15,25
15,26
15,27
15,28
15,29
16,17
16,18
16,19
16,20
16,21
16,22
16,23
16,24
16,25
16,26
16,27
16,28
16,29
17,18
17,19
17,20
17,21
17,22
17,23
17,24
17,25
17,26
17,27
17,28
17,29
18,19
18,20
18,21
18,22
18,23
18,24
18,25
18,26
18,27
18,28
18,29
18,30
18,37
18,52
18,91
18,102
18,105
18,106
18,112
18,119
18,120
18,130
18,131
18,132
18,141
18,142
18,146
18,151
18,154
18,158
18,168
18,170
18,177
18,183
18,185
18,191
19,20
19,21
19,22
19,23
19,24
19,25
19,26
19,27
19,28
19,29
20,21
20,22
20,23
20,24
20,25
20,26
20,27
20,28
20,29
21,22
21,23
21,24
21,25
21,26
21,27
21,28
21,29
22,23
22,24
22,25
22,26
22,27
22,28
22,29
23,24
23,25
23,26
23,27
23,28
23,29
24,25
24,26
24,27
24,28
24,29
25,26
25,27
25,28
25,29
26,27
26,28
26,29
26,30
26,37
26,52
26,91
26,102
26,105
26,106
26,112
26,119
26,120
26,130
26,131
26,132
26,141
26,142
26,146
26,151
26,154
26,158
26,168
26,170
26,177
26,183
26,185
26,191
27,28
27,29
28,29
28,30
28,37
28,52
28,91
28,102
28,105
28,106
28,112
28,119
28,120
28,130
28,131
28,132
28,141
28,142
28,146
28,151
28,154
28,158
28,168
28,170
28,177
28,183
28,185
28,191
29,43
29,44
29,47
29,53
29,54
29,55
29,56
29,57
29,59
29,60
29,62
29,63
29,64
29,67
29,72
29,73
30,37
30,52
30,54
30,55
30,91
30,102
30,105
30,106
30,112
30,119
30,120
30,130
30,131
30,132
30,141
30,142
30,146
30,151
30,154
30,158
30,168
30,170
30,177
30,183
30,185
30,191
33,41
33,42
33,43
33,44
33,46
33,47
33,48
33,49
34,41
34,42
34,43
34,44
34,45
34,46
34,47
34,48
34,49
34,54
34,55
34,57
34,59
34,60
34,62
34,63
34,64
36,38
36,39
36,40
36,42
36,43
36,44
36,45
36,47
36,48
36,49
36,53
36,54
37,38
37,39
37,41
37,42
37,43
37,44
37,45
37,47
37,48
37,49
37,52
37,53
37,54
37,55
37,56
37,59
37,60
37,62
37,63
37,64
37,67
37,72
37,85
37,91
37,102
37,105
37,106
37,112
37,119
37,120
37,130
37,131
37,132
37,141
37,142
37,146
37,151
37,154
37,158
37,168
37,170
37,177
37,183
37,185
37,191
39,40
39,41
39,43
39,44
39,45
39,46
39,47
39,48
39,49
39,51
39,53
39,54
39,55
39,56
39,58
39,59
39,60
39,62
39,63
39,64
39,67
39,69
39,71
40,43
40,44
40,45
40,46
40,47
40,48
40,49
40,50
40,51
40,53
40,54
40,55
40,56
40,57
40,58
40,59
40,60
40,62
40,63
40,64
40,65
40,66
40,69
40,71
40,72
40,75
40,87
40,90
40,97
40,99
40,117
40,166
40,173
41,42
41,43
41,44
41,45
41,46
41,47
41,48
41,49
41,50
41,51
42,43
42,44
42,45
42,46
42,47
42,49
42,50
42,51
42,52
42,53
42,54
42,55
42,56
42,58
42,59
42,60
42,62
42,63
42,64
42,65
42,66
42,68
42,69
42,71
42,72
42,73
42,75
42,77
42,84
44,45
44,46
44,48
44,51
44,52
44,53
44,54
44,55
44,56
44,57
44,58
44,59
44,60
44,62
44,63
44,64
44,65
44,67
44,69
44,71
44,72
44,77
44,84
44,87
44,90
44,91
45,46
45,47
45,49
45,50
45,51
45,52
45,53
45,54
45,55
45,57
46,47
46,48
46,49
46,50
46,51
46,53
46,55
47,48
47,50
47,51
47,52
47,53
47,54
47,55
47,56
47,57
47,58
47,59
47,60
47,62
47,65
47,66
47,68
47,69
47,72
47,73
47,77
47,79
47,84
47,85
47,86
47,87
47,97
47,117
48,49
48,51
49,50
49,51
49,52
49,53
49,54
49,55
49,56
49,57
49,58
49,59
49,60
51,53
51,55
51,56
51,57
51,58
51,59
51,60
51,62
51,63
51,65
51,67
51,68
51,69
51,71
51,72
51,73
51,75
51,77
51,84
51,85
51,87
51,91
51,97
51,101
51,110
51,141
51,153
51,171
52,53
52,54
52,55
52,56
52,57
52,58
52,59
52,60
52,62
52,63
52,64
52,65
52,66
52,67
52,68
52,69
52,71
52,72
52,73
52,75
52,77
52,78
52,81
52,91
52,102
52,105
52,106
52,112
52,119
52,120
52,130
52,131
52,132
52,141
52,142
52,146
52,151
52,154
52,158
52,168
52,170
52,177
52,183
52,185
52,191
53,54
53,55
53,56
53,57
53,58
54,56
54,59
54,60
54,61
54,62
54,63
54,64
54,65
54,66
54,68
54,69
54,72
54,73
54,75
54,77
54,78
54,81
54,83
54,85
54,86
54,90
54,97
54,101
54,103
54,107
54,110
54,115
54,117
54,121
55,56
55,57
55,58
55,59
55,60
55,61
55,62
55,63
55,64
55,65
55,66
55,67
55,68
55,69
55,70
55,71
55,72
55,75
55,77
55,78
55,79
55,81
55,83
55,84
55,85
55,86
55,87
55,91
55,94
55,97
55,98
55,99
55,100
55,101
55,103
55,104
55,107
55,108
55,110
55,112
55,115
55,117
55,118
55,121
55,122
55,124
55,132
55,141
55,156
56,57
56,58
56,59
56,60
56,61
56,62
56,63
56,64
56,65
56,66
56,67
56,68
56,69
56,70
56,71
56,72
56,75
56,77
56,78
56,80
56,81
56,83
56,84
56,85
56,86
56,87
56,90
56,91
56,94
56,97
56,99
57,58
57,59
57,60
57,61
57,62
57,63
57,64
57,65
57,69
58,59
58,60
58,61
58,63
58,64
58,65
59,60
59,61
59,63
59,64
59,65
59,66
59,67
59,68
59,69
59,70
59,72
59,74
59,75
59,77
59,78
59,79
59,80
59,84
59,86
59,87
59,91
59,94
59,98
59,100
59,101
59,103
59,104
59,105
59,107
59,108
59,109
60,61
60,63
60,64
60,65
60,66
60,67
60,68
60,69
60,70
60,71
60,72
60,73
62,63
62,64
62,65
62,66
62,67
62,68
62,69
62,70
62,71
62,72
62,73
62,75
62,77
63,64
63,65
63,66
63,67
63,68
63,69
63,70
63,71
63,72
63,73
63,74
63,75
63,76
63,77
63,78
63,79
63,80
63,81
63,82
63,84
63,85
63,86
63,87
63,88
63,89
63,91
63,92
64,65
64,67
64,68
64,69
64,72
64,73
64,74
64,75
64,76
64,77
64,78
64,79
64,80
64,82
64,83
64,84
64,85
64,86
64,87
64,88
65,66
65,67
65,68
65,69
65,70
65,71
65,72
65,73
65,74
65,76
65,77
65,78
65,79
65,80
66,68
66,69
66,70
66,71
66,72
67,68
67,70
67,71
67,72
67,73
67,74
67,75
67,76
67,77
67,78
67,79
67,80
67,81
67,83
67,84
67,85
67,86
67,87
67,88
67,90
67,92
67,94
67,95
67,96
67,99
67,100
67,101
67,102
67,103
67,107
67,112
67,113
67,116
68,69
68,70
68,71
68,72
68,73
68,74
68,75
68,76
68,77
68,78
68,79
68,80
68,81
68,83
68,84
68,85
68,86
68,87
68,88
68,89
68,91
68,92
68,95
68,96
68,97
68,99
68,102
68,103
68,105
68,107
68,109
68,112
68,113
68,118
68,119
68,121
68,122
68,139
68,145
69,70
69,71
69,73
69,74
69,75
70,71
70,72
70,73
70,75
71,72
71,73
71,74
71,75
71,76
71,77
71,78
71,80
71,81
71,83
71,84
71,85
71,86
71,87
71,88
71,90
71,91
71,93
71,94
71,95
71,96
71,97
71,99
71,100
71,101
71,104
71,105
71,107
71,108
71,109
71,110
71,112
71,113
71,115
71,116
71,117
71,118
71,119
71,121
71,122
71,124
71,130
71,132
72,73
72,74
72,75
72,76
72,77
72,78
72,79
72,80
72,81
72,82
72,83
72,84
72,85
72,86
72,88
72,90
72,91
72,92
72,93
72,94
72,95
72,96
72,97
72,98
73,75
73,77
73,78
73,79
73,80
73,81
73,82
73,83
73,84
73,85
73,86
73,87
73,88
73,89
73,90
73,91
73,92
73,93
73,94
73,95
73,97
73,99
73,100
73,102
73,103
73,104
73,105
73,107
73,108
73,109
73,112
73,113
73,115
73,116
73,117
73,118
73,121
73,122
73,123
73,130
73,139
73,145
74,75
74,77
74,78
74,79
74,80
74,81
74,82
74,83
74,84
74,85
74,86
74,87
74,88
74,90
74,92
74,93
74,94
74,95
74,96
74,97
75,76
75,77
75,78
75,79
75,80
75,81
75,82
75,83
75,86
75,87
75,88
75,89
76,77
76,78
76,79
77,78
77,79
77,80
77,81
79,81
79,82
79,83
79,84
79,85
79,87
80,81
80,82
81,82
81,83
81,84
81,85
81,86
81,87
81,88
81,90
81,91
81,92
81,93
81,95
83,84
83,85
83,86
83,87
83,89
83,90
83,91
83,92
83,93
83,94
83,95
83,96
83,97
83,98
83,99
83,100
83,102
84,85
84,86
84,87
84,88
84,89
84,90
84,91
84,92
84,94
84,95
84,96
84,97
84,98
84,100
84,101
84,104
84,106
84,107
84,110
84,113
84,114
84,115
84,119
84,120
84,121
84,122
84,125
85,86
85,87
85,88
85,89
85,90
85,91
85,92
85,93
85,94
85,95
86,87
86,88
86,89
86,92
86,93
86,94
86,95
86,96
86,97
86,100
86,102
86,104
86,105
86,106
86,107
86,108
86,110
86,111
86,112
87,88
87,89
87,90
87,91
87,92
87,93
87,94
88,89
88,90
88,91
88,92
88,93
88,94
88,95
88,97
88,98
88,99
88,100
89,90
89,91
89,92
89,93
89,94
89,95
89,96
89,97
89,98
89,99
89,100
89,101
89,103
89,104
89,105
89,106
89,108
89,109
89,111
89,112
89,113
89,114
89,115
89,116
89,118
89,119
89,120
89,121
89,125
89,128
89,134
89,141
90,91
90,92
90,93
90,94
90,95
90,96
90,97
90,98
90,99
90,100
90,101
90,102
90,103
90,105
90,106
90,107
90,108
90,109
90,110
90,111
90,112
90,113
90,114
90,115
90,116
90,117
90,118
90,119
90,120
90,121
90,122
90,123
90,124
90,125
90,130
90,134
90,139
90,141
91,93
91,94
91,96
91,97
91,98
91,99
91,100
91,101
91,102
91,103
91,104
91,105
91,106
91,112
91,119
91,120
91,130
91,131
91,132
91,141
91,142
91,146
91,151
91,154
91,158
91,168
91,170
91,177
91,183
91,185
91,191
92,93
92,94
92,95
92,96
92,97
92,98
92,100
92,101
92,102
92,103
92,104
92,105
92,106
92,107
93,94
93,95
93,96
93,97
93,98
93,99
93,100
93,101
93,102
93,103
93,104
93,105
93,106
93,107
93,108
93,109
94,95
94,97
94,98
94,99
94,100
94,101
95,97
95,99
95,100
95,101
95,102
95,103
95,104
95,105
96,97
96,98
96,100
96,101
96,102
96,103
96,104
96,105
96,108
96,109
96,111
96,114
96,115
97,98
97,99
97,100
97,101
98,100
98,101
98,103
98,104
98,105
98,106
98,107
98,108
98,109
98,111
98,112
98,113
99,100
99,101
99,102
99,103
99,104
99,105
99,107
99,108
99,112
99,113
99,117
99,118
99,120
99,122
99,123
99,125
99,126
99,128
99,130
99,134
99,137
99,141
100,102
100,103
100,104
100,105
100,106
100,107
100,108
100,109
100,110
100,111
100,112
100,113
100,114
100,115
100,117
100,118
100,119
100,120
100,122
100,123
100,124
100,125
100,126
100,128
100,130
100,131
100,132
100,133
100,134
101,103
101,104
101,105
101,107
101,108
101,109
101,110
101,111
101,112
101,113
101,114
101,115
101,116
101,117
101,118
101,119
101,120
101,121
101,122
101,123
101,124
101,126
101,128
101,130
101,131
101,132
101,133
101,134
101,137
101,139
101,142
102,103
102,104
102,105
102,106
102,108
102,109
102,110
102,111
102,112
102,115
102,116
102,119
102,120
102,121
102,122
102,123
102,124
102,125
102,126
102,128
102,130
102,131
102,132
102,134
102,141
102,142
102,146
102,151
102,154
102,158
102,168
102,170
102,177
102,183
102,185
102,191
103,104
103,105
103,106
103,107
103,108
103,109
103,110
103,111
103,112
103,113
103,114
103,115
103,116
104,105
104,106
104,107
104,108
104,109
104,112
104,113
104,114
104,115
104,117
105,106
105,107
105,108
105,109
105,110
105,111
105,112
105,113
105,115
105,116
105,117
105,118
105,119
105,120
105,121
105,122
105,123
105,124
105,126
105,128
105,130
105,131
105,132
105,134
105,136
105,137
105,139
105,141
105,142
105,146
105,151
105,154
105,158
105,168
105,170
105,177
105,183
105,185
105,191
106,107
106,108
106,109
106,110
106,112
106,119
106,120
106,130
106,131
106,132
106,141
106,142
106,146
106,151
106,154
106,158
106,168
106,170
106,177
106,183
106,185
106,191
107,108
107,109
107,110
107,112
107,113
107,114
107,115
107,118
107,119
107,120
107,122
107,123
107,124
107,125
107,126
107,127
107,128
107,130
107,131
107,133
107,134
107,136
107,137
107,139
107,145
107,146
107,147
108,109
108,110
108,112
108,114
108,115
108,116
108,118
108,119
108,120
108,122
109,110
109,111
109,112
109,113
109,114
109,115
109,116
109,117
109,118
109,119
109,120
109,121
109,122
109,123
109,125
109,126
109,127
109,128
109,129
109,130
110,111
110,112
110,113
110,114
110,115
110,116
110,117
110,118
110,119
110,120
111,112
111,113
111,114
111,115
111,116
111,117
111,118
111,119
111,120
111,121
111,122
111,123
111,124
111,125
111,126
111,127
111,128
111,129
111,130
111,131
111,133
111,134
111,136
111,137
111,139
111,140
111,141
112,113
112,114
112,115
112,117
112,119
112,120
112,130
112,131
112,132
112,141
112,142
112,146
112,151
112,154
112,158
112,168
112,170
112,177
112,183
112,185
112,191
113,114
113,115
113,116
113,117
113,118
113,119
113,120
113,121
113,123
113,124
113,125
113,126
113,127
113,128
113,129
113,131
113,133
113,134
113,139
113,140
113,141
113,142
113,145
113,153
115,117
115,118
115,119
115,120
115,121
115,122
115,123
115,124
115,126
115,127
115,130
116,118
116,119
116,120
116,123
116,124
116,125
116,126
116,127
116,128
116,129
116,130
116,131
116,133
116,134
116,136
116,139
116,140
116,141
116,142
116,144
116,145
116,146
116,149
116,153
116,160
117,118
117,119
117,120
117,121
117,122
117,124
117,125
117,127
117,128
117,129
117,130
117,131
117,133
117,134
117,136
117,137
117,138
117,139
117,140
117,141
117,142
117,145
117,146
117,149
117,153
117,166
118,119
118,120
118,121
118,123
119,120
119,122
119,123
119,124
119,125
119,126
119,127
119,128
119,130
119,131
119,132
119,133
119,134
119,135
119,137
119,141
119,142
119,146
119,151
119,154
119,158
119,168
119,170
119,177
119,183
119,185
119,191
120,121
120,122
120,123
120,124
120,125
120,127
120,128
120,129
120,130
120,131
120,132
120,134
120,141
120,142
120,146
120,151
120,154
120,158
120,168
120,170
120,177
120,183
120,185
120,191
122,124
122,125
122,126
122,127
122,128
123,124
123,125
123,126
123,127
123,128
123,129
123,130
123,131
123,132
123,133
123,134
123,135
123,137
123,139
123,140
123,142
123,144
123,145
123,146
123,147
123,149
123,153
123,156
124,126
124,127
124,128
124,129
124,130
124,131
124,132
124,133
124,134
124,135
124,138
124,139
124,140
124,141
124,142
124,144
124,145
124,146
124,147
124,149
124,153
124,156
124,160
124,166
125,126
125,127
125,131
125,132
125,133
125,134
125,137
125,138
125,139
125,140
125,141
125,142
125,144
125,146
125,148
125,149
125,151
125,153
125,156
125,157
126,127
126,128
127,128
127,129
127,130
127,131
127,132
127,134
127,136
127,137
127,138
127,139
127,140
127,142
127,145
127,146
127,148
127,150
127,151
127,153
127,156
127,157
127,160
127,166
128,129
128,130
128,131
128,132
128,133
128,134
128,135
128,136
128,137
128,138
128,139
128,140
128,141
128,142
128,144
128,145
128,146
128,148
128,150
128,151
128,152
128,153
129,131
129,132
129,133
129,134
129,135
129,136
129,137
129,138
129,139
129,141
129,142
130,131
130,132
130,133
130,136
130,137
130,138
130,139
130,140
130,141
130,142
130,143
130,144
130,146
130,148
130,149
130,150
130,151
130,152
130,153
130,154
130,156
130,158
130,160
130,163
130,166
130,168
130,170
130,174
130,177
130,183
130,185
130,191
131,132
131,134
131,135
131,136
131,137
131,138
131,139
131,140
131,141
131,142
131,143
131,144
131,145
131,146
131,148
131,149
131,150
131,151
131,152
131,153
131,154
131,156
131,157
131,158
131,160
131,163
131,167
131,168
131,170
131,173
131,174
131,176
131,177
131,183
131,184
131,185
131,191
132,133
132,134
132,135
132,136
132,137
132,139
132,140
132,141
132,142
132,143
132,144
132,145
132,146
132,148
132,149
132,150
132,151
132,153
132,154
132,156
132,157
132,158
132,160
132,163
132,168
132,170
132,177
132,183
132,185
132,191
134,135
134,136
134,137
134,138
134,139
134,140
134,141
135,136
135,137
135,138
136,137
136,138
136,139
137,139
137,140
137,141
137,143
137,149
137,150
137,151
137,154
137,157
137,163
137,172
137,175
138,139
138,140
138,141
138,142
138,143
138,144
138,147
138,148
138,149
138,150
138,151
138,152
139,140
139,141
139,142
139,143
139,144
139,147
139,148
139,149
139,150
139,151
139,152
139,153
139,154
139,156
139,157
139,159
139,160
139,162
139,163
139,166
139,167
139,171
139,173
139,174
139,175
139,176
140,141
140,142
140,143
140,144
140,145
140,147
140,149
140,150
140,151
141,142
141,143
141,144
141,145
141,146
141,147
141,148
141,149
141,150
141,151
141,152
141,153
141,154
141,156
141,157
141,158
141,160
141,162
141,163
141,166
141,167
141,168
141,170
141,172
141,173
141,174
141,176
141,177
141,183
141,184
141,185
141,191
142,144
142,145
142,146
142,147
142,148
142,149
142,150
142,151
142,153
142,154
142,156
142,157
142,158
142,168
142,170
142,177
142,183
142,185
142,191
143,144
143,145
143,146
143,147
144,145
144,146
144,147
144,148
144,149
144,152
144,153
144,156
144,157
145,146
145,147
145,149
145,150
145,151
145,152
145,153
145,155
145,156
145,160
145,163
145,164
146,147
146,148
146,149
146,150
146,151
146,152
146,153
146,154
146,155
146,156
146,157
146,158
146,160
146,162
146,164
146,165
146,166
146,167
146,168
146,170
146,172
146,173
146,175
146,177
146,183
146,185
146,188
146,191
146,198
147,148
147,149
147,150
147,151
147,153
147,154
147,155
147,156
147,157
147,159
147,160
147,161
147,162
147,163
147,164
147,165
147,166
147,167
147,171
147,173
147,174
147,175
147,176
148,149
148,150
148,152
148,153
148,155
148,156
148,157
148,158
148,159
148,160
148,161
148,162
148,164
148,166
148,167
148,169
148,171
148,172
148,174
148,175
148,176
148,179
148,181
148,182
148,184
149,150
149,151
149,153
149,154
149,155
149,158
149,159
149,160
149,161
149,162
149,163
149,164
149,165
149,167
149,169
149,171
149,172
149,173
149,174
149,175
149,176
149,178
149,179
149,181
149,182
149,184
149,186
149,188
150,151
150,152
150,153
150,154
150,155
150,156
150,157
150,159
150,160
150,161
150,162
150,163
150,164
150,165
150,167
150,171
150,172
150,173
150,174
150,175
150,176
150,177
150,178
150,179
150,181
150,182
150,184
150,186
150,188
151,152
151,154
151,158
151,168
151,170
151,177
151,183
151,185
151,191
152,153
152,154
152,156
152,158
152,159
152,160
152,161
152,162
152,164
152,166
152,167
152,169
153,154
153,155
153,157
153,159
153,160
153,161
153,162
153,163
153,164
153,166
153,167
153,168
153,169
153,171
153,172
153,174
153,175
153,176
153,177
153,179
154,155
154,156
154,157
154,158
154,159
154,160
154,161
154,162
154,163
154,164
154,165
154,166
154,167
154,168
154,169
154,170
154,171
154,172
154,173
154,174
154,177
154,178
154,179
154,182
154,183
154,184
154,185
154,191
155,156
155,157
155,158
155,159
156,157
156,158
156,159
156,161
156,162
156,163
156,164
156,165
156,166
156,169
156,171
156,173
156,174
156,175
156,176
156,177
156,179
156,181
156,184
156,186
156,188
157,158
157,159
157,160
157,161
157,162
157,163
157,164
157,165
157,166
157,168
157,169
157,170
157,171
158,159
158,160
158,161
158,162
158,168
158,170
158,177
158,183
158,185
158,191
159,160
159,161
159,162
159,163
159,164
159,165
159,166
159,167
159,168
159,169
159,170
159,171
159,172
160,162
160,163
160,164
161,162
161,163
161,164
161,165
161,166
161,169
161,170
161,171
161,173
161,174
161,175
161,176
161,177
161,178
161,179
161,181
161,183
161,184
161,187
161,198
162,163
162,164
162,165
162,166
162,167
162,168
163,167
163,168
163,169
163,170
163,172
163,173
163,175
163,176
163,177
163,178
163,179
163,180
163,183
163,184
163,185
163,186
163,187
163,188
163,193
163,195
163,198
164,165
164,167
164,168
164,169
164,170
164,171
164,172
164,173
164,175
164,176
164,178
164,179
164,180
164,181
164,182
164,183
166,168
166,169
166,170
166,172
166,173
166,174
166,175
166,176
166,177
166,178
166,179
166,180
166,181
166,182
166,183
166,184
166,185
166,186
166,187
166,188
166,193
167,168
167,170
167,171
167,172
167,173
167,174
167,175
167,176
167,177
167,178
167,180
167,183
167,184
167,185
167,186
167,187
167,188
167,189
167,192
167,193
167,195
167,198
167,199
168,169
168,170
168,171
168,172
168,175
168,176
168,177
168,178
168,180
168,181
168,182
168,183
168,185
168,191
169,170
169,171
169,172
169,173
169,175
169,176
169,177
169,178
169,179
169,180
169,181
169,182
169,183
169,184
169,185
170,171
170,172
170,173
170,175
170,177
170,178
170,183
170,185
170,191
171,172
171,173
171,174
171,175
171,176
171,177
171,179
171,180
171,181
171,182
171,183
171,184
171,185
171,186
171,189
171,193
171,195
172,174
172,176
172,177
172,178
172,179
172,180
172,181
172,182
172,184
172,185
172,186
172,187
172,188
172,189
172,192
172,193
172,195
172,197
172,199
173,174
173,175
173,176
173,177
173,178
173,179
173,180
173,181
173,182
173,183
173,184
173,185
173,187
173,188
173,189
173,192
173,193
173,195
173,197
173,198
173,199
174,175
174,176
174,177
174,179
174,180
174,181
174,182
174,183
174,184
174,185
174,186
174,187
174,188
174,189
174,192
176,177
176,178
176,179
176,180
176,182
176,183
176,186
176,187
176,188
176,190
176,192
176,193
176,195
176,199
177,178
177,179
177,180
177,181
177,182
177,183
177,184
177,185
177,186
177,187
177,188
177,189
177,190
177,191
177,193
177,194
177,195
178,179
178,180
178,181
178,182
178,183
178,184
178,185
178,186
178,187
178,188
178,189
178,190
178,192
178,193
178,194
178,195
178,196
178,198
178,199
179,180
179,181
180,181
180,182
180,183
180,184
180,185
180,186
180,187
180,188
180,189
180,190
180,192
180,193
180,195
180,196
180,197
180,198
181,183
181,184
182,183
182,184
182,186
182,187
182,188
182,190
182,191
182,192
182,193
182,195
182,196
182,197
182,198
182,199
183,184
183,185
183,186
183,188
183,189
183,190
183,191
183,192
183,193
183,194
183,195
183,197
183,198
183,199
184,185
184,186
184,187
184,188
184,189
184,190
184,191
184,192
184,193
184,194
184,196
184,197
184,198
184,199
185,186
185,187
185,188
185,189
185,191
186,187
186,188
186,191
186,193
186,194
186,195
186,196
186,197
186,198
186,199
187,188
187,189
187,190
187,191
187,192
187,193
187,194
187,195
187,196
187,197
187,198
187,199
188,189
188,190
189,190
189,192
189,193
189,197
189,198
189,199
190,192
190,193
190,194
191,192
191,193
191,194
191,195
191,197
191,198
191,199
192,193
192,195
192,196
192,197
192,198
192,199
193,195
193,196
193,197
193,198
193,199
194,195
194,196
194,197
194,198
194,199
195,196
195,197
195,198
195,199
196,197
196,198
196,199
197,198
197,199
198,199
