0,1
0,2
0,3
0,4
0,5
0,6
0,7
0,8
0,9
0,10
0,11
0,12
0,13
0,14
0,15
0,16
0,17
0,18
0,19
0,20
0,21
0,22
0,23
0,24
0,25
0,26
0,27
0,28
0,29
0,30
1,2
1,3
1,4
1,5
1,6
1,7
1,8
1,9
1,10
1,11
1,12
1,13
1,14
1,15
1,16
1,17
1,18
1,19
1,20
1,21
1,22
1,23
1,24
1,25
1,26
1,27
1,28
1,29
2,3
2,4
2,5
2,6
2,7
2,8
2,9
2,10
2,11
2,12
2,13
2,14
2,15
2,16
2,17
2,18
2,19
2,20
2,21
2,22
2,23
2,24
2,25
2,26
2,27
2,28
2,29
2,30
3,4
3,5
3,6
3,7
3,8
3,9
3,10
3,11
3,12
3,13
3,14
3,15
3,16
3,17
3,18
3,19
3,20
3,21
3,22
3,23
3,24
3,25
3,26
3,27
3,28
3,29
3,30
4,5
4,6
4,7
4,8
4,9
4,10
4,11
4,12
4,13
4,14
4,15
4,16
4,17
4,18
4,19
4,20
4,21
4,22
4,23
4,24
4,25
4,26
4,27
4,28
4,29
4,30
5,6
5,7
5,8
5,9
5,10
5,11
5,12
5,13
5,14
5,15
5,16
5,17
5,18
5,19
5,20
5,21
5,22
5,23
5,24
5,25
5,26
5,27
5,28
5,29
5,30
6,7
6,8
6,9
6,10
6,11
6,12
6,13
6,14
6,15
6,16
6,17
6,18
6,19
6,20
6,21
6,22
6,23
6,24
6,25
6,26
6,27
6,28
6,29
6,30
7,8
7,9
7,10
7,11
7,12
7,13
7,14
7,15
7,16
7,17
7,18
7,19
7,20
7,21
7,22
7,23
7,24
7,25
7,26
7,27
7,28
7,29
7,30
8,9
8,10
8,11
8,12
8,13
8,14
8,15
8,16
8,17
8,18
8,19
8,20
8,21
8,22
8,23
8,24
8,25
8,26
8,27
8,28
8,29
8,30
9,10
9,11
9,12
9,13
9,14
9,15
9,16
9,17
9,18
9,19
9,20
9,21
9,22
9,23
9,24
9,25
9,26
9,27
9,28
9,29
9,30
10,11
10,12
10,13
10,14
10,15
10,16
10,17
10,18
10,19
10,20
10,21
10,22
10,23
10,24
10,25
10,26
10,27
10,28
10,29
10,30
11,12
11,13
11,14
11,15
11,16
11,17
11,18
11,19
11,20
11,21
11,22
11,23
11,24
11,25
11,26
11,27
11,28
11,29
11,30
12,13
12,14
12,15
12,16
12,17
12,18
12,19
12,20
12,21
12,22
12,23
12,24
12,25
12,26
12,27
12,28
12,29
12,30
13,14
13,15
13,16
13,17
13,18
13,19
13,20
13,21
13,22
13,23
13,24
13,25
13,26
13,27
13,28
13,29
13,30
13,43
13,49
13,55
13,59
13,79
13,80
13,81
13,88
13,99
13,102
13,110
13,119
13,121
13,122
13,140
13,143
13,145
13,147
13,149
13,165
13,178
13,184
13,186
13,187
13,188
13,190
14,15
14,16
14,17
14,18
14,19
14,20
14,21
14,22
14,23
14,24
14,25
14,26
14,27
14,28
14,29
14,30
15,16
15,17
15,18
15,19
15,20
15,21
15,22
15,23
15,24
15,25
15,26
15,27
15,28
15,29
15,30
16,17
16,18
16,19
16,20
16,21
16,22
16,23
16,24
16,25
16,26
16,27
16,28
16,29
16,30
17,18
17,19
17,20
17,21
17,22
17,23
17,24
17,25
17,26
17,27
17,28
17,29
17,30
18,19
18,20
18,21
18,22
18,23
18,24
18,25
18,26
18,27
18,28
18,29
18,30
19,20
19,21
19,22
19,23
19,24
19,25
19,26
19,27
19,28
19,29
19,30
20,21
20,22
20,23
20,24
20,25
20,26
20,27
20,28
20,29
20,30
21,22
21,23
21,24
21,25
21,26
21,27
21,28
21,29
21,30
22,23
22,24
22,25
22,26
22,27
22,28
22,29
22,30
22,43
22,46
22,47
22,48
22,49
22,55
22,59
22,79
22,80
22,81
22,88
22,99
22,102
22,110
22,119
22,121
22,122
22,140
22,143
22,145
22,147
22,149
22,165
22,178
22,184
22,186
22,187
22,188
22,190
23,24
23,25
23,26
23,27
23,28
23,29
23,30
23,38
23,39
23,40
23,42
23,43
23,46
23,47
23,48
23,50
23,53
24,25
24,26
24,27
24,28
24,29
24,30
25,26
25,27
25,28
25,29
25,30
25,43
25,49
25,55
25,59
25,79
25,80
25,81
25,88
25,99
25,102
25,110
25,119
25,121
25,122
25,140
25,143
25,145
25,147
25,149
25,165
25,178
25,184
25,186
25,187
25,188
25,190
26,27
26,28
26,29
26,30
26,43
26,49
26,55
26,59
26,66
26,67
26,75
26,79
26,80
26,81
26,84
26,88
26,91
26,99
26,102
26,110
26,119
26,121
26,122
26,140
26,143
26,145
26,147
26,149
26,165
26,178
26,184
26,186
26,187
26,188
26,190
27,28
27,29
27,30
28,29
28,30
28,70
28,72
28,74
28,75
29,30
29,47
29,48
29,49
29,50
29,52
29,53
29,54
29,58
30,43
30,49
30,55
30,59
30,79
30,80
30,81
30,88
30,99
30,102
30,110
30,119
30,121
30,122
30,140
30,143
30,145
30,147
30,149
30,165
30,178
30,184
30,186
30,187
30,188
30,190
31,48
32,44
32,47
32,48
32,49
32,50
32,51
32,52
32,53
32,54
32,58
32,63
32,64
32,65
32,66
32,67
32,69
33,38
34,46
34,47
34,48
34,49
34,50
34,51
34,52
34,53
34,54
34,58
34,62
34,64
34,65
34,66
34,67
35,39
35,40
35,41
35,42
35,43
35,45
35,46
35,47
35,48
35,49
35,50
35,51
35,52
35,53
35,54
35,57
35,58
36,40
36,41
36,42
36,43
36,44
36,45
36,47
36,48
36,49
36,50
36,51
36,52
36,53
36,54
36,56
36,57
36,61
36,62
36,63
36,64
36,65
36,66
36,67
36,69
36,70
36,72
36,74
36,75
37,39
38,39
38,40
38,41
38,42
38,43
38,45
38,46
38,47
38,48
38,49
38,50
38,51
38,52
38,53
38,54
38,57
39,40
39,41
39,42
39,43
39,44
39,46
39,47
40,41
40,42
40,43
40,44
40,45
40,46
40,47
40,48
40,49
40,50
40,51
40,52
40,53
40,54
40,56
40,57
40,62
40,63
40,65
40,66
40,67
40,69
40,70
40,72
42,43
42,44
42,46
42,47
42,48
42,49
42,50
42,51
42,52
42,53
42,54
42,56
42,57
42,58
42,62
42,63
42,65
42,66
42,67
42,69
42,70
42,72
42,74
43,44
43,45
43,49
43,55
43,59
43,79
43,80
43,81
43,88
43,99
43,102
43,110
43,119
43,121
43,122
43,140
43,143
43,145
43,147
43,149
43,165
43,178
43,184
43,186
43,187
43,188
43,190
44,45
44,46
44,49
44,50
44,51
44,53
44,54
44,55
44,56
44,57
44,58
44,59
44,60
44,61
44,62
44,63
45,46
45,47
46,47
46,48
46,49
46,50
46,51
47,48
47,49
47,50
47,51
47,52
47,53
47,54
47,59
47,61
48,49
48,50
48,51
48,52
48,53
48,54
48,55
48,56
48,57
48,58
48,59
48,60
48,61
48,62
48,64
48,65
48,66
48,67
48,69
48,70
48,74
49,51
49,52
49,53
49,55
49,56
49,57
49,58
49,59
49,61
49,62
49,63
49,64
49,65
49,66
49,67
49,69
49,70
49,72
49,73
49,74
49,75
49,77
49,79
49,80
49,81
49,88
49,99
49,102
49,110
49,119
49,121
49,122
49,140
49,143
49,145
49,147
49,149
49,165
49,178
49,184
49,186
49,187
49,188
49,190
50,51
50,52
50,53
50,54
50,56
50,57
50,58
50,59
50,61
50,62
50,63
50,65
50,66
50,67
50,68
50,69
50,70
50,72
50,73
50,75
50,77
51,52
51,53
51,54
51,56
51,57
51,58
51,59
51,61
51,62
51,63
51,64
51,65
52,53
52,54
52,55
53,54
53,55
53,56
53,58
53,59
53,60
53,62
53,63
53,64
53,65
53,67
53,68
53,69
53,70
53,71
53,72
53,73
53,74
53,77
53,84
53,88
53,89
54,55
54,56
54,58
54,59
54,60
54,61
54,62
54,63
54,64
54,65
54,66
54,67
54,68
54,69
54,70
54,71
54,72
54,73
54,74
54,75
54,77
54,84
55,56
55,57
55,58
55,59
55,60
55,61
55,79
55,80
55,81
55,88
55,99
55,102
55,110
55,119
55,121
55,122
55,140
55,143
55,145
55,147
55,149
55,165
55,178
55,184
55,186
55,187
55,188
55,190
56,57
56,58
56,61
56,62
56,63
56,64
56,65
56,66
56,67
56,68
57,58
57,60
57,61
57,62
57,63
57,64
57,65
57,66
57,67
57,68
57,69
58,59
58,60
58,61
58,62
58,64
58,65
58,67
58,68
58,69
58,70
58,72
58,73
58,74
58,75
58,81
58,82
58,86
58,88
58,89
59,60
59,61
59,62
59,63
59,64
59,65
59,66
59,67
59,68
59,69
59,70
59,71
59,79
59,80
59,81
59,88
59,99
59,102
59,110
59,119
59,121
59,122
59,140
59,143
59,145
59,147
59,149
59,165
59,178
59,184
59,186
59,187
59,188
59,190
60,61
60,62
60,64
60,65
60,66
60,67
60,68
61,62
61,63
61,64
61,65
61,66
61,67
61,68
61,69
61,70
61,71
61,72
61,73
61,74
61,75
61,82
62,63
62,64
62,66
62,67
62,68
62,69
62,70
62,71
62,72
62,73
62,74
62,75
62,77
62,82
62,84
62,86
62,88
62,89
62,96
62,97
62,101
63,64
63,65
63,66
63,67
63,68
63,69
63,70
63,71
63,72
63,73
63,74
63,75
63,77
63,82
63,84
63,85
64,65
64,66
64,67
64,68
64,69
64,71
64,72
64,73
64,74
64,75
64,76
64,77
64,78
64,80
64,81
64,82
64,86
64,87
64,90
64,94
64,95
64,96
64,97
64,100
64,101
64,126
65,66
66,67
66,68
66,69
66,70
66,71
66,72
66,73
66,74
66,75
66,77
66,78
66,80
66,81
66,82
66,86
66,87
66,88
66,89
66,90
66,91
66,94
66,96
66,97
66,100
66,101
67,69
67,70
67,71
67,72
67,73
67,74
67,75
67,76
67,77
67,78
67,80
67,81
67,82
67,85
67,86
67,88
67,89
67,90
67,91
67,93
67,94
67,95
67,96
67,101
67,104
67,108
67,120
67,123
67,126
67,127
67,132
67,133
67,140
67,149
67,152
67,185
68,69
68,70
68,71
68,72
68,73
68,74
68,75
68,76
68,80
68,81
68,82
68,83
68,84
68,85
68,87
69,70
69,71
69,72
69,73
69,74
69,75
69,76
69,77
69,78
69,80
69,81
69,82
69,83
69,84
69,85
69,86
69,88
69,90
69,94
69,95
69,96
69,97
69,100
69,101
69,104
69,107
69,108
69,111
69,112
70,71
70,73
70,74
70,75
70,76
70,78
70,80
70,81
70,82
70,83
70,84
70,85
70,86
70,87
70,88
70,90
71,72
71,73
71,74
71,75
71,76
71,77
71,78
71,79
71,80
71,81
71,82
71,83
71,84
71,85
71,86
71,87
71,88
71,89
71,90
71,91
71,93
71,94
71,95
71,96
71,97
71,100
71,101
71,104
71,107
71,108
71,111
72,73
72,74
72,75
72,76
72,77
72,79
72,80
72,81
72,82
72,83
72,84
72,85
72,86
72,87
72,88
72,89
73,74
73,75
73,76
73,77
73,78
73,79
73,81
73,82
73,83
73,84
73,85
73,86
73,87
73,88
73,89
73,90
73,91
73,93
73,94
73,96
73,97
73,100
74,75
74,76
74,77
74,78
74,79
74,80
74,81
74,82
74,83
74,84
74,85
74,86
74,87
74,88
74,89
74,90
74,91
75,76
75,77
75,78
75,79
75,80
75,81
75,82
75,83
75,84
75,85
75,86
75,87
75,89
75,90
75,92
75,93
75,94
75,95
75,96
75,100
75,102
75,103
75,104
75,107
75,108
75,109
75,111
75,112
76,77
76,78
77,78
78,79
78,80
78,81
78,82
78,83
78,84
78,85
78,86
78,87
78,88
78,90
78,93
78,94
78,95
78,96
78,97
78,98
78,100
78,102
78,103
78,104
78,107
78,108
78,109
78,111
78,112
79,80
79,81
79,83
79,84
79,86
79,87
79,88
79,90
79,91
79,99
79,102
79,110
79,119
79,121
79,122
79,140
79,143
79,145
79,147
79,149
79,165
79,178
79,184
79,186
79,187
79,188
79,190
80,81
80,82
80,84
80,87
80,88
80,90
80,91
80,93
80,94
80,99
80,102
80,110
80,119
80,121
80,122
80,140
80,143
80,145
80,147
80,149
80,165
80,178
80,184
80,186
80,187
80,188
80,190
81,88
81,99
81,102
81,110
81,119
81,121
81,122
81,140
81,143
81,145
81,147
81,149
81,165
81,178
81,184
81,186
81,187
81,188
81,190
82,83
82,84
82,85
82,86
82,87
82,88
82,89
82,90
82,92
82,93
82,94
82,95
82,96
82,97
82,98
82,100
82,102
82,103
82,104
82,106
82,107
82,108
82,109
82,127
83,84
83,85
83,86
83,87
83,88
83,89
83,90
83,92
83,93
83,94
83,96
83,98
83,100
83,101
83,102
83,106
84,86
84,88
84,89
84,90
84,91
84,92
84,93
84,94
84,95
84,96
84,97
84,98
84,99
84,100
84,101
84,102
84,103
84,104
84,106
84,107
84,108
84,109
84,112
84,113
84,123
84,127
84,132
84,133
84,140
84,147
84,149
85,87
85,88
85,89
85,90
85,91
85,92
85,93
85,94
85,95
85,96
85,97
85,98
85,99
85,100
85,101
85,102
85,104
85,105
85,106
85,109
85,110
85,112
85,113
85,114
85,120
85,124
85,126
85,127
85,132
85,140
85,147
85,149
86,89
86,90
86,91
86,92
86,93
86,94
86,95
86,96
86,97
86,99
86,100
86,101
86,102
86,103
86,106
86,107
86,109
86,110
86,111
86,112
86,113
86,114
86,127
86,131
86,132
86,133
86,137
86,138
86,140
86,146
86,151
86,154
88,89
88,90
88,91
88,92
88,93
88,94
88,95
88,99
88,102
88,110
88,119
88,121
88,122
88,140
88,143
88,145
88,147
88,149
88,165
88,178
88,184
88,186
88,187
88,188
88,190
89,90
89,91
89,93
89,94
89,95
89,97
89,98
89,99
89,101
89,102
89,103
90,91
90,92
90,93
90,94
90,95
90,96
90,97
90,98
90,99
90,100
90,101
90,102
90,103
90,104
90,105
90,106
90,107
90,111
90,112
90,113
90,114
91,92
91,93
91,94
91,95
91,96
91,97
91,98
91,99
91,100
91,101
91,102
91,103
91,104
92,93
93,94
93,95
93,96
94,96
94,97
94,98
94,99
94,100
94,101
94,102
94,103
94,104
94,106
94,107
94,108
94,110
94,111
94,113
94,114
94,116
94,118
94,124
95,96
95,97
96,97
96,98
96,99
96,101
96,102
96,103
96,104
96,105
96,106
96,107
96,108
96,110
96,111
96,112
96,113
96,114
96,115
96,118
97,98
97,99
97,101
97,102
97,103
97,104
97,105
97,106
97,107
97,108
97,109
97,110
97,112
97,113
97,114
97,115
97,116
97,117
97,118
97,119
97,120
97,124
97,126
97,127
98,100
98,101
98,102
98,103
98,104
98,106
98,107
98,110
98,111
98,112
98,113
98,114
98,115
98,118
98,119
98,123
98,124
99,100
99,101
99,102
99,103
99,104
99,105
99,106
99,108
99,109
99,110
99,111
99,112
99,113
99,114
99,115
99,117
99,118
99,119
99,120
99,121
99,122
99,123
99,124
99,126
99,127
99,131
99,140
99,143
99,145
99,147
99,149
99,165
99,178
99,184
99,186
99,187
99,188
99,190
100,101
100,103
100,104
100,105
100,106
100,107
100,108
100,109
101,102
101,103
101,106
101,107
101,108
101,109
101,110
101,111
101,113
101,114
101,115
101,116
101,117
101,118
101,119
101,121
101,123
101,124
101,126
101,127
101,131
101,132
101,133
101,137
101,147
101,151
102,103
102,105
102,106
102,107
102,108
102,109
102,110
102,111
102,112
102,114
102,115
102,116
102,117
102,118
102,119
102,120
102,121
102,122
102,123
102,140
102,143
102,145
102,147
102,149
102,165
102,178
102,184
102,186
102,187
102,188
102,190
103,105
103,106
103,108
103,109
103,110
104,105
104,106
104,107
104,108
104,109
104,110
104,111
104,112
104,113
104,114
104,115
104,116
104,117
104,118
104,119
104,120
104,121
104,122
104,124
104,127
104,131
104,132
105,106
105,107
105,108
105,109
105,110
105,111
105,112
105,113
105,114
105,115
105,116
105,117
105,119
105,120
105,121
105,122
105,123
105,124
105,126
105,127
105,129
105,131
105,132
106,107
106,108
106,110
106,111
106,114
106,115
106,116
106,117
106,118
106,119
106,121
106,122
106,123
106,124
106,125
106,126
107,108
108,109
108,110
108,113
108,114
109,112
109,113
109,114
109,118
110,111
110,112
110,113
110,114
110,115
110,116
110,117
110,118
110,119
110,120
110,121
110,122
110,123
110,125
110,126
110,127
110,129
110,130
110,132
110,135
110,140
110,141
110,143
110,145
110,147
110,149
110,165
110,178
110,184
110,186
110,187
110,188
110,190
111,112
111,113
111,114
111,115
111,117
111,118
111,119
111,120
111,121
111,122
111,123
111,125
111,126
111,127
111,129
111,130
111,131
111,132
111,133
111,134
111,135
111,137
111,138
112,113
112,114
112,115
112,116
112,117
113,115
113,116
113,117
113,118
113,120
113,121
113,122
113,123
113,125
113,126
113,131
113,133
113,134
113,135
113,141
113,161
113,162
114,115
114,116
114,117
114,118
114,119
114,120
114,122
114,123
114,125
114,126
114,128
114,129
114,130
114,132
114,133
114,134
114,135
114,136
114,137
114,141
114,144
114,146
114,147
114,151
114,152
114,155
114,161
114,162
114,166
115,117
115,118
115,119
115,120
115,121
115,122
116,117
116,118
116,119
116,120
116,121
116,122
116,123
116,124
116,125
116,126
116,127
116,128
116,130
116,131
116,133
116,134
116,135
116,136
116,137
116,138
116,139
116,144
116,145
116,146
117,118
117,119
117,120
117,121
117,122
117,123
117,124
118,119
118,120
118,121
118,122
118,123
118,124
118,125
118,127
118,130
118,132
118,133
118,134
118,136
118,137
118,138
118,139
118,141
118,143
118,144
118,145
118,146
118,147
118,151
118,154
118,155
118,157
119,120
119,121
119,122
119,140
119,143
119,145
119,147
119,149
119,165
119,178
119,184
119,186
119,187
119,188
119,190
120,121
120,122
120,123
120,124
120,125
120,127
120,128
120,129
120,130
120,131
120,132
120,133
120,135
120,136
120,137
120,138
120,139
120,141
120,142
120,143
120,145
120,146
120,147
120,149
120,151
120,152
120,154
120,155
120,157
120,159
120,161
120,162
120,166
120,185
121,122
121,123
121,124
121,125
121,126
121,127
121,129
121,130
121,133
121,135
121,137
121,138
121,140
121,142
121,143
121,145
121,147
121,149
121,165
121,178
121,184
121,186
121,187
121,188
121,190
122,123
122,124
122,125
122,128
122,140
122,143
122,145
122,147
122,149
122,165
122,178
122,184
122,186
122,187
122,188
122,190
123,124
123,127
123,128
123,129
123,131
123,132
123,133
123,135
123,137
123,138
123,139
123,142
123,144
123,145
123,146
123,147
123,155
123,157
123,161
123,166
123,180
123,185
124,125
124,127
124,128
124,129
124,130
124,131
124,132
124,133
124,134
124,135
124,136
124,137
124,138
124,139
124,142
124,143
124,144
124,145
124,146
124,147
124,149
124,154
124,157
125,127
125,128
125,129
125,131
126,128
126,129
126,130
126,131
126,132
126,133
126,135
126,136
126,137
126,140
126,141
126,142
126,147
126,149
126,151
126,152
126,154
126,155
126,157
126,161
126,162
126,164
127,128
127,130
127,131
127,132
127,133
127,134
127,136
127,137
127,138
127,139
127,140
127,141
127,143
127,145
127,146
127,147
127,149
127,150
127,151
127,154
127,155
127,157
127,159
127,161
127,162
127,164
127,166
127,180
128,129
128,130
128,131
128,132
128,133
128,134
128,135
128,136
128,139
128,140
128,141
128,142
129,130
130,132
130,134
130,135
131,132
131,133
131,134
131,135
131,136
131,137
132,133
132,134
132,135
132,136
132,137
132,138
132,139
132,140
132,141
132,144
132,145
132,146
132,147
132,150
132,152
132,155
132,157
132,159
132,164
132,166
132,180
132,185
133,134
133,135
133,136
133,138
133,141
133,142
133,143
133,144
133,145
133,146
133,147
134,136
134,137
134,138
134,139
134,140
134,141
134,142
134,143
134,144
134,146
134,147
134,150
134,151
134,153
134,154
134,155
134,159
135,136
135,137
135,138
135,139
135,141
135,142
135,144
136,137
136,138
136,139
136,140
136,141
137,138
137,139
137,140
137,141
137,143
137,144
137,145
137,146
137,147
137,148
137,149
137,151
137,152
137,153
137,154
137,155
138,139
138,140
138,141
138,143
138,144
138,146
138,147
138,148
138,149
138,150
138,152
138,153
138,154
138,155
138,158
138,160
138,161
139,142
139,143
139,144
139,145
140,141
140,143
140,144
140,145
140,146
140,147
140,148
140,149
140,151
140,152
140,153
140,154
140,155
140,156
140,157
140,159
140,161
140,162
140,164
140,165
140,172
140,176
140,178
140,180
140,183
140,184
140,185
140,186
140,187
140,188
140,190
141,142
141,143
141,144
141,145
141,146
141,147
141,148
141,149
141,150
142,144
142,145
142,146
142,147
142,148
142,149
142,150
142,151
143,145
143,146
143,147
143,148
143,149
143,150
143,151
143,152
143,153
143,154
143,155
143,156
143,159
143,160
143,161
143,162
143,164
143,165
143,166
143,178
143,184
143,186
143,187
143,188
143,190
144,145
144,147
144,148
144,149
144,150
144,151
144,152
144,153
144,154
145,147
145,148
145,149
145,150
145,151
145,152
145,153
145,154
145,157
145,158
145,159
145,160
145,161
145,162
145,164
145,165
145,166
145,172
145,178
145,184
145,186
145,187
145,188
145,190
146,147
146,148
146,151
146,152
146,154
146,155
146,156
146,157
146,158
146,159
146,160
146,161
146,162
146,163
146,164
146,166
146,167
146,169
146,173
146,176
146,183
146,185
147,148
147,149
147,150
147,151
147,152
147,153
147,154
147,157
147,158
147,159
147,161
147,162
147,163
147,164
147,165
147,166
147,167
147,169
147,172
147,173
147,174
147,176
147,178
147,184
147,185
147,186
147,187
147,188
147,190
148,149
148,150
148,151
148,152
148,153
148,155
148,156
148,157
148,158
148,159
148,162
149,150
149,151
149,152
149,153
149,154
149,155
149,156
149,158
149,160
149,161
149,162
149,163
149,164
149,165
149,166
149,169
149,171
149,173
149,174
149,176
149,178
149,180
149,181
149,182
149,184
149,185
149,186
149,187
149,188
149,190
150,151
150,152
150,153
150,154
151,152
151,153
151,154
151,155
151,156
151,157
151,159
151,160
151,161
151,162
151,163
151,166
151,167
151,169
151,170
151,171
151,172
151,173
151,174
151,177
151,180
151,181
151,182
151,183
151,185
152,154
152,155
152,156
152,157
152,158
152,159
152,160
152,161
152,162
152,163
152,164
152,166
152,167
152,169
152,170
152,171
152,172
152,173
152,174
152,176
152,177
152,179
152,180
152,181
152,182
152,183
152,185
152,199
153,154
153,155
153,156
153,157
153,158
153,159
153,160
153,161
153,162
153,163
154,155
154,156
154,157
154,158
154,159
154,160
154,161
154,162
154,163
154,164
154,165
154,167
154,168
154,170
154,171
154,173
154,174
154,175
154,176
154,177
154,179
154,180
154,181
154,182
154,183
154,184
154,185
154,191
154,199
155,156
155,157
155,159
155,160
155,162
155,163
155,165
155,166
155,167
155,168
155,169
155,170
155,171
155,173
155,174
155,175
155,176
155,177
155,179
155,180
155,181
155,182
155,183
155,184
155,185
155,187
155,191
156,157
156,158
156,159
156,160
156,161
156,163
156,164
156,165
156,166
156,167
156,168
156,169
156,170
156,171
156,172
156,173
156,174
156,175
156,176
156,177
156,179
156,180
156,181
156,182
156,183
157,158
157,159
157,160
158,159
158,160
158,161
158,162
158,163
158,164
158,165
158,166
158,167
158,168
158,172
158,173
158,174
158,175
158,177
158,179
158,180
158,181
158,182
158,183
158,184
158,185
158,186
159,160
159,161
159,162
159,163
159,165
159,166
159,167
159,168
159,169
159,170
159,172
159,174
159,176
159,177
159,179
159,180
159,181
159,182
160,161
160,162
160,163
160,164
161,163
161,164
161,165
161,166
161,167
161,168
161,169
161,170
161,171
161,172
161,174
162,163
162,164
162,165
162,166
162,168
162,169
162,170
162,171
163,166
163,167
163,168
163,169
163,170
163,171
163,172
163,173
163,174
163,175
164,165
164,167
164,168
164,170
164,171
164,173
164,174
164,175
164,177
164,178
164,179
164,180
164,181
164,182
164,183
164,186
165,166
165,167
165,178
165,184
165,186
165,187
165,188
165,190
166,167
166,168
166,169
166,171
166,172
166,174
166,175
166,176
166,177
166,178
166,179
166,180
166,181
166,182
166,185
166,186
166,187
166,188
166,194
166,197
167,168
167,169
167,171
167,172
167,173
167,175
167,176
167,177
167,178
167,179
168,169
168,171
168,173
168,174
168,175
168,176
168,177
168,178
169,171
169,172
170,171
170,172
170,173
170,174
170,175
170,177
170,179
170,180
170,181
170,182
170,183
170,184
170,186
170,187
170,188
170,189
170,192
170,194
170,197
171,173
171,174
171,175
171,176
171,177
171,178
171,179
171,180
171,181
171,182
171,183
171,185
171,186
171,187
171,188
171,189
172,173
172,174
172,175
172,176
172,177
172,178
172,179
172,180
172,181
172,182
172,183
172,184
172,185
172,186
172,187
172,188
172,189
172,194
172,197
173,174
174,176
174,177
174,179
174,180
175,176
175,177
175,178
175,179
175,180
175,181
175,183
175,184
175,185
175,186
175,187
175,188
175,189
175,191
175,198
175,199
176,177
176,178
176,179
176,181
176,182
176,183
176,184
176,185
176,186
176,187
176,188
176,189
176,191
176,192
176,194
176,197
176,198
177,178
177,179
177,180
177,181
177,182
177,185
177,186
177,187
177,189
177,194
177,195
177,196
177,197
178,179
178,181
178,182
178,183
178,184
178,185
178,186
178,187
178,188
178,189
178,190
179,180
179,181
179,182
179,183
179,184
179,185
179,187
179,188
179,189
179,190
179,191
179,194
179,195
179,196
179,197
179,198
179,199
180,181
180,182
180,183
180,184
180,185
180,186
181,182
181,183
181,184
181,185
181,186
181,187
182,184
182,185
182,186
182,187
182,189
182,190
182,192
182,194
182,195
182,196
182,197
182,199
183,184
183,185
183,186
183,187
183,189
183,190
183,191
183,192
183,193
183,194
183,195
183,196
183,197
183,199
184,185
184,186
184,187
184,188
184,189
184,190
184,191
184,192
184,193
184,194
184,195
184,196
184,197
184,198
184,199
185,186
185,187
185,188
185,189
185,190
185,192
185,193
185,194
185,195
185,196
185,197
185,198
185,199
186,187
186,188
186,189
186,190
186,191
186,192
186,195
186,196
186,197
186,198
187,188
187,189
187,190
187,193
187,194
187,195
187,196
187,197
187,198
187,199
188,190
188,191
188,193
188,194
188,196
189,190
189,191
189,193
189,194
189,195
189,196
189,197
189,198
190,191
190,192
190,194
190,196
190,197
190,199
191,192
191,193
191,194
191,195
191,196
191,197
191,198
191,199
192,193
192,195
192,196
192,198
192,199
193,194
194,195
194,197
194,198
194,199
195,196
195,198
195,199
196,197
196,198
197,198
197,199
198,199
