0,1
0,2
0,3
0,4
0,5
0,6
0,7
0,8
0,9
0,10
0,11
0,12
0,13
0,14
0,15
0,16
0,17
0,18
0,19
0,20
0,21
0,22
0,23
0,24
0,25
0,26
0,27
0,28
0,29
0,30
0,31
0,32
0,33
0,34
0,35
0,36
0,37
0,38
0,39
0,40
0,41
0,42
0,43
0,44
0,45
0,46
0,47
0,48
0,49
0,50
0,51
0,52
0,53
0,54
0,55
0,56
0,57
0,58
0,59
0,60
0,61
0,62
0,63
0,64
0,65
0,66
0,67
0,68
0,71
0,73
0,74
0,79
0,81
0,85
0,86
0,88
0,90
0,93
0,94
0,96
0,99
0,102
0,107
0,109
0,110
0,111
0,112
0,113
0,125
0,126
0,127
0,131
0,133
0,138
0,144
0,149
0,152
0,154
0,159
0,162
0,164
0,165
0,167
0,169
0,173
0,175
0,177
0,179
0,181
0,182
0,183
0,185
0,187
0,188
0,189
0,190
0,191
0,192
0,193
0,196
0,197
0,198
0,199
1,2
1,3
1,4
1,5
1,6
1,7
1,8
1,9
1,10
1,11
1,12
1,13
1,14
1,15
1,16
1,17
1,18
1,19
1,20
1,21
1,22
1,23
1,24
1,25
1,26
1,27
1,28
1,29
1,30
1,31
1,32
1,33
1,34
1,35
1,36
1,37
1,38
1,39
1,40
1,41
1,42
1,43
1,44
1,45
1,46
1,47
1,48
1,49
1,50
1,51
1,52
1,53
1,54
1,55
1,56
1,57
1,58
1,59
1,60
1,61
1,62
1,63
1,64
1,65
1,66
1,67
1,68
2,3
2,4
2,5
2,6
2,7
2,8
2,9
2,10
2,11
2,12
2,13
2,14
2,15
2,16
2,17
2,18
2,19
2,20
2,21
2,22
2,23
2,24
2,25
2,26
2,27
2,28
2,29
2,30
2,31
2,32
2,33
2,34
2,35
2,36
2,37
2,38
2,39
2,40
2,41
2,42
2,43
2,44
2,45
2,46
2,47
2,48
2,49
2,50
2,51
2,52
2,53
2,54
2,55
2,56
2,57
2,58
2,59
2,60
2,61
2,62
2,63
2,64
2,65
2,66
2,67
2,68
2,71
2,73
2,74
2,79
2,81
2,85
2,86
2,88
2,90
2,93
2,94
2,96
2,99
2,102
2,107
2,109
2,110
2,111
2,112
2,113
2,125
2,126
2,127
2,131
2,133
2,138
2,144
2,149
2,152
2,154
2,159
2,162
2,164
2,165
2,167
2,169
2,173
2,179
2,181
2,188
2,192
2,193
2,196
3,4
3,5
3,6
3,7
3,8
3,9
3,10
3,11
3,12
3,13
3,14
3,15
3,16
3,17
3,18
3,19
3,20
3,21
3,22
3,23
3,24
3,25
3,26
3,27
3,28
3,29
3,30
3,31
3,32
3,33
3,34
3,35
3,36
3,37
3,38
3,39
3,40
3,41
3,42
3,43
3,44
3,45
3,46
3,47
3,48
3,49
3,50
3,51
3,52
3,53
3,54
3,55
3,56
3,57
3,58
3,59
3,60
3,61
3,62
3,63
3,64
3,65
3,66
3,67
3,68
4,5
4,6
4,7
4,8
4,9
4,10
4,11
4,12
4,13
4,14
4,15
4,16
4,17
4,18
4,19
4,20
4,21
4,22
4,23
4,24
4,25
4,26
4,27
4,28
4,29
4,30
4,31
4,32
4,33
4,34
4,35
4,36
4,37
4,38
4,39
4,40
4,41
4,42
4,43
4,44
4,45
4,46
4,47
4,48
4,49
4,50
4,51
4,52
4,53
4,54
4,55
4,56
4,57
4,58
4,59
4,60
4,61
4,62
4,63
4,64
4,65
4,66
4,67
4,68
5,6
5,7
5,8
5,9
5,10
5,11
5,12
5,13
5,14
5,15
5,16
5,17
5,18
5,19
5,20
5,21
5,22
5,23
5,24
5,25
5,26
5,27
5,28
5,29
5,30
5,31
5,32
5,33
5,34
5,35
5,36
5,37
5,38
5,39
5,40
5,41
5,42
5,43
5,44
5,45
5,46
5,47
5,48
5,49
5,50
5,51
5,52
5,53
5,54
5,55
5,56
5,57
5,58
5,59
5,60
5,61
5,62
5,63
5,64
5,65
5,66
5,67
5,68
6,7
6,8
6,9
6,10
6,11
6,12
6,13
6,14
6,15
6,16
6,17
6,18
6,19
6,20
6,21
6,22
6,23
6,24
6,25
6,26
6,27
6,28
6,29
6,30
6,31
6,32
6,33
6,34
6,35
6,36
6,37
6,38
6,39
6,40
6,41
6,42
6,43
6,44
6,45
6,46
6,47
6,48
6,49
6,50
6,51
6,52
6,53
6,54
6,55
6,56
6,57
6,58
6,59
6,60
6,61
6,62
6,63
6,64
6,65
6,66
6,67
6,68
6,71
6,73
6,74
6,79
6,81
6,85
6,86
6,88
6,90
6,93
6,94
6,96
6,99
6,102
6,107
6,109
6,110
6,111
6,112
6,113
6,125
6,126
6,127
6,131
6,133
6,138
6,144
6,149
6,152
6,154
6,159
6,162
6,164
6,165
6,167
6,169
6,173
6,179
6,181
6,188
6,192
6,193
6,196
7,8
7,9
7,10
7,11
7,12
7,13
7,14
7,15
7,16
7,17
7,18
7,19
7,20
7,21
7,22
7,23
7,24
7,25
7,26
7,27
7,28
7,29
7,30
7,31
7,32
7,33
7,34
7,35
7,36
7,37
7,38
7,39
7,40
7,41
7,42
7,43
7,44
7,45
7,46
7,47
7,48
7,49
7,50
7,51
7,52
7,53
7,54
7,55
7,56
7,57
7,58
7,59
7,60
7,61
7,62
7,63
7,64
7,65
7,66
7,67
7,68
8,9
8,10
8,11
8,12
8,13
8,14
8,15
8,16
8,17
8,18
8,19
8,20
8,21
8,22
8,23
8,24
8,25
8,26
8,27
8,28
8,29
8,30
8,31
8,32
8,33
8,34
8,35
8,36
8,37
8,38
8,39
8,40
8,41
8,42
8,43
8,44
8,45
8,46
8,47
8,48
8,49
8,50
8,51
8,52
8,53
8,54
8,55
8,56
8,57
8,58
8,59
8,60
8,61
8,62
8,63
8,64
8,65
8,66
8,67
8,68
9,10
9,11
9,12
9,13
9,14
9,15
9,16
9,17
9,18
9,19
9,20
9,21
9,22
9,23
9,24
9,25
9,26
9,27
9,28
9,29
9,30
9,31
9,32
9,33
9,34
9,35
9,36
9,37
9,38
9,39
9,40
9,41
9,42
9,43
9,44
9,45
9,46
9,47
9,48
9,49
9,50
9,51
9,52
9,53
9,54
9,55
9,56
9,57
9,58
9,59
9,60
9,61
9,62
9,63
9,64
9,65
9,66
9,67
9,68
10,11
10,12
10,13
10,14
10,15
10,16
10,17
10,18
10,19
10,20
10,21
10,22
10,23
10,24
10,25
10,26
10,27
10,28
10,29
10,30
10,31
10,32
10,33
10,34
10,35
10,36
10,37
10,38
10,39
10,40
10,41
10,42
10,43
10,44
10,45
10,46
10,47
10,48
10,49
10,50
10,51
10,52
10,53
10,54
10,55
10,56
10,57
10,58
10,59
10,60
10,61
10,62
10,63
10,64
10,65
10,66
10,67
10,68
10,71
10,73
10,74
10,79
10,81
10,85
10,86
10,88
10,90
10,93
10,94
10,96
10,99
10,102
10,107
10,109
10,110
10,111
10,112
10,113
10,125
10,126
10,127
10,131
10,133
10,138
10,144
10,149
10,152
10,154
10,159
10,162
10,164
10,165
10,167
10,169
10,173
10,179
10,181
10,188
10,192
10,193
10,196
11,12
11,13
11,14
11,15
11,16
11,17
11,18
11,19
11,20
11,21
11,22
11,23
11,24
11,25
11,26
11,27
11,28
11,29
11,30
11,31
11,32
11,33
11,34
11,35
11,36
11,37
11,38
11,39
11,40
11,41
11,42
11,43
11,44
11,45
11,46
11,47
11,48
11,49
11,50
11,51
11,52
11,53
11,54
11,55
11,56
11,57
11,58
11,59
11,60
11,61
11,62
11,63
11,64
11,65
11,66
11,67
11,68
12,13
12,14
12,15
12,16
12,17
12,18
12,19
12,20
12,21
12,22
12,23
12,24
12,25
12,26
12,27
12,28
12,29
12,30
12,31
12,32
12,33
12,34
12,35
12,36
12,37
12,38
12,39
12,40
12,41
12,42
12,43
12,44
12,45
12,46
12,47
12,48
12,49
12,50
12,51
12,52
12,53
12,54
12,55
12,56
12,57
12,58
12,59
12,60
12,61
12,62
12,63
12,64
12,65
12,66
12,67
12,68
13,14
13,15
13,16
13,17
13,18
13,19
13,20
13,21
13,22
13,23
13,24
13,25
13,26
13,27
13,28
13,29
13,30
13,31
13,32
13,33
13,34
13,35
13,36
13,37
13,38
13,39
13,40
13,41
13,42
13,43
13,44
13,45
13,46
13,47
13,48
13,49
13,50
13,51
13,52
13,53
13,54
13,55
13,56
13,57
13,58
13,59
13,60
13,61
13,62
13,63
13,64
13,65
13,66
13,67
13,68
14,15
14,16
14,17
14,18
14,19
14,20
14,21
14,22
14,23
14,24
14,25
14,26
14,27
14,28
14,29
14,30
14,31
14,32
14,33
14,34
14,35
14,36
14,37
14,38
14,39
14,40
14,41
14,42
14,43
14,44
14,45
14,46
14,47
14,48
14,49
14,50
14,51
14,52
14,53
14,54
14,55
14,56
14,57
14,58
14,59
14,60
14,61
14,62
14,63
14,64
14,65
14,66
14,67
14,68
15,16
15,17
15,18
15,19
15,20
15,21
15,22
15,23
15,24
15,25
15,26
15,27
15,28
15,29
15,30
15,31
15,32
15,33
15,34
15,35
15,36
15,37
15,38
15,39
15,40
15,41
15,42
15,43
15,44
15,45
15,46
15,47
15,48
15,49
15,50
15,51
15,52
15,53
15,54
15,55
15,56
15,57
15,58
15,59
15,60
15,61
15,62
15,63
15,64
15,65
15,66
15,67
15,68
16,17
16,18
16,19
16,20
16,21
16,22
16,23
16,24
16,25
16,26
16,27
16,28
16,29
16,30
16,31
16,32
16,33
16,34
16,35
16,36
16,37
16,38
16,39
16,40
16,41
16,42
16,43
16,44
16,45
16,46
16,47
16,48
16,49
16,50
16,51
16,52
16,53
16,54
16,55
16,56
16,57
16,58
16,59
16,60
16,61
16,62
16,63
16,64
16,65
16,66
16,67
16,68
17,18
17,19
17,20
17,21
17,22
17,23
17,24
17,25
17,26
17,27
17,28
17,29
17,30
17,31
17,32
17,33
17,34
17,35
17,36
17,37
17,38
17,39
17,40
17,41
17,42
17,43
17,44
17,45
17,46
17,47
17,48
17,49
17,50
17,51
17,52
17,53
17,54
17,55
17,56
17,57
17,58
17,59
17,60
17,61
17,62
17,63
17,64
17,65
17,66
17,67
17,68
18,19
18,20
18,21
18,22
18,23
18,24
18,25
18,26
18,27
18,28
18,29
18,30
18,31
18,32
18,33
18,34
18,35
18,36
18,37
18,38
18,39
18,40
18,41
18,42
18,43
18,44
18,45
18,46
18,47
18,48
18,49
18,50
18,51
18,52
18,53
18,54
18,55
18,56
18,57
18,58
18,59
18,60
18,61
18,62
18,63
18,64
18,65
18,66
18,67
18,68
19,20
19,21
19,22
19,23
19,24
19,25
19,26
19,27
19,28
19,29
19,30
19,31
19,32
19,33
19,34
19,35
19,36
19,37
19,38
19,39
19,40
19,41
19,42
19,43
19,44
19,45
19,46
19,47
19,48
19,49
19,50
19,51
19,52
19,53
19,54
19,55
19,56
19,57
19,58
19,59
19,60
19,61
19,62
19,63
19,64
19,65
19,66
19,67
19,68
19,71
19,73
19,74
19,79
19,81
19,85
19,86
19,88
19,90
19,93
19,94
19,96
19,99
19,102
19,107
19,109
19,110
19,111
19,112
19,113
19,125
19,126
19,127
19,131
19,133
19,138
19,144
19,149
19,152
19,154
19,159
19,162
19,164
19,165
19,167
19,169
19,173
19,179
19,181
19,188
19,192
19,193
19,196
20,21
20,22
20,23
20,24
20,25
20,26
20,27
20,28
20,29
20,30
20,31
20,32
20,33
20,34
20,35
20,36
20,37
20,38
20,39
20,40
20,41
20,42
20,43
20,44
20,45
20,46
20,47
20,48
20,49
20,50
20,51
20,52
20,53
20,54
20,55
20,56
20,57
20,58
20,59
20,60
20,61
20,62
20,63
20,64
20,65
20,66
20,67
20,68
21,22
21,23
21,24
21,25
21,26
21,27
21,28
21,29
21,30
21,31
21,32
21,33
21,34
21,35
21,36
21,37
21,38
21,39
21,40
21,41
21,42
21,43
21,44
21,45
21,46
21,47
21,48
21,49
21,50
21,51
21,52
21,53
21,54
21,55
21,56
21,57
21,58
21,59
21,60
21,61
21,62
21,63
21,64
21,65
21,66
21,67
21,68
22,23
22,24
22,25
22,26
22,27
22,28
22,29
22,30
22,31
22,32
22,33
22,34
22,35
22,36
22,37
22,38
22,39
22,40
22,41
22,42
22,43
22,44
22,45
22,46
22,47
22,48
22,49
22,50
22,51
22,52
22,53
22,54
22,55
22,56
22,57
22,58
22,59
22,60
22,61
22,62
22,63
22,64
22,65
22,66
22,67
22,68
23,24
23,25
23,26
23,27
23,28
23,29
23,30
23,31
23,32
23,33
23,34
23,35
23,36
23,37
23,38
23,39
23,40
23,41
23,42
23,43
23,44
23,45
23,46
23,47
23,48
23,49
23,50
23,51
23,52
23,53
23,54
23,55
23,56
23,57
23,58
23,59
23,60
23,61
23,62
23,63
23,64
23,65
23,66
23,67
23,68
24,25
24,26
24,27
24,28
24,29
24,30
24,31
24,32
24,33
24,34
24,35
24,36
24,37
24,38
24,39
24,40
24,41
24,42
24,43
24,44
24,45
24,46
24,47
24,48
24,49
24,50
24,51
24,52
24,53
24,54
24,55
24,56
24,57
24,58
24,59
24,60
24,61
24,62
24,63
24,64
24,65
24,66
24,67
24,68
25,26
25,27
25,28
25,29
25,30
25,31
25,32
25,33
25,34
25,35
25,36
25,37
25,38
25,39
25,40
25,41
25,42
25,43
25,44
25,45
25,46
25,47
25,48
25,49
25,50
25,51
25,52
25,53
25,54
25,55
25,56
25,57
25,58
25,59
25,60
25,61
25,62
25,63
25,64
25,65
25,66
25,67
25,68
25,71
25,73
25,74
25,79
25,81
25,85
25,86
25,88
25,90
25,93
25,94
25,96
25,99
25,102
25,107
25,109
25,110
25,111
25,112
25,113
25,125
25,126
25,127
25,131
25,133
25,138
25,144
25,149
25,152
25,154
25,159
25,162
25,164
25,165
25,167
25,169
25,173
25,179
25,181
25,188
25,192
25,193
25,196
26,27
26,28
26,29
26,30
26,31
26,32
26,33
26,34
26,35
26,36
26,37
26,38
26,39
26,40
26,41
26,42
26,43
26,44
26,45
26,46
26,47
26,48
26,49
26,50
26,51
26,52
26,53
26,54
26,55
26,56
26,57
26,58
26,59
26,60
26,61
26,62
26,63
26,64
26,65
26,66
26,67
27,28
27,29
27,30
27,31
27,32
27,33
27,34
27,35
27,36
27,37
27,38
27,39
27,40
27,41
27,42
27,43
27,44
27,45
27,46
27,47
27,48
27,49
27,50
27,51
27,52
27,53
27,54
27,55
27,56
27,57
27,58
27,59
27,60
27,61
27,62
27,63
27,64
27,65
27,66
27,67
27,68
28,29
28,30
28,31
28,32
28,33
28,34
28,35
28,36
28,37
28,38
28,39
28,40
28,41
28,42
28,43
28,44
28,45
28,46
28,47
28,48
28,49
28,50
28,51
28,52
28,53
28,54
28,55
28,56
28,57
28,58
28,59
28,60
28,61
28,62
28,63
28,64
28,65
28,66
28,67
28,68
29,30
29,31
29,32
29,33
29,34
29,35
29,36
29,37
29,38
29,39
29,40
29,41
29,42
29,43
29,44
29,45
29,46
29,47
29,48
29,49
29,50
29,51
29,52
29,53
29,54
29,55
29,56
29,57
29,58
29,59
29,60
29,61
29,62
29,63
29,64
29,65
29,66
29,67
29,68
30,31
30,32
30,33
30,34
30,35
30,36
30,37
30,38
30,39
30,40
30,41
30,42
30,43
30,44
30,45
30,46
30,47
30,48
30,49
30,50
30,51
30,52
30,53
30,54
30,55
30,56
30,57
30,58
30,59
30,60
30,61
30,62
30,63
30,64
30,65
30,66
30,67
30,68
30,71
30,73
30,74
30,79
30,81
30,85
30,86
30,88
30,90
30,93
30,94
30,96
30,99
30,102
30,107
30,109
30,110
30,111
30,112
30,113
30,125
30,126
30,127
30,131
30,133
30,138
30,144
30,149
30,152
30,154
30,159
30,162
30,164
30,165
30,167
30,169
30,173
30,179
30,181
30,188
30,192
30,193
30,196
31,32
31,33
31,34
31,35
31,36
31,37
31,38
31,39
31,40
31,41
31,42
31,43
31,44
31,45
31,46
31,47
31,48
31,49
31,50
31,51
31,52
31,53
31,54
31,55
31,56
31,57
31,58
31,59
31,60
31,61
31,62
31,63
31,64
31,65
31,66
31,67
31,68
32,33
32,34
32,35
32,36
32,37
32,38
32,39
32,40
32,41
32,42
32,43
32,44
32,45
32,46
32,47
32,48
32,49
32,50
32,51
32,52
32,53
32,54
32,55
32,56
32,57
32,58
32,59
32,60
32,61
32,62
32,63
32,64
32,65
32,66
32,67
32,68
32,71
32,73
32,74
32,79
32,81
32,85
32,86
32,88
32,90
32,93
32,94
32,96
32,99
32,102
32,107
32,109
32,110
32,111
32,112
32,113
32,125
32,126
32,127
32,131
32,133
32,138
32,144
32,149
32,152
32,154
32,159
32,162
32,164
32,165
32,167
32,169
32,173
32,179
32,181
32,188
32,192
32,193
32,196
33,34
33,35
33,36
33,37
33,38
33,39
33,40
33,41
33,42
33,43
33,44
33,45
33,46
33,47
33,48
33,49
33,50
33,51
33,52
33,53
33,54
33,55
33,56
33,57
33,58
33,59
33,60
33,61
33,62
33,63
33,64
33,65
33,66
33,67
33,68
33,71
33,73
33,74
33,79
33,81
33,85
33,86
33,88
33,90
33,93
33,94
33,96
33,99
33,102
33,107
33,109
33,110
33,111
33,112
33,113
33,125
33,126
33,127
33,131
33,133
33,138
33,144
33,149
33,152
33,154
33,159
33,162
33,164
33,165
33,167
33,169
33,173
33,179
33,181
33,188
33,192
33,193
33,196
34,35
34,36
34,37
34,38
34,39
34,40
34,41
34,42
34,43
34,44
34,45
34,46
34,47
34,48
34,49
34,50
34,51
34,52
34,53
34,54
34,55
34,56
34,57
34,58
34,59
34,60
34,61
34,62
34,63
34,64
34,65
34,66
34,67
34,68
34,71
34,73
34,74
34,79
34,81
34,85
34,86
34,88
34,90
34,93
34,94
34,96
34,99
34,102
34,107
34,109
34,110
34,111
34,112
34,113
34,125
34,126
34,127
34,131
34,133
34,138
34,144
34,149
34,152
34,154
34,159
34,162
34,164
34,165
34,167
34,169
34,173
34,179
34,181
34,188
34,192
34,193
34,196
35,36
35,37
35,38
35,39
35,40
35,41
35,42
35,43
35,44
35,45
35,46
35,47
35,48
35,49
35,50
35,51
35,52
35,53
35,54
35,55
35,56
35,57
35,58
35,59
35,60
35,61
35,62
35,63
35,64
35,65
35,66
35,67
35,68
35,71
35,73
35,74
35,79
35,81
35,85
35,86
35,88
35,90
35,93
35,94
35,96
35,99
35,102
35,107
35,109
35,110
35,111
35,112
35,113
35,125
35,126
35,127
35,131
35,133
35,138
35,144
35,149
35,152
35,154
35,159
35,162
35,164
35,165
35,167
35,169
35,173
35,179
35,181
35,188
35,192
35,193
35,196
36,37
36,38
36,39
36,40
36,41
36,42
36,43
36,44
36,45
36,46
36,47
36,48
36,49
36,50
36,51
36,52
36,53
36,54
36,55
36,56
36,57
36,58
36,59
36,60
36,61
36,62
36,63
36,64
36,65
36,66
36,67
36,68
37,38
37,39
37,40
37,41
37,42
37,43
37,44
37,45
37,46
37,47
37,48
37,49
37,50
37,51
37,52
37,53
37,54
37,55
37,56
37,57
37,58
37,59
37,60
37,61
37,62
37,63
37,64
37,65
37,66
37,67
37,68
38,39
38,40
38,41
38,42
38,43
38,44
38,45
38,46
38,47
38,48
38,49
38,50
38,51
38,52
38,53
38,54
38,55
38,56
38,57
38,58
38,59
38,60
38,61
38,62
38,63
38,64
38,65
38,66
38,67
38,68
38,71
38,73
38,74
38,79
38,81
38,85
38,86
38,88
38,90
38,93
38,94
38,96
38,99
38,102
38,107
38,109
38,110
38,111
38,112
38,113
38,125
38,126
38,127
38,131
38,133
38,138
38,144
38,149
38,152
38,154
38,159
38,162
38,164
38,165
38,167
38,169
38,173
38,179
38,181
38,188
38,192
38,193
38,196
39,40
39,41
39,42
39,43
39,44
39,45
39,46
39,47
39,48
39,49
39,50
39,51
39,52
39,53
39,54
39,55
39,56
39,57
39,58
39,59
39,60
39,61
39,62
39,63
39,64
39,65
39,66
39,67
39,68
40,41
40,42
40,43
40,44
40,45
40,46
40,47
40,48
40,49
40,50
40,51
40,52
40,53
40,54
40,55
40,56
40,57
40,58
40,59
40,60
40,61
40,62
40,63
40,64
40,65
40,66
40,67
40,68
41,42
41,43
41,44
41,45
41,46
41,47
41,48
41,49
41,50
41,51
41,52
41,53
41,54
41,55
41,56
41,57
41,58
41,59
41,60
41,61
41,62
41,63
41,64
41,65
41,66
41,67
41,68
41,71
41,73
41,74
41,79
41,81
41,85
41,86
41,88
41,90
41,93
41,94
41,96
41,99
41,102
41,107
41,109
41,110
41,111
41,112
41,113
41,125
41,126
41,127
41,131
41,133
41,138
41,144
41,149
41,152
41,154
41,159
41,162
41,164
41,165
41,167
41,169
41,173
41,179
41,181
41,188
41,192
41,193
41,196
42,43
42,44
42,45
42,46
42,47
42,48
42,49
42,50
42,51
42,52
42,53
42,54
42,55
42,56
42,57
42,58
42,59
42,60
42,61
42,62
42,63
42,64
42,65
42,66
42,67
42,68
43,44
43,45
43,46
43,47
43,48
43,49
43,50
43,51
43,52
43,53
43,54
43,55
43,56
43,57
43,58
43,59
43,60
43,61
43,62
43,63
43,64
43,65
43,66
43,67
43,68
43,71
43,73
43,74
43,79
43,81
43,85
43,86
43,88
43,90
43,93
43,94
43,96
43,99
43,102
43,107
43,109
43,110
43,111
43,112
43,113
43,125
43,126
43,127
43,131
43,133
43,138
43,144
43,149
43,152
43,154
43,159
43,162
43,164
43,165
43,167
43,169
43,173
43,179
43,181
43,188
43,192
43,193
43,196
44,45
44,46
44,47
44,48
44,49
44,50
44,51
44,52
44,53
44,54
44,55
44,56
44,57
44,58
44,59
44,60
44,61
44,62
44,63
44,64
44,65
44,66
44,67
44,68
44,71
44,73
44,74
44,79
44,81
44,85
44,86
44,88
44,90
44,93
44,94
44,96
44,99
44,102
44,107
44,109
44,110
44,111
44,112
44,113
44,125
44,126
44,127
44,131
44,133
44,138
44,144
44,149
44,152
44,154
44,159
44,162
44,164
44,165
44,167
44,169
44,173
44,179
44,181
44,188
44,192
44,193
44,196
45,46
45,47
45,48
45,49
45,50
45,51
45,52
45,53
45,54
45,55
45,56
45,57
45,58
45,59
45,60
45,61
45,62
45,63
45,64
45,65
45,66
45,67
45,68
45,71
45,73
45,74
45,79
45,81
45,85
45,86
45,88
45,90
45,93
45,94
45,96
45,99
45,102
45,107
45,109
45,110
45,111
45,112
45,113
45,125
45,126
45,127
45,131
45,133
45,138
45,144
45,149
45,152
45,154
45,159
45,162
45,164
45,165
45,167
45,169
45,173
45,179
45,181
45,188
45,192
45,193
45,196
46,47
46,48
46,49
46,50
46,51
46,52
46,53
46,54
46,55
46,56
46,57
46,58
46,59
46,60
46,61
46,62
46,63
46,64
46,65
46,66
46,67
46,68
46,71
46,73
46,74
46,79
46,81
46,85
46,86
46,88
46,90
46,93
46,94
46,96
46,99
46,102
46,107
46,109
46,110
46,111
46,112
46,113
46,125
46,126
46,127
46,131
46,133
46,138
46,144
46,149
46,152
46,154
46,159
46,162
46,164
46,165
46,167
46,169
46,173
46,179
46,181
46,188
46,192
46,193
46,196
47,48
47,49
47,50
47,51
47,52
47,53
47,54
47,55
47,56
47,57
47,58
47,59
47,60
47,61
47,62
47,63
47,64
47,65
47,66
47,67
47,68
48,49
48,50
48,51
48,52
48,53
48,54
48,55
48,56
48,57
48,58
48,59
48,60
48,61
48,62
48,63
48,64
48,65
48,66
48,67
48,68
49,50
49,51
49,52
49,53
49,54
49,55
49,56
49,57
49,58
49,59
49,60
49,61
49,62
49,63
49,64
49,65
49,66
49,67
49,68
49,71
49,73
49,74
49,79
49,81
49,85
49,86
49,88
49,90
49,93
49,94
49,96
49,99
49,102
49,107
49,109
49,110
49,111
49,112
49,113
49,125
49,126
49,127
49,131
49,133
49,138
49,144
49,149
49,152
49,154
49,159
49,162
49,164
49,165
49,167
49,169
49,173
49,179
49,181
49,188
49,192
49,193
49,196
50,51
50,52
50,53
50,54
50,55
50,56
50,57
50,58
50,59
50,60
50,61
50,62
50,63
50,64
50,65
50,66
50,67
50,68
51,52
51,53
51,54
51,55
51,56
51,57
51,58
51,59
51,60
51,61
51,62
51,63
51,64
51,65
51,66
51,67
51,68
51,71
51,73
51,74
51,79
51,81
51,85
51,86
51,88
51,90
51,93
51,94
51,96
51,99
51,102
51,107
51,109
51,110
51,111
51,112
51,113
51,125
51,126
51,127
51,131
51,133
51,138
51,144
51,149
51,152
51,154
51,159
51,162
51,164
51,165
51,167
51,169
51,173
51,179
51,181
51,188
51,192
51,193
51,196
52,53
52,54
52,55
52,56
52,57
52,58
52,59
52,60
52,61
52,62
52,63
52,64
52,65
52,66
52,67
52,68
53,54
53,55
53,56
53,57
53,58
53,59
53,60
53,61
53,62
53,63
53,64
53,65
53,66
53,67
53,68
54,55
54,56
54,57
54,58
54,59
54,60
54,61
54,62
54,63
54,64
54,65
54,66
54,67
54,68
54,71
54,73
54,74
54,79
54,81
54,85
54,86
54,88
54,90
54,93
54,94
54,96
54,99
54,102
54,107
54,109
54,110
54,111
54,112
54,113
54,125
54,126
54,127
54,131
54,133
54,138
54,144
54,149
54,152
54,154
54,159
54,162
54,164
54,165
54,167
54,169
54,173
54,179
54,181
54,188
54,192
54,193
54,196
55,56
55,57
55,58
55,59
55,60
55,61
55,62
55,63
55,64
55,65
55,66
55,67
55,68
55,71
55,73
55,74
55,79
55,81
55,85
55,86
55,88
55,90
55,93
55,94
55,96
55,99
55,102
55,107
55,109
55,110
55,111
55,112
55,113
55,125
55,126
55,127
55,131
55,133
55,138
55,144
55,149
55,152
55,154
55,159
55,162
55,164
55,165
55,167
55,169
55,173
55,179
55,181
55,188
55,192
55,193
55,196
56,57
56,58
56,59
56,60
56,61
56,62
56,63
56,64
56,65
56,66
56,67
56,68
57,58
57,59
57,60
57,61
57,62
57,63
57,64
57,65
57,66
57,67
57,68
57,71
57,73
57,74
57,79
57,81
57,85
57,86
57,88
57,90
57,93
57,94
57,96
57,99
57,102
57,107
57,109
57,110
57,111
57,112
57,113
57,125
57,126
57,127
57,131
57,133
57,138
57,144
57,149
57,152
57,154
57,159
57,162
57,164
57,165
57,167
57,169
57,173
57,179
57,181
57,188
57,192
57,193
57,196
58,59
58,60
58,61
58,62
58,63
58,64
58,65
58,66
58,67
58,68
59,60
59,61
59,62
59,63
59,64
59,65
59,66
59,67
59,68
60,61
60,62
60,63
60,64
60,65
60,66
60,67
60,68
60,71
60,73
60,74
60,79
60,81
60,85
60,86
60,88
60,90
60,93
60,94
60,96
60,99
60,102
60,107
60,109
60,110
60,111
60,112
60,113
60,125
60,126
60,127
60,131
60,133
60,138
60,144
60,149
60,152
60,154
60,159
60,162
60,164
60,165
60,167
60,169
60,173
60,179
60,181
60,188
60,192
60,193
60,196
61,62
61,63
61,64
61,65
61,66
61,67
61,68
62,63
62,64
62,65
62,66
62,67
62,68
63,64
63,65
63,66
63,67
63,68
64,65
64,66
64,67
64,68
65,66
65,67
65,68
65,71
65,73
65,74
65,79
65,81
65,85
65,86
65,88
65,90
65,93
65,94
65,96
65,99
65,102
65,107
65,109
65,110
65,111
65,112
65,113
65,125
65,126
65,127
65,131
65,133
65,138
65,144
65,149
65,152
65,154
65,159
65,162
65,164
65,165
65,167
65,169
65,173
65,179
65,181
65,188
65,192
65,193
65,196
66,67
66,68
66,71
66,73
66,74
66,79
66,81
66,85
66,86
66,88
66,90
66,93
66,94
66,96
66,99
66,102
66,107
66,109
66,110
66,111
66,112
66,113
66,125
66,126
66,127
66,131
66,133
66,138
66,144
66,149
66,152
66,154
66,159
66,162
66,164
66,165
66,167
66,169
66,173
66,179
66,181
66,188
66,192
66,193
66,196
67,68
67,71
67,73
67,74
67,79
67,81
67,85
67,86
67,88
67,90
67,93
67,94
67,96
67,99
67,102
67,107
67,109
67,110
67,111
67,112
67,113
67,125
67,126
67,127
67,131
67,133
67,138
67,144
67,149
67,152
67,154
67,159
67,162
67,164
67,165
67,167
67,169
67,173
67,179
67,181
67,188
67,192
67,193
67,196
71,73
71,74
71,79
71,81
71,85
71,86
71,88
71,90
71,93
71,94
71,96
71,99
71,102
71,107
71,109
71,110
71,111
71,112
71,113
71,125
71,126
71,127
71,131
71,133
71,138
71,144
71,149
71,152
71,154
71,159
71,162
71,164
71,165
71,167
71,169
71,173
71,179
71,181
71,188
71,192
71,193
71,196
73,74
73,79
73,81
73,85
73,86
73,88
73,90
73,93
73,94
73,96
73,99
73,102
73,107
73,109
73,110
73,111
73,112
73,113
73,125
73,126
73,127
73,131
73,133
73,138
73,144
73,149
73,152
73,154
73,159
73,162
73,164
73,165
73,167
73,169
73,173
73,179
73,181
73,188
73,192
73,193
73,196
74,79
74,81
74,85
74,86
74,88
74,90
74,93
74,94
74,96
74,99
74,102
74,107
74,109
74,110
74,111
74,112
74,113
74,125
74,126
74,127
74,131
74,133
74,138
74,144
74,149
74,152
74,154
74,159
74,162
74,164
74,165
74,167
74,169
74,173
74,179
74,181
74,188
74,192
74,193
74,196
79,81
79,85
79,86
79,88
79,90
79,93
79,94
79,96
79,99
79,102
79,107
79,109
79,110
79,111
79,112
79,113
79,125
79,126
79,127
79,131
79,133
79,138
79,144
79,149
79,152
79,154
79,159
79,162
79,164
79,165
79,167
79,169
79,173
79,179
79,181
79,188
79,192
79,193
79,196
81,85
81,86
81,88
81,90
81,93
81,94
81,96
81,99
81,102
81,107
81,109
81,110
81,111
81,112
81,113
81,125
81,126
81,127
81,131
81,133
81,138
81,144
81,149
81,152
81,154
81,159
81,162
81,164
81,165
81,167
81,169
81,173
81,179
81,181
81,188
81,192
81,193
81,196
85,86
85,88
85,90
85,93
85,94
85,96
85,99
85,102
85,107
85,109
85,110
85,111
85,112
85,113
85,125
85,126
85,127
85,131
85,133
85,138
85,144
85,149
85,152
85,154
85,159
85,162
85,164
85,165
85,167
85,169
85,173
85,179
85,181
85,188
85,192
85,193
85,196
86,88
86,90
86,93
86,94
86,96
86,99
86,102
86,107
86,109
86,110
86,111
86,112
86,113
86,125
86,126
86,127
86,131
86,133
86,138
86,144
86,149
86,152
86,154
86,159
86,162
86,164
86,165
86,167
86,169
86,173
86,179
86,181
86,188
86,192
86,193
86,196
87,94
87,99
87,100
87,101
87,107
87,108
87,110
87,115
87,117
87,118
87,120
87,121
87,122
87,123
87,124
88,90
88,93
88,94
88,95
88,96
88,98
88,99
88,101
88,102
88,103
88,106
88,107
88,109
88,110
88,111
88,112
88,113
88,114
88,121
88,122
88,123
88,124
88,125
88,126
88,127
88,131
88,133
88,138
88,144
88,149
88,152
88,154
88,159
88,162
88,164
88,165
88,167
88,169
88,173
88,179
88,181
88,188
88,192
88,193
88,196
89,97
89,99
89,100
89,101
89,103
89,105
89,107
89,108
89,110
89,112
89,113
89,117
89,118
89,119
89,121
89,123
89,124
89,126
89,129
89,131
89,133
89,135
89,136
89,145
90,93
90,94
90,96
90,98
90,99
90,100
90,101
90,102
90,103
90,104
90,105
90,106
90,107
90,108
90,109
90,110
90,111
90,112
90,113
90,117
90,118
90,120
90,121
90,122
90,123
90,124
90,125
90,126
90,127
90,129
90,130
90,131
90,133
90,135
90,136
90,137
90,138
90,141
90,142
90,143
90,144
90,148
90,149
90,151
90,152
90,154
90,159
90,162
90,164
90,165
90,167
90,169
90,171
90,173
90,176
90,177
90,179
90,181
90,184
90,188
90,192
90,193
90,196
91,96
91,97
91,98
91,99
91,100
91,101
91,103
91,104
91,105
91,106
91,107
91,108
91,112
91,113
91,115
91,117
91,118
91,119
91,120
91,121
91,122
91,123
91,124
91,126
91,128
91,130
91,133
91,134
91,135
91,136
91,137
91,139
91,140
91,141
91,142
91,143
91,145
91,146
91,148
91,151
91,176
91,180
91,187
92,97
92,98
93,94
93,96
93,97
93,98
93,99
93,100
93,101
93,102
93,103
93,106
93,107
93,109
93,110
93,111
93,112
93,113
93,114
93,116
93,117
93,118
93,119
93,123
93,125
93,126
93,127
93,128
93,129
93,131
93,133
93,134
93,136
93,137
93,138
93,141
93,142
93,143
93,144
93,147
93,149
93,151
93,152
93,154
93,157
93,159
93,160
93,162
93,164
93,165
93,167
93,169
93,171
93,173
93,179
93,181
93,184
93,187
93,188
93,189
93,192
93,193
93,196
94,95
94,96
94,97
94,99
94,101
94,102
94,103
94,104
94,105
94,106
94,107
94,109
94,110
94,111
94,112
94,113
94,114
94,117
94,118
94,119
94,121
94,123
94,125
94,126
94,127
94,131
94,133
94,138
94,144
94,149
94,152
94,154
94,159
94,162
94,164
94,165
94,167
94,169
94,173
94,179
94,181
94,188
94,192
94,193
94,196
95,96
95,97
95,100
95,102
95,104
95,105
95,106
95,108
95,113
95,115
95,116
95,117
95,118
95,120
95,121
95,122
95,123
95,124
95,126
95,128
95,129
95,132
95,134
95,135
95,137
95,139
95,140
95,141
95,142
95,145
95,147
95,157
95,160
95,161
95,166
95,168
95,170
95,171
95,176
95,177
95,180
95,181
95,183
95,184
95,187
95,189
96,98
96,99
96,100
96,102
96,103
96,104
96,106
96,107
96,108
96,109
96,110
96,111
96,112
96,113
96,115
96,116
96,118
96,120
96,121
96,122
96,124
96,125
96,126
96,127
96,131
96,132
96,133
96,138
96,144
96,149
96,152
96,154
96,159
96,162
96,164
96,165
96,167
96,169
96,173
96,179
96,181
96,188
96,192
96,193
96,196
97,99
97,100
97,101
97,102
97,103
97,105
97,106
97,108
97,113
97,114
97,115
97,120
97,121
97,122
97,126
97,128
97,131
97,132
97,134
97,135
97,139
97,140
97,141
97,142
97,143
97,148
97,151
97,160
98,99
98,100
98,101
98,103
98,104
98,105
98,106
98,107
98,113
98,114
98,120
98,121
98,122
98,123
98,128
98,129
98,130
98,131
98,132
98,133
98,134
98,135
98,136
98,139
98,142
98,145
98,147
98,148
98,156
98,157
98,158
98,160
98,170
98,171
98,173
98,174
98,176
98,177
98,180
98,187
99,100
99,101
99,102
99,103
99,104
99,105
99,106
99,107
99,108
99,109
99,110
99,111
99,112
99,113
99,117
99,118
99,119
99,120
99,121
99,122
99,124
99,125
99,126
99,127
99,129
99,130
99,131
99,133
99,135
99,137
99,138
99,139
99,140
99,141
99,142
99,143
99,144
99,146
99,147
99,148
99,149
99,151
99,152
99,154
99,156
99,157
99,158
99,159
99,160
99,162
99,164
99,165
99,167
99,168
99,169
99,170
99,173
99,174
99,175
99,176
99,177
99,178
99,179
99,180
99,181
99,184
99,187
99,188
99,189
99,192
99,193
99,196
100,101
100,102
100,103
100,104
100,105
100,106
100,107
100,108
100,109
100,114
100,115
100,116
100,117
100,120
101,104
101,105
101,109
102,103
102,104
102,106
102,107
102,108
102,109
102,110
102,111
102,112
102,113
102,117
102,118
102,120
102,121
102,122
102,123
102,124
102,125
102,126
102,127
102,128
102,131
102,133
102,138
102,139
102,140
102,142
102,144
102,145
102,147
102,149
102,150
102,152
102,154
102,159
102,162
102,164
102,165
102,167
102,169
102,172
102,173
102,174
102,176
102,177
102,178
102,179
102,180
102,181
102,183
102,184
102,188
102,192
102,193
102,196
103,104
103,105
103,106
103,107
103,108
103,112
103,114
103,115
103,116
103,117
103,118
103,124
103,128
103,129
103,130
103,132
103,133
103,135
103,137
103,142
103,143
103,145
103,148
103,150
103,151
103,156
103,157
103,158
103,159
103,160
103,166
103,168
103,171
103,172
103,175
103,176
103,177
103,178
103,180
103,183
103,184
103,187
103,189
104,108
104,109
104,110
104,113
104,114
104,115
104,117
104,118
104,120
104,121
104,122
104,123
104,124
104,130
104,132
104,133
104,135
104,136
104,137
104,139
104,140
104,146
104,147
104,148
104,150
104,151
104,153
104,156
104,157
104,158
104,159
104,160
104,161
104,166
105,106
105,107
105,108
105,109
105,110
105,111
105,113
105,114
105,116
105,117
105,118
105,119
105,120
105,121
105,122
105,124
105,126
105,128
105,130
105,131
105,132
105,133
105,134
105,136
105,137
105,139
105,140
105,141
106,108
106,109
106,110
106,111
106,112
106,113
106,114
106,115
106,116
106,117
106,118
106,119
106,120
106,121
106,122
106,124
106,126
106,127
106,128
106,129
106,132
106,133
106,134
106,136
106,137
106,139
106,140
106,141
106,142
106,145
106,146
106,147
106,148
106,149
106,150
106,153
106,156
106,157
106,159
106,160
106,165
106,166
107,109
107,110
107,111
107,112
107,113
107,125
107,126
107,127
107,131
107,133
107,138
107,144
107,149
107,152
107,154
107,159
107,162
107,164
107,165
107,167
107,169
107,173
107,179
107,181
107,188
107,192
107,193
107,196
108,111
108,112
108,113
108,114
108,115
108,116
108,117
108,118
108,120
108,121
108,122
108,127
108,128
108,130
108,137
108,141
108,142
108,146
108,149
108,150
108,151
108,153
108,156
108,157
108,162
108,165
108,166
108,170
108,171
108,180
108,183
109,110
109,111
109,112
109,113
109,116
109,117
109,119
109,120
109,125
109,126
109,127
109,131
109,133
109,138
109,144
109,149
109,152
109,154
109,159
109,162
109,164
109,165
109,167
109,169
109,173
109,179
109,181
109,188
109,192
109,193
109,196
110,111
110,112
110,113
110,115
110,117
110,118
110,119
110,124
110,125
110,126
110,127
110,130
110,131
110,132
110,133
110,134
110,136
110,137
110,138
110,139
110,144
110,145
110,146
110,149
110,152
110,153
110,154
110,156
110,159
110,160
110,161
110,162
110,164
110,165
110,167
110,169
110,173
110,179
110,181
110,188
110,192
110,193
110,196
111,112
111,113
111,125
111,126
111,127
111,131
111,133
111,138
111,144
111,149
111,152
111,154
111,159
111,162
111,164
111,165
111,167
111,169
111,173
111,179
111,181
111,188
111,192
111,193
111,196
112,113
112,115
112,117
112,118
112,121
112,122
112,124
112,125
112,126
112,127
112,128
112,129
112,130
112,131
112,133
112,135
112,136
112,137
112,138
112,144
112,145
112,146
112,149
112,152
112,154
112,159
112,162
112,164
112,165
112,167
112,169
112,173
112,179
112,181
112,188
112,192
112,193
112,196
113,115
113,116
113,117
113,118
113,122
113,124
113,125
113,126
113,127
113,129
113,130
113,131
113,133
113,134
113,136
113,138
113,144
113,149
113,152
113,154
113,159
113,162
113,164
113,165
113,167
113,169
113,173
113,179
113,181
113,188
113,192
113,193
113,196
114,115
114,116
114,117
114,118
114,119
114,121
114,122
114,123
114,124
114,127
114,128
114,129
114,130
114,131
114,132
114,134
114,136
114,139
114,141
114,145
114,146
114,148
114,157
114,161
114,170
115,116
115,117
115,119
115,120
115,124
115,126
115,127
115,128
115,129
115,130
115,131
115,132
115,134
115,136
115,139
115,140
115,141
115,142
115,143
115,145
115,146
115,147
115,151
115,155
115,159
115,160
115,161
115,162
115,163
115,166
115,169
115,170
115,173
115,174
115,175
115,176
115,183
115,187
116,118
117,118
117,119
117,120
117,123
117,124
117,126
117,127
117,128
117,129
117,130
117,132
117,133
117,134
117,135
117,139
117,142
117,143
117,145
117,147
117,150
117,151
117,153
117,154
117,155
117,158
117,160
117,165
117,166
117,169
117,176
117,177
117,180
117,182
117,187
117,192
118,119
118,121
118,122
118,123
118,124
118,128
118,130
118,132
118,133
118,134
118,136
118,137
118,138
118,139
118,142
118,143
118,146
118,147
118,148
118,150
118,151
118,154
118,155
118,156
118,157
118,158
118,161
118,163
118,164
118,166
118,167
118,168
118,169
118,171
118,174
118,175
118,177
118,182
118,192
120,123
120,124
120,126
120,127
120,128
120,130
120,132
120,133
120,134
120,136
120,141
120,143
120,145
120,146
120,148
120,150
120,156
120,158
120,159
120,161
120,164
120,165
120,167
120,168
120,169
120,170
120,171
120,173
120,177
120,178
120,180
120,182
120,183
120,186
120,189
120,191
120,192
121,122
121,123
121,124
121,125
121,126
121,128
121,129
121,130
121,133
122,123
122,124
122,127
122,129
122,130
122,135
122,137
122,138
122,139
122,141
122,142
122,143
122,145
122,146
122,148
122,150
122,157
122,158
122,159
122,161
122,163
122,165
122,167
122,169
122,170
122,171
122,173
122,187
123,124
123,125
124,125
124,127
124,128
124,129
124,134
124,136
124,137
125,126
125,127
125,128
125,129
125,130
125,131
125,132
125,133
125,136
125,137
125,138
125,139
125,140
125,141
125,144
125,149
125,151
125,152
125,154
125,155
125,156
125,157
125,158
125,159
125,162
125,164
125,165
125,167
125,169
125,173
125,179
125,181
125,188
125,192
125,193
125,196
126,127
126,131
126,133
126,137
126,138
126,139
126,140
126,141
126,142
126,144
126,145
126,146
126,148
126,149
126,150
126,151
126,152
126,153
126,154
126,156
126,159
126,162
126,164
126,165
126,167
126,168
126,169
126,170
126,173
126,174
126,177
126,179
126,180
126,181
126,182
126,183
126,188
126,192
126,193
126,196
127,128
127,129
127,131
127,133
127,134
127,135
127,136
127,137
127,138
127,140
127,142
127,143
127,144
127,145
127,147
127,149
127,151
127,152
127,154
127,159
127,162
127,164
127,165
127,167
127,169
127,173
127,179
127,181
127,188
127,192
127,193
127,196
128,129
128,132
128,135
128,136
128,137
128,139
128,140
128,141
128,142
128,143
128,144
128,145
128,146
128,147
128,151
128,153
128,154
128,155
128,157
128,158
128,159
128,161
128,163
128,164
128,166
128,168
128,174
128,176
128,177
128,178
128,182
128,189
129,133
129,134
129,136
129,137
129,140
129,141
129,142
129,143
129,144
129,145
129,146
129,147
129,148
129,150
129,152
129,153
129,154
129,155
129,159
129,160
129,161
129,162
129,163
129,164
129,166
129,167
129,168
129,169
129,170
129,173
129,174
129,175
129,176
129,177
129,178
129,180
129,182
129,183
129,184
130,132
130,133
130,134
130,135
130,136
130,137
130,138
130,139
130,140
130,142
130,143
130,146
130,147
130,148
130,149
130,150
130,151
130,152
130,153
130,154
130,158
130,160
130,161
130,162
130,163
130,166
130,167
130,169
130,171
131,132
131,133
131,134
131,135
131,136
131,137
131,138
131,140
131,141
131,142
131,144
131,146
131,147
131,149
131,150
131,151
131,152
131,154
131,156
131,159
131,161
131,162
131,164
131,165
131,167
131,168
131,169
131,170
131,172
131,173
131,174
131,175
131,176
131,179
131,180
131,181
131,183
131,184
131,188
131,191
131,192
131,193
131,196
132,135
132,137
132,141
132,144
132,145
132,148
132,149
132,150
132,152
132,154
132,156
132,157
132,158
132,160
132,161
132,162
132,166
132,167
132,170
132,171
132,172
132,174
132,176
132,177
132,180
132,182
132,183
132,186
132,187
132,188
132,191
132,195
133,138
133,140
133,141
133,142
133,144
133,145
133,146
133,147
133,148
133,149
133,150
133,152
133,153
133,154
133,155
133,156
133,158
133,159
133,160
133,162
133,164
133,165
133,167
133,169
133,170
133,171
133,172
133,173
133,174
133,175
133,177
133,178
133,179
133,180
133,181
133,184
133,185
133,186
133,187
133,188
133,192
133,193
133,196
134,138
134,140
134,141
134,142
134,144
134,145
134,148
135,137
135,143
135,144
135,147
135,148
135,149
135,150
135,151
135,152
135,153
135,156
135,157
135,158
135,160
135,161
135,164
135,166
135,167
135,168
135,169
135,172
135,173
135,176
135,177
135,180
135,182
135,183
135,184
135,186
135,187
135,189
135,191
135,192
135,195
136,137
136,138
136,139
136,140
136,143
136,144
136,146
136,148
136,149
136,150
136,152
136,153
136,154
136,156
136,157
136,158
137,140
137,141
137,143
137,145
137,146
137,148
137,149
137,150
137,151
137,152
137,153
137,154
138,139
138,144
138,149
138,152
138,154
138,159
138,162
138,164
138,165
138,167
138,169
138,173
138,179
138,181
138,188
138,192
138,193
138,196
139,140
139,141
139,146
139,147
139,150
139,151
139,152
139,153
139,154
139,156
139,158
139,162
139,163
139,169
139,170
139,173
139,175
139,176
139,186
139,189
139,191
139,192
139,193
139,195
139,197
139,198
140,141
140,142
140,143
140,145
140,146
140,147
140,148
140,149
140,150
140,151
140,153
140,154
140,155
140,156
140,157
140,159
140,164
140,166
140,167
140,170
140,171
140,173
140,175
140,177
140,185
141,142
141,143
141,145
141,146
141,147
141,148
141,149
141,150
141,151
141,152
141,153
141,154
141,155
141,156
141,157
141,158
141,159
141,160
141,162
141,167
141,169
141,172
141,173
141,174
141,175
141,176
141,177
141,184
141,185
141,186
141,187
141,189
141,191
141,192
141,195
141,196
141,198
142,143
142,144
142,145
142,146
142,148
142,150
142,151
142,153
142,154
142,155
142,156
142,158
142,159
142,161
142,162
143,144
143,145
143,146
143,148
143,151
143,152
143,153
143,155
143,156
143,157
143,158
143,159
143,161
143,162
143,168
143,169
143,175
143,177
143,178
144,146
144,147
144,148
144,149
144,150
144,151
144,152
144,154
144,158
144,159
144,160
144,161
144,162
144,164
144,165
144,167
144,169
144,173
144,179
144,181
144,188
144,192
144,193
144,196
145,146
145,147
145,148
145,149
145,151
145,152
145,153
145,154
145,155
145,156
145,157
145,159
145,160
145,161
145,162
145,163
145,164
145,165
145,166
145,168
145,170
145,171
145,172
145,177
145,178
145,187
146,147
146,148
146,150
146,151
146,152
146,154
146,155
146,157
146,159
146,160
146,161
146,163
146,164
146,165
146,167
146,169
146,170
146,171
146,172
146,177
146,178
146,179
146,184
146,185
146,186
146,188
146,197
147,148
147,149
147,150
147,151
147,152
147,153
147,154
147,155
147,156
147,157
147,158
147,159
147,160
147,161
147,162
147,165
147,167
147,168
147,169
147,170
147,172
147,173
147,174
147,175
147,176
147,177
147,178
147,179
147,180
147,184
147,185
147,186
148,149
148,150
148,151
148,152
148,153
148,154
148,155
148,157
148,158
148,159
148,160
148,161
148,162
148,164
148,166
148,168
148,169
148,170
148,171
148,172
149,150
149,151
149,152
149,153
149,154
149,156
149,157
149,158
149,159
149,160
149,161
149,162
149,163
149,164
149,165
149,167
149,168
149,169
149,170
149,171
149,172
149,173
149,176
149,177
149,178
149,179
149,181
149,183
149,184
149,185
149,188
149,192
149,193
149,196
150,151
150,152
150,153
150,154
150,155
150,156
150,158
150,160
150,161
150,162
150,163
150,165
150,166
150,167
150,168
150,169
150,172
150,173
150,176
150,177
150,178
150,179
150,180
150,184
150,185
150,186
150,187
150,189
150,191
150,193
150,195
150,198
151,152
152,153
152,154
152,155
152,156
152,158
152,159
152,162
152,164
152,165
152,166
152,167
152,169
152,173
152,179
152,181
152,188
152,192
152,193
152,196
153,155
153,156
153,157
153,158
154,155
154,157
154,158
154,159
154,160
154,161
154,162
154,164
154,165
154,166
154,167
154,168
154,169
154,170
154,171
154,173
154,174
154,175
154,177
154,179
154,181
154,184
154,185
154,186
154,188
154,192
154,193
154,195
154,196
155,156
155,157
155,158
155,159
155,160
155,161
155,163
156,157
156,158
156,160
156,161
156,163
156,164
156,165
156,166
156,168
156,170
156,171
156,172
156,173
156,174
156,175
157,159
157,160
157,162
157,163
157,164
157,165
157,166
157,167
157,168
157,169
157,171
157,173
157,174
157,175
157,177
157,187
157,189
157,193
157,195
157,198
158,160
158,161
158,162
158,164
158,165
158,166
158,167
158,168
158,169
158,170
158,171
158,172
158,175
158,176
158,177
158,189
158,190
158,191
158,192
158,193
158,195
158,198
159,162
159,164
159,165
159,166
159,167
159,169
159,170
159,171
159,172
159,173
159,175
159,176
159,179
159,181
159,188
159,192
159,193
159,196
160,162
160,163
160,165
160,168
160,169
160,170
160,171
160,174
160,175
160,176
160,177
160,178
160,179
160,180
160,182
160,183
160,187
160,189
160,190
160,191
160,193
160,195
160,198
162,164
162,165
162,167
162,169
162,173
162,175
162,176
162,177
162,179
162,180
162,181
162,183
162,184
162,188
162,189
162,190
162,192
162,193
162,196
163,164
163,168
163,169
163,170
163,174
163,175
163,176
163,177
163,178
163,179
163,180
163,182
163,183
163,184
163,185
163,187
163,188
163,189
163,190
163,191
163,195
163,196
164,165
164,167
164,169
164,171
164,172
164,173
164,174
164,175
164,177
164,178
164,179
164,181
164,183
164,184
164,185
164,187
164,188
164,189
164,190
164,191
164,192
164,193
164,196
165,166
165,167
165,169
165,170
165,171
165,172
165,173
165,175
165,176
165,177
165,178
165,179
165,180
165,181
165,182
165,183
165,185
165,187
165,188
165,190
165,191
165,192
165,193
165,196
166,168
166,169
166,172
166,173
166,174
166,175
166,176
166,178
166,180
166,182
166,184
166,185
166,187
167,169
167,173
167,179
167,181
167,188
167,192
167,193
167,196
168,170
168,172
168,174
168,175
168,177
168,179
168,184
168,185
168,186
168,192
168,198
169,171
169,173
169,174
169,179
169,180
169,181
169,183
169,186
169,188
169,189
169,190
169,191
169,192
169,193
169,195
169,196
169,197
169,198
169,199
171,172
171,174
171,177
171,178
171,179
171,183
171,184
171,186
171,187
171,188
171,189
171,198
172,174
172,176
172,178
172,179
172,181
172,183
172,184
172,186
172,189
172,191
172,192
173,175
173,176
173,177
173,178
173,179
173,181
173,182
173,184
173,185
173,186
173,188
173,189
173,190
173,191
173,192
173,193
173,195
173,196
173,199
174,175
175,176
175,177
175,178
175,182
175,183
175,185
175,186
175,187
175,188
175,189
175,192
175,195
175,196
175,198
176,177
176,178
176,180
176,182
176,183
176,184
176,185
176,187
176,188
176,189
176,190
177,179
177,180
177,182
177,183
177,184
177,186
177,187
177,188
177,189
177,190
177,192
177,194
177,195
177,196
177,197
177,198
178,179
178,180
178,183
178,186
178,187
178,188
178,190
178,191
178,195
178,196
178,197
178,199
179,180
179,181
179,188
179,192
179,193
179,196
180,181
180,182
180,183
180,187
180,188
180,190
180,191
180,192
180,197
180,198
180,199
181,182
181,183
181,185
181,188
181,191
181,192
181,193
181,194
181,195
181,196
181,198
181,199
182,183
182,186
182,187
182,189
182,190
182,191
182,194
182,195
182,196
182,198
183,186
183,187
183,188
183,191
183,194
183,195
183,196
183,197
184,186
184,187
184,188
184,189
184,191
184,196
184,197
184,198
185,186
185,187
185,188
185,189
185,190
185,194
185,196
185,197
185,198
186,187
186,188
186,189
186,190
186,194
186,195
186,196
186,197
187,189
187,190
187,191
187,196
187,197
187,198
188,189
188,191
188,192
188,193
188,195
188,196
188,197
188,198
188,199
189,190
189,191
189,192
189,194
189,195
189,196
189,197
189,198
189,199
190,191
190,192
190,196
190,197
190,198
190,199
191,192
191,193
191,195
191,196
191,197
191,199
192,193
192,194
192,196
192,197
192,198
192,199
193,194
193,195
193,196
193,197
193,198
193,199
194,196
194,198
194,199
195,196
195,197
195,198
196,197
196,198
196,199
197,199
198,199
