0,1
0,2
0,3
0,4
0,5
0,6
0,7
0,8
0,9
0,10
0,11
0,12
0,13
0,14
0,15
0,16
0,17
0,18
0,19
0,20
0,21
0,22
0,23
0,24
0,25
0,26
0,27
0,28
0,29
0,30
0,31
0,32
0,33
0,34
0,35
0,36
1,2
1,3
1,4
1,5
1,6
1,7
1,8
1,9
1,10
1,11
1,12
1,13
1,14
1,15
1,16
1,17
1,18
1,19
1,20
1,21
1,22
1,23
1,24
1,25
1,26
1,27
1,28
1,29
1,30
1,31
1,32
1,33
1,34
1,35
1,36
2,3
2,4
2,5
2,6
2,7
2,8
2,9
2,10
2,11
2,12
2,13
2,14
2,15
2,16
2,17
2,18
2,19
2,20
2,21
2,22
2,23
2,24
2,25
2,26
2,27
2,28
2,29
2,30
2,31
2,32
2,33
2,34
2,35
2,36
3,4
3,5
3,6
3,7
3,8
3,9
3,10
3,11
3,12
3,13
3,14
3,15
3,16
3,17
3,18
3,19
3,20
3,21
3,22
3,23
3,24
3,25
3,26
3,27
3,28
3,29
3,30
3,31
3,32
3,33
3,34
3,35
3,36
4,5
4,6
4,7
4,8
4,9
4,10
4,11
4,12
4,13
4,14
4,15
4,16
4,17
4,18
4,19
4,20
4,21
4,22
4,23
4,24
4,25
4,26
4,27
4,28
4,29
4,30
4,31
4,32
4,33
4,34
4,35
4,36
5,6
5,7
5,8
5,9
5,10
5,11
5,12
5,13
5,14
5,15
5,16
5,17
5,18
5,19
5,20
5,21
5,22
5,23
5,24
5,25
5,26
5,27
5,28
5,29
5,30
5,31
5,32
5,33
5,34
5,35
5,36
6,7
6,8
6,9
6,10
6,11
6,12
6,13
6,14
6,15
6,16
6,17
6,18
6,19
6,20
6,21
6,22
6,23
6,24
6,25
6,26
6,27
6,28
6,29
6,30
6,31
6,32
6,33
6,34
6,35
6,36
7,8
7,9
7,10
7,11
7,12
7,13
7,14
7,15
7,16
7,17
7,18
7,19
7,20
7,21
7,22
7,23
7,24
7,25
7,26
7,27
7,28
7,29
7,30
7,31
7,32
7,33
7,34
7,35
7,36
8,9
8,10
8,11
8,12
8,13
8,14
8,15
8,16
8,17
8,18
8,19
8,20
8,21
8,22
8,23
8,24
8,25
8,26
8,27
8,28
8,29
8,30
8,31
8,32
8,33
8,34
8,35
9,10
9,11
9,12
9,13
9,14
9,15
9,16
9,17
9,18
9,19
9,20
9,21
9,22
9,23
9,24
9,25
9,26
9,27
9,28
9,29
9,30
9,31
9,32
9,33
9,34
9,35
9,36
9,39
9,40
9,41
9,52
9,57
9,60
9,61
9,64
9,67
9,71
9,77
9,78
9,95
9,100
9,103
9,112
9,113
9,115
9,127
9,137
9,144
9,146
9,149
9,152
9,154
9,163
9,166
9,170
9,172
9,180
9,189
10,11
10,12
10,13
10,14
10,15
10,16
10,17
10,18
10,19
10,20
10,21
10,22
10,23
10,24
10,25
10,26
10,27
10,28
10,29
10,30
10,31
10,32
10,33
10,34
10,35
10,36
11,12
11,13
11,14
11,15
11,16
11,17
11,18
11,19
11,20
11,21
11,22
11,23
11,24
11,25
11,26
11,27
11,28
11,29
11,30
11,31
11,32
11,33
11,34
11,35
11,36
12,13
12,14
12,15
12,16
12,17
12,18
12,19
12,20
12,21
12,22
12,23
12,24
12,25
12,26
12,27
12,28
12,29
12,30
12,31
12,32
12,33
12,34
12,35
12,36
13,14
13,15
13,16
13,17
13,18
13,19
13,20
13,21
13,22
13,23
13,24
13,25
13,26
13,27
13,28
13,29
13,30
13,31
13,32
13,33
13,34
13,35
13,36
14,15
14,16
14,17
14,18
14,19
14,20
14,21
14,22
14,23
14,24
14,25
14,26
14,27
14,28
14,29
14,30
14,31
14,32
14,33
14,34
14,35
14,36
15,16
15,17
15,18
15,19
15,20
15,21
15,22
15,23
15,24
15,25
15,26
15,27
15,28
15,29
15,30
15,31
15,32
15,33
15,34
15,35
15,36
15,39
15,40
15,41
15,52
15,57
15,60
15,61
15,64
15,67
15,71
15,77
15,78
15,95
15,100
15,103
15,112
15,113
15,115
15,127
15,137
15,144
15,146
15,149
15,152
15,154
15,163
15,166
15,170
15,172
15,180
15,189
16,17
16,18
16,19
16,20
16,21
16,22
16,23
16,24
16,25
16,26
16,27
16,28
16,29
16,30
16,31
16,32
16,33
16,34
16,35
16,36
17,18
17,19
17,20
17,21
17,22
17,23
17,24
17,25
17,26
17,27
17,28
17,29
17,30
17,31
17,32
17,33
17,34
17,35
17,36
18,19
18,20
18,21
18,22
18,23
18,24
18,25
18,26
18,27
18,28
18,29
18,30
18,31
18,32
18,33
18,34
18,35
18,36
19,20
19,21
19,22
19,23
19,24
19,25
19,26
19,27
19,28
19,29
19,30
19,31
19,32
19,33
19,34
19,35
19,36
19,39
19,40
19,41
19,52
19,57
19,60
19,61
19,64
19,67
19,71
19,77
19,78
19,95
19,100
19,103
19,112
19,113
19,115
19,127
19,137
19,144
19,146
19,149
19,152
19,154
19,163
19,166
19,170
19,172
19,180
19,189
20,21
20,22
20,23
20,24
20,25
20,26
20,27
20,28
20,29
20,30
20,31
20,32
20,33
20,34
20,35
20,36
21,22
21,23
21,24
21,25
21,26
21,27
21,28
21,29
21,30
21,31
21,32
21,33
21,34
21,35
21,36
22,23
22,24
22,25
22,26
22,27
22,28
22,29
22,30
22,31
22,32
22,33
22,34
22,35
22,36
22,39
22,40
22,41
22,52
22,57
22,60
22,61
22,64
22,67
22,71
22,77
22,78
22,95
22,100
22,103
22,112
22,113
22,115
22,127
22,137
22,144
22,146
22,149
22,152
22,154
22,163
22,166
22,170
22,172
22,180
22,189
23,24
23,25
23,26
23,27
23,28
23,29
23,30
23,31
23,32
23,33
23,34
23,35
23,36
23,39
23,40
23,41
23,52
23,57
23,60
23,61
23,64
23,67
23,71
23,77
23,78
23,95
23,100
23,103
23,112
23,113
23,115
23,127
23,137
23,144
23,146
23,149
23,152
23,154
23,163
23,166
23,170
23,172
23,180
23,189
24,25
24,26
24,27
24,28
24,29
24,30
24,31
24,32
24,33
24,34
24,35
24,36
25,26
25,27
25,28
25,29
25,30
25,31
25,32
25,33
25,34
25,35
25,36
26,27
26,28
26,29
26,30
26,31
26,32
26,33
26,34
26,35
26,36
27,28
27,29
27,30
27,31
27,32
27,33
27,34
27,35
27,36
28,29
28,30
28,31
28,32
28,33
28,34
28,35
28,36
28,39
28,40
28,41
28,52
28,57
28,60
28,61
28,64
28,67
28,71
28,77
28,78
28,95
28,100
28,103
28,112
28,113
28,115
28,127
28,137
28,144
28,146
28,149
28,152
28,154
28,163
28,166
28,170
28,172
28,180
28,189
29,30
29,31
29,32
29,33
29,34
29,35
29,36
30,31
30,32
30,33
30,34
30,35
30,36
31,32
31,33
31,34
31,35
31,36
32,33
32,34
32,35
32,36
33,34
33,35
33,36
34,35
34,36
35,36
39,40
39,41
39,52
39,57
39,60
39,61
39,64
39,67
39,71
39,77
39,78
39,95
39,100
39,103
39,112
39,113
39,115
39,127
39,137
39,144
39,146
39,149
39,152
39,154
39,163
39,166
39,170
39,172
39,180
39,189
40,41
40,52
40,57
40,60
40,61
40,64
40,67
40,71
40,77
40,78
40,95
40,100
40,103
40,112
40,113
40,115
40,127
40,137
40,144
40,146
40,149
40,152
40,154
40,163
40,166
40,170
40,172
40,180
40,189
41,52
41,57
41,60
41,61
41,64
41,67
41,71
41,77
41,78
41,95
41,100
41,103
41,112
41,113
41,115
41,127
41,137
41,144
41,146
41,149
41,152
41,154
41,163
41,166
41,170
41,172
41,180
41,189
52,57
52,60
52,61
52,64
52,67
52,71
52,77
52,78
52,95
52,100
52,103
52,112
52,113
52,115
52,127
52,137
52,144
52,146
52,149
52,152
52,154
52,163
52,166
52,170
52,172
52,180
52,189
57,60
57,61
57,64
57,67
57,71
57,77
57,78
57,80
57,82
57,84
57,86
57,90
57,95
57,100
57,103
57,112
57,113
57,115
57,127
57,137
57,144
57,146
57,149
57,152
57,154
57,163
57,166
57,170
57,172
57,180
57,189
58,59
58,61
58,62
58,65
58,68
58,69
58,70
58,71
58,72
58,73
58,74
58,76
58,78
58,82
58,83
58,86
58,92
58,97
59,60
59,61
59,62
59,64
59,65
59,66
59,68
59,69
60,61
60,63
60,64
60,65
60,66
60,67
60,68
60,69
60,70
60,71
60,72
60,73
60,74
60,77
60,78
60,95
60,100
60,103
60,112
60,113
60,115
60,127
60,137
60,144
60,146
60,149
60,152
60,154
60,163
60,166
60,170
60,172
60,180
60,189
61,62
61,63
61,64
61,65
61,66
61,67
61,68
61,69
61,70
61,71
61,72
61,73
61,74
61,77
61,78
61,95
61,100
61,103
61,112
61,113
61,115
61,127
61,137
61,144
61,146
61,149
61,152
61,154
61,163
61,166
61,170
61,172
61,180
61,189
62,63
62,64
62,65
62,66
62,67
62,68
62,69
62,70
62,71
62,72
62,73
62,74
62,75
62,76
62,81
62,83
62,84
62,85
62,86
62,90
62,96
62,123
63,64
64,65
64,66
64,67
64,68
64,70
64,71
64,72
64,73
64,74
64,75
64,77
64,78
64,80
64,81
64,83
64,84
64,85
64,86
64,95
64,100
64,103
64,112
64,113
64,115
64,127
64,137
64,144
64,146
64,149
64,152
64,154
64,163
64,166
64,170
64,172
64,180
64,189
65,66
65,67
65,69
65,70
65,73
65,75
65,76
65,78
65,81
65,82
66,67
66,68
66,69
66,70
66,71
66,73
66,74
66,76
66,78
66,81
66,82
66,83
66,84
66,85
66,86
66,90
66,92
66,98
67,68
67,69
67,70
67,71
67,72
67,73
67,74
67,77
67,78
67,79
67,80
67,81
67,82
67,83
67,85
67,86
67,90
67,92
67,95
67,96
67,97
67,98
67,99
67,100
67,103
67,112
67,113
67,115
67,123
67,124
67,127
67,137
67,144
67,146
67,149
67,152
67,154
67,163
67,166
67,170
67,172
67,180
67,189
68,69
68,70
68,71
68,72
68,73
68,74
68,75
68,76
68,78
68,79
68,80
68,81
68,82
68,83
68,85
68,86
68,87
68,90
68,91
68,92
68,96
68,98
68,99
69,71
69,72
69,73
69,74
69,75
69,77
69,78
69,79
69,80
69,81
69,82
69,83
69,84
70,71
70,72
70,73
70,74
70,76
70,77
70,78
70,79
70,81
70,83
70,84
70,85
70,86
70,87
70,89
70,90
70,91
70,92
70,93
70,96
70,97
70,98
70,99
70,109
71,72
71,74
71,75
71,76
71,77
71,78
71,79
71,80
71,81
71,82
71,83
71,84
71,85
71,86
71,87
71,89
71,90
71,91
71,92
71,93
71,95
71,100
71,103
71,112
71,113
71,115
71,127
71,137
71,144
71,146
71,149
71,152
71,154
71,163
71,166
71,170
71,172
71,180
71,189
73,74
73,75
73,76
73,77
73,79
73,80
73,81
73,83
73,84
73,85
73,87
73,89
73,90
73,91
73,92
73,93
73,94
73,97
73,98
73,99
73,109
73,110
74,75
74,76
74,77
74,79
74,80
74,81
74,82
74,83
74,84
74,85
74,86
74,87
74,89
74,90
74,92
74,93
74,94
74,96
74,97
74,98
74,99
74,109
74,110
74,119
74,123
74,124
75,76
75,77
75,78
75,80
75,81
75,82
75,83
75,84
75,85
75,87
75,88
75,89
75,90
75,91
75,92
75,93
75,94
75,95
75,96
75,97
75,98
75,102
76,79
76,80
76,81
76,82
76,83
76,84
76,85
76,86
76,87
76,88
76,91
76,92
76,93
76,94
76,95
76,96
76,98
76,103
76,105
76,110
76,119
76,123
76,124
76,131
77,78
77,79
77,81
77,82
77,83
77,84
77,85
77,86
77,87
77,88
77,89
77,90
77,91
77,92
77,93
77,94
77,95
77,96
77,97
77,99
77,100
77,102
77,103
77,105
77,109
77,110
77,111
77,112
77,113
77,115
77,119
77,122
77,123
77,127
77,128
77,131
77,137
77,144
77,146
77,149
77,152
77,154
77,163
77,166
77,170
77,172
77,180
77,189
78,79
78,80
78,81
78,82
78,83
78,84
78,86
78,89
78,90
78,91
78,92
78,93
78,95
78,96
78,97
78,98
78,100
78,103
78,104
78,105
78,109
78,110
78,111
78,112
78,113
78,115
78,121
78,122
78,123
78,124
78,127
78,131
78,137
78,144
78,146
78,149
78,152
78,154
78,163
78,166
78,170
78,172
78,180
78,189
79,80
79,81
79,82
79,83
79,84
79,85
79,86
79,87
79,88
79,89
79,90
79,91
79,92
79,93
79,94
79,95
79,96
79,97
79,98
79,99
79,101
79,102
79,103
79,104
79,105
79,106
79,109
79,110
79,111
79,114
79,119
79,121
79,122
79,123
79,124
80,81
80,82
80,83
80,84
80,87
80,88
80,90
80,91
80,92
80,93
81,82
81,83
81,84
81,88
81,90
81,92
81,93
81,94
81,95
81,97
81,101
81,102
81,104
81,105
81,106
81,107
81,109
81,110
81,111
81,114
81,121
81,122
81,123
82,83
82,84
82,85
82,86
82,87
82,88
83,87
83,88
83,89
83,90
83,91
83,92
83,93
83,94
85,88
85,89
85,90
85,91
85,92
85,93
85,94
85,96
85,99
85,101
85,104
85,105
85,107
85,109
85,110
86,89
87,89
87,90
87,91
87,92
87,93
87,94
87,95
87,96
87,97
87,98
87,101
87,102
87,105
87,106
88,89
88,90
88,91
88,93
88,94
88,95
88,96
88,97
88,98
88,101
88,102
88,103
88,105
88,106
88,109
88,110
88,111
88,112
88,113
88,114
89,90
89,91
89,93
89,94
89,95
89,96
89,97
89,98
89,99
89,101
89,103
90,91
91,92
91,93
91,94
91,96
91,97
92,93
92,94
92,95
92,96
92,97
92,98
92,102
92,103
92,104
92,105
92,108
92,109
92,111
92,113
92,114
92,121
93,94
93,95
93,96
93,97
93,98
93,99
93,100
93,101
93,102
93,103
93,104
93,105
93,108
93,109
93,111
93,112
93,114
93,119
93,121
93,122
93,124
93,128
94,95
94,96
94,98
94,100
94,101
94,103
94,104
94,105
94,107
94,108
94,109
94,110
94,111
94,112
94,113
94,114
94,122
94,124
94,126
94,128
95,96
95,97
95,98
95,99
95,100
95,103
95,112
95,113
95,115
95,127
95,137
95,144
95,146
95,149
95,152
95,154
95,163
95,166
95,170
95,172
95,180
95,189
96,98
96,99
96,101
96,102
96,104
96,105
96,106
96,107
96,109
96,111
96,112
96,113
96,114
96,115
96,116
96,121
96,122
96,123
96,124
96,126
97,98
97,99
97,100
97,101
97,102
97,103
97,104
97,105
97,107
97,108
97,109
97,110
97,111
97,112
97,113
97,114
97,115
97,116
97,117
97,121
97,123
97,124
97,126
97,128
97,136
98,99
98,100
98,102
98,103
98,104
98,105
98,106
98,107
98,108
98,109
98,110
98,111
98,112
98,113
98,114
98,115
98,116
98,117
98,119
98,121
98,122
98,123
98,126
98,128
98,130
98,131
98,136
98,139
98,142
98,147
98,153
99,100
99,101
99,102
99,103
99,106
99,107
99,109
99,112
99,113
99,115
99,116
99,118
99,119
99,121
100,101
100,102
100,103
100,104
100,105
100,106
100,107
100,112
100,113
100,115
100,127
100,137
100,144
100,146
100,149
100,152
100,154
100,163
100,166
100,170
100,172
100,180
100,189
102,103
102,106
102,107
102,108
102,113
102,116
102,117
102,118
102,119
102,121
102,122
102,123
102,124
102,128
102,130
102,142
103,108
103,109
103,110
103,111
103,112
103,113
103,115
103,127
103,137
103,144
103,146
103,149
103,152
103,154
103,163
103,166
103,170
103,172
103,180
103,189
104,105
104,106
104,107
104,108
104,110
104,111
104,112
104,113
104,114
104,115
104,117
104,118
104,120
104,121
104,122
104,123
104,127
104,130
104,136
104,139
104,142
104,147
105,106
105,107
105,108
105,109
105,110
105,113
105,115
105,116
105,117
106,107
106,108
106,109
106,110
106,111
106,112
106,113
106,114
106,115
106,117
106,118
106,119
106,120
106,121
106,122
106,123
106,124
106,126
106,127
106,128
106,130
106,131
106,136
106,139
106,142
106,147
107,108
107,110
107,111
107,112
107,113
107,114
108,109
108,110
108,111
108,112
108,113
108,114
108,116
108,117
108,118
108,121
108,122
108,123
108,124
109,110
109,111
109,112
109,113
109,115
109,117
109,118
109,121
109,122
109,123
109,124
109,125
109,127
110,112
110,114
110,115
110,119
110,120
110,121
110,126
110,127
110,129
110,130
110,131
110,133
110,136
110,142
110,143
110,147
110,153
111,112
111,113
111,115
111,116
111,117
111,118
111,119
111,120
111,121
111,122
111,123
111,125
111,126
111,127
111,128
111,130
111,131
111,136
111,142
112,113
112,114
112,115
112,116
112,117
112,118
112,120
112,121
112,122
112,123
112,124
112,125
112,126
112,127
112,128
112,129
112,130
112,131
112,132
112,137
112,144
112,146
112,149
112,152
112,154
112,163
112,166
112,170
112,172
112,180
112,189
113,114
113,115
113,116
113,117
113,118
113,119
113,120
113,121
113,122
113,123
113,124
113,125
113,126
113,127
113,128
113,129
113,130
113,131
113,132
113,136
113,137
113,140
113,142
113,144
113,146
113,147
113,149
113,152
113,154
113,163
113,166
113,170
113,172
113,180
113,189
114,115
114,117
114,118
114,119
114,120
114,121
114,122
115,117
115,118
115,119
115,121
115,122
115,123
115,124
115,125
115,127
115,128
115,130
115,131
115,132
115,137
115,139
115,140
115,142
115,143
115,144
115,146
115,147
115,149
115,152
115,154
115,163
115,166
115,170
115,172
115,180
115,189
116,118
116,119
116,120
117,118
117,120
117,121
117,122
117,123
117,124
117,125
117,126
117,128
117,131
117,133
117,136
117,139
117,140
117,142
117,147
118,119
118,121
118,123
118,124
118,125
118,128
118,132
118,133
118,134
118,136
118,139
118,142
118,143
118,144
118,148
118,153
119,120
119,121
119,122
119,124
119,125
119,126
119,128
119,129
119,130
119,131
119,132
119,133
119,134
119,139
119,140
119,141
119,142
119,144
119,147
119,148
119,153
120,122
120,123
120,124
120,125
120,126
120,128
120,131
120,133
120,134
120,138
120,139
120,140
120,141
120,142
120,143
120,145
121,122
121,123
121,124
121,125
121,126
121,128
121,129
121,130
121,131
121,132
121,133
121,136
121,138
121,139
121,140
121,143
121,145
121,147
121,148
121,153
122,123
122,124
122,128
122,129
122,133
122,136
122,139
122,140
122,141
122,142
122,143
122,144
122,145
122,147
122,148
122,153
122,161
123,124
123,125
123,126
123,127
123,129
123,131
123,132
123,136
123,138
123,139
123,140
123,141
123,142
123,143
123,144
123,145
123,147
123,148
123,161
124,127
124,128
124,130
124,131
124,132
124,133
124,134
124,136
124,137
124,138
124,139
124,140
124,141
124,142
124,144
124,145
124,147
124,148
124,150
124,153
124,154
124,162
125,126
125,127
125,128
125,129
125,130
125,131
125,132
125,133
126,127
126,128
126,129
126,131
126,132
126,133
127,128
127,129
127,130
127,131
127,133
127,134
127,136
127,137
127,138
127,139
127,140
127,141
127,142
127,143
127,144
127,146
127,149
127,152
127,154
127,157
127,161
127,163
127,166
127,170
127,172
127,180
127,189
128,130
128,131
128,132
128,133
128,134
128,136
128,137
128,138
128,140
128,141
128,142
128,144
128,145
128,147
128,148
128,150
128,151
128,156
128,157
128,161
128,162
129,130
129,133
129,134
129,135
129,137
129,138
129,139
129,141
129,142
129,143
129,147
129,148
129,150
129,151
129,154
129,155
129,156
129,157
129,161
129,163
130,131
130,133
130,135
130,136
130,137
130,138
130,140
131,134
131,135
131,136
131,137
131,138
131,139
131,142
131,143
131,144
131,145
132,133
132,134
132,135
132,138
132,139
132,140
132,141
132,142
132,143
132,147
132,148
132,150
132,151
132,153
132,157
132,158
132,159
132,161
132,162
133,134
133,135
133,136
133,137
133,139
134,135
134,136
134,137
135,137
135,138
135,139
135,140
135,141
135,142
135,143
136,137
136,139
136,140
136,141
136,142
136,143
136,144
136,147
136,148
136,150
136,155
136,157
136,161
136,162
136,163
136,169
136,178
137,138
137,139
137,140
137,141
137,142
137,143
137,144
137,146
137,147
137,148
137,149
137,150
137,151
137,152
137,154
137,155
137,157
137,163
137,166
137,170
137,172
137,180
137,189
139,140
139,142
139,144
139,145
139,147
139,148
139,150
139,151
139,152
139,153
139,155
139,158
140,141
140,142
140,143
140,144
140,145
140,147
140,149
140,150
140,151
140,152
140,153
140,154
140,159
140,161
140,163
140,169
140,171
141,142
141,143
141,144
141,145
141,147
142,143
142,144
142,145
142,147
142,148
142,150
142,151
142,152
142,153
142,154
142,155
142,157
142,163
142,165
143,144
143,145
143,147
143,148
143,150
143,151
143,153
143,154
143,155
143,157
143,159
143,160
143,161
143,162
143,163
143,164
143,165
143,168
143,169
143,171
143,178
144,146
144,147
144,148
144,149
144,150
144,151
144,152
144,153
144,154
144,157
144,158
144,159
144,160
144,161
144,163
144,165
144,166
144,167
144,168
144,169
144,170
144,172
144,180
144,189
145,147
145,148
145,150
145,151
145,152
145,153
145,155
145,157
145,158
145,159
145,160
145,161
146,149
146,151
146,152
146,154
146,156
146,157
146,158
146,159
146,163
146,166
146,170
146,172
146,180
146,189
147,148
147,150
147,151
147,152
147,153
147,154
147,155
147,156
147,158
147,159
147,161
147,163
147,165
147,166
147,171
147,173
147,178
147,183
148,149
148,150
148,151
148,152
148,153
148,154
148,155
148,156
148,157
148,158
148,159
148,161
148,162
148,163
148,164
148,166
148,168
148,171
148,173
148,174
148,178
149,150
149,151
149,152
149,153
149,154
149,155
149,156
149,157
149,158
149,159
149,160
149,161
149,162
149,163
149,164
149,165
149,166
149,167
149,168
149,169
149,170
149,171
149,172
149,173
149,174
149,180
149,189
150,151
150,152
150,154
150,155
150,156
150,157
150,158
150,159
150,161
150,162
150,163
150,164
150,165
150,167
150,168
150,169
150,171
150,173
150,174
150,178
151,152
151,154
151,156
151,157
151,158
151,159
151,160
151,161
151,162
152,153
152,154
152,156
152,159
152,160
152,161
152,162
152,163
152,164
152,165
152,166
152,170
152,172
152,180
152,189
153,155
153,156
153,157
153,158
153,159
153,160
153,161
153,162
153,163
153,164
153,165
153,166
153,168
153,173
153,174
153,178
153,183
154,155
154,156
154,158
154,159
154,160
154,162
154,163
154,164
154,166
154,167
154,168
154,170
154,171
154,172
154,173
154,174
154,175
154,176
154,180
154,183
154,184
154,188
154,189
154,192
155,157
155,158
155,159
155,160
155,161
155,163
155,164
155,165
155,166
155,167
155,168
155,171
155,172
156,157
156,158
156,159
156,160
156,161
156,162
156,163
156,164
156,165
156,166
156,167
156,168
156,169
156,170
156,171
156,172
156,173
156,176
156,183
156,184
156,185
156,188
156,192
157,158
157,159
157,160
157,161
157,162
157,163
157,164
157,165
157,166
157,167
157,168
157,170
157,171
157,172
157,173
157,174
157,175
157,178
157,185
157,188
157,192
158,159
158,162
158,163
158,164
158,165
158,166
158,167
158,168
158,169
158,170
158,171
158,172
158,175
158,176
158,179
158,184
158,185
159,160
159,161
159,162
159,163
159,164
159,165
159,166
159,167
159,168
159,169
159,170
159,171
159,172
159,173
159,174
159,175
159,176
159,178
159,179
159,183
159,185
159,188
159,189
161,162
161,163
161,164
161,165
161,167
161,168
161,169
161,170
161,171
161,172
161,173
161,174
161,175
161,178
161,179
161,180
162,163
162,164
162,165
162,166
162,167
162,169
162,170
162,171
162,173
162,175
162,177
162,179
162,180
162,182
162,183
162,185
162,197
163,164
163,165
163,166
163,167
163,168
163,169
163,170
163,172
163,175
163,176
163,177
163,178
163,179
163,180
163,189
164,166
164,167
164,169
164,170
164,171
164,173
164,174
164,176
164,177
164,178
164,179
164,180
164,182
164,183
164,185
164,189
164,192
165,166
165,167
165,168
165,171
165,172
165,173
165,174
165,175
165,176
165,177
165,179
165,180
165,181
165,182
165,183
165,184
165,185
165,188
165,189
165,190
165,192
165,193
165,197
165,199
166,167
166,168
166,170
166,171
166,172
166,173
166,174
166,175
166,176
166,177
166,178
166,179
166,180
166,181
166,182
166,183
166,189
167,168
167,170
167,174
167,175
167,176
167,177
167,179
167,180
167,181
167,182
167,183
167,184
167,185
168,169
168,170
168,171
168,173
168,174
168,175
168,176
168,177
168,179
168,182
168,183
168,184
168,185
168,186
168,188
168,192
168,193
168,197
169,170
169,173
169,174
169,175
169,177
169,178
169,179
169,180
169,181
169,182
169,183
169,184
169,185
169,186
169,187
169,188
169,189
169,190
169,192
169,194
169,197
169,199
170,172
170,180
170,189
171,172
171,173
171,174
171,176
171,177
171,178
171,179
171,180
171,181
171,182
171,183
171,184
171,185
171,186
171,187
171,188
171,189
171,191
171,192
171,194
171,197
171,198
171,199
172,176
172,177
172,178
172,180
172,182
172,183
172,184
172,185
172,186
172,187
172,189
173,174
173,175
173,176
173,177
173,178
173,179
173,182
173,183
173,184
173,185
173,186
173,187
173,188
173,189
173,192
173,193
174,175
174,176
174,177
174,178
174,179
176,177
176,178
176,179
176,180
176,182
176,183
176,184
176,185
176,189
176,192
176,193
176,194
176,196
176,197
176,199
177,178
177,180
177,181
177,184
177,185
177,186
177,187
177,188
177,189
177,190
177,191
177,192
177,193
177,194
177,196
177,197
177,199
178,179
178,180
178,181
178,182
178,183
178,184
178,185
178,187
178,188
178,190
178,192
178,193
178,194
178,197
178,198
179,180
179,181
179,182
179,183
179,184
179,187
179,188
179,189
179,191
179,192
179,193
179,194
179,196
179,197
179,198
180,181
180,182
180,184
180,185
180,187
180,188
180,189
180,190
180,191
180,193
180,194
180,196
180,197
180,198
180,199
181,182
181,184
181,185
181,186
181,189
181,190
181,191
181,192
181,196
181,197
181,198
181,199
182,183
182,184
182,185
182,186
182,187
182,189
182,190
182,191
182,192
182,193
182,194
182,195
182,197
182,198
182,199
183,184
183,185
183,186
183,187
183,189
183,191
183,192
183,193
183,195
183,196
183,197
183,198
183,199
184,186
184,187
184,188
184,189
184,190
184,191
184,193
184,194
184,195
184,196
184,197
184,198
185,186
185,187
185,188
185,189
185,191
185,192
185,193
185,194
185,195
185,196
185,199
186,187
186,188
187,188
187,189
187,190
187,191
187,192
187,196
187,197
188,189
188,191
188,192
188,194
188,195
188,196
188,197
188,198
189,190
190,191
190,192
190,194
190,195
190,196
190,198
191,192
192,194
192,195
192,197
192,198
193,197
193,198
193,199
194,195
194,196
194,197
194,198
194,199
196,198
196,199
197,198
198,199
