0,1
0,2
0,3
0,4
0,5
0,6
0,7
0,8
0,9
0,10
0,11
0,12
0,13
0,14
0,15
0,16
0,17
0,18
0,19
0,20
0,44
0,45
1,2
1,3
1,4
1,5
1,6
1,7
1,8
1,9
1,10
1,11
1,12
1,13
1,14
1,15
1,16
1,17
1,18
1,19
1,20
2,3
2,4
2,5
2,6
2,7
2,8
2,9
2,10
2,11
2,12
2,13
2,14
2,15
2,16
2,17
2,18
2,19
2,20
2,35
2,36
2,39
2,49
2,53
2,67
2,75
2,98
2,114
2,115
2,124
2,128
2,148
2,151
2,161
2,169
2,174
2,190
3,4
3,5
3,6
3,7
3,8
3,9
3,10
3,11
3,12
3,13
3,14
3,15
3,16
3,17
3,18
3,19
3,20
3,43
3,44
3,45
4,5
4,6
4,7
4,8
4,9
4,10
4,11
4,12
4,13
4,14
4,15
4,16
4,17
4,18
4,19
4,20
4,33
4,36
4,42
4,43
4,44
4,45
4,46
4,48
5,6
5,7
5,8
5,9
5,10
5,11
5,12
5,13
5,14
5,15
5,16
5,17
5,18
5,19
5,20
5,25
5,28
5,30
5,35
5,36
5,39
5,49
5,53
5,67
5,75
5,98
5,114
5,115
5,124
5,128
5,148
5,151
5,161
5,169
5,174
5,190
6,7
6,8
6,9
6,10
6,11
6,12
6,13
6,14
6,15
6,16
6,17
6,18
6,19
6,20
6,28
6,30
6,31
6,33
6,35
6,36
6,38
6,41
6,42
6,43
6,45
6,46
6,47
6,48
6,49
6,50
6,51
6,61
6,66
6,75
7,8
7,9
7,10
7,11
7,12
7,13
7,14
7,15
7,16
7,17
7,18
7,19
7,20
7,24
7,25
7,27
7,28
7,29
7,30
7,31
7,32
7,33
7,34
7,35
7,36
7,38
7,39
7,41
7,42
7,43
7,44
7,45
7,46
7,47
7,48
7,49
7,50
7,51
8,9
8,10
8,11
8,12
8,13
8,14
8,15
8,16
8,17
8,18
8,19
9,10
9,11
9,12
9,13
9,14
9,15
9,16
9,17
9,18
9,19
9,20
10,11
10,12
10,13
10,14
10,15
10,16
10,17
10,18
10,19
10,20
10,34
10,35
10,36
10,37
10,38
10,40
10,41
11,12
11,13
11,14
11,15
11,16
11,17
11,18
11,19
11,20
11,23
11,24
11,25
11,26
11,27
11,28
11,30
11,31
11,32
11,33
11,34
11,35
11,36
11,37
11,38
11,39
11,40
11,41
11,42
11,43
11,44
11,45
11,46
11,47
11,48
11,49
11,50
11,51
11,52
11,54
11,55
11,57
11,58
12,13
12,14
12,15
12,16
12,17
12,18
12,19
12,20
13,14
13,15
13,16
13,17
13,18
13,19
13,20
14,15
14,16
14,17
14,18
14,19
14,20
14,23
14,24
14,26
14,27
14,29
14,30
14,31
14,32
14,33
14,34
14,35
14,36
14,37
14,38
14,39
14,40
14,41
14,42
14,43
14,44
14,45
14,46
14,47
14,48
14,49
14,50
14,51
14,52
14,53
14,54
14,55
14,56
14,57
14,58
14,60
14,62
14,65
14,66
14,67
14,73
14,75
14,76
14,77
14,80
14,82
15,16
15,17
15,18
15,19
15,20
15,24
15,26
15,27
15,28
15,29
15,30
15,31
15,32
15,33
15,34
15,35
15,36
15,37
15,39
15,40
15,41
15,42
15,43
15,44
15,45
15,46
15,47
15,48
15,49
15,50
15,51
15,52
15,53
15,54
15,55
15,56
15,57
15,58
15,60
15,61
15,62
15,63
15,64
15,65
15,66
15,67
15,68
16,17
16,18
16,19
16,20
16,25
16,26
16,27
16,28
16,29
16,30
16,31
16,32
16,33
16,34
16,35
16,36
16,37
16,38
16,39
16,40
16,41
16,42
16,43
16,46
16,47
16,48
16,49
16,50
17,18
17,19
17,20
17,35
17,36
17,39
17,49
17,53
17,67
17,75
17,98
17,114
17,115
17,124
17,128
17,148
17,151
17,161
17,169
17,174
17,190
18,19
18,20
18,22
18,23
18,24
18,25
18,26
18,27
18,28
18,29
18,30
18,31
19,20
19,23
19,24
19,25
19,26
19,27
19,28
19,29
19,30
19,31
19,32
19,33
19,34
20,21
20,22
20,23
20,24
20,25
20,26
20,27
20,28
20,29
20,30
20,31
20,32
20,33
20,34
20,36
20,37
21,22
21,23
21,24
21,25
21,26
21,27
21,28
21,29
21,30
21,31
21,32
21,33
21,34
21,35
21,36
21,37
21,39
22,23
22,24
22,25
22,26
22,27
22,28
22,29
22,30
22,31
22,32
22,33
22,34
22,35
22,36
22,37
22,38
22,39
22,40
22,41
22,42
22,43
22,44
22,45
22,46
22,47
22,48
22,49
22,50
22,51
22,52
22,54
22,56
22,57
22,58
22,60
22,61
22,62
22,63
22,64
22,65
23,24
23,25
23,26
23,27
23,28
23,30
23,31
23,32
23,33
24,25
24,26
24,27
25,26
26,27
26,28
27,28
27,29
27,30
27,31
27,32
27,34
27,35
27,36
27,37
27,38
27,39
27,40
27,41
27,42
27,43
28,29
28,30
28,31
28,32
28,33
28,34
28,35
30,31
30,32
30,33
30,34
30,35
30,36
30,38
30,39
30,41
30,42
30,43
30,44
30,45
30,46
30,47
30,48
30,49
30,50
30,51
30,54
30,55
30,56
30,57
30,58
30,60
30,61
30,62
30,63
30,64
30,65
30,67
30,68
30,69
31,32
32,33
32,34
32,35
32,36
32,37
32,38
32,39
32,40
32,41
32,42
32,43
32,44
32,45
32,46
32,47
32,48
32,49
32,50
32,51
32,52
32,53
32,54
32,55
32,56
33,34
33,35
33,36
33,37
33,38
33,39
33,40
33,41
33,42
33,43
33,44
33,45
33,46
33,47
33,48
33,49
33,50
33,51
33,52
33,53
33,54
34,35
34,36
35,36
35,37
35,39
35,40
35,49
35,53
35,67
35,75
35,98
35,114
35,115
35,124
35,128
35,148
35,151
35,161
35,169
35,174
35,190
36,37
36,38
36,39
36,40
36,41
36,42
36,43
36,44
36,49
36,53
36,67
36,75
36,98
36,114
36,115
36,124
36,128
36,148
36,151
36,161
36,169
36,174
36,190
37,38
38,39
38,40
38,41
38,42
38,43
38,44
38,45
38,46
38,47
38,48
39,40
39,41
39,42
39,43
39,44
39,45
39,46
39,47
39,48
39,49
39,50
39,51
39,52
39,53
39,55
39,67
39,75
39,98
39,114
39,115
39,124
39,128
39,148
39,151
39,161
39,169
39,174
39,190
40,41
40,42
41,42
41,43
41,44
41,45
41,46
41,47
41,48
41,49
41,50
41,51
41,52
41,53
41,54
41,55
41,57
41,58
41,59
41,60
41,61
41,63
41,66
41,67
41,68
41,69
41,70
42,43
42,44
42,45
42,46
42,47
42,48
42,49
42,50
42,51
42,52
42,53
42,54
42,55
42,56
42,57
42,58
42,59
42,60
42,61
42,62
42,63
42,64
42,65
42,66
42,67
42,68
42,69
42,70
42,73
42,74
42,75
42,76
42,77
42,80
42,82
42,84
42,85
43,44
43,45
43,46
44,45
44,46
44,47
44,48
44,49
44,50
44,51
44,52
44,54
44,55
44,56
44,57
44,58
44,59
44,60
44,61
44,62
44,63
44,64
44,65
44,66
44,67
44,68
44,69
44,74
44,75
44,76
44,77
44,78
44,79
44,80
44,82
44,83
44,84
44,85
44,86
44,88
44,89
44,98
44,100
44,103
44,110
44,113
44,119
44,121
44,123
44,130
44,131
44,136
44,137
44,140
44,141
44,145
44,146
44,147
44,148
44,149
44,150
44,151
44,154
44,158
44,161
44,166
45,46
45,47
45,48
45,49
45,50
45,51
45,52
45,53
45,54
45,55
45,56
45,57
45,58
45,59
45,60
45,61
45,62
45,63
45,64
45,65
45,66
45,67
45,68
45,69
45,70
45,72
45,74
45,75
45,76
45,77
45,78
45,79
45,82
45,83
45,84
45,85
45,86
45,87
45,88
46,47
46,49
46,50
46,52
46,53
46,54
46,55
46,57
46,58
46,59
48,49
49,50
49,51
49,52
49,53
49,54
49,55
49,56
49,57
49,58
49,59
49,60
49,61
49,62
49,67
49,75
49,98
49,114
49,115
49,124
49,128
49,148
49,151
49,161
49,169
49,174
49,190
50,51
50,52
50,53
50,54
50,55
50,56
50,57
50,58
50,59
50,61
50,62
50,63
50,64
50,65
50,66
50,67
50,68
50,69
50,72
51,52
51,53
51,54
51,55
51,56
51,57
51,58
51,59
51,60
51,61
51,63
52,53
53,54
53,55
53,56
53,57
53,58
53,59
53,60
53,61
53,67
53,75
53,98
53,114
53,115
53,124
53,128
53,148
53,151
53,161
53,169
53,174
53,190
54,55
54,56
54,57
54,58
54,59
54,60
54,61
54,62
54,63
54,64
54,65
54,66
55,56
55,57
55,58
55,59
55,60
55,61
55,62
55,63
55,64
55,65
55,66
55,67
55,68
55,69
55,70
55,72
55,73
56,57
56,58
56,59
56,60
56,61
56,62
56,63
56,64
57,58
57,59
57,60
57,61
57,62
57,63
57,64
57,65
57,66
57,67
57,68
57,69
57,70
57,71
57,72
57,73
57,74
57,75
57,76
57,77
57,78
57,79
57,81
57,82
57,83
57,84
57,85
57,86
57,87
57,88
57,90
57,98
57,100
57,104
57,106
58,59
58,60
59,60
59,61
59,62
59,63
59,64
59,65
59,66
59,67
59,68
59,69
59,70
59,71
59,72
59,73
59,74
59,75
59,76
59,77
59,78
59,79
59,80
59,81
59,82
60,61
60,62
60,63
60,64
60,65
60,66
60,67
60,68
60,69
60,70
60,71
60,72
60,74
60,75
60,76
60,77
60,78
60,79
60,80
60,81
60,82
60,83
60,84
60,85
60,86
60,87
60,88
60,89
60,90
60,91
60,95
60,96
60,98
60,100
60,101
60,103
60,104
61,62
61,63
61,64
61,65
61,66
61,67
61,68
61,69
61,70
61,71
61,72
61,73
61,74
61,75
61,76
61,77
61,78
61,79
61,80
61,81
61,82
61,83
61,84
62,63
62,64
62,65
62,66
62,67
63,64
63,65
63,66
63,67
63,69
63,71
63,72
63,73
63,74
63,75
63,76
63,77
63,78
63,79
63,80
63,82
63,83
63,84
63,85
63,86
63,87
63,88
63,89
63,90
63,91
63,93
63,95
63,96
63,97
64,65
64,66
64,67
64,68
64,69
64,70
64,71
64,72
64,73
64,74
64,75
64,76
64,77
64,78
64,79
64,80
64,81
64,82
64,83
64,84
64,85
64,86
64,87
64,88
64,89
64,90
64,91
64,92
64,93
65,66
65,67
65,68
65,69
65,70
65,71
66,67
66,68
66,69
66,70
66,71
66,72
66,74
66,75
66,76
66,77
66,78
66,79
66,80
67,68
67,69
67,70
67,71
67,72
67,73
67,74
67,75
67,76
67,77
67,78
67,79
67,80
67,82
67,83
67,84
67,85
67,86
67,87
67,88
67,89
67,90
67,91
67,92
67,94
67,96
67,97
67,98
67,100
67,101
67,103
67,105
67,106
67,110
67,113
67,114
67,115
67,118
67,119
67,124
67,128
67,148
67,151
67,161
67,169
67,174
67,190
68,69
68,70
68,71
68,72
68,73
68,74
68,75
68,76
68,77
68,78
68,79
69,70
69,71
69,72
69,73
69,74
70,71
70,72
70,73
70,74
70,75
70,76
70,77
70,78
71,72
71,73
71,74
72,73
72,74
72,75
72,76
72,77
72,78
72,79
72,80
72,81
72,84
72,85
72,86
72,87
72,88
72,89
72,90
72,91
72,92
72,93
72,94
72,95
72,96
72,97
72,98
72,99
72,100
72,102
72,103
72,104
72,105
72,106
72,108
72,110
72,111
72,112
73,74
73,75
73,76
73,77
73,78
73,79
73,80
73,81
73,82
73,83
73,84
73,85
73,86
73,87
73,88
73,89
73,90
73,91
73,92
73,93
73,94
73,95
73,96
73,97
73,98
73,99
73,100
73,101
73,102
73,103
73,104
73,105
73,106
73,107
73,108
73,110
73,111
73,112
73,118
73,119
73,123
73,125
73,127
73,129
73,131
73,136
73,137
73,140
73,144
73,145
73,146
73,149
73,150
74,75
74,76
74,77
74,78
74,79
74,80
74,81
75,76
75,77
75,98
75,114
75,115
75,124
75,128
75,148
75,151
75,161
75,169
75,174
75,190
76,77
76,78
76,79
76,80
76,81
76,82
76,83
76,85
76,86
76,87
76,88
76,89
76,91
76,92
76,93
76,94
77,78
77,79
77,80
77,81
77,82
77,83
77,84
77,85
78,80
78,81
78,82
78,83
78,84
78,85
78,86
78,87
78,88
78,89
78,90
78,91
78,92
78,93
78,94
78,95
78,96
78,98
78,99
78,100
79,80
79,81
79,82
79,83
79,84
79,86
79,87
79,88
79,89
79,90
79,91
79,92
79,93
79,94
79,95
79,96
79,97
79,98
79,99
79,100
79,101
79,102
79,103
79,104
79,105
79,106
79,107
79,108
79,110
79,111
79,112
79,113
80,81
80,82
80,83
80,84
80,85
80,86
80,87
80,88
80,89
80,90
80,91
80,92
80,93
80,94
80,95
80,96
80,97
80,99
80,100
80,101
81,82
81,83
81,84
81,85
81,86
81,87
81,88
81,89
81,90
81,91
82,83
82,84
82,85
82,86
82,87
82,88
82,89
82,90
82,91
82,92
82,93
82,94
82,95
82,96
82,97
82,98
82,99
82,100
82,101
82,102
82,103
82,104
82,105
82,106
82,107
82,108
82,109
82,110
82,111
82,112
82,114
82,117
82,118
82,119
82,121
82,122
82,123
82,124
82,125
82,127
82,129
82,130
82,131
82,132
82,134
82,135
82,136
82,137
82,139
83,85
83,86
83,87
83,88
83,89
83,91
83,92
83,93
83,94
83,95
83,96
83,97
83,98
83,99
83,100
83,101
83,102
83,103
83,104
83,105
83,106
83,107
83,108
83,109
83,110
83,111
83,112
83,113
83,114
84,85
84,86
84,87
84,88
84,89
84,90
84,91
84,93
84,94
84,95
84,96
84,97
84,98
84,99
85,86
85,87
85,88
85,89
85,90
85,91
85,92
85,93
85,94
85,95
85,96
85,97
85,98
85,99
85,100
85,101
85,102
85,103
85,104
85,105
85,106
87,88
87,89
87,90
88,89
89,90
89,91
89,92
90,91
90,92
90,93
90,94
90,95
90,96
90,97
90,98
90,99
90,101
90,102
90,103
90,104
90,105
90,106
90,107
90,108
90,109
90,110
90,111
90,112
90,113
90,114
90,115
90,116
90,117
90,119
90,120
90,121
90,122
90,123
90,124
90,126
90,127
90,129
90,130
90,131
90,132
90,133
90,134
90,135
90,136
90,137
90,138
90,142
90,144
90,145
90,146
90,147
90,149
90,151
90,153
90,155
90,158
90,161
90,164
90,167
90,169
90,177
90,185
91,92
91,93
91,94
91,95
91,96
91,97
91,98
91,99
91,100
91,101
91,102
91,103
91,104
91,105
91,106
91,107
91,108
91,109
91,110
91,111
91,112
91,113
91,114
91,115
91,116
91,117
91,118
91,119
91,120
91,121
91,122
91,123
91,125
91,126
91,127
91,129
91,130
91,131
91,132
91,133
91,134
91,135
91,136
91,137
91,138
91,140
91,141
91,142
91,143
91,144
91,145
91,146
91,147
91,149
91,150
91,151
91,152
91,153
92,93
92,94
92,95
92,96
92,97
92,98
92,99
92,100
92,101
92,102
92,103
92,104
92,105
92,106
92,107
92,108
92,109
92,110
92,111
92,112
92,113
92,115
92,116
92,117
92,118
92,119
92,120
92,121
92,122
93,94
93,95
93,96
93,97
93,98
93,99
93,100
93,101
93,102
93,103
93,104
93,105
93,106
93,107
93,109
93,110
93,111
93,112
93,113
93,114
93,115
93,116
93,117
93,118
93,119
93,120
93,121
93,122
93,123
93,124
93,125
93,126
93,127
93,128
93,129
93,130
93,131
93,132
93,133
93,134
93,135
93,136
93,137
93,138
93,140
93,141
93,142
93,143
93,144
93,145
93,146
93,147
93,148
93,149
93,150
93,151
93,152
93,153
93,155
94,95
95,96
95,97
95,98
97,98
97,100
97,101
97,102
97,103
97,104
97,105
97,106
97,107
97,108
97,109
97,110
97,111
98,99
98,100
98,101
98,103
98,104
98,106
98,107
98,108
98,109
98,110
98,111
98,112
98,113
98,114
98,115
98,116
98,117
98,118
98,119
98,120
98,121
98,123
98,124
98,125
98,126
98,128
98,129
98,130
98,132
98,133
98,135
98,136
98,138
98,139
98,140
98,141
98,142
98,143
98,144
98,146
98,148
98,149
98,151
98,161
98,169
98,174
98,190
99,100
99,101
99,102
99,104
99,105
99,106
99,107
99,108
99,109
99,110
99,111
99,112
99,113
99,114
99,115
99,116
99,117
99,118
99,119
99,120
99,121
99,122
99,123
99,124
99,125
99,127
99,128
99,129
99,130
99,131
99,132
99,133
99,134
99,135
99,136
99,137
100,101
100,102
101,102
101,103
102,103
102,104
102,105
103,104
103,105
103,106
103,107
103,108
103,109
103,110
103,111
103,112
103,113
103,115
103,116
103,117
103,118
103,119
103,120
103,121
103,122
103,123
103,125
103,126
104,105
104,106
104,107
104,108
105,106
105,107
105,108
105,109
105,110
106,107
106,108
106,110
106,111
106,112
106,113
106,114
106,115
106,116
106,117
106,118
106,119
106,120
107,108
107,109
107,110
107,111
107,112
107,113
107,114
107,115
107,116
107,117
107,118
107,119
107,120
107,121
107,122
107,123
107,124
108,109
109,110
109,111
109,112
109,113
109,114
109,115
109,116
109,117
109,118
109,119
109,120
109,121
109,122
109,123
109,124
109,125
110,111
110,112
110,113
111,112
111,113
111,114
111,115
111,116
111,117
111,118
111,120
111,121
111,122
111,123
111,124
111,125
111,126
111,127
111,128
111,129
111,130
111,131
111,132
111,133
111,134
111,135
112,113
112,115
112,116
112,117
113,114
113,115
113,116
113,117
113,118
113,119
114,115
114,124
114,128
114,148
114,151
114,161
114,169
114,174
114,190
115,116
115,117
115,119
115,120
115,121
115,122
115,123
115,124
115,125
115,126
115,127
115,128
115,130
115,131
115,132
115,133
115,134
115,135
115,136
115,137
115,138
115,139
115,140
115,141
115,143
115,144
115,145
115,147
115,148
115,149
115,150
115,151
115,152
115,153
115,154
115,161
115,169
115,174
115,190
116,117
116,118
116,119
116,120
116,121
116,122
116,123
116,124
116,125
116,126
116,127
116,128
116,129
116,130
117,118
117,119
117,120
119,120
119,121
119,122
119,123
119,124
119,125
119,126
119,127
119,128
119,129
119,130
119,131
119,132
119,133
120,121
120,122
120,123
121,122
121,123
121,124
121,125
121,126
121,127
121,128
121,129
121,130
121,131
121,132
121,133
121,134
121,135
121,136
121,137
121,138
121,139
121,140
121,141
121,142
121,143
121,144
121,145
121,146
121,147
121,149
121,150
121,151
121,152
121,153
121,154
121,155
121,156
121,159
121,161
121,163
121,164
121,167
121,169
122,123
122,125
122,126
122,127
122,128
122,129
122,130
122,131
122,132
122,133
122,134
122,135
122,136
122,137
122,138
122,139
122,140
122,141
122,142
122,143
122,144
122,145
122,146
122,147
122,148
122,149
122,150
122,151
122,152
122,153
122,154
122,155
122,156
123,124
123,125
123,126
123,127
123,128
123,129
123,130
123,131
123,132
123,133
123,134
123,135
123,136
123,137
123,138
123,139
123,140
123,141
123,142
123,143
123,144
123,145
123,146
123,147
123,148
123,149
123,150
123,151
123,152
123,153
123,154
123,155
123,156
124,125
124,126
124,127
124,128
124,129
124,130
124,131
124,132
124,133
124,134
124,135
124,136
124,137
124,138
124,139
124,140
124,141
124,142
124,143
124,144
124,148
124,151
124,161
124,169
124,174
124,190
125,126
125,127
126,127
126,128
127,128
127,130
127,131
127,132
127,133
127,134
128,129
128,148
128,151
128,161
128,169
128,174
128,190
129,130
129,131
129,132
130,131
130,132
130,133
130,134
130,135
130,136
130,137
130,138
131,132
131,133
131,134
131,135
131,136
131,137
131,138
131,139
131,140
131,142
131,143
131,144
131,145
131,146
131,147
131,148
131,149
131,150
131,151
132,133
132,134
132,135
133,134
133,135
133,136
133,137
133,138
133,139
133,141
133,142
133,143
133,144
133,145
133,146
133,147
133,148
134,135
134,136
134,137
134,138
134,139
134,141
134,142
134,143
134,144
134,145
134,146
134,147
134,148
134,149
134,150
134,151
134,153
134,154
134,155
134,156
134,157
134,159
134,160
134,161
134,162
134,163
134,166
134,167
134,169
134,171
134,175
135,136
135,137
135,138
135,139
135,141
135,142
135,143
135,144
135,145
135,146
135,147
135,148
135,149
135,150
135,151
135,152
135,153
135,154
135,155
135,156
135,157
135,158
135,159
136,137
136,138
136,139
136,140
136,141
136,142
136,143
136,144
136,145
136,146
136,147
136,148
136,149
136,150
136,151
136,153
136,154
136,155
136,156
136,157
136,158
136,159
136,160
136,161
136,162
136,163
136,164
136,166
136,167
136,168
136,169
136,170
136,171
136,173
136,175
136,177
136,178
137,138
137,139
137,140
137,141
137,142
137,143
138,139
138,140
139,140
139,141
139,142
140,141
140,142
140,143
140,144
140,145
142,144
142,145
142,146
142,147
142,148
142,149
142,150
142,151
142,152
142,153
142,154
142,155
142,156
142,157
142,158
142,159
142,160
142,163
142,165
142,166
142,167
142,170
142,171
142,172
142,173
142,175
143,144
143,145
143,146
144,145
144,146
144,147
145,146
145,147
145,148
145,149
145,150
145,151
145,152
145,153
145,154
145,155
145,156
145,157
145,158
145,159
145,160
145,161
145,162
145,163
145,164
145,165
145,166
145,167
145,168
145,169
145,170
145,171
145,172
145,173
145,174
145,175
145,176
145,177
145,178
146,147
146,148
146,149
146,150
147,148
147,149
147,150
147,151
147,152
147,153
147,154
147,155
147,156
147,157
147,158
147,159
147,160
147,161
147,162
147,164
147,165
147,166
147,167
147,168
147,169
148,149
148,150
148,151
148,152
148,153
148,154
148,155
148,156
148,157
148,158
148,159
148,160
148,161
148,162
148,163
148,164
148,169
148,174
148,190
149,150
149,151
149,152
149,153
149,154
149,155
149,156
149,157
149,159
149,160
149,161
149,162
149,163
150,151
150,152
150,153
150,154
150,157
150,158
150,159
150,160
150,161
150,162
150,163
150,164
150,165
150,166
150,167
150,168
150,169
150,170
150,171
150,172
151,152
151,153
151,154
151,155
151,156
151,157
151,158
151,159
151,160
151,161
151,162
151,163
151,164
151,165
151,166
151,167
151,168
151,169
151,170
151,171
151,172
151,173
151,174
151,175
151,176
151,177
151,179
151,181
151,189
151,190
151,194
152,153
152,154
152,155
152,156
152,157
152,158
152,159
152,160
152,161
152,162
152,163
152,164
152,165
153,154
153,155
153,156
153,157
154,155
154,156
154,158
154,159
154,160
154,161
154,162
154,163
154,164
154,165
154,166
154,167
154,168
154,169
154,170
155,156
155,157
155,158
155,159
155,160
156,157
156,158
156,159
156,160
156,161
156,163
156,164
156,165
156,166
156,167
156,168
156,169
156,170
156,171
156,172
156,175
156,176
156,177
156,178
157,158
157,159
157,160
157,161
157,162
157,163
157,164
157,165
157,166
157,167
158,159
158,160
158,161
158,162
158,163
158,164
158,165
158,166
158,167
158,168
158,169
158,170
158,171
158,172
159,160
159,161
160,161
160,162
161,162
161,163
161,164
161,165
161,166
161,167
161,168
161,169
161,174
161,190
162,163
162,164
162,165
162,166
162,167
162,168
162,169
162,170
162,171
162,172
162,173
162,174
162,175
162,176
162,177
162,178
162,180
162,181
162,182
162,183
162,185
163,164
163,165
163,166
163,167
163,168
163,169
163,170
163,171
163,172
163,173
163,174
163,175
163,176
163,177
163,178
163,180
163,181
163,182
163,183
163,184
163,185
163,186
163,187
163,188
163,193
163,194
163,199
164,165
164,166
164,167
164,168
164,169
164,170
164,171
164,172
164,173
164,174
164,175
164,176
164,177
164,178
164,179
164,180
164,181
164,182
164,183
164,184
164,185
164,186
164,187
165,166
165,169
165,170
165,171
165,172
165,173
165,174
165,175
165,176
165,177
165,178
165,179
165,180
165,181
166,167
166,168
166,169
166,170
166,171
166,172
166,173
166,174
166,176
166,177
166,178
166,179
166,180
166,181
166,182
166,183
166,184
166,185
166,186
166,187
166,188
166,189
166,190
166,192
166,193
166,194
166,195
166,196
166,197
166,199
167,168
167,169
167,170
167,171
167,172
167,173
167,174
167,175
168,169
168,170
168,171
168,172
168,173
168,174
168,175
168,176
168,177
168,178
168,179
168,180
168,182
168,183
168,184
168,185
168,186
168,187
168,188
168,189
169,170
169,171
169,172
169,173
169,174
169,190
170,171
170,172
170,173
170,174
170,175
170,176
170,177
170,179
170,180
170,181
170,182
170,183
170,184
170,185
170,186
170,187
170,189
170,190
170,191
170,192
170,193
170,194
170,195
170,196
170,197
170,198
170,199
171,172
171,173
171,174
171,175
171,176
171,177
171,178
171,179
171,180
171,181
171,182
171,183
172,173
172,174
172,175
172,176
172,177
172,178
172,180
172,181
172,182
172,183
172,184
172,185
172,186
172,187
172,188
172,189
172,190
172,191
172,192
172,193
172,194
173,174
173,175
173,176
173,177
173,178
173,179
173,180
173,181
173,182
173,183
173,184
173,185
173,186
173,187
173,188
173,189
173,190
173,191
173,192
173,193
173,194
173,195
173,196
173,198
173,199
174,175
174,176
174,177
174,190
175,176
175,177
175,178
175,179
175,180
175,181
175,182
175,183
175,184
175,185
176,177
176,178
176,179
176,180
176,181
176,182
176,183
176,185
176,186
176,187
176,188
176,189
176,191
176,192
176,193
176,194
176,195
176,196
176,197
176,199
177,178
177,179
177,180
177,181
177,182
177,183
177,184
177,185
177,186
177,187
177,188
178,179
178,180
178,181
178,182
178,183
178,184
178,185
178,186
178,187
178,188
178,189
178,190
178,191
178,192
178,193
178,194
178,195
178,196
178,197
178,198
178,199
179,180
179,181
179,182
180,181
180,182
180,183
180,184
180,185
180,186
180,187
180,188
180,189
180,190
180,191
180,192
180,193
180,194
180,195
180,196
180,197
180,198
180,199
181,182
181,183
181,184
181,185
181,186
181,189
181,191
181,192
181,193
181,194
181,195
181,196
181,197
181,198
181,199
182,183
182,184
182,185
182,186
182,187
182,189
182,190
182,191
182,192
182,193
182,194
182,195
182,196
182,197
182,198
182,199
183,184
183,185
183,186
183,187
183,188
183,189
183,190
183,191
183,192
183,193
184,185
184,186
184,187
184,188
184,189
184,190
184,192
184,193
184,194
184,195
184,196
185,186
186,187
186,188
186,189
186,190
186,191
186,192
186,193
186,194
186,195
186,196
186,197
186,198
186,199
187,188
187,189
187,190
187,191
187,192
187,193
187,194
187,195
187,196
187,197
187,198
188,190
188,191
189,190
189,191
189,192
189,193
189,194
189,195
189,196
189,197
189,198
189,199
190,191
190,192
190,193
190,194
190,195
190,196
190,197
190,198
190,199
191,192
191,193
191,194
191,195
192,193
192,194
192,195
192,196
192,197
192,198
192,199
193,194
193,195
193,196
193,197
193,198
193,199
194,195
194,196
194,197
194,198
195,196
195,197
195,199
196,197
196,198
196,199
198,199
