0,1
0,2
0,3
0,4
0,5
0,6
0,7
0,8
0,9
0,10
0,11
0,12
0,13
0,14
0,15
0,16
0,17
0,18
0,19
0,20
0,21
0,22
0,23
0,24
0,25
0,26
0,27
0,28
0,29
0,30
0,31
0,32
0,33
0,34
0,35
0,36
0,37
0,38
0,39
0,40
0,41
0,42
0,43
0,44
0,45
0,46
0,47
0,48
0,49
0,50
0,51
0,52
0,53
0,57
0,58
0,60
0,63
0,66
1,2
1,3
1,4
1,5
1,6
1,7
1,8
1,9
1,10
1,11
1,12
1,13
1,14
1,15
1,16
1,17
1,18
1,19
1,20
1,21
1,22
1,23
1,24
1,25
1,26
1,27
1,28
1,29
1,30
1,31
1,32
1,33
1,34
1,35
1,36
1,37
1,38
1,39
1,40
1,41
1,42
1,43
1,44
1,45
1,46
1,47
1,48
1,49
1,50
1,51
1,52
1,53
1,56
1,57
1,58
1,59
2,3
2,4
2,5
2,6
2,7
2,8
2,9
2,10
2,11
2,12
2,13
2,14
2,15
2,16
2,17
2,18
2,19
2,20
2,21
2,22
2,23
2,24
2,25
2,26
2,27
2,28
2,29
2,30
2,31
2,32
2,33
2,34
2,35
2,36
2,37
2,38
2,39
2,40
2,41
2,42
2,43
2,44
2,45
2,46
2,47
2,48
2,49
2,50
2,51
2,52
2,53
2,58
2,59
2,60
2,63
2,65
2,66
3,4
3,5
3,6
3,7
3,8
3,9
3,10
3,11
3,12
3,13
3,14
3,15
3,16
3,17
3,18
3,19
3,20
3,21
3,22
3,23
3,24
3,25
3,26
3,27
3,28
3,29
3,30
3,31
3,32
3,33
3,34
3,35
3,36
3,37
3,38
3,39
3,40
3,41
3,42
3,43
3,44
3,45
3,46
3,47
3,48
3,49
3,50
3,51
3,52
3,53
3,56
3,57
3,58
3,59
3,60
3,63
3,65
3,66
3,67
3,70
4,5
4,6
4,7
4,8
4,9
4,10
4,11
4,12
4,13
4,14
4,15
4,16
4,17
4,18
4,19
4,20
4,21
4,22
4,23
4,24
4,25
4,26
4,27
4,28
4,29
4,30
4,31
4,32
4,33
4,34
4,35
4,36
4,37
4,38
4,39
4,40
4,41
4,42
4,43
4,44
4,45
4,46
4,47
4,48
4,49
4,50
4,51
4,52
4,53
4,54
4,56
4,57
4,58
4,59
4,60
4,62
4,63
4,65
4,66
4,67
4,68
4,70
4,72
4,75
4,76
4,79
4,84
4,85
4,87
4,88
4,95
4,98
4,99
4,101
4,105
4,107
4,108
4,113
4,124
4,126
4,135
4,139
4,141
4,144
4,145
4,153
4,157
4,158
4,161
4,168
4,169
4,172
4,177
4,179
4,180
4,187
4,188
4,190
4,199
5,6
5,7
5,8
5,9
5,10
5,11
5,12
5,13
5,14
5,15
5,16
5,17
5,18
5,19
5,20
5,21
5,22
5,23
5,24
5,25
5,26
5,27
5,28
5,29
5,30
5,31
5,32
5,33
5,34
5,35
5,36
5,37
5,38
5,39
5,40
5,41
5,42
5,43
5,44
5,45
5,46
5,47
5,48
5,49
5,50
5,51
5,52
5,53
5,55
5,56
5,57
5,58
5,59
5,60
6,7
6,8
6,9
6,10
6,11
6,12
6,13
6,14
6,15
6,16
6,17
6,18
6,19
6,20
6,21
6,22
6,23
6,24
6,25
6,26
6,27
6,28
6,29
6,30
6,31
6,32
6,33
6,34
6,35
6,36
6,37
6,38
6,39
6,40
6,41
6,42
6,43
6,44
6,45
6,46
6,47
6,48
6,49
6,50
6,51
6,52
6,53
6,54
6,55
6,56
6,57
6,58
6,59
6,60
6,62
6,63
6,64
6,65
6,66
6,67
6,68
6,69
6,70
6,75
6,76
6,78
6,80
6,81
6,82
6,83
6,84
6,85
6,86
6,88
6,89
6,93
6,94
6,98
6,102
6,105
6,108
6,110
6,111
6,113
6,116
6,117
6,120
6,123
6,124
6,125
6,126
6,127
6,130
6,131
6,134
6,135
6,138
6,141
6,142
6,145
6,147
6,150
6,153
6,154
6,155
6,156
6,157
6,158
6,159
6,160
6,161
6,162
6,163
6,164
6,165
6,166
6,167
6,168
6,169
6,170
6,173
6,174
6,175
6,176
6,177
6,178
6,180
6,181
6,182
6,183
6,185
6,186
6,187
6,188
6,189
6,190
6,191
6,192
6,193
6,194
6,195
6,196
6,197
6,198
6,199
7,8
7,9
7,10
7,11
7,12
7,13
7,14
7,15
7,16
7,17
7,18
7,19
7,20
7,21
7,22
7,23
7,24
7,25
7,26
7,27
7,28
7,29
7,30
7,31
7,32
7,33
7,34
7,35
7,36
7,37
7,38
7,39
7,40
7,41
7,42
7,43
7,44
7,45
7,46
7,47
7,48
7,49
7,50
7,51
7,52
8,9
8,10
8,11
8,12
8,13
8,14
8,15
8,16
8,17
8,18
8,19
8,20
8,21
8,22
8,23
8,24
8,25
8,26
8,27
8,28
8,29
8,30
8,31
8,32
8,33
8,34
8,35
8,36
8,37
8,38
8,39
8,40
8,41
8,42
8,43
8,44
8,45
8,46
8,47
8,48
8,49
8,50
8,51
8,52
8,53
8,62
8,63
8,64
8,65
8,66
8,67
8,68
8,69
8,70
8,71
8,72
8,73
8,74
8,75
8,76
8,77
8,78
8,80
8,81
8,82
8,84
8,85
8,86
8,88
8,89
8,90
8,92
8,93
8,94
8,98
8,99
8,101
8,102
8,104
8,105
8,106
8,107
8,108
9,10
9,11
9,12
9,13
9,14
9,15
9,16
9,17
9,18
9,19
9,20
9,21
9,22
9,23
9,24
9,25
9,26
9,27
9,28
9,29
9,30
9,31
9,32
9,33
9,34
9,35
9,36
9,37
9,38
9,39
9,40
9,41
9,42
9,43
9,44
9,45
9,46
9,47
9,48
9,49
9,50
9,51
9,52
9,53
9,55
9,57
9,58
9,59
9,60
9,62
9,63
9,64
9,66
9,67
9,68
9,69
9,70
9,71
9,72
9,73
9,74
9,75
9,76
9,77
9,78
9,79
9,80
9,81
9,82
10,11
10,12
10,13
10,14
10,15
10,16
10,17
10,18
10,19
10,20
10,21
10,22
10,23
10,24
10,25
10,26
10,27
10,28
10,29
10,30
10,31
10,32
10,33
10,34
10,35
10,36
10,37
10,38
10,39
10,40
10,41
10,42
10,43
10,44
10,45
10,46
10,47
10,48
10,49
10,50
10,51
10,52
10,53
10,54
10,56
10,57
10,58
10,59
10,60
10,61
10,62
10,63
10,64
10,65
10,66
10,67
10,68
10,69
10,70
10,71
10,72
10,73
10,74
10,75
10,76
10,77
10,78
10,79
10,80
10,81
10,82
10,83
10,84
10,85
10,86
10,87
10,88
10,89
10,90
10,91
10,92
10,93
10,94
10,95
10,96
10,98
10,99
10,100
10,101
10,102
10,104
10,105
10,106
10,107
10,108
10,109
10,110
10,111
10,113
10,114
10,116
10,118
10,120
10,122
10,124
10,125
10,126
10,127
10,128
10,129
10,130
10,131
10,132
10,133
10,134
10,135
10,139
10,141
10,144
10,145
10,153
10,157
10,158
10,161
10,168
10,169
10,172
10,177
10,179
10,180
10,187
10,188
10,190
10,199
11,12
11,13
11,14
11,15
11,16
11,17
11,18
11,19
11,20
11,21
11,22
11,23
11,24
11,25
11,26
11,27
11,28
11,29
11,30
11,31
11,32
11,33
11,34
11,35
11,36
11,37
11,38
11,39
11,40
11,41
11,42
11,43
11,44
11,45
11,46
11,47
11,48
11,49
11,50
11,51
11,52
11,53
11,54
11,55
11,56
11,57
11,58
11,59
11,60
11,61
11,62
11,63
11,64
11,65
11,66
11,67
11,68
11,69
11,70
11,71
11,73
11,74
11,75
11,76
11,77
11,78
11,79
11,80
11,81
11,82
11,83
11,84
11,85
11,86
11,87
11,88
11,89
11,90
11,91
11,92
11,93
11,94
11,96
11,97
11,98
11,99
11,100
11,101
11,102
11,103
11,104
11,105
11,106
11,107
11,108
11,109
11,110
11,111
11,112
11,113
11,114
11,115
11,116
11,117
11,118
11,120
11,121
11,122
11,123
11,124
11,125
11,126
11,127
11,128
11,129
11,130
11,131
11,132
11,134
11,135
11,136
11,137
11,138
11,139
11,140
11,141
11,143
11,144
11,145
11,147
11,149
11,150
11,152
11,153
11,154
11,155
11,156
11,157
11,158
11,159
11,160
11,161
11,162
11,163
11,164
11,165
11,166
11,167
11,169
11,170
11,171
11,173
11,175
11,176
11,177
11,178
11,180
11,181
11,182
11,184
11,185
11,186
11,187
11,189
12,13
12,14
12,15
12,16
12,17
12,18
12,19
12,20
12,21
12,22
12,23
12,24
12,25
12,26
12,27
12,28
12,29
12,30
12,31
12,32
12,33
12,34
12,35
12,36
12,37
12,38
12,39
12,40
12,41
12,42
12,43
12,44
12,45
12,46
12,47
12,48
12,49
12,50
12,51
12,52
12,53
12,54
12,56
12,57
12,58
12,59
12,60
12,61
12,62
12,63
12,64
12,65
12,66
12,67
12,68
12,69
12,70
12,71
12,72
12,73
12,74
12,75
12,76
12,77
12,78
12,79
12,80
12,81
12,82
12,83
12,84
12,87
12,88
12,95
12,98
12,99
12,101
12,105
12,107
12,108
12,113
12,124
12,126
12,135
12,139
12,141
12,144
12,145
12,153
12,157
12,158
12,161
12,168
12,169
12,172
12,177
12,179
12,180
12,187
12,188
12,190
12,199
13,14
13,15
13,16
13,17
13,18
13,19
13,20
13,21
13,22
13,23
13,24
13,25
13,26
13,27
13,28
13,29
13,30
13,31
13,32
13,33
13,34
13,35
13,36
13,37
13,38
13,39
13,40
13,41
13,42
13,43
13,44
13,45
13,46
13,47
13,48
13,49
13,50
13,51
13,52
13,53
13,56
13,57
13,58
13,59
13,60
13,62
13,63
13,64
13,65
13,66
13,67
13,68
13,69
13,70
13,71
13,72
13,73
13,74
13,75
13,76
13,77
13,78
13,79
13,80
13,81
13,82
13,83
13,84
13,85
13,86
13,87
13,88
13,90
13,91
13,92
13,93
13,94
13,95
13,96
13,97
13,98
13,99
13,100
13,101
13,102
13,103
13,104
13,105
14,15
14,16
14,17
14,18
14,19
14,20
14,21
14,22
14,23
14,24
14,25
14,26
14,27
14,28
14,29
14,30
14,31
14,32
14,33
14,34
14,35
14,36
14,37
14,38
14,39
14,40
14,41
14,42
14,43
14,44
14,45
14,46
14,47
14,48
14,49
14,50
14,51
14,52
14,53
14,56
14,57
14,58
14,59
14,60
14,61
14,62
14,64
14,65
14,66
14,67
14,68
14,69
14,70
14,71
14,72
14,73
14,74
14,75
14,76
14,77
14,78
14,79
14,80
14,81
14,82
14,83
14,84
14,85
14,87
14,88
14,89
14,90
14,91
14,92
14,93
14,94
14,95
14,96
14,97
14,98
14,99
14,100
14,101
14,102
14,103
14,104
14,105
14,106
14,107
14,108
14,109
14,110
14,111
14,112
14,113
14,114
14,115
14,116
14,117
14,118
14,119
14,120
15,16
15,17
15,18
15,19
15,20
15,21
15,22
15,23
15,24
15,25
15,26
15,27
15,28
15,29
15,30
15,31
15,32
15,33
15,34
15,35
15,36
15,37
15,38
15,39
15,40
15,41
15,42
15,43
15,44
15,45
15,46
15,47
15,48
15,49
15,50
15,51
15,52
15,53
16,17
16,18
16,19
16,20
16,21
16,22
16,23
16,24
16,25
16,26
16,27
16,28
16,29
16,30
16,31
16,32
16,33
16,34
16,35
16,36
16,37
16,38
16,39
16,40
16,41
16,42
16,43
16,44
16,45
16,46
16,47
16,48
16,49
16,50
16,51
16,52
16,53
16,58
16,59
16,60
16,61
16,62
16,63
16,64
16,65
16,66
16,67
16,68
16,69
16,70
16,73
16,75
16,76
16,77
16,78
16,79
16,81
16,82
16,83
16,84
16,85
16,86
16,88
16,89
16,90
16,91
16,92
16,93
16,94
16,95
16,96
17,18
17,19
17,20
17,21
17,22
17,23
17,24
17,25
17,26
17,27
17,28
17,29
17,30
17,31
17,32
17,33
17,34
17,35
17,36
17,37
17,38
17,39
17,40
17,41
17,42
17,43
17,44
17,45
17,46
17,47
17,48
17,49
17,50
17,51
17,52
17,53
17,55
17,56
17,57
17,58
17,59
17,60
17,61
17,63
17,64
17,65
17,66
17,67
17,68
17,69
17,70
17,71
17,72
17,73
17,74
17,75
17,76
17,77
17,78
17,79
17,80
17,81
17,82
17,84
17,85
17,86
17,87
17,88
17,89
17,90
17,91
17,92
17,93
17,94
17,95
17,96
17,97
17,98
17,99
17,100
17,101
17,102
17,103
17,104
17,105
17,106
17,108
17,109
17,110
17,111
17,112
17,113
17,114
17,115
17,116
17,117
17,118
17,119
17,120
17,121
17,122
17,123
17,124
17,125
17,126
17,127
17,128
17,129
17,131
17,132
17,133
17,134
17,135
17,136
17,137
17,138
17,140
17,141
17,142
17,143
17,144
17,145
17,147
17,148
17,149
17,150
17,151
17,153
17,154
17,155
17,156
17,157
17,159
17,160
17,161
17,162
17,163
17,164
17,165
17,166
17,167
17,168
17,170
17,171
17,172
17,173
17,175
17,176
17,177
17,178
17,179
17,180
17,182
17,183
17,184
17,185
17,186
17,188
17,189
17,190
17,191
17,192
17,193
17,194
17,195
17,196
17,197
17,199
18,19
18,20
18,21
18,22
18,23
18,24
18,25
18,26
18,27
18,28
18,29
18,30
18,31
18,32
18,33
18,34
18,35
18,36
18,37
18,38
18,39
18,40
18,41
18,42
18,43
18,44
18,45
18,46
18,47
18,48
18,49
18,50
18,51
18,52
18,53
18,56
18,57
18,59
18,60
18,61
18,62
18,63
18,64
18,65
18,66
18,67
18,68
18,69
18,70
18,71
18,72
18,73
18,74
18,76
18,77
18,78
18,79
18,80
18,81
18,82
18,83
18,84
18,85
18,86
18,87
19,20
19,21
19,22
19,23
19,24
19,25
19,26
19,27
19,28
19,29
19,30
19,31
19,32
19,33
19,34
19,35
19,36
19,37
19,38
19,39
19,40
19,41
19,42
19,43
19,44
19,45
19,46
19,47
19,48
19,49
19,50
19,51
19,52
19,53
19,54
19,56
19,57
19,58
19,59
19,60
19,61
19,62
19,63
19,64
19,65
19,66
19,67
19,68
19,69
19,70
19,71
19,72
19,73
19,74
19,75
19,76
19,77
19,78
19,79
19,80
19,81
19,82
19,83
19,84
19,85
19,86
19,87
19,88
19,89
19,90
19,91
19,92
19,93
19,94
19,95
19,96
19,97
19,98
19,99
19,100
19,101
19,102
19,103
19,104
19,105
19,106
19,107
19,108
19,109
19,110
19,111
19,112
19,113
19,114
19,115
19,116
19,117
19,118
19,119
19,120
19,121
19,122
19,123
19,124
19,125
19,126
19,127
19,128
19,129
19,130
19,131
19,132
19,133
19,134
19,135
19,136
19,137
19,138
19,139
19,140
19,141
19,142
19,143
19,144
19,145
19,147
19,148
19,149
19,150
19,151
19,152
19,153
19,154
19,155
19,156
19,157
19,158
19,159
19,160
19,161
19,162
19,163
19,164
19,165
19,166
19,167
19,168
19,169
19,170
19,171
19,172
19,173
19,174
19,175
19,176
19,177
19,178
19,179
19,180
19,181
19,182
19,183
19,184
19,185
19,186
19,187
19,188
19,189
19,190
19,191
19,192
19,193
19,194
19,195
19,196
19,197
19,198
19,199
20,21
20,22
20,23
20,24
20,25
20,26
20,27
20,28
20,29
20,30
20,31
20,32
20,33
20,34
20,35
20,36
20,37
20,38
20,39
20,40
20,41
20,42
20,43
20,44
20,45
20,46
20,47
20,48
20,49
20,50
20,51
20,52
20,53
20,58
20,59
20,60
20,61
20,62
20,63
20,64
20,65
20,67
20,68
20,69
20,70
20,71
20,72
20,73
20,74
20,75
20,77
20,78
20,79
20,80
20,81
20,82
20,83
20,84
20,85
20,86
20,87
20,88
20,89
20,90
20,91
20,92
20,93
20,94
20,95
20,96
20,97
20,98
20,99
20,100
20,101
20,102
20,103
20,104
20,105
20,106
20,107
20,108
20,109
20,110
20,111
20,112
20,113
20,114
20,115
20,116
20,117
21,22
21,23
21,24
21,25
21,26
21,27
21,28
21,29
21,30
21,31
21,32
21,33
21,34
21,35
21,36
21,37
21,38
21,39
21,40
21,41
21,42
21,43
21,44
21,45
21,46
21,47
21,48
21,49
21,50
21,51
21,52
21,53
21,56
21,57
21,58
21,59
21,60
21,61
21,62
21,63
21,64
21,65
21,66
21,67
21,68
21,69
21,70
21,71
21,72
21,73
21,74
21,75
21,76
21,77
21,78
21,79
21,80
21,81
21,82
21,83
21,84
21,85
21,86
21,87
21,88
21,90
21,91
21,92
21,93
21,94
21,95
21,96
21,97
21,98
21,99
21,100
22,23
22,24
22,25
22,26
22,27
22,28
22,29
22,30
22,31
22,32
22,33
22,34
22,35
22,36
22,37
22,38
22,39
22,40
22,41
22,42
22,43
22,44
22,45
22,46
22,47
22,48
22,49
22,50
22,51
22,52
22,53
22,55
22,56
22,57
22,58
22,59
22,60
22,61
22,62
22,63
22,64
22,65
22,66
22,67
22,68
22,69
22,70
22,71
22,72
22,73
22,74
22,75
22,76
22,77
22,78
22,79
22,80
22,81
22,82
22,83
22,84
22,85
22,86
22,87
22,88
22,89
22,90
22,91
22,92
22,93
22,94
22,95
22,96
22,97
22,98
22,99
22,100
22,101
22,102
22,103
22,104
22,105
22,106
22,107
22,108
22,109
22,110
22,111
22,112
22,113
22,114
22,115
22,116
22,117
22,118
22,119
22,120
22,121
22,122
22,123
22,124
22,125
22,126
22,127
22,128
22,129
22,130
22,131
22,132
22,133
22,134
22,135
22,136
22,137
22,138
22,139
22,140
22,141
22,142
22,143
22,144
22,145
22,146
22,147
22,148
22,149
22,150
22,151
22,152
22,153
22,154
22,155
22,156
22,157
22,159
22,160
22,161
22,162
22,163
22,164
22,165
22,166
22,167
22,168
22,169
22,170
22,171
22,172
22,173
22,174
22,175
22,176
22,177
22,178
22,179
22,180
22,181
22,182
22,183
22,184
22,185
22,186
22,187
22,188
22,189
22,190
22,191
22,192
22,193
22,194
22,195
22,196
22,197
22,198
23,24
23,25
23,26
23,27
23,28
23,29
23,30
23,31
23,32
23,33
23,34
23,35
23,36
23,37
23,38
23,39
23,40
23,41
23,42
23,43
23,44
23,45
23,46
23,47
23,48
23,49
23,50
23,51
23,52
23,53
23,55
23,56
23,57
23,58
23,59
23,60
23,61
23,62
23,64
23,65
23,66
23,67
23,68
24,25
24,26
24,27
24,28
24,29
24,30
24,31
24,32
24,33
24,34
24,35
24,36
24,37
24,38
24,39
24,40
24,41
24,42
24,43
24,44
24,45
24,46
24,47
24,48
24,49
24,50
24,51
24,52
24,53
24,60
24,61
24,62
24,64
24,65
24,66
24,67
24,68
24,69
24,70
24,71
24,72
24,73
24,74
24,75
24,76
25,26
25,27
25,28
25,29
25,30
25,31
25,32
25,33
25,34
25,35
25,36
25,37
25,38
25,39
25,40
25,41
25,42
25,43
25,44
25,45
25,46
25,47
25,48
25,49
25,50
25,51
25,52
25,53
25,54
25,56
25,57
25,59
25,62
25,66
25,72
25,79
25,87
25,88
25,95
25,98
25,99
25,101
25,105
25,107
25,108
25,113
25,124
25,126
25,135
25,139
25,141
25,144
25,145
25,153
25,157
25,158
25,161
25,168
25,169
25,172
25,177
25,179
25,180
25,187
25,188
25,190
25,199
26,27
26,28
26,29
26,30
26,31
26,32
26,33
26,34
26,35
26,36
26,37
26,38
26,39
26,40
26,41
26,42
26,43
26,44
26,45
26,46
26,47
26,48
26,49
26,50
26,51
26,52
26,53
26,54
26,56
26,57
26,59
26,62
26,64
26,65
26,66
26,68
26,69
26,70
26,71
26,72
26,73
26,74
26,75
26,76
26,77
26,78
26,79
26,80
26,81
26,82
26,83
26,84
26,85
26,86
26,87
26,88
26,89
26,90
26,91
26,92
26,93
26,94
26,95
26,96
26,97
26,98
26,99
26,100
26,101
26,102
26,103
26,104
26,105
26,107
26,108
26,113
26,124
26,126
26,135
26,139
26,141
26,144
26,145
26,153
26,157
26,158
26,161
26,168
26,169
26,172
26,177
26,179
26,180
26,187
26,188
26,190
26,199
27,28
27,29
27,30
27,31
27,32
27,33
27,34
27,35
27,36
27,37
27,38
27,39
27,40
27,41
27,42
27,43
27,44
27,45
27,46
27,47
27,48
27,49
27,50
27,51
27,52
27,53
27,54
27,55
27,56
27,57
27,58
27,60
27,61
27,62
27,63
27,64
27,65
27,66
27,67
27,68
27,69
27,71
27,72
27,73
27,74
27,75
27,76
27,77
27,78
27,79
27,80
27,81
27,82
27,83
27,84
27,85
27,86
27,87
27,88
27,89
27,90
27,91
27,92
27,93
27,94
27,95
27,96
27,97
27,99
27,100
27,101
27,102
27,103
27,104
27,105
27,106
27,107
27,108
27,109
27,110
27,111
27,112
27,113
27,114
27,115
27,116
27,117
27,118
27,119
27,120
27,121
27,122
27,123
27,124
27,125
27,126
27,127
27,128
27,129
27,130
27,131
27,132
27,133
27,134
27,136
27,137
27,138
27,139
27,140
27,141
27,142
27,143
27,144
27,145
27,146
27,147
27,148
27,149
27,150
27,151
27,152
27,153
27,154
27,156
27,157
27,158
27,159
27,160
27,161
27,162
27,163
27,165
27,166
27,167
27,168
27,170
27,171
27,172
27,173
27,174
27,176
27,177
27,178
27,179
27,180
27,181
27,184
27,185
27,187
27,188
27,189
27,190
27,191
27,192
27,193
27,194
27,195
27,196
27,197
27,198
27,199
28,29
28,30
28,31
28,32
28,33
28,34
28,35
28,36
28,37
28,38
28,39
28,40
28,41
28,42
28,43
28,44
28,45
28,46
28,47
28,48
28,49
28,50
28,51
28,52
28,53
28,55
28,57
28,58
28,59
28,60
28,61
28,62
28,63
28,64
28,65
28,66
28,67
28,68
28,69
28,70
28,71
28,72
28,73
28,74
28,75
28,76
28,77
28,78
28,79
28,80
28,81
28,82
28,83
28,84
28,85
28,86
28,87
28,88
28,89
28,90
28,91
28,92
28,93
28,94
28,95
29,30
29,31
29,32
29,33
29,34
29,35
29,36
29,37
29,38
29,39
29,40
29,41
29,42
29,43
29,44
29,45
29,46
29,47
29,48
29,49
29,50
29,51
29,52
29,53
29,54
29,56
29,57
29,59
29,62
29,63
29,64
29,65
29,66
29,67
29,68
29,69
29,70
29,71
29,72
29,73
29,74
29,79
29,87
29,88
29,95
29,98
29,99
29,101
29,105
29,107
29,108
29,113
29,124
29,126
29,135
29,139
29,141
29,144
29,145
29,153
29,157
29,158
29,161
29,168
29,169
29,172
29,177
29,179
29,180
29,187
29,188
29,190
29,199
30,31
30,32
30,33
30,34
30,35
30,36
30,37
30,38
30,39
30,40
30,41
30,42
30,43
30,44
30,45
30,46
30,47
30,48
30,49
30,50
30,51
30,52
30,53
30,54
30,55
30,56
30,57
30,58
30,59
30,60
30,61
30,62
30,63
30,64
30,65
30,66
30,67
30,68
30,69
30,70
30,71
30,72
30,73
30,74
30,75
31,32
31,33
31,34
31,35
31,36
31,37
31,38
31,39
31,40
31,41
31,42
31,43
31,44
31,45
31,46
31,47
31,48
31,49
31,50
31,51
31,52
31,53
31,54
31,55
31,56
31,57
31,58
31,59
31,60
31,61
31,62
31,63
31,64
31,65
31,66
31,67
31,68
31,70
31,71
31,72
31,73
31,74
31,75
31,76
31,77
31,78
31,79
31,80
31,81
31,83
31,84
31,85
31,86
31,87
31,88
31,89
31,90
31,91
31,92
31,93
31,94
31,95
31,96
31,97
31,98
31,99
31,100
31,101
31,102
31,103
31,104
31,105
31,106
31,107
31,108
31,109
31,110
31,111
31,112
31,113
31,114
31,115
31,116
31,117
31,119
31,120
31,121
31,123
31,124
31,125
31,126
31,127
31,128
31,129
31,130
31,131
31,132
31,133
31,134
31,135
31,136
31,137
31,138
31,139
31,140
31,141
31,143
31,144
31,145
31,146
31,147
31,148
31,149
31,150
31,151
31,152
31,153
31,154
31,155
31,156
31,157
31,158
31,159
31,160
31,161
31,162
31,163
31,164
31,165
31,166
31,168
31,169
31,170
31,171
31,172
31,177
31,179
31,180
31,187
31,188
31,190
31,199
32,33
32,34
32,35
32,36
32,37
32,38
32,39
32,40
32,41
32,42
32,43
32,44
32,45
32,46
32,47
32,48
32,49
32,50
32,51
32,52
32,53
32,54
32,56
32,57
32,59
32,62
32,66
32,72
32,79
32,87
32,88
32,95
32,98
32,99
32,101
32,105
32,107
32,108
32,113
32,124
32,126
32,135
32,139
32,141
32,144
32,145
32,153
32,157
32,158
32,161
32,168
32,169
32,172
32,177
32,179
32,180
32,187
32,188
32,190
32,199
33,34
33,35
33,36
33,37
33,38
33,39
33,40
33,41
33,42
33,43
33,44
33,45
33,46
33,47
33,48
33,49
33,50
33,51
33,52
33,53
33,54
33,55
33,56
33,57
33,58
33,59
33,60
33,61
33,62
33,63
33,64
33,65
33,66
33,67
33,68
33,69
33,70
33,71
33,72
33,73
33,74
33,76
33,77
33,78
33,79
33,80
33,81
33,82
33,83
33,85
33,86
33,87
33,88
33,89
33,90
33,92
33,93
33,94
33,95
33,96
33,97
33,98
33,99
33,100
33,101
33,102
33,103
33,104
33,105
33,106
33,108
33,109
33,110
33,111
33,112
33,113
33,114
33,115
33,116
33,117
33,118
33,119
33,120
33,121
33,122
33,123
33,125
33,126
33,127
33,128
33,129
33,130
33,133
33,134
33,135
33,136
33,137
33,138
33,139
33,141
33,142
33,143
33,145
33,146
33,147
33,148
33,149
33,150
33,151
33,152
33,153
33,154
33,155
33,156
33,157
33,158
33,159
33,160
33,161
33,162
33,163
33,164
33,165
33,166
33,167
33,168
33,169
33,170
33,171
33,172
33,173
33,174
33,176
33,177
33,178
33,179
33,180
33,181
33,182
33,184
33,185
33,186
33,187
33,188
33,190
33,191
33,192
33,193
33,194
33,195
33,196
33,197
33,198
34,35
34,36
34,37
34,38
34,39
34,40
34,41
34,42
34,43
34,44
34,45
34,46
34,47
34,48
34,49
34,50
34,51
34,52
34,53
34,59
34,60
35,36
35,37
35,38
35,39
35,40
35,41
35,42
35,43
35,44
35,45
35,46
35,47
35,48
35,49
35,50
35,51
35,52
35,53
35,54
35,56
35,57
35,59
35,62
35,66
35,72
35,79
35,87
35,88
35,95
35,98
35,99
35,101
35,105
35,107
35,108
35,113
35,124
35,126
35,135
35,139
35,141
35,144
35,145
35,153
35,157
35,158
35,161
35,168
35,169
35,172
35,177
35,179
35,180
35,187
35,188
35,190
35,199
36,37
36,38
36,39
36,40
36,41
36,42
36,43
36,44
36,45
36,46
36,47
36,48
36,49
36,50
36,51
36,52
36,53
36,61
36,62
37,38
37,39
37,40
37,41
37,42
37,43
37,44
37,45
37,46
37,47
37,48
37,49
37,50
37,51
37,52
37,53
37,56
37,57
37,58
37,59
37,60
37,61
37,62
37,64
37,65
37,66
37,67
37,68
37,69
37,70
37,71
37,72
37,73
37,74
37,76
37,78
37,79
37,80
37,81
37,82
37,83
37,84
37,85
37,86
37,87
37,88
37,89
37,90
37,92
37,93
38,39
38,40
38,41
38,42
38,43
38,44
38,45
38,46
38,47
38,48
38,49
38,50
38,51
38,52
38,53
38,54
38,55
38,56
38,57
38,58
38,59
38,60
38,61
38,62
38,63
38,64
38,65
38,66
38,67
38,68
38,69
38,72
38,79
38,87
38,88
38,95
38,98
38,99
38,101
38,105
38,107
38,108
38,113
38,124
38,126
38,135
38,139
38,141
38,144
38,145
38,153
38,157
38,158
38,161
38,168
38,169
38,172
38,177
38,179
38,180
38,187
38,188
38,190
38,199
39,40
39,41
39,42
39,43
39,44
39,45
39,46
39,47
39,48
39,49
39,50
39,51
39,52
39,53
39,57
39,58
39,60
39,61
39,62
39,63
39,64
39,65
39,66
39,67
39,68
39,70
39,71
39,72
39,73
39,74
39,75
39,76
39,77
39,78
39,79
39,81
39,82
39,83
39,84
39,85
39,86
39,87
39,88
39,89
39,90
39,91
39,92
39,94
39,96
39,97
40,41
40,42
40,43
40,44
40,45
40,46
40,47
40,48
40,49
40,50
40,51
40,52
40,53
40,54
40,56
40,57
40,58
40,59
40,60
40,61
40,62
40,63
40,64
40,65
40,66
40,67
40,68
40,69
40,70
40,71
40,72
40,79
40,87
40,88
40,95
40,98
40,99
40,101
40,105
40,107
40,108
40,113
40,124
40,126
40,135
40,139
40,141
40,144
40,145
40,153
40,157
40,158
40,161
40,168
40,169
40,172
40,177
40,179
40,180
40,187
40,188
40,190
40,199
41,42
41,43
41,44
41,45
41,46
41,47
41,48
41,49
41,50
41,51
41,52
41,53
41,54
41,56
41,57
41,59
41,62
41,66
41,72
41,79
41,87
41,88
41,95
41,98
41,99
41,101
41,105
41,107
41,108
41,113
41,124
41,126
41,135
41,139
41,141
41,144
41,145
41,153
41,157
41,158
41,161
41,168
41,169
41,172
41,177
41,179
41,180
41,187
41,188
41,190
41,199
42,43
42,44
42,45
42,46
42,47
42,48
42,49
42,50
42,51
42,52
42,53
42,55
42,56
42,57
42,58
42,59
42,60
42,61
42,62
42,63
42,64
42,65
42,66
42,67
42,68
42,69
42,70
42,71
42,73
42,74
42,75
42,76
42,77
42,78
43,44
43,45
43,46
43,47
43,48
43,49
43,50
43,51
43,52
43,53
43,56
43,57
43,58
43,59
43,60
43,61
43,62
43,63
43,65
44,45
44,46
44,47
44,48
44,49
44,50
44,51
44,52
44,53
44,59
44,60
44,61
44,62
44,63
44,64
44,65
44,66
44,67
44,68
44,69
44,70
44,71
44,72
44,73
45,46
45,47
45,48
45,49
45,50
45,51
45,52
45,53
45,56
45,57
45,58
45,59
45,60
45,61
45,62
45,63
45,64
45,65
45,66
45,67
45,68
45,71
45,72
45,73
45,74
45,75
45,76
45,77
45,78
45,79
45,80
46,47
46,48
46,49
46,50
46,51
46,52
46,53
46,54
46,56
46,57
46,59
46,61
46,62
46,63
46,64
46,66
46,72
46,79
46,87
46,88
46,95
46,98
46,99
46,101
46,105
46,107
46,108
46,113
46,124
46,126
46,135
46,139
46,141
46,144
46,145
46,153
46,157
46,158
46,161
46,168
46,169
46,172
46,177
46,179
46,180
46,187
46,188
46,190
46,199
47,48
47,49
47,50
47,51
47,52
47,53
47,59
47,60
47,61
47,62
47,65
47,66
47,67
47,68
47,69
47,70
47,71
47,72
47,73
47,74
47,75
47,76
47,78
47,79
47,80
47,81
47,82
47,83
47,84
47,85
47,86
47,87
47,88
47,89
47,90
47,91
47,92
47,94
47,95
47,96
47,97
47,98
47,100
47,101
47,102
47,103
47,107
47,108
47,110
47,111
48,49
48,50
48,51
48,52
48,53
48,54
48,56
48,57
48,59
48,62
48,64
48,65
48,66
48,67
48,68
48,69
48,70
48,71
48,72
48,73
48,74
48,75
48,76
48,77
48,78
48,79
48,80
48,81
48,82
48,83
48,84
48,85
48,86
48,87
48,88
48,90
48,91
48,92
48,93
48,94
48,95
48,96
48,97
48,98
48,99
48,100
48,101
48,102
48,103
48,104
48,105
48,106
48,107
48,108
48,109
48,110
48,111
48,113
48,114
48,115
48,116
48,118
48,119
48,120
48,121
48,122
48,123
48,124
48,125
48,126
48,127
48,128
48,135
48,139
48,141
48,144
48,145
48,153
48,157
48,158
48,161
48,168
48,169
48,172
48,177
48,179
48,180
48,187
48,188
48,190
48,199
49,50
49,51
49,52
49,53
50,51
50,52
50,53
50,56
50,57
50,58
50,59
50,60
50,61
50,62
50,63
50,64
50,65
50,66
50,67
50,68
50,69
50,70
50,71
50,72
50,73
50,74
50,75
50,76
50,77
50,78
50,80
50,81
50,82
50,83
50,84
50,85
50,86
50,87
50,88
50,89
50,90
50,91
51,52
51,53
51,59
51,60
51,61
51,62
51,63
51,64
51,65
51,66
51,67
51,68
51,69
51,70
51,71
51,72
51,73
51,74
51,75
51,76
51,77
51,78
51,79
51,80
51,81
51,82
51,83
51,84
51,85
52,53
52,54
52,55
52,56
52,57
52,58
52,59
52,61
52,62
52,63
52,64
52,65
52,66
52,67
52,68
52,69
52,70
52,71
52,72
52,73
52,75
52,76
52,77
52,78
52,79
52,80
52,81
52,82
52,83
52,84
52,85
52,86
52,87
52,88
52,89
52,90
52,91
52,92
52,93
52,94
52,95
52,96
52,97
52,98
52,99
52,101
52,102
52,103
52,104
52,105
52,106
52,107
52,108
52,109
52,110
52,111
52,112
52,113
52,114
52,115
52,116
52,117
52,118
52,119
52,120
52,121
52,122
52,123
52,125
52,126
52,127
52,128
52,130
52,132
52,133
52,135
52,136
52,137
52,138
52,139
52,141
52,142
52,143
52,144
52,146
53,56
53,57
53,58
53,59
53,60
53,61
53,62
53,63
53,64
53,65
53,66
53,67
53,68
53,69
53,70
53,71
53,72
53,73
53,74
53,75
53,76
53,77
53,78
53,79
53,80
53,81
53,82
53,83
53,84
53,85
53,86
53,87
53,88
53,89
53,90
53,91
53,92
53,93
53,94
53,95
53,96
53,97
53,98
53,99
53,100
53,102
53,103
53,104
53,105
53,106
53,107
53,108
53,109
53,110
53,111
53,112
53,113
53,114
53,115
53,116
53,117
53,119
53,120
53,121
53,122
53,123
53,124
53,125
53,126
53,127
53,128
53,129
53,130
53,131
53,133
53,134
53,135
53,136
53,137
53,138
53,139
53,140
53,141
53,142
53,143
53,144
53,145
53,148
53,149
53,150
53,152
53,153
53,155
53,156
53,157
53,158
53,159
53,160
53,161
53,163
53,164
53,167
53,168
53,169
53,170
53,172
53,173
53,174
53,176
53,178
53,180
53,181
53,182
53,183
53,184
53,186
53,187
53,188
53,190
53,191
53,192
53,194
53,197
53,198
53,199
54,56
54,57
54,58
54,59
54,60
54,61
54,62
54,63
54,64
54,65
54,66
54,67
54,68
54,69
54,70
54,71
54,72
54,73
54,74
54,75
54,76
54,77
54,78
54,79
54,80
54,81
54,82
54,83
54,84
54,85
54,86
54,87
54,88
54,89
54,90
54,91
54,92
54,93
54,94
54,95
54,98
54,99
54,100
54,101
54,102
54,103
54,104
54,105
54,106
54,107
54,108
54,109
54,110
54,111
54,112
54,113
54,114
54,115
54,116
54,117
54,119
54,120
54,121
54,122
54,123
54,124
54,125
54,126
54,129
54,130
54,131
54,132
54,133
54,134
54,135
54,136
54,137
54,138
54,139
54,140
54,141
54,142
54,143
54,144
54,145
54,146
54,147
54,148
54,149
54,150
54,151
54,152
54,153
54,154
54,155
54,156
54,157
54,158
54,159
54,160
54,161
54,162
54,163
54,164
54,165
54,166
54,167
54,168
54,169
54,170
54,171
54,172
54,173
54,174
54,176
54,177
54,178
54,179
54,180
54,181
54,182
54,183
54,184
54,185
54,186
54,187
54,188
54,189
54,190
54,191
54,193
54,194
54,195
54,196
54,197
54,198
54,199
55,56
55,57
55,58
55,59
55,60
55,61
55,62
55,63
55,64
55,65
55,66
55,67
55,68
55,69
55,70
55,71
55,72
55,73
55,74
55,75
55,76
55,77
55,78
55,80
55,81
55,83
55,84
55,85
55,86
55,87
55,88
55,89
55,90
55,91
55,92
55,93
55,94
55,95
55,96
55,97
55,98
55,99
55,100
55,101
55,102
55,103
55,104
55,105
55,106
55,107
55,108
55,109
55,110
55,111
55,112
55,113
55,114
55,115
55,116
56,57
56,58
56,59
56,60
56,61
56,62
56,63
56,66
56,72
56,79
56,87
56,88
56,95
56,98
56,99
56,101
56,105
56,107
56,108
56,113
56,124
56,126
56,135
56,139
56,141
56,144
56,145
56,153
56,157
56,158
56,161
56,168
56,169
56,172
56,177
56,179
56,180
56,187
56,188
56,190
56,199
57,58
57,59
57,60
57,61
57,62
57,63
57,64
57,65
57,66
57,67
57,68
57,69
57,70
57,71
57,72
57,73
57,74
57,76
57,77
57,78
57,79
57,80
57,81
57,82
57,83
57,84
57,85
57,86
57,87
57,88
57,89
57,90
57,91
57,92
57,93
57,95
57,96
57,97
57,98
57,99
57,100
57,101
57,102
57,103
57,104
57,105
57,106
57,107
57,108
57,109
57,110
57,112
57,113
57,114
57,115
57,116
57,117
57,119
57,121
57,122
57,123
57,124
57,125
57,126
57,127
57,128
57,129
57,130
57,131
57,132
57,133
57,134
57,135
57,136
57,137
57,138
57,139
57,140
57,141
57,142
57,143
57,144
57,145
57,146
57,147
57,148
57,149
57,151
57,152
57,153
57,154
57,155
57,157
57,158
57,159
57,161
57,162
57,163
57,164
57,165
57,166
57,167
57,168
57,169
57,170
57,172
57,177
57,179
57,180
57,187
57,188
57,190
57,199
58,59
58,60
58,61
58,62
58,63
58,64
58,65
58,66
58,67
58,68
58,69
58,70
58,71
58,72
58,73
58,74
58,75
58,76
58,78
58,79
58,80
58,81
58,82
58,83
58,84
58,85
58,86
58,87
58,88
58,89
58,90
58,91
58,92
58,93
58,94
58,95
58,96
58,97
58,98
58,99
58,100
58,101
58,102
58,103
58,104
58,105
58,106
58,107
58,108
58,109
58,110
58,111
58,112
58,113
58,114
58,115
58,116
58,117
58,118
58,119
58,120
58,121
58,122
58,123
58,125
58,126
58,127
58,128
58,129
58,130
58,131
58,132
58,133
58,134
58,135
58,136
58,137
58,138
58,139
58,140
58,141
58,142
58,143
58,144
58,145
58,146
58,147
58,148
58,149
58,151
58,152
58,154
58,155
58,156
58,157
58,158
58,159
58,160
58,161
58,162
58,163
58,164
58,165
58,166
58,167
58,168
58,169
58,170
58,171
58,172
58,173
58,174
58,176
58,177
58,178
58,179
58,180
58,181
58,182
58,183
58,184
58,185
58,186
58,188
58,189
58,190
58,191
59,60
59,62
59,63
59,64
59,65
59,66
59,67
59,68
59,69
59,70
59,71
59,72
59,74
59,75
59,76
59,77
59,78
59,79
59,80
59,81
59,82
59,83
59,84
59,85
59,86
59,87
59,88
59,89
59,90
59,91
59,92
59,93
59,95
59,96
59,97
59,98
59,99
59,100
59,101
59,103
59,104
59,105
59,106
59,107
59,108
59,109
59,110
59,111
59,112
59,113
59,114
59,115
59,117
59,118
59,119
59,120
59,121
59,122
59,123
59,124
59,125
59,126
59,127
59,128
59,129
59,130
59,131
59,132
59,133
59,134
59,135
59,136
59,137
59,138
59,139
59,140
59,141
59,142
59,143
59,144
59,145
59,146
59,148
59,150
59,151
59,152
59,153
59,154
59,155
59,156
59,157
59,158
59,159
59,160
59,161
59,163
59,164
59,165
59,166
59,167
59,168
59,169
59,170
59,171
59,172
59,173
59,174
59,175
59,176
59,177
59,179
59,180
59,187
59,188
59,190
59,199
60,61
60,62
60,63
60,64
60,65
60,66
60,67
60,68
60,69
60,70
60,71
60,72
60,73
60,74
60,75
60,76
60,77
60,78
60,79
60,80
60,81
60,82
60,83
60,84
60,85
60,86
60,87
60,88
60,89
60,90
60,91
60,92
60,93
60,94
60,95
60,96
60,97
60,98
60,99
60,100
60,101
60,102
60,103
60,104
60,105
60,106
60,107
60,108
60,109
60,111
60,112
60,113
60,114
60,115
60,116
60,117
60,118
61,62
61,63
61,64
61,65
61,66
61,67
61,68
61,69
61,70
61,71
61,72
61,73
61,74
61,75
61,76
61,77
61,78
61,79
61,80
61,81
61,82
61,83
61,84
61,85
61,86
61,87
61,88
62,63
62,64
62,65
62,66
62,67
62,68
62,70
62,72
62,79
62,87
62,88
62,95
62,98
62,99
62,101
62,105
62,107
62,108
62,113
62,124
62,126
62,135
62,139
62,141
62,144
62,145
62,153
62,157
62,158
62,161
62,168
62,169
62,172
62,177
62,179
62,180
62,187
62,188
62,190
62,199
63,64
63,65
63,66
63,67
63,68
63,69
63,70
63,71
63,72
63,73
63,74
63,75
63,76
63,77
63,78
63,79
63,80
63,81
63,82
63,83
63,84
63,85
63,86
63,87
63,88
63,89
63,90
63,91
63,92
63,93
63,94
63,95
63,96
63,98
63,99
63,100
63,101
63,102
63,103
63,104
63,105
63,106
63,107
63,108
63,109
63,110
63,111
63,112
63,113
63,114
63,115
64,65
64,66
64,67
64,68
64,69
64,71
64,72
64,73
64,74
64,75
64,76
64,77
64,78
64,79
64,80
64,81
64,82
64,83
64,84
64,85
64,86
64,87
64,88
64,89
64,90
64,91
64,92
64,93
64,94
64,95
64,96
64,97
64,98
64,99
64,100
64,101
64,102
64,103
64,104
64,105
64,106
64,107
64,109
64,110
65,66
65,67
65,68
65,69
65,70
65,71
65,72
65,73
65,74
65,75
65,76
65,77
66,67
66,68
66,69
66,70
66,71
66,72
66,73
66,74
66,75
66,76
66,77
66,78
66,79
66,80
66,81
66,87
66,88
66,95
66,98
66,99
66,101
66,105
66,107
66,108
66,113
66,124
66,126
66,135
66,139
66,141
66,144
66,145
66,153
66,157
66,158
66,161
66,168
66,169
66,172
66,177
66,179
66,180
66,187
66,188
66,190
66,199
67,68
67,69
67,70
67,71
67,72
67,73
67,74
67,75
67,76
67,77
67,78
67,79
67,80
67,81
67,82
67,83
67,84
67,85
67,86
67,87
67,88
67,89
67,90
67,91
67,92
67,93
67,94
67,96
67,97
67,98
67,99
67,100
67,101
67,102
67,103
67,104
67,105
67,106
67,107
67,109
67,110
67,111
67,112
67,113
67,114
67,115
67,116
67,117
67,118
67,120
67,121
67,123
67,124
67,125
67,126
67,127
67,128
67,129
67,130
67,131
67,132
67,133
67,134
67,135
67,136
67,137
67,138
67,141
67,142
67,143
67,144
67,145
67,146
67,147
67,148
67,149
67,150
67,151
67,152
67,153
67,154
67,155
67,157
67,158
68,69
68,70
68,71
68,72
68,73
68,74
68,75
68,76
68,77
68,78
68,79
68,80
68,81
68,82
68,83
68,84
68,85
68,86
68,87
68,88
68,89
68,90
68,91
68,92
68,93
68,94
68,95
68,96
68,97
68,98
68,99
68,100
68,101
68,102
68,103
68,104
68,106
68,107
68,108
68,109
68,110
68,111
68,112
68,113
68,114
68,116
68,117
68,118
68,119
68,120
68,121
68,122
68,123
68,124
68,125
68,126
68,127
68,128
68,129
69,70
69,71
69,72
69,73
69,74
69,75
69,76
69,77
69,79
69,80
69,81
69,82
69,83
69,84
69,85
69,86
69,87
69,88
69,89
69,90
69,91
69,92
69,93
69,94
69,95
69,96
69,97
69,98
69,99
69,100
69,101
69,102
69,103
69,104
69,105
69,106
69,107
69,108
69,109
69,110
69,111
69,112
69,113
69,114
69,115
69,116
69,117
69,118
69,119
69,120
69,122
69,123
69,124
69,125
70,71
70,72
70,73
70,74
70,75
70,76
70,77
70,78
70,79
70,80
70,81
70,82
70,83
70,84
70,85
70,86
70,87
70,88
70,89
70,90
70,91
70,92
70,93
70,94
70,95
70,96
70,97
70,98
70,99
70,100
70,101
70,102
70,103
70,104
70,105
70,106
70,107
70,108
70,109
70,110
70,111
70,112
70,113
70,114
70,116
70,117
70,118
70,119
70,120
70,121
70,122
70,123
71,73
71,74
71,75
71,76
71,77
71,78
71,79
72,73
72,74
72,75
72,76
72,77
72,78
72,79
72,80
72,81
72,82
72,83
72,84
72,85
72,86
72,87
72,88
72,89
72,90
72,91
72,92
72,93
72,94
72,95
72,96
72,97
72,98
72,99
72,101
72,102
72,103
72,104
72,105
72,106
72,107
72,108
72,109
72,110
72,111
72,112
72,113
72,114
72,115
72,116
72,117
72,118
72,120
72,121
72,122
72,123
72,124
72,125
72,126
72,127
72,128
72,130
72,131
72,132
72,133
72,134
72,135
72,136
72,137
72,138
72,139
72,140
72,141
72,142
72,143
72,144
72,145
72,146
72,147
72,148
72,149
72,150
72,152
72,153
72,154
72,156
72,157
72,158
72,159
72,160
72,161
72,162
72,163
72,164
72,165
72,166
72,168
72,169
72,170
72,171
72,172
72,173
72,174
72,177
72,179
72,180
72,187
72,188
72,190
72,199
73,74
73,75
73,76
73,77
73,78
73,79
73,80
73,81
73,82
73,83
73,84
73,85
73,86
73,87
73,88
73,89
73,90
73,92
73,93
73,94
73,95
73,97
73,98
73,99
73,101
73,102
73,103
73,104
73,105
73,106
73,107
73,108
73,109
73,110
73,111
73,112
73,113
73,114
73,115
73,116
73,117
73,118
73,119
73,120
73,121
73,122
73,123
73,124
73,125
73,126
73,127
73,128
73,129
73,130
73,131
73,132
73,133
73,134
73,135
73,136
73,137
73,138
73,139
73,140
73,141
73,142
73,144
73,145
73,146
73,147
73,148
73,149
73,150
73,151
73,152
73,153
73,154
73,155
73,156
73,157
73,158
73,159
73,160
73,161
73,162
74,75
74,76
74,77
74,78
74,79
74,80
74,81
74,82
74,83
74,84
74,85
74,86
74,87
74,88
74,89
74,90
74,91
74,92
74,93
74,94
74,95
74,96
74,97
74,98
74,100
74,101
74,102
74,103
74,104
74,105
74,106
74,107
74,108
74,109
74,110
74,111
74,112
74,113
74,114
74,115
74,116
74,117
74,118
74,119
74,121
74,122
74,123
74,124
74,125
74,126
74,127
74,128
74,129
74,130
74,131
74,132
74,133
74,134
74,135
74,136
74,137
74,138
74,139
74,140
74,141
74,142
74,143
75,76
75,77
75,78
75,79
75,80
75,81
75,82
75,83
75,84
75,85
75,86
75,87
75,88
75,89
75,90
75,91
75,92
75,93
75,94
75,95
75,96
75,97
75,98
75,99
75,100
75,101
75,102
75,103
75,104
75,105
75,106
75,107
75,108
75,109
75,110
75,111
75,112
75,113
75,114
75,115
75,116
75,117
75,118
75,119
75,120
75,121
75,122
75,123
75,124
75,125
75,126
75,127
75,128
75,129
75,130
75,131
75,132
75,133
75,134
75,135
75,136
75,137
75,138
75,139
75,140
75,141
75,142
75,143
75,144
75,145
75,146
75,147
75,148
75,149
75,150
76,77
76,78
76,79
76,80
76,81
76,82
76,83
76,84
76,85
76,86
76,87
76,89
76,90
76,91
76,92
76,93
76,94
76,95
76,96
76,97
76,98
76,99
76,100
76,101
76,102
76,103
76,104
76,105
76,106
76,107
76,108
76,109
76,110
76,111
76,112
76,113
76,114
76,115
76,116
76,117
76,118
76,119
76,120
76,121
76,122
76,123
76,125
76,126
76,127
76,128
76,129
76,130
76,131
76,132
76,133
76,134
76,135
76,137
76,138
76,139
76,140
76,141
76,142
76,143
76,144
76,145
76,146
76,147
76,148
76,149
76,150
76,151
76,152
76,153
76,154
76,155
76,156
76,157
76,158
76,159
76,160
77,78
77,79
77,80
77,81
77,82
77,83
78,79
78,80
78,81
78,82
78,83
78,84
78,85
78,86
79,80
79,81
79,82
79,83
79,84
79,85
79,86
79,87
79,88
79,89
79,90
79,91
79,92
79,95
79,96
79,97
79,98
79,99
79,100
79,101
79,102
79,103
79,104
79,105
79,106
79,107
79,108
79,109
79,110
79,111
79,112
79,113
79,114
79,115
79,116
79,117
79,119
79,120
79,121
79,122
79,123
79,124
79,125
79,126
79,127
79,135
79,139
79,141
79,144
79,145
79,153
79,157
79,158
79,161
79,168
79,169
79,172
79,177
79,179
79,180
79,187
79,188
79,190
79,199
80,81
80,82
80,83
80,84
80,85
80,86
80,87
80,88
80,89
80,90
80,91
80,92
80,93
80,94
80,95
80,96
80,97
80,98
81,82
81,83
81,84
81,85
81,86
81,87
81,88
81,89
81,90
81,91
81,92
81,93
81,94
81,95
81,96
81,97
81,99
81,100
81,101
81,102
81,103
81,104
81,105
81,106
81,107
81,108
81,109
81,110
81,111
81,112
81,113
81,115
81,116
81,117
81,118
81,119
81,120
81,121
81,122
81,123
81,124
81,125
81,126
81,127
81,128
81,130
81,131
81,132
81,133
81,134
81,135
81,136
81,137
81,138
81,139
81,141
81,142
82,83
82,84
82,85
82,86
82,87
82,88
82,89
82,90
82,91
82,92
82,93
82,94
82,95
82,96
82,97
82,98
82,99
82,100
82,101
82,102
82,103
82,104
82,105
82,106
82,107
82,108
82,109
82,110
82,111
82,112
82,113
82,114
82,115
82,116
82,117
82,118
82,119
82,120
82,121
82,122
82,124
82,125
82,126
82,127
82,128
82,129
82,130
82,131
82,132
83,84
83,85
83,86
83,87
83,88
83,89
83,90
83,91
83,92
83,93
83,94
83,95
83,96
83,97
83,98
83,99
83,100
83,101
83,102
83,103
83,104
83,105
83,106
83,107
83,108
83,109
83,110
83,111
83,112
83,114
84,85
84,86
84,87
84,88
84,90
84,91
84,92
84,93
84,94
84,95
84,97
84,98
84,99
84,100
84,101
85,86
85,87
85,88
85,89
85,90
85,91
85,92
85,93
85,94
85,95
85,96
85,97
85,98
85,99
85,100
85,101
85,102
85,103
85,104
85,105
85,106
85,107
85,108
85,109
85,110
85,111
85,112
85,113
86,87
86,88
86,89
86,90
86,91
86,94
86,96
86,97
86,98
86,99
86,100
86,101
86,102
86,103
86,105
86,106
86,107
86,108
86,109
86,110
86,111
86,112
86,113
86,114
86,115
86,117
86,118
86,119
86,120
86,121
86,122
86,123
86,124
86,125
86,126
86,127
86,128
86,129
86,130
86,131
87,88
87,89
87,90
87,91
87,92
87,93
87,94
87,95
87,96
87,97
87,98
87,99
87,101
87,105
87,107
87,108
87,113
87,124
87,126
87,135
87,139
87,141
87,144
87,145
87,153
87,157
87,158
87,161
87,168
87,169
87,172
87,177
87,179
87,180
87,187
87,188
87,190
87,199
88,89
88,95
88,98
88,99
88,101
88,105
88,107
88,108
88,113
88,124
88,126
88,135
88,139
88,141
88,144
88,145
88,153
88,157
88,158
88,161
88,168
88,169
88,172
88,177
88,179
88,180
88,187
88,188
88,190
88,199
89,90
89,91
89,92
89,93
89,94
89,95
89,96
89,97
89,98
89,99
89,100
89,101
90,91
90,92
90,93
90,94
91,92
91,93
91,94
91,95
91,96
91,97
91,98
91,99
91,100
91,101
91,103
91,104
91,105
91,106
91,107
91,108
91,109
91,111
91,112
91,113
91,114
91,115
91,116
91,117
91,118
91,119
91,120
91,121
91,122
91,123
91,124
91,125
91,126
91,127
91,129
91,130
91,131
91,132
91,133
91,134
91,135
91,137
91,138
91,139
91,140
93,94
93,95
93,96
93,97
93,98
93,99
93,100
93,101
93,102
93,104
93,105
93,106
93,107
93,108
93,109
93,110
93,111
93,112
93,113
93,114
93,115
93,116
93,117
93,118
93,119
93,120
93,121
93,122
93,123
93,124
93,125
93,126
93,127
93,128
93,129
93,130
93,131
93,132
93,133
93,135
93,136
93,137
93,138
93,139
93,140
93,141
93,142
93,143
93,144
93,148
93,149
93,151
93,153
93,154
93,155
93,156
93,157
93,158
93,159
93,161
93,162
93,163
93,166
93,171
93,173
93,174
93,176
93,178
93,179
93,181
93,182
93,184
93,185
93,186
93,188
93,192
93,194
93,196
93,197
93,198
94,95
94,96
94,97
94,98
94,99
94,100
94,102
94,103
94,104
94,105
94,106
94,107
94,108
94,109
95,96
95,97
95,98
95,99
95,100
95,101
95,102
95,103
95,104
95,105
95,106
95,107
95,108
95,109
95,110
95,111
95,113
95,115
95,116
95,117
95,118
95,119
95,120
95,121
95,122
95,123
95,124
95,126
95,135
95,139
95,141
95,144
95,145
95,153
95,157
95,158
95,161
95,168
95,169
95,172
95,177
95,179
95,180
95,187
95,188
95,190
95,199
96,97
96,98
96,99
96,100
96,101
96,102
96,103
96,104
96,105
96,106
96,107
96,108
96,109
96,110
96,112
96,113
96,114
96,115
96,116
96,117
96,118
96,119
96,120
96,121
96,124
96,125
96,126
96,127
96,128
96,129
96,130
96,131
96,132
96,134
96,135
96,136
96,137
96,139
96,140
96,142
96,143
96,144
96,145
96,147
96,148
96,149
96,150
96,151
97,98
97,99
97,100
97,101
97,102
97,103
98,99
98,100
98,101
98,102
98,103
98,105
98,106
98,107
98,108
98,110
98,111
98,112
98,113
98,114
98,115
98,116
98,117
98,118
98,119
98,120
98,121
98,122
98,124
98,126
98,135
98,139
98,141
98,144
98,145
98,153
98,157
98,158
98,161
98,168
98,169
98,172
98,177
98,179
98,180
98,187
98,188
98,190
98,199
99,100
99,101
99,103
99,104
99,105
99,106
99,107
99,108
99,109
99,110
99,111
99,112
99,113
99,114
99,115
99,116
99,117
99,118
99,119
99,120
99,121
99,122
99,123
99,124
99,125
99,126
99,127
99,128
99,129
99,130
99,131
99,132
99,133
99,134
99,135
99,136
99,137
99,138
99,139
99,140
99,141
99,142
99,143
99,144
99,145
99,147
99,148
99,149
99,150
99,151
99,152
99,153
99,154
99,155
99,156
99,157
99,158
99,159
99,160
99,161
99,162
99,163
99,164
99,166
99,167
99,168
99,169
99,172
99,177
99,179
99,180
99,187
99,188
99,190
99,199
100,101
100,102
100,103
100,104
100,105
100,106
101,102
101,103
101,104
101,105
101,106
101,107
101,108
101,110
101,111
101,112
101,113
101,114
101,115
101,116
101,117
101,118
101,119
101,124
101,126
101,135
101,139
101,141
101,144
101,145
101,153
101,157
101,158
101,161
101,168
101,169
101,172
101,177
101,179
101,180
101,187
101,188
101,190
101,199
102,103
102,104
102,105
102,106
102,107
103,104
103,105
103,106
103,107
103,108
103,109
103,110
103,111
103,112
103,113
103,114
103,115
103,116
103,117
103,118
103,119
103,120
103,121
103,122
103,123
103,124
103,125
103,126
104,105
104,106
104,107
104,108
104,109
104,110
104,111
104,112
104,113
104,114
104,115
104,116
104,117
104,118
104,119
104,120
104,121
105,106
105,107
105,108
105,109
105,110
105,111
105,112
105,113
105,114
105,115
105,116
105,117
105,118
105,119
105,120
105,121
105,122
105,123
105,124
105,125
105,126
105,127
105,128
105,129
105,130
105,131
105,132
105,134
105,135
105,139
105,141
105,144
105,145
105,153
105,157
105,158
105,161
105,168
105,169
105,172
105,177
105,179
105,180
105,187
105,188
105,190
105,199
106,108
106,109
106,110
106,111
106,112
106,113
106,114
106,115
106,116
106,117
106,118
106,119
106,120
106,121
106,122
106,123
106,124
106,125
106,126
106,127
106,128
106,129
106,130
106,131
106,132
106,133
106,134
106,135
106,136
106,137
107,108
107,109
107,110
107,111
107,112
107,113
107,114
107,115
107,116
107,117
107,118
107,119
107,120
107,121
107,122
107,123
107,124
107,125
107,126
107,127
107,128
107,129
107,130
107,131
107,132
107,133
107,135
107,136
107,137
107,138
107,139
107,140
107,141
107,142
107,143
107,144
107,145
107,146
107,147
107,149
107,150
107,151
107,152
107,153
107,154
107,155
107,156
107,157
107,158
107,159
107,160
107,161
107,162
107,163
107,164
107,166
107,168
107,169
107,170
107,172
107,173
107,175
107,177
107,178
107,179
107,180
107,181
107,182
107,183
107,184
107,185
107,187
107,188
107,190
107,192
107,194
107,199
108,109
108,110
108,111
108,112
108,113
108,114
108,115
108,116
108,117
108,118
108,119
108,120
108,121
108,122
108,123
108,124
108,125
108,126
108,128
108,129
108,130
108,131
108,132
108,133
108,134
108,135
108,136
108,137
108,138
108,139
108,140
108,141
108,142
108,143
108,144
108,145
108,146
108,147
108,148
108,149
108,150
108,151
108,152
108,153
108,154
108,155
108,156
108,157
108,158
108,159
108,161
108,162
108,163
108,164
108,165
108,166
108,167
108,168
108,169
108,171
108,172
108,173
108,174
108,175
108,176
108,177
108,178
108,179
108,180
108,181
108,183
108,184
108,185
108,186
108,187
108,188
108,189
108,190
108,191
108,192
108,193
108,194
108,196
108,198
108,199
109,110
109,111
109,112
110,111
110,112
110,113
110,114
110,115
110,116
110,117
110,118
110,119
110,120
110,121
110,122
110,123
110,124
110,125
110,126
110,127
110,128
110,129
110,130
110,131
110,132
110,133
110,134
110,135
110,136
110,137
110,138
110,140
110,142
110,143
111,113
111,114
111,115
111,116
111,117
111,118
111,119
111,120
111,121
111,122
111,123
111,124
111,125
111,126
111,127
111,128
111,129
111,130
111,131
111,132
111,133
111,134
111,135
111,136
111,137
111,138
111,139
111,140
111,141
111,142
111,143
111,144
111,146
111,147
111,148
111,149
111,150
111,151
111,152
111,155
111,156
111,157
111,159
111,160
111,161
111,162
111,163
111,164
111,165
111,167
111,168
111,169
111,170
111,171
111,172
111,173
111,174
111,175
111,176
111,177
111,178
111,181
111,182
111,183
111,184
111,185
111,186
111,188
111,189
111,191
111,192
111,193
111,194
111,195
111,196
111,197
112,114
112,115
112,116
112,117
112,118
112,119
112,120
112,121
112,122
112,123
112,124
112,125
112,127
112,128
112,129
112,131
112,132
112,133
112,134
112,135
112,136
112,137
112,138
112,139
112,140
112,141
112,142
112,143
112,144
112,145
113,114
113,115
113,116
113,117
113,118
113,119
113,120
113,121
113,122
113,123
113,124
113,125
113,126
113,127
113,128
113,130
113,131
113,132
113,133
113,134
113,135
113,137
113,138
113,139
113,140
113,141
113,142
113,143
113,144
113,145
113,146
113,147
113,148
113,149
113,150
113,151
113,152
113,153
113,154
113,155
113,156
113,157
113,158
113,159
113,160
113,161
113,162
113,163
113,164
113,165
113,166
113,167
113,168
113,169
113,170
113,171
113,172
113,173
113,174
113,175
113,176
113,177
113,178
113,179
113,180
113,181
113,182
113,183
113,184
113,185
113,186
113,187
113,188
113,189
113,190
113,191
113,192
113,193
113,194
113,195
113,196
113,197
113,198
113,199
114,115
114,116
114,117
114,118
114,119
114,120
114,121
114,122
114,123
114,124
114,125
114,126
114,127
114,128
114,129
114,130
114,131
114,132
114,133
114,134
114,135
114,136
114,137
114,138
114,139
114,140
114,141
114,142
114,143
114,144
114,145
114,146
114,147
114,148
114,149
114,150
114,151
114,152
114,153
114,154
114,155
114,156
114,157
114,158
114,159
114,160
114,161
114,162
114,163
114,164
114,165
114,166
114,167
114,168
114,169
114,170
114,171
114,172
114,174
114,175
114,176
114,177
114,178
114,179
115,116
115,117
115,118
115,119
115,120
115,121
115,122
115,123
115,124
115,125
115,126
115,127
115,128
115,129
115,130
115,131
115,132
115,133
115,134
115,135
115,136
115,137
115,138
116,117
116,118
116,119
116,120
116,121
116,122
116,123
116,124
116,125
116,126
116,127
116,128
116,129
116,130
116,131
116,132
116,133
116,134
116,135
116,136
116,137
116,138
116,139
116,140
116,141
116,142
116,144
116,145
116,146
116,147
116,148
116,149
116,150
116,151
116,152
116,153
116,154
116,155
116,156
116,157
116,158
116,159
116,160
116,161
116,162
116,163
116,164
116,165
116,166
116,167
116,169
116,170
116,171
116,172
116,173
116,174
116,175
116,176
116,177
116,178
116,179
116,181
116,182
116,183
116,184
116,185
116,186
116,187
116,189
116,191
116,192
116,193
116,194
116,195
116,196
116,197
116,198
116,199
117,118
117,119
117,120
117,121
117,122
117,123
117,124
117,125
117,126
117,127
117,128
117,130
117,131
117,132
117,133
117,134
117,135
117,136
117,137
117,138
117,139
117,140
117,141
117,142
117,143
117,144
117,145
117,146
117,147
117,148
117,149
117,151
117,152
117,153
117,154
117,155
117,156
117,157
117,158
117,159
117,160
117,161
117,162
117,163
117,164
117,165
117,166
117,167
117,168
117,169
117,170
117,171
117,172
117,173
117,174
117,175
117,176
117,177
117,178
117,179
117,180
117,181
117,182
117,183
117,184
117,185
117,186
117,187
117,188
117,189
117,190
117,191
117,192
117,193
117,194
117,195
117,196
117,197
117,198
117,199
118,119
118,120
118,121
118,122
118,123
118,124
118,125
118,126
118,127
118,128
118,129
118,130
118,131
118,132
118,133
118,134
118,135
118,136
118,137
118,138
118,139
118,140
118,141
118,142
118,143
118,144
118,145
118,147
118,148
118,149
118,150
118,151
118,152
118,153
118,154
118,155
118,156
118,157
118,158
118,159
118,160
118,161
118,162
118,163
118,164
118,165
118,166
118,167
118,168
118,169
118,170
118,171
118,172
118,173
118,174
118,175
118,176
118,177
118,178
118,179
118,180
118,181
118,182
118,183
118,184
118,185
118,186
118,187
118,188
118,189
118,190
118,191
118,192
118,193
118,195
118,196
118,197
118,198
118,199
119,120
119,122
119,123
119,124
119,125
119,126
119,127
119,128
119,129
119,130
119,131
119,132
119,133
119,134
119,135
119,136
119,137
119,138
119,139
120,121
120,122
120,123
120,124
120,125
120,126
120,127
120,128
120,129
120,130
120,132
120,133
120,134
121,122
121,123
121,124
121,125
121,126
121,127
121,128
121,129
121,131
121,132
121,133
121,134
121,135
121,136
121,138
121,139
121,140
121,141
121,143
121,144
121,145
121,146
121,147
121,148
121,149
121,150
121,151
121,152
121,153
121,154
121,155
121,156
121,157
121,158
121,159
121,160
121,161
121,162
121,163
121,164
121,165
121,166
121,167
121,168
121,169
121,170
121,171
121,172
121,174
121,175
121,176
121,177
121,178
121,179
121,180
121,181
121,182
121,183
121,185
121,186
121,187
121,188
121,190
121,191
121,192
121,193
121,194
121,195
121,197
121,198
121,199
122,123
122,125
122,126
122,127
122,128
122,129
122,130
122,131
122,132
122,133
122,134
122,136
122,137
122,138
122,139
122,140
122,141
122,142
122,143
122,144
122,145
122,146
122,147
122,148
122,149
122,150
122,151
122,152
122,153
122,154
122,155
122,156
122,157
122,158
122,159
122,160
122,161
122,162
122,163
122,164
122,165
122,166
123,124
123,125
123,126
123,127
123,128
123,129
123,130
123,131
123,132
123,133
123,134
123,136
123,137
123,138
123,139
123,140
123,141
123,142
123,143
123,144
123,145
123,146
123,147
123,148
123,149
123,150
123,151
123,152
123,153
123,154
123,155
123,156
123,157
123,158
123,159
123,160
123,161
123,162
123,163
123,164
123,165
123,166
123,167
123,168
123,169
123,170
123,171
123,172
123,173
123,174
123,175
123,176
123,177
123,178
123,179
123,180
123,181
123,182
123,183
123,184
123,185
123,186
123,187
123,188
123,189
123,190
123,191
123,192
123,193
123,194
123,195
123,196
123,197
123,198
123,199
124,125
124,126
124,127
124,129
124,130
124,135
124,139
124,141
124,144
124,145
124,153
124,157
124,158
124,161
124,168
124,169
124,172
124,177
124,179
124,180
124,187
124,188
124,190
124,199
125,126
125,127
125,128
125,129
125,130
125,131
125,132
125,133
125,134
125,135
125,136
125,137
125,138
125,139
125,140
125,141
125,142
125,143
125,144
125,145
125,146
125,147
126,127
126,128
126,129
126,130
126,131
126,132
126,133
126,134
126,135
126,136
126,137
126,138
126,139
126,140
126,141
126,142
126,143
126,144
126,145
126,146
126,147
126,148
126,149
126,150
126,151
126,152
126,153
126,154
126,155
126,156
126,157
126,158
126,161
126,168
126,169
126,172
126,177
126,179
126,180
126,187
126,188
126,190
126,199
127,128
127,129
127,130
127,131
127,132
127,133
127,134
127,135
127,136
127,137
127,138
127,139
127,140
127,141
127,142
127,143
127,144
127,145
127,146
127,147
127,148
127,149
127,150
127,151
127,152
127,153
127,154
127,155
127,156
127,157
127,158
127,159
127,160
127,161
127,162
127,163
127,164
127,165
127,166
127,167
127,168
127,169
127,170
127,171
127,172
127,173
127,174
127,175
127,176
127,177
127,178
127,179
127,180
127,181
127,182
127,183
127,186
127,187
127,188
127,189
127,190
127,191
127,192
127,194
127,195
127,197
127,198
127,199
128,129
128,130
128,131
128,132
128,133
128,134
128,135
128,136
128,137
128,138
128,139
128,140
128,141
128,142
128,143
128,145
128,146
128,147
128,148
128,149
128,150
128,151
128,152
128,153
128,154
128,155
128,156
128,157
128,158
128,159
128,160
128,161
128,162
128,163
128,164
128,165
128,166
128,167
128,168
128,169
128,170
128,171
128,172
128,173
128,174
128,175
128,176
128,177
128,178
128,179
128,180
128,181
128,182
128,183
128,184
128,185
128,186
128,187
128,188
128,189
128,190
128,191
128,192
128,193
128,194
128,195
128,196
128,197
128,198
128,199
129,130
129,131
129,132
129,133
129,134
129,135
129,136
129,137
129,138
129,139
129,140
129,141
130,131
130,132
130,133
130,134
130,135
130,137
130,138
130,139
130,140
130,141
130,142
130,143
130,144
130,145
130,146
130,147
130,148
130,149
130,150
130,151
130,152
130,154
130,155
130,156
130,157
130,158
130,159
130,160
130,161
130,162
130,163
130,164
130,165
130,166
130,167
130,168
130,169
130,170
130,171
130,172
130,173
130,174
130,175
130,176
130,177
130,178
130,179
130,180
131,132
131,133
131,134
131,135
131,136
131,137
131,138
131,139
131,140
131,141
131,142
131,143
131,144
131,145
131,146
131,147
131,148
131,149
131,150
131,151
131,152
131,153
131,154
131,156
131,157
131,158
131,160
131,161
131,162
131,163
131,164
131,165
131,166
131,167
131,168
132,133
133,134
133,135
133,136
133,137
133,138
133,139
133,141
133,142
133,143
133,144
133,145
133,146
133,147
133,148
134,135
134,136
134,137
134,138
134,139
134,140
134,141
134,142
134,143
134,144
134,145
134,146
134,147
134,148
134,149
134,150
134,151
134,152
134,153
134,154
134,155
134,156
134,157
134,159
134,160
134,161
134,162
134,163
134,164
134,165
134,166
134,167
134,168
134,169
134,170
134,171
134,173
134,174
134,175
134,176
134,177
134,178
134,179
134,180
134,181
134,182
134,183
134,184
134,185
134,186
134,187
134,188
135,136
135,137
135,138
135,139
135,140
135,141
135,143
135,144
135,145
135,146
135,147
135,148
135,149
135,150
135,151
135,152
135,153
135,154
135,155
135,156
135,157
135,158
135,160
135,161
135,162
135,163
135,164
135,165
135,166
135,167
135,168
135,169
135,170
135,171
135,172
135,173
135,174
135,175
135,176
135,177
135,178
135,179
135,180
135,181
135,182
135,183
135,184
135,185
135,186
135,187
135,188
135,189
135,190
135,191
135,192
135,193
135,194
135,199
136,137
136,138
136,139
136,140
136,141
136,142
136,143
136,145
136,146
136,147
136,148
136,149
136,150
136,151
136,152
136,153
136,154
136,155
136,156
136,157
136,158
136,159
137,138
137,139
137,140
137,141
137,142
137,143
137,144
137,145
137,146
137,147
137,148
137,149
137,150
137,151
137,152
137,153
137,154
138,139
138,140
138,141
138,142
138,143
138,144
138,145
138,146
138,147
138,148
138,149
138,150
138,151
138,153
138,154
138,155
138,156
138,157
139,140
139,141
139,142
139,143
139,144
139,145
139,146
139,147
139,148
139,149
139,150
139,151
139,152
139,153
139,154
139,155
139,156
139,157
139,158
139,159
139,160
139,161
139,162
139,164
139,165
139,166
139,167
139,168
139,169
139,170
139,171
139,172
139,173
139,174
139,175
139,176
139,177
139,178
139,179
139,180
139,182
139,183
139,184
139,185
139,186
139,187
139,188
139,190
139,199
140,141
140,142
140,143
140,144
140,145
140,146
140,147
140,148
140,149
140,150
140,151
140,152
140,153
140,154
140,155
140,156
140,157
140,158
140,159
140,160
140,161
140,162
140,163
140,164
140,165
140,166
140,167
140,168
140,169
140,170
140,171
140,172
140,173
140,174
140,175
140,176
140,177
140,178
140,179
140,180
140,181
140,182
140,183
140,184
140,185
140,186
140,187
140,188
140,189
140,190
140,191
140,192
140,193
140,194
140,195
140,197
140,198
141,142
141,143
141,144
141,145
141,146
141,147
141,148
141,149
141,150
141,151
141,152
141,153
141,154
141,155
141,156
141,157
141,158
141,161
141,162
141,163
141,164
141,165
141,166
141,167
141,168
141,169
141,172
141,173
141,174
141,175
141,176
141,177
141,179
141,180
141,181
141,182
141,183
141,184
141,185
141,186
141,187
141,188
141,190
141,191
141,192
141,193
141,194
141,195
141,196
141,197
141,198
141,199
142,143
142,144
142,145
142,146
142,147
142,148
142,149
142,150
142,152
142,153
142,154
142,155
142,156
142,157
142,158
142,159
142,160
142,161
142,162
142,163
142,164
142,165
142,166
142,167
142,168
142,169
142,170
142,171
142,172
142,173
142,174
142,175
142,176
142,178
142,179
142,180
142,181
142,182
142,183
142,184
142,185
142,186
142,187
142,188
142,189
142,190
142,191
142,192
142,193
142,194
142,195
142,196
142,197
142,198
142,199
143,144
143,145
143,146
143,147
143,148
143,149
143,150
143,151
143,152
143,153
143,154
143,155
143,156
143,157
143,158
143,159
143,160
143,161
143,162
143,163
143,164
143,165
143,166
143,167
143,168
143,169
143,170
143,171
143,172
144,145
144,146
144,147
144,148
144,149
144,150
144,151
144,152
144,153
144,154
144,155
144,156
144,157
144,158
144,159
144,160
144,161
144,162
144,163
144,164
144,165
144,166
144,167
144,168
144,169
144,170
144,171
144,172
144,173
144,174
144,175
144,176
144,177
144,178
144,179
144,180
144,182
144,187
144,188
144,190
144,199
145,147
145,148
145,149
145,150
145,151
145,152
145,153
145,157
145,158
145,161
145,168
145,169
145,172
145,177
145,179
145,180
145,187
145,188
145,190
145,199
146,147
146,148
146,149
147,148
147,149
147,150
147,151
147,152
147,153
147,154
147,155
147,156
147,157
147,158
147,159
147,160
147,161
147,162
147,163
147,164
147,165
147,166
147,168
147,169
147,170
147,171
147,172
147,173
147,174
147,175
147,176
147,177
147,178
147,179
147,180
147,181
147,182
147,184
147,185
147,186
148,149
148,150
148,151
148,152
148,153
148,154
148,155
149,150
149,151
149,152
149,153
149,154
149,155
149,156
149,157
149,158
149,159
149,160
149,161
149,162
149,163
150,151
150,152
150,153
150,154
150,155
150,156
150,158
150,159
150,160
150,161
150,162
150,163
150,164
151,152
151,153
151,154
151,155
151,156
151,157
151,158
151,159
151,160
151,161
151,162
151,163
151,164
151,165
151,166
151,167
151,168
151,170
151,171
151,172
151,173
151,174
151,175
151,176
151,178
151,179
151,180
151,181
151,182
151,183
151,184
151,185
151,186
151,187
151,188
151,189
151,190
151,191
151,192
151,193
151,194
151,195
151,196
151,197
151,198
152,153
153,154
153,155
153,156
153,157
153,158
153,160
153,161
153,162
153,163
153,164
153,165
153,166
153,167
153,168
153,169
153,170
153,171
153,172
153,173
153,174
153,175
153,176
153,177
153,178
153,179
153,180
153,181
153,182
153,183
153,184
153,185
153,186
153,187
153,188
153,189
153,190
153,191
153,192
153,193
153,194
153,195
153,196
153,197
153,199
154,155
154,156
154,157
154,158
154,159
154,160
154,161
154,162
154,163
154,164
154,165
154,166
154,167
154,168
154,169
154,170
154,171
154,172
154,173
154,174
154,175
154,176
154,177
154,178
154,179
154,181
154,182
154,183
154,184
155,157
155,158
155,160
155,161
156,157
156,158
156,159
156,160
156,161
156,162
156,163
156,164
156,165
156,166
156,167
156,168
156,169
156,170
156,171
156,172
156,173
156,174
156,175
156,176
156,177
156,178
156,179
156,180
156,181
157,158
157,159
157,160
157,161
157,162
157,163
157,164
157,165
157,166
157,167
157,168
157,169
157,170
157,171
157,172
157,173
157,174
157,176
157,177
157,178
157,179
157,180
157,181
157,182
157,183
157,184
157,185
157,186
157,187
157,188
157,189
157,190
157,191
157,192
157,193
157,194
157,195
157,196
157,197
157,198
157,199
158,159
158,160
158,161
158,162
158,163
158,164
158,165
158,166
158,167
158,168
158,169
158,170
158,171
158,172
158,173
158,174
158,175
158,176
158,177
158,178
158,179
158,180
158,181
158,182
158,183
158,184
158,185
158,186
158,187
158,188
158,189
158,190
158,191
158,192
158,193
158,194
158,195
158,196
158,197
158,198
158,199
159,160
159,161
159,162
159,163
159,164
159,165
159,166
159,167
159,168
159,169
159,170
159,171
159,172
159,173
159,174
159,175
159,176
159,177
159,178
159,180
159,181
159,182
159,183
159,184
159,185
159,186
159,187
159,188
159,189
159,190
159,191
159,192
159,193
159,194
159,195
159,196
159,197
159,198
159,199
160,161
160,162
160,163
160,164
160,165
160,166
160,167
160,168
160,169
160,170
160,171
160,172
160,174
160,175
160,176
160,177
160,178
160,179
160,180
160,181
160,182
160,183
160,184
160,185
160,186
160,187
160,188
160,189
160,190
160,191
160,192
160,193
160,194
160,195
160,196
160,197
160,198
161,162
161,163
161,164
161,165
161,168
161,169
161,172
161,177
161,179
161,180
161,187
161,188
161,190
161,199
162,163
162,164
162,165
162,166
162,167
163,164
163,165
163,166
163,167
163,168
163,169
163,170
163,171
163,172
163,173
163,174
163,175
163,176
163,177
163,178
164,165
164,167
164,168
164,169
164,170
164,171
164,172
164,173
164,174
164,175
164,176
164,177
164,178
164,179
164,180
164,181
164,182
164,183
164,184
164,185
164,186
164,187
164,188
164,189
164,190
164,191
164,192
164,193
164,194
164,195
164,196
164,197
164,198
165,166
165,167
165,168
165,169
165,170
165,171
165,172
165,173
165,174
165,175
165,176
165,177
165,178
165,179
165,180
165,181
165,182
165,183
165,184
165,185
165,186
165,187
165,188
165,189
165,190
165,191
165,192
165,193
165,194
165,195
165,196
165,197
165,198
165,199
166,167
166,168
166,169
166,170
166,171
166,172
166,173
166,174
166,175
166,176
166,177
166,178
166,179
166,180
166,181
166,182
166,183
166,184
166,185
166,186
166,187
166,188
166,189
166,190
166,191
166,192
166,193
167,168
167,169
167,170
167,171
167,172
167,173
167,174
167,175
167,176
167,177
167,178
167,179
167,180
167,181
167,182
167,183
167,184
167,185
167,186
167,187
167,188
167,189
167,190
167,191
167,192
167,193
167,195
167,196
167,198
167,199
168,169
168,170
168,171
168,172
168,173
168,174
168,177
168,179
168,180
168,187
168,188
168,190
168,199
169,170
169,171
169,172
169,173
169,174
169,175
169,176
169,177
169,178
169,179
169,180
169,181
169,182
169,183
169,184
169,185
169,186
169,187
169,188
169,189
169,190
169,191
169,192
169,193
169,194
169,195
169,196
169,197
169,198
169,199
170,171
170,172
170,173
170,174
170,175
170,176
170,177
170,178
170,179
170,180
170,181
170,182
170,183
170,184
170,185
170,186
170,187
170,188
170,190
170,191
170,192
170,193
170,194
170,195
170,196
170,197
170,198
170,199
171,172
171,173
171,174
171,176
171,177
171,178
171,179
171,180
171,181
171,182
171,183
171,184
171,185
171,186
171,187
171,188
171,189
171,190
171,191
171,192
171,193
171,194
171,195
171,196
171,197
171,198
171,199
172,173
172,177
172,179
172,180
172,187
172,188
172,190
172,199
173,174
173,175
173,176
173,177
173,178
173,179
173,180
173,181
173,182
173,183
173,184
173,185
173,186
173,187
173,188
173,189
174,175
174,176
174,177
174,178
174,179
174,180
174,181
174,183
174,184
174,185
174,186
174,187
174,188
174,189
174,190
174,191
174,192
174,193
174,194
174,195
174,196
174,197
175,176
175,177
175,178
175,179
175,180
175,181
175,182
175,183
175,184
175,185
175,186
175,189
175,190
175,191
175,192
175,193
175,194
175,195
175,196
175,197
175,198
175,199
176,177
177,178
177,179
177,180
177,181
177,182
177,183
177,184
177,185
177,187
177,188
177,190
177,199
178,179
178,180
178,181
178,182
178,183
178,184
178,185
178,186
178,187
178,188
178,189
178,190
178,191
178,192
178,193
178,194
178,195
178,196
178,197
178,198
178,199
179,180
179,181
179,182
179,183
179,187
179,188
179,190
179,199
180,181
180,182
180,183
180,184
180,186
180,187
180,188
180,189
180,190
180,191
180,192
180,193
180,194
180,195
180,196
180,197
180,198
180,199
181,182
181,183
181,184
181,185
181,186
181,187
181,188
181,189
181,190
181,191
181,192
181,193
181,194
181,195
181,196
181,197
181,198
181,199
182,183
182,184
182,185
182,186
182,187
182,188
182,189
182,190
182,191
182,192
182,193
182,194
182,195
182,196
182,197
182,198
182,199
183,184
183,185
183,186
183,187
183,188
183,189
183,190
183,191
183,192
183,193
183,194
183,195
183,196
183,197
183,198
183,199
184,185
184,186
184,187
184,188
184,189
184,190
184,191
184,192
184,193
184,194
184,195
184,196
184,197
184,198
184,199
185,186
185,187
185,188
185,189
185,190
185,191
185,192
185,193
185,194
185,195
185,196
185,198
185,199
186,187
186,188
186,189
186,190
186,191
186,192
186,193
186,194
186,195
186,196
187,188
187,189
187,190
187,191
187,192
187,193
187,194
187,195
187,196
187,197
187,198
187,199
188,189
188,190
188,191
188,192
188,194
188,195
188,196
188,197
188,198
188,199
189,190
189,191
189,192
189,193
189,194
189,195
189,196
189,197
189,198
189,199
190,191
190,192
190,199
191,192
191,193
191,194
191,195
191,196
191,197
191,198
191,199
192,193
192,194
192,195
192,196
192,197
192,198
193,194
193,195
193,196
193,197
193,199
194,195
194,196
194,197
194,199
195,196
195,197
195,198
195,199
196,197
196,198
196,199
197,198
197,199
198,199
