0,1
0,2
0,3
0,4
0,5
0,6
0,7
0,8
0,9
0,10
0,11
0,12
0,13
0,14
0,15
0,16
0,17
0,18
0,19
0,20
0,21
0,26
0,30
0,37
0,51
0,63
0,68
0,90
0,92
0,113
0,117
0,118
0,134
0,146
0,148
0,149
0,155
0,157
0,160
0,180
0,189
0,197
1,2
1,3
1,4
1,5
1,6
1,7
1,8
1,9
1,10
1,11
1,12
1,13
1,14
1,15
1,16
1,17
1,18
1,19
1,20
1,21
2,3
2,4
2,5
2,6
2,7
2,8
2,9
2,10
2,11
2,12
2,13
2,14
2,15
2,16
2,17
2,18
2,19
2,20
2,21
3,4
3,5
3,6
3,7
3,8
3,9
3,10
3,11
3,12
3,13
3,14
3,15
3,16
3,17
3,18
3,19
3,20
3,21
3,28
3,32
3,35
3,36
3,37
3,46
3,47
4,5
4,6
4,7
4,8
4,9
4,10
4,11
4,12
4,13
4,14
4,15
4,16
4,17
4,18
4,19
4,20
4,21
4,30
4,32
4,35
5,6
5,7
5,8
5,9
5,10
5,11
5,12
5,13
5,14
5,15
5,16
5,17
5,18
5,19
5,20
5,21
5,25
5,27
5,28
5,30
5,32
5,35
5,36
5,39
6,7
6,8
6,9
6,10
6,11
6,12
6,13
6,14
6,15
6,16
6,17
6,18
6,19
6,20
6,21
7,8
7,9
7,10
7,11
7,12
7,13
7,14
7,15
7,16
7,17
7,18
7,19
7,20
7,21
8,9
8,10
8,11
8,12
8,13
8,14
8,15
8,16
8,17
8,18
8,19
8,20
8,21
8,27
8,28
8,30
8,32
8,34
8,35
8,36
8,37
8,38
8,39
8,41
8,46
8,47
8,51
9,10
9,11
9,12
9,13
9,14
9,15
9,16
9,17
9,18
9,19
9,20
9,21
9,25
9,26
9,27
9,28
9,30
9,31
9,32
9,34
9,35
9,36
9,37
9,38
9,39
9,41
10,11
10,12
10,13
10,14
10,15
10,16
10,17
10,18
10,19
10,20
10,21
10,28
10,29
11,12
11,13
11,14
11,15
11,16
11,17
11,18
11,19
11,20
11,21
11,26
11,27
11,28
12,13
12,14
12,15
12,16
12,17
12,18
12,19
12,20
12,21
13,14
13,15
13,16
13,17
13,18
13,19
13,20
14,15
14,16
14,17
14,18
14,19
14,20
14,21
14,33
14,37
14,40
14,41
14,42
14,43
14,45
14,46
14,47
14,49
15,16
15,17
15,18
15,19
15,20
15,21
15,24
15,25
15,26
15,27
15,28
15,29
15,30
15,31
15,32
15,33
15,34
15,35
15,36
15,37
15,38
15,39
15,40
15,41
15,42
15,43
16,17
16,18
16,19
16,20
16,21
16,23
16,24
16,25
16,26
16,28
16,29
16,30
16,31
16,32
16,33
16,34
16,35
16,36
16,37
16,38
16,39
16,40
16,41
16,42
16,43
16,44
16,45
16,46
16,47
16,48
16,49
16,50
16,51
16,52
16,59
16,70
16,85
16,97
16,99
16,103
17,18
17,19
17,20
17,21
17,27
17,28
17,29
17,30
17,31
17,32
17,33
17,34
17,35
17,36
17,37
17,38
17,39
17,40
17,41
17,42
17,43
17,44
17,45
17,46
17,47
17,48
18,19
18,20
18,21
18,24
18,25
18,26
18,27
18,28
18,29
18,30
18,31
18,32
18,33
18,34
18,35
18,36
18,37
18,38
18,39
18,40
18,41
18,42
18,44
19,20
19,21
20,21
20,24
20,25
20,26
20,27
20,28
20,29
20,30
20,31
20,32
20,33
20,34
20,35
20,36
20,37
20,38
20,39
20,40
20,41
20,43
20,44
20,45
20,46
20,47
20,48
20,49
20,50
20,51
20,52
20,55
20,58
20,59
20,66
21,23
21,24
22,24
22,25
22,26
22,27
22,28
22,29
22,30
22,31
22,32
22,33
23,24
23,25
23,26
23,27
23,28
23,29
23,30
23,31
23,32
24,25
24,26
24,27
24,28
24,29
24,30
24,31
24,32
24,33
24,35
24,36
24,37
24,38
24,39
24,41
24,42
24,43
24,44
24,46
24,47
24,48
24,49
24,50
24,55
24,58
24,59
24,64
24,66
24,68
24,70
24,74
24,85
24,86
24,90
24,92
24,95
24,97
24,99
24,102
24,103
24,104
25,26
25,27
25,28
25,29
25,30
25,31
25,32
25,33
25,34
25,35
25,36
25,37
25,38
25,39
25,40
25,41
26,30
26,37
26,51
26,63
26,68
26,90
26,92
26,113
26,117
26,118
26,134
26,146
26,148
26,149
26,155
26,157
26,160
26,180
26,189
26,197
27,28
27,29
27,30
27,31
27,32
27,33
27,34
27,35
27,36
27,37
27,38
27,39
28,29
28,30
29,30
29,31
29,32
29,33
29,34
29,35
29,36
29,37
29,38
29,39
29,41
29,43
29,44
29,45
29,46
30,31
30,37
30,51
30,63
30,68
30,90
30,92
30,113
30,117
30,118
30,134
30,146
30,148
30,149
30,155
30,157
30,160
30,180
30,189
30,197
31,32
31,33
31,34
31,35
31,36
31,37
31,38
32,33
32,34
32,35
32,36
33,34
34,35
34,36
34,37
34,38
34,39
34,40
35,36
35,37
35,38
35,39
35,40
35,41
35,42
35,43
35,44
35,45
35,46
35,47
35,48
35,52
35,56
35,57
36,37
36,38
36,39
36,40
36,41
36,42
36,43
36,44
36,45
36,46
36,47
36,48
36,49
36,50
36,51
36,52
36,54
36,55
36,56
36,57
36,59
36,62
36,64
36,66
36,70
36,75
36,76
36,77
36,82
36,85
36,86
36,89
36,90
36,92
36,93
37,38
37,39
37,40
37,41
37,42
37,43
37,44
37,45
37,46
37,47
37,48
37,51
37,63
37,68
37,90
37,92
37,113
37,117
37,118
37,134
37,146
37,148
37,149
37,155
37,157
37,160
37,180
37,189
37,197
38,39
38,40
38,41
38,42
38,43
38,44
38,45
38,46
38,47
38,48
38,49
38,50
38,51
39,40
39,41
39,42
39,43
39,44
39,45
39,46
39,47
39,48
39,49
39,50
39,51
39,52
39,54
39,55
39,56
39,57
39,59
39,60
39,61
40,41
40,43
40,44
40,45
40,46
40,47
40,48
40,49
40,50
40,51
40,52
40,53
40,55
40,56
40,57
40,58
40,59
41,42
41,43
41,44
41,45
41,46
41,47
41,48
41,49
41,50
41,51
41,52
41,53
41,54
41,55
41,56
41,57
41,58
41,59
41,60
41,61
41,62
41,63
41,64
41,66
41,68
41,69
41,70
41,75
41,76
41,77
42,43
42,44
42,45
42,46
42,47
42,48
42,49
42,50
42,51
42,52
42,53
42,54
42,55
42,56
42,57
42,58
42,59
42,60
42,61
42,62
42,63
42,64
42,66
42,67
42,68
42,69
42,70
42,74
42,75
42,76
42,77
42,85
42,86
42,89
43,44
43,45
43,46
43,47
43,48
43,49
43,50
43,51
43,52
43,53
43,54
44,45
44,46
44,47
44,48
44,49
44,50
44,51
44,52
44,53
44,54
44,55
44,56
44,57
44,58
44,59
44,60
44,61
44,62
44,63
44,64
44,66
44,67
44,69
44,70
44,71
44,74
44,75
44,76
44,77
44,80
44,82
44,84
44,85
44,86
44,88
44,89
44,92
44,93
45,46
45,47
45,48
45,49
45,50
45,51
45,52
45,53
45,54
45,55
45,56
45,57
45,58
45,59
45,60
45,61
45,62
45,63
45,64
45,65
45,66
45,67
45,68
45,69
45,70
45,71
45,72
45,73
45,74
45,75
45,76
45,80
45,81
45,82
45,83
45,84
46,47
46,48
46,49
46,50
46,51
46,52
46,53
46,54
46,55
46,56
46,57
46,58
46,59
46,62
46,63
46,64
46,65
46,67
46,69
46,70
46,71
46,72
46,73
46,74
46,75
46,76
46,77
46,78
46,80
46,81
46,82
46,83
46,84
46,85
46,86
47,48
47,49
47,50
47,51
47,52
47,53
47,54
47,55
47,56
47,57
47,58
47,59
47,60
47,61
47,62
47,63
47,64
47,65
47,66
47,67
47,68
47,69
47,70
47,71
47,72
47,73
47,75
47,76
47,77
47,78
47,80
48,49
48,50
48,51
48,52
48,53
48,54
48,55
48,56
48,57
48,58
48,59
48,60
48,61
48,62
48,63
48,64
48,65
49,50
49,51
49,52
49,53
49,54
49,55
49,56
49,57
49,58
49,59
49,60
50,51
50,52
50,53
50,54
50,55
51,52
51,53
51,54
51,55
51,56
51,57
51,58
51,59
51,60
51,61
51,62
51,63
51,64
51,65
51,66
51,67
51,68
51,69
51,70
51,71
51,72
51,73
51,74
51,75
51,76
51,77
51,78
51,79
51,80
51,81
51,82
51,83
51,84
51,85
51,90
51,92
51,113
51,117
51,118
51,134
51,146
51,148
51,149
51,155
51,157
51,160
51,180
51,189
51,197
53,54
53,55
53,56
53,57
53,58
53,59
53,60
53,61
53,62
53,63
54,55
54,56
54,57
54,58
54,59
54,60
54,61
54,62
54,63
54,64
54,65
54,66
54,67
54,68
54,69
54,70
54,71
54,72
54,73
54,74
54,75
54,76
54,77
54,78
54,79
54,80
54,81
54,82
54,83
54,84
54,85
54,86
54,87
54,88
54,89
54,92
54,93
54,96
55,56
55,57
55,58
55,59
55,60
55,61
55,62
55,63
55,64
56,57
56,58
56,59
56,60
56,61
56,62
56,63
56,64
56,65
56,66
56,67
56,68
56,69
56,70
56,71
56,72
57,58
58,59
58,60
58,61
58,62
58,63
58,64
58,65
58,66
58,67
59,60
59,61
59,62
59,63
59,64
59,65
59,66
59,67
59,68
60,61
60,62
60,63
60,64
60,65
60,66
60,67
60,68
60,69
60,70
60,71
60,72
60,73
61,62
61,63
61,65
61,66
61,67
61,68
61,69
61,70
61,71
61,72
61,73
61,74
63,64
63,65
63,66
63,67
63,68
63,69
63,70
63,71
63,72
63,73
63,74
63,75
63,76
63,77
63,78
63,79
63,80
63,81
63,82
63,85
63,86
63,87
63,88
63,89
63,90
63,92
63,93
63,113
63,117
63,118
63,134
63,146
63,148
63,149
63,155
63,157
63,160
63,180
63,189
63,197
64,66
64,67
64,68
64,69
64,70
65,66
65,67
65,68
65,69
65,71
65,72
65,73
65,74
65,75
65,77
65,78
65,79
65,80
65,81
66,67
66,68
66,69
66,70
66,71
66,72
66,73
66,74
66,75
66,76
66,77
66,78
67,68
67,69
67,70
67,71
67,72
67,73
67,74
67,75
68,69
68,90
68,92
68,113
68,117
68,118
68,134
68,146
68,148
68,149
68,155
68,157
68,160
68,180
68,189
68,197
69,70
70,71
70,72
70,73
70,75
70,76
70,77
70,78
70,80
70,81
70,82
70,85
70,86
70,87
70,88
70,89
70,90
70,91
70,92
70,94
70,96
70,98
70,101
70,104
70,134
71,72
71,73
71,74
71,75
71,76
71,77
71,78
71,79
71,80
71,81
71,82
71,83
71,84
71,85
71,86
71,87
71,88
71,89
71,91
72,73
72,74
72,75
72,77
72,78
72,79
72,80
72,81
72,82
73,74
73,75
74,75
74,76
74,77
74,78
74,80
74,81
74,82
74,83
74,84
74,85
74,86
74,87
74,88
74,89
74,90
74,91
74,92
74,93
74,94
74,95
74,98
74,101
75,76
75,77
75,78
75,79
75,80
75,82
75,83
76,77
76,78
76,79
76,80
76,81
76,82
76,83
76,84
76,85
76,86
76,87
76,88
76,89
76,90
76,91
76,92
76,93
76,94
76,95
76,96
76,97
76,98
76,99
76,101
76,104
76,106
76,112
76,116
76,117
77,78
77,79
77,80
77,81
77,82
77,83
77,84
77,85
77,86
77,87
77,88
79,81
79,82
79,83
79,84
79,85
79,86
79,87
80,81
80,82
80,83
80,84
80,85
80,86
80,87
80,88
80,89
80,90
80,91
80,93
80,95
80,96
80,97
80,98
80,99
80,101
80,102
80,104
80,106
80,110
80,112
80,113
80,114
80,116
80,117
81,83
81,84
81,85
81,86
81,87
81,88
81,89
81,90
81,91
81,92
81,93
81,94
81,95
81,96
81,97
81,98
81,99
81,101
81,102
81,103
82,83
82,84
82,85
82,86
82,87
82,88
82,89
82,90
82,91
82,92
82,93
82,94
82,95
82,96
82,97
82,98
82,99
82,101
82,102
82,103
82,104
82,106
82,110
82,111
82,112
82,113
82,114
82,116
82,117
82,119
82,125
82,131
82,134
82,135
82,136
82,137
82,138
82,140
83,84
83,85
83,86
83,87
83,88
83,89
83,90
84,85
84,86
84,87
84,88
84,89
84,90
84,91
84,92
84,93
84,94
84,95
84,96
84,97
84,98
84,99
84,100
85,86
85,87
85,88
85,89
85,90
85,91
85,92
85,93
85,94
85,95
85,96
85,97
85,98
85,99
85,100
85,101
85,103
85,104
85,106
85,107
86,87
86,88
86,90
86,91
86,92
86,93
86,94
86,96
86,97
86,98
86,99
86,100
86,101
86,102
86,103
86,104
86,105
86,106
86,107
86,110
86,111
86,112
86,113
86,115
86,116
86,117
86,119
86,125
86,126
86,131
86,133
86,134
86,135
86,137
86,138
86,140
86,141
86,142
86,143
86,151
86,152
86,157
86,161
87,88
87,89
87,90
87,91
87,92
87,93
87,94
87,95
87,96
87,97
88,89
88,90
88,91
88,92
89,90
89,91
89,92
89,93
89,94
89,96
89,97
89,98
89,99
89,100
89,101
89,102
89,103
89,104
89,105
89,106
89,107
89,110
89,111
89,112
89,113
89,114
89,115
89,116
89,117
89,118
89,119
89,120
89,125
89,126
89,128
90,91
90,92
90,93
90,94
90,95
90,96
90,97
90,98
90,113
90,117
90,118
90,134
90,146
90,148
90,149
90,155
90,157
90,160
90,180
90,189
90,197
91,92
91,93
91,94
91,95
91,96
91,97
91,98
91,99
91,100
91,101
91,102
91,103
91,104
91,105
91,106
91,107
91,108
91,110
91,111
91,112
92,93
92,94
92,95
92,96
92,97
92,98
92,99
92,100
92,101
92,102
92,103
92,104
92,105
92,106
92,107
92,108
92,110
92,111
92,112
92,113
92,114
92,115
92,116
92,117
92,118
92,119
92,120
92,124
92,125
92,126
92,127
92,128
92,129
92,132
92,134
92,135
92,136
92,137
92,138
92,140
92,146
92,148
92,149
92,155
92,157
92,160
92,180
92,189
92,197
93,95
93,96
93,97
93,98
93,100
93,101
93,102
93,103
93,104
93,105
93,106
94,95
94,96
94,97
94,98
94,99
94,100
94,101
94,102
95,97
95,98
95,99
95,100
95,101
95,102
95,103
95,104
95,105
95,106
95,107
95,108
95,110
95,111
95,112
95,113
95,114
95,115
95,116
95,118
96,97
96,98
96,100
96,101
96,102
96,103
96,104
96,105
96,106
96,107
96,108
97,98
97,99
97,100
97,101
97,102
97,103
97,104
97,105
97,106
97,107
97,108
97,109
97,110
97,111
97,112
97,114
97,115
98,99
98,101
98,102
98,103
98,105
98,106
98,107
98,108
98,109
98,111
98,112
100,101
100,102
100,103
100,104
100,106
100,107
100,108
100,109
100,110
100,111
100,112
100,113
100,114
100,115
100,118
100,119
100,121
100,122
100,124
100,125
100,126
100,127
100,128
100,129
100,131
100,132
100,133
100,134
100,135
100,136
101,102
101,103
101,104
101,105
101,106
101,107
101,108
101,109
101,110
101,111
102,103
102,104
102,105
102,106
102,107
103,104
103,105
103,106
103,107
103,108
103,109
103,110
103,111
103,112
103,113
103,114
103,115
103,116
103,117
103,118
103,119
103,120
103,121
103,122
103,123
103,124
103,125
103,126
103,127
103,128
103,129
103,131
103,132
103,133
103,134
103,135
103,136
103,140
103,141
103,142
103,143
103,151
103,152
103,155
103,158
103,159
103,161
103,168
103,169
103,175
103,177
103,179
103,181
103,184
103,185
104,105
104,106
104,107
104,108
104,109
104,110
104,111
104,112
104,113
104,114
104,115
104,116
104,117
104,118
104,119
104,120
104,121
104,122
104,123
104,124
104,125
104,126
104,127
105,106
105,107
105,108
105,109
105,110
105,111
105,112
105,113
105,114
105,115
105,116
105,117
105,118
105,119
105,120
105,121
105,122
105,123
105,124
105,125
106,107
106,108
106,109
106,110
107,108
107,109
107,110
107,111
107,112
107,114
107,115
107,117
107,118
107,119
107,120
107,121
107,122
107,123
107,124
107,125
107,126
107,127
107,128
107,129
107,130
108,109
108,110
108,111
108,112
108,113
108,114
108,115
108,116
108,118
108,119
109,110
109,111
109,112
109,114
109,115
110,111
110,112
110,113
110,114
110,115
110,116
110,117
110,119
110,120
110,121
110,122
110,123
110,124
110,125
110,126
110,127
110,128
110,129
110,130
110,131
110,132
110,133
110,134
110,135
110,136
110,137
110,138
110,139
110,140
110,141
110,142
110,143
110,146
110,148
111,112
111,113
111,114
112,113
112,114
112,115
112,116
112,117
112,118
112,119
112,120
112,121
112,122
112,123
112,124
112,125
112,126
112,127
112,128
112,129
112,130
112,131
112,132
112,133
113,114
113,115
113,116
113,117
113,118
113,119
113,120
113,121
113,122
113,123
113,124
113,125
113,126
113,127
113,128
113,134
113,146
113,148
113,149
113,155
113,157
113,160
113,180
113,189
113,197
114,115
114,116
114,117
115,116
115,117
115,118
115,119
115,120
115,121
115,122
115,123
115,124
115,125
115,126
115,127
115,129
115,130
115,131
115,133
115,134
115,135
115,136
115,138
115,139
115,140
115,141
115,142
115,143
115,145
115,146
115,148
115,150
115,151
115,152
116,117
116,118
116,119
116,120
116,121
116,122
116,123
117,118
117,119
117,120
117,121
117,122
117,123
117,124
117,125
117,126
117,127
117,128
117,129
117,130
117,131
117,132
117,133
117,134
117,135
117,136
117,137
117,138
117,139
117,146
117,148
117,149
117,155
117,157
117,160
117,180
117,189
117,197
118,119
118,120
118,121
118,122
118,123
118,124
118,125
118,126
118,134
118,146
118,148
118,149
118,155
118,157
118,160
118,180
118,189
118,197
119,120
119,121
119,122
119,123
119,124
119,125
119,126
119,127
119,128
119,129
119,130
119,131
119,132
119,133
119,134
119,135
119,136
119,137
119,138
119,139
119,141
119,142
119,143
119,144
119,145
119,146
119,148
119,150
119,151
119,152
119,159
119,160
119,161
119,167
119,169
119,170
119,173
119,175
119,177
120,121
121,122
122,123
122,124
122,125
122,126
122,128
122,129
122,130
122,131
123,124
123,125
123,126
123,127
123,128
123,129
123,130
123,131
123,132
123,133
123,134
123,135
123,136
123,137
123,138
123,139
123,140
123,141
123,142
123,143
123,144
123,145
123,146
123,148
123,149
123,150
123,151
123,154
123,155
123,157
123,158
123,159
123,160
123,161
123,162
123,164
123,165
123,166
123,167
123,168
124,125
124,126
124,127
124,128
124,129
124,130
124,131
124,132
125,126
125,128
125,129
125,130
125,131
125,132
125,133
125,134
125,135
125,137
125,138
125,139
125,140
125,141
125,142
125,145
125,146
125,148
125,149
125,150
125,151
125,152
125,154
125,155
125,157
125,158
125,159
125,160
125,161
125,162
125,164
125,165
125,166
125,167
125,168
125,169
125,170
125,173
125,175
125,177
125,179
125,181
125,182
126,127
126,128
126,129
126,130
126,131
126,132
126,133
126,134
126,135
126,136
126,137
126,138
126,139
126,140
126,141
126,142
126,143
126,144
127,129
127,130
127,131
127,132
127,133
127,134
127,135
127,136
127,137
127,138
127,139
127,140
127,141
127,142
127,143
127,144
127,145
127,146
127,148
127,150
127,151
127,152
127,155
127,157
127,158
128,130
128,131
128,132
128,133
128,134
128,135
128,136
128,137
129,130
129,131
129,132
129,133
129,134
129,135
130,131
130,132
130,133
130,134
131,132
131,133
131,134
131,135
131,136
131,137
131,138
131,139
131,140
131,141
131,142
131,143
131,144
131,145
132,133
132,134
132,135
132,136
132,137
132,138
132,139
132,140
132,141
132,142
132,143
132,144
132,145
132,146
132,148
132,149
132,150
132,151
133,134
133,135
133,136
133,137
133,138
133,139
133,140
133,141
133,142
133,143
133,144
133,145
133,146
133,147
133,148
133,149
133,150
133,151
133,152
134,135
134,136
134,137
134,138
134,139
134,140
134,141
134,142
134,143
134,144
134,145
134,146
134,147
134,148
134,149
134,150
134,151
134,152
134,153
134,154
134,155
134,156
134,157
134,158
134,159
134,160
134,161
134,162
134,164
134,165
134,167
134,168
134,171
134,175
134,180
134,181
134,182
134,183
134,189
134,197
135,136
135,137
135,138
135,139
135,140
135,141
135,142
135,143
135,144
135,145
135,146
135,147
136,137
136,138
136,139
136,140
136,141
136,142
136,143
136,144
136,145
136,146
136,147
136,148
136,149
136,150
136,151
136,152
136,153
136,154
136,155
136,156
136,157
136,158
136,159
136,160
136,161
136,162
136,164
136,165
136,166
136,167
136,168
136,169
136,171
136,172
136,173
136,175
137,138
137,139
137,140
137,141
138,139
138,140
138,141
138,142
138,143
138,144
138,145
138,146
138,147
138,148
138,149
138,150
138,151
138,152
138,153
138,154
138,155
138,157
138,158
138,159
138,160
139,140
139,141
139,142
140,141
140,142
140,143
140,144
140,145
140,146
140,148
140,149
140,150
140,151
140,152
140,153
140,154
140,155
140,156
140,157
140,158
140,159
140,161
140,162
140,163
140,164
140,165
140,166
140,167
140,168
140,169
140,170
140,171
140,172
140,174
140,175
140,177
140,178
140,179
140,181
140,182
140,183
140,184
140,185
140,186
140,188
141,142
141,143
141,144
141,145
141,146
141,148
141,149
141,150
141,151
141,152
141,153
141,154
141,155
141,156
141,157
141,158
141,159
141,160
141,161
141,162
142,143
142,144
142,145
142,146
142,147
142,148
142,149
142,150
142,152
142,153
142,154
142,155
142,156
142,157
142,158
142,159
142,160
142,161
142,162
142,163
142,164
142,165
142,166
142,167
142,168
142,169
142,170
143,144
143,145
143,146
143,147
143,148
143,149
143,150
143,151
143,152
143,153
143,154
143,155
143,156
143,157
143,158
143,159
143,160
143,161
143,162
143,163
143,164
143,165
144,145
144,146
144,147
144,148
144,150
144,151
144,152
144,153
144,154
144,155
145,146
145,147
145,149
145,150
146,148
146,149
146,155
146,157
146,160
146,180
146,189
146,197
147,148
147,149
148,149
148,150
148,151
148,152
148,153
148,154
148,155
148,157
148,158
148,159
148,160
148,161
148,162
148,163
148,164
148,165
148,166
148,167
148,168
148,169
148,170
148,171
148,172
148,173
148,174
148,175
148,176
148,180
148,189
148,197
149,150
149,151
149,153
149,154
149,155
149,157
149,158
149,159
149,160
149,161
149,162
149,163
149,164
149,165
149,166
149,167
149,168
149,169
149,170
149,171
149,172
149,173
149,174
149,175
149,176
149,178
149,179
149,180
149,181
149,184
149,185
149,186
149,187
149,189
149,191
149,197
150,151
150,153
150,154
151,152
151,153
151,154
151,155
151,156
151,157
151,158
151,159
151,160
151,161
151,162
151,163
151,164
151,165
151,166
151,167
151,168
151,169
151,171
151,172
152,153
152,154
152,155
152,156
152,157
152,158
152,159
152,160
152,161
153,154
153,155
153,156
154,155
154,156
154,157
154,158
154,159
155,156
155,157
155,158
155,159
155,160
155,161
155,162
155,163
155,180
155,189
155,197
156,157
157,158
157,159
157,160
157,161
157,162
157,163
157,164
157,165
157,166
157,169
157,170
157,171
157,172
157,173
157,175
157,176
157,178
157,179
157,180
157,181
157,182
157,183
157,184
157,185
157,186
157,187
157,188
157,189
157,191
157,192
157,197
158,159
158,160
158,161
158,162
158,163
158,164
158,165
158,166
158,167
158,168
158,169
158,170
158,171
158,172
158,173
158,174
158,175
158,176
158,177
158,178
158,179
158,181
158,182
158,183
158,184
158,185
158,186
158,187
158,188
158,191
158,192
158,195
158,197
158,199
159,160
159,161
159,162
159,163
159,164
159,165
159,166
159,167
159,168
159,169
159,170
159,171
159,172
159,173
159,174
159,175
159,176
159,177
159,178
159,179
159,180
159,181
159,182
159,183
159,184
159,185
159,186
159,187
159,188
159,190
159,191
159,192
159,195
159,197
159,199
160,161
160,162
160,163
160,164
160,165
160,166
160,168
160,169
160,170
160,171
160,172
160,173
160,174
160,175
160,176
160,177
160,178
160,179
160,180
160,189
160,197
161,162
161,163
161,164
161,165
161,166
161,167
161,168
161,170
161,171
161,172
161,173
161,175
161,176
161,177
161,178
161,179
161,180
161,181
161,182
161,183
161,184
161,185
161,186
161,187
161,188
161,190
161,191
161,192
161,194
161,195
161,197
162,163
162,164
162,165
162,166
162,167
162,168
162,169
163,164
164,165
164,166
165,166
165,167
165,168
165,169
165,170
165,171
165,172
165,173
165,174
165,175
165,176
165,177
165,178
165,179
165,180
165,181
165,182
165,183
166,167
167,168
167,169
167,170
167,171
167,172
167,173
168,169
168,170
168,171
168,172
168,173
168,174
168,175
168,176
168,177
168,178
168,179
168,181
168,182
168,185
168,187
168,188
168,189
168,190
168,191
168,192
168,194
168,195
168,197
168,198
168,199
169,170
169,171
169,172
169,174
170,171
171,172
171,173
171,174
171,175
171,176
171,178
171,179
171,180
171,181
172,173
172,174
172,175
172,176
172,177
172,178
172,179
172,181
172,182
172,183
172,184
172,185
172,187
172,188
173,174
173,175
173,176
173,177
173,178
173,180
174,175
174,176
174,177
174,178
174,179
174,180
174,181
174,182
174,183
174,184
174,185
174,186
174,187
174,188
174,189
175,176
175,177
175,178
175,179
175,180
175,181
175,182
175,183
175,184
175,185
175,186
175,187
175,188
175,189
175,190
175,191
175,193
175,194
176,177
176,178
176,179
176,180
176,181
176,183
176,184
176,185
176,186
177,178
178,179
178,180
178,181
178,182
178,183
178,184
178,185
178,186
178,187
178,188
178,189
178,190
178,191
178,192
178,193
178,195
178,197
178,198
178,199
179,180
179,181
179,182
179,183
179,184
179,185
179,186
179,187
179,188
179,189
179,190
179,191
179,192
179,193
180,181
180,182
180,183
180,184
180,185
180,186
180,187
180,188
180,189
180,190
180,191
180,192
180,193
180,194
180,195
180,197
180,198
180,199
181,182
181,183
181,184
181,185
181,186
181,187
181,188
181,189
181,190
181,191
181,192
181,193
181,194
181,195
181,196
181,197
181,198
181,199
183,184
183,185
183,186
183,187
183,188
183,189
183,190
183,191
183,192
183,193
183,194
183,195
183,196
183,197
183,198
183,199
184,185
184,186
184,187
184,188
184,189
184,190
184,191
184,192
184,193
184,194
184,195
184,196
184,197
184,198
184,199
185,186
185,187
186,187
186,188
186,189
186,190
186,191
186,192
186,193
186,194
186,195
186,196
186,197
186,198
186,199
187,188
187,190
187,191
187,192
187,193
187,194
187,195
187,196
187,197
187,198
187,199
188,189
188,190
188,191
188,192
188,193
188,194
188,195
188,196
188,197
188,198
188,199
189,190
189,191
189,192
189,193
189,194
189,195
189,196
189,197
191,192
191,193
191,194
191,195
191,196
191,197
191,198
191,199
192,193
192,194
192,195
192,196
192,197
192,198
192,199
193,195
193,196
193,197
193,198
194,195
194,196
194,197
194,198
194,199
195,196
195,197
195,198
195,199
196,197
196,198
196,199
197,198
197,199
198,199
