0,1
0,2
0,3
0,4
0,5
0,6
0,7
0,8
0,9
0,10
0,11
0,12
0,13
0,14
0,15
0,16
0,17
0,18
0,19
0,20
0,21
0,22
0,23
0,24
0,25
0,26
0,27
0,28
0,29
0,30
0,31
0,32
0,33
0,34
0,35
0,36
0,37
0,38
0,39
0,40
0,41
0,42
0,43
0,44
0,45
0,137
1,2
1,3
1,4
1,5
1,6
1,7
1,8
1,9
1,10
1,11
1,12
1,13
1,14
1,15
1,16
1,17
1,18
1,19
1,20
1,21
1,22
1,23
1,24
1,25
1,26
1,27
1,28
1,29
1,30
1,31
1,32
1,33
1,34
1,35
1,36
1,37
1,38
1,39
1,40
1,41
1,42
1,43
1,44
1,45
2,3
2,4
2,5
2,6
2,7
2,8
2,9
2,10
2,11
2,12
2,13
2,14
2,15
2,16
2,17
2,18
2,19
2,20
2,21
2,22
2,23
2,24
2,25
2,26
2,27
2,28
2,29
2,30
2,31
2,32
2,33
2,34
2,35
2,36
2,37
2,38
2,39
2,40
2,41
2,42
2,43
2,44
2,45
3,4
3,5
3,6
3,7
3,8
3,9
3,10
3,11
3,12
3,13
3,14
3,15
3,16
3,17
3,18
3,19
3,20
3,21
3,22
3,23
3,24
3,25
3,26
3,27
3,28
3,29
3,30
3,31
3,32
3,33
3,34
3,35
3,36
3,37
3,38
3,39
3,40
3,41
3,42
3,43
3,44
3,45
3,99
3,101
3,102
3,111
3,113
3,117
3,126
4,5
4,6
4,7
4,8
4,9
4,10
4,11
4,12
4,13
4,14
4,15
4,16
4,17
4,18
4,19
4,20
4,21
4,22
4,23
4,24
4,25
4,26
4,27
4,28
4,29
4,30
4,31
4,32
4,33
4,34
4,35
4,36
4,37
4,38
4,39
4,40
4,41
4,42
4,43
4,44
4,45
4,67
4,71
5,6
5,7
5,8
5,9
5,10
5,11
5,12
5,13
5,14
5,15
5,16
5,17
5,18
5,19
5,20
5,21
5,22
5,23
5,24
5,25
5,26
5,27
5,28
5,29
5,30
5,31
5,32
5,33
5,34
5,35
5,36
5,37
5,38
5,39
5,40
5,41
5,42
5,43
5,44
5,45
5,62
5,67
5,71
5,72
5,85
5,89
5,94
5,95
5,99
5,101
5,102
5,103
5,108
5,109
5,111
5,113
6,7
6,8
6,9
6,10
6,11
6,12
6,13
6,14
6,15
6,16
6,17
6,18
6,19
6,20
6,21
6,22
6,23
6,24
6,25
6,26
6,27
6,28
6,29
6,30
6,31
6,32
6,33
6,34
6,35
6,36
6,37
6,38
6,39
6,40
6,41
6,42
6,43
6,44
6,45
6,64
6,67
6,68
6,69
6,71
6,72
6,73
6,74
6,80
7,8
7,9
7,10
7,11
7,12
7,13
7,14
7,15
7,16
7,17
7,18
7,19
7,20
7,21
7,22
7,23
7,24
7,25
7,26
7,27
7,28
7,29
7,30
7,31
7,32
7,33
7,34
7,35
7,36
7,37
7,38
7,39
7,40
7,41
7,42
7,43
7,44
7,45
7,66
7,67
7,68
7,69
7,70
7,71
7,72
7,73
7,74
7,75
7,76
7,80
7,81
7,85
8,9
8,10
8,11
8,12
8,13
8,14
8,15
8,16
8,17
8,18
8,19
8,20
8,21
8,22
8,23
8,24
8,25
8,26
8,27
8,28
8,29
8,30
8,31
8,32
8,33
8,34
8,35
8,36
8,37
8,38
8,39
8,40
8,41
8,42
8,43
8,44
8,45
9,10
9,11
9,12
9,13
9,14
9,15
9,16
9,17
9,18
9,19
9,20
9,21
9,22
9,23
9,24
9,25
9,26
9,27
9,28
9,29
9,30
9,31
9,32
9,33
9,34
9,35
9,36
9,37
9,38
9,39
9,40
9,41
9,42
9,43
9,44
9,45
9,47
9,50
9,51
9,53
9,58
9,63
9,69
9,70
9,71
9,79
9,81
9,82
9,91
9,104
9,109
9,116
9,119
9,123
9,124
9,131
9,134
9,135
9,140
9,151
9,159
9,160
9,161
9,163
9,164
9,166
9,170
9,171
9,173
9,177
9,178
9,190
9,193
10,11
10,12
10,13
10,14
10,15
10,16
10,17
10,18
10,19
10,20
10,21
10,22
10,23
10,24
10,25
10,26
10,27
10,28
10,29
10,30
10,31
10,32
10,33
10,34
10,35
10,36
10,37
10,38
10,39
10,40
10,41
10,42
10,43
10,44
10,45
10,65
10,66
10,67
10,68
10,70
10,71
10,72
10,73
10,74
10,75
10,76
10,77
10,81
10,85
10,86
10,89
10,92
10,93
10,94
10,97
10,98
11,12
11,13
11,14
11,15
11,16
11,17
11,18
11,19
11,20
11,21
11,22
11,23
11,24
11,25
11,26
11,27
11,28
11,29
11,30
11,31
11,32
11,33
11,34
11,35
11,36
11,37
11,38
11,39
11,40
11,41
11,42
11,43
11,44
11,45
11,47
11,50
11,51
11,53
11,58
11,63
11,69
11,70
11,71
11,79
11,81
11,82
11,91
11,104
11,109
11,116
11,119
11,123
11,124
11,131
11,134
11,135
11,140
11,151
11,159
11,160
11,161
11,163
11,164
11,166
11,170
11,171
11,173
11,177
11,178
11,190
11,193
12,13
12,14
12,15
12,16
12,17
12,18
12,19
12,20
12,21
12,22
12,23
12,24
12,25
12,26
12,27
12,28
12,29
12,30
12,31
12,32
12,33
12,34
12,35
12,36
12,37
12,38
12,39
12,40
12,41
12,42
12,43
12,44
12,45
12,47
12,50
12,51
12,53
12,58
12,63
12,69
12,70
12,71
12,79
12,81
12,82
12,91
12,104
12,109
12,116
12,119
12,123
12,124
12,131
12,134
12,135
12,140
12,151
12,159
12,160
12,161
12,163
12,164
12,166
12,170
12,171
12,173
12,177
12,178
12,190
12,193
13,14
13,15
13,16
13,17
13,18
13,19
13,20
13,21
13,22
13,23
13,24
13,25
13,26
13,27
13,28
13,29
13,30
13,31
13,32
13,33
13,34
13,35
13,36
13,37
13,38
13,39
13,40
13,41
13,42
13,43
13,44
13,45
13,47
13,50
13,51
13,53
13,58
13,63
13,69
13,70
13,71
13,79
13,81
13,82
13,91
13,104
13,109
13,116
13,119
13,123
13,124
13,131
13,134
13,135
13,140
13,151
13,159
13,160
13,161
13,163
13,164
13,166
13,170
13,171
13,173
13,177
13,178
13,190
13,193
14,15
14,16
14,17
14,18
14,19
14,20
14,21
14,22
14,23
14,24
14,25
14,26
14,27
14,28
14,29
14,30
14,31
14,32
14,33
14,34
14,35
14,36
14,37
14,38
14,39
14,40
14,41
14,42
14,43
14,44
14,45
14,80
14,81
14,82
14,85
14,89
14,92
14,94
14,96
14,97
14,98
14,120
14,123
14,129
14,132
14,137
14,141
14,147
15,16
15,17
15,18
15,19
15,20
15,21
15,22
15,23
15,24
15,25
15,26
15,27
15,28
15,29
15,30
15,31
15,32
15,33
15,34
15,35
15,36
15,37
15,38
15,39
15,40
15,41
15,42
15,43
15,44
15,45
16,17
16,18
16,19
16,20
16,21
16,22
16,23
16,24
16,25
16,26
16,27
16,28
16,29
16,30
16,31
16,32
16,33
16,34
16,35
16,36
16,37
16,38
16,39
16,40
16,41
16,42
16,43
16,44
16,45
16,64
16,65
16,66
16,67
16,68
16,69
16,70
16,71
16,72
16,74
16,75
16,76
16,77
16,78
16,79
16,80
16,81
16,82
16,83
16,85
16,86
16,88
16,89
16,94
16,96
16,97
16,98
16,99
16,100
16,101
16,102
16,103
16,108
16,110
16,111
16,114
17,18
17,19
17,20
17,21
17,22
17,23
17,24
17,25
17,26
17,27
17,28
17,29
17,30
17,31
17,32
17,33
17,34
17,35
17,36
17,37
17,38
17,39
17,40
17,41
17,42
17,43
17,44
17,45
18,19
18,20
18,21
18,22
18,23
18,24
18,25
18,26
18,27
18,28
18,29
18,30
18,31
18,32
18,33
18,34
18,35
18,36
18,37
18,38
18,39
18,40
18,41
18,42
18,43
18,44
18,45
18,52
18,54
18,57
18,59
18,60
18,61
18,62
18,64
18,65
18,66
18,67
18,68
18,70
18,71
18,73
18,74
18,75
18,76
18,77
18,78
18,80
18,81
18,85
18,86
18,87
18,89
18,91
18,93
18,94
18,95
18,96
18,97
18,98
18,101
18,102
18,104
18,108
18,109
18,110
18,111
18,113
18,114
18,117
18,120
18,123
18,131
18,132
18,133
18,137
19,20
19,21
19,22
19,23
19,24
19,25
19,26
19,27
19,28
19,29
19,30
19,31
19,32
19,33
19,34
19,35
19,36
19,37
19,38
19,39
19,40
19,41
19,42
19,43
19,44
19,45
19,51
19,54
19,55
19,56
19,57
19,60
19,61
19,62
19,64
19,65
19,66
19,67
19,69
19,70
19,71
19,72
19,73
19,74
19,75
19,76
19,77
19,78
19,79
19,80
19,81
19,82
19,83
19,84
19,85
19,86
19,87
19,88
19,91
19,92
19,93
19,96
19,98
19,99
19,100
19,101
19,102
19,103
19,104
19,107
19,108
19,109
19,110
19,111
19,113
19,117
19,119
19,120
19,124
19,125
19,126
19,127
19,131
19,132
19,133
19,142
19,145
19,150
19,155
19,158
19,160
19,162
19,166
19,167
19,168
19,170
19,179
19,180
19,184
19,191
19,193
20,21
20,22
20,23
20,24
20,25
20,26
20,27
20,28
20,29
20,30
20,31
20,32
20,33
20,34
20,35
20,36
20,37
20,38
20,39
20,40
20,41
20,42
20,43
20,44
20,45
20,57
20,58
20,60
20,61
20,62
20,63
20,64
20,65
20,66
20,67
20,68
20,69
20,70
20,71
20,72
20,73
20,74
20,75
20,77
20,78
20,79
20,80
20,81
20,82
20,83
20,85
20,86
20,87
20,88
20,89
20,91
20,93
20,95
20,96
20,97
20,98
20,99
20,100
20,101
20,102
20,103
21,22
21,23
21,24
21,25
21,26
21,27
21,28
21,29
21,30
21,31
21,32
21,33
21,34
21,35
21,36
21,37
21,38
21,39
21,40
21,41
21,42
21,43
21,44
21,45
21,54
21,55
21,56
21,58
21,59
21,60
21,61
21,62
21,63
21,64
21,65
21,66
21,67
21,68
21,69
21,70
21,71
21,72
21,73
21,74
21,75
21,76
21,77
21,78
21,79
21,80
21,81
21,82
21,83
21,84
21,85
21,86
21,89
21,91
21,92
21,93
21,94
21,95
22,23
22,24
22,25
22,26
22,27
22,28
22,29
22,30
22,31
22,32
22,33
22,34
22,35
22,36
22,37
22,38
22,39
22,40
22,41
22,42
22,43
22,44
22,45
22,59
22,60
22,61
22,62
22,63
22,64
22,65
22,66
22,67
22,68
22,69
22,70
22,71
22,72
22,73
22,74
22,75
22,76
22,77
22,78
22,79
22,80
22,81
22,82
22,83
22,85
22,86
22,87
22,88
22,89
22,91
22,92
22,93
22,94
22,95
22,96
22,97
22,98
22,99
22,101
22,102
22,103
22,104
22,106
23,24
23,25
23,26
23,27
23,28
23,29
23,30
23,31
23,32
23,33
23,34
23,35
23,36
23,37
23,38
23,39
23,40
23,41
23,42
23,43
23,44
23,45
23,47
23,50
23,51
23,53
23,58
23,60
23,61
23,62
23,63
23,66
23,67
23,69
23,70
23,71
23,79
23,81
23,82
23,91
23,104
23,109
23,116
23,119
23,123
23,124
23,131
23,134
23,135
23,140
23,151
23,159
23,160
23,161
23,163
23,164
23,166
23,170
23,171
23,173
23,177
23,178
23,190
23,193
24,25
24,26
24,27
24,28
24,29
24,30
24,31
24,32
24,33
24,34
24,35
24,36
24,37
24,38
24,39
24,40
24,41
24,42
24,43
24,44
24,45
25,26
25,27
25,28
25,29
25,30
25,31
25,32
25,33
25,34
25,35
25,36
25,37
25,38
25,39
25,40
25,41
25,42
25,43
25,44
25,45
25,61
25,63
25,64
26,27
26,28
26,29
26,30
26,31
26,32
26,33
26,34
26,35
26,36
26,37
26,38
26,39
26,40
26,41
26,42
26,43
26,44
26,45
27,28
27,29
27,30
27,31
27,32
27,33
27,34
27,35
27,36
27,37
27,38
27,39
27,40
27,41
27,42
27,43
27,44
27,45
27,65
27,66
27,67
27,69
27,70
27,71
27,72
27,74
27,75
27,76
27,77
27,78
27,79
27,86
27,87
27,88
27,89
27,91
27,93
27,95
27,97
27,98
27,100
27,103
27,104
27,107
27,108
27,109
27,110
27,112
27,114
27,116
27,117
27,119
27,120
27,121
27,124
27,127
28,29
28,30
28,31
28,32
28,33
28,34
28,35
28,36
28,37
28,38
28,39
28,40
28,41
28,42
28,43
28,44
28,45
29,30
29,31
29,32
29,33
29,34
29,35
29,36
29,37
29,38
29,39
29,40
29,41
29,42
29,43
29,44
29,45
30,31
30,32
30,33
30,34
30,35
30,36
30,37
30,38
30,39
30,40
30,41
30,42
30,43
30,44
30,45
30,60
30,62
30,63
30,64
30,65
30,66
30,67
30,68
30,69
30,70
30,71
30,72
30,73
30,74
30,75
30,76
30,77
30,78
30,79
30,83
30,84
30,85
30,86
30,87
30,88
30,89
30,92
30,94
30,95
30,96
30,97
31,32
31,33
31,34
31,35
31,36
31,37
31,38
31,39
31,40
31,41
31,42
31,43
31,44
32,33
32,34
32,35
32,36
32,37
32,38
32,39
32,40
32,41
32,42
32,43
32,44
32,45
32,57
32,58
32,60
32,62
32,64
32,65
32,67
32,68
32,69
32,70
32,71
32,72
32,73
32,74
32,75
32,77
32,78
32,79
32,80
32,81
32,84
32,85
32,86
32,87
32,88
32,89
32,90
32,91
32,92
32,93
32,94
32,95
32,96
32,97
32,98
32,99
32,100
32,101
32,102
32,103
32,107
32,108
32,113
32,114
32,118
32,119
32,121
32,126
32,127
32,131
32,134
32,138
32,141
32,142
32,146
32,147
32,155
32,157
32,162
32,166
33,34
33,35
33,36
33,37
33,38
33,39
33,40
33,41
33,42
33,43
33,44
33,45
33,51
33,54
33,55
33,56
33,58
33,59
33,60
33,61
33,62
33,63
33,64
33,65
33,66
33,67
33,68
33,69
33,70
33,71
33,72
33,74
33,75
33,76
33,77
33,78
33,79
33,80
33,82
33,83
33,85
33,86
33,87
33,88
33,89
33,90
33,91
33,92
33,94
33,96
33,97
33,98
33,99
33,100
33,101
33,102
33,103
33,104
33,105
33,106
33,107
33,108
33,110
33,111
33,112
33,113
33,114
33,116
33,117
33,119
33,120
33,121
33,123
33,124
33,125
33,126
33,129
33,132
33,133
33,134
33,137
33,138
33,141
33,142
33,145
33,146
33,147
33,150
33,151
33,155
33,157
33,158
34,35
34,36
34,37
34,38
34,39
34,40
34,41
34,42
34,43
34,44
34,45
35,36
35,37
35,38
35,39
35,40
35,41
35,42
35,43
35,44
35,45
35,51
35,52
35,53
35,55
35,56
35,58
35,59
35,61
35,62
35,64
35,65
35,66
35,67
35,68
35,69
35,70
35,72
35,73
35,74
35,76
35,77
35,78
35,79
35,80
35,81
35,82
35,83
35,84
35,85
35,86
35,87
35,88
35,89
35,90
35,91
35,92
35,93
35,94
35,95
35,96
35,97
35,98
35,99
35,100
35,101
35,102
35,103
35,104
35,105
35,106
35,108
35,110
35,111
35,112
35,113
35,114
35,116
35,117
35,118
35,119
35,120
35,123
35,124
35,125
35,126
35,127
35,129
35,131
35,133
35,134
35,137
35,138
35,141
35,142
35,143
35,144
35,145
35,147
35,150
35,151
35,153
35,155
35,157
35,159
35,166
35,168
35,179
35,181
35,184
35,191
35,192
35,193
36,37
36,38
36,39
36,40
36,41
36,42
36,43
36,44
36,45
36,55
36,56
36,57
36,58
36,59
36,60
36,61
37,38
37,39
37,40
37,41
37,42
37,43
37,44
37,45
37,47
37,50
37,51
37,53
37,54
37,55
37,56
37,57
37,58
37,59
37,60
37,61
37,62
37,63
37,64
37,65
37,66
37,67
37,68
37,69
37,70
37,71
37,73
37,74
37,75
37,76
37,77
37,78
37,79
37,80
37,81
37,82
37,84
37,85
37,86
37,87
37,88
37,89
37,90
37,91
37,93
37,95
37,96
37,97
37,98
37,99
37,100
37,101
37,102
37,103
37,104
37,105
37,106
37,107
37,108
37,109
37,110
37,112
37,113
37,114
37,115
37,116
37,117
37,119
37,120
37,121
37,123
37,124
37,125
37,126
37,127
37,129
37,130
37,131
37,133
37,134
37,135
37,137
37,138
37,139
37,140
37,142
37,143
37,144
37,145
37,146
37,147
37,148
37,151
37,153
37,155
37,156
37,157
37,158
37,159
37,160
37,161
37,163
37,164
37,165
37,166
37,168
37,169
37,170
37,171
37,173
37,177
37,178
37,179
37,190
37,193
38,39
38,40
38,41
38,42
38,43
38,44
38,45
38,47
38,50
38,51
38,53
38,58
38,61
38,62
38,63
38,64
38,65
38,66
38,67
38,68
38,69
38,70
38,71
38,79
38,81
38,82
38,91
38,104
38,109
38,116
38,119
38,123
38,124
38,131
38,134
38,135
38,140
38,151
38,159
38,160
38,161
38,163
38,164
38,166
38,170
38,171
38,173
38,177
38,178
38,190
38,193
39,40
39,41
39,42
39,43
39,44
39,45
39,47
39,50
39,51
39,53
39,58
39,63
39,69
39,70
39,71
39,72
39,79
39,81
39,82
39,91
39,104
39,109
39,116
39,119
39,123
39,124
39,131
39,134
39,135
39,140
39,151
39,159
39,160
39,161
39,163
39,164
39,166
39,170
39,171
39,173
39,177
39,178
39,190
39,193
40,41
40,42
40,43
40,44
40,45
40,53
40,54
40,55
40,56
40,57
40,58
40,59
40,60
40,61
40,62
40,63
40,64
40,65
40,66
40,67
40,68
40,69
40,71
40,72
40,73
40,75
40,76
40,77
40,78
40,79
40,80
40,81
40,83
40,84
40,85
40,86
40,87
40,88
40,89
40,90
40,91
41,42
41,43
41,44
41,45
42,43
42,44
42,45
43,44
43,45
43,47
43,50
43,51
43,53
43,58
43,63
43,67
43,68
43,69
43,70
43,71
43,74
43,75
43,76
43,77
43,78
43,79
43,81
43,82
43,85
43,86
43,91
43,104
43,109
43,116
43,119
43,123
43,124
43,131
43,134
43,135
43,140
43,151
43,159
43,160
43,161
43,163
43,164
43,166
43,170
43,171
43,173
43,177
43,178
43,190
43,193
44,45
44,56
45,59
45,60
45,61
45,62
45,63
45,64
45,65
45,66
46,52
46,53
46,54
46,55
46,56
46,57
46,58
46,59
46,62
46,63
46,65
46,66
46,67
46,69
46,70
46,71
46,72
46,73
46,75
46,76
46,78
46,79
46,81
46,82
46,83
46,85
46,86
46,90
46,91
46,92
46,93
46,94
46,95
46,96
46,98
46,99
46,100
46,104
46,105
46,107
46,108
46,111
46,112
46,113
46,114
46,116
46,118
46,119
46,120
46,123
46,127
46,131
47,50
47,51
47,53
47,58
47,62
47,63
47,64
47,65
47,66
47,67
47,68
47,69
47,70
47,71
47,79
47,81
47,82
47,91
47,104
47,109
47,116
47,119
47,123
47,124
47,131
47,134
47,135
47,140
47,151
47,159
47,160
47,161
47,163
47,164
47,166
47,170
47,171
47,173
47,177
47,178
47,190
47,193
48,52
48,53
48,54
48,55
48,56
48,57
48,58
48,59
48,60
48,61
48,62
48,63
48,64
48,65
48,66
48,68
48,70
48,71
48,72
48,73
48,74
48,75
49,51
49,52
49,53
50,51
50,53
50,54
50,55
50,57
50,58
50,59
50,60
50,61
50,62
50,63
50,64
50,65
50,66
50,67
50,68
50,69
50,70
50,71
50,72
50,73
50,74
50,75
50,76
50,78
50,79
50,80
50,81
50,82
50,83
50,87
50,88
50,89
50,90
50,91
50,92
50,93
50,95
50,96
50,97
50,99
50,100
50,104
50,105
50,106
50,107
50,108
50,109
50,110
50,111
50,112
50,113
50,114
50,115
50,116
50,119
50,123
50,124
50,131
50,134
50,135
50,140
50,151
50,159
50,160
50,161
50,163
50,164
50,166
50,170
50,171
50,173
50,177
50,178
50,190
50,193
51,52
51,53
51,54
51,55
51,56
51,58
51,59
51,60
51,61
51,62
51,63
51,64
51,65
51,66
51,67
51,68
51,69
51,70
51,71
51,74
51,75
51,76
51,77
51,79
51,80
51,81
51,82
51,83
51,84
51,85
51,87
51,88
51,89
51,90
51,91
51,92
51,93
51,94
51,95
51,96
51,97
51,98
51,99
51,100
51,101
51,102
51,103
51,104
51,107
51,108
51,109
51,110
51,111
51,112
51,113
51,114
51,115
51,116
51,117
51,119
51,120
51,123
51,124
51,125
51,127
51,128
51,131
51,134
51,135
51,140
51,144
51,147
51,148
51,151
51,152
51,155
51,157
51,158
51,159
51,160
51,161
51,163
51,164
51,166
51,168
51,170
51,171
51,173
51,177
51,178
51,187
51,190
51,193
52,53
52,54
52,55
52,56
52,57
52,59
52,60
52,61
53,54
53,55
53,56
53,57
53,58
53,60
53,61
53,62
53,63
53,64
53,65
53,66
53,67
53,68
53,69
53,70
53,71
53,72
53,74
53,75
53,76
53,77
53,79
53,80
53,81
53,82
53,91
53,104
53,109
53,116
53,119
53,123
53,124
53,131
53,134
53,135
53,140
53,151
53,159
53,160
53,161
53,163
53,164
53,166
53,170
53,171
53,173
53,177
53,178
53,190
53,193
54,55
54,56
54,57
54,58
54,59
55,57
55,58
55,59
55,60
55,61
55,62
55,63
55,65
55,66
55,67
55,68
55,69
55,70
55,76
55,77
55,78
55,80
55,81
55,84
55,85
55,86
55,88
55,89
55,90
55,93
55,94
55,96
55,97
55,98
55,100
55,102
55,103
55,104
55,105
55,106
55,108
55,110
55,111
55,112
55,113
55,114
55,115
55,117
56,59
56,60
56,61
56,63
56,64
56,66
56,67
56,68
56,69
56,70
56,72
56,73
56,74
56,76
56,77
57,58
57,59
57,60
57,61
57,62
57,63
57,64
57,65
57,66
57,67
57,68
58,59
58,60
58,61
58,62
58,63
58,64
58,66
58,67
58,68
58,69
58,70
58,71
58,79
58,81
58,82
58,91
58,104
58,109
58,116
58,119
58,123
58,124
58,131
58,134
58,135
58,140
58,151
58,159
58,160
58,161
58,163
58,164
58,166
58,170
58,171
58,173
58,177
58,178
58,190
58,193
59,60
59,61
59,62
59,63
60,62
60,64
60,65
60,66
60,68
60,69
60,70
60,72
61,62
61,63
61,66
61,67
61,68
61,69
61,70
61,71
61,72
61,73
62,63
62,64
62,65
62,66
62,68
62,69
62,70
62,71
62,73
62,74
62,75
62,76
62,77
62,78
62,79
62,80
62,81
62,82
62,83
62,84
62,85
62,86
62,87
62,89
62,90
62,93
62,94
62,96
62,97
62,100
62,101
62,102
63,64
63,66
63,67
63,68
63,69
63,70
63,71
63,72
63,75
63,76
63,77
63,78
63,79
63,80
63,81
63,82
63,91
63,104
63,109
63,116
63,119
63,123
63,124
63,131
63,134
63,135
63,140
63,151
63,159
63,160
63,161
63,163
63,164
63,166
63,170
63,171
63,173
63,177
63,178
63,190
63,193
64,65
64,67
64,68
64,69
64,71
64,72
64,73
64,75
64,76
64,77
64,78
64,80
64,81
64,82
64,83
64,86
64,87
64,88
64,90
64,92
64,93
64,94
64,95
64,98
64,99
64,100
64,101
64,102
64,104
64,105
64,107
64,108
64,111
64,112
64,113
64,114
64,115
64,117
64,121
64,122
64,123
64,127
64,130
64,141
64,144
64,147
65,66
65,67
65,68
65,69
65,70
65,71
65,72
65,73
65,74
65,76
65,77
65,78
65,79
65,80
65,81
65,82
65,84
65,86
65,87
65,88
65,90
65,91
65,92
65,93
65,94
65,95
65,96
65,97
65,98
65,99
65,100
65,101
65,102
65,103
65,104
65,106
65,107
65,108
65,110
65,111
65,112
65,113
65,114
65,115
65,117
65,118
65,121
65,122
65,123
65,126
65,127
65,128
65,130
65,131
65,136
65,137
65,138
65,139
66,67
66,71
66,72
66,73
66,74
66,75
66,76
66,77
66,78
66,79
66,82
66,83
66,84
66,85
66,86
66,88
66,89
66,90
66,91
66,92
66,93
66,94
66,95
66,96
66,97
66,98
66,100
66,101
66,102
66,103
66,104
66,105
66,106
66,107
66,108
66,109
66,110
66,111
67,68
67,71
67,72
67,73
67,74
67,75
67,76
67,77
67,78
67,79
67,80
67,81
67,82
67,83
67,84
67,85
67,86
67,88
67,89
67,91
67,92
67,93
67,94
67,95
67,96
67,97
67,98
67,99
67,100
67,101
67,102
67,103
67,104
67,105
67,106
67,107
67,108
67,109
67,110
67,111
67,112
67,113
67,114
67,115
67,116
67,117
67,120
67,121
68,69
68,70
68,71
68,72
68,73
68,76
68,77
68,79
68,80
68,81
68,82
68,83
68,84
68,85
68,86
68,87
68,88
68,89
68,90
68,91
68,92
68,93
68,94
68,95
68,96
68,97
68,98
68,99
68,100
68,101
68,102
68,103
68,104
68,105
68,106
69,70
69,71
69,72
69,73
69,74
69,75
69,76
69,77
69,78
69,79
69,81
69,82
69,91
69,104
69,109
69,116
69,119
69,123
69,124
69,131
69,134
69,135
69,140
69,151
69,159
69,160
69,161
69,163
69,164
69,166
69,170
69,171
69,173
69,177
69,178
69,190
69,193
70,71
70,72
70,73
70,74
70,75
70,77
70,78
70,79
70,80
70,81
70,82
70,83
70,84
70,85
70,86
70,87
70,88
70,91
70,104
70,109
70,116
70,119
70,123
70,124
70,131
70,134
70,135
70,140
70,151
70,159
70,160
70,161
70,163
70,164
70,166
70,170
70,171
70,173
70,177
70,178
70,190
70,193
71,73
71,74
71,75
71,76
71,77
71,78
71,79
71,80
71,81
71,82
71,83
71,85
71,91
71,104
71,109
71,116
71,119
71,123
71,124
71,131
71,134
71,135
71,140
71,151
71,159
71,160
71,161
71,163
71,164
71,166
71,170
71,171
71,173
71,177
71,178
71,190
71,193
72,73
72,74
72,75
72,76
72,77
72,78
72,79
72,80
72,81
72,84
72,85
72,87
72,88
72,90
72,91
72,92
72,95
72,97
72,98
72,100
72,101
72,102
72,103
72,104
72,105
72,108
72,111
72,113
72,114
72,115
72,117
72,119
72,121
72,122
72,126
72,127
72,128
72,130
72,136
72,137
72,138
72,139
72,141
73,74
73,75
73,76
73,78
73,79
73,80
73,81
73,82
73,83
73,84
73,86
73,87
73,88
73,89
73,90
73,91
73,92
73,93
73,94
73,95
73,96
73,97
73,98
73,99
73,100
73,101
73,102
73,103
73,104
73,105
73,106
73,108
73,109
73,110
73,111
73,112
73,113
73,114
73,115
73,117
73,119
73,120
73,121
73,122
73,123
73,125
73,126
73,127
73,128
73,130
73,131
73,132
73,134
73,136
73,138
73,139
73,140
73,141
73,143
74,75
74,76
74,77
74,78
74,79
74,80
74,81
74,82
74,83
74,84
74,85
74,86
74,87
74,88
74,89
74,90
74,93
74,94
74,95
74,96
74,97
74,98
74,99
74,100
74,101
75,76
75,77
75,78
75,80
75,81
75,83
75,84
75,85
75,86
75,88
75,89
75,90
75,91
75,93
75,94
75,95
75,96
75,97
75,98
75,99
75,102
75,104
76,77
76,78
76,79
76,80
76,81
76,82
76,85
76,86
76,89
76,91
77,78
77,79
77,80
77,81
77,82
77,83
77,84
77,85
77,86
77,87
77,88
77,92
77,93
78,79
79,80
79,81
79,82
79,84
79,85
79,86
79,87
79,88
79,89
79,90
79,91
79,92
79,93
79,94
79,95
79,96
79,97
79,98
79,99
79,100
79,102
79,103
79,104
79,105
79,106
79,108
79,109
79,110
79,111
79,112
79,116
79,119
79,123
79,124
79,131
79,134
79,135
79,140
79,151
79,159
79,160
79,161
79,163
79,164
79,166
79,170
79,171
79,173
79,177
79,178
79,190
79,193
80,81
80,82
80,83
80,84
80,85
80,86
80,88
80,89
80,91
80,92
80,93
80,94
80,95
80,96
80,98
80,99
81,82
81,83
81,91
81,104
81,109
81,116
81,119
81,123
81,124
81,131
81,134
81,135
81,140
81,151
81,159
81,160
81,161
81,163
81,164
81,166
81,170
81,171
81,173
81,177
81,178
81,190
81,193
82,83
82,84
82,86
82,88
82,91
82,104
82,109
82,116
82,119
82,123
82,124
82,131
82,134
82,135
82,140
82,151
82,159
82,160
82,161
82,163
82,164
82,166
82,170
82,171
82,173
82,177
82,178
82,190
82,193
83,84
83,85
83,86
83,87
83,88
83,89
83,90
83,91
83,92
83,93
83,94
83,95
83,96
84,85
84,86
84,87
84,88
84,89
84,90
84,91
84,92
84,93
84,95
84,96
84,97
84,98
84,99
84,103
84,104
84,106
84,108
84,109
85,86
85,89
85,90
85,91
85,92
85,93
85,95
85,96
85,98
85,99
85,100
85,101
85,102
85,104
85,106
85,109
85,111
85,112
85,113
85,114
85,115
85,118
85,119
85,131
85,133
85,136
85,138
85,139
85,143
85,147
85,150
85,158
85,162
85,167
86,87
86,88
86,89
86,90
86,91
86,92
86,93
86,95
86,96
86,97
86,98
86,100
87,88
87,89
87,90
87,91
87,92
87,93
87,96
87,97
87,98
87,99
87,101
87,104
87,105
88,89
88,90
88,92
88,93
88,94
88,95
88,96
88,98
88,99
88,100
88,103
88,104
88,105
88,106
88,107
88,108
88,109
88,110
88,112
88,114
88,115
88,121
88,122
88,124
88,125
88,126
88,128
88,130
88,131
88,133
88,134
88,136
88,137
88,141
88,142
88,143
88,150
88,152
88,155
88,157
88,158
88,159
89,90
89,91
89,92
89,93
89,94
89,95
89,96
89,97
89,98
89,99
89,100
89,102
89,103
89,104
89,105
89,106
89,107
89,108
89,109
89,110
89,111
89,112
89,113
89,114
89,115
89,117
89,118
89,122
89,124
89,125
89,126
89,127
89,128
89,129
89,130
89,131
89,134
89,136
89,137
89,139
89,141
89,142
89,143
89,144
89,146
89,147
89,151
89,152
89,155
89,157
89,158
89,159
89,162
89,165
91,92
91,93
91,94
91,95
91,96
91,97
91,98
91,99
91,100
91,101
91,102
91,103
91,104
91,106
91,107
91,108
91,109
91,110
91,116
91,119
91,123
91,124
91,131
91,134
91,135
91,140
91,151
91,159
91,160
91,161
91,163
91,164
91,166
91,170
91,171
91,173
91,177
91,178
91,190
91,193
92,93
92,94
92,97
92,98
92,99
92,101
92,102
92,103
92,104
92,105
92,106
92,108
92,109
92,111
92,112
92,113
92,114
92,117
92,118
92,121
92,122
92,125
92,126
92,128
92,129
92,130
92,131
92,132
92,134
92,136
92,143
92,144
92,145
92,147
92,148
93,94
93,98
93,99
93,100
93,101
93,103
93,104
93,107
93,108
93,109
93,112
93,113
93,114
94,95
94,96
94,97
94,98
94,99
94,100
94,101
94,102
94,103
94,104
94,105
94,106
94,107
94,108
94,109
94,111
94,112
94,113
94,114
94,115
94,116
94,117
94,119
94,120
94,121
94,122
94,124
94,125
94,126
94,127
94,130
94,132
94,133
94,134
94,136
94,137
94,138
94,139
94,140
94,141
94,142
94,143
94,144
94,147
94,148
94,151
94,152
94,157
94,159
94,162
94,166
94,169
94,178
94,185
94,192
95,96
95,97
95,98
95,100
95,102
95,103
95,104
95,105
95,106
95,107
95,108
95,109
95,110
95,111
95,112
95,113
95,114
95,115
95,116
95,117
95,118
95,119
95,120
95,121
95,122
95,123
95,124
95,125
95,126
95,127
95,128
95,130
95,131
95,133
95,134
95,135
95,136
95,137
95,138
95,139
95,140
95,141
95,142
95,143
95,144
95,145
95,146
95,147
95,148
95,150
95,151
95,152
95,153
95,155
95,157
95,158
95,160
95,162
95,164
95,165
95,166
95,167
95,168
95,169
95,170
95,177
95,178
95,180
95,181
96,97
96,98
96,99
96,100
96,102
96,103
96,104
96,105
96,106
96,107
96,108
96,109
96,110
96,111
96,113
96,114
96,115
96,116
96,118
96,119
96,120
96,121
96,122
96,123
96,124
96,125
96,126
96,129
96,131
96,132
96,134
96,135
96,136
96,138
96,139
96,140
96,141
96,142
96,144
96,145
96,146
96,147
96,149
96,150
96,151
96,152
96,155
96,157
96,158
96,159
96,160
96,162
96,165
96,166
96,168
96,169
96,170
96,177
96,178
96,180
96,181
96,184
96,185
96,190
96,192
97,98
97,99
97,100
97,101
97,102
97,104
97,105
97,106
97,107
97,108
97,109
97,110
97,111
97,112
97,113
97,114
97,115
97,116
97,117
97,118
97,119
97,120
97,121
97,122
97,123
97,124
97,125
97,126
97,128
97,129
97,130
97,131
97,132
97,133
97,134
97,135
97,136
97,137
97,138
97,139
97,140
97,141
97,142
97,143
97,144
97,145
97,146
97,147
97,148
97,149
97,150
97,151
97,152
97,153
97,157
97,158
97,159
97,160
97,162
97,163
97,165
97,166
97,167
97,168
97,169
97,170
97,177
97,178
97,180
97,182
97,184
97,190
97,191
98,99
98,102
98,103
98,104
98,105
98,106
98,107
98,108
98,109
98,111
98,112
98,113
98,115
98,117
98,118
98,119
98,120
98,121
98,122
98,123
98,124
98,125
98,126
98,127
98,128
98,129
98,130
98,131
98,132
98,133
98,134
98,136
98,137
98,138
98,139
98,140
98,141
98,142
98,143
98,144
98,145
98,146
98,147
98,148
98,149
98,150
98,151
98,152
98,153
98,155
98,156
98,157
98,159
98,160
98,161
98,162
98,163
98,164
98,165
98,166
98,167
98,168
98,169
98,170
98,171
98,175
98,176
98,177
98,178
98,180
98,181
98,182
98,185
98,186
98,190
98,191
98,192
99,100
99,101
99,102
99,103
99,106
99,107
99,108
99,109
99,110
99,111
99,112
99,113
99,115
99,118
99,119
99,121
99,122
99,123
99,124
99,125
99,127
99,128
99,129
99,130
99,131
99,132
99,133
99,134
99,135
99,137
99,138
99,139
99,140
99,141
99,142
99,143
99,144
99,145
99,146
99,147
99,148
99,149
99,150
99,151
99,152
99,153
99,155
99,156
99,157
99,158
99,159
99,160
99,161
99,162
99,163
99,164
99,165
100,101
100,102
100,103
100,104
100,105
100,106
100,107
100,108
100,109
100,110
100,111
100,112
100,113
100,114
100,116
100,117
100,118
100,119
100,120
100,121
100,122
100,123
100,124
100,125
100,127
100,128
100,129
100,130
100,131
100,132
100,133
100,134
100,135
100,136
100,138
100,139
100,142
100,143
100,145
100,146
100,147
100,148
100,149
100,150
100,151
100,152
100,154
100,155
101,102
101,103
101,104
101,105
101,106
101,107
101,108
101,109
101,110
101,111
101,112
101,113
101,114
101,116
101,117
101,118
101,119
101,121
101,122
101,123
101,124
101,125
101,126
101,129
101,130
101,131
101,132
101,133
101,134
101,136
101,137
101,139
101,141
101,142
101,143
101,144
101,145
101,146
101,147
101,148
101,150
101,151
101,152
101,153
101,156
101,157
101,158
101,161
101,162
101,163
101,164
101,165
101,166
101,167
101,169
101,170
102,103
102,104
102,105
102,106
102,107
102,108
102,109
102,110
102,111
102,112
102,113
102,114
102,115
102,116
102,118
102,119
102,120
102,121
102,122
102,123
102,124
102,125
102,126
102,127
102,128
102,129
102,130
102,131
102,132
102,133
102,134
102,135
102,136
102,138
102,139
102,140
102,141
102,142
102,143
102,144
102,145
102,146
102,147
102,148
102,149
102,150
102,151
102,152
102,153
102,154
102,155
102,156
102,157
102,158
102,159
102,160
102,161
102,162
102,163
102,164
102,165
102,166
102,167
102,168
102,169
103,104
103,105
103,106
103,107
103,108
103,109
103,112
103,113
103,114
103,115
103,116
103,117
103,118
103,119
103,121
103,122
103,123
103,124
103,125
103,126
103,127
103,128
103,129
103,130
103,131
103,132
103,133
103,135
103,136
103,137
103,138
103,139
103,141
103,142
103,143
103,145
103,146
103,147
103,148
103,149
103,150
103,151
103,152
103,154
103,155
103,156
103,157
103,158
103,159
103,161
103,163
103,164
103,165
103,166
103,167
103,168
103,169
103,170
103,171
104,105
104,106
104,107
104,108
104,109
104,116
104,119
104,123
104,124
104,131
104,134
104,135
104,140
104,151
104,159
104,160
104,161
104,163
104,164
104,166
104,170
104,171
104,173
104,177
104,178
104,190
104,193
105,107
105,108
105,109
105,110
105,111
105,112
105,113
105,114
105,115
105,116
105,117
105,120
105,121
105,122
105,123
105,124
105,125
105,126
105,129
105,130
105,131
106,107
106,109
106,110
106,111
106,112
106,114
106,115
106,116
106,117
106,119
106,120
107,108
107,110
107,111
107,112
107,113
107,114
107,115
107,116
107,117
107,118
107,119
107,120
107,121
107,122
107,123
107,124
107,125
107,126
107,127
107,128
107,129
107,130
107,131
107,134
107,135
107,136
107,137
107,138
107,139
107,140
107,141
107,143
107,144
107,145
107,146
107,147
107,148
107,149
107,150
108,109
108,110
108,111
108,112
108,113
108,116
108,117
108,118
108,119
108,120
108,121
108,122
108,123
108,124
108,125
108,126
108,127
108,128
108,129
108,131
108,133
108,134
109,110
109,111
109,112
109,113
109,114
109,116
109,117
109,118
109,119
109,120
109,121
109,123
109,124
109,125
109,126
109,127
109,128
109,129
109,130
109,131
109,132
109,133
109,134
109,135
109,136
109,137
109,138
109,139
109,140
109,141
109,142
109,143
109,144
109,145
109,146
109,147
109,149
109,151
109,152
109,153
109,154
109,156
109,157
109,158
109,159
109,160
109,161
109,163
109,164
109,166
109,168
109,170
109,171
109,173
109,175
109,176
109,177
109,178
109,182
109,183
109,186
109,188
109,190
109,193
110,111
110,112
110,114
110,115
110,116
110,117
110,119
110,120
110,121
110,122
110,123
110,124
110,125
110,126
110,127
111,112
111,113
111,114
111,116
111,117
111,118
111,119
111,120
111,121
111,122
111,123
111,124
111,126
111,127
111,128
111,129
111,130
111,131
111,132
111,133
111,136
111,137
111,138
111,139
111,140
111,141
111,142
111,143
111,144
111,145
111,146
111,147
111,148
111,149
111,150
111,152
111,153
111,155
111,156
111,157
111,158
111,159
111,160
111,161
111,162
111,165
111,166
111,167
111,168
111,169
111,170
111,176
111,177
111,178
111,179
111,182
111,183
111,184
111,185
111,186
111,188
111,189
111,192
112,113
112,114
112,115
112,116
112,117
112,120
112,121
112,123
112,124
112,125
112,126
112,127
112,128
112,129
112,130
112,132
112,133
112,134
112,135
112,136
112,137
112,138
112,139
112,140
112,141
112,142
113,115
113,116
113,117
113,118
113,119
114,115
114,116
114,117
114,118
114,120
114,121
114,122
114,125
114,126
114,128
114,129
114,130
114,131
114,132
114,133
114,134
114,135
114,136
114,137
114,138
114,139
114,140
114,141
115,116
115,117
115,118
116,117
116,118
116,119
116,120
116,121
116,123
116,124
116,126
116,127
116,128
116,129
116,130
116,131
116,132
116,133
116,134
116,135
116,140
116,151
116,159
116,160
116,161
116,163
116,164
116,166
116,170
116,171
116,173
116,177
116,178
116,190
116,193
117,118
117,119
117,120
117,121
117,122
117,124
117,126
117,127
117,130
117,131
117,132
117,133
117,135
117,137
117,138
117,139
117,140
117,142
117,144
117,145
117,147
117,148
117,149
117,150
117,151
117,153
117,155
117,156
117,157
117,158
117,159
117,160
117,162
117,163
117,166
117,170
117,174
117,176
117,178
117,180
117,181
117,182
117,183
117,184
117,188
117,192
118,120
118,121
119,120
119,121
119,122
119,123
119,124
119,125
119,126
119,127
119,128
119,129
119,130
119,131
119,132
119,134
119,135
119,136
119,137
119,139
119,140
119,141
119,142
119,144
119,145
119,150
119,151
119,152
119,153
119,159
119,160
119,161
119,163
119,164
119,166
119,170
119,171
119,173
119,177
119,178
119,190
119,193
120,121
120,124
120,126
120,127
120,128
120,129
120,133
120,134
120,135
120,136
120,137
120,138
120,139
120,140
120,141
120,142
120,143
120,144
120,145
120,146
120,147
120,148
120,149
120,150
120,151
120,152
120,153
120,155
120,156
120,157
120,158
120,160
120,161
120,162
120,163
120,164
120,165
120,166
120,167
120,169
120,170
120,171
120,172
120,175
120,176
120,177
120,179
120,180
120,181
120,182
120,186
120,188
120,191
120,192
120,195
121,123
121,124
121,125
122,123
122,124
123,124
123,131
123,134
123,135
123,140
123,151
123,159
123,160
123,161
123,163
123,164
123,166
123,170
123,171
123,173
123,177
123,178
123,190
123,193
124,125
124,127
124,128
124,129
124,130
124,131
124,132
124,133
124,134
124,135
124,137
124,138
124,139
124,140
124,141
124,142
124,143
124,144
124,145
124,146
124,151
124,159
124,160
124,161
124,163
124,164
124,166
124,170
124,171
124,173
124,177
124,178
124,190
124,193
125,126
125,127
125,128
125,129
125,130
125,132
125,133
125,134
125,135
125,136
125,137
125,138
125,139
125,141
125,142
125,143
125,144
125,146
125,149
125,150
125,151
125,152
125,153
125,155
125,156
125,157
126,128
126,130
126,131
126,132
126,133
127,128
127,129
127,130
127,131
127,133
127,134
127,135
127,136
127,137
127,138
127,139
127,141
127,142
127,143
127,144
127,145
127,147
127,149
127,150
127,151
127,153
127,155
127,156
127,157
127,158
127,159
127,160
127,161
127,163
127,164
127,165
127,167
127,168
127,169
127,172
127,173
127,175
127,176
127,177
127,181
127,184
127,185
127,188
127,192
127,193
127,195
127,197
129,131
129,133
129,134
129,135
129,136
129,137
129,139
129,141
129,142
129,143
129,144
129,145
129,146
129,147
129,148
129,149
129,151
129,152
129,153
129,154
129,155
129,156
129,159
129,160
129,161
129,162
129,164
129,165
129,167
129,169
129,170
129,172
129,173
129,174
129,175
129,176
129,177
129,179
129,181
129,182
131,132
131,134
131,135
131,138
131,139
131,140
131,141
131,143
131,144
131,145
131,151
131,159
131,160
131,161
131,163
131,164
131,166
131,170
131,171
131,173
131,177
131,178
131,190
131,193
132,133
132,134
132,137
132,138
132,139
132,141
132,142
132,143
132,144
132,145
132,146
132,147
132,148
132,149
132,150
132,151
132,152
132,153
132,156
132,157
132,158
132,159
132,160
132,161
132,162
132,164
132,166
132,167
132,169
132,170
132,172
132,173
132,174
132,177
132,179
132,181
132,184
132,185
132,188
132,189
132,190
132,191
132,192
132,193
132,195
133,134
133,135
133,136
133,137
133,138
133,139
133,142
133,143
133,144
133,145
133,147
133,148
133,149
133,150
133,151
133,152
133,153
133,154
133,155
133,156
133,157
133,158
133,159
133,160
133,161
133,162
133,163
133,164
133,165
133,166
133,167
133,168
133,169
133,170
134,135
134,136
134,137
134,138
134,139
134,140
134,151
134,159
134,160
134,161
134,163
134,164
134,166
134,170
134,171
134,173
134,177
134,178
134,190
134,193
135,138
135,139
135,140
135,141
135,143
135,145
135,146
135,147
135,148
135,149
135,151
135,153
135,154
135,155
135,157
135,158
135,159
135,160
135,161
135,163
135,164
135,166
135,170
135,171
135,173
135,177
135,178
135,190
135,193
137,138
137,139
137,141
137,142
137,143
137,147
137,148
137,150
137,151
137,153
137,154
137,156
137,158
137,159
137,160
137,161
137,162
137,163
137,164
137,165
137,166
137,167
137,168
137,169
137,170
137,171
137,172
137,173
137,174
137,175
137,176
137,179
137,181
137,182
137,187
137,188
137,189
137,190
138,140
138,141
138,142
138,143
138,144
138,145
138,146
138,147
138,148
138,149
138,150
138,151
138,152
139,140
139,141
139,142
139,143
139,144
139,145
139,146
139,147
139,148
139,149
139,150
139,151
139,152
139,154
139,156
139,157
139,158
139,159
139,160
139,163
139,164
139,165
139,167
139,168
139,170
139,171
139,172
139,173
139,174
139,175
139,176
139,178
139,179
139,180
139,181
139,182
139,184
139,185
139,186
139,187
139,188
139,190
139,191
139,197
140,141
140,142
140,143
140,144
140,145
140,146
140,147
140,148
140,149
140,151
140,159
140,160
140,161
140,163
140,164
140,166
140,170
140,171
140,173
140,177
140,178
140,190
140,193
141,142
141,143
141,144
141,145
141,146
141,147
141,149
141,150
141,151
141,152
141,153
141,154
141,155
141,156
141,157
141,158
141,159
141,160
141,161
141,162
141,163
141,164
141,165
141,166
141,167
141,168
141,169
141,170
141,171
141,172
141,173
141,175
141,178
141,179
141,180
141,181
141,182
141,183
141,184
141,186
141,187
141,188
141,189
141,190
141,191
141,193
141,195
141,199
142,144
142,145
142,146
142,148
142,149
142,150
142,151
142,155
142,156
143,144
143,145
143,146
143,147
143,148
143,150
143,152
143,153
143,155
143,156
143,157
143,158
143,159
143,160
143,162
144,145
144,146
144,147
144,149
144,151
144,152
144,153
144,154
144,155
144,156
144,157
144,158
144,159
144,160
144,161
144,163
144,164
144,165
144,166
144,167
144,168
144,169
144,170
144,171
144,172
144,173
145,146
145,147
145,148
145,149
145,150
145,152
145,153
145,154
145,156
145,157
145,158
145,159
145,160
145,162
145,163
145,164
145,165
145,166
145,167
145,168
145,169
145,170
145,171
145,172
145,173
145,174
145,175
145,178
145,179
145,180
145,181
145,183
145,184
145,185
145,187
145,188
145,191
145,192
145,195
145,197
145,199
147,148
147,149
147,150
147,151
147,152
147,153
147,155
147,156
147,157
147,159
147,160
147,161
147,162
147,165
147,166
147,167
147,168
147,169
147,170
147,171
147,172
147,174
147,175
147,176
147,177
147,178
147,179
147,180
147,181
147,182
147,183
147,186
147,187
147,188
147,189
147,190
147,191
147,192
147,193
147,195
147,196
147,197
147,199
148,150
148,151
148,152
148,153
148,154
148,155
148,156
148,157
148,158
148,159
148,160
148,162
148,163
148,164
149,150
150,151
150,152
150,153
150,154
150,156
150,157
150,158
150,159
150,160
150,161
150,164
150,168
150,169
150,170
150,171
150,172
150,173
150,174
150,175
150,176
150,177
150,178
150,179
150,180
150,182
150,183
150,184
150,185
150,186
150,187
150,189
150,190
150,191
150,192
150,193
150,195
150,196
150,197
150,198
150,199
151,152
151,154
151,156
151,157
151,159
151,160
151,161
151,162
151,163
151,164
151,166
151,167
151,169
151,170
151,171
151,172
151,173
151,175
151,176
151,177
151,178
151,180
151,181
151,182
151,183
151,184
151,185
151,186
151,187
151,188
151,189
151,190
151,191
151,192
151,193
151,194
151,195
151,196
152,153
152,154
152,156
152,157
152,158
152,159
152,161
152,162
152,163
152,164
152,165
152,166
152,167
152,170
152,171
152,172
152,173
152,174
152,175
152,176
152,177
152,178
152,179
152,181
152,183
152,185
152,186
152,187
152,188
152,190
152,191
152,193
152,194
152,195
152,196
152,197
152,198
152,199
153,154
153,155
153,156
153,157
153,158
153,159
153,160
153,161
153,162
153,163
153,164
153,165
153,166
153,167
153,168
153,169
153,170
153,171
153,172
153,173
153,175
153,176
153,178
153,179
153,180
153,181
153,183
153,184
154,155
154,156
154,157
154,158
154,159
154,160
154,161
154,162
154,163
154,165
154,166
154,167
155,156
155,157
155,158
155,159
155,160
155,161
155,162
155,163
155,164
155,165
155,166
155,167
155,169
155,170
155,171
155,173
155,176
155,177
155,178
155,179
155,181
155,182
155,183
155,184
155,187
155,188
155,189
155,191
155,194
155,195
155,196
155,197
155,198
155,199
156,157
156,158
156,159
156,160
156,161
156,162
156,163
156,164
156,165
156,166
156,167
156,168
156,169
156,170
156,172
156,173
157,158
157,159
157,160
157,161
157,163
157,164
157,165
157,166
157,167
157,168
157,169
157,170
157,171
157,172
157,173
157,174
157,175
157,176
157,177
157,178
157,179
157,180
157,181
157,182
157,183
157,184
157,185
158,159
158,162
158,163
158,165
158,166
158,169
158,170
158,171
158,172
158,173
158,174
158,175
158,176
158,178
158,179
158,180
158,181
158,183
158,184
158,186
158,187
158,188
158,189
158,190
158,191
158,192
158,193
158,194
158,195
158,196
158,197
158,199
159,160
159,161
159,162
159,163
159,164
159,165
159,166
159,167
159,168
159,169
159,170
159,171
159,172
159,173
159,174
159,175
159,176
159,177
159,178
159,179
159,180
159,182
159,183
159,184
159,185
159,186
159,188
159,189
159,190
159,191
159,192
159,193
159,195
159,196
159,197
159,198
159,199
160,161
160,162
160,163
160,164
160,165
160,166
160,168
160,170
160,171
160,173
160,177
160,178
160,190
160,193
161,162
161,163
161,164
161,165
161,166
161,167
161,168
161,169
161,170
161,171
161,173
161,174
161,176
161,177
161,178
161,179
161,180
161,181
161,182
161,183
161,184
161,186
161,187
161,188
161,189
161,190
161,192
161,193
161,195
161,196
161,198
161,199
163,164
163,165
163,166
163,168
163,169
163,170
163,171
163,173
163,174
163,175
163,176
163,177
163,178
163,190
163,193
164,166
164,170
164,171
164,172
164,173
164,174
164,175
164,176
164,177
164,178
164,179
164,181
164,182
164,183
164,184
164,186
164,189
164,190
164,192
164,193
164,194
164,195
164,196
164,198
164,199
165,166
165,168
165,169
165,171
165,172
165,174
165,175
165,180
165,181
165,182
165,183
165,185
165,186
165,187
165,188
165,189
165,190
165,191
165,192
165,194
165,195
166,167
166,168
166,169
166,170
166,171
166,172
166,173
166,174
166,175
166,176
166,177
166,178
166,179
166,180
166,182
166,183
166,184
166,185
166,186
166,188
166,189
166,190
166,191
166,192
166,193
166,194
166,195
166,196
166,197
166,198
167,168
167,169
167,170
167,171
167,172
167,173
167,174
167,176
167,177
167,178
167,179
167,180
167,181
167,182
167,183
167,184
167,185
167,186
167,187
167,188
167,189
167,190
167,191
167,192
167,193
167,194
167,195
167,196
167,197
167,198
167,199
168,169
168,170
168,172
168,173
168,174
168,175
169,170
169,171
169,172
169,173
169,174
169,176
169,178
169,179
169,180
169,181
169,183
169,185
169,186
169,188
169,189
169,192
169,194
169,196
169,197
169,198
169,199
170,171
170,172
170,173
170,174
170,175
170,176
170,177
170,178
170,183
170,184
170,185
170,186
170,188
170,189
170,190
170,191
170,192
170,193
170,194
170,195
170,196
170,197
170,198
171,172
171,173
171,174
171,175
171,176
171,177
171,178
171,181
171,182
171,183
171,184
171,185
171,186
171,187
171,188
171,189
171,190
171,191
171,192
171,193
171,194
171,195
171,196
171,197
171,198
171,199
172,173
172,174
172,175
172,176
172,177
172,178
172,179
172,180
172,181
172,182
172,183
172,184
172,185
172,186
172,187
172,188
172,189
172,190
172,191
172,192
172,193
172,195
172,198
172,199
173,174
173,175
173,176
173,177
173,178
173,179
173,180
173,181
173,182
173,183
173,184
173,185
173,190
173,193
174,175
174,176
174,177
174,178
175,176
175,177
175,178
175,179
175,181
175,182
175,184
175,185
175,186
175,187
175,188
175,189
175,190
175,192
175,193
175,194
175,195
175,196
175,198
175,199
176,177
176,178
176,179
176,180
176,181
176,182
176,183
176,184
176,186
176,187
176,188
176,189
176,190
176,191
176,192
176,193
176,194
176,195
176,196
176,197
176,198
176,199
177,178
177,179
177,180
177,181
177,190
177,193
178,190
178,193
179,181
179,182
179,183
179,184
179,185
179,186
179,187
179,188
179,189
179,190
179,191
179,194
179,195
179,197
180,181
180,182
180,183
180,184
180,185
180,186
180,187
180,188
180,189
180,190
180,191
180,192
180,194
180,196
180,197
180,198
180,199
181,182
181,183
181,184
181,185
181,186
181,187
181,188
181,189
181,190
181,191
181,193
181,194
181,195
181,196
181,197
181,199
182,183
182,184
182,185
182,187
182,188
182,189
182,190
182,191
182,192
182,193
182,194
183,184
183,185
183,186
183,187
184,186
184,189
184,190
184,191
184,192
184,193
184,194
184,195
184,196
184,198
185,186
185,187
185,190
186,188
186,189
186,191
186,192
186,193
186,194
186,195
186,197
187,188
187,189
187,190
187,191
187,194
187,195
187,197
187,198
187,199
188,189
188,190
188,191
188,192
188,194
188,195
188,196
188,197
188,198
188,199
189,190
189,191
189,192
189,193
189,194
189,195
189,196
189,197
189,199
190,191
190,192
190,193
190,194
190,196
190,197
190,198
190,199
191,192
192,193
192,194
192,196
192,197
192,198
193,194
193,196
193,197
193,198
193,199
194,195
194,196
194,197
194,198
195,196
195,198
195,199
196,197
196,198
196,199
197,198
197,199
198,199
