0,1
0,2
0,3
0,4
0,5
0,6
0,7
0,8
0,9
0,10
0,11
0,12
0,13
0,14
0,15
0,16
0,17
0,18
0,19
0,20
0,21
0,22
0,23
0,24
0,25
0,26
0,27
0,28
0,29
0,30
0,31
0,32
0,33
0,34
0,35
0,36
0,37
0,38
0,39
0,40
0,41
1,2
1,3
1,4
1,5
1,6
1,7
1,8
1,9
1,10
1,11
1,12
1,13
1,14
1,15
1,16
1,17
1,18
1,19
1,20
1,21
1,22
1,23
1,24
1,25
1,26
1,27
1,28
1,29
1,30
1,31
1,32
1,33
1,34
1,35
1,36
1,37
1,38
1,39
1,40
1,41
1,81
2,3
2,4
2,5
2,6
2,7
2,8
2,9
2,10
2,11
2,12
2,13
2,14
2,15
2,16
2,17
2,18
2,19
2,20
2,21
2,22
2,23
2,24
2,25
2,26
2,27
2,28
2,29
2,30
2,31
2,32
2,33
2,34
2,35
2,36
2,37
2,38
2,39
2,40
2,41
2,47
2,54
2,60
2,65
2,70
2,71
2,72
2,81
2,88
2,92
2,93
2,98
2,99
2,107
2,108
2,113
2,123
2,125
2,129
2,132
2,133
2,134
2,139
2,142
2,144
2,148
2,152
2,161
2,164
2,179
2,182
2,185
2,193
3,4
3,5
3,6
3,7
3,8
3,9
3,10
3,11
3,12
3,13
3,14
3,15
3,16
3,17
3,18
3,19
3,20
3,21
3,22
3,23
3,24
3,25
3,26
3,27
3,28
3,29
3,30
3,31
3,32
3,33
3,34
3,35
3,36
3,37
3,38
3,39
3,40
3,41
3,47
3,52
3,54
3,56
3,59
3,60
3,65
3,70
3,71
3,72
3,81
3,88
3,98
3,107
3,108
3,113
3,123
3,125
3,129
3,132
3,133
3,134
3,139
3,142
3,144
3,148
3,152
3,161
3,164
3,179
3,182
3,185
3,193
4,5
4,6
4,7
4,8
4,9
4,10
4,11
4,12
4,13
4,14
4,15
4,16
4,17
4,18
4,19
4,20
4,21
4,22
4,23
4,24
4,25
4,26
4,27
4,28
4,29
4,30
4,31
4,32
4,33
4,34
4,35
4,36
4,37
4,38
4,39
4,40
4,41
5,6
5,7
5,8
5,9
5,10
5,11
5,12
5,13
5,14
5,15
5,16
5,17
5,18
5,19
5,20
5,21
5,22
5,23
5,24
5,25
5,26
5,27
5,28
5,29
5,30
5,31
5,32
5,33
5,34
5,35
5,36
5,37
5,38
5,39
5,40
5,41
6,7
6,8
6,9
6,10
6,11
6,12
6,13
6,14
6,15
6,16
6,17
6,18
6,19
6,20
6,21
6,22
6,23
6,24
6,25
6,26
6,27
6,28
6,29
6,30
6,31
6,32
6,33
6,34
6,35
6,36
6,37
6,38
6,39
6,40
6,41
6,47
6,52
6,54
6,56
6,59
6,60
6,65
6,69
6,70
6,71
6,72
6,74
6,79
6,81
6,82
6,86
6,88
6,93
6,98
6,99
6,102
6,107
6,108
6,110
6,113
6,116
6,117
6,118
6,120
6,121
6,122
6,123
6,125
6,129
6,132
6,133
6,134
6,139
6,142
6,144
6,148
6,152
6,161
6,164
6,179
6,182
6,185
6,193
7,8
7,9
7,10
7,11
7,12
7,13
7,14
7,15
7,16
7,17
7,18
7,19
7,20
7,21
7,22
7,23
7,24
7,25
7,26
7,27
7,28
7,29
7,30
7,31
7,32
7,33
7,34
7,35
7,36
7,37
7,38
7,39
7,40
7,41
7,55
7,56
7,59
7,61
7,67
7,68
7,69
7,72
7,74
7,77
7,79
7,80
7,81
7,82
7,83
7,86
7,87
7,92
7,93
7,95
7,99
7,100
7,102
7,110
7,114
7,116
7,117
7,118
7,120
7,121
7,122
7,128
8,9
8,10
8,11
8,12
8,13
8,14
8,15
8,16
8,17
8,18
8,19
8,20
8,21
8,22
8,23
8,24
8,25
8,26
8,27
8,28
8,29
8,30
8,31
8,32
8,33
8,34
8,35
8,36
8,37
8,38
8,39
8,40
8,41
8,51
8,53
8,55
8,56
9,10
9,11
9,12
9,13
9,14
9,15
9,16
9,17
9,18
9,19
9,20
9,21
9,22
9,23
9,24
9,25
9,26
9,27
9,28
9,29
9,30
9,31
9,32
9,33
9,34
9,35
9,36
9,37
9,38
9,39
9,40
9,41
9,53
9,55
9,56
9,57
9,58
9,61
9,62
9,63
9,67
9,69
9,70
9,72
9,76
9,77
9,79
9,80
9,81
9,82
9,83
9,87
10,11
10,12
10,13
10,14
10,15
10,16
10,17
10,18
10,19
10,20
10,21
10,22
10,23
10,24
10,25
10,26
10,27
10,28
10,29
10,30
10,31
10,32
10,33
10,34
10,35
10,36
10,37
10,38
10,39
10,40
10,41
11,12
11,13
11,14
11,15
11,16
11,17
11,18
11,19
11,20
11,21
11,22
11,23
11,24
11,25
11,26
11,27
11,28
11,29
11,30
11,31
11,32
11,33
11,34
11,35
11,36
11,37
11,38
11,39
11,40
11,41
11,50
11,51
11,52
11,53
11,54
11,55
11,56
11,58
11,59
11,61
11,62
11,63
11,64
11,67
11,68
11,69
11,72
11,74
11,75
11,76
11,77
11,79
11,80
11,81
11,82
11,83
11,84
11,85
11,86
11,87
11,88
11,89
11,92
11,94
11,99
11,102
11,117
11,118
11,120
11,131
11,134
11,135
11,138
11,145
11,147
11,154
11,155
11,157
11,161
11,162
11,164
11,165
11,166
11,167
12,13
12,14
12,15
12,16
12,17
12,18
12,19
12,20
12,21
12,22
12,23
12,24
12,25
12,26
12,27
12,28
12,29
12,30
12,31
12,32
12,33
12,34
12,35
12,36
12,37
12,38
12,39
12,40
12,41
12,50
12,51
12,52
12,53
12,54
12,56
12,57
12,58
12,59
12,61
12,62
12,63
12,64
12,66
12,67
12,68
12,69
12,70
12,75
12,76
12,77
12,78
12,79
12,80
12,81
12,82
12,83
12,84
12,86
12,87
12,88
12,89
12,92
12,93
12,94
12,95
12,96
12,97
12,98
12,100
12,101
12,102
12,106
12,107
12,108
12,110
12,111
12,113
12,114
12,115
12,116
12,117
12,118
12,119
12,120
12,121
12,122
13,14
13,15
13,16
13,17
13,18
13,19
13,20
13,21
13,22
13,23
13,24
13,25
13,26
13,27
13,28
13,29
13,30
13,31
13,32
13,33
13,34
13,35
13,36
13,37
13,38
13,39
13,40
13,41
13,47
13,48
13,49
13,50
13,51
13,52
13,53
13,54
13,55
13,56
13,57
13,58
13,59
13,60
13,61
13,62
13,63
13,64
13,66
13,67
13,68
13,69
13,70
13,71
13,72
13,74
13,75
13,77
13,78
13,79
13,80
13,81
13,82
13,83
13,84
13,85
13,86
13,87
13,88
13,89
13,91
13,92
13,93
13,94
13,95
13,96
13,98
13,100
13,101
13,102
13,106
13,107
13,108
13,109
13,110
13,113
13,115
13,116
13,117
13,118
13,119
13,120
13,121
13,122
13,128
13,131
13,132
13,133
13,134
13,135
14,15
14,16
14,17
14,18
14,19
14,20
14,21
14,22
14,23
14,24
14,25
14,26
14,27
14,28
14,29
14,30
14,31
14,32
14,33
14,34
14,35
14,36
14,37
14,38
14,39
14,40
14,41
15,16
15,17
15,18
15,19
15,20
15,21
15,22
15,23
15,24
15,25
15,26
15,27
15,28
15,29
15,30
15,31
15,32
15,33
15,34
15,35
15,36
15,37
15,38
15,39
15,40
15,41
15,54
15,55
15,56
15,57
15,58
15,59
15,61
15,62
15,63
15,64
15,66
15,67
15,68
15,69
15,70
15,71
15,72
16,17
16,18
16,19
16,20
16,21
16,22
16,23
16,24
16,25
16,26
16,27
16,28
16,29
16,30
16,31
16,32
16,33
16,34
16,35
16,36
16,37
16,38
16,39
16,40
16,41
16,49
16,50
16,51
16,52
16,53
16,54
16,55
16,56
16,57
16,58
16,59
16,60
16,61
16,62
16,63
16,64
17,18
17,19
17,20
17,21
17,22
17,23
17,24
17,25
17,26
17,27
17,28
17,29
17,30
17,31
17,32
17,33
17,34
17,35
17,36
17,37
17,38
17,39
17,40
17,41
17,53
17,54
17,55
17,56
17,57
17,59
17,60
17,61
17,62
17,63
17,64
17,65
17,66
18,19
18,20
18,21
18,22
18,23
18,24
18,25
18,26
18,27
18,28
18,29
18,30
18,31
18,32
18,33
18,34
18,35
18,36
18,37
18,38
18,39
18,40
18,41
18,47
18,48
18,49
18,50
18,51
18,52
18,53
18,54
18,55
18,56
18,57
18,60
18,61
18,62
18,63
18,64
18,65
18,66
18,69
18,70
18,71
18,72
18,75
18,76
18,77
18,78
18,81
18,82
18,83
18,84
18,85
18,86
18,88
18,89
18,93
18,94
18,95
18,96
18,97
18,98
18,99
18,100
18,101
18,102
18,107
18,108
18,113
18,123
18,125
18,129
18,132
18,133
18,134
18,139
18,142
18,144
18,148
18,152
18,161
18,164
18,179
18,182
18,185
18,193
19,20
19,21
19,22
19,23
19,24
19,25
19,26
19,27
19,28
19,29
19,30
19,31
19,32
19,33
19,34
19,35
19,36
19,37
19,38
19,39
19,40
19,41
19,48
19,49
19,50
19,51
19,52
19,53
19,54
19,55
19,56
19,57
19,58
19,59
19,61
19,62
19,63
19,64
19,65
19,66
19,68
19,69
19,70
19,71
19,72
19,74
19,75
19,76
19,77
19,78
19,80
19,81
19,82
19,83
19,85
19,86
19,87
19,88
19,89
19,90
19,92
19,94
19,95
20,21
20,22
20,23
20,24
20,25
20,26
20,27
20,28
20,29
20,30
20,31
20,32
20,33
20,34
20,35
20,36
20,37
20,38
20,39
20,40
20,41
20,47
20,48
20,49
20,50
20,53
20,54
20,55
20,56
20,57
20,58
20,59
20,60
20,61
20,62
20,63
20,64
20,65
20,66
20,68
20,69
20,70
20,71
20,72
20,73
20,74
20,75
20,76
20,77
20,78
20,79
20,81
20,82
20,83
20,84
20,85
20,86
20,87
20,88
21,22
21,23
21,24
21,25
21,26
21,27
21,28
21,29
21,30
21,31
21,32
21,33
21,34
21,35
21,36
21,37
21,38
21,39
21,40
21,41
21,47
21,49
21,50
22,23
22,24
22,25
22,26
22,27
22,28
22,29
22,30
22,31
22,32
22,33
22,34
22,35
22,36
22,37
22,38
22,39
22,40
22,41
22,47
22,53
22,54
22,55
22,56
22,60
22,65
22,70
22,71
22,72
22,81
22,88
22,98
22,107
22,108
22,113
22,123
22,125
22,129
22,132
22,133
22,134
22,139
22,142
22,144
22,148
22,152
22,161
22,164
22,179
22,182
22,185
22,193
23,24
23,25
23,26
23,27
23,28
23,29
23,30
23,31
23,32
23,33
23,34
23,35
23,36
23,37
23,38
23,39
23,40
23,41
23,44
23,46
23,47
23,49
23,50
23,51
23,52
23,53
23,54
23,55
23,56
23,57
23,58
23,59
23,60
23,62
23,63
23,64
23,65
23,67
23,69
23,70
23,71
23,73
23,75
23,76
23,77
23,78
23,79
23,80
23,81
23,82
23,83
23,84
23,87
23,88
23,89
23,90
23,91
23,92
23,93
23,94
23,95
23,96
23,97
23,99
23,100
23,102
23,106
23,107
23,108
23,113
23,115
23,116
23,121
23,122
23,124
23,131
23,133
23,135
23,138
23,139
23,144
23,145
23,147
23,148
23,151
23,154
23,155
23,156
23,157
23,159
23,160
23,164
23,166
23,169
23,172
23,177
23,178
23,181
23,183
23,185
23,186
23,188
23,190
23,192
23,195
24,25
24,26
24,27
24,28
24,29
24,30
24,31
24,32
24,33
24,34
24,35
24,36
24,37
24,38
24,39
24,40
24,41
24,47
24,48
24,49
24,50
24,51
24,52
24,54
24,55
24,56
24,57
24,58
24,59
24,60
24,61
24,62
24,63
24,64
24,65
24,67
24,68
24,69
24,70
24,71
24,72
24,73
24,74
24,76
24,77
24,78
24,79
24,80
24,81
24,82
24,83
24,88
24,98
24,107
24,108
24,113
24,123
24,125
24,129
24,132
24,133
24,134
24,139
24,142
24,144
24,148
24,152
24,161
24,164
24,179
24,182
24,185
24,193
25,26
25,27
25,28
25,29
25,30
25,31
25,32
25,33
25,34
25,35
25,36
25,37
25,38
25,39
25,40
25,41
25,49
25,50
25,51
25,52
25,53
26,27
26,28
26,29
26,30
26,31
26,32
26,33
26,34
26,35
26,36
26,37
26,38
26,39
26,40
26,41
26,47
26,51
26,53
26,54
26,55
26,56
26,57
26,58
26,59
26,60
26,62
26,63
26,64
26,65
26,66
26,67
26,68
26,69
26,70
26,71
26,72
26,74
26,75
26,81
26,88
26,98
26,107
26,108
26,113
26,123
26,125
26,129
26,132
26,133
26,134
26,139
26,142
26,144
26,148
26,152
26,161
26,164
26,179
26,182
26,185
26,193
27,28
27,29
27,30
27,31
27,32
27,33
27,34
27,35
27,36
27,37
27,38
27,39
27,40
27,41
27,50
27,53
27,54
27,55
27,56
27,57
27,59
27,60
27,61
27,62
27,64
27,65
27,66
27,67
27,68
27,69
27,70
27,71
27,73
27,74
27,75
27,76
27,77
28,29
28,30
28,31
28,32
28,33
28,34
28,35
28,36
28,37
28,38
28,39
28,40
28,41
28,48
28,49
28,50
28,51
28,52
28,53
28,54
28,55
28,56
28,57
28,58
28,59
28,60
29,30
29,31
29,32
29,33
29,34
29,35
29,36
29,37
29,38
29,39
29,40
29,41
30,31
30,32
30,33
30,34
30,35
30,36
30,37
30,38
30,39
30,40
30,41
30,49
30,50
30,51
30,52
30,53
30,54
30,55
30,57
30,58
30,59
30,60
30,61
30,62
30,63
30,64
30,65
30,66
30,67
30,69
30,70
30,71
30,72
30,73
30,74
30,75
30,76
30,78
30,82
30,83
30,84
30,85
30,86
30,87
30,89
30,90
30,91
30,92
30,95
30,96
30,100
30,102
30,104
30,107
30,108
30,110
30,111
30,114
30,115
31,32
31,33
31,34
31,35
31,36
31,37
31,38
31,39
31,40
31,41
32,33
32,34
32,35
32,36
32,37
32,38
32,39
32,40
32,41
32,54
32,55
32,56
32,57
32,58
32,59
32,60
32,61
32,65
32,66
32,67
32,68
32,69
33,34
33,35
33,36
33,37
33,38
33,39
33,40
33,41
33,49
34,35
34,36
34,37
34,38
34,39
34,40
34,47
34,54
34,60
34,65
34,70
34,71
34,72
34,81
34,88
34,98
34,107
34,108
34,113
34,123
34,125
34,129
34,132
34,133
34,134
34,139
34,142
34,144
34,148
34,152
34,161
34,164
34,179
34,182
34,185
34,193
35,36
35,37
35,38
35,39
35,40
35,41
35,47
35,54
35,59
35,60
35,65
35,70
35,71
35,72
35,81
35,88
35,98
35,107
35,108
35,113
35,123
35,125
35,129
35,132
35,133
35,134
35,139
35,142
35,144
35,148
35,152
35,161
35,164
35,179
35,182
35,185
35,193
36,37
36,38
36,39
36,40
36,41
36,44
36,45
36,47
36,48
36,49
36,50
36,51
36,52
36,53
36,54
36,55
36,56
36,57
36,59
36,60
36,61
36,62
36,64
36,65
36,66
36,67
37,38
37,39
37,40
37,41
37,47
37,49
37,50
37,51
37,52
37,53
37,54
37,56
37,57
37,58
37,59
37,60
37,61
37,62
37,63
37,65
37,67
37,70
37,71
37,72
37,81
37,88
37,98
37,107
37,108
37,113
37,123
37,125
37,129
37,132
37,133
37,134
37,139
37,142
37,144
37,148
37,152
37,161
37,164
37,179
37,182
37,185
37,193
38,39
38,40
38,41
38,47
38,49
38,50
38,51
38,52
38,53
38,54
38,55
38,56
38,57
38,58
38,59
38,60
38,61
38,62
38,63
38,64
38,65
38,66
38,67
38,68
38,69
38,70
38,71
38,72
38,73
38,74
38,76
38,78
38,81
38,88
38,98
38,107
38,108
38,113
38,123
38,125
38,129
38,132
38,133
38,134
38,139
38,142
38,144
38,148
38,152
38,161
38,164
38,179
38,182
38,185
38,193
39,40
39,41
40,41
40,47
40,54
40,60
40,65
40,70
40,71
40,72
40,81
40,88
40,98
40,107
40,108
40,113
40,123
40,125
40,129
40,132
40,133
40,134
40,139
40,142
40,144
40,148
40,152
40,161
40,164
40,179
40,182
40,185
40,193
42,64
42,66
42,67
42,68
42,69
43,46
43,47
44,45
44,46
44,47
44,48
44,50
44,51
44,52
44,54
44,55
44,56
44,57
44,58
44,59
44,60
44,62
44,63
45,46
45,47
45,48
45,49
45,50
45,51
45,52
45,53
45,54
45,55
46,47
46,48
46,49
46,50
46,51
46,52
46,53
46,54
46,55
46,56
46,57
46,58
46,59
46,60
46,61
46,62
46,63
46,64
46,65
46,66
46,67
46,69
46,70
46,71
46,72
46,76
46,77
46,80
46,82
46,85
46,91
46,97
46,98
46,100
46,101
46,102
46,103
46,104
47,48
47,49
47,50
47,51
47,52
47,53
47,54
47,55
47,56
47,57
47,58
47,59
47,60
47,61
47,62
47,63
47,64
47,65
47,66
47,67
47,68
47,69
47,70
47,71
47,72
47,73
47,74
47,75
47,76
47,77
47,78
47,80
47,81
47,82
47,83
47,85
47,86
47,87
47,88
47,89
47,90
47,91
47,93
47,94
47,96
47,97
47,98
47,99
47,100
47,101
47,102
47,103
47,104
47,105
47,106
47,107
47,108
47,111
47,113
47,115
47,118
47,122
47,123
47,125
47,127
47,129
47,132
47,133
47,134
47,135
47,139
47,142
47,144
47,148
47,152
47,161
47,164
47,179
47,182
47,185
47,193
48,49
48,50
48,52
48,53
48,54
48,55
48,56
48,57
49,50
49,51
49,52
49,53
49,54
49,55
49,56
49,57
49,58
49,59
49,60
49,61
49,62
49,64
49,66
49,68
49,69
49,70
49,71
49,72
49,74
49,75
49,76
49,77
49,78
49,79
49,80
49,82
49,84
49,85
49,86
49,87
49,88
49,89
49,90
50,51
50,52
50,53
50,54
50,55
50,56
50,57
50,58
50,59
50,60
50,61
50,62
50,63
50,64
50,65
50,66
50,67
50,68
50,69
50,71
50,72
50,73
50,74
50,75
50,76
50,77
50,78
50,79
50,80
51,52
51,53
51,54
51,55
51,56
51,57
51,58
51,60
51,61
51,62
51,63
51,64
51,66
51,67
51,68
51,69
51,70
51,71
51,72
51,73
51,74
51,75
51,77
51,78
51,79
51,80
51,82
51,85
51,87
51,88
51,89
51,91
51,92
51,93
51,94
51,95
51,96
51,97
51,98
51,99
51,100
51,102
51,103
51,104
51,105
51,106
51,110
51,111
51,115
51,116
51,117
51,118
51,119
51,120
51,122
51,124
51,126
51,127
52,53
52,54
52,55
52,56
52,57
52,58
52,59
52,60
52,61
52,62
52,63
52,65
52,66
52,68
52,69
52,70
52,71
52,72
52,73
52,74
52,75
52,76
52,77
52,78
52,79
52,80
52,81
52,82
52,83
52,84
52,85
52,87
52,88
52,90
52,91
52,92
52,93
52,94
52,95
52,96
52,97
52,98
52,99
52,100
52,101
52,102
52,103
52,104
52,105
52,106
52,108
52,109
52,110
52,111
52,112
52,114
52,115
52,116
52,117
52,118
52,119
52,120
52,121
52,122
52,123
52,124
52,126
52,127
52,128
52,129
52,130
52,131
52,133
52,135
52,136
52,145
52,151
52,157
52,160
52,161
52,162
52,166
52,168
52,171
52,176
53,54
53,56
53,57
53,58
53,59
53,60
53,61
53,62
53,63
53,64
53,65
53,66
53,67
53,69
53,70
53,71
53,72
53,73
53,74
53,75
53,76
53,77
53,78
53,80
54,56
54,57
54,58
54,59
54,60
54,61
54,62
54,64
54,65
54,66
54,67
54,69
54,70
54,71
54,72
54,74
54,81
54,88
54,98
54,107
54,108
54,113
54,123
54,125
54,129
54,132
54,133
54,134
54,139
54,142
54,144
54,148
54,152
54,161
54,164
54,179
54,182
54,185
54,193
55,56
55,57
55,58
55,59
55,60
55,61
55,62
55,63
55,64
55,65
55,66
55,67
55,69
55,70
55,71
55,73
55,75
55,76
55,77
55,79
55,80
55,81
55,82
55,83
55,84
55,85
55,86
55,87
55,88
55,89
55,91
55,92
55,93
55,94
55,95
55,96
55,98
55,99
55,100
55,101
55,102
55,103
55,104
55,105
55,106
55,107
55,108
55,109
55,110
55,111
55,112
55,114
55,115
55,116
55,118
55,119
55,121
55,122
55,123
55,124
55,125
55,126
55,127
55,128
55,129
55,130
55,131
55,133
55,135
55,136
56,57
56,58
56,59
56,60
56,62
56,63
56,64
56,65
56,66
56,67
56,68
56,69
56,70
56,73
56,74
56,75
56,76
56,77
56,79
56,80
56,82
56,83
56,84
56,85
56,86
56,87
56,88
56,89
56,90
56,91
56,92
56,93
56,94
56,95
56,96
56,97
56,98
56,99
56,100
56,101
56,102
56,103
56,104
56,106
56,107
56,108
56,109
56,110
56,111
56,112
56,114
56,115
56,116
56,117
56,118
56,119
56,121
56,122
56,123
56,124
56,125
56,126
56,127
56,128
56,129
56,130
56,131
56,132
56,133
56,135
56,136
56,137
56,140
56,150
56,153
56,156
56,157
56,159
56,161
56,162
56,165
56,166
56,167
56,169
56,170
56,171
56,176
56,185
57,58
57,61
57,62
57,63
57,64
57,65
57,66
57,67
57,68
57,69
57,70
57,71
57,72
57,73
57,74
57,75
57,76
58,59
58,60
58,61
58,62
58,64
58,65
58,66
58,68
58,69
58,70
58,71
59,60
59,61
59,62
59,63
59,64
59,65
59,66
59,67
59,68
59,69
59,70
59,71
59,72
59,74
59,76
59,77
59,79
59,80
59,81
59,82
59,83
59,84
59,85
59,86
59,87
59,88
59,89
59,90
59,91
59,92
59,93
59,94
59,95
59,96
59,97
59,98
59,99
59,100
59,101
59,102
59,103
59,106
59,107
59,108
59,109
59,110
59,111
59,112
59,113
59,114
59,115
59,116
59,117
59,118
59,119
59,120
59,121
59,122
59,123
59,124
59,125
59,126
59,128
59,129
59,130
59,131
59,133
59,135
59,137
59,138
59,139
59,141
59,143
59,144
59,145
59,147
59,148
59,151
59,153
59,156
59,157
59,158
59,159
59,161
59,162
59,164
59,165
59,166
59,169
59,171
59,173
59,174
59,175
59,176
59,177
59,178
60,65
60,70
60,71
60,72
60,81
60,88
60,98
60,107
60,108
60,113
60,123
60,125
60,129
60,132
60,133
60,134
60,139
60,142
60,144
60,148
60,152
60,161
60,164
60,179
60,182
60,185
60,193
61,63
61,64
61,65
61,69
61,70
61,71
61,72
61,73
61,74
61,75
61,76
61,77
61,79
61,82
62,63
62,64
62,65
62,66
62,67
62,68
62,69
62,70
62,71
62,72
63,64
63,65
63,66
63,68
63,69
63,70
63,71
63,72
63,73
63,74
63,75
63,76
63,77
63,78
63,79
63,82
63,83
63,85
63,86
63,87
64,65
65,66
65,67
65,68
65,69
65,70
65,71
65,72
65,73
65,74
65,75
65,76
65,77
65,78
65,79
65,80
65,81
65,83
65,84
65,85
65,86
65,87
65,88
65,89
65,90
65,92
65,93
65,94
65,96
65,97
65,98
65,99
65,100
65,101
65,103
65,107
65,108
65,113
65,123
65,125
65,129
65,132
65,133
65,134
65,139
65,142
65,144
65,148
65,152
65,161
65,164
65,179
65,182
65,185
65,193
66,67
66,68
66,69
66,70
66,71
66,72
66,73
66,74
66,75
66,76
66,77
66,78
66,79
66,80
66,82
66,83
66,84
67,69
67,70
67,71
67,72
67,73
67,74
67,75
67,76
67,77
67,78
67,79
67,80
67,81
67,82
67,83
67,84
67,85
67,86
67,87
67,88
67,89
67,90
67,91
67,93
67,94
67,95
67,97
67,98
67,99
67,100
67,101
67,102
67,103
67,104
67,105
67,107
67,108
67,109
67,110
67,111
67,113
67,114
67,115
67,116
67,118
68,69
68,70
68,71
68,72
68,73
68,74
68,75
68,76
68,77
68,78
68,79
68,80
68,81
68,82
68,83
68,84
68,86
68,87
68,88
68,89
68,90
68,91
68,92
68,93
68,94
68,95
68,96
68,97
68,98
68,99
68,100
68,101
68,102
68,103
68,105
68,106
68,107
68,108
68,109
68,110
68,111
68,112
68,113
68,114
68,115
68,117
68,118
68,119
68,120
68,121
68,122
68,125
68,126
68,127
68,128
68,129
68,130
68,131
68,132
68,133
68,134
68,135
68,136
68,137
68,139
68,141
68,145
68,148
68,150
68,153
68,154
68,156
68,157
68,158
68,160
68,162
68,163
69,70
69,71
69,72
69,73
69,74
69,75
69,76
69,77
69,78
69,79
69,80
69,81
69,82
69,83
69,84
69,85
69,86
69,87
69,88
69,89
69,90
69,91
69,92
69,93
69,94
69,95
69,96
69,97
69,99
69,100
69,101
69,102
69,103
69,104
69,105
69,106
69,107
69,108
69,109
69,110
69,111
69,112
69,113
69,114
69,115
69,116
69,117
69,119
69,120
70,71
70,72
70,74
70,75
70,76
70,77
70,78
70,79
70,80
70,81
70,82
70,83
70,84
70,85
70,86
70,87
70,88
70,89
70,90
70,92
70,93
70,95
70,96
70,97
70,98
70,101
70,102
70,103
70,104
70,105
70,106
70,107
70,108
70,109
70,111
70,112
70,113
70,114
70,115
70,116
70,117
70,118
70,119
70,120
70,121
70,122
70,123
70,124
70,125
70,126
70,128
70,129
70,130
70,131
70,132
70,133
70,134
70,136
70,138
70,139
70,140
70,141
70,142
70,143
70,144
70,145
70,147
70,148
70,149
70,150
70,152
70,153
70,154
70,155
70,156
70,157
70,158
70,161
70,164
70,179
70,182
70,185
70,193
71,72
71,73
71,74
71,75
71,76
71,77
71,78
71,79
71,80
71,81
71,82
71,83
71,85
71,86
71,88
71,89
71,93
71,94
71,95
71,96
71,97
71,98
71,100
71,101
71,102
71,103
71,107
71,108
71,113
71,123
71,125
71,129
71,132
71,133
71,134
71,139
71,142
71,144
71,148
71,152
71,161
71,164
71,179
71,182
71,185
71,193
72,74
72,75
72,76
72,77
72,78
72,79
72,80
72,81
72,82
72,83
72,84
72,85
72,86
72,87
72,88
72,89
72,90
72,91
72,92
72,93
72,94
72,95
72,97
72,98
72,99
72,100
72,101
72,102
72,103
72,104
72,105
72,106
72,107
72,108
72,109
72,110
72,111
72,113
72,114
72,115
72,116
72,117
72,118
72,119
72,120
72,122
72,123
72,124
72,125
72,126
72,127
72,128
72,129
72,131
72,132
72,133
72,134
72,135
72,136
72,138
72,139
72,140
72,142
72,143
72,144
72,145
72,146
72,147
72,148
72,150
72,151
72,152
72,153
72,154
72,155
72,157
72,158
72,159
72,161
72,162
72,163
72,164
72,165
72,172
72,174
72,175
72,176
72,177
72,178
72,179
72,182
72,185
72,193
72,198
73,74
73,75
73,77
73,78
73,79
74,75
74,76
74,77
74,78
74,79
74,80
74,81
74,82
74,83
74,84
74,85
74,86
74,88
74,89
74,90
74,91
74,92
74,93
74,94
74,95
74,96
74,97
74,99
74,100
74,101
74,102
74,103
74,104
74,105
74,106
74,107
74,109
74,110
74,111
74,112
74,113
74,114
74,115
74,116
74,117
74,118
74,119
74,120
74,121
74,122
74,124
74,125
74,126
74,127
74,128
74,129
74,130
74,131
74,133
74,134
74,136
74,137
74,138
74,141
74,142
74,143
74,145
74,146
74,147
74,148
74,150
74,153
74,154
74,155
74,156
74,157
74,158
74,159
74,160
74,162
74,163
74,164
74,165
74,166
74,169
74,170
74,174
74,175
74,177
74,178
74,181
74,182
74,183
74,185
74,187
74,192
74,196
75,76
75,77
75,78
75,79
75,80
75,81
75,83
75,84
75,85
75,86
76,77
76,78
76,79
76,80
76,81
76,82
76,83
76,84
76,85
76,86
76,91
76,92
76,93
76,94
77,78
77,79
77,80
77,81
77,82
77,83
77,84
77,85
77,86
77,87
77,88
77,89
77,90
77,91
77,92
78,79
78,80
78,81
78,82
78,83
78,84
78,85
78,86
78,87
78,88
78,89
78,90
78,91
78,92
78,94
78,95
78,96
78,97
78,98
78,99
78,100
78,101
78,102
78,104
78,105
78,106
78,107
78,108
78,109
78,110
78,113
78,114
79,80
79,81
79,82
79,83
79,84
79,85
79,86
79,87
79,88
79,89
79,90
79,91
79,92
79,93
79,94
79,95
79,96
79,97
79,98
79,99
79,100
79,101
79,102
79,103
79,104
79,105
79,106
79,107
79,108
79,109
80,81
80,82
80,83
80,84
80,85
80,86
80,87
80,88
80,89
80,90
80,91
80,92
80,93
80,94
80,95
80,96
80,98
80,99
80,100
80,101
80,102
80,103
80,105
80,106
80,107
80,108
80,109
81,82
81,83
81,85
81,86
81,87
81,88
81,89
81,90
81,91
81,92
81,93
81,94
81,95
81,96
81,97
81,98
81,99
81,100
81,101
81,102
81,103
81,104
81,105
81,106
81,107
81,108
81,110
81,112
81,113
81,114
81,117
81,118
81,119
81,120
81,121
81,123
81,125
81,127
81,128
81,129
81,132
81,133
81,134
81,136
81,137
81,138
81,139
81,140
81,141
81,142
81,144
81,148
81,152
81,161
81,164
81,179
81,182
81,185
81,193
82,83
82,84
82,85
82,86
82,87
82,88
82,89
82,90
82,92
82,93
82,94
82,95
82,97
82,98
82,99
82,100
82,101
82,102
82,103
82,104
82,105
82,106
82,107
82,108
82,109
82,110
82,111
82,113
82,114
82,115
82,116
82,117
82,118
82,119
82,121
83,84
83,85
83,86
83,87
83,88
83,89
83,90
83,91
83,92
83,93
83,94
83,95
83,96
83,97
83,99
83,100
83,101
83,102
83,104
83,105
83,106
83,107
83,108
83,110
83,111
83,112
83,114
83,115
83,116
83,117
83,118
83,119
83,120
83,121
83,124
83,125
83,126
84,85
84,87
84,88
84,90
84,91
84,92
84,93
84,95
84,96
84,97
85,86
85,87
85,88
85,89
86,87
86,88
86,89
86,91
86,92
86,93
86,94
86,95
86,96
86,97
86,98
86,99
86,100
86,101
86,103
86,104
86,105
86,106
86,107
86,108
86,109
86,110
86,111
86,112
86,113
86,114
86,115
86,116
86,118
86,119
86,120
86,121
86,122
86,124
86,125
86,127
86,128
86,129
86,131
86,132
86,133
86,134
86,135
86,136
86,137
86,138
86,139
86,143
86,146
86,147
86,151
86,154
86,155
86,156
86,157
86,159
86,162
86,163
86,165
86,166
86,168
86,170
86,173
86,175
86,176
86,178
87,90
87,91
87,92
87,93
87,94
87,95
88,89
88,90
88,91
88,92
88,93
88,98
88,107
88,108
88,113
88,123
88,125
88,129
88,132
88,133
88,134
88,139
88,142
88,144
88,148
88,152
88,161
88,164
88,179
88,182
88,185
88,193
89,90
89,91
89,92
89,93
89,94
89,95
89,96
89,97
89,98
90,91
90,92
90,93
90,94
90,95
90,97
90,98
90,99
90,100
90,101
90,102
90,103
90,104
90,105
90,107
91,92
91,93
91,94
91,95
91,96
91,97
91,98
91,99
91,100
91,101
92,93
92,94
92,95
92,96
92,97
92,98
92,101
92,102
92,103
92,104
92,105
92,106
92,107
92,108
92,109
92,110
92,111
92,112
92,114
92,115
92,116
92,118
92,119
92,120
92,121
92,122
92,123
92,124
92,125
92,126
92,128
92,129
92,131
92,132
92,133
92,135
92,136
92,137
92,138
92,139
92,140
92,142
92,143
92,144
92,146
92,147
92,149
92,150
92,152
92,154
92,155
92,157
92,158
92,159
92,160
92,161
92,162
92,164
92,166
92,167
92,168
92,169
92,170
92,171
92,172
92,173
92,175
92,176
92,178
92,179
92,182
92,188
93,94
93,95
93,97
93,98
93,99
93,101
93,102
93,104
93,105
93,106
93,107
93,109
93,110
93,111
93,112
93,114
93,115
93,116
93,118
93,120
93,121
93,122
93,123
93,124
93,125
93,126
93,127
93,128
93,129
93,130
93,131
93,132
93,133
93,134
93,135
93,136
93,137
93,138
93,139
93,140
93,141
93,142
93,143
93,144
93,145
93,146
93,147
93,148
93,149
93,150
93,151
93,152
93,153
93,154
93,155
93,156
93,157
93,159
93,160
93,161
93,162
93,163
93,164
93,165
93,166
93,167
93,168
93,169
93,170
93,172
93,173
93,174
93,175
93,176
93,178
93,179
93,180
93,181
93,182
93,184
93,185
93,187
93,188
94,95
94,96
94,97
94,98
94,99
94,100
94,102
94,103
94,104
94,105
94,106
94,107
94,108
94,109
94,110
94,111
94,112
94,113
94,114
94,115
94,116
94,117
94,118
95,96
95,97
95,98
95,99
95,100
95,101
95,102
95,103
95,104
95,105
95,106
95,107
95,109
95,110
95,111
95,112
95,113
95,114
95,115
95,116
95,118
95,120
95,121
95,122
95,124
95,125
95,126
95,127
95,128
96,97
96,98
96,99
96,100
96,101
96,102
96,103
96,104
96,105
96,106
96,107
96,108
97,98
97,99
98,99
98,100
98,102
98,103
98,105
98,106
98,107
98,108
98,110
98,111
98,112
98,113
98,114
98,115
98,116
98,117
98,118
98,119
98,120
98,121
98,122
98,123
98,125
98,129
98,132
98,133
98,134
98,139
98,142
98,144
98,148
98,152
98,161
98,164
98,179
98,182
98,185
98,193
99,100
99,101
99,102
99,103
99,104
99,105
99,106
99,107
99,108
99,109
99,110
99,111
99,112
99,114
99,115
99,116
99,117
99,118
99,119
99,120
99,121
99,122
99,123
99,124
99,125
99,126
99,127
99,128
99,129
99,130
99,131
99,132
99,133
99,134
99,135
99,136
99,139
99,141
99,142
99,143
99,144
99,145
99,146
99,149
99,150
99,152
99,153
99,154
99,155
99,156
99,157
99,159
99,160
99,161
99,162
99,163
99,165
99,166
99,167
99,168
99,169
99,170
99,171
99,173
99,174
99,175
99,177
100,101
100,102
101,102
101,103
101,104
101,106
101,107
101,108
101,109
101,110
101,111
101,113
101,114
101,115
101,116
101,117
101,118
101,119
101,120
101,121
101,122
101,123
101,124
101,125
101,126
102,103
102,104
102,105
102,106
102,108
102,109
102,110
102,111
102,112
102,113
102,114
102,115
102,116
102,117
102,118
102,119
102,121
102,122
102,123
102,124
102,125
102,126
102,127
102,128
102,129
102,131
102,132
102,133
102,134
102,135
102,136
102,140
102,141
102,143
102,144
102,145
102,146
102,147
102,148
102,150
102,153
102,154
102,155
102,156
102,157
102,159
102,161
102,162
102,163
102,164
102,165
102,166
102,167
102,168
102,169
102,171
102,173
102,174
102,175
102,177
102,179
102,180
102,181
102,183
102,184
102,185
102,191
102,192
102,198
103,104
103,105
103,106
103,107
103,108
103,109
103,110
103,111
103,112
103,113
103,114
103,115
103,116
103,117
103,118
103,119
103,121
103,123
103,124
103,125
103,126
103,127
103,128
103,129
103,130
103,131
103,132
103,133
103,134
104,105
104,106
104,107
104,108
104,109
104,110
104,111
104,112
104,113
105,106
105,107
105,108
105,109
105,110
105,111
105,112
105,113
105,114
105,115
105,116
105,117
105,118
105,119
105,120
105,121
105,122
105,123
105,124
105,125
105,126
105,127
105,128
105,129
105,130
105,131
105,132
105,133
105,134
105,135
105,136
105,137
105,138
105,139
105,140
105,141
105,142
105,143
105,144
105,145
105,146
105,147
105,148
105,149
105,150
105,151
105,155
105,156
106,107
106,108
106,109
106,110
106,111
106,112
106,114
106,115
106,116
106,119
106,120
106,122
106,123
106,124
106,125
106,127
106,128
106,129
106,130
107,108
107,109
107,110
107,111
107,112
107,113
107,114
107,115
107,116
107,117
107,118
107,119
107,120
107,121
107,122
107,123
107,124
107,125
107,126
107,127
107,128
107,129
107,130
107,131
107,132
107,133
107,134
107,136
107,137
107,138
107,139
107,140
107,141
107,142
107,144
107,145
107,146
107,147
107,148
107,149
107,151
107,152
107,153
107,154
107,156
107,157
107,159
107,161
107,162
107,163
107,164
107,165
107,166
107,167
107,168
107,169
107,171
107,172
107,173
107,179
107,182
107,185
107,193
108,109
108,110
108,111
108,113
108,114
108,115
108,116
108,117
108,123
108,125
108,129
108,132
108,133
108,134
108,139
108,142
108,144
108,148
108,152
108,161
108,164
108,179
108,182
108,185
108,193
109,110
109,111
110,111
110,112
110,113
110,114
110,115
110,119
110,120
110,122
110,123
110,125
110,127
110,128
110,129
110,130
110,131
110,135
110,136
110,137
110,138
110,139
110,141
110,142
110,143
110,144
110,145
110,146
110,147
110,148
110,149
110,150
110,151
110,152
110,153
110,156
110,157
110,158
110,159
110,160
110,161
110,162
110,163
110,164
110,165
110,166
110,167
110,168
110,169
110,170
110,172
110,173
110,175
110,177
110,180
110,181
110,182
110,183
110,184
110,185
110,187
110,191
110,192
110,193
110,195
110,196
110,197
110,198
111,112
112,113
112,114
112,115
112,116
112,117
112,118
112,119
112,120
112,121
112,122
112,123
112,124
112,125
112,126
112,127
112,128
112,129
112,130
112,131
112,132
112,133
112,134
112,135
112,136
112,138
112,139
112,142
112,143
112,144
112,145
112,146
112,147
113,114
113,115
113,123
113,125
113,129
113,132
113,133
113,134
113,139
113,142
113,144
113,148
113,152
113,161
113,164
113,179
113,182
113,185
113,193
114,115
114,116
114,117
114,118
114,119
114,120
114,121
114,122
114,123
114,124
114,125
114,126
114,127
114,128
114,129
114,130
114,131
114,132
114,133
114,134
114,135
114,136
114,137
114,138
114,140
114,142
114,144
114,145
114,146
114,147
114,148
114,149
114,150
115,116
115,117
115,118
115,119
115,120
115,121
115,122
115,123
115,124
115,125
115,127
115,128
115,129
115,130
115,131
115,132
115,133
115,135
115,136
115,137
115,138
115,139
116,117
116,118
116,119
116,120
116,121
116,122
116,123
116,124
116,125
116,126
116,127
116,128
116,129
116,130
116,131
116,132
116,133
116,134
116,135
116,136
116,137
116,138
116,139
116,140
116,142
116,143
116,145
116,146
116,147
116,148
116,149
116,150
116,151
116,152
116,153
116,155
116,156
116,157
116,158
116,159
116,160
116,161
116,162
116,163
116,164
116,165
116,166
116,167
116,169
116,170
116,171
117,118
117,119
117,120
117,121
117,122
117,123
117,124
117,125
117,127
117,128
117,130
117,131
117,132
117,133
117,134
117,135
117,136
117,137
117,138
117,139
117,140
117,142
117,143
117,144
117,145
117,146
118,119
118,120
118,121
118,122
118,123
118,124
118,125
118,126
118,127
118,128
118,129
118,130
118,131
118,132
118,133
118,134
118,135
118,136
118,137
118,138
119,120
119,121
119,122
119,123
120,121
120,122
120,123
120,124
120,126
120,127
120,129
120,130
120,131
120,132
120,133
120,134
120,135
120,136
120,137
120,138
120,139
120,140
120,141
120,142
120,144
120,145
120,146
120,147
120,148
120,149
120,150
120,151
120,152
120,153
120,154
120,155
120,156
120,157
120,158
120,159
120,161
120,162
120,164
120,166
120,167
120,168
120,169
120,170
120,171
120,172
120,173
120,175
120,176
120,177
120,178
120,179
120,183
120,184
120,185
120,189
120,193
120,194
120,195
121,122
121,123
121,124
121,126
121,127
121,129
121,130
121,131
121,132
121,133
121,134
121,135
121,136
121,137
121,138
121,139
121,140
121,141
121,143
121,144
121,145
121,146
121,148
121,149
121,150
122,123
122,124
122,125
122,126
122,127
122,128
122,129
122,130
122,131
122,132
122,133
122,134
122,135
122,136
122,138
122,140
122,141
122,142
122,143
122,144
122,145
122,146
122,147
122,149
122,150
122,151
122,152
122,153
122,154
122,155
122,156
122,157
122,158
122,160
122,161
122,162
122,163
122,164
122,166
122,167
122,168
122,169
122,170
122,171
122,172
122,173
122,174
122,176
122,177
122,178
122,180
122,181
122,182
122,183
122,185
122,186
122,188
122,189
122,190
122,191
122,192
122,193
122,194
122,195
122,197
122,198
123,124
123,125
123,127
123,128
123,129
123,131
123,132
123,133
123,134
123,135
123,136
123,137
123,138
123,139
123,140
123,141
123,142
123,143
123,144
123,145
123,147
123,148
123,149
123,150
123,151
123,152
123,153
123,154
123,155
123,156
123,157
123,158
123,160
123,161
123,162
123,163
123,164
123,179
123,182
123,185
123,193
124,125
124,126
124,127
124,128
124,130
124,131
124,132
124,133
124,134
124,135
125,126
125,127
125,128
125,129
125,130
125,131
125,132
125,133
125,134
125,135
125,136
125,137
125,138
125,139
125,140
125,141
125,142
125,143
125,144
125,145
125,146
125,147
125,148
125,149
125,150
125,151
125,152
125,153
125,154
125,155
125,158
125,159
125,161
125,162
125,163
125,164
125,166
125,167
125,179
125,182
125,185
125,193
126,127
126,128
126,129
126,130
126,131
126,132
126,133
126,134
126,135
126,136
126,137
126,138
126,140
126,141
126,142
126,143
126,144
126,145
126,146
126,147
126,148
126,149
126,150
126,151
126,152
126,153
126,154
126,155
127,128
127,130
127,131
127,132
127,133
127,134
127,135
127,136
127,137
127,138
127,140
128,129
128,130
128,131
128,132
128,133
128,134
128,135
128,136
128,137
128,140
128,141
128,143
128,144
128,145
128,146
128,147
128,148
128,149
128,150
128,151
128,152
128,153
128,154
128,155
128,156
128,157
128,158
128,160
128,161
128,162
128,163
128,164
128,166
128,167
128,168
128,169
128,170
128,171
128,172
128,173
128,174
128,175
128,176
128,177
128,180
128,182
128,184
128,186
128,187
128,188
128,191
128,192
128,194
128,195
128,196
128,197
129,130
129,131
129,132
129,133
129,134
129,139
129,142
129,144
129,148
129,152
129,161
129,164
129,179
129,182
129,185
129,193
130,131
130,132
130,133
131,132
131,133
131,134
131,135
131,136
131,137
131,138
131,139
131,140
131,142
131,143
131,144
131,146
131,147
131,148
131,150
131,151
131,152
131,153
131,154
131,155
131,156
131,157
131,158
131,159
131,160
131,161
131,164
131,165
131,166
131,167
131,168
131,169
131,170
131,171
131,172
131,173
131,174
131,177
131,178
131,179
131,180
131,181
131,182
131,184
131,185
131,186
131,187
131,189
131,190
131,191
131,192
131,193
131,194
131,195
131,196
131,197
131,198
132,133
132,134
132,135
132,136
132,137
132,138
132,139
132,140
132,141
132,142
132,143
132,144
132,148
132,152
132,161
132,164
132,179
132,182
132,185
132,193
133,134
133,135
133,136
133,137
133,138
133,139
133,141
133,142
133,143
133,144
133,145
133,146
133,147
133,148
133,149
133,150
133,151
133,152
133,153
133,154
133,155
133,156
133,158
133,159
133,160
133,161
133,162
133,163
133,164
133,166
133,179
133,182
133,185
133,193
134,136
134,137
134,138
134,139
134,140
134,141
134,142
134,143
134,144
134,145
134,146
134,148
134,149
134,150
134,151
134,152
134,153
134,154
134,155
134,156
134,159
134,161
134,162
134,163
134,164
134,165
134,166
134,167
134,168
134,169
134,171
134,172
134,174
134,175
134,177
134,178
134,179
134,181
134,182
134,184
134,185
134,186
134,187
134,188
134,189
134,190
134,191
134,192
134,193
134,195
134,196
134,197
134,198
135,136
135,137
135,138
135,139
135,140
135,141
135,142
135,144
135,145
135,146
135,147
135,148
135,149
135,150
135,151
135,152
135,153
135,154
135,155
135,156
135,157
135,158
135,159
136,137
136,138
136,140
136,141
136,142
136,143
136,144
136,145
136,146
136,147
136,148
136,149
136,150
136,151
136,152
136,153
137,138
137,139
137,140
137,141
138,139
138,140
138,141
138,142
138,143
138,144
138,145
138,146
138,147
138,148
138,149
138,151
138,152
138,153
138,154
138,155
138,156
138,157
138,158
138,160
138,161
138,162
138,163
138,164
138,167
138,168
138,169
138,170
138,171
138,172
138,174
138,175
138,176
138,179
138,180
138,181
138,182
138,183
138,184
138,185
138,186
138,189
138,190
138,191
138,192
138,193
138,195
138,196
138,197
138,198
139,140
139,141
139,142
139,143
139,144
139,145
139,146
139,147
139,148
139,149
139,150
139,151
139,152
139,153
139,154
139,155
139,156
139,157
139,158
139,159
139,160
139,161
139,162
139,163
139,164
139,165
139,167
139,168
139,169
139,171
139,172
139,173
139,174
139,175
139,176
139,177
139,178
139,179
139,180
139,181
139,182
139,183
139,184
139,185
139,187
139,188
139,189
139,190
139,192
139,193
139,194
139,195
139,196
139,197
139,198
140,141
140,142
141,142
141,143
141,144
141,145
141,147
141,148
141,149
141,150
141,151
141,152
141,153
141,154
141,155
141,156
141,157
141,158
141,159
141,160
141,161
142,143
142,144
142,146
142,147
142,148
142,152
142,161
142,164
142,179
142,182
142,185
142,193
143,145
143,146
143,147
143,148
143,149
143,150
143,151
143,152
143,153
143,154
143,156
143,157
143,158
143,159
143,160
143,161
143,162
143,163
143,164
143,165
143,166
143,167
143,169
143,170
143,171
143,173
143,174
143,175
143,178
143,179
143,180
143,181
143,182
143,183
143,184
143,185
143,186
143,187
143,189
143,190
143,191
143,192
143,193
143,194
143,195
143,196
143,197
143,198
143,199
144,146
144,147
144,148
144,149
144,150
144,151
144,152
144,153
144,154
144,155
144,156
144,157
144,158
144,159
144,160
144,161
144,163
144,164
144,165
144,166
144,167
144,168
144,169
144,179
144,182
144,185
144,193
145,146
145,147
145,148
145,149
145,150
145,151
145,153
145,154
145,155
145,156
145,157
145,158
145,159
145,160
145,161
145,162
145,163
145,164
145,166
145,167
145,168
145,169
145,170
145,171
145,172
145,173
145,174
145,175
145,176
145,177
145,178
145,179
145,180
145,181
146,148
146,149
146,150
146,151
146,152
146,153
146,154
146,155
146,156
146,157
146,158
146,159
146,160
147,149
147,150
147,152
147,153
147,154
147,155
147,156
147,157
147,158
147,159
147,160
147,161
147,162
147,163
147,164
147,165
147,166
147,167
147,168
147,169
147,170
148,149
148,150
148,151
148,152
148,153
148,154
148,155
148,156
148,157
148,158
148,159
148,160
148,161
148,162
148,163
148,164
148,165
148,166
148,167
148,168
148,170
148,171
148,172
148,173
148,174
148,175
148,176
148,177
148,178
148,179
148,180
148,181
148,182
148,183
148,184
148,185
148,186
148,187
148,189
148,190
148,191
148,193
150,151
150,152
150,153
150,154
150,155
150,157
150,158
150,159
150,160
150,162
150,163
150,164
150,165
150,166
150,167
150,168
150,169
150,170
150,171
150,172
151,152
151,153
151,155
151,156
151,157
152,161
152,164
152,179
152,182
152,185
152,193
154,155
154,156
154,159
154,160
154,161
154,162
154,163
154,164
154,165
154,167
154,168
154,169
154,170
154,171
154,172
154,176
154,177
154,180
154,182
154,183
154,184
154,185
154,186
154,187
154,189
154,190
154,191
154,192
154,194
154,195
154,197
154,198
154,199
155,156
155,157
155,158
155,159
155,160
155,161
155,162
155,163
155,164
155,165
155,166
155,167
155,168
155,169
155,170
155,171
155,172
155,173
155,174
155,176
155,178
155,179
155,180
155,182
155,183
155,184
155,185
155,186
155,187
155,188
155,189
155,190
155,191
155,192
155,193
155,194
155,197
155,198
155,199
156,157
156,158
156,159
156,160
156,161
156,162
156,163
156,164
156,165
156,166
156,167
156,168
156,169
156,170
156,171
156,172
156,173
156,174
157,158
157,159
157,160
157,161
157,162
157,163
157,164
157,165
157,166
157,167
157,169
157,170
157,171
157,172
157,173
157,174
157,175
157,177
157,178
157,179
157,182
157,183
157,184
157,185
157,186
157,187
157,188
157,189
157,190
157,191
157,192
157,193
157,194
157,195
157,196
157,198
157,199
158,159
158,160
158,161
158,162
158,163
158,164
158,165
159,160
159,161
159,162
159,163
159,164
159,165
159,166
159,167
159,168
159,170
159,171
159,172
159,173
159,174
159,175
160,161
160,163
160,164
160,165
160,166
160,167
160,168
160,169
160,170
160,171
160,172
160,173
160,174
160,175
160,176
160,178
160,181
160,182
160,183
160,184
160,185
160,186
160,187
160,188
160,189
160,190
160,191
160,192
160,193
160,194
160,195
160,197
160,199
161,162
161,164
161,179
161,182
161,185
161,193
162,163
162,165
162,166
162,167
162,168
162,169
162,170
162,171
162,172
162,173
162,174
162,175
162,176
162,177
162,178
162,179
162,180
162,183
162,184
162,185
162,186
162,188
162,189
162,190
162,191
162,192
162,193
163,164
163,166
163,167
163,169
163,170
163,171
163,172
163,174
163,175
163,176
163,177
163,178
163,179
163,180
163,181
163,182
163,183
163,184
163,185
163,186
163,187
163,188
163,190
163,191
163,192
163,194
163,195
163,196
163,197
163,198
163,199
164,165
164,166
164,167
164,168
164,169
164,170
164,171
164,172
164,173
164,174
164,175
164,176
164,177
164,178
164,179
164,180
164,181
164,182
164,183
164,184
164,185
164,186
164,187
164,188
164,189
164,190
164,191
164,192
164,193
164,194
164,195
164,196
164,198
164,199
165,166
165,167
165,168
165,169
165,170
165,171
165,172
165,173
165,174
165,175
165,176
165,177
165,178
165,179
165,180
165,181
165,182
166,167
166,168
166,169
166,170
166,172
166,173
166,174
166,175
166,176
166,178
166,179
166,180
166,181
166,182
166,183
166,184
166,185
166,187
166,188
166,189
166,190
166,191
166,192
166,193
166,194
166,195
166,196
167,168
167,170
167,171
167,172
167,173
167,174
167,175
167,176
167,177
167,178
167,179
167,180
167,181
167,182
167,183
167,184
167,185
167,186
167,187
167,188
167,189
167,190
167,191
167,192
167,193
167,194
167,195
167,196
167,197
167,198
167,199
168,170
168,171
168,172
168,173
168,174
168,175
168,176
168,177
168,178
168,179
168,180
168,182
168,183
168,184
168,185
168,186
168,188
169,170
169,171
169,173
169,174
169,175
169,177
169,178
169,179
169,180
169,181
169,182
170,171
170,172
170,173
170,174
170,175
170,176
170,177
170,178
171,172
171,173
171,174
171,175
171,176
171,178
171,180
171,181
171,182
171,184
171,185
171,187
171,189
171,190
171,191
171,192
171,193
171,194
171,195
171,197
171,198
171,199
172,173
172,174
172,175
172,177
172,178
172,179
172,180
172,181
172,182
172,183
172,185
172,186
172,187
172,188
172,190
172,191
172,192
172,193
172,194
172,195
172,196
172,198
172,199
173,174
173,175
173,176
173,177
173,178
173,179
173,180
173,181
173,182
173,183
173,184
173,185
173,188
173,189
173,190
173,191
173,192
173,193
173,194
173,195
173,196
173,197
173,198
173,199
174,175
174,176
174,177
174,178
174,179
174,180
174,181
174,182
174,184
174,185
174,186
174,187
174,188
174,189
174,190
174,191
174,192
174,193
174,194
174,195
174,196
174,197
174,199
175,176
175,177
175,178
175,179
175,180
175,181
175,182
175,183
175,185
175,186
175,187
175,188
175,190
176,177
176,178
176,179
176,180
176,181
176,182
176,183
176,184
176,185
176,186
176,187
176,188
176,189
176,190
176,191
176,192
176,193
176,194
176,195
176,196
176,197
176,198
176,199
177,178
177,179
177,180
177,181
177,182
177,183
177,184
177,185
177,186
177,187
177,188
177,190
177,191
177,192
177,193
177,194
177,195
177,196
177,198
177,199
178,179
178,180
178,181
178,182
178,183
178,184
178,185
178,186
178,187
178,188
178,190
178,191
178,192
178,193
178,194
178,195
178,197
178,198
178,199
179,180
179,181
179,182
179,184
179,185
179,186
179,187
179,188
179,189
179,190
179,191
179,192
179,193
179,194
179,195
179,196
179,198
179,199
180,181
180,183
180,184
180,186
181,182
181,183
181,184
182,183
182,184
182,185
182,193
183,184
183,185
183,186
183,187
183,188
183,189
183,190
183,192
183,193
183,194
183,195
183,197
183,198
183,199
184,185
184,186
184,187
184,188
184,189
184,190
184,191
184,192
184,193
184,194
184,195
184,196
184,197
184,198
184,199
185,187
185,188
185,189
185,190
185,191
185,193
186,187
186,188
186,189
186,190
186,191
186,192
186,193
186,194
186,195
186,196
186,197
186,198
186,199
187,188
187,189
187,190
187,191
187,192
187,193
187,194
187,195
187,196
187,197
187,198
187,199
188,189
188,190
188,191
188,192
188,193
188,194
188,195
188,196
188,197
188,198
188,199
189,190
189,192
189,193
189,194
189,195
189,196
189,197
189,198
189,199
190,191
190,192
190,193
190,194
190,196
190,197
190,198
190,199
191,192
191,193
191,194
191,195
191,196
191,197
191,198
191,199
192,193
193,194
193,195
193,196
193,197
193,198
193,199
194,195
194,196
194,197
194,198
194,199
195,196
195,197
195,198
195,199
196,197
196,198
197,198
197,199
198,199
