0,1
0,2
0,3
0,4
0,5
0,6
0,7
0,8
0,9
0,10
0,11
0,12
0,13
0,14
0,15
0,16
0,17
0,18
0,19
0,20
0,21
0,22
0,23
0,24
0,25
0,26
0,27
0,28
0,29
0,30
0,31
0,32
0,33
0,34
0,35
0,36
0,37
0,38
0,39
0,40
0,41
0,42
0,43
0,44
0,45
0,46
0,47
0,48
0,49
0,50
0,51
0,52
0,53
0,54
0,55
0,56
0,57
0,58
0,59
0,60
0,61
0,62
0,63
0,64
0,65
0,66
0,67
0,68
0,69
0,70
0,71
0,72
0,73
0,74
0,75
0,76
0,77
0,78
0,79
0,83
0,85
0,87
0,90
0,91
0,92
0,96
0,97
0,100
0,102
0,105
0,110
0,113
0,114
0,119
0,124
0,125
0,126
0,127
0,129
0,131
0,133
0,136
0,140
0,142
0,145
0,146
0,148
0,149
0,151
0,152
0,156
0,158
0,159
0,160
0,161
0,162
0,163
0,166
0,171
0,172
0,173
0,174
0,176
0,178
0,179
0,180
0,181
0,183
0,184
0,185
0,188
0,189
0,195
1,2
1,3
1,4
1,5
1,6
1,7
1,8
1,9
1,10
1,11
1,12
1,13
1,14
1,15
1,16
1,17
1,18
1,19
1,20
1,21
1,22
1,23
1,24
1,25
1,26
1,27
1,28
1,29
1,30
1,31
1,32
1,33
1,34
1,35
1,36
1,37
1,38
1,39
1,40
1,41
1,42
1,43
1,44
1,45
1,46
1,47
1,48
1,49
1,50
1,51
1,52
1,53
1,54
1,55
1,56
1,57
1,58
1,59
1,60
1,61
1,62
1,63
1,64
1,65
1,66
1,67
1,68
1,69
1,70
1,71
1,72
1,73
1,74
1,75
1,76
1,77
1,78
1,79
1,83
1,85
1,87
1,90
1,91
1,92
1,96
1,97
1,100
1,102
1,105
1,110
1,113
1,114
1,119
1,123
1,124
1,125
1,126
1,127
1,128
1,129
1,131
1,132
1,133
1,134
1,136
1,140
1,141
1,142
1,145
1,146
1,148
1,149
1,151
1,152
1,155
1,156
1,157
1,158
1,159
1,160
1,161
1,162
1,163
1,164
1,166
1,167
1,168
1,172
1,173
1,174
1,176
1,177
1,178
1,179
1,180
1,181
1,182
1,183
1,184
1,185
1,188
1,189
1,190
1,191
1,192
1,193
1,195
2,3
2,4
2,5
2,6
2,7
2,8
2,9
2,10
2,11
2,12
2,13
2,14
2,15
2,16
2,17
2,18
2,19
2,20
2,21
2,22
2,23
2,24
2,25
2,26
2,27
2,28
2,29
2,30
2,31
2,32
2,33
2,34
2,35
2,36
2,37
2,38
2,39
2,40
2,41
2,42
2,43
2,44
2,45
2,46
2,47
2,48
2,49
2,50
2,51
2,52
2,53
2,54
2,55
2,56
2,57
2,58
2,59
2,60
2,61
2,62
2,63
2,64
2,65
2,66
2,67
2,68
2,69
2,70
2,71
2,72
2,73
2,74
2,75
2,76
2,77
2,78
2,79
3,4
3,5
3,6
3,7
3,8
3,9
3,10
3,11
3,12
3,13
3,14
3,15
3,16
3,17
3,18
3,19
3,20
3,21
3,22
3,23
3,24
3,25
3,26
3,27
3,28
3,29
3,30
3,31
3,32
3,33
3,34
3,35
3,36
3,37
3,38
3,39
3,40
3,41
3,42
3,43
3,44
3,45
3,46
3,47
3,48
3,49
3,50
3,51
3,52
3,53
3,54
3,55
3,56
3,57
3,58
3,59
3,60
3,61
3,62
3,63
3,64
3,65
3,66
3,67
3,68
3,69
3,70
3,71
3,72
3,73
3,74
3,75
3,76
3,77
3,78
3,79
3,83
3,85
3,87
3,90
3,91
3,92
3,96
3,97
3,100
3,102
3,105
3,110
3,113
3,114
3,119
3,124
3,125
3,126
3,127
3,129
3,131
3,133
3,134
3,136
3,140
3,142
3,143
3,144
3,145
3,146
3,148
3,149
3,151
3,152
3,154
3,156
3,157
3,158
3,159
3,160
3,161
3,162
3,163
3,166
3,168
3,171
3,172
3,173
3,174
3,176
3,178
3,179
3,180
3,181
3,184
3,185
3,188
3,189
3,190
3,191
3,192
3,193
3,194
3,195
3,196
3,197
4,5
4,6
4,7
4,8
4,9
4,10
4,11
4,12
4,13
4,14
4,15
4,16
4,17
4,18
4,19
4,20
4,21
4,22
4,23
4,24
4,25
4,26
4,27
4,28
4,29
4,30
4,31
4,32
4,33
4,34
4,35
4,36
4,37
4,38
4,39
4,40
4,41
4,42
4,43
4,44
4,45
4,46
4,47
4,48
4,49
4,50
4,51
4,52
4,53
4,54
4,55
4,56
4,57
4,58
4,59
4,60
4,61
4,62
4,63
4,64
4,65
4,66
4,67
4,68
4,69
4,70
4,71
4,72
4,73
4,74
4,75
4,76
4,77
4,78
4,79
4,83
4,85
4,87
4,90
4,91
4,92
4,96
4,97
4,100
4,102
4,105
4,110
4,113
4,114
4,119
4,124
4,125
4,126
4,127
4,129
4,131
4,133
4,136
4,140
4,142
4,145
4,146
4,148
4,149
4,151
4,152
4,154
4,155
4,156
4,158
4,159
4,160
4,161
4,162
4,163
4,164
4,166
4,167
4,168
4,169
4,171
4,172
4,173
4,174
4,176
4,177
4,178
4,179
4,180
4,181
4,188
4,189
4,195
5,6
5,7
5,8
5,9
5,10
5,11
5,12
5,13
5,14
5,15
5,16
5,17
5,18
5,19
5,20
5,21
5,22
5,23
5,24
5,25
5,26
5,27
5,28
5,29
5,30
5,31
5,32
5,33
5,34
5,35
5,36
5,37
5,38
5,39
5,40
5,41
5,42
5,43
5,44
5,45
5,46
5,47
5,48
5,49
5,50
5,51
5,52
5,53
5,54
5,55
5,56
5,57
5,58
5,59
5,60
5,61
5,62
5,63
5,64
5,65
5,66
5,67
5,68
5,69
5,70
5,71
5,72
5,73
5,74
5,75
5,76
5,77
5,78
5,79
5,126
5,127
5,131
5,132
5,141
5,143
5,144
6,7
6,8
6,9
6,10
6,11
6,12
6,13
6,14
6,15
6,16
6,17
6,18
6,19
6,20
6,21
6,22
6,23
6,24
6,25
6,26
6,27
6,28
6,29
6,30
6,31
6,32
6,33
6,34
6,35
6,36
6,37
6,38
6,39
6,40
6,41
6,42
6,43
6,44
6,45
6,46
6,47
6,48
6,49
6,50
6,51
6,52
6,53
6,54
6,55
6,56
6,57
6,58
6,59
6,60
6,61
6,62
6,63
6,64
6,65
6,66
6,67
6,68
6,69
6,70
6,71
6,72
6,73
6,74
6,75
6,76
6,77
6,78
6,79
6,83
6,85
6,87
6,90
6,91
6,92
6,96
6,97
6,100
6,102
6,105
6,110
6,113
6,114
6,119
6,124
6,125
6,126
6,127
6,129
6,131
6,133
6,134
6,135
6,136
6,137
6,138
6,140
6,142
6,144
6,145
6,146
6,147
6,148
6,149
6,151
6,152
6,154
6,155
6,156
6,158
6,159
6,160
6,161
6,162
6,163
6,164
6,166
6,167
6,168
6,169
6,170
6,171
6,172
6,173
6,174
6,176
6,177
6,178
6,179
6,180
6,181
6,182
6,183
6,184
6,186
6,188
6,189
6,190
6,191
6,192
6,193
6,194
6,195
6,196
6,198
7,8
7,9
7,10
7,11
7,12
7,13
7,14
7,15
7,16
7,17
7,18
7,19
7,20
7,21
7,22
7,23
7,24
7,25
7,26
7,27
7,28
7,29
7,30
7,31
7,32
7,33
7,34
7,35
7,36
7,37
7,38
7,39
7,40
7,41
7,42
7,43
7,44
7,45
7,46
7,47
7,48
7,49
7,50
7,51
7,52
7,53
7,54
7,55
7,56
7,57
7,58
7,59
7,60
7,61
7,62
7,63
7,64
7,65
7,66
7,67
7,68
7,69
7,70
7,71
7,72
7,73
7,74
7,75
7,76
7,77
7,78
7,79
7,83
7,85
7,87
7,90
7,91
7,92
7,96
7,97
7,100
7,102
7,105
7,108
7,110
7,113
7,114
7,119
7,123
7,124
7,125
7,126
7,127
7,128
7,129
7,131
7,132
7,133
7,134
7,135
7,136
7,137
7,138
7,140
7,141
7,142
7,143
7,144
7,145
7,146
7,148
7,149
7,151
7,152
7,155
7,156
7,158
7,159
7,160
7,161
7,162
7,163
7,166
7,168
7,169
7,170
7,171
7,172
7,173
7,174
7,176
7,177
7,178
7,179
7,180
7,181
7,182
7,183
7,184
7,185
7,186
7,188
7,189
7,191
7,192
7,193
7,194
7,195
7,196
7,198
7,199
8,9
8,10
8,11
8,12
8,13
8,14
8,15
8,16
8,17
8,18
8,19
8,20
8,21
8,22
8,23
8,24
8,25
8,26
8,27
8,28
8,29
8,30
8,31
8,32
8,33
8,34
8,35
8,36
8,37
8,38
8,39
8,40
8,41
8,42
8,43
8,44
8,45
8,46
8,47
8,48
8,49
8,50
8,51
8,52
8,53
8,54
8,55
8,56
8,57
8,58
8,59
8,60
8,61
8,62
8,63
8,64
8,65
8,66
8,67
8,68
8,69
8,70
8,71
8,72
8,73
8,74
8,75
8,76
8,77
8,78
8,79
8,83
8,85
8,87
8,90
8,91
8,92
8,96
8,97
8,100
8,102
8,105
8,110
8,113
8,114
8,119
8,124
8,125
8,126
8,127
8,129
8,131
8,132
8,133
8,134
8,136
8,137
8,140
8,142
8,144
8,145
8,146
8,148
8,149
8,151
8,152
8,155
8,156
8,157
8,158
8,159
8,160
8,161
8,162
8,163
8,166
8,172
8,173
8,174
8,176
8,178
8,179
8,180
8,181
8,188
8,189
8,195
9,10
9,11
9,12
9,13
9,14
9,15
9,16
9,17
9,18
9,19
9,20
9,21
9,22
9,23
9,24
9,25
9,26
9,27
9,28
9,29
9,30
9,31
9,32
9,33
9,34
9,35
9,36
9,37
9,38
9,39
9,40
9,41
9,42
9,43
9,44
9,45
9,46
9,47
9,48
9,49
9,50
9,51
9,52
9,53
9,54
9,55
9,56
9,57
9,58
9,59
9,60
9,61
9,62
9,63
9,64
9,65
9,66
9,67
9,68
9,69
9,70
9,71
9,72
9,73
9,74
9,75
9,76
9,77
9,78
9,79
10,11
10,12
10,13
10,14
10,15
10,16
10,17
10,18
10,19
10,20
10,21
10,22
10,23
10,24
10,25
10,26
10,27
10,28
10,29
10,30
10,31
10,32
10,33
10,34
10,35
10,36
10,37
10,38
10,39
10,40
10,41
10,42
10,43
10,44
10,45
10,46
10,47
10,48
10,49
10,50
10,51
10,52
10,53
10,54
10,55
10,56
10,57
10,58
10,59
10,60
10,61
10,62
10,63
10,64
10,65
10,66
10,67
10,68
10,69
10,70
10,71
10,72
10,73
10,74
10,75
10,76
10,77
10,78
10,79
10,83
10,85
10,87
10,90
10,91
10,92
10,96
10,97
10,100
10,102
10,105
10,110
10,113
10,114
10,119
10,124
10,125
10,126
10,127
10,129
10,131
10,133
10,136
10,140
10,142
10,145
10,146
10,148
10,149
10,151
10,152
10,156
10,158
10,159
10,160
10,161
10,162
10,163
10,166
10,172
10,173
10,174
10,176
10,178
10,179
10,180
10,181
10,188
10,189
10,195
11,12
11,13
11,14
11,15
11,16
11,17
11,18
11,19
11,20
11,21
11,22
11,23
11,24
11,25
11,26
11,27
11,28
11,29
11,30
11,31
11,32
11,33
11,34
11,35
11,36
11,37
11,38
11,39
11,40
11,41
11,42
11,43
11,44
11,45
11,46
11,47
11,48
11,49
11,50
11,51
11,52
11,53
11,54
11,55
11,56
11,57
11,58
11,59
11,60
11,61
11,62
11,63
11,64
11,65
11,66
11,67
11,68
11,69
11,70
11,71
11,72
11,73
11,74
11,75
11,76
11,77
11,78
11,79
11,118
11,120
11,123
11,125
11,126
11,128
11,131
11,135
11,137
11,138
11,139
11,141
11,143
11,147
11,148
11,150
11,163
11,164
11,167
11,169
11,171
11,177
11,179
11,181
11,186
11,187
11,191
11,194
11,196
11,197
11,198
12,13
12,14
12,15
12,16
12,17
12,18
12,19
12,20
12,21
12,22
12,23
12,24
12,25
12,26
12,27
12,28
12,29
12,30
12,31
12,32
12,33
12,34
12,35
12,36
12,37
12,38
12,39
12,40
12,41
12,42
12,43
12,44
12,45
12,46
12,47
12,48
12,49
12,50
12,51
12,52
12,53
12,54
12,55
12,56
12,57
12,58
12,59
12,60
12,61
12,62
12,63
12,64
12,65
12,66
12,67
12,68
12,69
12,70
12,71
12,72
12,73
12,74
12,75
12,76
12,77
12,78
12,79
12,97
12,106
12,108
12,109
12,121
12,123
12,126
12,127
12,131
12,132
12,135
12,137
12,138
12,139
12,140
12,141
12,143
13,14
13,15
13,16
13,17
13,18
13,19
13,20
13,21
13,22
13,23
13,24
13,25
13,26
13,27
13,28
13,29
13,30
13,31
13,32
13,33
13,34
13,35
13,36
13,37
13,38
13,39
13,40
13,41
13,42
13,43
13,44
13,45
13,46
13,47
13,48
13,49
13,50
13,51
13,52
13,53
13,54
13,55
13,56
13,57
13,58
13,59
13,60
13,61
13,62
13,63
13,64
13,65
13,66
13,67
13,68
13,69
13,70
13,71
13,72
13,73
13,74
13,75
13,76
13,77
13,78
13,79
13,83
13,85
13,87
13,90
13,91
13,92
13,96
13,97
13,100
13,102
13,105
13,108
13,109
13,110
13,111
13,113
13,114
13,119
13,120
13,121
13,123
13,124
13,125
13,126
13,127
13,129
13,131
13,132
13,133
13,135
13,136
13,137
13,139
13,140
13,141
13,142
13,143
13,144
13,145
13,146
13,148
13,149
13,150
13,151
13,152
13,156
13,158
13,159
13,160
13,161
13,162
13,163
13,164
13,165
13,166
13,167
13,169
13,172
13,173
13,174
13,176
13,178
13,179
13,180
13,181
13,188
13,189
13,195
14,15
14,16
14,17
14,18
14,19
14,20
14,21
14,22
14,23
14,24
14,25
14,26
14,27
14,28
14,29
14,30
14,31
14,32
14,33
14,34
14,35
14,36
14,37
14,38
14,39
14,40
14,41
14,42
14,43
14,44
14,45
14,46
14,47
14,48
14,49
14,50
14,51
14,52
14,53
14,54
14,55
14,56
14,57
14,58
14,59
14,60
14,61
14,62
14,63
14,64
14,65
14,66
14,67
14,68
14,69
14,70
14,71
14,72
14,73
14,74
14,75
14,76
14,77
14,78
14,79
14,120
14,123
14,125
14,126
14,127
14,128
14,131
14,132
14,135
14,136
14,137
14,141
14,143
14,144
14,147
14,148
14,150
15,16
15,17
15,18
15,19
15,20
15,21
15,22
15,23
15,24
15,25
15,26
15,27
15,28
15,29
15,30
15,31
15,32
15,33
15,34
15,35
15,36
15,37
15,38
15,39
15,40
15,41
15,42
15,43
15,44
15,45
15,46
15,47
15,48
15,49
15,50
15,51
15,52
15,53
15,54
15,55
15,56
15,57
15,58
15,59
15,60
15,61
15,62
15,63
15,64
15,65
15,66
15,67
15,68
15,69
15,70
15,71
15,72
15,73
15,74
15,75
15,76
15,77
15,78
15,79
15,83
15,85
15,87
15,90
15,91
15,92
15,96
15,97
15,100
15,102
15,105
15,110
15,113
15,114
15,119
15,124
15,125
15,126
15,127
15,129
15,131
15,133
15,136
15,140
15,142
15,145
15,146
15,148
15,149
15,151
15,152
15,156
15,158
15,159
15,160
15,161
15,162
15,163
15,166
15,172
15,173
15,174
15,176
15,178
15,179
15,180
15,181
15,188
15,189
15,195
16,17
16,18
16,19
16,20
16,21
16,22
16,23
16,24
16,25
16,26
16,27
16,28
16,29
16,30
16,31
16,32
16,33
16,34
16,35
16,36
16,37
16,38
16,39
16,40
16,41
16,42
16,43
16,44
16,45
16,46
16,47
16,48
16,49
16,50
16,51
16,52
16,53
16,54
16,55
16,56
16,57
16,58
16,59
16,60
16,61
16,62
16,63
16,64
16,65
16,66
16,67
16,68
16,69
16,70
16,71
16,72
16,73
16,74
16,75
16,76
16,77
16,78
16,79
17,18
17,19
17,20
17,21
17,22
17,23
17,24
17,25
17,26
17,27
17,28
17,29
17,30
17,31
17,32
17,33
17,34
17,35
17,36
17,37
17,38
17,39
17,40
17,41
17,42
17,43
17,44
17,45
17,46
17,47
17,48
17,49
17,50
17,51
17,52
17,53
17,54
17,55
17,56
17,57
17,58
17,59
17,60
17,61
17,62
17,63
17,64
17,65
17,66
17,67
17,68
17,69
17,70
17,71
17,72
17,73
17,74
17,75
17,76
17,77
17,78
17,79
17,83
17,85
17,87
17,90
17,91
17,92
17,96
17,97
17,100
17,102
17,105
17,110
17,113
17,114
17,119
17,124
17,125
17,126
17,127
17,129
17,131
17,133
17,136
17,140
17,142
17,144
17,145
17,146
17,148
17,149
17,151
17,152
17,156
17,158
17,159
17,160
17,161
17,162
17,163
17,166
17,172
17,173
17,174
17,176
17,178
17,179
17,180
17,181
17,188
17,189
17,195
18,19
18,20
18,21
18,22
18,23
18,24
18,25
18,26
18,27
18,28
18,29
18,30
18,31
18,32
18,33
18,34
18,35
18,36
18,37
18,38
18,39
18,40
18,41
18,42
18,43
18,44
18,45
18,46
18,47
18,48
18,49
18,50
18,51
18,52
18,53
18,54
18,55
18,56
18,57
18,58
18,59
18,60
18,61
18,62
18,63
18,64
18,65
18,66
18,67
18,68
18,69
18,70
18,71
18,72
18,73
18,74
18,75
18,76
18,77
18,78
18,79
18,83
18,85
18,87
18,90
18,91
18,92
18,96
18,97
18,100
18,102
18,105
18,110
18,113
18,114
18,118
18,119
18,120
18,121
18,123
18,124
18,125
18,126
18,127
18,128
18,129
18,131
18,132
18,133
18,134
18,135
18,136
18,137
18,138
18,139
18,140
18,142
18,143
18,144
18,145
18,146
18,148
18,149
18,151
18,152
18,156
18,158
18,159
18,160
18,161
18,162
18,163
18,166
18,172
18,173
18,174
18,176
18,178
18,179
18,180
18,181
18,188
18,189
18,195
19,20
19,21
19,22
19,23
19,24
19,25
19,26
19,27
19,28
19,29
19,30
19,31
19,32
19,33
19,34
19,35
19,36
19,37
19,38
19,39
19,40
19,41
19,42
19,43
19,44
19,45
19,46
19,47
19,48
19,49
19,50
19,51
19,52
19,53
19,54
19,55
19,56
19,57
19,58
19,59
19,60
19,61
19,62
19,63
19,64
19,65
19,66
19,67
19,68
19,69
19,70
19,71
19,72
19,73
19,74
19,75
19,76
19,77
19,78
19,79
19,108
19,109
19,118
19,120
19,121
19,123
19,127
19,128
19,131
19,134
19,135
19,136
19,139
19,141
19,144
19,147
19,149
19,157
19,158
19,165
19,169
19,170
19,171
19,174
20,21
20,22
20,23
20,24
20,25
20,26
20,27
20,28
20,29
20,30
20,31
20,32
20,33
20,34
20,35
20,36
20,37
20,38
20,39
20,40
20,41
20,42
20,43
20,44
20,45
20,46
20,47
20,48
20,49
20,50
20,51
20,52
20,53
20,54
20,55
20,56
20,57
20,58
20,59
20,60
20,61
20,62
20,63
20,64
20,65
20,66
20,67
20,68
20,69
20,70
20,71
20,72
20,73
20,74
20,75
20,76
20,77
20,78
20,79
21,22
21,23
21,24
21,25
21,26
21,27
21,28
21,29
21,30
21,31
21,32
21,33
21,34
21,35
21,36
21,37
21,38
21,39
21,40
21,41
21,42
21,43
21,44
21,45
21,46
21,47
21,48
21,49
21,50
21,51
21,52
21,53
21,54
21,55
21,56
21,57
21,58
21,59
21,60
21,61
21,62
21,63
21,64
21,65
21,66
21,67
21,68
21,69
21,70
21,71
21,72
21,73
21,74
21,75
21,76
21,77
21,78
21,79
22,23
22,24
22,25
22,26
22,27
22,28
22,29
22,30
22,31
22,32
22,33
22,34
22,35
22,36
22,37
22,38
22,39
22,40
22,41
22,42
22,43
22,44
22,45
22,46
22,47
22,48
22,49
22,50
22,51
22,52
22,53
22,54
22,55
22,56
22,57
22,58
22,59
22,60
22,61
22,62
22,63
22,64
22,65
22,66
22,67
22,68
22,69
22,70
22,71
22,72
22,73
22,74
22,75
22,76
22,77
22,78
22,79
23,24
23,25
23,26
23,27
23,28
23,29
23,30
23,31
23,32
23,33
23,34
23,35
23,36
23,37
23,38
23,39
23,40
23,41
23,42
23,43
23,44
23,45
23,46
23,47
23,48
23,49
23,50
23,51
23,52
23,53
23,54
23,55
23,56
23,57
23,58
23,59
23,60
23,61
23,62
23,63
23,64
23,65
23,66
23,67
23,68
23,69
23,70
23,71
23,72
23,73
23,74
23,75
23,76
23,77
23,78
23,79
23,83
23,85
23,87
23,90
23,91
23,92
23,96
23,97
23,100
23,102
23,105
23,110
23,113
23,114
23,119
23,124
23,125
23,126
23,127
23,129
23,131
23,133
23,136
23,140
23,142
23,145
23,146
23,148
23,149
23,151
23,152
23,156
23,158
23,159
23,160
23,161
23,162
23,163
23,166
23,172
23,173
23,174
23,176
23,178
23,179
23,180
23,181
23,188
23,189
23,195
24,25
24,26
24,27
24,28
24,29
24,30
24,31
24,32
24,33
24,34
24,35
24,36
24,37
24,38
24,39
24,40
24,41
24,42
24,43
24,44
24,45
24,46
24,47
24,48
24,49
24,50
24,51
24,52
24,53
24,54
24,55
24,56
24,57
24,58
24,59
24,60
24,61
24,62
24,63
24,64
24,65
24,66
24,67
24,68
24,69
24,70
24,71
24,72
24,73
24,74
24,75
24,76
24,77
24,78
24,79
25,26
25,27
25,28
25,29
25,30
25,31
25,32
25,33
25,34
25,35
25,36
25,37
25,38
25,39
25,40
25,41
25,42
25,43
25,44
25,45
25,46
25,47
25,48
25,49
25,50
25,51
25,52
25,53
25,54
25,55
25,56
25,57
25,58
25,59
25,60
25,61
25,62
25,63
25,64
25,65
25,66
25,67
25,68
25,69
25,70
25,71
25,72
25,73
25,74
25,75
25,76
25,77
25,78
25,79
25,83
25,85
25,87
25,90
25,91
25,92
25,96
25,97
25,100
25,102
25,105
25,110
25,113
25,114
25,119
25,124
25,125
25,126
25,127
25,129
25,131
25,133
25,136
25,140
25,142
25,145
25,146
25,148
25,149
25,151
25,152
25,156
25,158
25,159
25,160
25,161
25,162
25,163
25,166
25,172
25,173
25,174
25,176
25,178
25,179
25,180
25,181
25,188
25,189
25,195
26,27
26,28
26,29
26,30
26,31
26,32
26,33
26,34
26,35
26,36
26,37
26,38
26,39
26,40
26,41
26,42
26,43
26,44
26,45
26,46
26,47
26,48
26,49
26,50
26,51
26,52
26,53
26,54
26,55
26,56
26,57
26,58
26,59
26,60
26,61
26,62
26,63
26,64
26,65
26,66
26,67
26,68
26,69
26,70
26,71
26,72
26,73
26,74
26,75
26,76
26,77
26,78
26,79
26,149
26,198
27,28
27,29
27,30
27,31
27,32
27,33
27,34
27,35
27,36
27,37
27,38
27,39
27,40
27,41
27,42
27,43
27,44
27,45
27,46
27,47
27,48
27,49
27,50
27,51
27,52
27,53
27,54
27,55
27,56
27,57
27,58
27,59
27,60
27,61
27,62
27,63
27,64
27,65
27,66
27,67
27,68
27,69
27,70
27,71
27,72
27,73
27,74
27,75
27,76
27,77
27,78
27,79
27,83
27,85
27,87
27,90
27,91
27,92
27,96
27,97
27,100
27,102
27,105
27,110
27,113
27,114
27,119
27,124
27,125
27,126
27,127
27,129
27,131
27,133
27,136
27,140
27,142
27,145
27,146
27,148
27,149
27,151
27,152
27,156
27,158
27,159
27,160
27,161
27,162
27,163
27,166
27,172
27,173
27,174
27,176
27,178
27,179
27,180
27,181
27,188
27,189
27,195
28,29
28,30
28,31
28,32
28,33
28,34
28,35
28,36
28,37
28,38
28,39
28,40
28,41
28,42
28,43
28,44
28,45
28,46
28,47
28,48
28,49
28,50
28,51
28,52
28,53
28,54
28,55
28,56
28,57
28,58
28,59
28,60
28,61
28,62
28,63
28,64
28,65
28,66
28,67
28,68
28,69
28,70
28,71
28,72
28,73
28,74
28,75
28,76
28,77
28,78
28,79
28,106
28,107
28,111
28,113
28,118
28,120
28,121
28,127
28,131
28,132
28,134
28,139
28,141
28,145
28,146
28,155
28,156
28,158
28,164
28,165
29,30
29,31
29,32
29,33
29,34
29,35
29,36
29,37
29,38
29,39
29,40
29,41
29,42
29,43
29,44
29,45
29,46
29,47
29,48
29,49
29,50
29,51
29,52
29,53
29,54
29,55
29,56
29,57
29,58
29,59
29,60
29,61
29,62
29,63
29,64
29,65
29,66
29,67
29,68
29,69
29,70
29,71
29,72
29,73
29,74
29,75
29,76
29,77
29,78
29,79
29,107
29,108
29,109
29,111
29,116
29,117
30,31
30,32
30,33
30,34
30,35
30,36
30,37
30,38
30,39
30,40
30,41
30,42
30,43
30,44
30,45
30,46
30,47
30,48
30,49
30,50
30,51
30,52
30,53
30,54
30,55
30,56
30,57
30,58
30,59
30,60
30,61
30,62
30,63
30,64
30,65
30,66
30,67
30,68
30,69
30,70
30,71
30,72
30,73
30,74
30,75
30,76
30,77
30,78
30,79
30,102
30,103
30,104
30,106
30,108
30,109
30,110
31,32
31,33
31,34
31,35
31,36
31,37
31,38
31,39
31,40
31,41
31,42
31,43
31,44
31,45
31,46
31,47
31,48
31,49
31,50
31,51
31,52
31,53
31,54
31,55
31,56
31,57
31,58
31,59
31,60
31,61
31,62
31,63
31,64
31,65
31,66
31,67
31,68
31,69
31,70
31,71
31,72
31,73
31,74
31,75
31,76
31,77
31,78
31,79
31,83
31,85
31,87
31,90
31,91
31,92
31,96
31,97
31,100
31,102
31,105
31,106
31,107
31,108
31,109
31,110
31,112
31,113
31,114
31,117
31,119
31,121
31,122
31,123
31,124
31,125
31,126
31,127
31,128
31,129
31,131
31,133
31,134
31,135
31,136
31,138
31,140
31,142
31,145
31,146
31,148
31,149
31,151
31,152
31,156
31,157
31,158
31,159
31,160
31,161
31,162
31,163
31,164
31,165
31,166
31,172
31,173
31,174
31,176
31,178
31,179
31,180
31,181
31,185
31,188
31,189
31,195
32,33
32,34
32,35
32,36
32,37
32,38
32,39
32,40
32,41
32,42
32,43
32,44
32,45
32,46
32,47
32,48
32,49
32,50
32,51
32,52
32,53
32,54
32,55
32,56
32,57
32,58
32,59
32,60
32,61
32,62
32,63
32,64
32,65
32,66
32,67
32,68
32,69
32,70
32,71
32,72
32,73
32,74
32,75
32,76
32,77
32,78
32,79
32,102
32,103
32,104
32,107
32,108
32,110
32,111
32,112
32,116
32,121
32,122
32,123
32,125
32,128
32,131
32,132
32,133
32,134
32,135
32,137
32,138
32,139
32,140
32,141
32,144
32,147
32,149
32,154
32,155
32,156
32,157
32,165
32,174
32,175
32,177
32,182
32,184
32,185
32,197
32,198
32,199
33,34
33,35
33,36
33,37
33,38
33,39
33,40
33,41
33,42
33,43
33,44
33,45
33,46
33,47
33,48
33,49
33,50
33,51
33,52
33,53
33,54
33,55
33,56
33,57
33,58
33,59
33,60
33,61
33,62
33,63
33,64
33,65
33,66
33,67
33,68
33,69
33,70
33,71
33,72
33,73
33,74
33,75
33,76
33,77
33,78
33,79
34,35
34,36
34,37
34,38
34,39
34,40
34,41
34,42
34,43
34,44
34,45
34,46
34,47
34,48
34,49
34,50
34,51
34,52
34,53
34,54
34,55
34,56
34,57
34,58
34,59
34,60
34,61
34,62
34,63
34,64
34,65
34,66
34,67
34,68
34,69
34,70
34,71
34,72
34,73
34,74
34,75
34,76
34,77
34,78
34,79
35,36
35,37
35,38
35,39
35,40
35,41
35,42
35,43
35,44
35,45
35,46
35,47
35,48
35,49
35,50
35,51
35,52
35,53
35,54
35,55
35,56
35,57
35,58
35,59
35,60
35,61
35,62
35,63
35,64
35,65
35,66
35,67
35,68
35,69
35,70
35,71
35,72
35,73
35,74
35,75
35,76
35,77
35,78
35,79
35,110
35,112
35,114
35,115
35,116
35,117
35,118
35,120
35,121
35,122
35,125
35,126
35,127
35,133
35,134
35,135
35,137
35,139
35,140
35,141
35,142
35,143
35,146
35,147
35,158
35,164
35,165
35,167
35,168
35,174
35,177
35,179
35,181
35,183
35,196
35,197
35,199
36,37
36,38
36,39
36,40
36,41
36,42
36,43
36,44
36,45
36,46
36,47
36,48
36,49
36,50
36,51
36,52
36,53
36,54
36,55
36,56
36,57
36,58
36,59
36,60
36,61
36,62
36,63
36,64
36,65
36,66
36,67
36,68
36,69
36,70
36,71
36,72
36,73
36,74
36,75
36,76
36,77
36,78
36,79
36,83
36,85
36,87
36,90
36,91
36,92
36,96
36,97
36,100
36,102
36,105
36,110
36,113
36,114
36,119
36,124
36,125
36,126
36,127
36,129
36,131
36,133
36,136
36,140
36,142
36,145
36,146
36,148
36,149
36,151
36,152
36,156
36,158
36,159
36,160
36,161
36,162
36,163
36,166
36,172
36,173
36,174
36,176
36,178
36,179
36,180
36,181
36,188
36,189
36,195
37,38
37,39
37,40
37,41
37,42
37,43
37,44
37,45
37,46
37,47
37,48
37,49
37,50
37,51
37,52
37,53
37,54
37,55
37,56
37,57
37,58
37,59
37,60
37,61
37,62
37,63
37,64
37,65
37,66
37,67
37,68
37,69
37,70
37,71
37,72
37,73
37,74
37,75
37,76
37,77
37,78
37,79
37,83
37,85
37,87
37,90
37,91
37,92
37,96
37,97
37,100
37,102
37,105
37,110
37,113
37,114
37,119
37,124
37,125
37,126
37,127
37,129
37,131
37,133
37,136
37,140
37,142
37,145
37,146
37,148
37,149
37,151
37,152
37,156
37,158
37,159
37,160
37,161
37,162
37,163
37,166
37,172
37,173
37,174
37,176
37,178
37,179
37,180
37,181
37,188
37,189
37,195
38,39
38,40
38,41
38,42
38,43
38,44
38,45
38,46
38,47
38,48
38,49
38,50
38,51
38,52
38,53
38,54
38,55
38,56
38,57
38,58
38,59
38,60
38,61
38,62
38,63
38,64
38,65
38,66
38,67
38,68
38,69
38,70
38,71
38,72
38,73
38,74
38,75
38,76
38,77
38,78
38,79
39,40
39,41
39,42
39,43
39,44
39,45
39,46
39,47
39,48
39,49
39,50
39,51
39,52
39,53
39,54
39,55
39,56
39,57
39,58
39,59
39,60
39,61
39,62
39,63
39,64
39,65
39,66
39,67
39,68
39,69
39,70
39,71
39,72
39,73
39,74
39,75
39,76
39,77
39,78
39,79
39,83
39,85
39,87
39,90
39,91
39,92
39,96
39,97
39,100
39,102
39,105
39,110
39,113
39,114
39,119
39,124
39,125
39,126
39,127
39,129
39,131
39,133
39,136
39,140
39,142
39,145
39,146
39,148
39,149
39,151
39,152
39,156
39,158
39,159
39,160
39,161
39,162
39,163
39,166
39,172
39,173
39,174
39,176
39,178
39,179
39,180
39,181
39,188
39,189
39,195
40,41
40,42
40,43
40,44
40,45
40,46
40,47
40,48
40,49
40,50
40,51
40,52
40,53
40,54
40,55
40,56
40,57
40,58
40,59
40,60
40,61
40,62
40,63
40,64
40,65
40,66
40,67
40,68
40,69
40,70
40,71
40,72
40,73
40,74
40,75
40,76
40,77
40,78
40,79
40,83
40,85
40,87
40,90
40,91
40,92
40,96
40,97
40,100
40,102
40,105
40,110
40,113
40,114
40,119
40,124
40,125
40,126
40,127
40,129
40,131
40,133
40,136
40,140
40,142
40,145
40,146
40,148
40,149
40,151
40,152
40,156
40,158
40,159
40,160
40,161
40,162
40,163
40,166
40,172
40,173
40,174
40,176
40,178
40,179
40,180
40,181
40,188
40,189
40,195
41,42
41,43
41,44
41,45
41,46
41,47
41,48
41,49
41,50
41,51
41,52
41,53
41,54
41,55
41,56
41,57
41,58
41,59
41,60
41,61
41,62
41,63
41,64
41,65
41,66
41,67
41,68
41,69
41,70
41,71
41,72
41,73
41,74
41,75
41,76
41,77
41,78
41,79
41,83
41,85
41,87
41,90
41,91
41,92
41,96
41,97
41,100
41,102
41,105
41,110
41,113
41,114
41,119
41,124
41,125
41,126
41,127
41,129
41,131
41,133
41,136
41,140
41,142
41,145
41,146
41,148
41,149
41,151
41,152
41,156
41,158
41,159
41,160
41,161
41,162
41,163
41,166
41,172
41,173
41,174
41,176
41,178
41,179
41,180
41,181
41,188
41,189
41,195
42,43
42,44
42,45
42,46
42,47
42,48
42,49
42,50
42,51
42,52
42,53
42,54
42,55
42,56
42,57
42,58
42,59
42,60
42,61
42,62
42,63
42,64
42,65
42,66
42,67
42,68
42,69
42,70
42,71
42,72
42,73
42,74
42,75
42,76
42,77
42,78
42,79
42,139
42,141
42,142
42,143
42,144
42,156
42,157
42,169
42,183
43,44
43,45
43,46
43,47
43,48
43,49
43,50
43,51
43,52
43,53
43,54
43,55
43,56
43,57
43,58
43,59
43,60
43,61
43,62
43,63
43,64
43,65
43,66
43,67
43,68
43,69
43,70
43,71
43,72
43,73
43,74
43,75
43,76
43,77
43,78
43,79
43,106
43,110
43,111
43,112
43,113
43,115
43,116
43,117
43,120
43,122
43,123
43,124
43,125
43,126
43,131
43,132
43,133
43,135
43,137
43,138
43,139
43,140
43,142
43,144
43,145
43,146
43,147
43,148
43,151
43,154
43,156
43,157
43,164
43,167
43,168
43,171
43,173
43,174
43,177
44,45
44,46
44,47
44,48
44,49
44,50
44,51
44,52
44,53
44,54
44,55
44,56
44,57
44,58
44,59
44,60
44,61
44,62
44,63
44,64
44,65
44,66
44,67
44,68
44,69
44,70
44,71
44,72
44,73
44,74
44,75
44,76
44,77
44,78
44,79
45,46
45,47
45,48
45,49
45,50
45,51
45,52
45,53
45,54
45,55
45,56
45,57
45,58
45,59
45,60
45,61
45,62
45,63
45,64
45,65
45,66
45,67
45,68
45,69
45,70
45,71
45,72
45,73
45,74
45,75
45,76
45,77
45,78
45,79
46,47
46,48
46,49
46,50
46,51
46,52
46,53
46,54
46,55
46,56
46,57
46,58
46,59
46,60
46,61
46,62
46,63
46,64
46,65
46,66
46,67
46,68
46,69
46,70
46,71
46,72
46,73
46,74
46,75
46,76
46,77
46,78
46,79
46,83
46,85
46,87
46,90
46,91
46,92
46,96
46,97
46,100
46,102
46,105
46,107
46,108
46,109
46,110
46,112
46,113
46,114
46,116
46,117
46,119
46,121
46,122
46,124
46,125
46,126
46,127
46,129
46,131
46,132
46,133
46,135
46,136
46,137
46,138
46,140
46,142
46,143
46,145
46,146
46,147
46,148
46,149
46,150
46,151
46,152
46,154
46,155
46,156
46,158
46,159
46,160
46,161
46,162
46,163
46,166
46,169
46,170
46,171
46,172
46,173
46,174
46,176
46,178
46,179
46,180
46,181
46,187
46,188
46,189
46,192
46,194
46,195
46,196
46,198
46,199
47,48
47,49
47,50
47,51
47,52
47,53
47,54
47,55
47,56
47,57
47,58
47,59
47,60
47,61
47,62
47,63
47,64
47,65
47,66
47,67
47,68
47,69
47,70
47,71
47,72
47,73
47,74
47,75
47,76
47,77
47,78
47,79
47,95
47,96
47,102
47,103
47,106
47,107
47,108
47,109
47,111
47,112
47,114
47,116
47,120
47,121
47,122
47,123
47,125
47,127
47,130
47,132
47,135
47,139
47,142
47,143
47,145
47,149
47,150
47,153
47,156
47,157
47,158
47,164
47,165
47,168
47,170
47,171
47,173
47,174
47,175
47,177
47,181
47,182
47,183
47,187
47,188
47,191
47,192
47,194
48,49
48,50
48,51
48,52
48,53
48,54
48,55
48,56
48,57
48,58
48,59
48,60
48,61
48,62
48,63
48,64
48,65
48,66
48,67
48,68
48,69
48,70
48,71
48,72
48,73
48,74
48,75
48,76
48,77
48,78
49,50
49,51
49,52
49,53
49,54
49,55
49,56
49,57
49,58
49,59
49,60
49,61
49,62
49,63
49,64
49,65
49,66
49,67
49,68
49,69
49,70
49,71
49,72
49,73
49,74
49,75
49,76
49,77
49,78
49,79
50,51
50,52
50,53
50,54
50,55
50,56
50,57
50,58
50,59
50,60
50,61
50,62
50,63
50,64
50,65
50,66
50,67
50,68
50,69
50,70
50,71
50,72
50,73
50,74
50,75
50,76
50,77
50,78
50,79
51,52
51,53
51,54
51,55
51,56
51,57
51,58
51,59
51,60
51,61
51,62
51,63
51,64
51,65
51,66
51,67
51,68
51,69
51,70
51,71
51,72
51,73
51,74
51,75
51,76
51,77
51,78
51,79
52,53
52,54
52,55
52,56
52,57
52,58
52,59
52,60
52,61
52,62
52,63
52,64
52,65
52,66
52,67
52,68
52,69
52,70
52,71
52,72
52,73
52,74
52,75
52,76
52,77
52,78
52,79
52,83
52,85
52,87
52,90
52,91
52,92
52,96
52,97
52,100
52,102
52,105
52,110
52,113
52,114
52,119
52,124
52,125
52,126
52,127
52,129
52,130
52,131
52,133
52,135
52,136
52,137
52,139
52,140
52,141
52,142
52,145
52,146
52,148
52,149
52,151
52,152
52,156
52,158
52,159
52,160
52,161
52,162
52,163
52,166
52,172
52,173
52,174
52,176
52,178
52,179
52,180
52,181
52,188
52,189
52,195
53,54
53,55
53,56
53,57
53,58
53,59
53,60
53,61
53,62
53,63
53,64
53,65
53,66
53,67
53,68
53,69
53,70
53,71
53,72
53,73
53,74
53,75
53,76
53,77
53,78
53,79
53,96
53,98
53,100
53,101
53,103
53,104
53,106
53,107
53,108
53,109
53,110
53,111
53,112
53,113
53,116
53,117
53,118
53,120
53,121
53,122
53,126
53,128
53,130
53,131
53,133
53,134
53,135
53,136
53,137
53,141
53,153
53,154
53,155
53,156
53,158
53,160
53,164
53,168
53,169
53,171
53,183
53,185
53,188
53,191
53,194
54,55
54,56
54,57
54,58
54,59
54,60
54,61
54,62
54,63
54,64
54,65
54,66
54,67
54,68
54,69
54,70
54,71
54,72
54,73
54,74
54,75
54,76
54,77
54,78
54,79
54,100
54,101
54,102
54,104
54,105
54,107
54,108
54,110
54,112
54,113
54,114
54,115
54,116
54,117
54,118
54,119
54,120
54,121
54,122
54,124
54,125
54,126
54,127
54,129
54,130
54,131
54,135
54,136
54,137
54,138
54,139
54,140
54,141
54,142
54,143
55,56
55,57
55,58
55,59
55,60
55,61
55,62
55,63
55,64
55,65
55,66
55,67
55,68
55,69
55,70
55,71
55,72
55,73
55,74
55,75
55,76
55,77
55,78
55,79
55,83
55,85
55,87
55,90
55,91
55,92
55,96
55,97
55,100
55,102
55,105
55,110
55,113
55,114
55,119
55,124
55,125
55,126
55,127
55,129
55,131
55,133
55,136
55,140
55,142
55,145
55,146
55,148
55,149
55,151
55,152
55,156
55,158
55,159
55,160
55,161
55,162
55,163
55,166
55,172
55,173
55,174
55,176
55,178
55,179
55,180
55,181
55,188
55,189
55,195
56,57
56,58
56,59
56,60
56,61
56,62
56,63
56,64
56,65
56,66
56,67
56,68
56,69
56,70
56,71
56,72
56,73
56,74
56,75
56,76
56,77
56,78
56,79
57,58
57,59
57,60
57,61
57,62
57,63
57,64
57,65
57,66
57,67
57,68
57,69
57,70
57,71
57,72
57,73
57,74
57,75
57,76
57,77
57,78
57,79
57,116
57,117
57,118
57,119
57,120
57,121
57,125
57,130
57,131
57,132
57,133
57,134
57,137
57,138
57,139
57,140
57,142
57,147
57,148
57,149
57,151
57,152
57,153
57,163
57,165
57,166
57,168
57,179
57,188
57,189
57,194
57,196
57,198
58,59
58,60
58,61
58,62
58,63
58,64
58,65
58,66
58,67
58,68
58,69
58,70
58,71
58,72
58,73
58,74
58,75
58,76
58,77
58,78
58,79
59,60
59,61
59,62
59,63
59,64
59,65
59,66
59,67
59,68
59,69
59,70
59,71
59,72
59,73
59,74
59,75
59,76
59,77
59,78
59,79
59,83
59,85
59,87
59,90
59,91
59,92
59,96
59,97
59,100
59,102
59,105
59,110
59,113
59,114
59,119
59,124
59,125
59,126
59,127
59,129
59,131
59,133
59,136
59,140
59,142
59,145
59,146
59,148
59,149
59,151
59,152
59,156
59,158
59,159
59,160
59,161
59,162
59,163
59,166
59,172
59,173
59,174
59,176
59,178
59,179
59,180
59,181
59,188
59,189
59,195
60,61
60,62
60,63
60,64
60,65
60,66
60,67
60,68
60,69
60,70
60,71
60,72
60,73
60,74
60,75
60,76
60,77
60,78
60,79
60,83
60,85
60,87
60,90
60,91
60,92
60,96
60,97
60,100
60,102
60,105
60,108
60,110
60,111
60,112
60,113
60,114
60,115
60,117
60,118
60,119
60,120
60,121
60,124
60,125
60,126
60,127
60,128
60,129
60,130
60,131
60,132
60,133
60,135
60,136
60,137
60,138
60,140
60,142
60,143
60,144
60,145
60,146
60,147
60,148
60,149
60,151
60,152
60,156
60,158
60,159
60,160
60,161
60,162
60,163
60,166
60,172
60,173
60,174
60,176
60,178
60,179
60,180
60,181
60,188
60,189
60,195
61,62
61,63
61,64
61,65
61,66
61,67
61,68
61,69
61,70
61,71
61,72
61,73
61,74
61,75
61,76
61,77
61,78
61,79
61,83
61,85
61,87
61,90
61,91
61,92
61,96
61,97
61,100
61,102
61,105
61,110
61,113
61,114
61,119
61,124
61,125
61,126
61,127
61,129
61,131
61,133
61,136
61,140
61,142
61,145
61,146
61,148
61,149
61,151
61,152
61,156
61,158
61,159
61,160
61,161
61,162
61,163
61,166
61,172
61,173
61,174
61,176
61,178
61,179
61,180
61,181
61,188
61,189
61,195
62,63
62,64
62,65
62,66
62,67
62,68
62,69
62,70
62,71
62,72
62,73
62,74
62,75
62,76
62,77
62,78
62,79
63,64
63,65
63,66
63,67
63,68
63,69
63,70
63,71
63,72
63,73
63,74
63,75
63,76
63,77
63,78
63,79
63,93
63,95
63,96
63,98
63,101
63,102
63,106
63,108
63,109
63,111
63,113
63,115
63,117
63,118
63,120
63,121
63,122
63,123
63,125
63,126
63,127
63,129
63,131
63,133
63,134
63,141
63,142
63,143
63,147
63,149
63,151
63,153
63,154
63,156
63,160
63,168
63,172
63,173
63,176
63,182
63,183
63,184
63,193
64,65
64,66
64,67
64,68
64,69
64,70
64,71
64,72
64,73
64,74
64,75
64,76
64,77
64,78
64,79
65,66
65,67
65,68
65,69
65,70
65,71
65,72
65,73
65,74
65,75
65,76
65,77
65,78
65,79
66,67
66,68
66,69
66,70
66,71
66,72
66,73
66,74
66,75
66,76
66,77
66,78
66,79
66,96
66,98
66,99
66,102
66,103
66,104
66,106
66,107
66,108
66,112
66,113
66,115
66,116
66,117
66,118
66,119
66,120
66,121
66,122
66,124
66,125
66,126
66,130
66,133
66,134
66,136
66,141
66,142
66,143
66,144
66,148
66,149
66,150
67,68
67,69
67,70
67,71
67,72
67,73
67,74
67,75
67,76
67,77
67,78
67,79
67,102
67,103
67,104
67,106
67,107
67,108
67,109
67,110
67,111
67,112
67,113
67,114
67,115
67,116
67,118
67,119
67,120
67,121
67,123
67,124
67,125
67,130
67,131
67,133
67,134
67,135
67,136
67,138
67,139
67,141
67,143
67,144
67,146
67,147
68,69
68,70
68,71
68,72
68,73
68,74
68,75
68,76
68,77
68,78
68,79
69,70
69,71
69,72
69,73
69,74
69,75
69,76
69,77
69,78
69,79
69,83
69,85
69,87
69,90
69,91
69,92
69,96
69,97
69,100
69,102
69,105
69,110
69,113
69,114
69,119
69,124
69,125
69,126
69,127
69,129
69,131
69,133
69,136
69,140
69,142
69,145
69,146
69,148
69,149
69,151
69,152
69,156
69,158
69,159
69,160
69,161
69,162
69,163
69,166
69,172
69,173
69,174
69,176
69,178
69,179
69,180
69,181
69,188
69,189
69,195
70,71
70,72
70,73
70,74
70,75
70,76
70,77
70,78
70,79
70,83
70,85
70,87
70,90
70,91
70,92
70,96
70,97
70,100
70,102
70,105
70,110
70,113
70,114
70,119
70,124
70,125
70,126
70,127
70,129
70,131
70,133
70,136
70,140
70,142
70,145
70,146
70,148
70,149
70,151
70,152
70,156
70,158
70,159
70,160
70,161
70,162
70,163
70,166
70,172
70,173
70,174
70,176
70,178
70,179
70,180
70,181
70,188
70,189
70,195
71,72
71,73
71,74
71,75
71,76
71,77
71,78
71,79
71,135
71,138
71,139
71,140
71,142
71,143
71,144
71,146
71,148
71,149
71,151
71,153
71,156
71,158
72,73
72,74
72,75
72,76
72,77
72,78
72,79
72,99
72,100
72,101
72,102
72,103
72,104
72,105
72,107
72,108
72,109
72,110
72,111
72,113
72,114
72,115
72,116
72,117
72,118
72,119
72,121
72,122
72,124
72,125
72,127
72,128
72,129
72,130
72,131
72,132
72,133
72,135
72,136
72,138
72,139
72,140
72,142
72,144
72,145
72,146
72,147
72,148
72,149
72,151
72,152
72,153
72,155
72,158
72,171
72,182
72,183
72,185
73,74
73,75
73,76
73,77
73,78
73,79
73,104
73,106
73,109
73,110
73,111
73,112
73,114
73,115
73,116
73,118
73,119
73,120
73,121
73,122
73,124
73,125
73,126
73,129
73,130
73,131
73,132
73,133
73,134
73,135
73,136
73,137
73,138
73,141
73,142
73,143
73,144
73,146
73,147
73,148
73,149
73,150
73,153
73,154
73,156
73,157
73,158
73,162
73,163
73,171
73,178
73,181
73,182
73,185
73,187
73,190
73,192
73,193
73,196
73,197
74,75
74,76
74,77
74,78
74,79
74,83
74,85
74,87
74,90
74,91
74,92
74,96
74,97
74,100
74,102
74,105
74,110
74,113
74,114
74,119
74,124
74,125
74,126
74,127
74,129
74,131
74,133
74,136
74,140
74,142
74,145
74,146
74,148
74,149
74,151
74,152
74,156
74,158
74,159
74,160
74,161
74,162
74,163
74,166
74,172
74,173
74,174
74,176
74,178
74,179
74,180
74,181
74,188
74,189
74,195
75,76
75,77
75,78
75,79
75,105
75,107
75,108
75,109
75,110
75,111
75,112
75,113
75,115
75,116
75,117
75,118
75,120
75,121
75,122
75,125
75,127
75,128
75,129
75,130
75,131
75,132
75,133
75,134
75,135
75,137
75,138
75,139
75,140
75,141
75,144
75,146
75,147
75,148
75,149
75,150
76,77
76,78
76,79
76,100
76,101
76,103
76,105
76,107
76,109
76,110
76,111
76,112
76,113
76,114
76,115
76,116
76,117
76,118
76,119
76,120
76,121
76,122
76,123
76,125
76,127
76,128
76,129
76,130
77,78
77,79
77,98
77,100
77,101
77,103
77,104
77,105
77,106
77,107
77,108
77,109
77,110
77,111
77,113
77,114
77,115
77,116
77,117
77,119
77,121
77,124
77,125
77,126
77,127
77,133
77,134
77,135
77,136
77,137
77,138
77,140
77,141
78,79
78,95
78,98
78,99
78,100
78,102
78,103
78,104
78,106
78,107
78,108
78,109
78,110
78,111
78,112
78,113
78,114
78,115
78,117
78,118
78,122
78,123
78,124
78,126
78,130
78,131
78,133
78,134
78,135
78,136
78,137
78,138
78,139
78,140
78,141
78,142
78,143
78,144
78,147
78,148
78,149
78,150
78,151
78,152
78,154
78,155
78,157
78,158
78,164
78,168
78,175
78,176
78,178
78,181
78,182
78,183
78,188
78,192
78,193
78,196
78,197
78,199
79,93
79,95
79,100
79,102
79,103
79,104
79,105
79,106
79,107
79,108
79,110
79,111
79,113
79,115
79,116
79,117
79,118
79,120
79,121
79,122
79,123
79,124
79,125
79,126
79,127
79,128
79,131
79,132
79,133
79,134
79,135
79,136
79,138
79,139
79,140
79,141
79,142
79,143
79,144
79,146
79,147
79,148
79,149
79,151
79,152
79,153
79,154
79,156
79,157
79,158
79,160
79,164
79,165
79,166
79,175
79,176
79,178
79,181
79,182
79,183
79,184
79,185
79,187
79,188
79,190
79,192
79,197
80,95
80,96
80,97
80,103
80,105
80,106
80,107
80,108
80,109
80,110
80,111
80,112
80,113
80,114
80,115
80,116
80,117
80,119
80,120
80,123
80,124
80,125
80,126
80,128
80,129
80,130
80,131
80,132
80,133
80,134
80,135
81,95
81,96
81,98
81,99
82,89
82,91
82,93
82,95
82,96
82,97
82,99
82,101
82,102
82,103
82,104
82,105
82,107
82,108
82,110
82,111
82,113
82,114
82,117
82,118
82,119
82,121
82,124
82,125
82,126
82,127
82,128
82,129
82,130
82,134
82,135
82,136
82,138
82,139
82,140
82,141
82,145
82,146
82,148
82,151
82,153
82,154
82,155
82,163
83,85
83,86
83,87
83,89
83,90
83,91
83,92
83,93
83,95
83,96
83,97
83,98
83,99
83,100
83,101
83,102
83,103
83,104
83,105
83,106
83,107
83,108
83,109
83,110
83,111
83,113
83,114
83,115
83,117
83,118
83,119
83,124
83,125
83,126
83,127
83,128
83,129
83,131
83,133
83,134
83,135
83,136
83,137
83,139
83,140
83,141
83,142
83,143
83,145
83,146
83,147
83,148
83,149
83,150
83,151
83,152
83,153
83,154
83,155
83,156
83,158
83,159
83,160
83,161
83,162
83,163
83,165
83,166
83,171
83,172
83,173
83,174
83,176
83,178
83,179
83,180
83,181
83,187
83,188
83,189
83,190
83,195
84,89
84,92
84,93
84,95
84,96
84,97
84,98
84,100
84,101
84,102
84,105
84,106
84,107
84,108
84,109
84,110
84,111
84,113
84,114
84,115
84,116
84,117
84,119
84,120
84,121
84,124
84,125
84,127
84,128
84,129
84,130
84,135
84,136
84,137
84,139
84,140
84,141
84,143
84,144
84,145
84,146
84,147
84,148
84,149
84,150
84,151
84,152
84,153
84,154
84,156
84,160
84,163
84,164
84,166
84,168
84,172
85,87
85,90
85,91
85,92
85,93
85,96
85,97
85,98
85,99
85,100
85,101
85,102
85,104
85,105
85,106
85,108
85,109
85,110
85,111
85,112
85,113
85,114
85,116
85,118
85,119
85,120
85,121
85,122
85,123
85,124
85,125
85,126
85,127
85,128
85,129
85,130
85,131
85,133
85,134
85,135
85,136
85,138
85,139
85,140
85,141
85,142
85,143
85,144
85,145
85,146
85,147
85,148
85,149
85,150
85,151
85,152
85,154
85,155
85,156
85,158
85,159
85,160
85,161
85,162
85,163
85,164
85,165
85,166
85,169
85,170
85,171
85,172
85,173
85,174
85,176
85,178
85,179
85,180
85,181
85,182
85,183
85,184
85,186
85,187
85,188
85,189
85,193
85,194
85,195
85,198
85,199
86,88
86,91
86,92
86,93
86,95
86,96
86,97
86,98
86,99
86,100
86,101
86,102
86,103
86,104
86,105
86,106
86,107
86,108
86,109
86,111
86,112
86,113
86,115
86,116
86,117
86,118
86,121
86,122
86,123
86,125
86,126
86,127
86,129
86,130
86,134
86,135
86,136
86,137
86,138
86,139
86,140
86,143
86,144
86,145
86,146
86,147
86,148
86,149
86,150
86,151
86,152
86,153
86,154
86,155
86,156
86,157
86,158
86,159
86,162
86,163
86,164
86,165
86,168
86,169
86,170
86,171
86,173
86,174
86,175
86,180
86,181
86,182
86,183
86,184
86,186
86,187
86,188
86,192
86,193
86,196
86,197
86,199
87,90
87,91
87,92
87,96
87,97
87,100
87,101
87,102
87,103
87,104
87,105
87,106
87,107
87,108
87,109
87,110
87,112
87,113
87,114
87,119
87,124
87,125
87,126
87,127
87,129
87,131
87,133
87,136
87,140
87,142
87,145
87,146
87,148
87,149
87,151
87,152
87,156
87,158
87,159
87,160
87,161
87,162
87,163
87,166
87,172
87,173
87,174
87,176
87,178
87,179
87,180
87,181
87,188
87,189
87,195
88,89
88,90
88,91
88,93
88,94
88,96
88,97
88,98
88,99
88,103
88,104
88,106
88,107
88,108
88,110
88,111
88,112
88,113
88,114
88,116
88,117
88,118
88,121
88,123
88,124
88,125
88,126
88,127
88,128
88,129
88,130
88,133
88,136
88,137
88,138
88,140
88,141
88,148
88,151
88,153
88,154
88,156
88,157
88,158
88,159
88,160
88,163
88,164
88,165
88,168
88,169
88,170
88,171
88,172
88,173
88,175
88,176
88,177
88,179
88,180
88,181
88,185
88,187
88,188
88,190
88,191
88,192
88,193
88,196
88,197
88,198
88,199
89,90
89,92
89,93
89,95
89,96
89,98
89,99
89,100
89,101
89,102
89,103
89,104
89,107
89,108
89,109
89,111
89,112
89,113
89,114
89,115
89,117
89,118
89,122
89,123
89,124
89,125
89,127
89,128
89,132
89,133
89,134
89,135
89,136
89,137
89,138
89,139
89,140
89,142
89,143
89,144
89,145
89,146
89,148
89,149
89,153
89,155
89,156
89,157
89,158
89,159
89,160
89,162
89,163
89,164
89,166
89,169
89,170
89,176
89,179
89,180
89,181
89,182
89,183
89,184
89,185
89,190
89,191
89,193
89,197
89,198
90,91
90,92
90,93
90,94
90,95
90,96
90,97
90,98
90,99
90,100
90,101
90,102
90,103
90,104
90,105
90,106
90,108
90,109
90,110
90,111
90,112
90,113
90,114
90,115
90,116
90,117
90,118
90,119
90,124
90,125
90,126
90,127
90,129
90,131
90,133
90,136
90,140
90,142
90,145
90,146
90,148
90,149
90,151
90,152
90,156
90,158
90,159
90,160
90,161
90,162
90,163
90,166
90,172
90,173
90,174
90,176
90,178
90,179
90,180
90,181
90,188
90,189
90,195
91,92
91,93
91,95
91,96
91,97
91,98
91,100
91,102
91,105
91,106
91,107
91,110
91,113
91,114
91,119
91,124
91,125
91,126
91,127
91,129
91,131
91,133
91,136
91,140
91,142
91,145
91,146
91,148
91,149
91,151
91,152
91,156
91,158
91,159
91,160
91,161
91,162
91,163
91,166
91,172
91,173
91,174
91,176
91,178
91,179
91,180
91,181
91,188
91,189
91,195
92,93
92,94
92,95
92,96
92,97
92,98
92,99
92,100
92,102
92,104
92,105
92,107
92,108
92,109
92,110
92,111
92,112
92,113
92,114
92,116
92,117
92,118
92,119
92,120
92,121
92,122
92,123
92,124
92,125
92,126
92,127
92,128
92,129
92,131
92,132
92,133
92,134
92,135
92,136
92,137
92,139
92,140
92,142
92,145
92,146
92,148
92,149
92,151
92,152
92,156
92,158
92,159
92,160
92,161
92,162
92,163
92,166
92,172
92,173
92,174
92,176
92,178
92,179
92,180
92,181
92,188
92,189
92,195
93,94
93,96
93,97
93,98
93,99
93,100
93,102
93,103
93,104
93,105
93,106
93,107
93,108
93,109
93,111
93,112
93,114
93,115
93,116
93,117
93,118
93,119
93,120
93,121
93,123
93,124
93,126
93,130
93,131
93,132
93,135
93,137
93,139
93,140
93,141
93,145
93,148
93,150
93,153
93,155
93,156
93,157
93,162
93,163
93,165
93,168
93,170
93,171
93,174
93,176
93,177
93,178
93,179
93,181
93,182
93,183
93,188
93,190
93,192
93,195
93,197
93,199
94,95
94,96
94,97
94,98
94,99
94,100
94,101
94,102
94,103
94,104
94,105
94,106
94,107
94,110
94,111
94,112
94,114
94,115
94,116
94,117
94,118
94,119
94,120
94,121
94,122
94,124
94,125
95,96
95,97
95,98
95,99
95,100
95,101
95,102
95,104
95,105
95,106
95,107
95,108
95,109
95,110
95,111
96,97
96,98
96,99
96,100
96,102
96,104
96,105
96,106
96,107
96,108
96,109
96,110
96,111
96,113
96,114
96,117
96,118
96,119
96,121
96,123
96,124
96,125
96,126
96,127
96,128
96,129
96,131
96,133
96,134
96,136
96,137
96,139
96,140
96,141
96,142
96,145
96,146
96,148
96,149
96,150
96,151
96,152
96,155
96,156
96,157
96,158
96,159
96,160
96,161
96,162
96,163
96,166
96,172
96,173
96,174
96,176
96,178
96,179
96,180
96,181
96,188
96,189
96,195
97,98
97,99
97,100
97,102
97,103
97,104
97,105
97,106
97,107
97,108
97,109
97,110
97,113
97,114
97,116
97,117
97,118
97,119
97,120
97,122
97,123
97,124
97,125
97,126
97,127
97,128
97,129
97,130
97,131
97,132
97,133
97,136
97,137
97,138
97,139
97,140
97,141
97,142
97,143
97,144
97,145
97,146
97,147
97,148
97,149
97,151
97,152
97,153
97,154
97,155
97,156
97,157
97,158
97,159
97,160
97,161
97,162
97,163
97,165
97,166
97,167
97,168
97,169
97,170
97,172
97,173
97,174
97,176
97,177
97,178
97,179
97,180
97,181
97,187
97,188
97,189
97,193
97,194
97,195
97,196
98,101
98,103
98,104
98,106
98,109
98,110
98,112
98,113
98,114
98,115
98,117
98,118
98,120
98,121
98,122
99,101
99,103
99,104
100,101
100,102
100,103
100,104
100,105
100,108
100,109
100,110
100,112
100,113
100,114
100,115
100,116
100,117
100,118
100,119
100,120
100,121
100,122
100,123
100,124
100,125
100,126
100,127
100,128
100,129
100,131
100,133
100,136
100,138
100,139
100,140
100,142
100,145
100,146
100,148
100,149
100,151
100,152
100,153
100,154
100,156
100,158
100,159
100,160
100,161
100,162
100,163
100,164
100,165
100,166
100,168
100,169
100,170
100,172
100,173
100,174
100,176
100,177
100,178
100,179
100,180
100,181
100,188
100,189
100,195
101,102
101,103
101,104
101,106
101,107
101,108
101,109
101,112
101,113
101,114
101,115
101,116
101,117
101,118
101,119
101,120
101,121
101,122
101,123
101,124
101,125
101,130
101,132
101,135
102,103
102,104
102,105
102,106
102,107
102,108
102,109
102,110
102,112
102,113
102,114
102,116
102,117
102,118
102,119
102,121
102,122
102,123
102,124
102,125
102,126
102,127
102,129
102,131
102,133
102,135
102,136
102,137
102,138
102,139
102,140
102,142
102,143
102,144
102,145
102,146
102,147
102,148
102,149
102,150
102,151
102,152
102,153
102,154
102,155
102,156
102,157
102,158
102,159
102,160
102,161
102,162
102,163
102,165
102,166
102,168
102,169
102,171
102,172
102,173
102,174
102,176
102,178
102,179
102,180
102,181
102,188
102,189
102,192
102,194
102,195
102,197
102,199
103,104
103,107
103,108
103,109
103,110
103,112
103,113
103,114
103,119
103,120
103,121
103,122
103,124
103,126
103,127
103,128
104,106
104,107
104,108
104,109
104,110
104,111
104,112
104,113
104,114
104,115
104,116
104,117
104,119
104,123
104,124
104,125
104,126
104,127
104,128
104,131
104,132
105,110
105,111
105,112
105,113
105,114
105,115
105,116
105,117
105,118
105,119
105,120
105,121
105,123
105,124
105,125
105,126
105,127
105,129
105,131
105,133
105,136
105,140
105,142
105,145
105,146
105,148
105,149
105,151
105,152
105,156
105,158
105,159
105,160
105,161
105,162
105,163
105,166
105,172
105,173
105,174
105,176
105,178
105,179
105,180
105,181
105,188
105,189
105,195
106,107
106,108
106,110
106,112
106,114
106,115
106,116
106,117
106,118
106,119
106,121
106,123
106,124
106,125
106,126
106,127
106,128
106,131
106,132
106,133
106,134
106,136
106,137
106,138
106,141
106,144
106,147
106,154
106,160
106,164
106,166
106,168
106,169
106,182
106,183
106,185
106,193
106,194
107,109
107,110
107,111
107,113
107,116
107,117
107,118
107,119
107,121
107,123
107,124
107,125
107,126
107,128
107,130
107,131
107,132
107,133
107,134
107,135
107,136
107,137
107,138
107,139
107,141
107,147
107,150
107,152
107,153
107,154
107,155
107,157
107,160
107,164
107,165
107,166
107,167
107,168
107,170
107,173
107,174
107,177
107,178
107,179
107,181
107,182
107,183
107,185
107,188
107,190
107,191
107,192
107,193
107,197
107,198
107,199
108,109
108,110
108,111
108,112
108,113
108,114
108,115
108,117
108,119
108,120
108,121
108,123
108,124
108,125
108,130
108,131
108,132
108,133
108,134
108,135
108,136
108,137
108,138
108,139
108,143
108,147
108,148
108,149
108,150
108,155
108,157
108,159
108,160
108,162
108,163
108,164
108,165
108,166
108,168
108,170
108,171
108,173
108,174
108,179
108,180
108,182
108,183
108,184
108,185
108,187
108,188
108,190
108,192
108,193
108,194
108,195
108,197
108,198
108,199
109,110
109,111
109,112
109,113
109,114
109,115
109,116
109,117
109,118
109,119
109,120
109,121
109,122
109,123
109,124
109,125
109,127
109,128
109,129
109,130
109,131
109,133
109,134
109,135
109,136
109,137
109,138
109,139
109,141
109,142
109,143
109,144
109,147
109,148
109,149
109,150
109,155
109,156
109,157
109,158
109,159
109,160
109,161
109,162
109,163
109,164
109,165
109,168
109,171
109,174
109,175
109,177
109,178
109,179
109,181
109,182
109,187
109,188
109,190
109,191
109,192
109,193
109,194
109,195
109,196
109,197
109,198
109,199
110,111
110,112
110,113
110,114
110,116
110,119
110,120
110,121
110,122
110,123
110,124
110,125
110,126
110,127
110,128
110,129
110,131
110,132
110,133
110,134
110,136
110,137
110,138
110,139
110,140
110,141
110,142
110,143
110,145
110,146
110,147
110,148
110,149
110,151
110,152
110,154
110,155
110,156
110,157
110,158
110,159
110,160
110,161
110,162
110,163
110,166
110,172
110,173
110,174
110,176
110,178
110,179
110,180
110,181
110,188
110,189
110,195
111,112
111,113
111,115
111,116
111,117
111,120
111,121
111,122
111,123
111,124
111,125
111,127
111,128
111,129
111,131
111,133
111,134
111,135
111,137
111,138
111,139
111,141
111,142
111,143
111,144
111,145
111,148
111,149
111,150
111,153
111,155
111,156
111,157
111,161
111,163
111,164
111,166
111,170
111,171
111,173
111,174
111,175
111,177
111,178
111,187
111,190
111,191
111,192
111,193
111,194
111,195
111,196
112,113
112,114
112,115
112,117
112,119
112,120
113,114
113,115
113,116
113,117
113,118
113,119
113,120
113,121
113,122
113,123
113,124
113,125
113,126
113,127
113,129
113,131
113,133
113,136
113,140
113,142
113,145
113,146
113,148
113,149
113,151
113,152
113,156
113,158
113,159
113,160
113,161
113,162
113,163
113,166
113,172
113,173
113,174
113,176
113,178
113,179
113,180
113,181
113,188
113,189
113,195
114,115
114,116
114,117
114,118
114,119
114,120
114,121
114,122
114,123
114,124
114,125
114,126
114,127
114,128
114,129
114,130
114,131
114,133
114,135
114,136
114,140
114,142
114,145
114,146
114,148
114,149
114,151
114,152
114,156
114,158
114,159
114,160
114,161
114,162
114,163
114,166
114,172
114,173
114,174
114,176
114,178
114,179
114,180
114,181
114,188
114,189
114,195
115,116
116,117
116,118
116,120
116,121
116,124
118,120
118,121
118,122
118,125
118,126
118,130
118,131
118,133
119,123
119,124
119,125
119,126
119,127
119,128
119,129
119,131
119,132
119,133
119,134
119,135
119,136
119,137
119,138
119,139
119,140
119,141
119,142
119,145
119,146
119,147
119,148
119,149
119,151
119,152
119,154
119,155
119,156
119,158
119,159
119,160
119,161
119,162
119,163
119,164
119,166
119,167
119,172
119,173
119,174
119,176
119,178
119,179
119,180
119,181
119,188
119,189
119,195
120,121
120,123
121,123
121,124
121,126
121,127
121,129
121,130
121,132
121,133
121,135
121,137
121,138
121,139
121,141
121,143
121,147
121,148
121,150
121,152
121,153
121,154
121,155
121,157
121,160
121,162
121,164
121,169
121,175
121,181
121,182
121,193
121,197
122,123
122,124
122,125
122,126
122,128
123,124
123,125
123,126
123,127
123,128
123,129
123,131
123,135
123,139
123,142
123,143
123,144
123,147
123,148
123,149
123,151
123,152
123,153
123,154
123,155
123,157
123,160
123,163
123,164
123,165
123,170
123,173
123,182
123,183
123,187
123,188
123,193
123,195
123,196
123,197
124,125
124,126
124,127
124,128
124,129
124,131
124,132
124,133
124,135
124,136
124,137
124,138
124,140
124,142
124,144
124,145
124,146
124,147
124,148
124,149
124,150
124,151
124,152
124,154
124,155
124,156
124,158
124,159
124,160
124,161
124,162
124,163
124,164
124,165
124,166
124,167
124,169
124,172
124,173
124,174
124,176
124,178
124,179
124,180
124,181
124,188
124,189
124,195
125,126
125,127
125,129
125,130
125,131
125,132
125,133
125,134
125,135
125,136
125,138
125,139
125,140
125,141
125,142
125,143
125,145
125,146
125,148
125,149
125,151
125,152
125,155
125,156
125,157
125,158
125,159
125,160
125,161
125,162
125,163
125,166
125,168
125,169
125,171
125,172
125,173
125,174
125,176
125,178
125,179
125,180
125,181
125,188
125,189
125,195
126,127
126,128
126,129
126,130
126,131
126,132
126,133
126,134
126,135
126,136
126,137
126,139
126,140
126,142
126,143
126,144
126,145
126,146
126,147
126,148
126,149
126,151
126,152
126,153
126,154
126,155
126,156
126,158
126,159
126,160
126,161
126,162
126,163
126,164
126,165
126,166
126,168
126,170
126,171
126,172
126,173
126,174
126,176
126,178
126,179
126,180
126,181
126,188
126,189
126,192
126,193
126,195
126,196
126,198
127,128
127,129
127,130
127,131
127,132
127,133
127,135
127,136
127,137
127,138
127,139
127,140
127,141
127,142
127,145
127,146
127,148
127,149
127,150
127,151
127,152
127,153
127,154
127,155
127,156
127,157
127,158
127,159
127,160
127,161
127,162
127,163
127,164
127,165
127,166
127,167
127,168
127,169
127,170
127,171
127,172
127,173
127,174
127,176
127,178
127,179
127,180
127,181
127,185
127,187
127,188
127,189
127,190
127,193
127,195
127,196
127,197
127,198
128,129
128,130
128,132
128,133
128,134
128,135
128,137
128,138
128,140
128,141
128,142
128,143
128,144
128,146
128,147
128,150
128,151
128,152
128,153
128,154
128,156
128,157
128,158
128,162
128,164
128,165
128,167
128,169
128,170
128,171
128,172
128,173
128,175
128,176
128,177
128,180
128,182
128,183
128,187
128,190
128,192
128,193
129,130
129,131
129,132
129,133
129,136
129,137
129,140
129,142
129,143
129,144
129,145
129,146
129,147
129,148
129,149
129,151
129,152
129,156
129,157
129,158
129,159
129,160
129,161
129,162
129,163
129,166
129,172
129,173
129,174
129,176
129,178
129,179
129,180
129,181
129,188
129,189
129,195
130,131
130,132
130,133
130,134
130,137
130,138
130,139
130,140
130,141
130,142
130,143
130,144
130,146
130,147
130,149
130,150
130,151
130,152
130,155
131,132
131,133
131,134
131,135
131,136
131,137
131,139
131,140
131,142
131,143
131,144
131,145
131,146
131,148
131,149
131,150
131,151
131,152
131,153
131,154
131,155
131,156
131,157
131,158
131,159
131,160
131,161
131,162
131,163
131,166
131,167
131,168
131,169
131,170
131,172
131,173
131,174
131,176
131,177
131,178
131,179
131,180
131,181
131,184
131,186
131,187
131,188
131,189
131,192
131,193
131,195
131,198
131,199
132,133
132,134
132,135
132,136
132,137
132,139
132,140
132,141
132,142
132,145
132,149
132,150
132,152
132,156
132,157
132,159
132,160
132,162
132,167
132,169
132,170
132,171
132,173
132,182
132,183
132,184
132,186
132,187
133,136
133,140
133,142
133,145
133,146
133,148
133,149
133,151
133,152
133,156
133,158
133,159
133,160
133,161
133,162
133,163
133,166
133,172
133,173
133,174
133,176
133,178
133,179
133,180
133,181
133,188
133,189
133,195
134,136
134,141
134,143
134,145
134,146
134,147
134,148
134,149
134,151
134,153
134,154
134,156
134,157
134,160
134,161
134,162
134,165
134,167
134,168
134,169
134,170
134,171
134,172
134,173
134,174
134,176
134,177
134,180
134,181
134,182
134,183
134,184
134,186
134,188
134,191
134,192
134,196
134,199
135,136
135,137
135,138
135,139
135,142
135,144
135,145
135,146
135,147
135,148
135,149
135,150
135,151
135,152
135,153
135,154
135,155
135,156
135,157
136,137
136,140
136,142
136,143
136,145
136,146
136,147
136,148
136,149
136,151
136,152
136,156
136,157
136,158
136,159
136,160
136,161
136,162
136,163
136,164
136,165
136,166
136,167
136,168
136,170
136,171
136,172
136,173
136,174
136,175
136,176
136,177
136,178
136,179
136,180
136,181
136,183
136,184
136,185
136,186
136,188
136,189
136,190
136,191
136,192
136,195
136,196
136,199
137,138
137,140
137,142
137,143
137,144
138,139
138,140
138,141
138,142
138,143
138,144
138,145
138,148
138,150
138,151
138,152
138,153
138,154
139,140
139,141
139,142
140,142
140,145
140,146
140,147
140,148
140,149
140,151
140,152
140,154
140,155
140,156
140,157
140,158
140,159
140,160
140,161
140,162
140,163
140,166
140,169
140,172
140,173
140,174
140,176
140,177
140,178
140,179
140,180
140,181
140,182
140,183
140,184
140,185
140,186
140,188
140,189
140,192
140,195
140,198
141,142
141,143
141,144
141,145
141,146
141,147
141,148
141,150
141,151
141,152
141,153
141,154
141,155
141,156
141,157
141,164
141,165
141,166
141,167
141,170
141,174
141,176
141,180
141,182
141,183
141,184
141,185
141,186
141,187
141,188
141,190
141,192
141,195
141,196
141,198
142,143
142,144
142,145
142,146
142,148
142,149
142,151
142,152
142,153
142,154
142,155
142,156
142,157
142,158
142,159
142,160
142,161
142,162
142,163
142,165
142,166
142,167
142,168
142,169
142,170
142,172
142,173
142,174
142,176
142,178
142,179
142,180
142,181
142,188
142,189
142,195
143,144
143,146
143,147
143,149
143,152
143,153
143,156
143,157
143,158
143,159
143,163
143,164
143,165
143,166
143,167
143,168
143,169
143,170
143,171
143,172
143,173
143,176
143,177
143,178
143,179
143,180
143,182
143,183
143,187
143,188
143,190
143,191
143,192
143,197
143,199
144,146
144,147
144,148
144,149
144,150
144,151
144,155
144,156
144,157
144,158
144,159
144,161
144,163
144,164
144,166
144,167
144,168
144,169
144,170
144,171
144,172
144,173
144,175
144,179
144,181
144,182
144,183
144,184
144,185
144,187
144,188
144,190
144,191
144,192
144,193
144,195
144,196
144,197
144,198
144,199
145,146
145,147
145,148
145,149
145,150
145,151
145,152
145,153
145,154
145,155
145,156
145,157
145,158
145,159
145,160
145,161
145,162
145,163
145,166
145,168
145,169
145,170
145,171
145,172
145,173
145,174
145,176
145,177
145,178
145,179
145,180
145,181
145,188
145,189
145,195
146,147
146,148
146,149
146,151
146,152
146,153
146,154
146,155
146,156
146,157
146,158
146,159
146,160
146,161
146,162
146,163
146,165
146,166
146,168
146,170
146,171
146,172
146,173
146,174
146,176
146,178
146,179
146,180
146,181
146,184
146,185
146,187
146,188
146,189
146,195
147,148
147,151
147,152
147,153
147,155
147,156
147,157
147,158
147,159
147,160
147,161
147,162
147,163
147,164
147,165
147,167
147,168
147,170
147,171
147,172
147,173
147,175
147,179
147,182
147,183
147,186
147,188
147,192
147,193
147,194
147,195
147,196
147,197
147,199
148,149
148,150
148,151
148,152
148,153
148,154
148,155
148,156
148,157
148,158
148,159
148,160
148,161
148,162
148,163
148,164
148,165
148,166
148,167
148,168
148,169
148,171
148,172
148,173
148,174
148,176
148,177
148,178
148,179
148,180
148,181
148,182
148,183
148,184
148,185
148,186
148,187
148,188
148,189
148,191
148,192
148,193
148,194
148,195
148,198
149,151
149,152
149,153
149,154
149,156
149,157
149,158
149,159
149,160
149,161
149,162
149,163
149,164
149,165
149,166
149,167
149,169
149,170
149,172
149,173
149,174
149,176
149,177
149,178
149,179
149,180
149,181
149,182
149,183
149,184
149,185
149,187
149,188
149,189
149,191
149,192
149,193
149,194
149,195
149,198
149,199
151,152
151,154
151,155
151,156
151,157
151,158
151,159
151,160
151,161
151,162
151,163
151,166
151,172
151,173
151,174
151,176
151,178
151,179
151,180
151,181
151,188
151,189
151,195
152,153
152,154
152,155
152,156
152,157
152,158
152,159
152,160
152,161
152,162
152,163
152,165
152,166
152,167
152,172
152,173
152,174
152,176
152,178
152,179
152,180
152,181
152,188
152,189
152,195
153,154
153,156
154,156
154,159
154,161
154,164
154,165
154,168
154,176
154,177
154,182
154,183
154,184
154,185
154,187
154,191
154,192
154,196
154,199
155,156
155,157
155,158
155,159
155,161
155,162
155,163
155,165
155,166
155,167
155,168
155,173
155,174
155,177
155,179
155,182
155,183
155,184
155,185
155,186
155,187
155,191
156,158
156,159
156,160
156,161
156,162
156,163
156,164
156,165
156,166
156,167
156,168
156,170
156,172
156,173
156,174
156,176
156,177
156,178
156,179
156,180
156,181
156,182
156,183
156,184
156,185
156,187
156,188
156,189
156,191
156,192
156,195
156,196
156,198
156,199
157,159
157,160
157,161
157,163
157,165
157,167
157,168
157,170
157,171
157,172
157,177
157,179
157,182
157,184
157,186
157,191
157,192
157,193
157,195
157,196
157,199
158,159
158,160
158,161
158,162
158,163
158,165
158,166
158,168
158,169
158,170
158,171
158,172
158,173
158,174
158,175
158,176
158,177
158,178
158,179
158,180
158,181
158,187
158,188
158,189
158,190
158,191
158,192
158,193
158,195
158,196
158,197
158,199
159,160
159,161
159,162
159,163
159,165
159,166
159,167
159,168
159,170
159,171
159,172
159,173
159,174
159,175
159,176
159,177
159,178
159,179
159,180
159,181
159,183
159,184
159,185
159,186
159,187
159,188
159,189
159,191
159,193
159,194
159,195
159,196
159,197
159,198
159,199
160,161
160,162
160,163
160,165
160,166
160,167
160,172
160,173
160,174
160,176
160,178
160,179
160,180
160,181
160,188
160,189
160,195
161,162
161,163
161,164
161,165
161,166
161,168
161,169
161,170
161,172
161,173
161,174
161,175
161,176
161,177
161,178
161,179
161,180
161,181
161,182
161,185
161,186
161,188
161,189
161,190
161,191
161,192
161,193
161,194
161,195
161,196
161,197
161,198
162,163
162,166
162,169
162,170
162,171
162,172
162,173
162,174
162,175
162,176
162,177
162,178
162,179
162,180
162,181
162,182
162,184
162,185
162,186
162,187
162,188
162,189
162,190
162,192
162,193
162,195
162,196
162,197
162,198
163,166
163,167
163,168
163,169
163,170
163,171
163,172
163,173
163,174
163,175
163,176
163,177
163,178
163,179
163,180
163,181
163,182
163,185
163,186
163,187
163,188
163,189
163,190
163,193
163,194
163,195
163,197
163,198
163,199
164,165
164,167
164,168
164,169
164,170
164,171
164,173
164,176
164,177
164,178
164,182
164,183
164,185
164,187
164,190
164,191
164,192
164,193
164,194
164,196
164,198
165,167
165,168
165,169
165,170
165,171
165,177
165,178
165,179
166,167
166,168
166,169
166,170
166,171
166,172
166,173
166,174
166,175
166,176
166,177
166,178
166,179
166,180
166,181
166,188
166,189
166,195
167,168
167,169
167,170
167,171
167,174
167,175
167,176
167,177
167,178
167,179
167,180
167,181
167,183
167,184
167,186
167,187
167,192
167,195
167,196
167,197
167,199
168,169
168,170
168,171
168,172
168,173
168,174
168,175
168,176
168,177
168,178
168,179
168,180
168,181
168,182
168,183
168,187
168,189
168,190
168,192
168,193
168,195
168,196
168,198
170,171
170,172
170,174
170,176
170,177
170,178
170,179
170,180
170,181
170,183
170,184
170,185
170,186
171,172
171,173
171,174
171,175
171,176
171,177
171,178
171,179
171,181
171,182
171,183
171,184
171,185
171,186
171,187
171,189
171,191
171,192
171,197
171,199
172,173
172,174
172,175
172,176
172,178
172,179
172,180
172,181
172,185
172,186
172,188
172,189
172,191
172,193
172,194
172,195
172,199
173,174
173,175
173,176
173,178
173,179
173,180
173,181
173,183
173,184
173,185
173,186
173,187
173,188
173,189
173,190
173,191
173,192
173,193
173,195
173,196
173,197
173,199
174,175
174,176
174,178
174,179
174,180
174,181
174,183
174,184
174,185
174,186
174,187
174,188
174,189
174,191
174,192
174,193
174,194
174,195
174,197
174,199
175,176
175,177
175,178
175,179
175,180
175,181
175,183
175,184
175,185
175,187
175,189
175,191
175,192
176,177
176,178
176,179
176,180
176,181
176,185
176,186
176,188
176,189
176,190
176,193
176,195
176,196
176,197
176,199
177,180
177,183
177,184
177,185
177,187
177,188
178,179
178,180
178,181
178,182
178,184
178,185
178,186
178,187
178,188
178,189
178,190
178,191
178,192
178,193
178,195
179,180
179,181
179,182
179,185
179,187
179,188
179,189
179,190
179,191
179,192
179,193
179,194
179,195
179,196
179,198
179,199
180,181
180,183
180,185
180,186
180,187
180,188
180,189
180,190
180,192
180,193
180,194
180,195
180,196
180,198
180,199
181,184
181,185
181,186
181,187
181,188
181,189
181,190
181,191
181,193
181,194
181,195
181,196
181,197
181,198
181,199
182,184
182,185
182,186
182,188
182,190
182,191
182,192
182,193
182,194
182,196
182,198
182,199
183,184
183,186
183,187
183,188
183,189
183,190
183,191
183,192
183,194
183,195
183,196
183,197
183,198
183,199
184,186
184,187
184,188
184,189
184,190
184,191
184,192
184,193
184,197
184,198
184,199
185,186
185,187
185,188
185,189
185,190
185,191
185,193
185,194
185,195
185,197
185,198
186,187
186,189
186,190
186,192
186,193
186,196
186,197
186,198
186,199
187,189
187,190
187,191
187,192
187,193
187,194
187,196
187,197
188,189
188,190
188,191
188,192
188,193
188,194
188,195
188,196
188,197
188,198
189,190
189,191
189,193
189,194
189,195
189,196
189,197
189,198
189,199
190,191
190,192
190,193
190,194
190,197
190,198
190,199
191,192
191,194
191,196
191,197
191,198
192,193
192,194
192,195
192,196
192,197
192,199
193,194
193,195
193,196
193,197
193,198
195,197
195,198
195,199
196,199
197,198
197,199
198,199
