0,1
0,2
0,3
0,4
0,5
0,6
0,7
0,8
0,9
0,10
0,11
0,12
0,13
0,14
0,15
0,16
0,17
0,18
0,19
0,20
0,21
0,22
0,23
0,24
0,25
0,26
0,27
0,28
0,29
0,30
0,31
0,32
0,33
0,34
0,35
0,36
0,37
0,38
0,39
0,40
0,41
0,42
0,43
0,44
0,45
0,46
1,2
1,3
1,4
1,5
1,6
1,7
1,8
1,9
1,10
1,11
1,12
1,13
1,14
1,15
1,16
1,17
1,18
1,19
1,20
1,21
1,22
1,23
1,24
1,25
1,26
1,27
1,28
1,29
1,30
1,31
1,32
1,33
1,34
1,35
1,36
1,37
1,38
1,39
1,40
1,41
1,42
1,43
1,44
1,45
1,46
1,49
1,51
1,55
1,62
1,63
1,67
1,70
1,73
1,74
1,75
1,88
1,90
1,92
1,97
1,104
1,111
1,114
1,117
1,121
1,129
1,139
1,141
1,145
1,147
1,148
1,153
1,158
1,162
1,163
1,165
1,169
1,172
1,179
1,188
1,192
1,193
1,194
2,3
2,4
2,5
2,6
2,7
2,8
2,9
2,10
2,11
2,12
2,13
2,14
2,15
2,16
2,17
2,18
2,19
2,20
2,21
2,22
2,23
2,24
2,25
2,26
2,27
2,28
2,29
2,30
2,31
2,32
2,33
2,34
2,35
2,36
2,37
2,38
2,39
2,40
2,41
2,42
2,43
2,44
2,45
2,46
3,4
3,5
3,6
3,7
3,8
3,9
3,10
3,11
3,12
3,13
3,14
3,15
3,16
3,17
3,18
3,19
3,20
3,21
3,22
3,23
3,24
3,25
3,26
3,27
3,28
3,29
3,30
3,31
3,32
3,33
3,34
3,35
3,36
3,37
3,38
3,39
3,40
3,41
3,42
3,43
3,44
3,45
3,46
4,5
4,6
4,7
4,8
4,9
4,10
4,11
4,12
4,13
4,14
4,15
4,16
4,17
4,18
4,19
4,20
4,21
4,22
4,23
4,24
4,25
4,26
4,27
4,28
4,29
4,30
4,31
4,32
4,33
4,34
4,35
4,36
4,37
4,38
4,39
4,40
4,41
4,42
4,43
4,44
4,45
4,46
5,6
5,7
5,8
5,9
5,10
5,11
5,12
5,13
5,14
5,15
5,16
5,17
5,18
5,19
5,20
5,21
5,22
5,23
5,24
5,25
5,26
5,27
5,28
5,29
5,30
5,31
5,32
5,33
5,34
5,35
5,36
5,37
5,38
5,39
5,40
5,41
5,42
5,43
5,44
5,45
5,46
6,7
6,8
6,9
6,10
6,11
6,12
6,13
6,14
6,15
6,16
6,17
6,18
6,19
6,20
6,21
6,22
6,23
6,24
6,25
6,26
6,27
6,28
6,29
6,30
6,31
6,32
6,33
6,34
6,35
6,36
6,37
6,38
6,39
6,40
6,41
6,42
6,43
6,44
6,45
6,46
6,49
6,51
6,55
6,62
6,63
6,67
6,70
6,73
6,74
6,75
6,88
6,90
6,92
6,97
6,104
6,111
6,114
6,117
6,121
6,129
6,139
6,141
6,145
6,147
6,148
6,153
6,158
6,162
6,163
6,165
6,169
6,172
6,179
6,188
6,192
6,193
6,194
7,8
7,9
7,10
7,11
7,12
7,13
7,14
7,15
7,16
7,17
7,18
7,19
7,20
7,21
7,22
7,23
7,24
7,25
7,26
7,27
7,28
7,29
7,30
7,31
7,32
7,33
7,34
7,35
7,36
7,37
7,38
7,39
7,40
7,41
7,42
7,43
7,44
7,45
7,46
8,9
8,10
8,11
8,12
8,13
8,14
8,15
8,16
8,17
8,18
8,19
8,20
8,21
8,22
8,23
8,24
8,25
8,26
8,27
8,28
8,29
8,30
8,31
8,32
8,33
8,34
8,35
8,36
8,37
8,38
8,39
8,40
8,41
8,42
8,43
8,44
8,45
8,46
9,10
9,11
9,12
9,13
9,14
9,15
9,16
9,17
9,18
9,19
9,20
9,21
9,22
9,23
9,24
9,25
9,26
9,27
9,28
9,29
9,30
9,31
9,32
9,33
9,34
9,35
9,36
9,37
9,38
9,39
9,40
9,41
9,42
9,43
9,44
9,45
9,46
9,49
9,51
9,55
9,62
9,63
9,67
9,70
9,73
9,74
9,75
9,88
9,90
9,92
9,97
9,104
9,111
9,114
9,117
9,121
9,129
9,139
9,141
9,145
9,147
9,148
9,153
9,158
9,162
9,163
9,165
9,169
9,172
9,179
9,188
9,192
9,193
9,194
10,11
10,12
10,13
10,14
10,15
10,16
10,17
10,18
10,19
10,20
10,21
10,22
10,23
10,24
10,25
10,26
10,27
10,28
10,29
10,30
10,31
10,32
10,33
10,34
10,35
10,36
10,37
10,38
10,39
10,40
10,41
10,42
10,43
10,44
10,45
10,46
11,12
11,13
11,14
11,15
11,16
11,17
11,18
11,19
11,20
11,21
11,22
11,23
11,24
11,25
11,26
11,27
11,28
11,29
11,30
11,31
11,32
11,33
11,34
11,35
11,36
11,37
11,38
11,39
11,40
11,41
11,42
11,43
11,44
11,45
11,46
12,13
12,14
12,15
12,16
12,17
12,18
12,19
12,20
12,21
12,22
12,23
12,24
12,25
12,26
12,27
12,28
12,29
12,30
12,31
12,32
12,33
12,34
12,35
12,36
12,37
12,38
12,39
12,40
12,41
12,42
12,43
12,44
12,45
13,14
13,15
13,16
13,17
13,18
13,19
13,20
13,21
13,22
13,23
13,24
13,25
13,26
13,27
13,28
13,29
13,30
13,31
13,32
13,33
13,34
13,35
13,36
13,37
13,38
13,39
13,40
13,41
13,42
13,43
13,44
13,45
13,46
14,15
14,16
14,17
14,18
14,19
14,20
14,21
14,22
14,23
14,24
14,25
14,26
14,27
14,28
14,29
14,30
14,31
14,32
14,33
14,34
14,35
14,36
14,37
14,38
14,39
14,40
14,41
14,42
14,43
14,44
14,45
14,46
15,16
15,17
15,18
15,19
15,20
15,21
15,22
15,23
15,24
15,25
15,26
15,27
15,28
15,29
15,30
15,31
15,32
15,33
15,34
15,35
15,36
15,37
15,38
15,39
15,40
15,41
15,42
15,43
15,44
15,45
15,46
16,17
16,18
16,19
16,20
16,21
16,22
16,23
16,24
16,25
16,26
16,27
16,28
16,29
16,30
16,31
16,32
16,33
16,34
16,35
16,36
16,37
16,38
16,39
16,40
16,41
16,42
16,43
16,44
16,45
16,46
17,18
17,19
17,20
17,21
17,22
17,23
17,24
17,25
17,26
17,27
17,28
17,29
17,30
17,31
17,32
17,33
17,34
17,35
17,36
17,37
17,38
17,39
17,40
17,41
17,42
17,43
17,44
17,45
17,46
18,19
18,20
18,21
18,22
18,23
18,24
18,25
18,26
18,27
18,28
18,29
18,30
18,31
18,32
18,33
18,34
18,35
18,36
18,37
18,38
18,39
18,40
18,41
18,42
18,43
18,44
18,45
18,46
19,20
19,21
19,22
19,23
19,24
19,25
19,26
19,27
19,28
19,29
19,30
19,31
19,32
19,33
19,34
19,35
19,36
19,37
19,38
19,39
19,40
19,41
19,42
19,43
19,44
19,45
19,46
20,21
20,22
20,23
20,24
20,25
20,26
20,27
20,28
20,29
20,30
20,31
20,32
20,33
20,34
20,35
20,36
20,37
20,38
20,39
20,40
20,41
20,42
20,43
20,44
20,45
20,46
21,22
21,23
21,24
21,25
21,26
21,27
21,28
21,29
21,30
21,31
21,32
21,33
21,34
21,35
21,36
21,37
21,38
21,39
21,40
21,41
21,42
21,43
21,44
21,45
21,46
22,23
22,24
22,25
22,26
22,27
22,28
22,29
22,30
22,31
22,32
22,33
22,34
22,35
22,36
22,37
22,38
22,39
22,40
22,41
22,42
22,43
22,44
22,45
22,46
23,24
23,25
23,26
23,27
23,28
23,29
23,30
23,31
23,32
23,33
23,34
23,35
23,36
23,37
23,38
23,39
23,40
23,41
23,42
23,43
23,44
23,45
23,46
24,25
24,26
24,27
24,28
24,29
24,30
24,31
24,32
24,33
24,34
24,35
24,36
24,37
24,38
24,39
24,40
24,41
24,42
24,43
24,44
24,45
24,46
25,26
25,27
25,28
25,29
25,30
25,31
25,32
25,33
25,34
25,35
25,36
25,37
25,38
25,39
25,40
25,41
25,42
25,43
25,44
25,45
25,46
26,27
26,28
26,29
26,30
26,31
26,32
26,33
26,34
26,35
26,36
26,37
26,38
26,39
26,40
26,41
26,42
26,43
26,44
26,45
26,46
26,49
26,51
26,55
26,62
26,63
26,67
26,70
26,73
26,74
26,75
26,88
26,90
26,92
26,97
26,104
26,111
26,114
26,117
26,121
26,129
26,139
26,141
26,145
26,147
26,148
26,153
26,158
26,162
26,163
26,165
26,169
26,172
26,179
26,188
26,192
26,193
26,194
27,28
27,29
27,30
27,31
27,32
27,33
27,34
27,35
27,36
27,37
27,38
27,39
27,40
27,41
27,42
27,43
27,44
27,45
27,46
27,49
27,51
27,55
27,62
27,63
27,67
27,70
27,73
27,74
27,75
27,88
27,90
27,92
27,97
27,104
27,111
27,114
27,117
27,121
27,129
27,139
27,141
27,145
27,147
27,148
27,153
27,158
27,162
27,163
27,165
27,169
27,172
27,179
27,188
27,192
27,193
27,194
28,29
28,30
28,31
28,32
28,33
28,34
28,35
28,36
28,37
28,38
28,39
28,40
28,41
28,42
28,43
28,44
28,45
28,46
29,30
29,31
29,32
29,33
29,34
29,35
29,36
29,37
29,38
29,39
29,40
29,41
29,42
29,43
29,44
29,45
29,46
29,49
29,51
29,55
29,62
29,63
29,67
29,70
29,73
29,74
29,75
29,88
29,90
29,92
29,97
29,104
29,111
29,114
29,117
29,121
29,129
29,139
29,141
29,145
29,147
29,148
29,153
29,158
29,162
29,163
29,165
29,169
29,172
29,179
29,188
29,192
29,193
29,194
30,31
30,32
30,33
30,34
30,35
30,36
30,37
30,38
30,39
30,40
30,41
30,42
30,43
30,44
30,45
30,46
31,32
31,33
31,34
31,35
31,36
31,37
31,38
31,39
31,40
31,41
31,42
31,43
31,44
31,45
31,46
32,33
32,34
32,35
32,36
32,37
32,38
32,39
32,40
32,41
32,42
32,43
32,44
32,45
32,46
33,34
33,35
33,36
33,37
33,38
33,39
33,40
33,41
33,42
33,43
33,44
33,45
33,46
34,35
34,36
34,37
34,38
34,39
34,40
34,41
34,42
34,43
34,44
34,45
34,46
35,36
35,37
35,38
35,39
35,40
35,41
35,42
35,43
35,44
35,45
35,46
36,37
36,38
36,39
36,40
36,41
36,42
36,43
36,44
36,45
36,46
36,49
36,51
36,55
36,62
36,63
36,67
36,70
36,73
36,74
36,75
36,88
36,90
36,92
36,97
36,104
36,111
36,114
36,117
36,121
36,129
36,139
36,141
36,145
36,147
36,148
36,153
36,158
36,162
36,163
36,165
36,169
36,172
36,179
36,188
36,192
36,193
36,194
37,38
37,39
37,40
37,41
37,42
37,43
37,44
37,45
37,46
38,39
38,40
38,41
38,42
38,43
38,44
38,45
38,46
39,40
39,41
39,42
39,43
39,44
39,45
39,46
40,41
40,42
40,43
40,44
40,45
40,46
41,42
41,43
41,44
41,45
41,46
42,43
42,44
42,45
42,46
43,44
43,45
43,46
43,49
43,51
43,55
43,62
43,63
43,67
43,70
43,73
43,74
43,75
43,88
43,90
43,92
43,97
43,104
43,111
43,114
43,117
43,121
43,129
43,139
43,141
43,145
43,147
43,148
43,153
43,158
43,162
43,163
43,165
43,169
43,172
43,179
43,188
43,192
43,193
43,194
44,45
44,46
44,49
44,51
44,55
44,62
44,63
44,67
44,70
44,73
44,74
44,75
44,88
44,90
44,92
44,97
44,104
44,111
44,114
44,117
44,121
44,129
44,139
44,141
44,145
44,147
44,148
44,153
44,158
44,162
44,163
44,165
44,169
44,172
44,179
44,188
44,192
44,193
44,194
45,46
45,49
45,51
45,55
45,62
45,63
45,67
45,70
45,73
45,74
45,75
45,88
45,90
45,92
45,97
45,104
45,111
45,114
45,117
45,121
45,129
45,139
45,141
45,145
45,147
45,148
45,153
45,158
45,162
45,163
45,165
45,169
45,172
45,179
45,188
45,192
45,193
45,194
49,51
49,55
49,62
49,63
49,67
49,70
49,73
49,74
49,75
49,88
49,90
49,92
49,97
49,104
49,111
49,114
49,117
49,121
49,129
49,139
49,141
49,145
49,147
49,148
49,153
49,158
49,162
49,163
49,165
49,169
49,172
49,179
49,188
49,192
49,193
49,194
51,55
51,62
51,63
51,67
51,70
51,73
51,74
51,75
51,88
51,90
51,92
51,97
51,104
51,111
51,114
51,117
51,121
51,129
51,139
51,141
51,145
51,147
51,148
51,153
51,158
51,162
51,163
51,165
51,169
51,172
51,179
51,188
51,192
51,193
51,194
55,62
55,63
55,67
55,70
55,73
55,74
55,75
55,88
55,90
55,92
55,97
55,104
55,111
55,114
55,117
55,121
55,129
55,139
55,141
55,145
55,147
55,148
55,153
55,158
55,162
55,163
55,165
55,169
55,172
55,179
55,188
55,192
55,193
55,194
62,63
62,67
62,70
62,73
62,74
62,75
62,88
62,90
62,92
62,97
62,104
62,111
62,114
62,117
62,121
62,129
62,139
62,141
62,145
62,147
62,148
62,153
62,158
62,162
62,163
62,165
62,169
62,172
62,179
62,188
62,192
62,193
62,194
63,67
63,70
63,73
63,74
63,75
63,88
63,90
63,92
63,97
63,104
63,111
63,114
63,117
63,121
63,129
63,139
63,141
63,145
63,147
63,148
63,153
63,158
63,162
63,163
63,165
63,169
63,172
63,179
63,188
63,192
63,193
63,194
67,70
67,73
67,74
67,75
67,88
67,90
67,92
67,97
67,104
67,111
67,114
67,117
67,121
67,129
67,139
67,141
67,145
67,147
67,148
67,153
67,158
67,162
67,163
67,165
67,169
67,172
67,179
67,188
67,192
67,193
67,194
70,73
70,74
70,75
70,88
70,90
70,92
70,97
70,104
70,111
70,114
70,117
70,121
70,129
70,139
70,141
70,145
70,147
70,148
70,153
70,158
70,162
70,163
70,165
70,169
70,172
70,179
70,188
70,192
70,193
70,194
73,74
73,75
73,88
73,90
73,92
73,97
73,104
73,111
73,114
73,117
73,121
73,129
73,139
73,141
73,145
73,147
73,148
73,153
73,158
73,162
73,163
73,165
73,169
73,172
73,179
73,188
73,192
73,193
73,194
74,75
74,88
74,90
74,92
74,97
74,104
74,111
74,114
74,117
74,121
74,129
74,139
74,141
74,145
74,147
74,148
74,153
74,158
74,162
74,163
74,165
74,169
74,172
74,179
74,188
74,192
74,193
74,194
75,88
75,90
75,92
75,97
75,104
75,111
75,114
75,117
75,121
75,129
75,139
75,141
75,145
75,147
75,148
75,153
75,158
75,162
75,163
75,165
75,169
75,172
75,179
75,188
75,192
75,193
75,194
88,90
88,92
88,97
88,104
88,111
88,114
88,117
88,121
88,129
88,139
88,141
88,145
88,147
88,148
88,153
88,158
88,162
88,163
88,165
88,169
88,172
88,179
88,188
88,192
88,193
88,194
90,92
90,97
90,104
90,111
90,114
90,117
90,121
90,129
90,139
90,141
90,145
90,147
90,148
90,153
90,158
90,162
90,163
90,165
90,169
90,172
90,179
90,188
90,192
90,193
90,194
92,97
92,104
92,111
92,114
92,117
92,121
92,129
92,139
92,141
92,145
92,147
92,148
92,153
92,158
92,162
92,163
92,165
92,169
92,172
92,179
92,188
92,192
92,193
92,194
96,111
96,112
96,113
96,114
96,115
96,121
96,125
96,126
97,98
97,99
97,100
97,103
97,104
97,105
97,107
97,109
97,110
97,111
97,113
97,114
97,115
97,117
97,118
97,119
97,121
97,122
97,124
97,125
97,126
97,129
97,133
97,139
97,141
97,145
97,147
97,148
97,153
97,158
97,162
97,163
97,165
97,169
97,172
97,179
97,188
97,192
97,193
97,194
98,99
98,100
98,102
98,104
99,100
99,101
99,102
99,103
99,104
99,105
99,106
99,107
99,110
99,111
99,112
99,115
99,119
99,121
99,122
99,123
99,125
99,126
99,130
99,131
99,133
99,135
99,137
100,101
100,102
100,103
100,104
100,105
100,106
100,107
100,109
100,111
100,112
100,114
100,119
100,121
100,122
100,125
100,126
100,127
100,131
100,133
100,135
100,136
100,137
102,103
102,105
102,106
102,107
102,108
102,109
102,111
102,112
102,118
102,119
102,121
102,122
102,123
102,124
102,130
102,133
102,138
102,140
102,144
102,147
103,104
103,105
103,106
103,108
103,109
103,111
103,112
103,114
103,115
103,118
103,119
103,120
103,122
103,123
103,125
103,127
103,133
103,134
103,135
103,137
103,140
103,142
103,144
103,147
103,151
103,152
103,153
103,159
103,166
104,105
104,106
104,108
104,110
104,111
104,112
104,114
104,117
104,118
104,119
104,120
104,121
104,122
104,123
104,124
104,125
104,126
104,127
104,129
104,139
104,141
104,145
104,147
104,148
104,153
104,158
104,162
104,163
104,165
104,169
104,172
104,179
104,188
104,192
104,193
104,194
106,107
106,109
106,111
106,112
106,115
106,118
106,120
106,123
106,124
106,126
106,133
106,137
106,138
106,139
106,140
106,142
106,145
107,108
107,109
107,110
107,111
107,112
107,113
107,115
107,118
107,120
107,121
107,122
107,124
107,125
107,127
107,128
107,130
107,131
107,134
107,135
107,136
107,137
107,138
107,139
107,142
107,145
108,109
108,110
108,111
108,112
108,115
108,119
108,120
108,121
108,122
108,123
108,125
108,127
108,130
108,131
108,133
108,135
108,136
108,137
108,139
108,140
109,110
109,111
109,112
109,113
109,115
109,116
111,112
111,113
111,114
111,115
111,116
111,117
111,121
111,122
111,124
111,125
111,127
111,128
111,129
111,135
111,137
111,138
111,139
111,140
111,141
111,142
111,144
111,145
111,147
111,148
111,149
111,151
111,152
111,153
111,154
111,157
111,158
111,162
111,163
111,165
111,169
111,172
111,179
111,188
111,192
111,193
111,194
112,113
112,116
112,117
112,118
112,119
113,115
113,117
113,118
113,119
113,120
113,122
113,123
113,124
113,125
113,127
113,128
113,133
113,134
113,135
113,136
113,137
113,140
113,141
113,144
113,145
113,153
113,157
113,181
114,115
114,116
114,117
114,118
114,119
114,120
114,121
114,122
114,123
114,124
114,125
114,127
114,128
114,129
114,131
114,133
114,134
114,135
114,136
114,137
114,138
114,139
114,141
114,145
114,147
114,148
114,151
114,152
114,153
114,154
114,158
114,162
114,163
114,165
114,169
114,172
114,179
114,181
114,182
114,188
114,192
114,193
114,194
115,117
115,118
115,119
115,120
115,124
115,125
115,128
115,130
116,117
116,118
116,119
116,120
116,121
116,122
116,123
116,124
117,118
117,120
117,121
117,122
117,123
117,124
117,126
117,127
117,128
117,129
117,130
117,131
117,133
117,134
117,135
117,137
117,139
117,141
117,145
117,147
117,148
117,153
117,158
117,162
117,163
117,165
117,169
117,172
117,179
117,188
117,192
117,193
117,194
118,119
118,120
118,121
118,123
118,126
118,127
118,128
118,130
119,120
119,121
119,122
120,121
120,122
120,123
120,125
120,127
120,128
120,130
120,131
120,134
120,135
121,129
121,139
121,141
121,145
121,147
121,148
121,153
121,158
121,162
121,163
121,165
121,169
121,172
121,179
121,188
121,192
121,193
121,194
122,123
122,124
122,127
122,128
122,134
122,152
122,154
122,157
123,124
123,125
123,126
123,127
123,128
123,131
123,133
123,136
123,139
123,144
123,155
123,157
123,158
123,162
123,166
123,185
124,127
125,130
125,131
125,134
125,136
125,137
125,139
125,152
125,153
125,154
125,162
125,166
126,127
126,128
126,130
126,131
126,133
126,135
126,136
126,137
126,141
126,145
126,146
126,147
126,149
126,151
126,152
126,153
126,154
126,158
127,128
127,133
127,135
127,137
127,138
127,139
128,130
128,131
128,132
128,133
128,134
129,132
129,133
129,134
129,135
129,136
129,139
129,140
129,141
129,142
129,145
129,147
129,148
129,153
129,158
129,162
129,163
129,165
129,169
129,172
129,179
129,188
129,192
129,193
129,194
130,131
130,132
130,134
130,135
130,138
130,139
130,140
130,142
130,145
130,146
130,149
130,151
130,152
130,153
130,154
130,164
130,166
131,132
131,135
131,136
131,138
131,139
131,140
131,142
131,144
131,145
131,146
131,151
131,155
131,157
132,133
132,135
132,136
132,137
132,138
132,139
132,142
132,143
132,144
132,146
132,149
133,134
133,137
133,138
133,139
133,140
133,142
133,143
133,144
133,145
133,146
133,149
133,151
133,152
133,153
133,154
133,157
134,135
134,136
134,137
134,141
134,142
134,143
134,144
134,145
134,146
134,149
134,150
134,151
134,153
134,155
134,159
135,136
135,137
135,138
135,139
135,140
135,142
135,143
135,144
135,145
135,146
135,147
135,148
135,150
135,151
136,137
136,138
136,139
136,140
136,143
136,147
136,148
136,149
136,150
136,151
136,152
136,153
136,156
137,138
137,139
137,140
137,141
137,144
137,146
137,147
137,148
137,151
137,152
137,153
137,155
137,158
137,159
137,162
137,164
138,139
138,140
138,141
138,142
138,143
138,144
138,146
138,148
138,149
138,150
138,151
138,152
138,153
138,154
138,155
138,156
138,157
138,158
139,141
139,142
139,143
139,144
139,145
139,146
139,147
139,148
139,150
139,151
139,152
139,153
139,154
139,155
139,156
139,157
139,158
139,159
139,162
139,163
139,165
139,169
139,172
139,179
139,181
139,188
139,192
139,193
139,194
140,141
140,144
140,145
140,146
140,147
140,148
140,149
140,150
140,151
140,152
140,154
140,156
140,157
140,158
140,164
140,166
141,143
141,145
141,146
141,147
141,148
141,151
141,152
141,153
141,154
141,156
141,157
141,158
141,162
141,163
141,164
141,165
141,166
141,169
141,172
141,179
141,181
141,185
141,188
141,192
141,193
141,194
142,143
142,144
142,146
142,148
142,149
143,145
143,146
143,147
143,148
143,149
143,150
143,152
143,154
143,155
143,159
143,162
143,163
143,164
143,166
143,175
144,145
144,146
144,147
144,149
144,150
144,151
144,152
144,153
144,154
145,147
145,148
145,149
145,150
145,151
145,152
145,153
145,156
145,157
145,158
145,162
145,163
145,164
145,165
145,169
145,170
145,172
145,175
145,179
145,181
145,188
145,192
145,193
145,194
146,147
146,149
146,151
146,152
146,153
146,154
146,155
146,156
146,157
146,159
146,162
146,163
146,164
146,166
146,170
146,177
146,178
146,180
146,181
146,185
147,148
147,149
147,150
147,151
147,152
147,153
147,155
147,158
147,159
147,162
147,163
147,164
147,165
147,169
147,172
147,179
147,188
147,192
147,193
147,194
148,152
148,153
148,155
148,156
148,157
148,158
148,159
148,160
148,162
148,163
148,164
148,165
148,169
148,172
148,175
148,177
148,178
148,179
148,181
148,182
148,185
148,188
148,190
148,192
148,193
148,194
149,152
149,153
149,156
149,157
149,159
149,160
149,162
149,164
149,166
149,167
149,170
149,175
149,176
149,177
149,181
149,185
149,190
150,152
150,153
150,154
150,155
150,157
150,162
150,164
150,165
150,167
150,170
150,177
150,178
150,180
150,181
150,182
150,185
150,186
150,190
151,152
151,153
151,154
151,155
151,156
151,159
151,160
151,162
151,163
151,164
151,165
151,166
151,167
152,153
152,154
152,157
152,158
152,159
152,160
152,163
152,164
152,165
152,166
152,170
152,175
152,178
152,181
152,183
152,185
152,190
153,154
153,155
153,156
153,158
153,159
153,160
153,161
153,162
153,163
153,164
153,165
153,166
153,169
153,170
153,172
153,175
153,177
153,178
153,179
153,188
153,192
153,193
153,194
154,155
154,156
154,157
154,159
154,164
154,166
154,167
154,168
154,170
154,172
154,178
154,182
154,183
154,186
156,157
156,158
156,159
156,160
156,161
156,163
156,164
156,165
156,166
156,168
156,172
156,175
156,176
156,177
156,178
156,182
156,183
156,186
157,159
157,160
157,161
157,162
157,163
157,164
157,165
157,166
157,167
157,168
157,171
158,160
158,161
158,162
158,163
158,165
158,166
158,168
158,169
158,171
158,172
158,177
158,178
158,179
158,180
158,183
158,185
158,188
158,190
158,192
158,193
158,194
159,160
159,161
159,162
159,163
159,164
159,165
159,166
159,167
159,168
159,170
159,172
159,173
159,175
159,176
159,177
159,180
159,181
159,182
159,183
160,161
160,162
160,164
160,165
160,166
160,169
161,165
161,166
162,163
162,164
162,165
162,166
162,167
162,168
162,169
162,170
162,172
162,175
162,176
162,177
162,178
162,179
162,180
162,182
162,183
162,185
162,186
162,188
162,190
162,192
162,193
162,194
163,165
163,166
163,167
163,168
163,169
163,170
163,172
163,174
163,175
163,179
163,188
163,192
163,193
163,194
164,165
164,166
164,167
164,168
164,170
164,171
164,172
164,173
164,175
164,177
164,181
164,182
164,185
164,186
165,166
165,167
165,168
165,169
165,170
165,172
165,174
165,175
165,177
165,179
165,188
165,192
165,193
165,194
166,167
166,169
166,170
166,171
166,172
166,173
166,174
166,175
166,176
166,177
166,181
167,168
167,169
167,170
167,171
167,172
167,173
167,174
167,175
167,178
167,180
167,181
167,190
168,169
169,171
169,172
169,179
169,188
169,192
169,193
169,194
170,171
170,174
170,175
170,177
170,178
170,180
170,182
170,183
170,185
170,189
170,191
171,172
171,173
171,174
171,175
171,181
171,182
172,173
172,174
172,176
172,177
172,178
172,179
172,180
172,181
172,182
172,186
172,188
172,190
172,191
172,192
172,193
172,194
173,175
173,176
173,180
173,181
173,183
173,184
173,185
173,186
173,187
173,189
173,190
173,191
175,177
175,178
175,181
175,183
175,184
175,185
175,186
175,187
175,189
175,190
175,191
176,177
176,178
176,180
176,181
176,182
176,183
176,184
176,186
176,187
176,190
176,191
176,193
176,197
177,178
177,181
177,183
177,185
177,186
177,189
177,193
177,197
178,180
178,181
178,182
178,183
178,184
178,187
178,189
178,190
178,191
178,197
179,181
179,182
179,184
179,185
179,186
179,187
179,188
179,189
179,190
179,191
179,192
179,193
179,194
179,197
180,181
180,183
180,184
180,185
180,186
180,187
180,188
180,189
180,191
180,197
180,199
181,182
181,183
181,184
181,187
181,189
181,190
181,193
181,194
181,195
181,197
181,198
182,183
182,184
182,186
182,187
182,189
182,190
182,191
182,194
182,197
182,198
182,199
183,185
183,187
183,191
183,193
184,186
184,187
184,189
184,190
184,191
184,193
184,196
184,197
184,198
184,199
185,186
185,187
185,188
185,190
185,192
185,193
185,194
185,195
185,196
185,197
185,198
186,187
186,188
186,189
186,190
186,192
186,193
186,194
186,195
186,196
186,197
187,188
187,189
187,190
187,191
187,192
187,193
187,195
187,196
187,197
187,198
188,189
188,190
188,191
188,192
188,193
188,194
188,197
188,198
189,190
189,194
189,195
189,197
189,199
190,192
190,193
190,195
190,196
190,197
190,199
191,192
191,193
191,194
191,195
191,196
191,197
191,198
191,199
192,193
192,194
192,198
192,199
193,194
193,196
193,197
193,198
193,199
194,198
194,199
196,197
196,198
196,199
197,199
198,199
