0,1
0,2
0,3
0,4
0,5
0,6
0,7
0,8
0,9
0,10
0,11
0,12
0,13
0,14
0,15
0,16
0,17
0,18
0,19
0,20
0,21
0,22
0,23
0,24
0,25
0,26
0,27
0,28
0,29
0,30
0,31
0,32
0,33
0,34
0,35
0,36
0,37
0,38
0,39
0,40
0,41
0,42
0,43
0,44
0,45
0,46
0,47
0,48
0,49
0,50
0,51
0,52
0,53
1,2
1,3
1,4
1,5
1,6
1,7
1,8
1,9
1,10
1,11
1,12
1,13
1,14
1,15
1,16
1,17
1,18
1,19
1,20
1,21
1,22
1,23
1,24
1,25
1,26
1,27
1,28
1,29
1,30
1,31
1,32
1,33
1,34
1,35
1,36
1,37
1,38
1,39
1,40
1,41
1,42
1,43
1,44
1,45
1,46
1,47
1,48
1,49
1,50
1,51
1,52
1,53
2,3
2,4
2,5
2,6
2,7
2,8
2,9
2,10
2,11
2,12
2,13
2,14
2,15
2,16
2,17
2,18
2,19
2,20
2,21
2,22
2,23
2,24
2,25
2,26
2,27
2,28
2,29
2,30
2,31
2,32
2,33
2,34
2,35
2,36
2,37
2,38
2,39
2,40
2,41
2,42
2,43
2,44
2,45
2,46
2,47
2,48
2,49
2,50
2,51
2,52
2,53
3,4
3,5
3,6
3,7
3,8
3,9
3,10
3,11
3,12
3,13
3,14
3,15
3,16
3,17
3,18
3,19
3,20
3,21
3,22
3,23
3,24
3,25
3,26
3,27
3,28
3,29
3,30
3,31
3,32
3,33
3,34
3,35
3,36
3,37
3,38
3,39
3,40
3,41
3,42
3,43
3,44
3,45
3,46
3,47
3,48
3,49
3,50
3,51
3,52
3,53
4,5
4,6
4,7
4,8
4,9
4,10
4,11
4,12
4,13
4,14
4,15
4,16
4,17
4,18
4,19
4,20
4,21
4,22
4,23
4,24
4,25
4,26
4,27
4,28
4,29
4,30
4,31
4,32
4,33
4,34
4,35
4,36
4,37
4,38
4,39
4,40
4,41
4,42
4,43
4,44
4,45
4,46
4,47
4,48
4,49
4,50
4,51
4,52
4,53
5,6
5,7
5,8
5,9
5,10
5,11
5,12
5,13
5,14
5,15
5,16
5,17
5,18
5,19
5,20
5,21
5,22
5,23
5,24
5,25
5,26
5,27
5,28
5,29
5,30
5,31
5,32
5,33
5,34
5,35
5,36
5,37
5,38
5,39
5,40
5,41
5,42
5,43
5,44
5,45
5,46
5,47
5,48
5,49
5,50
5,51
5,52
5,53
5,55
5,57
5,59
5,66
5,67
5,68
5,72
5,73
5,76
5,83
5,94
5,97
5,98
5,99
5,103
5,110
5,111
5,118
5,121
5,123
5,127
5,130
5,131
5,137
5,138
5,140
5,143
5,145
5,156
5,157
5,158
5,161
5,163
5,167
5,170
5,172
5,182
5,186
5,187
5,197
5,199
6,7
6,8
6,9
6,10
6,11
6,12
6,13
6,14
6,15
6,16
6,17
6,18
6,19
6,20
6,21
6,22
6,23
6,24
6,25
6,26
6,27
6,28
6,29
6,30
6,31
6,32
6,33
6,34
6,35
6,36
6,37
6,38
6,39
6,40
6,41
6,42
6,43
6,44
6,45
6,46
6,47
6,48
6,49
6,50
6,51
6,52
6,53
7,8
7,9
7,10
7,11
7,12
7,13
7,14
7,15
7,16
7,17
7,18
7,19
7,20
7,21
7,22
7,23
7,24
7,25
7,26
7,27
7,28
7,29
7,30
7,31
7,32
7,33
7,34
7,35
7,36
7,37
7,38
7,39
7,40
7,41
7,42
7,43
7,44
7,45
7,46
7,47
7,48
7,49
7,50
7,51
7,52
7,53
8,9
8,10
8,11
8,12
8,13
8,14
8,15
8,16
8,17
8,18
8,19
8,20
8,21
8,22
8,23
8,24
8,25
8,26
8,27
8,28
8,29
8,30
8,31
8,32
8,33
8,34
8,35
8,36
8,37
8,38
8,39
8,40
8,41
8,42
8,43
8,44
8,45
8,46
8,47
8,48
8,49
8,50
8,51
8,52
8,53
9,10
9,11
9,12
9,13
9,14
9,15
9,16
9,17
9,18
9,19
9,20
9,21
9,22
9,23
9,24
9,25
9,26
9,27
9,28
9,29
9,30
9,31
9,32
9,33
9,34
9,35
9,36
9,37
9,38
9,39
9,40
9,41
9,42
9,43
9,44
9,45
9,46
9,47
9,48
9,49
9,50
9,51
9,52
9,53
9,55
9,57
9,59
9,66
9,67
9,68
9,72
9,73
9,76
9,83
9,94
9,97
9,98
9,99
9,103
9,110
9,111
9,118
9,121
9,123
9,127
9,130
9,131
9,137
9,138
9,140
9,143
9,145
9,156
9,157
9,158
9,161
9,163
9,167
9,170
9,172
9,182
9,186
9,187
9,197
9,199
10,11
10,12
10,13
10,14
10,15
10,16
10,17
10,18
10,19
10,20
10,21
10,22
10,23
10,24
10,25
10,26
10,27
10,28
10,29
10,30
10,31
10,32
10,33
10,34
10,35
10,36
10,37
10,38
10,39
10,40
10,41
10,42
10,43
10,44
10,45
10,46
10,47
10,48
10,49
10,50
10,51
10,52
10,53
11,12
11,13
11,14
11,15
11,16
11,17
11,18
11,19
11,20
11,21
11,22
11,23
11,24
11,25
11,26
11,27
11,28
11,29
11,30
11,31
11,32
11,33
11,34
11,35
11,36
11,37
11,38
11,39
11,40
11,41
11,42
11,43
11,44
11,45
11,46
11,47
11,48
11,49
11,50
11,51
11,52
11,53
12,13
12,14
12,15
12,16
12,17
12,18
12,19
12,20
12,21
12,22
12,23
12,24
12,25
12,26
12,27
12,28
12,29
12,30
12,31
12,32
12,33
12,34
12,35
12,36
12,37
12,38
12,39
12,40
12,41
12,42
12,43
12,44
12,45
12,46
12,47
12,48
12,49
12,50
12,51
12,52
12,53
13,14
13,15
13,16
13,17
13,18
13,19
13,20
13,21
13,22
13,23
13,24
13,25
13,26
13,27
13,28
13,29
13,30
13,31
13,32
13,33
13,34
13,35
13,36
13,37
13,38
13,39
13,40
13,41
13,42
13,43
13,44
13,45
13,46
13,47
13,48
13,49
13,50
13,51
13,52
13,53
13,55
13,57
13,59
13,66
13,67
13,68
13,72
13,73
13,76
13,83
13,94
13,97
13,98
13,99
13,103
13,110
13,111
13,118
13,121
13,123
13,127
13,130
13,131
13,137
13,138
13,140
13,143
13,145
13,156
13,157
13,158
13,161
13,163
13,167
13,170
13,172
13,182
13,186
13,187
13,197
13,199
14,15
14,16
14,17
14,18
14,19
14,20
14,21
14,22
14,23
14,24
14,25
14,26
14,27
14,28
14,29
14,30
14,31
14,32
14,33
14,34
14,35
14,36
14,37
14,38
14,39
14,40
14,41
14,42
14,43
14,44
14,45
14,46
14,47
14,48
14,49
14,50
14,51
14,52
14,53
15,16
15,17
15,18
15,19
15,20
15,21
15,22
15,23
15,24
15,25
15,26
15,27
15,28
15,29
15,30
15,31
15,32
15,33
15,34
15,35
15,36
15,37
15,38
15,39
15,40
15,41
15,42
15,43
15,44
15,45
15,46
15,47
15,48
15,49
15,50
15,51
15,52
15,53
15,55
15,57
15,59
15,66
15,67
15,68
15,72
15,73
15,76
15,83
15,94
15,97
15,98
15,99
15,103
15,110
15,111
15,118
15,121
15,123
15,127
15,130
15,131
15,137
15,138
15,140
15,143
15,145
15,156
15,157
15,158
15,161
15,163
15,167
15,170
15,172
15,182
15,186
15,187
15,197
15,199
16,17
16,18
16,19
16,20
16,21
16,22
16,23
16,24
16,25
16,26
16,27
16,28
16,29
16,30
16,31
16,32
16,33
16,34
16,35
16,36
16,37
16,38
16,39
16,40
16,41
16,42
16,43
16,44
16,45
16,46
16,47
16,48
16,49
16,50
16,51
16,52
16,53
16,55
16,57
16,59
16,66
16,67
16,68
16,72
16,73
16,76
16,83
16,94
16,97
16,98
16,99
16,103
16,110
16,111
16,118
16,121
16,123
16,127
16,130
16,131
16,137
16,138
16,140
16,143
16,145
16,156
16,157
16,158
16,161
16,163
16,167
16,170
16,172
16,182
16,186
16,187
16,197
16,199
17,18
17,19
17,20
17,21
17,22
17,23
17,24
17,25
17,26
17,27
17,28
17,29
17,30
17,31
17,32
17,33
17,34
17,35
17,36
17,37
17,38
17,39
17,40
17,41
17,42
17,43
17,44
17,45
17,46
17,47
17,48
17,49
17,50
17,51
17,52
17,53
17,55
17,57
17,59
17,66
17,67
17,68
17,72
17,73
17,76
17,83
17,94
17,97
17,98
17,99
17,103
17,110
17,111
17,118
17,121
17,123
17,127
17,130
17,131
17,137
17,138
17,140
17,143
17,145
17,156
17,157
17,158
17,161
17,163
17,167
17,170
17,172
17,182
17,186
17,187
17,197
17,199
18,19
18,20
18,21
18,22
18,23
18,24
18,25
18,26
18,27
18,28
18,29
18,30
18,31
18,32
18,33
18,34
18,35
18,36
18,37
18,38
18,39
18,40
18,41
18,42
18,43
18,44
18,45
18,46
18,47
18,48
18,49
18,50
18,51
18,52
18,53
19,20
19,21
19,22
19,23
19,24
19,25
19,26
19,27
19,28
19,29
19,30
19,31
19,32
19,33
19,34
19,35
19,36
19,37
19,38
19,39
19,40
19,41
19,42
19,43
19,44
19,45
19,46
19,47
19,48
19,49
19,50
19,51
19,52
19,53
19,55
19,57
19,59
19,66
19,67
19,68
19,72
19,73
19,76
19,83
19,94
19,97
19,98
19,99
19,103
19,110
19,111
19,118
19,121
19,123
19,127
19,130
19,131
19,137
19,138
19,140
19,143
19,145
19,156
19,157
19,158
19,161
19,163
19,167
19,170
19,172
19,182
19,186
19,187
19,197
19,199
20,21
20,22
20,23
20,24
20,25
20,26
20,27
20,28
20,29
20,30
20,31
20,32
20,33
20,34
20,35
20,36
20,37
20,38
20,39
20,40
20,41
20,42
20,43
20,44
20,45
20,46
20,47
20,48
20,49
20,50
20,51
20,52
20,53
21,22
21,23
21,24
21,25
21,26
21,27
21,28
21,29
21,30
21,31
21,32
21,33
21,34
21,35
21,36
21,37
21,38
21,39
21,40
21,41
21,42
21,43
21,44
21,45
21,46
21,47
21,48
21,49
21,50
21,51
21,52
21,53
22,23
22,24
22,25
22,26
22,27
22,28
22,29
22,30
22,31
22,32
22,33
22,34
22,35
22,36
22,37
22,38
22,39
22,40
22,41
22,42
22,43
22,44
22,45
22,46
22,47
22,48
22,49
22,50
22,51
22,52
22,53
23,24
23,25
23,26
23,27
23,28
23,29
23,30
23,31
23,32
23,33
23,34
23,35
23,36
23,37
23,38
23,39
23,40
23,41
23,42
23,43
23,44
23,45
23,46
23,47
23,48
23,49
23,50
23,51
23,52
23,53
23,55
23,57
23,59
23,66
23,67
23,68
23,72
23,73
23,76
23,83
23,94
23,97
23,98
23,99
23,103
23,110
23,111
23,118
23,121
23,123
23,127
23,130
23,131
23,137
23,138
23,140
23,143
23,145
23,156
23,157
23,158
23,161
23,163
23,167
23,170
23,172
23,182
23,186
23,187
23,197
23,199
24,25
24,26
24,27
24,28
24,29
24,30
24,31
24,32
24,33
24,34
24,35
24,36
24,37
24,38
24,39
24,40
24,41
24,42
24,43
24,44
24,45
24,46
24,47
24,48
24,49
24,50
24,51
24,52
24,53
24,80
24,89
24,91
24,93
24,99
24,100
24,101
24,102
24,103
24,104
24,105
24,106
24,107
24,114
24,115
24,117
24,120
24,122
25,26
25,27
25,28
25,29
25,30
25,31
25,32
25,33
25,34
25,35
25,36
25,37
25,38
25,39
25,40
25,41
25,42
25,43
25,44
25,45
25,46
25,47
25,48
25,49
25,50
25,51
25,52
25,53
26,27
26,28
26,29
26,30
26,31
26,32
26,33
26,34
26,35
26,36
26,37
26,38
26,39
26,40
26,41
26,42
26,43
26,44
26,45
26,46
26,47
26,48
26,49
26,50
26,51
26,52
26,53
26,55
26,57
26,59
26,66
26,67
26,68
26,72
26,73
26,76
26,83
26,94
26,97
26,98
26,99
26,103
26,110
26,111
26,118
26,121
26,123
26,127
26,130
26,131
26,137
26,138
26,140
26,143
26,145
26,156
26,157
26,158
26,161
26,163
26,167
26,170
26,172
26,182
26,186
26,187
26,197
26,199
27,28
27,29
27,30
27,31
27,32
27,33
27,34
27,35
27,36
27,37
27,38
27,39
27,40
27,41
27,42
27,43
27,44
27,45
27,46
27,47
27,48
27,49
27,50
27,51
27,52
27,53
28,29
28,30
28,31
28,32
28,33
28,34
28,35
28,36
28,37
28,38
28,39
28,40
28,41
28,42
28,43
28,44
28,45
28,46
28,47
28,48
28,49
28,50
28,51
28,52
28,53
28,75
28,85
28,89
28,90
28,91
28,92
28,93
28,101
28,103
28,105
28,106
28,107
28,108
28,114
28,115
28,116
28,127
28,129
28,160
29,30
29,31
29,32
29,33
29,34
29,35
29,36
29,37
29,38
29,39
29,40
29,41
29,42
29,43
29,44
29,45
29,46
29,47
29,48
29,49
29,50
29,51
29,52
29,53
29,55
29,57
29,59
29,66
29,67
29,68
29,72
29,73
29,76
29,83
29,94
29,97
29,98
29,99
29,103
29,110
29,111
29,118
29,121
29,123
29,127
29,130
29,131
29,137
29,138
29,140
29,143
29,145
29,156
29,157
29,158
29,161
29,163
29,167
29,170
29,172
29,182
29,186
29,187
29,197
29,199
30,31
30,32
30,33
30,34
30,35
30,36
30,37
30,38
30,39
30,40
30,41
30,42
30,43
30,44
30,45
30,46
30,47
30,48
30,49
30,50
30,51
30,52
30,53
31,32
31,33
31,34
31,35
31,36
31,37
31,38
31,39
31,40
31,41
31,42
31,43
31,44
31,45
31,46
31,47
31,48
31,49
31,50
31,51
31,52
31,53
32,33
32,34
32,35
32,36
32,37
32,38
32,39
32,40
32,41
32,42
32,43
32,44
32,45
32,46
32,47
32,48
32,49
32,50
32,51
32,52
33,34
33,35
33,36
33,37
33,38
33,39
33,40
33,41
33,42
33,43
33,44
33,45
33,46
33,47
33,48
33,49
33,50
33,51
33,52
33,53
34,35
34,36
34,37
34,38
34,39
34,40
34,41
34,42
34,43
34,44
34,45
34,46
34,47
34,48
34,49
34,50
34,51
34,52
34,53
34,117
34,122
35,36
35,37
35,38
35,39
35,40
35,41
35,42
35,43
35,44
35,45
35,46
35,47
35,48
35,49
35,50
35,51
35,52
35,53
36,37
36,38
36,39
36,40
36,41
36,42
36,43
36,44
36,45
36,46
36,47
36,48
36,49
36,50
36,51
36,52
36,53
37,38
37,39
37,40
37,41
37,42
37,43
37,44
37,45
37,46
37,47
37,48
37,49
37,50
37,51
37,52
37,53
37,55
37,57
37,59
37,66
37,67
37,68
37,72
37,73
37,76
37,83
37,89
37,90
37,91
37,92
37,93
37,94
37,97
37,98
37,99
37,103
37,109
37,110
37,111
37,115
37,117
37,118
37,120
37,121
37,123
37,126
37,127
37,130
37,131
37,137
37,138
37,140
37,142
37,143
37,145
37,147
37,155
37,156
37,157
37,158
37,161
37,163
37,164
37,167
37,170
37,172
37,174
37,182
37,185
37,186
37,187
37,197
37,199
38,39
38,40
38,41
38,42
38,43
38,44
38,45
38,46
38,47
38,48
38,49
38,50
38,51
38,52
38,53
38,72
38,73
38,75
38,77
38,79
38,80
38,86
38,87
38,88
38,89
38,92
38,93
38,94
38,96
38,97
38,98
38,99
38,100
38,101
38,102
38,103
38,104
38,105
38,108
38,109
38,112
38,116
38,117
38,120
38,122
38,126
38,129
38,141
38,142
38,147
38,154
38,158
38,159
38,161
38,170
38,171
38,174
38,179
38,185
38,188
38,189
38,192
38,194
38,199
39,40
39,41
39,42
39,43
39,44
39,45
39,46
39,47
39,48
39,49
39,50
39,51
39,52
39,53
40,41
40,42
40,43
40,44
40,45
40,46
40,47
40,48
40,49
40,50
40,51
40,52
40,53
40,55
40,57
40,59
40,66
40,67
40,68
40,72
40,73
40,76
40,83
40,94
40,97
40,98
40,99
40,103
40,110
40,111
40,118
40,121
40,123
40,127
40,130
40,131
40,137
40,138
40,140
40,143
40,145
40,156
40,157
40,158
40,161
40,163
40,167
40,170
40,172
40,182
40,186
40,187
40,197
40,199
41,42
41,43
41,44
41,45
41,46
41,47
41,48
41,49
41,50
41,51
41,52
41,53
42,43
42,44
42,45
42,46
42,47
42,48
42,49
42,50
42,51
42,52
42,53
43,44
43,45
43,46
43,47
43,48
43,49
43,50
43,51
43,52
43,53
44,45
44,46
44,47
44,48
44,49
44,50
44,51
44,52
44,53
44,91
44,94
44,96
44,97
44,100
44,103
44,104
45,46
45,47
45,48
45,49
45,50
45,51
45,52
45,53
45,74
45,75
45,77
45,79
46,47
46,48
46,49
46,50
46,51
46,52
46,53
46,55
46,57
46,59
46,66
46,67
46,68
46,70
46,72
46,73
46,74
46,75
46,76
46,77
46,78
46,80
46,81
46,83
46,85
46,86
46,87
46,90
46,92
46,93
46,94
46,96
46,97
46,98
46,99
46,100
46,101
46,102
46,103
46,104
46,106
46,108
46,109
46,110
46,111
46,113
46,114
46,117
46,118
46,120
46,121
46,122
46,123
46,126
46,127
46,129
46,130
46,131
46,133
46,137
46,138
46,139
46,140
46,142
46,143
46,145
46,154
46,155
46,156
46,157
46,158
46,159
46,160
46,161
46,163
46,167
46,169
46,170
46,172
46,180
46,182
46,186
46,187
46,189
46,192
46,197
46,199
47,48
47,49
47,50
47,51
47,52
47,53
47,64
47,68
47,70
47,71
47,72
47,74
47,77
47,78
47,79
47,80
47,81
47,82
47,84
47,85
47,87
47,88
47,90
47,92
47,93
47,94
47,96
47,99
47,100
47,101
47,102
47,106
47,107
47,108
47,109
47,112
47,113
47,114
47,115
47,116
47,117
47,124
47,126
47,129
47,133
47,139
47,142
47,147
47,154
47,155
47,156
47,159
47,160
47,161
47,169
47,170
47,171
47,173
47,175
47,177
47,179
47,180
47,188
47,189
47,193
47,194
47,196
48,49
48,50
48,51
48,52
48,53
48,77
48,78
48,81
48,82
48,84
48,85
48,87
48,88
48,89
48,90
48,91
48,92
48,93
48,94
48,96
48,100
48,101
48,102
48,103
48,104
48,105
48,106
48,108
48,109
48,112
48,113
48,114
48,115
48,116
48,117
48,120
48,122
48,126
48,127
48,129
48,134
49,50
49,51
49,52
49,53
49,73
49,74
49,75
49,77
49,78
49,79
49,81
49,82
49,84
49,85
49,86
49,87
49,88
49,90
49,91
50,51
50,52
50,53
51,52
51,53
51,76
51,77
51,78
51,79
51,80
51,81
51,82
51,83
51,84
51,85
52,53
52,64
52,70
52,71
52,72
52,73
52,76
52,77
52,78
52,80
52,81
52,82
52,84
52,86
52,87
52,88
52,89
52,91
52,92
52,93
52,94
52,95
52,99
52,100
52,102
52,103
52,105
52,106
52,108
52,109
52,111
52,115
52,116
52,117
52,120
52,122
52,124
52,127
52,133
52,147
52,153
52,156
52,158
52,160
52,174
52,175
52,179
52,180
52,182
52,188
52,193
52,194
52,196
53,71
53,72
53,73
53,75
53,76
53,77
53,78
53,80
53,81
53,82
53,84
53,85
53,86
53,88
53,91
53,92
53,93
53,94
53,95
53,99
53,100
53,102
53,103
53,104
53,105
53,107
53,108
53,109
53,111
53,112
53,113
54,66
54,71
54,72
54,74
54,75
54,76
54,77
54,78
54,79
54,80
54,81
54,83
54,85
54,86
54,88
54,90
54,91
54,92
54,93
54,94
54,95
54,96
54,97
54,98
54,99
54,100
54,101
54,102
54,103
54,104
54,105
54,106
54,107
54,109
54,111
54,112
54,113
54,114
54,115
54,117
54,120
55,57
55,59
55,66
55,67
55,68
55,72
55,73
55,76
55,83
55,94
55,97
55,98
55,99
55,103
55,110
55,111
55,118
55,121
55,123
55,127
55,130
55,131
55,137
55,138
55,140
55,143
55,145
55,156
55,157
55,158
55,161
55,163
55,167
55,170
55,172
55,182
55,186
55,187
55,197
55,199
57,59
57,66
57,67
57,68
57,72
57,73
57,74
57,75
57,76
57,77
57,80
57,83
57,85
57,87
57,94
57,97
57,98
57,99
57,103
57,110
57,111
57,118
57,121
57,123
57,127
57,130
57,131
57,137
57,138
57,140
57,143
57,145
57,156
57,157
57,158
57,161
57,163
57,167
57,170
57,172
57,182
57,186
57,187
57,197
57,199
58,64
58,65
58,66
58,70
58,71
58,73
58,75
58,76
58,77
58,78
58,79
58,80
58,81
58,83
58,85
58,86
58,87
58,88
58,91
58,92
58,93
58,94
58,95
58,97
58,98
58,99
58,100
58,101
58,102
58,103
58,105
58,108
58,109
58,113
58,114
58,120
58,121
58,122
58,125
58,131
58,133
58,141
59,63
59,64
59,65
59,66
59,67
59,68
59,69
59,70
59,71
59,72
59,73
59,76
59,78
59,79
59,80
59,81
59,82
59,83
59,84
59,86
59,88
59,89
59,91
59,92
59,93
59,94
59,95
59,96
59,97
59,98
59,99
59,101
59,102
59,103
59,105
59,106
59,107
59,108
59,110
59,111
59,113
59,114
59,115
59,116
59,117
59,118
59,120
59,121
59,122
59,123
59,124
59,125
59,127
59,128
59,130
59,131
59,137
59,138
59,140
59,143
59,145
59,156
59,157
59,158
59,161
59,163
59,167
59,170
59,172
59,182
59,186
59,187
59,197
59,199
60,61
60,63
60,64
60,65
60,66
60,68
60,69
60,70
60,71
60,72
60,74
60,77
60,78
60,79
60,80
60,82
60,83
61,62
61,63
61,64
61,65
61,66
61,67
61,68
61,69
62,63
62,65
62,66
62,67
62,68
62,69
62,71
62,72
62,73
62,74
62,75
62,77
62,78
62,82
62,84
62,87
63,64
63,65
63,66
63,67
63,68
63,69
63,70
63,71
63,72
63,73
63,74
63,76
63,77
63,78
63,79
63,80
63,83
63,84
63,85
63,86
63,87
63,88
63,89
63,90
63,91
63,92
63,93
63,94
63,95
63,96
63,98
63,99
63,101
63,103
63,104
63,105
63,106
63,107
63,109
63,112
63,113
63,114
63,115
63,124
63,125
63,126
63,127
63,128
63,131
63,136
63,141
63,142
63,147
63,160
63,161
63,170
64,65
64,66
64,67
64,68
64,71
64,72
64,75
64,76
64,77
64,78
64,80
64,81
64,83
64,84
64,85
64,87
64,88
64,89
64,90
64,91
64,92
64,95
64,97
64,98
64,99
64,100
64,101
64,102
65,67
65,68
65,70
65,71
65,72
65,73
65,74
65,75
65,76
65,77
65,78
65,79
65,80
65,81
65,83
65,84
65,85
65,86
65,87
65,88
65,89
65,90
65,91
65,92
65,93
65,95
65,96
65,98
65,99
65,100
65,103
65,104
65,105
65,106
65,107
65,110
65,111
65,113
65,114
65,115
65,116
65,117
65,119
65,121
65,122
65,125
65,126
65,127
65,128
65,129
66,67
66,68
66,69
66,70
66,71
66,72
66,73
66,76
66,83
66,94
66,97
66,98
66,99
66,103
66,110
66,111
66,118
66,121
66,123
66,127
66,130
66,131
66,137
66,138
66,140
66,143
66,145
66,156
66,157
66,158
66,161
66,163
66,167
66,170
66,172
66,182
66,186
66,187
66,197
66,199
67,68
67,69
67,70
67,71
67,72
67,73
67,74
67,75
67,76
67,78
67,79
67,81
67,82
67,83
67,85
67,86
67,87
67,89
67,90
67,91
67,94
67,95
67,96
67,97
67,98
67,99
67,100
67,103
67,110
67,111
67,118
67,121
67,123
67,127
67,130
67,131
67,137
67,138
67,140
67,143
67,145
67,156
67,157
67,158
67,161
67,163
67,167
67,170
67,172
67,182
67,186
67,187
67,197
67,199
68,69
68,70
68,71
68,72
68,73
68,74
68,76
68,77
68,78
68,79
68,82
68,83
68,84
68,86
68,87
68,89
68,90
68,91
68,92
68,94
68,97
68,98
68,99
68,100
68,103
68,110
68,111
68,118
68,121
68,123
68,127
68,130
68,131
68,137
68,138
68,140
68,143
68,145
68,156
68,157
68,158
68,161
68,163
68,167
68,170
68,172
68,182
68,186
68,187
68,197
68,199
69,70
69,71
69,72
69,74
69,76
69,77
69,78
69,79
69,80
69,81
69,82
69,83
69,84
69,86
69,87
69,88
69,89
69,90
69,92
69,93
69,95
69,96
69,97
69,98
70,71
70,72
70,73
70,74
70,75
70,76
70,78
70,79
70,80
70,81
70,82
70,83
70,86
70,88
70,89
70,90
70,91
70,92
70,93
70,94
70,95
70,96
70,98
70,100
70,102
71,72
71,73
71,74
71,75
71,76
71,77
71,78
71,80
71,81
71,82
71,84
72,73
72,74
72,75
72,76
72,83
72,94
72,97
72,98
72,99
72,103
72,110
72,111
72,118
72,121
72,123
72,127
72,130
72,131
72,137
72,138
72,140
72,143
72,145
72,156
72,157
72,158
72,161
72,163
72,167
72,170
72,172
72,182
72,186
72,187
72,197
72,199
73,74
73,75
73,76
73,77
73,80
73,81
73,82
73,83
73,84
73,85
73,87
73,88
73,89
73,90
73,91
73,92
73,93
73,94
73,95
73,96
73,97
73,98
73,99
73,101
73,102
73,103
73,109
73,110
73,111
73,112
73,113
73,114
73,117
73,118
73,121
73,123
73,127
73,130
73,131
73,137
73,138
73,140
73,143
73,145
73,156
73,157
73,158
73,161
73,163
73,167
73,170
73,172
73,182
73,186
73,187
73,197
73,199
74,75
74,77
74,78
74,79
74,80
74,81
74,83
74,84
74,85
74,86
74,88
74,89
74,90
74,92
74,93
74,95
74,96
74,98
74,101
74,104
74,105
74,106
74,107
74,108
74,109
74,110
74,111
74,113
74,114
74,117
74,119
74,121
74,122
74,125
74,126
74,127
74,129
75,77
75,78
75,79
75,83
75,84
75,85
75,86
75,87
75,88
75,89
75,90
75,91
75,92
75,93
75,94
75,95
75,96
75,97
75,98
75,100
75,102
75,103
75,104
75,105
75,106
75,107
75,109
75,110
75,111
75,113
75,114
75,116
75,117
75,119
75,120
75,121
75,122
75,124
75,125
75,126
75,127
75,128
75,129
75,131
75,141
75,142
75,147
75,151
75,156
75,161
76,77
76,78
76,79
76,81
76,82
76,83
76,84
76,85
76,86
76,87
76,88
76,89
76,91
76,92
76,93
76,94
76,95
76,96
76,97
76,98
76,99
76,101
76,102
76,103
76,104
76,105
76,107
76,108
76,109
76,110
76,111
76,113
76,114
76,116
76,117
76,118
76,119
76,120
76,121
76,122
76,123
76,124
76,126
76,127
76,128
76,129
76,130
76,131
76,134
76,136
76,137
76,138
76,140
76,142
76,143
76,145
76,156
76,157
76,158
76,161
76,163
76,167
76,170
76,172
76,182
76,186
76,187
76,197
76,199
77,78
77,80
77,81
77,82
77,83
77,84
77,85
77,86
77,87
77,88
77,89
77,90
77,91
77,93
77,94
77,95
77,97
77,98
77,100
77,102
77,103
77,104
77,105
77,107
77,108
77,109
77,110
77,111
77,112
77,113
77,114
77,115
77,116
77,117
77,120
77,121
77,122
77,124
77,125
77,127
77,128
77,131
77,141
77,142
77,144
77,151
77,152
77,154
77,156
77,158
77,160
77,161
77,162
77,171
77,173
77,181
77,193
77,194
78,79
78,81
78,82
78,83
78,85
78,86
78,87
78,88
78,89
78,90
78,91
78,95
78,97
78,98
78,99
78,100
78,101
78,102
78,103
78,104
78,105
78,106
79,80
79,81
80,81
80,82
80,83
80,85
80,86
80,87
80,89
80,90
80,91
80,92
80,93
80,94
80,95
80,98
80,100
80,101
80,102
80,104
80,105
80,106
80,107
80,108
80,109
80,110
80,111
80,112
80,113
80,114
80,115
80,116
80,117
80,118
80,119
80,120
80,122
80,126
80,127
80,128
80,129
80,131
80,132
80,134
80,136
80,142
80,144
80,151
80,152
80,154
80,156
80,160
81,83
81,84
81,85
81,86
81,87
81,88
81,90
81,91
81,92
81,93
81,95
81,96
81,97
81,98
81,99
81,100
81,101
81,102
81,104
81,105
81,106
81,107
81,108
81,109
81,110
81,111
81,112
81,113
81,114
81,115
82,83
82,84
82,85
82,86
82,87
82,88
82,90
82,92
82,93
82,94
82,95
82,97
82,98
82,99
82,100
82,101
82,102
82,104
83,84
83,85
83,87
83,88
83,90
83,91
83,92
83,93
83,94
83,97
83,98
83,99
83,103
83,110
83,111
83,118
83,121
83,123
83,127
83,130
83,131
83,137
83,138
83,140
83,143
83,145
83,156
83,157
83,158
83,161
83,163
83,167
83,170
83,172
83,182
83,186
83,187
83,197
83,199
84,85
84,86
84,87
84,89
84,90
85,86
85,87
85,88
85,89
85,90
85,91
85,92
85,94
85,97
85,98
85,99
85,100
85,101
85,102
85,104
85,105
85,106
85,107
85,108
85,109
85,110
85,113
85,114
85,117
85,118
85,119
85,120
85,123
85,126
85,128
85,129
85,131
85,132
85,134
86,87
86,90
86,91
86,92
86,93
87,89
87,90
87,91
87,92
87,93
87,95
87,96
87,97
87,98
87,99
87,100
87,101
87,102
87,103
87,106
87,108
87,109
87,111
87,112
87,114
87,115
87,117
87,118
87,119
87,120
87,121
87,122
87,123
87,124
87,125
87,126
87,127
87,128
87,129
87,133
87,134
87,138
87,141
87,142
87,147
87,150
87,151
87,160
87,161
87,168
87,171
87,173
87,181
88,90
88,91
88,92
88,93
88,95
88,96
89,90
89,92
89,93
89,95
89,96
89,97
89,101
89,102
89,103
89,106
89,107
89,110
89,111
89,112
89,114
90,91
90,94
90,95
90,97
90,99
90,100
90,101
90,106
90,107
90,108
90,109
90,110
90,112
90,113
90,116
90,117
90,119
90,120
90,121
90,122
90,124
90,125
90,126
90,127
90,128
90,129
90,131
90,133
90,134
90,136
90,138
90,139
90,142
90,145
90,147
90,150
91,93
91,95
91,96
91,97
91,98
91,99
91,100
91,101
91,102
91,104
91,105
91,106
91,108
91,109
92,93
92,94
93,94
93,95
93,96
93,97
93,98
93,101
93,103
93,109
94,96
94,97
94,98
94,99
94,101
94,103
94,104
94,105
94,106
94,107
94,108
94,109
94,110
94,111
94,113
94,114
94,116
94,117
94,118
94,119
94,120
94,121
94,123
94,125
94,127
94,128
94,130
94,131
94,133
94,134
94,136
94,137
94,138
94,140
94,143
94,145
94,156
94,157
94,158
94,161
94,163
94,167
94,170
94,172
94,182
94,186
94,187
94,197
94,199
95,96
95,97
95,98
95,99
95,100
95,101
95,102
95,103
95,104
95,105
95,106
95,107
95,108
95,109
95,110
95,113
95,114
95,116
95,119
95,120
95,122
95,125
96,97
96,98
96,100
96,101
96,102
96,103
96,104
96,106
96,108
96,111
96,112
96,113
96,114
96,115
96,116
96,117
96,118
96,119
96,120
96,121
96,122
96,124
96,125
96,126
96,127
96,128
96,131
96,133
97,98
97,99
97,100
97,103
97,104
97,106
97,107
97,108
97,109
97,110
97,111
97,112
97,113
97,114
97,115
97,117
97,118
97,119
97,120
97,121
97,122
97,123
97,124
97,126
97,127
97,128
97,129
97,130
97,131
97,132
97,133
97,134
97,137
97,138
97,139
97,140
97,143
97,145
97,152
97,154
97,156
97,157
97,158
97,161
97,163
97,167
97,170
97,172
97,182
97,186
97,187
97,197
97,199
98,99
98,100
98,101
98,102
98,103
98,104
98,105
98,106
98,107
98,108
98,109
98,110
98,111
98,112
98,113
98,115
98,116
98,117
98,118
98,119
98,120
98,121
98,123
98,124
98,125
98,126
98,127
98,128
98,129
98,130
98,131
98,132
98,133
98,135
98,136
98,137
98,138
98,139
98,140
98,142
98,143
98,145
98,147
98,151
98,152
98,154
98,156
98,157
98,158
98,160
98,161
98,163
98,167
98,170
98,171
98,172
98,173
98,182
98,186
98,187
98,197
98,199
99,102
99,103
99,104
99,106
99,109
99,110
99,111
99,112
99,113
99,114
99,115
99,116
99,117
99,118
99,119
99,120
99,121
99,122
99,123
99,124
99,125
99,126
99,127
99,128
99,130
99,131
99,132
99,133
99,134
99,135
99,136
99,137
99,138
99,139
99,140
99,141
99,142
99,143
99,145
99,147
99,150
99,156
99,157
99,158
99,161
99,163
99,167
99,170
99,172
99,182
99,186
99,187
99,197
99,199
100,101
100,102
100,104
100,105
100,106
100,108
100,111
100,112
100,113
100,114
100,115
100,116
100,117
100,119
100,120
100,122
100,123
100,124
100,125
100,127
100,128
100,131
100,132
100,134
100,135
100,136
100,139
100,141
100,142
100,144
100,146
100,147
100,150
100,151
100,152
100,159
100,162
100,164
100,171
100,173
100,183
100,193
101,103
101,104
101,105
101,106
101,107
101,109
101,115
101,116
101,117
101,118
101,119
101,120
101,121
101,122
101,123
101,124
101,126
101,127
101,128
101,129
101,132
101,133
101,134
101,135
101,136
101,138
101,139
101,141
101,142
102,103
102,104
102,106
102,107
102,108
102,110
102,111
102,112
102,113
102,114
102,115
102,116
102,118
102,119
102,120
102,121
102,122
102,123
102,124
102,125
102,126
102,128
102,129
102,132
102,133
102,134
102,135
102,136
102,138
102,139
102,140
102,141
102,142
102,144
102,145
102,147
102,152
102,159
102,160
102,161
102,164
102,173
102,177
102,181
102,183
103,104
103,106
103,107
103,108
103,109
103,110
103,111
103,112
103,113
103,115
103,116
103,117
103,118
103,119
103,120
103,121
103,122
103,123
103,125
103,126
103,127
103,128
103,129
103,130
103,131
103,132
103,133
103,134
103,135
103,136
103,137
103,138
103,139
103,140
103,141
103,142
103,143
103,145
103,146
103,147
103,150
103,151
103,154
103,156
103,157
103,158
103,159
103,161
103,162
103,163
103,166
103,167
103,170
103,171
103,172
103,173
103,181
103,182
103,186
103,187
103,197
103,199
104,105
104,106
104,107
104,108
104,109
104,111
104,112
104,113
104,114
104,115
104,116
104,117
104,118
104,119
104,121
104,122
104,123
104,124
104,125
104,126
104,127
104,128
104,129
104,131
104,132
104,133
104,134
104,135
104,136
104,140
104,142
104,144
104,145
104,146
104,147
104,149
104,150
104,151
104,152
104,153
104,154
104,156
104,157
104,158
104,159
104,160
104,161
104,162
104,163
104,164
104,166
104,171
104,173
104,174
104,177
104,178
104,180
104,181
105,106
105,107
105,108
105,109
105,110
105,111
105,112
105,113
105,114
105,116
105,117
105,118
105,119
105,120
105,121
105,122
105,123
105,124
105,125
105,126
105,127
105,128
105,129
105,131
105,132
105,134
105,135
105,136
105,137
105,138
105,139
105,140
105,142
105,144
105,145
106,107
106,108
106,109
106,111
106,113
106,115
106,116
106,118
107,108
107,109
107,110
107,111
107,113
107,114
107,115
107,116
107,117
107,118
107,119
107,120
107,121
107,123
107,126
107,127
107,128
107,129
107,133
107,134
107,135
107,137
107,138
107,139
107,140
107,141
107,144
107,145
107,146
107,147
107,150
107,154
107,155
107,156
107,157
107,163
107,165
107,166
107,171
107,173
107,174
107,175
107,177
107,178
108,109
108,111
108,112
108,114
108,115
108,116
108,117
108,118
108,119
108,120
108,121
108,122
108,123
108,124
108,125
108,126
108,127
108,128
108,129
108,131
108,133
108,134
108,135
108,136
108,137
108,138
109,110
109,111
109,112
109,113
109,115
109,116
109,118
109,119
109,120
109,121
109,122
109,123
109,124
109,125
109,126
109,127
109,128
109,129
109,131
109,132
109,133
109,134
109,135
109,136
109,137
109,138
109,139
109,140
109,141
109,142
109,143
109,144
109,145
109,146
109,147
109,149
109,151
109,153
109,154
109,155
109,156
109,157
110,111
110,115
110,116
110,117
110,118
110,119
110,120
110,121
110,122
110,123
110,127
110,130
110,131
110,137
110,138
110,140
110,143
110,145
110,156
110,157
110,158
110,161
110,163
110,167
110,170
110,172
110,182
110,186
110,187
110,197
110,199
111,113
111,114
111,115
111,116
111,117
111,118
111,119
111,120
111,121
111,122
111,123
111,124
111,127
111,128
111,129
111,130
111,131
111,132
111,134
111,135
111,137
111,138
111,140
111,143
111,145
111,156
111,157
111,158
111,161
111,163
111,167
111,170
111,172
111,182
111,186
111,187
111,197
111,199
112,113
112,117
112,118
112,120
112,121
112,124
112,125
112,126
112,127
112,128
112,129
112,131
112,132
112,133
112,134
112,135
112,136
112,138
112,139
112,140
112,141
112,142
112,143
112,144
112,146
112,147
112,149
112,151
112,152
112,153
112,154
112,155
112,156
112,157
112,159
112,160
112,161
112,164
112,166
112,169
112,171
112,173
112,174
112,175
112,177
112,178
113,116
113,117
113,118
113,120
113,121
113,122
113,123
114,115
114,116
114,117
114,119
114,120
114,121
114,122
114,125
114,126
114,127
114,128
114,129
114,132
114,133
114,134
114,135
114,138
114,139
114,141
114,142
114,143
114,144
114,145
114,146
114,147
114,149
114,150
114,151
114,153
114,154
114,155
114,159
114,160
114,163
114,164
114,165
114,168
114,169
115,117
115,118
115,119
115,120
115,121
115,122
115,123
115,124
115,125
115,126
115,127
115,128
115,129
115,130
115,131
115,132
115,133
115,135
115,136
115,137
115,138
115,139
115,141
115,142
115,143
115,144
115,145
115,146
115,147
115,149
115,150
115,151
115,152
115,153
115,154
115,156
115,157
115,159
115,160
115,162
115,163
115,164
115,165
115,166
115,168
116,117
116,118
116,119
116,120
116,121
116,124
116,125
116,130
116,131
116,132
116,133
116,134
116,135
116,136
116,137
116,139
116,140
116,141
116,142
116,143
116,144
116,145
116,146
116,147
116,148
116,150
116,151
116,153
116,154
116,156
116,157
116,159
116,161
116,164
116,165
116,166
116,168
116,169
116,171
116,173
116,175
116,177
116,185
116,188
117,118
117,119
117,121
117,122
117,123
117,124
117,126
117,128
117,129
117,131
117,132
117,133
117,134
117,135
117,136
117,137
117,138
117,139
117,141
117,142
117,143
117,144
117,145
117,146
117,147
117,148
117,149
117,150
117,151
117,153
117,154
117,155
117,156
117,157
117,158
117,159
117,160
117,161
117,164
117,165
117,166
117,167
117,168
117,169
117,170
117,171
117,173
117,174
117,175
117,177
117,178
117,180
117,181
117,185
117,188
117,193
117,197
118,119
118,120
118,121
118,122
118,123
118,124
118,125
118,127
118,130
118,131
118,137
118,138
118,140
118,143
118,145
118,156
118,157
118,158
118,161
118,163
118,167
118,170
118,172
118,182
118,186
118,187
118,197
118,199
119,120
119,121
119,123
119,124
120,121
120,123
120,124
120,125
120,126
120,128
120,129
120,130
120,131
120,132
120,133
120,134
120,137
120,139
120,141
120,143
120,145
120,146
120,147
120,148
120,150
120,151
120,153
120,155
120,157
120,159
120,160
120,163
120,164
120,166
120,167
120,168
120,170
120,171
120,174
120,177
120,180
120,181
120,182
120,183
120,185
120,190
121,122
121,123
121,126
121,127
121,128
121,129
121,130
121,131
121,135
121,137
121,138
121,139
121,140
121,141
121,143
121,145
121,146
121,148
121,149
121,151
121,152
121,154
121,156
121,157
121,158
121,159
121,161
121,163
121,167
121,170
121,172
121,182
121,186
121,187
121,197
121,199
122,123
122,125
122,126
122,127
122,128
122,129
122,130
122,132
122,133
122,134
122,135
122,136
122,137
122,139
122,141
122,143
122,144
122,145
122,146
122,148
122,149
122,150
122,151
122,152
122,153
122,154
122,155
122,157
122,158
122,159
122,160
122,161
122,162
122,164
122,166
122,167
122,168
122,169
122,170
122,172
122,175
122,176
122,177
122,181
122,182
122,183
122,185
122,187
122,189
122,193
122,194
123,126
123,127
123,128
123,129
123,130
123,131
123,137
123,138
123,140
123,143
123,145
123,156
123,157
123,158
123,161
123,163
123,167
123,170
123,172
123,182
123,186
123,187
123,197
123,199
124,125
124,126
124,128
124,129
124,130
124,131
124,133
124,135
124,137
124,138
124,139
124,143
124,144
125,127
125,128
125,129
125,130
125,132
125,133
125,134
125,135
125,136
125,137
125,138
125,139
125,140
125,142
125,143
125,144
125,146
125,147
125,151
125,152
125,153
125,154
125,155
125,157
125,161
125,162
125,163
125,164
126,127
126,128
126,129
126,130
126,131
126,132
126,133
126,134
126,135
126,136
126,138
126,139
126,140
126,142
126,143
126,144
126,145
126,147
126,148
126,149
126,150
126,151
126,152
126,153
126,155
126,156
126,157
126,158
126,159
126,160
126,161
126,162
126,163
126,164
126,168
126,169
126,171
126,174
126,175
126,177
126,178
126,181
126,182
126,183
126,188
126,189
126,190
126,192
126,193
126,195
127,128
127,129
127,130
127,131
127,133
127,134
127,135
127,136
127,137
127,138
127,139
127,140
127,141
127,142
127,143
127,144
127,145
127,147
127,148
127,149
127,150
127,151
127,152
127,153
127,154
127,156
127,157
127,158
127,160
127,161
127,162
127,163
127,164
127,165
127,166
127,167
127,168
127,169
127,170
127,171
127,172
127,173
127,174
127,175
127,176
127,177
127,178
127,179
127,180
127,181
127,182
127,186
127,187
127,197
127,199
128,129
128,133
128,135
128,136
128,137
128,138
128,139
128,140
128,142
128,144
128,145
128,148
128,149
128,150
128,151
128,152
128,153
128,154
128,155
128,156
128,157
128,158
128,159
128,160
128,161
128,163
129,131
129,132
129,134
129,136
129,138
129,139
129,140
129,141
129,142
129,143
129,144
129,145
129,147
129,148
129,149
129,150
129,151
129,152
129,153
129,154
129,156
129,158
129,160
129,161
129,162
129,163
129,164
129,165
129,167
129,168
129,169
129,172
129,173
129,175
129,176
129,177
129,178
129,179
129,180
129,181
129,188
130,131
130,134
130,137
130,138
130,139
130,140
130,141
130,142
130,143
130,144
130,145
130,146
130,147
130,148
130,149
130,151
130,152
130,153
130,156
130,157
130,158
130,161
130,163
130,167
130,170
130,172
130,182
130,186
130,187
130,197
130,199
131,134
131,135
131,136
131,137
131,138
131,139
131,140
131,142
131,143
131,144
131,145
131,146
131,147
131,148
131,149
131,151
131,152
131,153
131,154
131,155
131,156
131,157
131,158
131,160
131,161
131,162
131,163
131,164
131,165
131,167
131,168
131,169
131,170
131,171
131,172
131,173
131,174
131,175
131,176
131,177
131,178
131,180
131,182
131,183
131,184
131,186
131,187
131,188
131,189
131,190
131,195
131,197
131,199
132,134
132,136
132,137
132,138
132,140
132,141
132,142
132,143
132,144
132,145
132,149
132,150
132,151
132,152
132,153
132,155
133,134
133,135
133,136
133,137
133,138
133,139
133,140
133,141
133,142
133,143
133,144
133,145
133,146
133,148
133,149
133,150
133,151
133,152
133,153
133,154
133,155
133,156
133,157
133,158
133,159
133,161
133,162
133,163
133,164
133,165
133,166
133,167
133,168
133,169
133,171
133,172
133,174
133,175
133,176
133,177
133,178
133,179
133,180
133,181
133,182
133,183
133,184
134,135
134,136
134,137
135,136
136,137
136,138
136,139
136,140
136,141
136,142
136,143
136,144
136,146
136,147
136,148
136,151
136,152
136,155
136,158
136,159
136,161
136,164
136,165
136,166
136,168
136,169
136,170
136,171
136,172
136,173
136,174
136,175
136,176
136,177
136,178
136,179
136,180
136,181
136,182
136,183
136,184
136,185
136,187
136,188
136,189
136,192
136,196
137,138
137,139
137,140
137,141
137,142
137,143
137,144
137,145
137,147
137,148
137,149
137,150
137,151
137,152
137,153
137,154
137,156
137,157
137,158
137,161
137,163
137,167
137,170
137,172
137,182
137,186
137,187
137,197
137,199
138,140
138,141
138,142
138,143
138,144
138,145
138,146
138,147
138,149
138,150
138,151
138,152
138,153
138,154
138,155
138,156
138,157
138,158
138,160
138,161
138,162
138,163
138,165
138,166
138,167
138,168
138,169
138,170
138,172
138,174
138,175
138,176
138,177
138,178
138,179
138,180
138,181
138,182
138,183
138,184
138,185
138,186
138,187
138,193
138,194
138,195
138,196
138,197
138,199
139,141
139,142
139,144
139,145
139,146
139,147
139,148
139,149
139,150
139,151
139,152
139,153
139,154
139,155
139,156
139,157
139,159
139,162
139,163
139,166
139,167
139,168
139,169
139,171
139,172
139,173
139,175
139,176
139,177
139,178
139,179
139,180
139,181
139,182
139,183
139,185
139,187
139,189
139,190
139,192
139,193
139,194
139,195
139,196
140,143
140,144
140,145
140,146
140,147
140,156
140,157
140,158
140,161
140,163
140,167
140,170
140,172
140,182
140,186
140,187
140,197
140,199
141,142
141,146
141,147
141,149
141,150
141,151
141,154
141,155
141,156
141,157
141,158
141,159
141,161
141,162
141,163
141,165
141,166
142,143
142,146
142,147
142,149
142,150
142,151
142,153
142,154
142,155
142,156
142,158
142,159
142,161
142,162
142,163
142,164
142,165
142,166
142,167
142,168
142,169
142,172
142,173
142,175
142,176
142,178
142,179
142,180
142,181
142,183
142,186
142,187
142,189
142,190
142,192
142,193
142,196
143,145
143,146
143,147
143,156
143,157
143,158
143,161
143,163
143,167
143,170
143,172
143,182
143,186
143,187
143,197
143,199
144,148
144,149
144,150
144,151
144,152
144,153
144,154
144,156
144,157
144,159
144,160
144,161
144,162
144,163
144,164
144,166
144,167
144,168
144,169
144,172
144,173
144,174
144,175
144,177
144,178
144,183
144,184
144,186
144,187
144,188
144,189
144,190
144,194
144,196
144,197
144,198
145,146
145,147
145,149
145,150
145,151
145,156
145,157
145,158
145,161
145,163
145,167
145,170
145,172
145,182
145,186
145,187
145,197
145,199
146,147
146,148
146,149
146,150
146,151
146,152
146,154
146,155
146,157
146,159
146,160
146,163
146,164
146,165
146,166
146,167
146,168
146,169
146,171
147,148
147,149
147,150
147,151
147,152
147,153
147,155
147,156
147,157
147,158
147,159
147,160
147,162
147,163
147,164
147,165
147,166
147,167
147,168
147,171
147,172
147,173
147,176
147,177
147,178
147,180
147,181
147,182
147,185
147,186
147,187
147,188
147,189
147,190
147,191
147,192
147,194
148,150
148,151
148,152
150,151
150,152
150,153
150,154
150,155
150,156
150,160
150,161
151,152
151,153
151,154
151,155
151,157
151,159
151,160
151,161
151,162
151,164
151,165
151,169
151,170
151,173
152,153
152,154
152,155
152,156
152,158
152,159
152,160
152,161
152,162
152,164
152,165
152,167
152,168
152,169
152,170
152,171
152,173
152,174
152,175
152,178
152,179
152,180
152,181
152,182
152,184
152,187
152,188
152,191
152,192
152,194
152,197
153,154
153,155
153,157
153,158
153,160
153,161
153,162
153,165
153,166
153,168
153,169
153,170
153,171
153,172
153,173
153,175
153,176
153,178
153,179
153,180
153,181
153,182
153,183
153,186
153,187
153,188
153,189
153,190
153,191
153,192
153,194
153,195
153,196
153,198
154,155
154,156
154,157
154,158
154,160
154,161
154,162
154,163
154,164
154,165
154,166
154,167
154,168
154,169
154,170
154,171
154,172
154,173
154,174
154,176
154,177
154,179
154,180
154,181
154,182
154,185
154,187
154,190
154,191
154,192
154,193
154,194
154,195
154,196
154,197
154,199
155,156
155,157
155,158
155,159
155,160
155,161
155,162
155,163
155,164
155,165
155,166
155,167
155,168
155,169
155,170
155,171
155,172
155,173
155,175
155,176
155,177
155,178
155,179
155,180
156,157
156,158
156,159
156,160
156,161
156,162
156,163
156,164
156,165
156,166
156,167
156,168
156,169
156,170
156,171
156,172
156,176
156,177
156,178
156,179
156,180
156,181
156,182
156,186
156,187
156,188
156,189
156,191
156,192
156,193
156,194
156,195
156,196
156,197
156,198
156,199
157,158
157,161
157,162
157,163
157,164
157,166
157,167
157,168
157,169
157,170
157,172
157,173
157,174
157,176
157,177
157,178
157,179
157,180
157,181
157,182
157,184
157,185
157,186
157,187
157,188
157,189
157,190
157,192
157,193
157,194
157,196
157,197
157,199
158,160
158,161
158,162
158,163
158,164
158,165
158,166
158,167
158,168
158,170
158,171
158,172
158,173
158,174
158,175
158,176
158,177
158,178
158,181
158,182
158,183
158,184
158,186
158,187
158,189
158,191
158,192
158,194
158,195
158,196
158,197
158,198
158,199
159,160
159,162
159,164
159,165
159,166
159,167
159,168
159,169
159,170
159,171
159,174
159,176
159,178
159,179
159,180
159,181
159,182
159,184
159,185
159,187
159,188
159,189
159,190
159,191
160,161
160,162
160,164
160,166
160,167
160,168
160,169
160,170
160,171
160,172
160,174
160,175
160,177
160,178
160,179
160,180
160,181
160,182
160,183
160,184
160,185
160,188
160,189
160,192
160,196
160,197
160,198
161,162
161,163
161,164
161,165
161,167
161,168
161,169
161,170
161,171
161,172
161,173
161,174
161,176
161,177
161,178
161,179
161,181
161,182
161,184
161,185
161,186
161,187
161,188
161,189
161,190
161,191
161,192
161,194
161,195
161,196
161,197
161,198
161,199
162,163
162,164
162,166
162,167
162,169
162,170
162,171
162,172
162,173
162,174
162,175
163,164
163,165
163,166
163,167
163,168
163,169
163,170
163,171
163,172
163,175
163,176
163,177
163,178
163,179
163,181
163,182
163,183
163,185
163,186
163,187
163,188
163,189
163,191
163,192
163,193
163,194
163,195
163,196
163,197
163,198
163,199
164,165
164,166
164,168
164,169
164,171
164,172
164,173
164,174
164,175
164,176
164,177
164,181
164,182
164,183
164,184
164,185
164,186
164,188
164,191
164,193
164,194
164,195
164,196
164,197
164,198
165,167
165,168
165,169
165,170
165,171
165,173
165,174
165,175
165,176
165,178
165,179
165,180
165,181
165,183
165,184
165,185
166,167
166,168
166,169
166,170
166,171
166,172
166,173
166,174
166,175
166,176
166,177
166,178
166,179
166,180
166,181
166,182
166,183
166,184
166,185
166,186
166,191
166,192
166,193
166,194
166,195
166,196
166,197
166,198
166,199
167,169
167,170
167,172
167,182
167,186
167,187
167,197
167,199
168,170
168,171
169,171
169,172
169,174
169,175
169,177
169,178
169,179
169,180
169,184
169,185
169,186
169,187
169,188
169,189
169,193
169,194
169,195
169,196
169,198
169,199
170,171
170,172
170,173
170,174
170,175
170,176
170,177
170,178
170,179
170,180
170,182
170,184
170,185
170,186
170,187
170,188
170,189
170,191
170,192
170,193
170,194
170,195
170,196
170,197
170,198
170,199
171,174
171,175
171,176
171,177
171,180
171,181
171,184
171,185
171,186
171,188
171,189
171,190
171,192
171,193
171,196
171,198
171,199
172,173
172,174
172,175
172,176
172,182
172,186
172,187
172,197
172,199
173,174
173,175
173,176
173,180
173,181
173,182
173,183
173,184
173,186
173,187
173,188
173,189
173,190
173,193
173,194
173,195
173,196
173,197
173,199
174,175
174,176
174,177
174,178
174,179
174,180
174,181
174,182
174,185
174,186
174,188
174,189
174,190
174,191
174,192
175,176
175,177
175,178
175,179
177,178
177,179
177,182
178,179
178,181
178,184
178,185
178,187
178,190
178,193
178,194
178,195
178,198
178,199
179,181
179,182
179,183
179,184
179,186
179,187
179,188
179,189
179,190
179,191
179,193
179,194
179,195
179,196
179,197
180,181
180,182
180,183
180,184
180,185
180,187
180,188
180,189
180,190
180,191
180,192
180,194
180,195
180,196
180,197
180,198
181,183
181,184
181,185
181,186
181,187
181,188
181,189
181,190
181,195
181,196
181,197
182,185
182,186
182,187
182,197
182,199
183,184
183,185
183,186
183,187
183,189
183,193
183,194
183,195
184,185
184,186
184,187
184,188
184,189
184,191
184,192
184,193
184,194
184,196
184,197
184,198
184,199
185,187
185,188
185,189
185,192
185,194
185,195
185,196
185,197
185,198
185,199
186,187
186,191
186,192
186,193
186,194
186,195
186,197
186,199
187,188
187,189
187,190
187,192
187,193
187,195
187,196
187,197
187,198
187,199
188,190
188,191
188,192
188,193
188,194
188,195
188,196
188,197
188,198
189,190
189,191
189,192
189,193
189,194
189,196
189,197
189,198
190,191
190,192
190,193
190,194
190,195
190,196
190,197
190,198
190,199
191,192
191,193
191,194
191,195
191,196
191,197
191,198
191,199
192,193
192,194
192,195
192,196
192,197
192,198
192,199
193,194
193,195
193,196
193,197
193,198
193,199
194,195
194,196
194,197
194,198
194,199
195,196
195,197
195,198
195,199
196,197
196,198
197,198
197,199
