0,1
0,2
0,3
0,4
0,5
0,6
0,7
0,8
0,9
0,10
0,11
0,12
0,13
0,14
0,15
0,16
0,17
0,18
0,19
0,20
0,21
0,22
0,23
0,24
0,25
0,26
0,27
0,28
0,29
0,30
0,31
0,32
0,33
0,34
0,35
0,36
0,37
0,38
0,39
0,40
0,41
0,42
0,43
0,44
0,45
0,53
0,59
0,63
0,64
0,69
0,74
0,87
0,90
0,97
0,102
0,113
0,116
0,119
0,120
0,123
0,128
0,131
0,133
0,134
0,135
0,136
0,143
0,146
0,156
0,157
0,161
0,166
0,169
0,180
0,190
0,194
0,199
1,2
1,3
1,4
1,5
1,6
1,7
1,8
1,9
1,10
1,11
1,12
1,13
1,14
1,15
1,16
1,17
1,18
1,19
1,20
1,21
1,22
1,23
1,24
1,25
1,26
1,27
1,28
1,29
1,30
1,31
1,32
1,33
1,34
1,35
1,36
1,37
1,38
1,39
1,40
1,41
1,42
1,43
1,44
2,3
2,4
2,5
2,6
2,7
2,8
2,9
2,10
2,11
2,12
2,13
2,14
2,15
2,16
2,17
2,18
2,19
2,20
2,21
2,22
2,23
2,24
2,25
2,26
2,27
2,28
2,29
2,30
2,31
2,32
2,33
2,34
2,35
2,36
2,37
2,38
2,39
2,40
2,41
2,42
2,43
2,44
2,45
2,53
2,59
2,63
2,64
2,69
2,74
2,87
2,90
2,97
2,102
2,113
2,116
2,119
2,120
2,123
2,128
2,131
2,133
2,134
2,135
2,136
2,143
2,146
2,156
2,157
2,161
2,166
2,169
2,180
2,190
2,194
2,199
3,4
3,5
3,6
3,7
3,8
3,9
3,10
3,11
3,12
3,13
3,14
3,15
3,16
3,17
3,18
3,19
3,20
3,21
3,22
3,23
3,24
3,25
3,26
3,27
3,28
3,29
3,30
3,31
3,32
3,33
3,34
3,35
3,36
3,37
3,38
3,39
3,40
3,41
3,42
3,43
3,44
4,5
4,6
4,7
4,8
4,9
4,10
4,11
4,12
4,13
4,14
4,15
4,16
4,17
4,18
4,19
4,20
4,21
4,22
4,23
4,24
4,25
4,26
4,27
4,28
4,29
4,30
4,31
4,32
4,33
4,34
4,35
4,36
4,37
4,38
4,39
4,40
4,41
4,42
4,43
4,44
5,6
5,7
5,8
5,9
5,10
5,11
5,12
5,13
5,14
5,15
5,16
5,17
5,18
5,19
5,20
5,21
5,22
5,23
5,24
5,25
5,26
5,27
5,28
5,29
5,30
5,31
5,32
5,33
5,34
5,35
5,36
5,37
5,38
5,39
5,40
5,41
5,42
5,43
5,44
6,7
6,8
6,9
6,10
6,11
6,12
6,13
6,14
6,15
6,16
6,17
6,18
6,19
6,20
6,21
6,22
6,23
6,24
6,25
6,26
6,27
6,28
6,29
6,30
6,31
6,32
6,33
6,34
6,35
6,36
6,37
6,38
6,39
6,40
6,41
6,42
6,43
6,44
7,8
7,9
7,10
7,11
7,12
7,13
7,14
7,15
7,16
7,17
7,18
7,19
7,20
7,21
7,22
7,23
7,24
7,25
7,26
7,27
7,28
7,29
7,30
7,31
7,32
7,33
7,34
7,35
7,36
7,37
7,38
7,39
7,40
7,41
7,42
7,43
7,44
8,9
8,10
8,11
8,12
8,13
8,14
8,15
8,16
8,17
8,18
8,19
8,20
8,21
8,22
8,23
8,24
8,25
8,26
8,27
8,28
8,29
8,30
8,31
8,32
8,33
8,34
8,35
8,36
8,37
8,38
8,39
8,40
8,41
8,42
8,43
8,44
9,10
9,11
9,12
9,13
9,14
9,15
9,16
9,17
9,18
9,19
9,20
9,21
9,22
9,23
9,24
9,25
9,26
9,27
9,28
9,29
9,30
9,31
9,32
9,33
9,34
9,35
9,36
9,37
9,38
9,39
9,40
9,41
9,42
9,43
9,44
9,45
9,53
9,59
9,63
9,64
9,69
9,74
9,87
9,90
9,97
9,102
9,113
9,116
9,119
9,120
9,123
9,128
9,131
9,133
9,134
9,135
9,136
9,143
9,146
9,156
9,157
9,161
9,166
9,169
9,180
9,190
9,194
9,199
10,11
10,12
10,13
10,14
10,15
10,16
10,17
10,18
10,19
10,20
10,21
10,22
10,23
10,24
10,25
10,26
10,27
10,28
10,29
10,30
10,31
10,32
10,33
10,34
10,35
10,36
10,37
10,38
10,39
10,40
10,41
10,42
10,43
10,44
10,45
10,53
10,59
10,63
10,64
10,69
10,74
10,87
10,90
10,97
10,102
10,113
10,116
10,119
10,120
10,123
10,128
10,131
10,133
10,134
10,135
10,136
10,143
10,146
10,156
10,157
10,161
10,166
10,169
10,180
10,190
10,194
10,199
11,12
11,13
11,14
11,15
11,16
11,17
11,18
11,19
11,20
11,21
11,22
11,23
11,24
11,25
11,26
11,27
11,28
11,29
11,30
11,31
11,32
11,33
11,34
11,35
11,36
11,37
11,38
11,39
11,40
11,41
11,42
11,43
11,44
12,13
12,14
12,15
12,16
12,17
12,18
12,19
12,20
12,21
12,22
12,23
12,24
12,25
12,26
12,27
12,28
12,29
12,30
12,31
12,32
12,33
12,34
12,35
12,36
12,37
12,38
12,39
12,40
12,41
12,42
12,43
12,44
13,14
13,15
13,16
13,17
13,18
13,19
13,20
13,21
13,22
13,23
13,24
13,25
13,26
13,27
13,28
13,29
13,30
13,31
13,32
13,33
13,34
13,35
13,36
13,37
13,38
13,39
13,40
13,41
13,42
13,43
13,44
14,15
14,16
14,17
14,18
14,19
14,20
14,21
14,22
14,23
14,24
14,25
14,26
14,27
14,28
14,29
14,30
14,31
14,32
14,33
14,34
14,35
14,36
14,37
14,38
14,39
14,40
14,41
14,42
14,43
14,44
15,16
15,17
15,18
15,19
15,20
15,21
15,22
15,23
15,24
15,25
15,26
15,27
15,28
15,29
15,30
15,31
15,32
15,33
15,34
15,35
15,36
15,37
15,38
15,39
15,40
15,41
15,42
15,43
15,44
16,17
16,18
16,19
16,20
16,21
16,22
16,23
16,24
16,25
16,26
16,27
16,28
16,29
16,30
16,31
16,32
16,33
16,34
16,35
16,36
16,37
16,38
16,39
16,40
16,41
16,42
16,43
16,44
17,18
17,19
17,20
17,21
17,22
17,23
17,24
17,25
17,26
17,27
17,28
17,29
17,30
17,31
17,32
17,33
17,34
17,35
17,36
17,37
17,38
17,39
17,40
17,41
17,42
17,43
17,44
18,19
18,20
18,21
18,22
18,23
18,24
18,25
18,26
18,27
18,28
18,29
18,30
18,31
18,32
18,33
18,34
18,35
18,36
18,37
18,38
18,39
18,40
18,41
18,42
18,43
18,44
19,20
19,21
19,22
19,23
19,24
19,25
19,26
19,27
19,28
19,29
19,30
19,31
19,32
19,33
19,34
19,35
19,36
19,37
19,38
19,39
19,40
19,41
19,42
19,43
19,44
20,21
20,22
20,23
20,24
20,25
20,26
20,27
20,28
20,29
20,30
20,31
20,32
20,33
20,34
20,35
20,36
20,37
20,38
20,39
20,40
20,41
20,42
20,43
20,44
21,22
21,23
21,24
21,25
21,26
21,27
21,28
21,29
21,30
21,31
21,32
21,33
21,34
21,35
21,36
21,37
21,38
21,39
21,40
21,41
21,42
21,43
21,44
21,45
21,53
21,59
21,63
21,64
21,69
21,74
21,87
21,90
21,97
21,102
21,113
21,116
21,119
21,120
21,123
21,128
21,131
21,133
21,134
21,135
21,136
21,143
21,146
21,156
21,157
21,161
21,166
21,169
21,180
21,190
21,194
21,199
22,23
22,24
22,25
22,26
22,27
22,28
22,29
22,30
22,31
22,32
22,33
22,34
22,35
22,36
22,37
22,38
22,39
22,40
22,41
22,42
22,43
22,44
23,24
23,25
23,26
23,27
23,28
23,29
23,30
23,31
23,32
23,33
23,34
23,35
23,36
23,37
23,38
23,39
23,40
23,41
23,42
23,43
23,44
23,45
23,53
23,59
23,63
23,64
23,69
23,74
23,87
23,90
23,97
23,102
23,113
23,116
23,119
23,120
23,123
23,128
23,131
23,133
23,134
23,135
23,136
23,143
23,146
23,156
23,157
23,161
23,166
23,169
23,180
23,190
23,194
23,199
24,25
24,26
24,27
24,28
24,29
24,30
24,31
24,32
24,33
24,34
24,35
24,36
24,37
24,38
24,39
24,40
24,41
24,42
24,43
24,44
25,26
25,27
25,28
25,29
25,30
25,31
25,32
25,33
25,34
25,35
25,36
25,37
25,38
25,39
25,40
25,41
25,42
25,43
25,44
26,27
26,28
26,29
26,30
26,31
26,32
26,33
26,34
26,35
26,36
26,37
26,38
26,39
26,40
26,41
26,42
26,43
26,44
27,28
27,29
27,30
27,31
27,32
27,33
27,34
27,35
27,36
27,37
27,38
27,39
27,40
27,41
27,42
27,43
27,44
28,29
28,30
28,31
28,32
28,33
28,34
28,35
28,36
28,37
28,38
28,39
28,40
28,41
28,42
28,43
28,44
29,30
29,31
29,32
29,33
29,34
29,35
29,36
29,37
29,38
29,39
29,40
29,41
29,42
29,43
29,44
30,31
30,32
30,33
30,34
30,35
30,36
30,37
30,38
30,39
30,40
30,41
30,42
30,43
30,44
30,45
30,53
30,59
30,63
30,64
30,69
30,74
30,87
30,90
30,97
30,102
30,113
30,116
30,119
30,120
30,123
30,128
30,131
30,133
30,134
30,135
30,136
30,143
30,146
30,156
30,157
30,161
30,166
30,169
30,180
30,190
30,194
30,199
31,32
31,33
31,34
31,35
31,36
31,37
31,38
31,39
31,40
31,41
31,42
31,43
31,44
31,45
31,53
31,59
31,63
31,64
31,69
31,74
31,87
31,90
31,97
31,102
31,113
31,116
31,119
31,120
31,123
31,128
31,131
31,133
31,134
31,135
31,136
31,143
31,146
31,156
31,157
31,161
31,166
31,169
31,180
31,190
31,194
31,199
32,33
32,34
32,35
32,36
32,37
32,38
32,39
32,40
32,41
32,42
32,43
32,44
33,34
33,35
33,36
33,37
33,38
33,39
33,40
33,41
33,42
33,43
33,44
34,35
34,36
34,37
34,38
34,39
34,40
34,41
34,42
34,43
34,44
35,36
35,37
35,38
35,39
35,40
35,41
35,42
35,43
35,44
36,37
36,38
36,39
36,40
36,41
36,42
36,43
36,44
37,38
37,39
37,40
37,41
37,42
37,43
37,44
38,39
38,40
38,41
38,42
38,43
38,44
38,45
38,53
38,59
38,63
38,64
38,69
38,74
38,87
38,90
38,97
38,102
38,113
38,116
38,119
38,120
38,123
38,128
38,131
38,133
38,134
38,135
38,136
38,143
38,146
38,156
38,157
38,161
38,166
38,169
38,180
38,190
38,194
38,199
39,40
39,41
39,42
39,43
39,44
39,45
39,53
39,59
39,63
39,64
39,69
39,74
39,87
39,90
39,97
39,102
39,113
39,116
39,119
39,120
39,123
39,128
39,131
39,133
39,134
39,135
39,136
39,143
39,146
39,156
39,157
39,161
39,166
39,169
39,180
39,190
39,194
39,199
40,41
40,42
40,43
40,44
40,45
40,53
40,59
40,63
40,64
40,69
40,74
40,87
40,90
40,97
40,102
40,113
40,116
40,119
40,120
40,123
40,128
40,131
40,133
40,134
40,135
40,136
40,143
40,146
40,156
40,157
40,161
40,166
40,169
40,180
40,190
40,194
40,199
41,42
41,43
42,43
42,44
42,45
42,53
42,59
42,63
42,64
42,69
42,74
42,87
42,90
42,97
42,102
42,113
42,116
42,119
42,120
42,123
42,128
42,131
42,133
42,134
42,135
42,136
42,143
42,146
42,156
42,157
42,161
42,166
42,169
42,180
42,190
42,194
42,199
43,44
45,53
45,59
45,63
45,64
45,69
45,74
45,87
45,90
45,97
45,102
45,113
45,116
45,119
45,120
45,123
45,128
45,131
45,133
45,134
45,135
45,136
45,143
45,146
45,156
45,157
45,161
45,166
45,169
45,180
45,190
45,194
45,199
53,59
53,63
53,64
53,69
53,74
53,87
53,90
53,97
53,102
53,113
53,116
53,119
53,120
53,123
53,128
53,131
53,133
53,134
53,135
53,136
53,143
53,146
53,156
53,157
53,161
53,166
53,169
53,180
53,190
53,194
53,199
59,63
59,64
59,69
59,74
59,87
59,90
59,97
59,102
59,113
59,116
59,119
59,120
59,123
59,128
59,131
59,133
59,134
59,135
59,136
59,143
59,146
59,156
59,157
59,161
59,166
59,169
59,180
59,190
59,194
59,199
63,64
63,69
63,74
63,87
63,90
63,97
63,102
63,113
63,116
63,119
63,120
63,123
63,128
63,131
63,133
63,134
63,135
63,136
63,143
63,146
63,156
63,157
63,161
63,166
63,169
63,180
63,190
63,194
63,199
64,69
64,74
64,87
64,90
64,97
64,102
64,113
64,116
64,119
64,120
64,123
64,128
64,131
64,133
64,134
64,135
64,136
64,143
64,146
64,156
64,157
64,161
64,166
64,169
64,180
64,190
64,194
64,199
69,74
69,87
69,90
69,97
69,102
69,113
69,116
69,119
69,120
69,123
69,128
69,131
69,133
69,134
69,135
69,136
69,143
69,146
69,156
69,157
69,161
69,166
69,169
69,180
69,190
69,194
69,199
74,87
74,90
74,97
74,102
74,113
74,116
74,119
74,120
74,123
74,128
74,131
74,133
74,134
74,135
74,136
74,143
74,146
74,156
74,157
74,161
74,166
74,169
74,180
74,190
74,194
74,199
81,83
82,83
82,85
82,86
82,90
82,91
82,92
82,93
82,94
82,95
82,98
83,85
83,86
83,87
83,88
83,90
83,92
85,87
85,88
85,92
85,95
85,96
85,98
85,103
85,114
85,115
85,122
85,123
85,124
85,145
86,87
87,88
87,89
87,90
87,92
87,93
87,97
87,102
87,113
87,116
87,119
87,120
87,123
87,128
87,131
87,133
87,134
87,135
87,136
87,143
87,146
87,156
87,157
87,161
87,166
87,169
87,180
87,190
87,194
87,199
88,90
88,92
88,93
88,94
88,95
88,97
88,98
88,101
88,111
89,90
89,92
89,93
89,94
89,95
89,97
89,98
89,100
89,101
89,103
89,111
89,115
90,92
90,93
90,94
90,95
90,96
90,97
90,98
90,99
90,101
90,102
90,105
90,107
90,108
90,111
90,113
90,115
90,116
90,119
90,120
90,123
90,128
90,131
90,133
90,134
90,135
90,136
90,143
90,146
90,156
90,157
90,161
90,166
90,169
90,180
90,190
90,194
90,199
91,93
91,94
91,95
91,96
91,97
91,98
91,99
91,100
91,103
91,104
91,105
92,93
92,94
92,95
92,96
92,98
92,99
92,100
92,101
92,106
92,107
92,108
92,109
92,110
92,111
92,112
92,115
92,123
92,136
93,94
93,95
94,95
94,96
94,97
94,99
94,100
94,101
94,102
94,105
94,106
94,109
94,110
94,112
94,114
95,96
95,97
95,98
95,99
95,100
95,101
95,102
95,103
95,104
95,105
95,106
95,108
95,112
96,97
96,98
96,99
96,100
97,98
97,100
97,101
97,102
97,104
97,105
97,106
97,107
97,108
97,109
97,110
97,112
97,113
97,116
97,117
97,119
97,120
97,123
97,128
97,131
97,133
97,134
97,135
97,136
97,138
97,143
97,146
97,156
97,157
97,161
97,166
97,169
97,180
97,190
97,194
97,199
98,99
98,104
98,106
98,107
98,108
98,110
98,111
98,112
98,113
98,114
98,122
98,130
98,136
98,138
99,100
99,101
99,102
100,102
100,106
100,107
100,108
100,110
100,111
100,112
100,113
100,114
100,117
100,126
100,130
100,138
100,145
101,103
101,104
101,106
101,107
101,108
101,110
101,113
101,114
101,117
102,103
102,105
102,106
102,107
102,111
102,112
102,113
102,114
102,115
102,116
102,119
102,120
102,122
102,123
102,126
102,128
102,130
102,131
102,133
102,134
102,135
102,136
102,143
102,146
102,156
102,157
102,161
102,166
102,169
102,180
102,190
102,194
102,199
103,104
103,105
103,106
103,107
103,108
103,109
103,110
103,111
103,112
103,114
103,115
103,124
103,126
103,128
103,130
103,136
103,137
103,138
103,139
103,145
103,151
104,105
104,107
104,108
104,111
104,113
104,114
104,115
104,117
104,118
104,121
105,106
105,107
105,110
105,111
105,112
105,113
105,114
105,115
105,117
105,118
105,120
105,121
105,122
105,123
105,124
105,126
105,127
105,129
105,136
105,137
105,138
105,139
105,140
105,145
105,151
106,107
106,108
106,109
106,110
106,111
106,112
106,113
106,114
108,109
108,114
108,115
108,117
108,121
108,123
108,124
109,111
109,113
109,114
109,115
109,116
109,117
109,120
109,121
109,122
109,123
109,124
109,128
109,130
110,111
110,113
110,114
110,115
110,116
110,118
110,120
110,121
110,122
110,123
110,124
110,126
110,127
110,128
111,112
111,113
111,114
111,115
111,116
111,117
111,118
111,120
111,121
111,124
111,126
111,127
111,128
111,129
111,130
111,136
111,139
111,145
111,151
112,114
112,115
112,117
112,118
112,119
112,120
112,121
112,122
112,123
112,124
112,125
112,128
112,129
112,130
112,134
112,136
112,138
112,139
112,140
112,145
112,151
113,116
113,117
113,119
113,120
113,123
113,125
113,127
113,128
113,129
113,130
113,131
113,133
113,134
113,135
113,136
113,138
113,143
113,146
113,156
113,157
113,161
113,166
113,169
113,180
113,190
113,194
113,199
114,115
114,116
114,117
114,121
114,122
114,124
114,127
114,128
114,129
114,130
114,134
114,136
114,137
114,138
114,139
114,141
114,145
114,151
114,152
115,117
115,118
115,120
115,121
115,122
115,125
115,126
115,127
115,128
115,129
115,130
115,134
115,136
115,137
115,139
115,140
115,141
115,142
115,151
115,152
115,154
115,155
116,117
116,118
116,119
116,120
116,121
116,122
116,123
116,125
116,126
116,128
116,129
116,131
116,133
116,134
116,135
116,136
116,138
116,139
116,140
116,141
116,142
116,143
116,145
116,146
116,148
116,156
116,157
116,161
116,166
116,169
116,180
116,190
116,194
116,199
117,118
117,119
117,122
117,124
117,125
117,126
118,119
118,120
118,121
118,122
118,125
118,126
118,127
118,128
118,129
118,130
118,134
118,136
118,140
118,141
118,145
118,152
118,155
118,159
118,163
119,120
119,122
119,123
119,124
119,125
119,126
119,127
119,128
119,129
119,130
119,131
119,133
119,134
119,135
119,136
119,138
119,139
119,141
119,143
119,146
119,156
119,157
119,161
119,166
119,169
119,180
119,190
119,194
119,199
120,122
120,123
120,124
120,125
120,126
120,128
120,130
120,131
120,133
120,134
120,135
120,136
120,143
120,146
120,156
120,157
120,161
120,166
120,169
120,180
120,190
120,194
120,199
121,122
121,123
121,124
121,126
121,129
121,130
121,134
121,136
121,139
121,140
121,141
121,142
122,123
122,124
122,126
122,127
122,128
122,129
122,130
122,131
122,133
122,134
122,136
122,137
122,138
122,139
122,140
122,141
122,142
122,145
122,152
122,153
122,155
122,163
123,124
123,126
123,127
123,128
123,130
123,131
123,133
123,134
123,135
123,136
123,138
123,139
123,140
123,141
123,142
123,143
123,145
123,146
123,148
123,149
123,151
123,152
123,154
123,155
123,156
123,157
123,159
123,161
123,163
123,166
123,169
123,180
123,190
123,194
123,199
124,125
124,126
124,127
124,128
124,129
124,131
124,134
124,135
124,136
124,137
124,138
124,139
124,140
124,141
124,142
124,145
124,148
124,149
124,152
124,153
124,154
124,155
124,159
125,126
125,127
125,128
125,129
125,130
125,131
125,134
125,136
125,139
125,140
125,142
125,149
125,151
125,153
125,154
126,127
126,128
126,130
126,135
126,136
126,137
126,138
126,139
126,140
127,129
127,130
127,131
127,132
127,136
127,137
127,139
127,140
127,141
127,142
127,151
127,153
127,154
127,159
128,130
128,131
128,132
128,133
128,134
128,135
128,136
128,143
128,146
128,156
128,157
128,161
128,166
128,169
128,180
128,190
128,194
128,199
129,132
129,134
129,142
129,145
129,148
130,131
130,134
130,135
130,137
130,140
130,142
130,148
131,133
131,134
131,135
131,136
131,139
131,142
131,143
131,145
131,146
131,148
131,150
131,151
131,155
131,156
131,157
131,159
131,161
131,166
131,169
131,180
131,190
131,194
131,199
132,133
132,134
132,135
132,136
132,137
132,138
132,141
132,142
132,143
132,145
132,148
132,149
132,150
132,152
132,155
132,159
133,134
133,135
133,136
133,137
133,138
133,139
133,141
133,142
133,143
133,145
133,146
133,148
133,150
133,151
133,152
133,153
133,155
133,156
133,157
133,161
133,166
133,169
133,180
133,190
133,194
133,199
134,135
134,136
134,139
134,140
134,143
134,145
134,146
134,148
134,150
134,151
134,152
134,153
134,154
134,155
134,156
134,157
134,158
134,159
134,161
134,163
134,166
134,169
134,176
134,180
134,190
134,194
134,199
135,136
135,141
135,143
135,145
135,146
135,149
135,150
135,156
135,157
135,161
135,166
135,169
135,180
135,190
135,194
135,199
136,138
136,141
136,143
136,146
136,148
136,149
136,150
136,151
136,152
136,153
136,154
136,156
136,157
136,158
136,161
136,166
136,169
136,180
136,190
136,194
136,199
137,139
137,142
137,145
137,148
137,149
137,152
137,153
137,154
137,155
137,158
137,163
138,141
138,142
138,143
138,144
138,145
138,148
138,149
138,151
138,152
138,155
138,158
138,159
138,163
139,140
139,141
139,143
139,144
139,145
139,148
139,149
139,150
139,155
139,158
139,160
140,141
140,142
140,143
140,144
140,145
140,148
140,149
140,150
140,151
140,152
140,154
140,157
140,158
140,159
140,160
141,142
141,143
141,144
141,145
142,143
142,144
142,145
142,146
142,149
142,150
142,151
142,152
142,155
142,157
142,158
142,167
143,144
143,145
143,146
143,147
143,148
143,149
143,150
143,151
143,152
143,153
143,154
143,155
143,156
143,157
143,160
143,161
143,163
143,166
143,167
143,169
143,170
143,176
143,180
143,190
143,194
143,199
145,146
145,147
145,149
145,150
145,151
145,152
145,153
145,154
145,158
145,159
145,160
145,163
145,167
145,170
145,173
145,176
146,147
146,150
146,151
146,152
146,153
146,154
146,155
146,156
146,157
146,159
146,161
146,166
146,169
146,171
146,173
146,180
146,190
146,194
146,199
147,148
147,149
147,150
147,151
147,152
147,153
147,154
147,155
147,159
147,162
147,163
147,167
147,171
147,173
147,176
148,150
148,151
148,152
148,153
148,154
148,155
148,157
148,158
148,159
148,160
148,162
148,163
148,165
148,167
148,171
148,173
148,176
148,178
149,151
149,152
149,154
149,155
149,157
149,162
149,163
149,164
149,165
149,167
149,171
149,173
149,174
149,175
149,176
149,177
150,153
151,152
151,153
151,154
151,155
151,157
151,163
151,167
151,171
151,177
151,178
151,180
152,153
152,155
152,158
152,159
152,160
152,163
152,164
152,165
152,167
152,171
152,175
152,177
152,178
152,180
153,154
153,155
153,157
153,158
153,160
153,162
153,163
153,164
153,165
153,167
153,170
153,171
153,174
153,175
153,177
153,178
153,180
153,183
153,184
153,186
154,155
154,159
154,162
154,164
154,165
154,166
154,171
154,173
154,174
154,175
154,178
154,180
154,181
154,183
154,184
155,157
155,159
155,162
155,164
155,165
155,166
155,167
155,169
155,170
155,172
155,173
155,174
155,175
155,176
155,177
155,178
155,180
155,181
155,183
155,184
155,186
155,189
155,190
156,157
156,158
156,159
156,160
156,161
156,162
156,165
156,166
156,169
156,180
156,190
156,194
156,199
157,158
157,160
157,161
157,163
157,165
157,166
157,169
157,171
157,174
157,175
157,176
157,177
157,178
157,180
157,189
157,190
157,194
157,199
158,160
158,162
158,163
158,164
158,166
158,167
158,171
158,172
158,173
158,174
158,175
158,176
158,178
158,179
158,180
158,183
158,186
158,188
158,190
159,160
159,162
159,163
159,164
159,166
159,167
159,170
159,171
159,172
159,174
159,175
159,177
159,178
159,179
159,180
159,181
159,182
159,183
159,184
159,186
160,162
160,163
160,164
160,165
160,166
160,169
160,170
160,171
160,172
160,173
160,174
160,175
160,177
160,178
160,179
160,181
160,182
160,183
160,184
160,185
160,186
160,188
160,189
160,193
161,166
161,169
161,180
161,190
161,194
161,199
162,163
162,164
162,165
162,166
162,167
162,168
162,169
162,170
162,171
162,172
162,173
162,176
162,177
162,178
162,179
162,180
162,181
162,182
162,183
162,185
162,186
162,188
162,189
162,190
163,166
163,167
163,168
163,169
163,170
163,171
163,172
163,173
163,175
163,176
163,177
163,178
163,179
163,181
163,182
163,183
163,184
163,186
163,188
163,190
164,165
164,166
164,167
164,168
164,169
164,170
164,171
164,173
164,175
164,176
164,177
164,178
164,179
164,180
164,182
164,185
164,186
164,188
165,166
165,167
165,168
165,169
165,170
165,173
165,176
165,177
165,179
165,180
165,183
165,184
165,185
165,188
165,189
165,190
165,192
165,193
166,168
166,169
166,180
166,190
166,194
166,199
167,169
167,173
167,175
167,176
167,177
167,178
167,179
167,180
167,181
167,182
167,185
167,188
167,192
168,169
168,170
168,171
168,172
168,173
168,174
169,170
169,172
169,173
169,180
169,190
169,194
169,199
170,171
170,172
170,173
170,174
170,175
170,176
170,177
170,178
170,181
170,182
170,183
170,184
170,185
170,186
170,188
170,192
170,193
170,196
171,173
171,174
171,176
171,177
171,178
171,181
171,184
171,185
171,186
171,189
171,190
171,191
171,192
171,193
171,194
171,196
171,198
172,173
172,174
172,175
172,176
172,177
172,178
172,180
172,181
172,182
172,184
172,185
172,186
172,188
172,190
172,192
172,193
172,194
172,198
173,175
173,176
174,176
174,177
174,178
174,180
174,181
174,182
174,183
174,184
174,189
174,190
174,191
174,192
174,193
174,195
174,196
175,176
175,177
175,178
175,179
175,182
175,183
175,184
175,185
175,186
175,188
175,189
175,190
175,191
175,192
175,193
175,195
175,196
175,197
175,198
176,177
176,178
176,179
176,182
176,184
176,185
176,186
176,189
177,178
177,180
177,181
177,182
177,185
177,186
177,187
177,188
177,192
177,194
177,195
177,197
178,179
178,180
178,183
178,185
178,186
178,188
178,190
178,191
178,192
178,193
178,194
178,195
178,196
178,197
178,198
180,182
180,190
180,194
180,199
181,183
181,184
181,186
181,188
181,189
181,190
181,191
181,192
181,193
181,195
181,196
181,197
181,198
182,183
182,184
182,185
182,186
182,187
182,189
182,191
182,192
182,193
182,194
182,195
183,185
183,186
183,187
183,189
183,190
183,191
183,192
183,195
183,197
183,198
184,186
184,187
184,189
184,190
184,191
184,192
184,193
184,194
184,195
184,196
184,198
185,187
185,188
185,189
185,190
185,192
185,193
185,194
185,195
185,196
185,197
185,198
186,187
186,188
186,189
186,190
186,192
186,193
186,195
186,196
186,197
186,198
187,190
187,191
187,192
187,193
187,194
187,195
187,197
187,199
188,190
188,191
188,192
188,193
188,194
188,196
188,198
188,199
189,190
189,193
189,196
189,198
189,199
190,192
190,194
190,195
190,196
190,198
190,199
191,193
191,194
191,195
191,196
192,193
192,195
192,196
192,197
192,198
193,194
193,196
193,197
193,198
194,196
194,197
194,199
195,196
195,197
195,198
195,199
196,197
196,198
197,198
197,199
198,199
