0,1
0,2
0,3
0,4
0,5
0,6
0,7
0,8
0,9
0,10
0,11
0,12
0,13
0,14
0,15
0,16
0,17
0,18
0,19
0,20
0,21
0,22
0,23
0,24
0,25
0,26
0,27
0,28
0,29
0,30
0,31
0,32
0,33
0,34
0,35
0,36
0,37
0,38
0,39
0,40
0,41
0,42
0,43
0,44
0,45
0,46
0,47
0,48
0,49
0,50
0,51
0,52
0,53
0,54
0,55
0,56
0,57
0,64
0,66
1,2
1,3
1,4
1,5
1,6
1,7
1,8
1,9
1,10
1,11
1,12
1,13
1,14
1,15
1,16
1,17
1,18
1,19
1,20
1,21
1,22
1,23
1,24
1,25
1,26
1,27
1,28
1,29
1,30
1,31
1,32
1,33
1,34
1,35
1,36
1,37
1,38
1,39
1,40
1,41
1,42
1,43
1,44
1,45
1,46
1,47
1,48
1,49
1,50
1,51
1,52
1,53
1,54
1,55
1,56
1,57
2,3
2,4
2,5
2,6
2,7
2,8
2,9
2,10
2,11
2,12
2,13
2,14
2,15
2,16
2,17
2,18
2,19
2,20
2,21
2,22
2,23
2,24
2,25
2,26
2,27
2,28
2,29
2,30
2,31
2,32
2,33
2,34
2,35
2,36
2,37
2,38
2,39
2,40
2,41
2,42
2,43
2,44
2,45
2,46
2,47
2,48
2,49
2,50
2,51
2,52
2,53
2,54
2,55
2,56
2,57
2,79
3,4
3,5
3,6
3,7
3,8
3,9
3,10
3,11
3,12
3,13
3,14
3,15
3,16
3,17
3,18
3,19
3,20
3,21
3,22
3,23
3,24
3,25
3,26
3,27
3,28
3,29
3,30
3,31
3,32
3,33
3,34
3,35
3,36
3,37
3,38
3,39
3,40
3,41
3,42
3,43
3,44
3,45
3,46
3,47
3,48
3,49
3,50
3,51
3,52
3,53
3,54
3,55
3,56
3,57
3,58
3,63
3,66
3,67
3,69
3,71
3,74
3,76
3,78
3,81
3,84
3,88
3,98
3,102
3,104
3,108
3,114
3,118
3,123
3,124
3,126
3,128
3,135
3,137
3,138
3,140
3,142
3,151
3,155
3,158
3,161
3,165
3,174
3,178
3,181
3,189
3,191
3,192
3,197
3,198
3,199
4,5
4,6
4,7
4,8
4,9
4,10
4,11
4,12
4,13
4,14
4,15
4,16
4,17
4,18
4,19
4,20
4,21
4,22
4,23
4,24
4,25
4,26
4,27
4,28
4,29
4,30
4,31
4,32
4,33
4,34
4,35
4,36
4,37
4,38
4,39
4,40
4,41
4,42
4,43
4,44
4,45
4,46
4,47
4,48
4,49
4,50
4,51
4,52
4,53
4,54
4,55
4,56
4,57
4,64
4,66
4,67
4,72
4,76
4,79
4,86
4,89
4,91
4,105
4,108
4,110
4,113
4,115
4,118
4,119
4,122
4,123
5,6
5,7
5,8
5,9
5,10
5,11
5,12
5,13
5,14
5,15
5,16
5,17
5,18
5,19
5,20
5,21
5,22
5,23
5,24
5,25
5,26
5,27
5,28
5,29
5,30
5,31
5,32
5,33
5,34
5,35
5,36
5,37
5,38
5,39
5,40
5,41
5,42
5,43
5,44
5,45
5,46
5,47
5,48
5,49
5,50
5,51
5,52
5,53
5,54
5,55
5,56
5,57
5,58
5,63
5,66
5,67
5,68
5,69
5,71
5,74
5,76
5,78
5,79
5,81
5,82
5,84
5,85
5,86
5,88
5,89
5,91
5,95
5,96
5,98
5,99
5,102
5,104
5,108
5,114
5,118
5,123
5,124
5,126
5,128
5,135
5,137
5,138
5,140
5,142
5,151
5,155
5,158
5,161
5,165
5,174
5,178
5,181
5,189
5,191
5,192
5,197
5,198
5,199
6,7
6,8
6,9
6,10
6,11
6,12
6,13
6,14
6,15
6,16
6,17
6,18
6,19
6,20
6,21
6,22
6,23
6,24
6,25
6,26
6,27
6,28
6,29
6,30
6,31
6,32
6,33
6,34
6,35
6,36
6,37
6,38
6,39
6,40
6,41
6,42
6,43
6,44
6,45
6,46
6,47
6,48
6,49
6,50
6,51
6,52
6,53
6,54
6,55
6,56
6,57
6,58
6,63
6,66
6,67
6,68
6,69
6,70
6,71
6,72
6,73
6,74
6,76
6,78
6,79
6,80
6,81
6,82
6,83
6,84
6,85
6,86
6,88
6,89
6,90
6,91
6,93
6,95
6,96
6,97
6,98
6,99
6,102
6,103
6,104
6,105
6,107
6,108
6,110
6,112
6,113
6,114
6,115
6,117
6,118
6,119
6,120
6,121
6,122
6,123
6,124
6,126
6,128
6,129
6,132
6,134
6,135
6,137
6,138
6,139
6,140
6,141
6,142
6,144
6,145
6,146
6,148
6,149
6,150
6,151
6,152
6,154
6,155
6,156
6,158
6,159
6,161
6,162
6,163
6,165
6,166
6,167
6,168
6,169
6,172
6,173
6,174
6,175
6,176
6,177
6,178
6,181
6,183
6,184
6,187
6,188
6,189
6,190
6,191
6,192
6,193
6,194
6,197
6,198
6,199
7,8
7,9
7,10
7,11
7,12
7,13
7,14
7,15
7,16
7,17
7,18
7,19
7,20
7,21
7,22
7,23
7,24
7,25
7,26
7,27
7,28
7,29
7,30
7,31
7,32
7,33
7,34
7,35
7,36
7,37
7,38
7,39
7,40
7,41
7,42
7,43
7,44
7,45
7,46
7,47
7,48
7,49
7,50
7,51
7,52
7,53
7,54
7,55
7,56
7,57
8,9
8,10
8,11
8,12
8,13
8,14
8,15
8,16
8,17
8,18
8,19
8,20
8,21
8,22
8,23
8,24
8,25
8,26
8,27
8,28
8,29
8,30
8,31
8,32
8,33
8,34
8,35
8,36
8,37
8,38
8,39
8,40
8,41
8,42
8,43
8,44
8,45
8,46
8,47
8,48
8,49
8,50
8,51
8,52
8,53
8,54
8,55
8,56
8,57
9,10
9,11
9,12
9,13
9,14
9,15
9,16
9,17
9,18
9,19
9,20
9,21
9,22
9,23
9,24
9,25
9,26
9,27
9,28
9,29
9,30
9,31
9,32
9,33
9,34
9,35
9,36
9,37
9,38
9,39
9,40
9,41
9,42
9,43
9,44
9,45
9,46
9,47
9,48
9,49
9,50
9,51
9,52
9,53
9,54
9,55
9,56
9,57
9,62
9,64
9,65
9,66
9,67
9,68
9,69
9,70
9,71
9,72
9,73
9,76
9,77
9,78
9,79
9,80
9,81
9,82
9,83
9,85
9,86
9,89
9,90
9,91
9,93
9,95
9,96
9,97
9,99
9,103
9,105
9,107
9,108
9,109
9,110
9,112
9,113
9,116
9,117
9,118
9,119
10,11
10,12
10,13
10,14
10,15
10,16
10,17
10,18
10,19
10,20
10,21
10,22
10,23
10,24
10,25
10,26
10,27
10,28
10,29
10,30
10,31
10,32
10,33
10,34
10,35
10,36
10,37
10,38
10,39
10,40
10,41
10,42
10,43
10,44
10,45
10,46
10,47
10,48
10,49
10,50
10,51
10,52
10,53
10,54
10,55
10,56
10,57
10,60
10,61
10,62
10,63
10,64
10,65
10,66
10,67
10,68
10,69
10,70
10,71
10,72
10,73
10,75
10,76
10,77
10,78
10,79
10,80
10,81
10,82
10,83
10,85
10,87
10,89
10,90
10,91
10,93
10,95
10,96
10,97
10,99
10,100
10,101
10,102
10,103
10,105
10,107
10,108
10,109
10,110
10,112
10,113
10,114
10,115
10,117
10,118
10,119
10,120
10,121
10,122
10,123
10,125
10,131
10,132
10,134
10,135
10,137
10,139
10,141
10,144
10,145
10,146
10,148
10,150
10,151
10,154
10,155
10,156
10,159
10,162
10,163
10,165
10,166
10,167
10,168
10,169
10,171
10,172
10,173
10,174
10,175
10,176
10,178
10,179
10,180
10,181
10,182
10,183
10,184
10,185
10,187
10,188
10,189
10,190
10,191
10,192
10,193
10,194
10,196
10,199
11,12
11,13
11,14
11,15
11,16
11,17
11,18
11,19
11,20
11,21
11,22
11,23
11,24
11,25
11,26
11,27
11,28
11,29
11,30
11,31
11,32
11,33
11,34
11,35
11,36
11,37
11,38
11,39
11,40
11,41
11,42
11,43
11,44
11,45
11,46
11,47
11,48
11,49
11,50
11,51
11,52
11,53
11,54
11,55
11,56
11,57
11,58
11,61
11,62
11,63
11,64
11,66
11,67
11,69
11,71
11,74
11,76
11,78
11,81
11,84
11,88
11,98
11,102
11,104
11,108
11,114
11,118
11,123
11,124
11,126
11,128
11,135
11,137
11,138
11,140
11,142
11,151
11,155
11,158
11,161
11,165
11,174
11,178
11,181
11,189
11,191
11,192
11,197
11,198
11,199
12,13
12,14
12,15
12,16
12,17
12,18
12,19
12,20
12,21
12,22
12,23
12,24
12,25
12,26
12,27
12,28
12,29
12,30
12,31
12,32
12,33
12,34
12,35
12,36
12,37
12,38
12,39
12,40
12,41
12,42
12,43
12,44
12,45
12,46
12,47
12,48
12,49
12,50
12,51
12,52
12,53
12,54
12,55
12,56
12,57
12,62
12,63
12,64
12,65
12,67
12,68
12,69
12,70
12,71
12,72
12,73
12,75
12,77
12,78
12,80
12,81
12,82
12,85
12,87
12,89
12,90
12,91
12,92
12,93
12,94
12,95
12,96
12,97
12,99
12,101
12,102
12,103
12,105
12,107
12,108
12,109
12,110
12,111
12,113
12,114
12,115
12,116
12,117
12,118
12,119
12,121
12,122
12,123
12,125
12,129
12,131
12,132
12,134
12,135
12,137
12,140
12,141
12,143
12,145
12,146
12,148
12,149
12,150
12,151
12,152
12,154
12,155
12,156
12,159
12,160
13,14
13,15
13,16
13,17
13,18
13,19
13,20
13,21
13,22
13,23
13,24
13,25
13,26
13,27
13,28
13,29
13,30
13,31
13,32
13,33
13,34
13,35
13,36
13,37
13,38
13,39
13,40
13,41
13,42
13,43
13,44
13,45
13,46
13,47
13,48
13,49
13,50
13,51
13,52
13,53
13,54
13,55
13,56
13,57
13,58
13,63
13,66
13,67
13,69
13,71
13,72
13,73
13,74
13,75
13,76
13,77
13,78
13,79
13,80
13,81
13,82
13,83
13,84
13,85
13,86
13,87
13,88
13,89
13,90
13,91
13,92
13,98
13,102
13,104
13,108
13,114
13,118
13,123
13,124
13,126
13,128
13,135
13,137
13,138
13,140
13,142
13,151
13,155
13,158
13,161
13,165
13,174
13,178
13,181
13,189
13,191
13,192
13,197
13,198
13,199
14,15
14,16
14,17
14,18
14,19
14,20
14,21
14,22
14,23
14,24
14,25
14,26
14,27
14,28
14,29
14,30
14,31
14,32
14,33
14,34
14,35
14,36
14,37
14,38
14,39
14,40
14,41
14,42
14,43
14,44
14,45
14,46
14,47
14,48
14,49
14,50
14,51
14,52
14,53
14,54
14,55
14,56
14,57
14,66
14,67
14,68
14,70
14,71
14,72
14,73
14,74
14,75
14,76
14,77
15,16
15,17
15,18
15,19
15,20
15,21
15,22
15,23
15,24
15,25
15,26
15,27
15,28
15,29
15,30
15,31
15,32
15,33
15,34
15,35
15,36
15,37
15,38
15,39
15,40
15,41
15,42
15,43
15,44
15,45
15,46
15,47
15,48
15,49
15,50
15,51
15,52
15,53
15,54
15,55
15,56
15,57
15,65
15,66
15,67
15,68
15,70
15,71
15,72
15,73
15,74
15,75
15,76
15,77
15,78
15,79
15,80
15,81
15,82
15,83
15,84
15,86
15,87
15,89
15,90
15,91
15,92
15,93
15,94
15,95
15,96
15,97
15,99
15,100
15,101
15,103
15,105
15,107
15,108
15,109
15,110
15,111
15,112
15,113
15,116
15,117
15,118
15,122
15,123
15,125
15,126
15,127
15,128
15,129
15,130
15,132
15,134
15,135
15,136
15,137
15,139
15,140
15,141
15,142
15,143
15,144
15,145
15,146
15,148
15,149
15,150
15,151
15,152
15,153
15,155
15,156
15,157
15,159
16,17
16,18
16,19
16,20
16,21
16,22
16,23
16,24
16,25
16,26
16,27
16,28
16,29
16,30
16,31
16,32
16,33
16,34
16,35
16,36
16,37
16,38
16,39
16,40
16,41
16,42
16,43
16,44
16,45
16,46
16,47
16,48
16,49
16,50
16,51
16,52
16,53
16,54
16,55
16,56
16,57
16,58
16,63
16,66
16,67
16,69
16,71
16,74
16,76
16,78
16,81
16,84
16,88
16,98
16,102
16,104
16,108
16,114
16,118
16,123
16,124
16,126
16,128
16,135
16,137
16,138
16,140
16,142
16,151
16,155
16,158
16,161
16,165
16,174
16,178
16,181
16,189
16,191
16,192
16,197
16,198
16,199
17,18
17,19
17,20
17,21
17,22
17,23
17,24
17,25
17,26
17,27
17,28
17,29
17,30
17,31
17,32
17,33
17,34
17,35
17,36
17,37
17,38
17,39
17,40
17,41
17,42
17,43
17,44
17,45
17,46
17,47
17,48
17,49
17,50
17,51
17,52
17,53
17,54
17,55
17,56
17,57
17,58
17,63
17,66
17,67
17,69
17,71
17,72
17,73
17,74
17,75
17,76
17,77
17,78
17,80
17,81
17,82
17,84
17,85
17,86
17,87
17,88
17,98
17,102
17,104
17,108
17,114
17,118
17,123
17,124
17,126
17,128
17,135
17,137
17,138
17,140
17,142
17,151
17,155
17,158
17,161
17,165
17,174
17,178
17,181
17,189
17,191
17,192
17,197
17,198
17,199
18,19
18,20
18,21
18,22
18,23
18,24
18,25
18,26
18,27
18,28
18,29
18,30
18,31
18,32
18,33
18,34
18,35
18,36
18,37
18,38
18,39
18,40
18,41
18,42
18,43
18,44
18,45
18,46
18,47
18,48
18,49
18,50
18,51
18,52
18,53
18,54
18,55
18,56
18,57
18,62
18,63
18,65
18,66
18,67
18,68
18,69
18,70
18,71
18,73
18,74
18,75
18,76
18,77
18,78
18,79
18,80
18,81
18,82
18,83
18,84
18,85
18,86
18,87
18,88
18,89
18,90
18,91
18,92
18,93
18,94
18,95
18,96
18,99
18,100
19,20
19,21
19,22
19,23
19,24
19,25
19,26
19,27
19,28
19,29
19,30
19,31
19,32
19,33
19,34
19,35
19,36
19,37
19,38
19,39
19,40
19,41
19,42
19,43
19,44
19,45
19,46
19,47
19,48
19,49
19,50
19,51
19,52
19,53
19,54
19,55
19,56
19,57
19,66
19,67
19,68
19,69
19,70
19,71
19,72
19,74
19,75
19,76
19,77
19,78
19,79
19,80
19,81
19,82
19,83
19,84
20,21
20,22
20,23
20,24
20,25
20,26
20,27
20,28
20,29
20,30
20,31
20,32
20,33
20,34
20,35
20,36
20,37
20,38
20,39
20,40
20,41
20,42
20,43
20,44
20,45
20,46
20,47
20,48
20,49
20,50
20,51
20,52
20,53
20,54
20,55
20,56
20,57
20,61
20,62
20,63
20,64
20,65
20,66
20,67
20,68
20,69
20,70
20,71
20,72
20,73
20,74
20,75
20,76
20,77
20,78
20,79
20,80
20,81
20,83
20,84
20,85
20,86
20,87
20,88
20,89
20,90
20,91
20,92
20,93
20,94
20,96
20,97
20,99
20,100
20,101
20,102
20,103
20,105
20,107
20,108
20,109
20,110
20,111
20,112
20,114
20,116
20,117
20,118
20,119
20,120
20,121
20,122
20,123
20,124
20,125
20,126
20,127
20,128
20,129
20,130
20,131
20,132
20,134
20,137
20,139
20,141
20,143
20,144
20,145
20,146
20,148
20,149
20,150
20,151
20,152
20,153
20,154
21,22
21,23
21,24
21,25
21,26
21,27
21,28
21,29
21,30
21,31
21,32
21,33
21,34
21,35
21,36
21,37
21,38
21,39
21,40
21,41
21,42
21,43
21,44
21,45
21,46
21,47
21,48
21,49
21,50
21,51
21,52
21,53
21,54
21,55
21,56
21,57
22,23
22,24
22,25
22,26
22,27
22,28
22,29
22,30
22,31
22,32
22,33
22,34
22,35
22,36
22,37
22,38
22,39
22,40
22,41
22,42
22,43
22,44
22,45
22,46
22,47
22,48
22,49
22,50
22,51
22,52
22,53
22,54
22,55
22,56
22,57
23,24
23,25
23,26
23,27
23,28
23,29
23,30
23,31
23,32
23,33
23,34
23,35
23,36
23,37
23,38
23,39
23,40
23,41
23,42
23,43
23,44
23,45
23,46
23,47
23,48
23,49
23,50
23,51
23,52
23,53
23,54
23,55
23,56
23,57
23,67
23,68
23,69
23,70
23,71
23,72
23,73
23,74
23,75
23,76
23,77
23,78
23,80
23,81
23,82
23,83
23,84
23,85
23,86
23,87
23,88
23,89
23,92
23,93
23,94
23,95
23,96
23,97
23,98
23,100
23,101
23,102
23,105
23,107
23,109
23,110
23,112
23,113
23,116
23,117
23,118
23,119
23,120
23,121
23,122
24,25
24,26
24,27
24,28
24,29
24,30
24,31
24,32
24,33
24,34
24,35
24,36
24,37
24,38
24,39
24,40
24,41
24,42
24,43
24,44
24,45
24,46
24,47
24,48
24,49
24,50
24,51
24,52
24,53
24,54
24,55
24,56
24,57
24,63
24,64
24,65
24,66
24,67
24,68
24,69
24,70
24,71
24,72
24,73
24,74
24,76
24,77
24,78
24,79
24,80
24,81
24,82
24,83
24,84
24,85
24,86
24,87
24,88
24,89
24,90
24,91
24,92
24,93
24,94
24,95
24,96
24,97
24,98
24,99
24,100
24,101
24,102
24,103
24,105
24,106
24,107
24,108
24,109
24,110
24,111
24,112
24,114
24,115
24,116
24,117
24,118
24,119
24,120
24,121
24,122
24,123
24,124
24,125
24,126
24,128
24,129
24,130
24,131
24,135
24,136
24,137
24,138
24,139
24,140
24,141
25,26
25,27
25,28
25,29
25,30
25,31
25,32
25,33
25,34
25,35
25,36
25,37
25,38
25,39
25,40
25,41
25,42
25,43
25,44
25,45
25,46
25,47
25,48
25,49
25,50
25,51
25,52
25,53
25,54
25,55
25,56
26,27
26,28
26,29
26,30
26,31
26,32
26,33
26,34
26,35
26,36
26,37
26,38
26,39
26,40
26,41
26,42
26,43
26,44
26,45
26,46
26,47
26,48
26,49
26,50
26,51
26,52
26,53
26,54
26,55
26,56
26,57
26,66
26,67
26,68
26,69
26,70
26,71
26,72
26,73
26,74
26,75
26,76
26,77
26,78
26,79
26,81
26,82
26,84
26,85
26,86
26,88
26,89
26,90
27,28
27,29
27,30
27,31
27,32
27,33
27,34
27,35
27,36
27,37
27,38
27,39
27,40
27,41
27,42
27,43
27,44
27,45
27,46
27,47
27,48
27,49
27,50
27,51
27,52
27,53
27,54
27,55
27,56
27,57
27,58
27,62
27,63
27,64
27,65
27,66
27,67
27,68
27,69
27,70
27,71
27,72
27,73
27,74
27,75
27,76
27,77
27,78
27,79
27,80
27,81
27,82
27,83
27,84
27,85
27,86
27,88
27,89
27,90
27,91
27,92
27,93
27,94
27,95
27,96
27,97
27,98
27,99
27,100
27,101
27,102
27,103
27,104
27,105
27,108
27,114
27,118
27,123
27,124
27,126
27,128
27,135
27,137
27,138
27,140
27,142
27,151
27,155
27,158
27,161
27,165
27,174
27,178
27,181
27,189
27,191
27,192
27,197
27,198
27,199
28,29
28,30
28,31
28,32
28,33
28,34
28,35
28,36
28,37
28,38
28,39
28,40
28,41
28,42
28,43
28,44
28,45
28,46
28,47
28,48
28,49
28,50
28,51
28,52
28,53
28,54
28,55
28,56
28,57
28,58
28,62
28,63
28,64
28,65
28,66
28,67
28,68
28,69
28,70
28,71
28,72
28,73
28,74
28,75
28,76
28,77
28,78
28,79
28,80
28,81
28,82
28,83
28,84
28,85
28,86
28,87
28,88
28,89
28,90
28,91
28,92
28,93
28,94
28,95
28,96
28,97
28,98
28,99
28,100
28,101
28,102
28,103
28,104
28,105
28,106
28,107
28,108
28,109
28,110
28,111
28,112
28,113
28,114
28,115
28,116
28,117
28,118
28,119
28,120
28,121
28,122
28,123
28,124
28,125
28,126
28,127
28,128
28,129
28,130
28,131
28,132
28,133
28,134
28,135
28,136
28,137
28,138
28,139
28,140
28,142
28,143
28,144
28,145
28,148
28,149
28,150
28,151
28,152
28,153
28,154
28,155
28,157
28,158
28,159
28,160
28,161
28,162
28,163
28,164
28,165
28,168
28,170
28,171
28,172
28,174
28,178
28,181
28,185
28,187
28,189
28,190
28,191
28,192
28,193
28,194
28,196
28,197
28,198
28,199
29,30
29,31
29,32
29,33
29,34
29,35
29,36
29,37
29,38
29,39
29,40
29,41
29,42
29,43
29,44
29,45
29,46
29,47
29,48
29,49
29,50
29,51
29,52
29,53
29,54
29,55
29,56
29,57
29,64
29,65
29,66
29,67
29,68
29,69
29,70
29,71
29,72
29,73
29,74
29,75
29,76
29,77
29,78
29,79
29,80
29,81
29,82
29,83
29,84
29,85
29,86
29,87
29,88
29,89
29,90
29,91
29,92
29,93
29,94
29,95
29,96
29,97
29,98
29,99
29,100
29,101
29,102
29,103
29,104
29,105
29,106
29,107
29,108
29,109
29,110
29,111
29,112
29,113
29,114
29,115
29,116
29,117
29,118
29,119
29,121
29,122
29,123
29,124
29,125
29,126
29,127
29,128
29,129
29,130
29,131
29,132
29,133
29,134
29,135
29,136
29,137
29,138
29,139
29,140
29,141
29,143
29,144
29,145
29,146
29,148
29,149
29,150
29,152
29,153
29,154
29,155
30,31
30,32
30,33
30,34
30,35
30,36
30,37
30,38
30,39
30,40
30,41
30,42
30,43
30,44
30,45
30,46
30,47
30,48
30,49
30,50
30,51
30,52
30,53
30,54
30,55
30,56
30,57
30,64
30,65
30,66
30,67
30,68
30,69
30,70
30,71
30,72
30,73
30,74
30,75
30,76
30,77
30,78
30,79
30,80
30,81
30,82
30,84
30,85
30,86
30,87
30,88
30,89
30,90
30,91
30,92
30,93
31,32
31,33
31,34
31,35
31,36
31,37
31,38
31,39
31,40
31,41
31,42
31,43
31,44
31,45
31,46
31,47
31,48
31,49
31,50
31,51
31,52
31,53
31,54
31,55
31,56
31,57
31,64
31,65
31,66
31,67
31,68
31,70
31,72
31,73
31,74
31,75
31,76
31,77
31,78
31,80
31,81
31,82
31,83
31,84
31,85
31,86
31,87
31,88
32,33
32,34
32,35
32,36
32,37
32,38
32,39
32,40
32,41
32,42
32,43
32,44
32,45
32,46
32,47
32,48
32,49
32,50
32,51
32,52
32,53
32,54
32,55
32,56
32,57
32,61
32,62
32,63
32,65
32,67
32,68
32,71
32,73
32,74
32,75
32,76
32,77
32,78
32,79
32,80
32,81
32,82
32,83
32,84
32,85
32,86
32,87
32,88
32,89
32,90
32,92
32,93
32,94
32,95
32,96
32,97
32,98
32,99
32,102
32,103
32,105
32,106
32,107
32,108
32,109
32,110
32,111
32,113
32,114
32,115
32,116
32,118
32,119
32,120
32,122
32,123
32,124
32,125
32,126
32,127
32,128
32,129
32,130
32,131
32,132
32,134
32,135
32,136
32,137
32,138
32,139
32,140
32,141
32,144
32,145
32,146
32,149
32,150
32,151
32,152
32,154
32,156
32,157
32,159
32,160
32,162
32,163
32,164
32,165
32,167
32,168
32,169
32,170
32,171
32,173
32,175
32,178
32,181
32,184
32,186
32,187
32,188
32,190
32,192
32,193
32,194
32,195
32,198
33,34
33,35
33,36
33,37
33,38
33,39
33,40
33,41
33,42
33,43
33,44
33,45
33,46
33,47
33,48
33,49
33,50
33,51
33,52
33,53
33,54
33,55
33,56
33,57
33,58
33,63
33,66
33,67
33,69
33,71
33,72
33,73
33,74
33,75
33,76
33,77
33,78
33,80
33,81
33,84
33,88
33,98
33,102
33,104
33,108
33,114
33,118
33,123
33,124
33,126
33,128
33,135
33,137
33,138
33,140
33,142
33,151
33,155
33,158
33,161
33,165
33,174
33,178
33,181
33,189
33,191
33,192
33,197
33,198
33,199
34,35
34,36
34,37
34,38
34,39
34,40
34,41
34,42
34,43
34,44
34,45
34,46
34,47
34,48
34,49
34,50
34,51
34,52
34,53
34,54
34,55
34,56
34,57
34,58
34,63
34,65
34,66
34,67
34,68
34,69
34,70
34,71
34,72
34,73
34,74
34,75
34,76
34,77
34,78
34,79
34,80
34,81
34,82
34,83
34,84
34,85
34,86
34,87
34,88
34,89
34,90
34,91
34,92
34,93
34,94
34,95
34,96
34,97
34,98
34,102
34,104
34,108
34,114
34,118
34,123
34,124
34,126
34,128
34,135
34,137
34,138
34,140
34,142
34,151
34,155
34,158
34,161
34,165
34,174
34,178
34,181
34,189
34,191
34,192
34,197
34,198
34,199
35,36
35,37
35,38
35,39
35,40
35,41
35,42
35,43
35,44
35,45
35,46
35,47
35,48
35,49
35,50
35,51
35,52
35,53
35,54
35,55
35,56
35,57
35,64
35,65
35,66
35,67
35,69
35,70
35,71
35,72
35,73
35,75
35,76
35,77
35,79
35,80
35,81
35,82
35,83
35,84
35,85
35,86
35,87
35,88
35,89
35,90
35,91
35,92
35,93
35,94
35,95
35,96
35,98
35,99
35,100
35,101
35,102
35,103
35,104
35,105
35,106
35,107
35,108
35,109
35,110
35,112
36,37
36,38
36,39
36,40
36,41
36,42
36,43
36,44
36,45
36,46
36,47
36,48
36,49
36,50
36,51
36,52
36,53
36,54
36,55
36,56
36,57
36,58
36,63
36,66
36,67
36,69
36,71
36,73
36,74
36,75
36,76
36,78
36,81
36,84
36,88
36,98
36,102
36,104
36,108
36,114
36,118
36,123
36,124
36,126
36,128
36,135
36,137
36,138
36,140
36,142
36,151
36,155
36,158
36,161
36,165
36,174
36,178
36,181
36,189
36,191
36,192
36,197
36,198
36,199
37,38
37,39
37,40
37,41
37,42
37,43
37,44
37,45
37,46
37,47
37,48
37,49
37,50
37,51
37,52
37,53
37,54
37,55
37,56
37,57
37,61
37,62
37,63
37,64
37,66
37,67
37,68
37,69
37,70
37,71
37,72
37,73
37,74
37,75
37,76
37,77
37,78
37,79
37,80
37,82
37,83
37,84
37,85
37,87
37,88
37,90
37,91
37,92
37,93
37,94
37,95
37,96
37,97
37,98
37,99
37,100
37,101
37,102
37,103
37,104
37,105
37,106
37,107
37,110
37,111
37,112
37,114
37,115
37,116
37,117
37,120
37,121
37,122
37,123
37,124
37,125
37,126
37,127
37,128
37,129
37,130
37,134
37,135
37,136
37,137
37,138
37,139
37,140
37,141
37,142
37,143
37,144
37,145
37,146
37,148
37,149
37,150
37,151
37,152
37,153
37,154
37,156
37,158
37,160
37,162
37,163
37,164
37,165
37,167
37,168
37,170
37,174
37,175
37,176
37,177
37,179
37,182
37,183
37,184
37,185
37,186
37,187
37,188
37,189
37,190
37,191
37,192
37,193
37,194
37,195
37,196
37,198
38,39
38,40
38,41
38,42
38,43
38,44
38,45
38,46
38,47
38,48
38,49
38,50
38,51
38,52
38,53
38,54
38,55
38,56
38,57
38,62
38,63
38,64
38,66
38,67
38,68
38,69
38,70
38,71
38,72
38,73
38,74
38,75
38,76
38,77
38,78
38,79
38,80
38,81
38,82
38,83
38,84
38,85
38,86
38,87
38,88
38,90
38,91
38,92
38,94
38,95
38,97
38,98
38,99
38,100
38,101
38,102
38,103
38,105
38,106
38,107
38,108
38,109
38,110
38,111
38,112
39,40
39,41
39,42
39,43
39,44
39,45
39,46
39,47
39,48
39,49
39,50
39,51
39,52
39,53
39,54
39,55
39,56
39,57
40,41
40,42
40,43
40,44
40,45
40,46
40,47
40,48
40,49
40,50
40,51
40,52
40,53
40,54
40,55
40,56
40,57
40,62
40,63
40,64
40,65
40,66
40,67
40,68
40,70
40,72
40,73
40,74
40,75
40,76
40,77
40,78
40,80
40,81
40,82
40,83
40,84
40,85
40,87
40,88
40,89
40,90
40,91
40,92
40,93
40,95
40,96
40,97
40,98
40,99
40,101
40,102
40,103
40,104
40,105
40,106
40,107
40,108
40,109
40,110
40,111
40,112
40,114
40,115
40,116
40,118
40,119
40,120
40,121
40,122
40,124
40,125
40,126
40,127
40,129
40,130
40,131
40,132
40,133
40,134
40,135
40,136
40,137
40,140
40,141
40,142
40,143
40,144
40,145
40,146
40,148
40,149
40,150
40,151
40,152
40,153
40,155
40,157
40,158
40,159
40,162
40,163
40,165
40,166
40,167
40,168
40,169
40,170
40,171
40,172
40,173
40,174
40,175
40,177
40,178
40,179
40,180
40,183
40,185
40,186
40,187
40,188
40,189
40,190
40,191
40,192
40,193
40,194
40,195
40,196
40,197
40,198
41,42
41,43
41,44
41,45
41,46
41,47
41,48
41,49
41,50
41,51
41,52
41,53
41,54
41,55
41,56
41,57
41,58
41,63
41,66
41,67
41,68
41,69
41,70
41,71
41,72
41,73
41,74
41,75
41,76
41,77
41,78
41,79
41,80
41,81
41,82
41,83
41,84
41,85
41,86
41,87
41,88
41,89
41,90
41,91
41,92
41,93
41,94
41,95
41,96
41,97
41,98
41,99
41,100
41,101
41,102
41,103
41,104
41,105
41,106
41,107
41,108
41,109
41,112
41,113
41,114
41,115
41,116
41,117
41,118
41,119
41,121
41,122
41,123
41,124
41,125
41,126
41,127
41,128
41,129
41,130
41,131
41,132
41,133
41,134
41,135
41,136
41,137
41,138
41,139
41,140
41,142
41,151
41,155
41,158
41,161
41,165
41,174
41,178
41,181
41,189
41,191
41,192
41,197
41,198
41,199
42,43
42,44
42,45
42,46
42,47
42,48
42,49
42,50
42,51
42,52
42,53
42,54
42,55
42,56
42,57
42,66
42,67
42,68
42,69
42,70
42,71
42,72
42,73
42,74
43,44
43,45
43,46
43,47
43,48
43,49
43,50
43,51
43,52
43,53
43,54
43,55
43,56
43,57
43,66
43,67
43,68
43,69
43,70
43,71
43,72
43,73
43,74
43,75
43,76
43,77
43,78
43,79
43,80
43,81
43,82
43,83
43,84
43,85
43,86
43,87
43,88
43,89
43,90
43,91
43,92
43,93
43,94
43,95
43,100
43,101
43,103
43,104
43,105
43,106
43,107
43,108
43,109
43,110
44,45
44,46
44,47
44,48
44,49
44,50
44,51
44,52
44,53
44,54
44,55
44,56
44,57
44,66
44,67
44,69
44,70
44,71
44,72
44,73
44,74
44,75
44,76
44,77
44,80
44,81
44,82
44,83
44,84
44,85
44,86
44,87
44,88
44,89
44,90
44,91
44,92
44,93
44,94
44,95
44,97
44,98
44,99
44,100
44,101
44,102
44,104
44,105
44,106
44,107
44,108
44,109
44,110
44,111
44,112
44,113
44,115
44,116
44,117
44,118
44,119
44,120
44,121
44,123
44,124
44,125
44,126
44,127
44,129
44,131
44,132
44,133
44,134
45,46
45,47
45,48
45,49
45,50
45,51
45,52
45,53
45,54
45,55
45,56
45,57
45,64
45,65
45,67
45,68
46,47
46,48
46,49
46,50
46,51
46,52
46,53
46,54
46,55
46,56
46,57
46,60
46,61
46,62
46,63
46,64
46,65
46,66
46,67
46,68
46,69
46,71
46,72
46,73
46,74
46,76
46,77
46,78
46,79
47,48
47,49
47,50
47,51
47,52
47,53
47,54
47,55
47,56
47,57
47,66
47,67
47,68
47,69
47,70
47,71
47,72
47,73
47,74
47,75
47,76
48,49
48,50
48,51
48,52
48,53
48,54
48,55
48,56
48,57
48,63
48,64
48,65
48,66
48,67
48,68
48,70
48,71
48,72
48,73
49,50
49,51
49,52
49,53
49,54
49,55
49,56
49,57
49,62
49,63
49,64
49,65
49,66
49,67
49,68
49,69
49,70
49,71
49,72
49,73
49,75
49,78
49,79
49,80
49,82
49,83
49,86
49,87
49,88
49,89
49,91
49,92
49,93
49,94
49,95
49,96
49,98
49,99
49,100
49,101
49,102
49,103
49,104
49,105
49,106
49,107
49,108
49,109
49,110
49,112
49,113
49,114
49,115
49,116
49,117
49,118
49,119
49,120
49,122
49,123
49,124
49,125
49,126
49,127
49,128
49,129
49,130
49,131
49,132
49,133
49,134
49,135
49,136
49,138
49,139
49,140
49,141
49,142
49,143
49,144
49,145
49,146
49,148
49,149
49,150
49,151
49,152
49,153
49,154
49,155
49,156
49,157
49,158
49,159
49,160
49,162
49,164
49,165
49,166
49,167
49,168
49,170
49,172
49,173
50,51
50,52
50,53
50,54
50,55
50,56
50,57
50,65
50,66
50,67
50,68
50,69
50,70
50,71
50,72
50,73
50,75
50,76
50,77
50,78
50,79
50,80
50,81
50,82
50,83
50,84
50,85
50,86
50,87
50,88
50,89
50,90
50,91
50,92
50,93
50,94
50,95
50,96
50,97
50,98
50,100
50,101
50,102
51,52
51,53
51,54
51,55
51,56
51,57
51,58
51,63
51,66
51,67
51,69
51,71
51,74
51,76
51,78
51,81
51,84
51,88
51,98
51,102
51,104
51,108
51,114
51,118
51,123
51,124
51,126
51,128
51,135
51,137
51,138
51,140
51,142
51,151
51,155
51,158
51,161
51,165
51,174
51,178
51,181
51,189
51,191
51,192
51,197
51,198
51,199
52,53
52,54
52,55
52,56
52,57
52,58
52,63
52,66
52,67
52,68
52,69
52,70
52,71
52,74
52,76
52,78
52,81
52,84
52,88
52,98
52,102
52,104
52,108
52,114
52,118
52,123
52,124
52,126
52,128
52,135
52,137
52,138
52,140
52,142
52,151
52,155
52,158
52,161
52,165
52,174
52,178
52,181
52,189
52,191
52,192
52,197
52,198
52,199
53,54
53,55
53,56
53,57
53,58
53,60
53,61
53,62
53,63
53,64
53,66
53,67
53,68
53,69
53,70
53,71
53,72
53,73
53,74
53,75
53,76
53,78
53,81
53,83
53,84
53,85
53,86
53,87
53,88
53,89
53,91
53,92
53,93
53,94
53,96
53,97
53,98
53,99
53,100
53,101
53,102
53,103
53,104
53,105
53,106
53,107
53,108
53,109
53,110
53,111
53,112
53,113
53,114
53,115
53,116
53,117
53,118
53,119
53,120
53,122
53,123
53,124
53,125
53,126
53,128
53,129
53,130
53,131
53,132
53,133
53,134
53,135
53,136
53,137
53,138
53,139
53,140
53,142
53,143
53,144
53,145
53,146
53,148
53,149
53,150
53,151
53,154
53,155
53,156
53,157
53,158
53,159
53,160
53,161
53,162
53,163
53,164
53,165
53,166
53,167
53,168
53,169
53,170
53,171
53,173
53,174
53,175
53,176
53,177
53,178
53,181
53,182
53,183
53,184
53,185
53,187
53,188
53,189
53,190
53,191
53,192
53,193
53,194
53,195
53,197
53,198
53,199
54,55
54,56
54,57
54,61
54,62
54,63
54,64
54,65
54,66
54,67
54,68
54,69
54,70
54,71
54,72
54,73
54,74
54,75
54,76
54,77
54,78
54,79
54,80
54,81
54,82
54,83
54,84
54,85
54,86
54,87
54,88
54,90
54,91
54,93
54,94
54,95
54,96
54,97
54,98
54,99
54,100
54,101
54,102
54,103
54,104
54,105
54,106
54,107
54,108
54,109
54,110
54,111
54,112
54,113
54,114
54,115
54,116
54,117
54,118
54,119
54,120
54,121
54,122
54,124
54,125
54,126
54,129
54,130
54,131
54,132
54,133
54,134
54,135
54,137
54,138
54,139
54,140
54,141
54,142
54,143
54,144
54,145
54,146
54,148
54,149
54,150
54,151
54,153
54,154
54,155
54,156
54,157
54,158
54,159
54,160
54,163
54,164
54,165
54,166
54,167
54,168
54,169
54,170
54,171
54,172
54,173
54,174
54,175
54,176
54,177
54,178
54,180
54,182
54,183
54,184
54,185
54,186
54,187
54,189
54,190
54,193
54,194
54,196
54,197
54,198
54,199
55,56
55,57
55,58
55,63
55,64
55,65
55,66
55,67
55,69
55,70
55,71
55,73
55,74
55,75
55,76
55,77
55,78
55,79
55,81
55,82
55,83
55,84
55,85
55,86
55,87
55,88
55,89
55,91
55,92
55,93
55,94
55,95
55,96
55,98
55,99
55,100
55,101
55,102
55,103
55,104
55,105
55,106
55,107
55,108
55,109
55,110
55,111
55,112
55,113
55,114
55,115
55,116
55,117
55,118
55,119
55,120
55,121
55,122
55,123
55,124
55,126
55,128
55,135
55,137
55,138
55,140
55,142
55,151
55,155
55,158
55,161
55,165
55,174
55,178
55,181
55,189
55,191
55,192
55,197
55,198
55,199
56,57
56,65
56,66
56,67
56,68
56,69
56,70
56,71
56,72
56,73
56,74
56,75
56,76
56,77
56,78
56,79
56,80
56,81
56,82
56,83
56,84
56,85
56,86
56,87
56,88
56,89
56,90
56,91
56,92
56,93
56,94
56,95
56,96
56,97
56,98
56,99
56,100
56,101
56,102
56,103
56,104
56,105
58,63
58,66
58,67
58,69
58,71
58,74
58,76
58,78
58,81
58,84
58,88
58,98
58,102
58,104
58,108
58,114
58,118
58,123
58,124
58,126
58,128
58,135
58,137
58,138
58,140
58,142
58,151
58,155
58,158
58,161
58,165
58,174
58,178
58,181
58,189
58,191
58,192
58,197
58,198
58,199
59,64
59,66
59,67
59,71
59,72
59,73
59,74
59,75
59,76
59,77
59,79
59,80
59,81
59,82
59,84
59,85
59,86
59,87
59,89
59,90
59,91
59,92
59,93
59,95
59,97
59,98
59,99
59,100
59,101
60,62
60,63
60,64
60,65
60,66
60,67
60,68
60,69
60,70
60,73
60,74
60,75
60,76
60,77
60,78
60,79
60,80
60,81
60,82
60,83
60,84
60,85
60,86
60,87
60,88
60,89
60,90
60,91
61,62
61,63
61,64
61,65
61,66
61,67
61,68
61,70
61,71
61,72
61,73
61,74
61,75
61,76
61,77
61,78
61,79
61,80
61,81
61,82
61,83
61,84
61,85
61,86
61,87
61,88
61,89
61,90
61,91
61,92
61,94
61,95
61,96
61,97
61,98
61,99
61,100
61,101
61,102
61,103
61,104
61,105
61,106
61,107
61,108
61,109
61,110
61,111
61,112
61,113
61,114
61,115
61,117
61,118
61,119
61,120
61,121
61,122
61,124
61,125
61,126
61,127
61,128
61,129
61,130
61,131
61,132
61,134
61,135
61,137
61,138
62,63
62,64
62,65
62,67
62,68
62,69
62,70
62,71
62,72
62,74
62,75
62,76
62,77
62,78
62,79
62,80
62,81
62,82
62,83
62,84
62,85
62,86
62,87
62,88
62,89
62,91
62,93
62,94
62,95
62,96
62,99
62,100
62,101
62,102
62,103
62,104
62,105
62,106
62,107
62,108
62,109
62,110
62,111
62,112
62,113
62,114
62,115
62,116
62,117
62,118
62,119
62,120
62,122
62,123
63,65
63,66
63,67
63,68
63,69
63,70
63,71
63,72
63,73
63,74
63,75
63,76
63,78
63,79
63,80
63,81
63,82
63,83
63,84
63,85
63,88
63,98
63,102
63,104
63,108
63,114
63,118
63,123
63,124
63,126
63,128
63,135
63,137
63,138
63,140
63,142
63,151
63,155
63,158
63,161
63,165
63,174
63,178
63,181
63,189
63,191
63,192
63,197
63,198
63,199
64,65
64,69
64,70
64,71
64,72
64,73
64,74
64,75
64,77
64,78
64,80
64,81
64,82
64,83
64,84
64,85
64,86
64,87
64,88
64,89
64,90
64,91
64,92
64,93
64,94
64,95
64,96
64,97
64,98
64,99
64,100
64,101
64,102
64,103
64,104
64,105
64,106
64,109
64,110
64,111
64,112
64,113
64,114
64,115
64,116
64,117
64,118
64,119
64,120
64,121
64,122
64,123
64,124
64,125
64,127
64,128
64,129
64,130
64,131
64,132
64,134
64,135
64,138
64,142
64,143
64,144
64,145
64,146
64,147
64,148
64,149
64,150
64,152
64,154
64,155
64,157
64,158
64,159
64,160
64,161
64,162
64,164
64,167
64,168
64,169
64,170
64,171
64,173
64,174
64,175
64,177
64,178
64,180
64,182
64,183
64,185
64,186
64,189
64,192
64,193
64,194
64,195
64,196
64,197
64,199
65,67
65,68
65,69
65,70
65,71
65,72
65,73
65,74
65,75
65,76
65,77
65,78
65,79
65,80
65,81
65,82
65,83
65,84
65,85
65,86
66,67
66,68
66,69
66,70
66,71
66,72
66,73
66,74
66,75
66,76
66,77
66,78
66,79
66,80
66,81
66,82
66,83
66,84
66,86
66,87
66,88
66,89
66,90
66,91
66,92
66,93
66,94
66,95
66,96
66,97
66,98
66,99
66,100
66,101
66,102
66,103
66,104
66,105
66,106
66,107
66,108
66,109
66,110
66,111
66,113
66,114
66,115
66,116
66,117
66,118
66,119
66,120
66,121
66,122
66,123
66,124
66,125
66,126
66,127
66,128
66,130
66,131
66,132
66,133
66,134
66,135
66,136
66,137
66,138
66,140
66,141
66,142
66,143
66,144
66,146
66,147
66,148
66,149
66,150
66,151
66,152
66,153
66,154
66,155
66,157
66,158
66,159
66,160
66,161
66,162
66,164
66,165
66,166
66,168
66,171
66,172
66,173
66,174
66,175
66,177
66,178
66,180
66,181
66,182
66,183
66,185
66,187
66,189
66,190
66,191
66,192
66,193
66,194
66,195
66,196
66,197
66,198
66,199
67,69
67,71
67,72
67,73
67,74
67,75
67,76
67,77
67,78
67,79
67,80
67,81
67,82
67,83
67,84
67,85
67,86
67,87
67,88
67,89
67,90
67,93
67,94
67,95
67,96
67,97
67,98
67,99
67,100
67,101
67,102
67,103
67,104
67,105
67,107
67,108
67,110
67,111
67,112
67,113
67,114
67,115
67,116
67,117
67,118
67,119
67,120
67,121
67,122
67,123
67,124
67,125
67,126
67,127
67,128
67,129
67,130
67,131
67,132
67,133
67,134
67,135
67,136
67,137
67,138
67,139
67,140
67,141
67,142
67,143
67,145
67,146
67,147
67,148
67,149
67,150
67,151
67,155
67,158
67,161
67,165
67,174
67,178
67,181
67,189
67,191
67,192
67,197
67,198
67,199
68,69
69,70
69,71
69,72
69,73
69,74
69,75
69,76
69,77
69,78
69,79
69,80
69,81
69,82
69,83
69,84
69,88
69,98
69,102
69,104
69,108
69,114
69,118
69,123
69,124
69,126
69,128
69,135
69,137
69,138
69,140
69,142
69,151
69,155
69,158
69,161
69,165
69,174
69,178
69,181
69,189
69,191
69,192
69,197
69,198
69,199
70,72
70,73
70,76
70,77
70,79
70,80
70,81
70,82
70,83
70,84
70,86
70,87
70,88
70,89
70,90
70,91
70,92
70,93
70,94
71,74
71,76
71,78
71,81
71,84
71,88
71,98
71,102
71,104
71,108
71,114
71,118
71,123
71,124
71,126
71,128
71,135
71,137
71,138
71,140
71,142
71,151
71,155
71,158
71,161
71,165
71,174
71,178
71,181
71,189
71,191
71,192
71,197
71,198
71,199
72,73
72,74
72,75
72,77
72,78
72,79
72,80
72,81
72,82
72,83
72,84
72,85
72,86
72,88
72,89
72,90
72,91
72,92
72,93
72,94
72,95
72,96
72,97
72,98
73,74
73,75
73,77
73,78
73,79
73,80
73,81
73,82
73,83
73,84
73,85
73,86
73,87
73,88
73,89
73,90
73,91
73,92
73,93
73,94
73,95
73,96
74,75
74,76
74,78
74,79
74,80
74,81
74,82
74,83
74,84
74,85
74,86
74,87
74,88
74,89
74,90
74,91
74,92
74,93
74,95
74,96
74,97
74,98
74,99
74,100
74,101
74,102
74,104
74,105
74,106
74,108
74,109
74,110
74,111
74,112
74,113
74,114
74,116
74,117
74,118
74,119
74,120
74,123
74,124
74,126
74,128
74,135
74,137
74,138
74,140
74,142
74,151
74,155
74,158
74,161
74,165
74,174
74,178
74,181
74,189
74,191
74,192
74,197
74,198
74,199
75,76
75,77
75,78
75,79
75,80
75,81
75,82
75,83
75,84
75,86
75,87
75,88
75,89
76,77
76,78
76,79
76,80
76,81
76,82
76,83
76,84
76,85
76,86
76,87
76,88
76,89
76,90
76,91
76,92
76,93
76,94
76,96
76,97
76,98
76,99
76,100
76,101
76,102
76,103
76,104
76,107
76,108
76,109
76,111
76,112
76,113
76,114
76,115
76,117
76,118
76,120
76,123
76,124
76,126
76,128
76,135
76,137
76,138
76,140
76,142
76,151
76,155
76,158
76,161
76,165
76,174
76,178
76,181
76,189
76,191
76,192
76,197
76,198
76,199
77,78
77,79
77,80
77,81
78,79
78,80
78,81
78,82
78,83
78,84
78,85
78,86
78,87
78,88
78,89
78,90
78,91
78,92
78,93
78,94
78,95
78,96
78,97
78,98
78,99
78,100
78,102
78,103
78,104
78,105
78,107
78,108
78,109
78,111
78,112
78,113
78,114
78,116
78,117
78,118
78,119
78,120
78,122
78,123
78,124
78,125
78,126
78,128
78,130
78,132
78,133
78,135
78,136
78,137
78,138
78,140
78,142
78,143
78,144
78,145
78,151
78,155
78,158
78,161
78,165
78,174
78,178
78,181
78,189
78,191
78,192
78,197
78,198
78,199
79,80
79,81
79,82
79,83
79,85
79,86
79,87
79,88
79,89
79,90
79,91
79,92
79,93
79,94
79,95
79,96
79,100
79,101
79,103
79,104
79,105
79,106
79,108
79,109
79,110
79,111
79,112
79,114
79,115
79,117
79,119
79,120
79,121
79,122
79,123
79,124
79,125
79,126
79,127
79,128
79,129
79,130
79,131
79,132
79,133
79,134
79,135
79,138
79,140
79,141
79,142
79,143
79,144
79,145
79,146
79,147
79,148
79,149
79,151
79,152
79,153
79,154
79,155
79,156
79,157
79,158
79,163
79,166
79,167
79,168
79,169
79,170
79,171
79,172
79,173
79,177
79,178
79,180
79,181
79,182
79,183
79,188
79,189
79,193
79,196
79,197
79,198
80,81
80,83
80,84
80,85
80,86
80,87
80,88
80,89
80,90
80,91
80,93
80,94
80,95
80,96
80,97
80,99
80,100
80,101
80,102
80,103
80,104
80,105
80,106
80,107
80,108
80,109
80,110
80,111
80,112
80,113
80,115
80,116
80,117
80,118
80,119
80,120
80,121
80,122
80,123
80,124
80,125
80,126
80,127
80,128
80,129
80,130
80,131
80,132
80,133
80,134
80,135
80,136
80,137
80,138
80,140
80,141
80,142
80,143
80,144
80,145
80,146
80,147
80,148
80,149
80,150
80,151
80,152
80,153
80,154
80,155
80,157
80,158
81,82
81,83
81,84
81,85
81,86
81,87
81,88
81,89
81,90
81,91
81,92
81,93
81,94
81,95
81,96
81,97
81,98
81,99
81,100
81,101
81,102
81,103
81,104
81,105
81,106
81,107
81,108
81,109
81,110
81,111
81,112
81,113
81,114
81,115
81,116
81,117
81,118
81,119
81,120
81,121
81,122
81,123
81,124
81,125
81,126
81,127
81,128
81,129
81,130
81,133
81,134
81,135
81,136
81,137
81,138
81,139
81,140
81,142
81,144
81,145
81,146
81,147
81,148
81,150
81,151
81,152
81,153
81,154
81,155
81,156
81,157
81,158
81,159
81,160
81,161
81,162
81,163
81,164
81,165
81,166
81,167
81,168
81,169
81,170
81,171
81,172
81,174
81,175
81,176
81,177
81,178
81,179
81,180
81,181
81,182
81,183
81,184
81,185
81,187
81,188
81,189
81,190
81,191
81,192
81,193
81,194
81,195
81,196
81,197
81,198
81,199
82,83
82,84
82,85
82,86
82,87
82,88
82,89
82,90
82,91
82,92
82,93
82,94
82,95
82,96
82,98
82,99
82,100
82,101
82,102
82,103
82,105
82,106
82,107
82,108
82,109
82,110
82,111
82,112
82,113
82,114
82,115
82,116
82,117
82,119
82,121
82,122
82,123
82,124
82,125
82,126
82,127
82,128
82,129
82,130
82,131
82,132
82,133
83,84
83,85
83,86
83,87
83,88
83,89
83,90
83,92
83,93
83,94
83,95
83,96
83,97
83,98
83,99
83,100
83,101
83,103
83,104
83,105
83,106
83,107
83,108
83,109
83,110
83,112
83,113
83,114
83,115
83,116
83,117
83,119
83,120
83,121
83,122
83,123
83,124
83,125
83,126
83,127
83,128
83,129
83,130
83,131
83,132
83,133
83,134
83,135
83,136
83,137
83,138
83,139
83,140
83,141
83,143
83,144
83,145
83,146
83,147
84,85
84,86
84,87
84,88
84,89
84,90
84,91
84,92
84,94
84,95
84,96
84,97
84,98
84,99
84,100
84,101
84,102
84,103
84,104
84,105
84,106
84,107
84,108
84,109
84,110
84,111
84,112
84,113
84,114
84,115
84,116
84,117
84,118
84,119
84,120
84,121
84,122
84,123
84,124
84,125
84,126
84,128
84,129
84,130
84,135
84,137
84,138
84,140
84,142
84,151
84,155
84,158
84,161
84,165
84,174
84,178
84,181
84,189
84,191
84,192
84,197
84,198
84,199
85,86
85,87
85,88
85,89
85,90
85,91
85,92
85,93
85,94
85,95
85,96
85,98
85,99
85,100
85,101
85,102
85,103
85,105
85,106
85,107
85,108
85,109
85,110
85,111
85,112
85,113
85,114
85,115
85,116
86,87
86,88
86,89
86,90
86,91
86,92
86,93
86,95
86,96
86,97
86,98
86,99
86,100
86,101
86,102
86,103
86,104
86,105
86,106
86,107
86,108
86,109
86,110
86,111
86,112
86,113
86,114
86,115
86,116
86,117
86,118
86,119
86,120
86,121
86,122
86,123
86,124
86,125
86,127
86,128
86,129
86,130
86,131
86,132
86,135
86,136
86,137
86,138
86,139
86,140
86,141
86,143
86,144
86,145
86,146
86,147
86,148
86,149
86,150
86,151
86,152
86,153
86,155
86,156
86,157
86,158
86,159
86,160
86,162
86,163
86,166
86,167
86,169
86,170
86,171
86,172
86,173
86,175
86,176
86,177
86,178
86,180
86,181
86,182
86,183
86,184
86,185
86,186
86,188
86,189
86,190
86,193
86,194
86,196
86,198
86,199
87,88
87,89
87,90
87,91
87,92
87,93
87,94
87,95
87,96
87,97
87,98
87,99
87,100
87,102
87,103
87,104
87,105
87,106
87,108
87,109
87,110
87,111
87,112
87,113
87,114
87,115
87,116
87,118
87,119
87,120
87,121
87,122
87,123
87,124
87,125
87,126
87,127
87,128
88,89
88,91
88,92
88,93
88,94
88,95
88,96
88,97
88,98
88,99
88,102
88,104
88,108
88,114
88,118
88,123
88,124
88,126
88,128
88,135
88,137
88,138
88,140
88,142
88,151
88,155
88,158
88,161
88,165
88,174
88,178
88,181
88,189
88,191
88,192
88,197
88,198
88,199
89,91
89,92
89,93
89,94
89,95
89,96
89,97
89,98
89,99
89,100
89,101
89,102
89,103
89,104
89,106
89,107
89,108
89,109
89,110
89,111
89,112
89,113
89,114
89,115
89,116
89,117
89,118
89,119
89,121
89,122
89,123
89,124
89,126
89,127
89,128
89,129
89,130
89,131
89,132
89,133
89,134
89,135
89,136
89,137
89,138
89,140
89,142
89,143
89,144
89,145
89,146
89,147
89,148
89,149
89,150
89,151
89,152
89,153
89,154
89,155
89,156
89,157
89,158
89,159
89,160
89,161
89,162
89,163
89,164
89,166
89,167
89,169
89,170
89,171
89,173
89,174
89,175
89,177
89,178
89,179
89,180
89,181
89,182
89,183
89,185
89,186
89,187
89,188
89,189
90,91
90,92
90,93
90,94
90,95
91,92
91,93
91,94
91,95
91,96
91,97
91,98
91,99
91,100
91,101
91,102
91,103
91,104
91,105
91,106
91,107
91,108
91,109
91,110
91,111
91,112
91,113
91,114
91,115
91,117
91,118
91,119
91,120
91,121
91,122
91,123
91,124
91,126
91,127
91,128
91,129
91,130
91,131
92,93
92,94
92,95
92,96
92,97
92,98
92,99
92,100
92,101
92,102
92,103
93,94
93,95
93,96
93,97
93,98
93,100
93,101
93,102
93,103
93,104
93,105
93,106
93,108
93,109
93,110
93,111
93,112
93,114
93,115
93,116
93,117
93,118
93,119
93,120
93,121
93,122
93,124
93,125
93,126
93,127
93,128
93,129
93,131
93,132
93,134
93,135
93,136
93,138
93,140
93,141
93,142
93,143
93,144
93,145
93,146
93,147
93,150
93,151
93,152
93,153
93,154
93,155
93,156
93,157
93,158
93,159
93,160
93,162
93,163
93,164
93,165
93,166
93,167
93,168
93,169
93,170
93,172
93,173
93,174
94,95
94,96
94,97
94,98
94,99
94,100
94,101
94,102
94,103
94,104
94,105
94,106
94,107
94,108
94,109
94,110
94,111
94,112
94,113
94,114
94,115
94,116
94,117
94,118
94,119
94,121
94,122
94,124
94,125
94,127
94,128
94,129
94,131
94,132
94,133
94,134
94,135
94,136
94,137
94,138
94,139
94,140
95,96
95,97
95,98
95,99
95,100
95,101
95,102
95,103
95,104
95,105
95,106
95,107
95,108
95,109
95,110
95,111
95,112
95,113
95,114
95,115
95,116
95,117
95,118
95,119
95,120
95,121
95,122
95,123
95,124
95,125
95,126
95,128
95,129
95,130
95,131
95,132
95,133
95,134
95,136
95,137
95,138
95,139
95,140
95,141
95,142
95,143
95,144
95,145
95,146
95,148
95,149
95,150
95,151
95,152
95,153
95,154
95,156
95,157
95,159
95,160
95,161
95,163
95,164
95,166
95,167
95,168
95,169
95,170
95,171
95,172
95,173
95,174
95,175
95,176
95,177
95,178
95,180
95,181
95,182
95,183
95,185
95,187
95,188
95,191
95,194
95,195
95,197
95,198
95,199
96,97
96,98
96,99
96,100
96,101
96,102
96,103
96,104
96,105
96,106
96,107
96,108
96,109
96,111
96,112
96,113
96,114
96,115
97,98
97,99
97,100
97,101
97,102
97,103
97,104
97,105
97,106
97,107
97,108
97,109
97,110
97,111
97,113
97,114
97,115
97,116
97,117
97,118
97,119
97,120
97,121
97,122
97,123
97,124
97,125
97,126
97,127
97,128
97,129
97,130
97,131
97,132
97,133
97,134
97,135
97,136
97,137
97,138
97,139
97,140
97,141
97,142
97,143
97,144
97,145
97,146
97,147
97,148
97,149
97,150
97,151
97,152
97,153
97,154
97,155
97,156
97,157
97,158
97,159
97,160
97,161
97,162
98,99
98,100
98,101
98,102
98,103
98,104
98,105
98,106
98,108
98,114
98,118
98,123
98,124
98,126
98,128
98,135
98,137
98,138
98,140
98,142
98,151
98,155
98,158
98,161
98,165
98,174
98,178
98,181
98,189
98,191
98,192
98,197
98,198
98,199
99,100
99,101
99,102
99,103
99,104
99,105
99,106
99,107
99,109
99,110
99,113
99,114
99,115
99,116
99,117
100,101
100,102
100,103
100,104
100,105
100,106
100,107
100,108
100,109
100,110
100,111
101,102
101,103
101,104
101,105
101,106
101,107
101,108
102,103
102,104
102,105
102,106
102,107
102,108
102,109
102,110
102,111
102,112
102,114
102,115
102,116
102,117
102,118
102,119
102,121
102,122
102,123
102,124
102,125
102,126
102,127
102,128
102,129
102,130
102,131
102,132
102,133
102,134
102,135
102,136
102,137
102,138
102,139
102,140
102,141
102,142
102,143
102,151
102,155
102,158
102,161
102,165
102,174
102,178
102,181
102,189
102,191
102,192
102,197
102,198
102,199
103,104
103,105
103,106
103,107
103,108
103,109
103,110
103,111
103,112
103,115
103,116
103,117
104,105
104,106
104,107
104,108
104,109
104,114
104,118
104,123
104,124
104,126
104,128
104,135
104,137
104,138
104,140
104,142
104,151
104,155
104,158
104,161
104,165
104,174
104,178
104,181
104,189
104,191
104,192
104,197
104,198
104,199
105,106
105,107
105,109
105,110
105,111
105,112
105,113
105,114
105,115
105,116
105,117
105,118
105,119
105,120
105,122
105,123
105,124
105,125
105,127
105,128
105,129
105,130
105,131
105,132
105,134
105,135
105,136
105,137
105,139
105,140
105,141
105,142
105,143
105,144
105,146
105,147
105,148
105,151
105,152
105,153
105,154
105,155
105,156
105,158
105,159
105,162
105,163
105,164
105,165
105,166
105,169
105,170
105,171
105,172
105,173
105,174
105,175
105,178
105,182
105,183
105,185
105,189
105,190
106,107
106,109
106,110
106,111
106,112
106,113
106,114
107,108
107,109
107,110
107,111
107,112
107,113
107,114
107,115
107,116
107,117
107,118
107,119
107,120
107,121
107,122
107,123
107,124
107,125
107,126
107,127
107,128
107,129
107,130
107,131
107,132
107,133
107,135
107,137
107,139
107,140
107,142
107,143
107,144
107,145
107,146
107,147
107,148
107,149
108,109
108,110
108,111
108,113
108,114
108,115
108,116
108,117
108,118
108,119
108,120
108,121
108,122
108,123
108,124
108,125
108,126
108,127
108,128
108,129
108,130
108,131
108,132
108,133
108,134
108,135
108,136
108,137
108,138
108,139
108,140
108,141
108,142
108,144
108,145
108,146
108,147
108,148
108,149
108,150
108,151
108,152
108,153
108,154
108,155
108,156
108,157
108,158
108,159
108,160
108,161
108,162
108,163
108,164
108,165
108,166
108,167
108,168
108,170
108,171
108,172
108,173
108,174
108,177
108,178
108,181
108,182
108,183
108,184
108,185
108,187
108,189
108,191
108,192
108,197
108,198
108,199
109,110
109,111
109,112
109,113
109,114
109,115
109,116
109,117
109,118
109,119
109,120
109,121
109,122
109,123
109,124
109,125
110,111
110,112
110,113
110,114
110,115
110,116
110,117
110,118
110,119
110,120
110,121
110,122
110,123
110,124
110,125
110,127
110,128
110,129
110,130
110,131
110,132
110,133
110,134
110,135
110,137
110,139
110,140
110,142
110,144
110,145
110,146
110,148
110,149
110,150
110,153
110,154
110,157
110,158
110,159
110,160
110,162
110,163
110,164
110,165
110,167
110,168
110,169
110,170
110,171
110,172
110,173
110,174
110,175
110,176
110,177
110,182
110,183
110,184
110,185
110,188
110,189
110,190
110,191
110,194
110,196
110,197
110,198
111,112
111,113
111,114
111,115
111,116
111,117
111,119
111,120
111,121
111,122
111,123
111,124
111,125
111,126
111,127
111,128
111,130
111,131
111,132
111,133
111,134
111,135
111,136
111,137
111,138
111,139
111,140
111,141
111,142
111,143
111,144
111,145
111,146
111,147
111,148
111,149
111,151
111,152
111,153
111,154
111,155
111,156
111,157
111,158
111,159
111,160
111,162
111,163
111,164
111,165
111,166
111,167
111,168
111,169
112,113
112,114
112,115
112,116
112,118
112,119
112,120
112,121
112,122
112,123
112,124
112,125
112,126
112,127
112,128
112,129
112,130
112,131
112,132
112,133
112,134
112,135
112,136
112,137
113,114
113,115
113,116
113,117
113,118
113,119
113,120
113,121
113,122
113,123
113,125
113,126
113,127
113,129
113,130
113,131
113,132
113,133
113,134
113,135
113,136
113,137
113,138
113,140
113,141
113,143
113,144
113,145
113,147
113,148
113,149
113,151
113,152
113,153
113,154
113,155
113,156
113,157
113,158
113,159
113,161
113,162
113,163
113,164
113,165
113,167
113,168
113,169
113,170
113,171
113,172
113,173
113,175
113,177
113,178
113,180
113,181
113,182
113,183
113,184
113,185
113,186
113,187
113,188
113,189
113,190
113,191
113,193
113,194
113,195
113,196
113,198
114,115
114,116
114,117
114,118
114,119
114,121
114,122
114,123
114,124
114,125
114,126
114,127
114,128
114,129
114,130
114,131
114,132
114,133
114,134
114,135
114,136
114,137
114,138
114,140
114,142
114,151
114,155
114,158
114,161
114,165
114,174
114,178
114,181
114,189
114,191
114,192
114,197
114,198
114,199
115,116
115,117
115,118
115,119
115,120
115,121
115,122
115,123
115,124
115,125
115,126
115,127
115,128
115,129
115,130
115,131
115,132
115,134
115,136
115,137
115,138
115,139
115,140
115,141
115,142
115,143
115,144
115,145
115,146
115,148
115,149
115,150
115,151
115,152
115,153
115,154
115,155
115,156
115,157
115,158
115,159
115,160
115,161
115,162
115,163
116,117
116,118
116,119
116,120
116,121
116,122
116,123
116,124
116,125
116,126
116,127
116,128
116,129
116,131
116,132
116,133
116,134
116,135
116,136
116,137
116,140
116,141
116,142
117,118
117,119
117,120
117,121
117,122
117,123
117,124
117,125
117,126
117,127
117,128
117,129
117,130
117,131
117,132
117,133
117,134
117,135
117,137
117,138
117,139
117,140
117,141
117,142
117,144
117,145
117,146
117,147
117,148
117,150
117,151
117,152
117,153
117,154
117,155
117,156
117,157
117,158
117,159
118,120
118,121
118,122
118,123
118,124
118,125
118,126
118,127
118,128
118,129
118,130
118,131
118,132
118,133
118,134
118,135
118,136
118,137
118,138
118,139
118,140
118,142
118,143
118,144
118,145
118,146
118,147
118,148
118,149
118,150
118,151
118,152
118,153
118,154
118,155
118,156
118,157
118,158
118,159
118,161
118,162
118,163
118,164
118,165
118,167
118,168
118,169
118,171
118,173
118,174
118,175
118,176
118,177
118,178
118,180
118,181
118,182
118,184
118,185
118,186
118,187
118,188
118,189
118,190
118,191
118,192
118,195
118,196
118,197
118,198
118,199
119,120
119,121
119,122
119,123
119,124
119,125
119,126
119,127
119,128
119,129
119,130
119,131
119,132
119,133
119,134
119,135
119,136
119,137
119,138
119,139
119,140
119,141
119,142
119,143
119,144
119,146
119,147
119,148
119,149
119,150
119,151
119,152
119,153
119,154
119,155
119,156
119,157
119,158
119,159
119,160
119,161
119,162
119,163
119,164
119,165
119,166
119,167
119,168
119,169
119,170
119,171
119,172
119,173
119,174
119,175
119,177
119,179
119,180
119,182
119,183
119,184
119,185
119,186
119,187
119,188
119,189
119,190
119,191
119,192
119,193
119,194
119,195
119,196
119,197
119,198
119,199
120,121
120,123
120,124
120,125
120,126
121,122
121,123
121,124
121,125
121,127
121,128
121,129
121,131
121,132
121,133
121,134
121,135
121,136
121,137
121,138
121,139
121,140
121,141
121,142
121,143
121,144
121,145
121,146
121,147
121,148
121,151
121,153
121,154
121,155
121,156
121,157
121,158
121,159
121,160
121,161
121,162
121,163
121,165
121,166
121,167
121,168
121,169
121,173
121,175
121,176
121,177
121,178
122,123
122,124
122,125
122,126
122,127
122,128
122,129
122,131
122,132
122,133
122,134
122,135
122,136
122,137
122,138
122,139
122,140
122,141
122,142
122,143
122,144
122,145
122,146
122,147
122,148
122,149
122,150
122,151
122,152
122,153
122,154
122,155
122,156
122,157
122,158
122,159
122,160
122,161
122,162
122,164
122,165
122,166
122,167
122,168
122,169
122,170
122,171
122,172
122,175
122,176
122,177
122,178
122,179
122,180
122,181
122,182
122,183
122,184
122,185
123,124
123,125
123,126
123,127
123,128
123,130
123,131
123,132
123,134
123,135
123,136
123,137
123,138
123,139
123,140
123,141
123,142
123,143
123,144
123,145
123,146
123,147
123,148
123,149
123,150
123,151
123,152
123,153
123,154
123,155
123,157
123,158
123,159
123,160
123,161
123,162
123,163
123,164
123,165
123,166
123,167
123,168
123,169
123,170
123,171
123,173
123,174
123,175
123,176
123,177
123,178
123,180
123,181
123,189
123,191
123,192
123,197
123,198
123,199
124,125
124,126
124,127
124,128
124,129
124,130
124,131
124,132
124,133
124,134
124,135
124,137
124,138
124,140
124,142
124,151
124,155
124,158
124,161
124,165
124,174
124,178
124,181
124,189
124,191
124,192
124,197
124,198
124,199
125,126
125,127
125,128
125,130
125,131
125,132
125,134
125,135
125,136
125,137
125,138
125,139
125,141
125,142
125,143
125,144
125,145
125,146
125,147
125,148
125,149
125,150
125,151
125,152
125,153
125,154
125,155
125,156
125,157
125,158
125,159
125,160
125,161
125,162
125,163
125,164
125,165
126,127
126,128
126,129
126,130
126,131
126,132
126,133
126,134
126,135
126,136
126,137
126,138
126,139
126,140
126,141
126,142
126,143
126,144
126,145
126,146
126,147
126,148
126,149
126,150
126,151
126,152
126,153
126,154
126,155
126,156
126,158
126,161
126,165
126,174
126,178
126,181
126,189
126,191
126,192
126,197
126,198
126,199
127,129
127,130
127,131
127,132
127,134
127,135
127,136
127,137
127,138
127,139
127,140
127,141
127,142
127,143
127,144
127,145
127,146
127,147
127,148
127,149
127,150
127,151
127,153
127,154
127,155
127,156
127,157
127,158
127,159
127,161
127,162
127,163
127,165
127,166
127,167
127,169
127,170
127,171
127,172
127,173
127,174
127,175
127,176
127,177
127,178
127,179
128,129
128,135
128,137
128,138
128,140
128,142
128,151
128,155
128,158
128,161
128,165
128,174
128,178
128,181
128,189
128,191
128,192
128,197
128,198
128,199
129,130
129,131
129,132
129,133
129,134
129,135
129,136
129,139
129,140
129,142
129,143
129,144
129,145
129,146
129,147
129,148
129,149
129,150
129,151
129,153
129,154
129,155
129,156
129,157
129,159
129,161
129,162
129,163
129,164
129,165
129,166
129,167
129,168
129,169
129,170
129,171
129,172
129,173
129,174
129,175
129,176
129,177
129,178
129,179
129,180
129,181
129,182
129,183
129,184
129,185
129,186
129,187
129,188
129,189
129,190
129,191
130,132
131,132
131,133
131,134
131,136
131,137
131,138
131,139
131,140
131,141
131,142
131,143
131,144
131,145
131,146
131,147
131,148
132,133
132,134
132,135
132,136
132,137
132,138
132,139
132,140
132,141
132,142
132,143
132,145
132,146
132,147
132,148
132,150
132,151
132,153
132,154
132,155
132,156
132,157
132,158
132,159
132,160
132,161
132,162
132,163
132,164
132,165
132,166
132,167
132,168
132,169
132,170
132,171
132,172
132,173
132,174
132,175
132,177
132,178
132,179
132,180
132,181
132,182
132,183
132,184
132,185
132,186
133,134
133,135
133,136
133,137
133,138
133,139
133,141
133,142
133,143
133,144
133,145
133,146
133,147
133,148
133,149
133,150
133,151
133,152
134,135
134,136
134,137
134,138
134,139
134,140
134,141
134,142
134,143
134,145
134,146
134,147
134,148
134,149
134,150
134,151
134,152
134,153
135,136
135,137
135,138
135,139
135,140
135,141
135,142
135,143
135,144
135,145
135,147
135,148
135,149
135,150
135,151
135,152
135,154
135,155
135,156
135,157
135,158
135,159
135,160
135,161
135,163
135,164
135,165
135,166
135,167
135,168
135,170
135,171
135,172
135,173
135,174
135,175
135,176
135,178
135,180
135,181
135,182
135,183
135,184
135,185
135,187
135,188
135,189
135,190
135,191
135,192
135,193
135,194
135,195
135,197
135,198
135,199
136,138
136,139
136,140
136,141
136,142
136,143
136,144
136,145
136,146
136,147
136,148
136,149
137,138
137,139
137,140
137,141
137,142
137,144
137,145
137,146
137,147
137,148
137,149
137,150
137,151
137,152
137,153
137,154
137,155
137,156
137,157
137,158
137,159
137,160
137,161
137,162
137,163
137,164
137,165
137,166
137,167
137,168
137,169
137,170
137,171
137,172
137,173
137,174
137,175
137,176
137,177
137,178
137,180
137,181
137,182
137,183
137,184
137,185
137,186
137,187
137,188
137,189
137,190
137,191
137,192
137,193
137,194
137,195
137,197
137,198
137,199
138,139
138,140
138,142
138,143
138,144
138,151
138,155
138,158
138,161
138,165
138,174
138,178
138,181
138,189
138,191
138,192
138,197
138,198
138,199
139,140
139,141
139,142
139,143
139,144
139,145
139,146
139,147
139,148
139,149
139,150
139,151
139,152
139,153
139,154
139,155
139,156
139,157
139,159
139,160
139,161
139,162
139,163
139,164
139,165
139,166
139,167
139,168
139,169
139,170
139,171
139,172
139,173
139,174
139,175
139,176
139,177
139,178
139,179
139,180
139,181
139,182
139,183
139,184
139,185
139,186
139,187
139,188
139,189
139,190
139,191
139,193
139,194
139,195
139,196
139,197
139,198
140,141
140,142
140,143
140,144
140,145
140,146
140,147
140,148
140,149
140,150
140,151
140,152
140,153
140,155
140,156
140,157
140,158
140,159
140,160
140,161
140,162
140,163
140,164
140,165
140,166
140,167
140,168
140,169
140,170
140,171
140,172
140,173
140,174
140,175
140,176
140,177
140,178
140,180
140,181
140,182
140,183
140,184
140,185
140,186
140,187
140,188
140,189
140,190
140,191
140,192
140,193
140,197
140,198
140,199
141,142
141,143
141,144
141,145
141,146
141,147
141,148
141,149
141,150
141,151
141,152
141,153
141,154
141,155
141,156
141,157
141,158
141,159
141,160
141,161
141,162
141,163
141,165
141,166
141,167
141,168
141,169
141,171
141,172
141,173
141,174
141,175
141,176
141,177
141,178
141,179
141,180
141,181
141,182
141,183
141,184
141,185
141,186
141,187
141,188
141,189
141,190
141,191
141,192
141,193
142,143
142,144
142,145
142,146
142,151
142,155
142,158
142,161
142,165
142,174
142,178
142,181
142,189
142,191
142,192
142,197
142,198
142,199
143,144
143,145
143,146
143,148
143,149
143,152
143,153
143,154
143,155
143,156
143,157
143,158
143,159
143,160
143,161
143,162
143,163
143,165
143,166
143,167
143,168
144,145
144,146
144,147
144,148
144,149
144,150
144,151
144,152
144,153
144,154
144,155
144,156
144,157
144,158
144,159
144,160
144,161
144,162
144,163
144,164
144,166
144,167
144,168
144,169
144,171
144,172
144,173
144,174
144,175
144,177
144,178
144,179
144,182
144,184
144,185
144,186
144,187
144,188
144,189
144,190
144,191
144,192
144,193
144,194
144,195
144,196
144,198
144,199
145,146
145,147
145,148
145,149
145,150
145,152
145,153
145,154
145,155
145,156
145,157
145,158
145,159
145,160
145,161
145,163
145,165
145,166
145,167
145,168
145,170
145,171
145,172
145,173
145,174
145,175
145,176
145,177
145,178
145,179
145,180
145,181
145,182
145,183
145,184
145,185
145,186
145,187
145,188
145,189
145,190
145,191
145,192
145,193
145,194
145,195
145,196
145,197
145,198
145,199
146,147
146,148
146,149
146,150
146,151
146,152
146,153
146,154
146,155
146,156
146,157
146,158
146,159
146,160
146,161
146,162
146,163
146,164
146,165
146,166
146,167
146,168
146,169
146,170
146,171
146,172
146,173
146,174
146,175
146,176
146,177
146,178
146,179
146,180
146,181
146,182
146,183
146,184
146,185
146,186
146,187
146,189
146,190
146,191
146,192
146,193
146,194
146,196
146,197
146,198
146,199
147,148
147,149
147,150
147,151
147,153
147,154
147,155
147,156
147,158
147,159
147,160
147,161
147,163
147,164
147,165
147,166
148,149
148,150
148,151
148,152
148,153
148,154
148,155
148,156
148,157
148,158
148,159
148,160
148,162
148,163
148,164
148,165
148,166
148,167
148,168
148,169
148,171
148,172
148,173
148,174
148,175
148,176
148,177
148,178
148,179
148,180
148,181
148,182
148,183
148,184
148,185
148,186
148,187
148,188
148,189
148,190
148,191
148,192
148,193
148,194
148,195
148,196
148,197
148,198
149,151
149,152
149,153
149,154
149,155
149,156
149,157
149,158
149,159
149,160
149,161
149,162
149,163
149,164
149,165
149,166
149,167
149,168
149,169
149,170
149,171
149,172
149,173
149,174
149,175
149,176
149,177
149,178
149,179
149,180
149,181
149,182
149,183
149,184
149,185
149,186
149,187
149,188
149,189
149,190
149,191
149,192
149,193
149,194
149,195
149,196
149,197
149,198
149,199
150,151
150,152
150,153
150,154
150,155
150,156
150,157
151,152
151,153
151,154
151,155
151,156
151,157
151,158
151,159
151,160
151,161
151,162
151,164
151,165
151,166
151,167
151,168
151,169
151,170
151,171
151,174
151,176
151,177
151,178
151,179
151,180
151,181
151,182
151,183
151,184
151,185
151,186
151,187
151,189
151,190
151,191
151,192
151,193
151,194
151,195
151,196
151,197
151,198
151,199
152,153
152,154
152,155
152,157
152,158
152,159
152,160
152,161
152,162
152,164
152,165
152,166
152,167
153,154
153,155
153,156
153,157
153,158
153,159
153,161
153,162
153,163
153,164
153,165
153,166
153,167
153,169
153,170
153,171
153,172
153,173
153,174
153,175
154,156
154,157
154,158
154,159
154,160
154,161
154,162
154,163
154,164
154,165
154,166
154,168
154,169
154,170
154,171
154,172
154,173
154,174
154,175
154,176
154,177
154,178
154,179
154,180
154,181
154,182
154,183
154,184
154,185
154,186
154,187
154,188
154,189
154,190
154,191
154,192
154,193
154,194
154,195
154,196
154,197
154,198
155,156
155,157
155,158
155,159
155,160
155,161
155,162
155,163
155,164
155,165
155,166
155,167
155,168
155,169
155,170
155,172
155,173
155,174
155,175
155,176
155,178
155,179
155,180
155,181
155,182
155,183
155,184
155,185
155,186
155,187
155,188
155,189
155,190
155,191
155,192
155,193
155,194
155,195
155,196
155,197
155,198
155,199
156,157
156,158
156,159
156,160
156,161
156,162
156,163
156,164
156,165
156,166
156,167
156,168
156,169
156,170
156,171
156,172
156,173
156,174
156,175
156,176
156,177
156,178
156,179
156,180
156,181
156,182
156,183
156,184
156,185
156,186
156,187
156,188
156,189
156,190
156,191
156,192
156,193
156,194
156,196
156,197
156,198
157,158
157,159
157,160
157,161
157,162
157,163
157,164
157,165
157,166
157,167
157,168
157,169
158,159
158,160
158,161
158,162
158,163
158,164
158,165
158,174
158,178
158,181
158,189
158,191
158,192
158,197
158,198
158,199
159,161
159,162
159,163
159,164
159,165
159,167
159,168
159,169
159,172
159,174
159,175
159,176
160,161
160,162
160,163
160,164
160,165
160,166
160,167
160,168
160,169
160,170
160,171
161,162
161,163
161,164
161,165
161,166
161,167
161,168
161,169
161,170
161,171
161,172
161,173
161,174
161,175
161,176
161,177
161,178
161,179
161,181
161,189
161,191
161,192
161,197
161,198
161,199
162,163
162,164
162,165
162,166
162,167
162,168
162,169
162,170
162,171
162,172
162,173
162,175
162,176
162,177
162,178
162,179
162,183
162,184
162,185
162,186
162,187
162,188
162,189
162,190
162,191
162,196
162,197
162,199
163,164
163,165
163,166
163,167
163,168
163,170
163,171
163,172
163,173
163,174
163,175
163,176
163,177
163,178
163,179
163,180
163,181
163,182
163,183
163,184
163,186
163,187
163,188
163,189
163,190
163,191
163,192
164,165
164,166
164,167
164,168
164,169
164,170
164,172
164,173
164,174
164,175
164,176
164,177
165,166
165,167
165,168
165,169
165,170
165,171
165,172
165,173
165,174
165,175
165,176
165,177
165,178
165,179
165,180
165,181
165,182
165,183
165,184
165,185
165,186
165,187
165,188
165,189
165,190
165,191
165,192
165,193
165,195
165,196
165,197
165,198
165,199
166,167
166,168
166,169
166,170
166,171
166,172
166,173
166,174
166,176
166,178
166,179
166,180
166,181
166,182
167,168
167,169
167,170
167,171
167,172
167,173
167,174
167,175
167,176
167,177
167,178
167,179
167,180
167,181
167,182
167,183
168,169
168,170
168,171
168,172
168,173
168,174
168,175
168,176
168,177
168,178
168,179
168,180
168,181
168,183
168,184
168,185
168,186
168,187
168,188
168,189
168,190
168,191
168,192
168,193
168,194
168,195
168,196
168,197
168,199
169,170
169,171
169,172
169,174
169,175
169,176
169,177
169,178
169,179
169,180
169,181
169,182
169,183
169,184
169,185
169,186
169,187
169,188
169,189
169,190
169,191
169,192
169,193
169,194
169,195
169,196
169,197
169,199
170,172
171,172
171,173
171,175
171,176
171,177
171,178
171,179
171,180
171,181
171,182
171,183
171,184
171,185
171,186
171,187
171,188
171,190
171,191
171,192
171,193
171,194
171,195
171,196
171,197
171,198
171,199
172,173
172,174
172,175
172,176
172,177
172,178
172,179
172,180
172,181
172,182
172,183
172,184
173,174
173,175
173,176
173,177
173,178
173,179
173,180
173,181
173,182
173,183
173,184
173,185
173,186
173,187
173,188
173,189
173,190
173,191
173,192
173,193
173,194
173,195
173,196
173,198
173,199
174,175
174,176
174,177
174,178
174,180
174,181
174,182
174,185
174,186
174,187
174,188
174,189
174,190
174,191
174,192
174,193
174,194
174,195
174,196
174,197
174,198
174,199
175,176
175,177
175,178
175,180
175,181
175,182
175,183
175,184
175,185
175,186
175,187
175,188
175,189
175,190
175,191
175,192
175,193
175,194
175,195
175,196
175,197
176,177
176,178
176,179
176,180
176,181
176,182
176,183
176,184
176,185
176,186
176,187
176,188
176,189
176,190
176,191
176,192
176,193
176,194
176,195
176,196
176,197
176,198
176,199
177,178
177,179
177,180
177,181
177,183
177,184
177,185
177,186
177,187
177,188
177,189
177,190
177,191
177,192
177,193
177,194
177,195
177,196
177,197
177,198
177,199
178,179
178,180
178,181
178,182
178,183
178,184
178,185
178,186
178,187
178,188
178,189
178,190
178,191
178,192
178,194
178,195
178,197
178,198
178,199
179,181
179,182
179,183
179,184
179,185
179,186
179,187
179,188
179,189
179,190
179,191
179,192
179,193
179,194
179,195
179,196
179,198
179,199
180,181
180,182
180,183
180,184
180,185
180,186
180,187
180,189
180,190
180,191
180,192
180,193
180,194
180,195
180,196
180,197
180,198
180,199
181,182
181,183
181,184
181,185
181,186
181,187
181,188
181,189
181,190
181,191
181,192
181,193
181,194
181,195
181,196
181,197
181,198
181,199
182,183
182,184
182,186
182,187
182,188
182,189
182,191
182,192
182,193
182,194
182,195
182,196
182,197
182,198
182,199
183,184
183,185
183,186
183,187
183,188
183,189
183,190
183,191
183,192
183,193
183,196
183,197
183,198
183,199
184,185
184,186
184,187
184,188
184,189
184,190
184,191
184,192
184,193
184,194
184,196
184,197
184,198
184,199
185,186
185,187
185,188
185,189
185,190
185,191
185,192
185,193
185,194
185,195
185,196
185,197
185,198
185,199
186,187
186,188
187,188
187,189
187,190
187,192
187,193
187,194
187,195
187,196
187,197
187,198
187,199
188,189
188,190
188,191
188,192
188,193
188,194
188,195
188,196
188,197
188,198
188,199
189,190
189,191
189,192
189,193
189,194
189,195
189,196
189,197
189,198
189,199
190,191
190,192
190,193
190,194
190,195
190,196
190,197
190,198
190,199
191,192
191,193
191,194
191,195
191,196
191,197
191,198
191,199
192,193
192,194
192,195
192,196
192,197
192,198
192,199
193,194
193,195
193,196
193,197
193,198
193,199
194,195
194,196
194,197
194,198
194,199
195,196
195,197
195,198
195,199
196,197
196,198
196,199
197,198
197,199
198,199
