0,1
0,2
0,3
0,4
0,5
0,6
0,7
0,8
0,9
0,10
0,11
0,12
0,13
0,14
0,15
0,16
0,17
0,18
0,19
0,20
0,21
0,22
0,23
0,24
0,25
0,26
0,27
0,28
0,29
0,30
0,31
0,32
0,33
0,34
0,35
0,36
0,37
0,38
0,39
0,40
0,41
0,42
0,43
0,44
0,45
0,46
0,47
0,48
0,49
0,50
0,51
0,52
0,53
0,54
0,55
0,56
0,168
0,169
0,170
0,172
0,173
0,174
0,175
0,184
0,185
1,2
1,3
1,4
1,5
1,6
1,7
1,8
1,9
1,10
1,11
1,12
1,13
1,14
1,15
1,16
1,17
1,18
1,19
1,20
1,21
1,22
1,23
1,24
1,25
1,26
1,27
1,28
1,29
1,30
1,31
1,32
1,33
1,34
1,35
1,36
1,37
1,38
1,39
1,40
1,41
1,42
1,43
1,44
1,45
1,46
1,47
1,48
1,49
1,50
1,51
1,52
1,53
1,54
1,55
1,56
1,57
1,58
1,64
1,68
1,69
1,71
1,73
1,76
1,83
1,88
1,96
1,103
1,104
1,108
1,114
1,117
1,122
1,126
1,128
1,132
1,134
1,136
1,138
1,140
1,141
1,143
1,144
1,149
1,154
1,163
1,164
1,166
1,167
1,168
1,171
1,174
1,184
1,190
1,194
2,3
2,4
2,5
2,6
2,7
2,8
2,9
2,10
2,11
2,12
2,13
2,14
2,15
2,16
2,17
2,18
2,19
2,20
2,21
2,22
2,23
2,24
2,25
2,26
2,27
2,28
2,29
2,30
2,31
2,32
2,33
2,34
2,35
2,36
2,37
2,38
2,39
2,40
2,41
2,42
2,43
2,44
2,45
2,46
2,47
2,48
2,49
2,50
2,51
2,52
2,53
2,54
2,55
2,56
3,4
3,5
3,6
3,7
3,8
3,9
3,10
3,11
3,12
3,13
3,14
3,15
3,16
3,17
3,18
3,19
3,20
3,21
3,22
3,23
3,24
3,25
3,26
3,27
3,28
3,29
3,30
3,31
3,32
3,33
3,34
3,35
3,36
3,37
3,38
3,39
3,40
3,41
3,42
3,43
3,44
3,45
3,46
3,47
3,48
3,49
3,50
3,51
3,52
3,53
3,54
3,55
3,56
4,5
4,6
4,7
4,8
4,9
4,10
4,11
4,12
4,13
4,14
4,15
4,16
4,17
4,18
4,19
4,20
4,21
4,22
4,23
4,24
4,25
4,26
4,27
4,28
4,29
4,30
4,31
4,32
4,33
4,34
4,35
4,36
4,37
4,38
4,39
4,40
4,41
4,42
4,43
4,44
4,45
4,46
4,47
4,48
4,49
4,50
4,51
4,52
4,53
4,54
4,55
4,56
4,57
4,58
4,64
4,68
4,69
4,71
4,73
4,76
4,83
4,88
4,96
4,103
4,104
4,108
4,114
4,117
4,122
4,126
4,128
4,132
4,134
4,136
4,138
4,140
4,141
4,143
4,144
4,149
4,154
4,163
4,164
4,166
4,167
4,168
4,171
4,174
4,184
4,190
4,194
5,6
5,7
5,8
5,9
5,10
5,11
5,12
5,13
5,14
5,15
5,16
5,17
5,18
5,19
5,20
5,21
5,22
5,23
5,24
5,25
5,26
5,27
5,28
5,29
5,30
5,31
5,32
5,33
5,34
5,35
5,36
5,37
5,38
5,39
5,40
5,41
5,42
5,43
5,44
5,45
5,46
5,47
5,48
5,49
5,50
5,51
5,52
5,53
5,54
5,55
5,56
6,7
6,8
6,9
6,10
6,11
6,12
6,13
6,14
6,15
6,16
6,17
6,18
6,19
6,20
6,21
6,22
6,23
6,24
6,25
6,26
6,27
6,28
6,29
6,30
6,31
6,32
6,33
6,34
6,35
6,36
6,37
6,38
6,39
6,40
6,41
6,42
6,43
6,44
6,45
6,46
6,47
6,48
6,49
6,50
6,51
6,52
6,53
6,54
6,55
6,56
7,8
7,9
7,10
7,11
7,12
7,13
7,14
7,15
7,16
7,17
7,18
7,19
7,20
7,21
7,22
7,23
7,24
7,25
7,26
7,27
7,28
7,29
7,30
7,31
7,32
7,33
7,34
7,35
7,36
7,37
7,38
7,39
7,40
7,41
7,42
7,43
7,44
7,45
7,46
7,47
7,48
7,49
7,50
7,51
7,52
7,53
7,54
7,55
7,56
8,9
8,10
8,11
8,12
8,13
8,14
8,15
8,16
8,17
8,18
8,19
8,20
8,21
8,22
8,23
8,24
8,25
8,26
8,27
8,28
8,29
8,30
8,31
8,32
8,33
8,34
8,35
8,36
8,37
8,38
8,39
8,40
8,41
8,42
8,43
8,44
8,45
8,46
8,47
8,48
8,49
8,50
8,51
8,52
8,53
8,54
8,55
8,56
9,10
9,11
9,12
9,13
9,14
9,15
9,16
9,17
9,18
9,19
9,20
9,21
9,22
9,23
9,24
9,25
9,26
9,27
9,28
9,29
9,30
9,31
9,32
9,33
9,34
9,35
9,36
9,37
9,38
9,39
9,40
9,41
9,42
9,43
9,44
9,45
9,46
9,47
9,48
9,49
9,50
9,51
9,52
9,53
9,54
9,55
9,56
10,11
10,12
10,13
10,14
10,15
10,16
10,17
10,18
10,19
10,20
10,21
10,22
10,23
10,24
10,25
10,26
10,27
10,28
10,29
10,30
10,31
10,32
10,33
10,34
10,35
10,36
10,37
10,38
10,39
10,40
10,41
10,42
10,43
10,44
10,45
10,46
10,47
10,48
10,49
10,50
10,51
10,52
10,53
10,54
10,55
10,56
11,12
11,13
11,14
11,15
11,16
11,17
11,18
11,19
11,20
11,21
11,22
11,23
11,24
11,25
11,26
11,27
11,28
11,29
11,30
11,31
11,32
11,33
11,34
11,35
11,36
11,37
11,38
11,39
11,40
11,41
11,42
11,43
11,44
11,45
11,46
11,47
11,48
11,49
11,50
11,51
11,52
11,53
11,54
11,55
11,56
12,13
12,14
12,15
12,16
12,17
12,18
12,19
12,20
12,21
12,22
12,23
12,24
12,25
12,26
12,27
12,28
12,29
12,30
12,31
12,32
12,33
12,34
12,35
12,36
12,37
12,38
12,39
12,40
12,41
12,42
12,43
12,44
12,45
12,46
12,47
12,48
12,49
12,50
12,51
12,52
12,53
12,54
12,55
12,56
13,14
13,15
13,16
13,17
13,18
13,19
13,20
13,21
13,22
13,23
13,24
13,25
13,26
13,27
13,28
13,29
13,30
13,31
13,32
13,33
13,34
13,35
13,36
13,37
13,38
13,39
13,40
13,41
13,42
13,43
13,44
13,45
13,46
13,47
13,48
13,49
13,50
13,51
13,52
13,53
13,54
13,55
13,56
13,57
13,58
13,64
13,68
13,69
13,71
13,73
13,76
13,83
13,88
13,96
13,103
13,104
13,108
13,114
13,117
13,122
13,126
13,128
13,132
13,134
13,136
13,138
13,140
13,141
13,143
13,144
13,149
13,154
13,163
13,164
13,166
13,167
13,168
13,171
13,174
13,184
13,190
13,194
14,15
14,16
14,17
14,18
14,19
14,20
14,21
14,22
14,23
14,24
14,25
14,26
14,27
14,28
14,29
14,30
14,31
14,32
14,33
14,34
14,35
14,36
14,37
14,38
14,39
14,40
14,41
14,42
14,43
14,44
14,45
14,46
14,47
14,48
14,49
14,50
14,51
14,52
14,53
14,54
14,55
14,56
15,16
15,17
15,18
15,19
15,20
15,21
15,22
15,23
15,24
15,25
15,26
15,27
15,28
15,29
15,30
15,31
15,32
15,33
15,34
15,35
15,36
15,37
15,38
15,39
15,40
15,41
15,42
15,43
15,44
15,45
15,46
15,47
15,48
15,49
15,50
15,51
15,52
15,53
15,54
15,55
15,56
15,57
15,58
15,64
15,68
15,69
15,71
15,73
15,76
15,83
15,88
15,96
15,103
15,104
15,108
15,114
15,117
15,122
15,126
15,128
15,132
15,134
15,136
15,138
15,140
15,141
15,143
15,144
15,149
15,154
15,163
15,164
15,166
15,167
15,168
15,171
15,174
15,184
15,190
15,194
16,17
16,18
16,19
16,20
16,21
16,22
16,23
16,24
16,25
16,26
16,27
16,28
16,29
16,30
16,31
16,32
16,33
16,34
16,35
16,36
16,37
16,38
16,39
16,40
16,41
16,42
16,43
16,44
16,45
16,46
16,47
16,48
16,49
16,50
16,51
16,52
16,53
16,54
16,55
16,56
16,57
16,58
16,64
16,68
16,69
16,71
16,73
16,76
16,83
16,88
16,96
16,103
16,104
16,108
16,114
16,117
16,122
16,126
16,128
16,132
16,134
16,136
16,138
16,140
16,141
16,143
16,144
16,149
16,154
16,163
16,164
16,166
16,167
16,168
16,171
16,174
16,184
16,190
16,194
17,18
17,19
17,20
17,21
17,22
17,23
17,24
17,25
17,26
17,27
17,28
17,29
17,30
17,31
17,32
17,33
17,34
17,35
17,36
17,37
17,38
17,39
17,40
17,41
17,42
17,43
17,44
17,45
17,46
17,47
17,48
17,49
17,50
17,51
17,52
17,53
17,54
17,55
17,56
17,57
17,58
17,64
17,68
17,69
17,71
17,73
17,76
17,83
17,88
17,96
17,103
17,104
17,108
17,114
17,117
17,122
17,126
17,128
17,132
17,134
17,136
17,138
17,140
17,141
17,143
17,144
17,149
17,154
17,163
17,164
17,166
17,167
17,168
17,171
17,174
17,184
17,190
17,194
18,19
18,20
18,21
18,22
18,23
18,24
18,25
18,26
18,27
18,28
18,29
18,30
18,31
18,32
18,33
18,34
18,35
18,36
18,37
18,38
18,39
18,40
18,41
18,42
18,43
18,44
18,45
18,46
18,47
18,48
18,49
18,50
18,51
18,52
18,53
18,54
18,55
18,56
19,20
19,21
19,22
19,23
19,24
19,25
19,26
19,27
19,28
19,29
19,30
19,31
19,32
19,33
19,34
19,35
19,36
19,37
19,38
19,39
19,40
19,41
19,42
19,43
19,44
19,45
19,46
19,47
19,48
19,49
19,50
19,51
19,52
19,53
19,54
19,55
19,56
19,57
19,58
19,64
19,68
19,69
19,71
19,73
19,76
19,83
19,88
19,96
19,103
19,104
19,108
19,114
19,117
19,122
19,126
19,128
19,132
19,134
19,136
19,138
19,140
19,141
19,143
19,144
19,149
19,154
19,163
19,164
19,166
19,167
19,168
19,171
19,174
19,184
19,190
19,194
20,21
20,22
20,23
20,24
20,25
20,26
20,27
20,28
20,29
20,30
20,31
20,32
20,33
20,34
20,35
20,36
20,37
20,38
20,39
20,40
20,41
20,42
20,43
20,44
20,45
20,46
20,47
20,48
20,49
20,50
20,51
20,52
20,53
20,54
20,55
20,56
21,22
21,23
21,24
21,25
21,26
21,27
21,28
21,29
21,30
21,31
21,32
21,33
21,34
21,35
21,36
21,37
21,38
21,39
21,40
21,41
21,42
21,43
21,44
21,45
21,46
21,47
21,48
21,49
21,50
21,51
21,52
21,53
21,54
21,55
21,56
21,57
21,58
21,64
21,68
21,69
21,71
21,73
21,76
21,83
21,88
21,96
21,103
21,104
21,108
21,114
21,117
21,122
21,126
21,128
21,132
21,134
21,136
21,138
21,140
21,141
21,143
21,144
21,149
21,154
21,163
21,164
21,166
21,167
21,168
21,171
21,174
21,184
21,190
21,194
22,23
22,24
22,25
22,26
22,27
22,28
22,29
22,30
22,31
22,32
22,33
22,34
22,35
22,36
22,37
22,38
22,39
22,40
22,41
22,42
22,43
22,44
22,45
22,46
22,47
22,48
22,49
22,50
22,51
22,52
22,53
22,54
22,55
22,56
23,24
23,25
23,26
23,27
23,28
23,29
23,30
23,31
23,32
23,33
23,34
23,35
23,36
23,37
23,38
23,39
23,40
23,41
23,42
23,43
23,44
23,45
23,46
23,47
23,48
23,49
23,50
23,51
23,52
23,53
23,54
23,55
23,56
24,25
24,26
24,27
24,28
24,29
24,30
24,31
24,32
24,33
24,34
24,35
24,36
24,37
24,38
24,39
24,40
24,41
24,42
24,43
24,44
24,45
24,46
24,47
24,48
24,49
24,50
24,51
24,52
24,53
24,54
24,55
24,56
24,57
24,58
24,64
24,68
24,69
24,71
24,73
24,76
24,83
24,88
24,96
24,103
24,104
24,108
24,114
24,117
24,122
24,126
24,128
24,132
24,134
24,136
24,138
24,140
24,141
24,143
24,144
24,149
24,154
24,163
24,164
24,166
24,167
24,168
24,171
24,174
24,184
24,190
24,194
25,26
25,27
25,28
25,29
25,30
25,31
25,32
25,33
25,34
25,35
25,36
25,37
25,38
25,39
25,40
25,41
25,42
25,43
25,44
25,45
25,46
25,47
25,48
25,49
25,50
25,51
25,52
25,53
25,54
25,55
25,56
26,27
26,28
26,29
26,30
26,31
26,32
26,33
26,34
26,35
26,36
26,37
26,38
26,39
26,40
26,41
26,42
26,43
26,44
26,45
26,46
26,47
26,48
26,49
26,50
26,51
26,52
26,53
26,54
26,55
26,56
27,28
27,29
27,30
27,31
27,32
27,33
27,34
27,35
27,36
27,37
27,38
27,39
27,40
27,41
27,42
27,43
27,44
27,45
27,46
27,47
27,48
27,49
27,50
27,51
27,52
27,53
27,54
27,55
27,56
28,29
28,30
28,31
28,32
28,33
28,34
28,35
28,36
28,37
28,38
28,39
28,40
28,41
28,42
28,43
28,44
28,45
28,46
28,47
28,48
28,49
28,50
28,51
28,52
28,53
28,54
28,55
28,56
29,30
29,31
29,32
29,33
29,34
29,35
29,36
29,37
29,38
29,39
29,40
29,41
29,42
29,43
29,44
29,45
29,46
29,47
29,48
29,49
29,50
29,51
29,52
29,53
29,54
29,55
29,56
30,31
30,32
30,33
30,34
30,35
30,36
30,37
30,38
30,39
30,40
30,41
30,42
30,43
30,44
30,45
30,46
30,47
30,48
30,49
30,50
30,51
30,52
30,53
30,54
30,55
30,56
31,32
31,33
31,34
31,35
31,36
31,37
31,38
31,39
31,40
31,41
31,42
31,43
31,44
31,45
31,46
31,47
31,48
31,49
31,50
31,51
31,52
31,53
31,54
31,55
31,56
32,33
32,34
32,35
32,36
32,37
32,38
32,39
32,40
32,41
32,42
32,43
32,44
32,45
32,46
32,47
32,48
32,49
32,50
32,51
32,52
32,53
32,54
32,55
32,56
33,34
33,35
33,36
33,37
33,38
33,39
33,40
33,41
33,42
33,43
33,44
33,45
33,46
33,47
33,48
33,49
33,50
33,51
33,52
33,53
33,54
33,55
33,56
33,57
33,58
33,64
33,68
33,69
33,71
33,73
33,76
33,83
33,88
33,96
33,103
33,104
33,108
33,114
33,117
33,122
33,126
33,128
33,132
33,134
33,136
33,138
33,140
33,141
33,143
33,144
33,149
33,154
33,163
33,164
33,166
33,167
33,168
33,171
33,174
33,184
33,190
33,194
34,35
34,36
34,37
34,38
34,39
34,40
34,41
34,42
34,43
34,44
34,45
34,46
34,47
34,48
34,49
34,50
34,51
34,52
34,53
34,54
34,55
34,56
35,36
35,37
35,38
35,39
35,40
35,41
35,42
35,43
35,44
35,45
35,46
35,47
35,48
35,49
35,50
35,51
35,52
35,53
35,54
35,55
35,56
36,37
36,38
36,39
36,40
36,41
36,42
36,43
36,44
36,45
36,46
36,47
36,48
36,49
36,50
36,51
36,52
36,53
36,54
36,55
36,56
37,38
37,39
37,40
37,41
37,42
37,43
37,44
37,45
37,46
37,47
37,48
37,49
37,50
37,51
37,52
37,53
37,54
37,55
37,56
38,39
38,40
38,41
38,42
38,43
38,44
38,45
38,46
38,47
38,48
38,49
38,50
38,51
38,52
38,53
38,54
38,55
38,56
39,40
39,41
39,42
39,43
39,44
39,45
39,46
39,47
39,48
39,49
39,50
39,51
39,52
39,53
39,54
39,55
39,57
39,58
39,64
39,68
39,69
39,71
39,73
39,76
39,83
39,88
39,96
39,103
39,104
39,108
39,114
39,117
39,122
39,126
39,128
39,132
39,134
39,136
39,138
39,140
39,141
39,143
39,144
39,149
39,154
39,163
39,164
39,166
39,167
39,168
39,171
39,174
39,184
39,190
39,194
40,41
40,42
40,43
40,44
40,45
40,46
40,47
40,48
40,49
40,50
40,51
40,52
40,53
40,54
40,55
40,56
41,42
41,43
41,44
41,45
41,46
41,47
41,48
41,49
41,50
41,51
41,52
41,53
41,54
41,55
41,56
42,43
42,44
42,45
42,46
42,47
42,48
42,49
42,50
42,51
42,52
42,53
42,54
42,55
42,56
42,57
42,58
42,64
42,68
42,69
42,71
42,73
42,76
42,83
42,88
42,96
42,103
42,104
42,108
42,114
42,117
42,122
42,126
42,128
42,132
42,134
42,136
42,138
42,140
42,141
42,143
42,144
42,149
42,154
42,163
42,164
42,166
42,167
42,168
42,171
42,174
42,184
42,190
42,194
43,44
43,45
43,46
43,47
43,48
43,49
43,50
43,51
43,52
43,53
43,54
43,55
43,56
44,45
44,46
44,47
44,48
44,49
44,50
44,51
44,52
44,53
44,54
44,55
44,56
44,57
44,58
44,64
44,68
44,69
44,71
44,73
44,76
44,83
44,88
44,96
44,103
44,104
44,108
44,114
44,117
44,122
44,126
44,128
44,132
44,134
44,136
44,138
44,140
44,141
44,143
44,144
44,149
44,154
44,163
44,164
44,166
44,167
44,168
44,171
44,174
44,184
44,190
44,194
45,46
45,47
45,48
45,49
45,50
45,51
45,52
45,53
45,54
45,55
45,56
46,47
46,48
46,49
46,50
46,51
46,52
46,53
46,54
46,55
46,56
46,57
46,58
46,64
46,68
46,69
46,71
46,73
46,76
46,83
46,88
46,96
46,103
46,104
46,108
46,114
46,117
46,122
46,126
46,128
46,132
46,134
46,136
46,138
46,140
46,141
46,143
46,144
46,149
46,154
46,163
46,164
46,166
46,167
46,168
46,171
46,174
46,184
46,190
46,194
47,48
47,49
47,50
47,51
47,52
47,53
47,54
47,55
47,56
47,57
47,58
47,64
47,68
47,69
47,71
47,73
47,76
47,83
47,88
47,96
47,103
47,104
47,108
47,114
47,117
47,122
47,126
47,128
47,132
47,134
47,136
47,138
47,140
47,141
47,143
47,144
47,149
47,154
47,163
47,164
47,166
47,167
47,168
47,171
47,174
47,184
47,190
47,194
48,49
48,50
48,51
48,52
48,53
48,54
48,55
48,56
49,50
49,51
49,52
49,53
49,54
49,55
49,56
49,57
49,58
49,64
49,68
49,69
49,71
49,73
49,76
49,83
49,88
49,96
49,103
49,104
49,108
49,114
49,117
49,122
49,126
49,128
49,132
49,134
49,136
49,138
49,140
49,141
49,143
49,144
49,149
49,154
49,163
49,164
49,166
49,167
49,168
49,171
49,174
49,184
49,190
49,194
50,51
50,52
50,53
50,54
50,55
50,56
50,57
50,58
50,64
50,68
50,69
50,71
50,73
50,76
50,83
50,88
50,96
50,103
50,104
50,108
50,114
50,117
50,122
50,126
50,128
50,132
50,134
50,136
50,138
50,140
50,141
50,143
50,144
50,149
50,154
50,163
50,164
50,166
50,167
50,168
50,171
50,174
50,184
50,190
50,194
51,52
51,53
51,54
51,55
51,56
52,53
52,54
52,55
52,56
53,54
53,55
53,56
54,55
54,56
54,57
54,58
54,64
54,68
54,69
54,71
54,73
54,76
54,83
54,88
54,96
54,103
54,104
54,108
54,114
54,117
54,122
54,126
54,128
54,132
54,134
54,136
54,138
54,140
54,141
54,143
54,144
54,149
54,154
54,163
54,164
54,166
54,167
54,168
54,171
54,174
54,184
54,190
54,194
55,56
57,58
57,64
57,68
57,69
57,71
57,73
57,76
57,83
57,88
57,96
57,103
57,104
57,108
57,114
57,117
57,122
57,126
57,128
57,132
57,134
57,136
57,138
57,140
57,141
57,143
57,144
57,149
57,154
57,163
57,164
57,166
57,167
57,168
57,171
57,174
57,184
57,190
57,194
58,64
58,68
58,69
58,71
58,73
58,76
58,83
58,88
58,96
58,103
58,104
58,108
58,114
58,117
58,122
58,126
58,128
58,132
58,134
58,136
58,138
58,140
58,141
58,143
58,144
58,149
58,154
58,163
58,164
58,166
58,167
58,168
58,171
58,174
58,184
58,190
58,194
64,68
64,69
64,71
64,73
64,76
64,83
64,88
64,96
64,103
64,104
64,108
64,114
64,117
64,122
64,126
64,128
64,132
64,134
64,136
64,138
64,140
64,141
64,143
64,144
64,149
64,154
64,163
64,164
64,166
64,167
64,168
64,171
64,174
64,184
64,190
64,194
68,69
68,71
68,73
68,76
68,83
68,88
68,96
68,103
68,104
68,108
68,114
68,117
68,122
68,126
68,128
68,132
68,134
68,136
68,138
68,140
68,141
68,143
68,144
68,149
68,154
68,163
68,164
68,166
68,167
68,168
68,171
68,174
68,184
68,190
68,194
69,71
69,73
69,76
69,83
69,88
69,96
69,103
69,104
69,108
69,114
69,117
69,122
69,126
69,128
69,132
69,134
69,136
69,138
69,140
69,141
69,143
69,144
69,149
69,154
69,163
69,164
69,166
69,167
69,168
69,171
69,174
69,184
69,190
69,194
71,73
71,76
71,83
71,88
71,96
71,103
71,104
71,108
71,114
71,117
71,122
71,126
71,128
71,132
71,134
71,136
71,138
71,140
71,141
71,143
71,144
71,149
71,154
71,163
71,164
71,166
71,167
71,168
71,171
71,174
71,184
71,190
71,194
73,76
73,83
73,88
73,96
73,103
73,104
73,108
73,114
73,117
73,122
73,126
73,128
73,132
73,134
73,136
73,138
73,140
73,141
73,143
73,144
73,149
73,154
73,163
73,164
73,166
73,167
73,168
73,171
73,174
73,184
73,190
73,194
76,83
76,88
76,96
76,103
76,104
76,108
76,114
76,117
76,122
76,126
76,128
76,132
76,134
76,136
76,138
76,140
76,141
76,143
76,144
76,149
76,154
76,163
76,164
76,166
76,167
76,168
76,171
76,174
76,184
76,190
76,194
83,88
83,96
83,103
83,104
83,108
83,114
83,117
83,122
83,126
83,128
83,132
83,134
83,136
83,138
83,140
83,141
83,143
83,144
83,149
83,154
83,163
83,164
83,166
83,167
83,168
83,171
83,174
83,184
83,190
83,194
88,96
88,103
88,104
88,108
88,114
88,117
88,122
88,126
88,128
88,132
88,134
88,136
88,138
88,140
88,141
88,143
88,144
88,149
88,154
88,163
88,164
88,166
88,167
88,168
88,171
88,174
88,184
88,190
88,194
96,103
96,104
96,108
96,114
96,117
96,122
96,126
96,128
96,132
96,134
96,136
96,138
96,140
96,141
96,143
96,144
96,149
96,154
96,163
96,164
96,166
96,167
96,168
96,171
96,174
96,184
96,190
96,194
103,104
103,108
103,114
103,117
103,122
103,126
103,128
103,132
103,134
103,136
103,138
103,140
103,141
103,143
103,144
103,149
103,154
103,163
103,164
103,166
103,167
103,168
103,171
103,174
103,184
103,190
103,194
104,108
104,114
104,117
104,122
104,126
104,128
104,132
104,134
104,136
104,138
104,140
104,141
104,143
104,144
104,149
104,154
104,163
104,164
104,166
104,167
104,168
104,171
104,174
104,184
104,190
104,194
108,114
108,117
108,122
108,126
108,128
108,132
108,134
108,136
108,138
108,140
108,141
108,143
108,144
108,149
108,154
108,163
108,164
108,166
108,167
108,168
108,171
108,174
108,184
108,190
108,194
114,117
114,122
114,126
114,128
114,132
114,134
114,136
114,138
114,140
114,141
114,143
114,144
114,149
114,154
114,163
114,164
114,166
114,167
114,168
114,171
114,174
114,184
114,190
114,194
117,122
117,126
117,128
117,132
117,134
117,136
117,138
117,140
117,141
117,143
117,144
117,149
117,154
117,163
117,164
117,166
117,167
117,168
117,171
117,174
117,184
117,190
117,194
122,126
122,128
122,132
122,134
122,136
122,138
122,140
122,141
122,143
122,144
122,149
122,154
122,163
122,164
122,166
122,167
122,168
122,171
122,174
122,184
122,190
122,194
126,128
126,132
126,134
126,136
126,138
126,140
126,141
126,143
126,144
126,149
126,154
126,163
126,164
126,166
126,167
126,168
126,171
126,174
126,184
126,190
126,194
128,132
128,134
128,136
128,138
128,140
128,141
128,143
128,144
128,149
128,154
128,163
128,164
128,166
128,167
128,168
128,171
128,174
128,184
128,190
128,194
132,134
132,136
132,138
132,140
132,141
132,143
132,144
132,149
132,154
132,163
132,164
132,166
132,167
132,168
132,171
132,174
132,184
132,190
132,194
134,136
134,138
134,140
134,141
134,143
134,144
134,149
134,154
134,163
134,164
134,166
134,167
134,168
134,171
134,174
134,184
134,190
134,194
136,138
136,140
136,141
136,143
136,144
136,149
136,154
136,163
136,164
136,166
136,167
136,168
136,171
136,174
136,184
136,190
136,194
138,140
138,141
138,143
138,144
138,149
138,154
138,163
138,164
138,166
138,167
138,168
138,171
138,174
138,184
138,190
138,194
140,141
140,143
140,144
140,149
140,154
140,163
140,164
140,166
140,167
140,168
140,171
140,174
140,184
140,190
140,194
141,143
141,144
141,149
141,154
141,163
141,164
141,166
141,167
141,168
141,171
141,174
141,184
141,190
141,194
143,144
143,149
143,154
143,163
143,164
143,166
143,167
143,168
143,171
143,174
143,184
143,190
143,194
144,149
144,154
144,163
144,164
144,166
144,167
144,168
144,171
144,174
144,184
144,190
144,194
149,154
149,163
149,164
149,166
149,167
149,168
149,171
149,174
149,184
149,190
149,194
154,163
154,164
154,166
154,167
154,168
154,171
154,174
154,184
154,190
154,194
163,164
163,166
163,167
163,168
163,171
163,174
163,184
163,190
163,194
164,166
164,167
164,168
164,171
164,174
164,184
164,190
164,194
166,167
166,168
166,171
166,174
166,184
166,190
166,194
167,168
167,171
167,174
167,184
167,190
167,194
168,171
168,174
168,184
168,190
168,194
168,197
169,170
169,172
169,173
169,175
169,180
169,181
169,189
169,191
169,192
169,197
170,172
170,175
170,176
170,180
170,181
170,183
170,187
170,189
170,192
170,197
171,173
171,174
171,184
171,190
171,194
172,173
172,175
172,177
172,178
172,179
172,180
172,182
172,183
172,191
172,192
172,197
172,199
173,177
173,178
173,179
173,180
173,187
173,189
173,197
173,199
174,177
174,178
174,182
174,184
174,185
174,187
174,188
174,189
174,190
174,194
174,195
174,197
175,176
175,178
175,180
175,181
175,183
175,185
175,189
175,191
176,177
176,179
176,180
176,181
176,182
176,183
176,185
176,188
176,189
176,191
176,192
176,197
177,179
177,180
177,181
177,182
177,187
177,188
177,189
177,191
177,192
177,197
177,199
179,180
179,181
179,182
179,188
180,181
180,182
180,183
180,185
180,187
180,189
181,182
181,184
181,185
181,187
181,189
181,199
182,183
182,184
183,184
184,185
184,189
184,190
184,194
185,188
185,189
185,195
185,199
186,195
186,196
186,197
186,198
186,199
187,194
187,195
187,197
187,199
188,189
188,191
188,193
188,198
188,199
189,191
189,192
189,193
189,194
189,195
189,196
189,197
189,198
189,199
190,194
190,199
191,192
191,193
191,194
191,195
191,196
191,198
191,199
192,193
192,195
192,196
193,196
193,197
194,196
194,197
194,198
194,199
195,196
195,197
195,198
195,199
196,197
196,199
