0,1
0,2
0,3
0,4
0,5
0,6
0,7
0,8
0,9
0,10
0,11
0,12
0,13
0,14
0,15
0,16
0,17
0,18
0,19
0,20
0,21
0,22
0,23
0,24
0,25
0,26
0,27
0,28
0,29
0,30
0,31
0,32
0,33
0,34
0,35
0,36
1,2
1,3
1,4
1,5
1,6
1,7
1,8
1,9
1,10
1,11
1,12
1,13
1,14
1,15
1,16
1,17
1,18
1,19
1,20
1,21
1,22
1,23
1,24
1,25
1,26
1,27
1,28
1,29
1,30
1,31
1,32
1,33
1,34
1,35
2,3
2,4
2,5
2,6
2,7
2,8
2,9
2,10
2,11
2,12
2,13
2,14
2,15
2,16
2,17
2,18
2,19
2,20
2,21
2,22
2,23
2,24
2,25
2,26
2,27
2,28
2,29
2,30
2,31
2,32
2,33
2,34
2,35
2,36
2,47
2,49
2,52
2,56
2,65
2,66
2,67
2,80
2,82
2,83
2,94
2,97
2,101
2,102
2,103
2,108
2,109
2,111
2,112
2,113
2,115
2,116
3,4
3,5
3,6
3,7
3,8
3,9
3,10
3,11
3,12
3,13
3,14
3,15
3,16
3,17
3,18
3,19
3,20
3,21
3,22
3,23
3,24
3,25
3,26
3,27
3,28
3,29
3,30
3,31
3,32
3,33
3,34
3,35
3,36
3,37
3,47
3,48
3,56
3,62
3,80
3,81
3,90
3,91
3,92
3,95
3,100
3,104
3,115
3,124
3,129
3,133
3,141
3,144
3,149
3,150
3,151
3,152
3,156
3,157
3,160
3,179
3,181
3,190
3,195
4,5
4,6
4,7
4,8
4,9
4,10
4,11
4,12
4,13
4,14
4,15
4,16
4,17
4,18
4,19
4,20
4,21
4,22
4,23
4,24
4,25
4,26
4,27
4,28
4,29
4,30
4,31
4,32
4,33
4,34
4,35
4,36
4,46
4,47
4,49
4,52
4,55
4,56
4,57
4,61
4,62
4,63
4,64
4,65
4,66
4,67
4,68
4,71
4,72
4,73
4,77
4,80
4,81
4,82
4,83
4,84
4,85
5,6
5,7
5,8
5,9
5,10
5,11
5,12
5,13
5,14
5,15
5,16
5,17
5,18
5,19
5,20
5,21
5,22
5,23
5,24
5,25
5,26
5,27
5,28
5,29
5,30
5,31
5,32
5,33
5,34
5,35
5,36
5,41
5,42
5,43
5,46
5,47
5,49
5,52
5,54
5,55
5,56
5,57
5,59
5,60
5,61
5,62
5,63
5,64
5,65
5,66
5,67
5,68
5,71
5,72
5,73
5,77
5,78
5,80
5,81
5,82
5,83
5,84
5,85
5,90
5,94
5,97
5,101
5,102
5,103
5,105
5,108
5,109
5,111
5,112
5,113
5,115
5,116
5,117
5,119
5,120
5,127
5,128
5,130
5,131
5,134
5,135
5,137
5,140
5,141
5,143
5,144
5,146
5,147
5,148
5,149
5,150
5,155
5,156
5,157
5,158
5,159
5,160
5,161
5,162
5,163
5,166
5,167
5,168
5,170
5,171
5,172
5,174
5,175
5,176
5,177
5,178
5,179
5,181
5,182
5,183
5,184
5,185
5,186
5,188
5,189
5,190
5,191
5,192
5,193
5,194
5,195
5,196
5,197
5,198
5,199
6,7
6,8
6,9
6,10
6,11
6,12
6,13
6,14
6,15
6,16
6,17
6,18
6,19
6,20
6,21
6,22
6,23
6,24
6,25
6,26
6,27
6,28
6,29
6,30
6,31
6,32
6,33
6,34
6,35
6,36
6,39
6,41
6,43
6,46
6,48
6,49
6,52
6,53
6,54
6,55
6,56
6,57
6,58
6,59
6,60
6,61
6,62
6,63
7,8
7,9
7,10
7,11
7,12
7,13
7,14
7,15
7,16
7,17
7,18
7,19
7,20
7,21
7,22
7,23
7,24
7,25
7,26
7,27
7,28
7,29
7,30
7,31
7,32
7,33
7,34
7,35
7,36
8,9
8,10
8,11
8,12
8,13
8,14
8,15
8,16
8,17
8,18
8,19
8,20
8,21
8,22
8,23
8,24
8,25
8,26
8,27
8,28
8,29
8,30
8,31
8,32
8,33
8,34
8,35
8,36
8,37
8,41
8,42
8,43
8,46
8,47
8,48
8,49
8,50
8,52
8,53
8,54
8,55
8,56
8,58
8,59
8,60
8,61
8,62
8,63
8,64
8,65
8,66
8,67
8,68
8,69
8,80
8,81
8,90
8,91
8,92
8,95
8,100
8,104
8,115
8,124
8,129
8,133
8,141
8,144
8,149
8,150
8,151
8,152
8,156
8,157
8,160
8,179
8,181
8,190
8,195
9,10
9,11
9,12
9,13
9,14
9,15
9,16
9,17
9,18
9,19
9,20
9,21
9,22
9,23
9,24
9,25
9,26
9,27
9,28
9,29
9,30
9,31
9,32
9,33
9,34
9,35
9,36
9,39
9,40
9,41
10,11
10,12
10,13
10,14
10,15
10,16
10,17
10,18
10,19
10,20
10,21
10,22
10,23
10,24
10,25
10,26
10,27
10,28
10,29
10,30
10,31
10,32
10,33
10,34
10,35
10,36
10,37
10,38
10,39
10,40
10,41
10,42
10,43
10,44
11,12
11,13
11,14
11,15
11,16
11,17
11,18
11,19
11,20
11,21
11,22
11,23
11,24
11,25
11,26
11,27
11,28
11,29
11,30
11,31
11,32
11,33
11,34
11,35
11,36
11,40
11,41
11,42
11,43
11,44
11,45
11,48
11,49
11,50
11,51
11,52
11,53
11,54
11,55
11,56
11,57
11,58
11,59
11,60
11,61
11,62
12,13
12,14
12,15
12,16
12,17
12,18
12,19
12,20
12,21
12,22
12,23
12,24
12,25
12,26
12,27
12,28
12,29
12,30
12,31
12,32
12,33
12,34
12,35
12,36
12,38
12,39
12,40
12,41
12,42
12,43
12,44
12,45
12,46
12,47
12,48
12,49
12,50
12,52
12,53
12,54
12,55
12,56
12,57
12,58
12,59
12,60
12,61
12,62
12,63
12,64
12,65
12,66
12,67
12,68
12,69
12,71
12,72
12,73
12,75
12,76
12,77
12,78
12,80
12,81
12,82
12,83
12,84
12,85
12,86
12,90
12,92
12,93
12,94
12,95
12,97
13,14
13,15
13,16
13,17
13,18
13,19
13,20
13,21
13,22
13,23
13,24
13,25
13,26
13,27
13,28
13,29
13,30
13,31
13,32
13,33
13,34
13,35
13,36
13,38
13,39
13,40
13,41
13,42
13,43
13,44
13,45
13,46
13,47
13,48
13,49
13,50
13,51
13,52
13,53
13,54
13,55
13,56
14,15
14,16
14,17
14,18
14,19
14,20
14,21
14,22
14,23
14,24
14,25
14,26
14,27
14,28
14,29
14,30
14,31
14,32
14,33
14,34
14,35
14,36
14,37
14,38
14,39
14,40
14,41
14,42
14,43
14,44
14,45
14,46
14,47
14,48
14,49
14,50
14,51
14,52
14,53
14,54
14,55
14,56
14,57
14,58
14,59
14,60
14,61
14,62
14,64
14,65
14,66
14,67
14,68
14,69
14,70
14,71
14,72
14,73
14,74
14,75
14,76
14,77
14,78
14,80
14,81
14,82
14,83
14,84
14,85
14,86
14,90
14,92
14,93
14,94
14,95
14,97
14,98
14,100
14,101
14,102
14,103
14,105
14,106
14,108
14,109
14,110
14,111
14,112
14,115
14,116
14,117
14,118
14,119
14,120
14,121
14,122
14,126
14,127
14,128
14,130
14,131
14,133
14,134
14,135
14,137
15,16
15,17
15,18
15,19
15,20
15,21
15,22
15,23
15,24
15,25
15,26
15,27
15,28
15,29
15,30
15,31
15,32
15,33
15,34
15,35
15,36
15,41
15,42
15,43
15,44
15,45
15,46
15,47
15,48
15,49
15,50
15,51
16,17
16,18
16,19
16,20
16,21
16,22
16,23
16,24
16,25
16,26
16,27
16,28
16,29
16,30
16,31
16,32
16,33
16,34
16,35
16,36
16,37
16,38
16,39
16,40
16,41
16,42
16,43
16,44
16,45
16,46
16,47
16,48
16,49
16,50
16,51
16,52
16,55
16,56
16,57
16,58
16,59
16,60
16,61
16,62
16,63
16,64
16,65
16,66
16,67
16,68
16,69
16,70
16,71
16,72
16,73
16,74
16,75
16,76
16,77
16,78
16,79
16,80
16,81
16,82
16,83
16,84
16,86
16,89
16,90
16,91
16,92
16,93
16,94
16,95
16,96
16,97
16,98
16,99
16,100
16,101
16,102
16,103
16,105
16,106
16,108
16,109
16,110
16,112
16,113
16,114
16,115
16,116
16,117
16,118
16,119
17,18
17,19
17,20
17,21
17,22
17,23
17,24
17,25
17,26
17,27
17,28
17,29
17,30
17,31
17,32
17,33
17,34
17,35
17,36
17,37
17,39
17,40
17,41
17,42
17,43
17,44
17,45
17,46
17,47
17,48
17,49
17,50
17,51
17,52
17,53
17,55
17,56
17,57
17,58
17,59
17,60
17,61
17,62
17,80
17,81
17,90
17,91
17,92
17,95
17,100
17,104
17,115
17,124
17,129
17,133
17,141
17,144
17,149
17,150
17,151
17,152
17,156
17,157
17,160
17,179
17,181
17,190
17,195
18,19
18,20
18,21
18,22
18,23
18,24
18,25
18,26
18,27
18,28
18,29
18,30
18,31
18,32
18,33
18,34
18,35
18,36
18,38
18,39
18,40
18,41
18,42
18,43
18,44
18,45
18,46
18,47
18,48
18,49
18,50
18,51
18,52
18,53
18,54
18,56
18,57
18,58
18,59
18,60
18,61
18,62
18,63
18,64
18,65
18,66
18,67
18,68
18,69
18,70
18,71
18,72
18,73
18,74
18,75
18,76
18,77
18,78
18,79
18,80
18,81
18,82
19,20
19,21
19,22
19,23
19,24
19,25
19,26
19,27
19,28
19,29
19,30
19,31
19,32
19,33
19,34
19,35
19,36
20,21
20,22
20,23
20,24
20,25
20,26
20,27
20,28
20,29
20,30
20,31
20,32
20,33
20,34
20,35
20,36
20,37
20,40
20,41
20,47
20,48
20,56
20,62
20,80
20,81
20,90
20,91
20,92
20,95
20,100
20,104
20,115
20,124
20,129
20,133
20,141
20,144
20,149
20,150
20,151
20,152
20,156
20,157
20,160
20,179
20,181
20,190
20,195
21,22
21,23
21,24
21,25
21,26
21,27
21,28
21,29
21,30
21,31
21,32
21,33
21,34
21,35
21,36
21,37
21,38
21,39
21,40
21,41
21,42
21,43
21,44
21,45
22,23
22,24
22,25
22,26
22,27
22,28
22,29
22,30
22,31
22,32
22,33
22,34
22,35
22,36
22,37
22,47
22,48
22,56
22,62
22,80
22,81
22,90
22,91
22,92
22,95
22,100
22,104
22,115
22,124
22,129
22,133
22,141
22,144
22,149
22,150
22,151
22,152
22,156
22,157
22,160
22,179
22,181
22,190
22,195
23,24
23,25
23,26
23,27
23,28
23,29
23,30
23,31
23,32
23,33
23,34
23,35
23,36
23,37
23,41
23,42
23,43
23,44
23,45
23,46
23,47
23,48
23,49
23,50
23,51
23,52
23,56
23,57
23,58
23,60
23,61
23,62
23,63
23,64
23,65
23,66
23,67
23,68
23,69
23,70
23,71
23,72
23,73
23,74
23,75
23,76
23,77
23,78
23,79
23,80
23,81
23,82
23,83
23,85
23,86
23,87
23,88
23,89
23,90
23,91
23,92
23,93
23,95
23,96
23,100
23,104
23,115
23,124
23,129
23,133
23,141
23,144
23,149
23,150
23,151
23,152
23,156
23,157
23,160
23,179
23,181
23,190
23,195
24,25
24,26
24,27
24,28
24,29
24,30
24,31
24,32
24,33
24,34
24,35
24,36
24,39
24,40
24,41
24,42
24,43
24,44
24,45
24,46
24,47
24,48
25,26
25,27
25,28
25,29
25,30
25,31
25,32
25,33
25,34
25,35
25,36
26,27
26,28
26,29
26,30
26,31
26,32
26,33
26,34
26,35
26,36
26,41
26,42
26,43
26,44
26,45
26,46
26,47
26,48
26,49
26,50
26,51
26,52
26,53
26,54
26,55
26,56
26,57
26,58
26,59
26,60
26,61
26,62
26,63
26,64
26,65
26,66
26,67
27,28
27,29
27,30
27,31
27,32
27,33
27,34
27,35
27,36
27,42
27,43
27,44
27,45
27,46
27,47
27,48
27,49
27,50
27,51
27,52
27,53
28,29
28,30
28,31
28,32
28,33
28,34
28,35
28,36
28,38
28,39
28,40
28,41
28,42
28,43
28,44
28,45
28,46
28,47
28,48
28,49
28,50
28,51
28,52
28,53
28,54
28,55
28,56
28,57
28,58
28,59
29,30
29,31
29,32
29,33
29,34
29,35
29,36
29,37
29,38
29,39
29,40
29,41
29,42
29,43
29,44
29,45
29,46
29,47
29,48
29,49
29,50
29,51
29,52
29,53
29,54
29,55
29,56
29,57
29,58
29,59
29,60
29,61
29,62
29,63
29,64
29,65
29,66
29,67
29,68
29,69
29,70
29,71
29,72
29,73
29,74
29,75
29,77
29,78
29,79
29,82
29,83
29,86
29,87
29,88
29,89
29,90
29,92
29,93
29,94
29,95
29,96
29,97
29,99
29,100
29,101
29,102
29,103
29,105
29,106
29,107
29,108
29,109
29,110
29,111
29,112
29,114
29,116
29,117
29,118
29,119
29,120
29,121
29,122
29,123
29,124
29,125
29,126
29,129
29,132
29,133
29,134
29,135
29,137
29,139
29,142
29,143
29,148
29,149
29,150
29,152
29,153
29,154
29,155
29,156
29,157
29,158
29,160
29,161
29,162
29,165
29,166
29,168
29,170
29,171
29,173
29,174
29,175
29,176
30,31
30,32
30,33
30,34
30,35
30,36
30,39
30,40
30,41
30,42
30,43
30,45
30,47
30,48
30,49
30,50
30,51
30,52
30,53
30,54
30,55
30,56
30,57
30,58
30,59
30,60
30,61
30,62
30,63
30,64
30,65
30,66
30,67
30,68
30,69
30,70
30,71
30,72
30,73
30,74
30,75
30,76
30,77
30,78
30,79
31,32
31,33
31,34
31,35
31,36
31,41
31,42
31,43
31,44
31,45
31,46
31,47
31,48
31,49
31,50
31,51
31,52
31,53
31,54
31,55
31,56
31,57
31,58
31,59
31,60
31,61
31,62
31,63
31,64
31,65
31,66
31,67
31,68
31,69
31,70
31,71
31,73
31,74
31,75
31,76
31,77
31,78
31,79
31,80
31,81
31,82
31,83
31,84
31,85
31,86
31,87
31,88
31,89
31,90
31,91
31,92
31,93
31,94
31,95
31,96
31,97
31,98
31,99
32,33
32,34
32,35
32,36
32,39
32,40
32,41
32,43
32,45
32,46
32,47
32,48
32,49
32,50
32,51
32,52
32,53
32,54
32,55
32,56
32,57
32,58
32,59
32,60
32,61
32,62
32,63
32,64
32,65
32,67
32,68
32,69
32,70
32,71
32,72
32,73
32,74
32,75
32,76
32,77
32,78
32,79
32,80
32,81
32,82
32,83
32,84
32,85
32,86
32,87
32,88
32,89
32,90
32,91
32,92
32,93
32,94
32,95
32,96
32,97
32,98
32,99
32,100
32,101
32,102
32,103
32,104
32,105
32,106
32,107
32,108
32,109
32,110
32,111
32,112
32,113
32,114
32,115
32,116
32,117
32,118
32,119
32,120
32,121
32,122
32,123
32,124
32,125
32,126
32,127
32,128
32,129
32,131
32,132
32,133
32,134
32,135
32,136
32,137
32,139
32,142
32,143
32,144
32,148
32,149
32,150
33,34
33,35
33,36
33,40
33,41
33,42
33,43
33,44
33,45
33,46
33,47
33,48
33,50
33,51
33,52
33,53
33,54
33,55
33,56
33,57
33,58
33,59
33,60
33,61
33,62
33,63
33,64
33,65
33,66
33,67
33,68
33,69
33,70
33,71
33,72
33,73
34,35
34,36
34,40
34,41
34,42
34,43
34,44
34,45
34,46
34,47
34,48
34,50
34,51
34,52
34,53
34,54
34,55
34,56
34,57
34,58
35,36
35,42
35,44
35,45
35,46
35,47
35,48
35,49
35,50
35,51
35,52
35,53
35,54
35,55
35,56
35,57
35,58
35,59
35,61
35,62
35,63
35,65
35,66
35,67
35,68
35,69
35,70
35,72
35,73
35,74
36,37
36,40
36,42
36,43
36,44
36,45
36,46
36,47
36,48
36,49
36,50
36,51
36,52
36,53
36,54
36,55
36,56
36,62
36,80
36,81
36,90
36,91
36,92
36,95
36,100
36,104
36,115
36,124
36,129
36,133
36,141
36,144
36,149
36,150
36,151
36,152
36,156
36,157
36,160
36,179
36,181
36,190
36,195
37,39
37,40
37,41
37,42
37,43
37,44
37,45
37,46
37,47
37,48
37,49
37,50
37,51
37,52
37,53
37,54
37,55
37,56
37,57
37,58
37,59
37,61
37,62
37,63
37,64
37,65
37,66
37,67
37,68
37,69
37,71
37,72
37,74
37,77
37,78
37,79
37,80
37,81
37,82
37,83
37,84
37,90
37,91
37,92
37,95
37,100
37,104
37,115
37,124
37,129
37,133
37,141
37,144
37,149
37,150
37,151
37,152
37,156
37,157
37,160
37,179
37,181
37,190
37,195
38,39
38,40
38,41
38,42
38,43
38,44
38,46
39,40
39,41
39,42
39,43
40,41
40,42
40,43
40,44
40,45
40,46
40,47
40,48
40,49
41,42
41,43
41,44
41,45
41,46
41,47
41,48
41,49
41,50
41,51
41,52
41,53
41,54
41,55
41,57
41,58
41,59
41,60
41,61
41,62
41,67
41,68
41,69
41,70
42,43
42,44
42,45
42,46
42,47
42,48
42,49
42,50
42,51
42,52
42,53
42,54
42,55
42,56
42,57
42,58
42,59
42,60
42,61
42,62
42,63
42,64
42,65
42,66
42,67
42,68
42,69
42,70
42,71
42,72
42,74
42,75
42,76
42,77
42,78
42,79
42,80
42,81
42,82
42,84
42,85
42,86
42,87
42,88
42,89
42,90
42,91
42,92
42,93
42,94
42,95
42,96
42,97
43,44
43,45
43,46
43,47
43,48
43,49
43,50
43,51
43,52
43,53
43,54
43,55
43,56
43,57
43,58
43,59
43,60
43,61
43,62
43,63
43,64
43,65
43,66
43,67
43,68
43,69
43,70
43,71
43,72
43,73
43,74
43,75
43,76
43,77
43,78
43,79
43,80
43,81
43,82
43,83
43,84
43,85
43,86
43,87
43,89
43,90
43,91
43,92
43,93
43,94
43,95
43,98
43,99
43,100
43,102
43,105
44,45
44,46
44,47
44,48
44,49
44,50
44,51
44,52
45,46
45,47
45,48
45,49
45,50
45,51
45,52
45,53
45,54
45,55
45,56
45,57
46,47
46,48
46,49
46,50
46,51
46,52
46,53
46,54
46,55
46,56
46,57
46,58
46,59
46,60
46,61
46,62
46,63
46,64
46,65
46,66
46,67
46,68
46,69
46,70
46,71
46,72
46,73
46,74
46,75
46,76
46,77
46,78
46,79
46,80
46,81
46,82
46,83
46,84
46,85
46,86
46,87
46,88
46,89
46,90
46,91
46,92
46,93
46,95
46,96
46,97
46,98
46,99
46,100
46,101
46,102
46,103
46,104
46,105
46,106
46,109
46,110
46,111
46,112
46,113
46,114
46,115
46,117
46,118
46,119
46,120
46,121
46,122
46,123
46,124
46,125
46,126
46,127
46,128
46,129
46,131
46,132
46,134
46,135
46,136
46,137
46,138
46,139
46,140
47,48
47,49
47,50
47,52
47,53
47,54
47,55
47,56
47,57
47,58
47,59
47,60
47,61
47,62
47,63
47,64
47,65
47,66
47,67
47,68
47,69
47,70
47,71
47,80
47,81
47,90
47,91
47,92
47,95
47,100
47,104
47,115
47,124
47,129
47,133
47,141
47,144
47,149
47,150
47,151
47,152
47,156
47,157
47,160
47,179
47,181
47,190
47,195
48,49
48,50
48,51
48,52
48,53
48,54
48,55
48,56
48,57
48,58
48,59
48,60
48,61
48,62
48,63
48,64
48,65
48,80
48,81
48,90
48,91
48,92
48,95
48,100
48,104
48,115
48,124
48,129
48,133
48,141
48,144
48,149
48,150
48,151
48,152
48,156
48,157
48,160
48,179
48,181
48,190
48,195
49,50
50,51
50,52
50,53
50,54
51,52
51,53
51,54
51,55
51,56
51,57
51,58
51,59
51,60
51,61
51,62
51,63
51,64
51,65
51,66
52,53
52,54
52,55
52,56
52,57
52,58
52,59
52,60
52,61
52,62
52,63
52,64
52,65
52,66
52,67
52,68
52,69
52,70
52,71
52,72
52,73
52,75
52,76
52,77
52,78
52,79
52,80
52,81
52,82
52,83
52,84
52,85
52,87
52,88
52,89
52,90
53,54
53,55
53,56
53,57
53,58
53,59
54,55
54,56
54,57
54,58
54,60
54,61
54,62
54,63
54,64
54,65
54,66
54,67
54,68
54,69
54,70
54,71
54,72
54,73
54,75
54,76
55,56
55,57
55,58
55,59
55,60
55,61
55,62
55,63
55,64
55,65
55,66
55,67
55,68
55,69
55,70
55,71
55,72
55,73
55,74
55,75
55,76
55,77
55,78
55,79
55,80
55,81
55,82
55,83
55,85
55,86
55,89
55,90
55,91
55,92
55,93
55,94
55,95
55,96
55,97
55,98
55,99
55,100
55,101
55,102
55,103
55,104
55,105
55,106
55,107
55,108
55,110
55,112
55,114
55,115
55,117
55,120
55,121
55,122
55,123
55,124
55,125
55,126
55,127
55,128
55,129
55,130
55,131
55,132
55,133
55,134
56,57
56,58
56,59
56,60
56,61
56,62
56,63
56,64
56,65
56,66
56,67
56,69
56,71
56,72
56,73
56,74
56,75
56,76
56,77
56,78
56,79
56,80
56,81
56,82
56,83
56,84
56,85
56,86
56,87
56,88
56,89
56,90
56,91
56,92
56,93
56,94
56,95
56,96
56,97
56,98
56,99
56,100
56,101
56,102
56,104
56,105
56,106
56,107
56,108
56,109
56,110
56,111
56,112
56,113
56,114
56,115
56,116
56,118
56,119
56,120
56,122
56,123
56,124
56,125
56,126
56,127
56,128
56,129
56,130
56,131
56,132
56,133
56,134
56,135
56,136
56,137
56,138
56,139
56,140
56,141
56,143
56,144
56,145
56,148
56,149
56,150
56,151
56,152
56,156
56,157
56,160
56,179
56,181
56,190
56,195
57,58
57,60
57,61
57,62
57,63
57,64
57,65
57,66
57,67
57,68
57,69
57,70
57,71
57,72
57,73
57,74
57,75
57,76
57,77
57,78
57,79
57,80
57,81
58,59
58,60
58,61
58,62
58,63
58,64
58,65
58,67
58,68
58,69
58,70
58,71
58,72
58,73
58,74
58,75
58,76
58,77
58,78
58,79
58,80
58,81
58,82
58,83
58,84
58,85
58,86
58,87
58,88
58,89
58,90
58,91
58,92
58,93
58,94
58,96
58,97
58,98
58,99
58,100
58,101
58,102
58,103
58,104
58,105
58,106
58,108
58,109
58,110
58,111
58,113
58,114
58,115
58,116
58,117
58,118
58,119
58,120
58,121
58,122
58,123
58,124
58,125
58,126
58,127
58,128
58,129
58,130
58,131
58,132
58,133
58,134
58,135
58,136
58,137
58,139
58,140
58,141
58,142
58,143
58,144
58,145
58,146
58,147
58,148
58,149
58,151
59,60
59,61
59,62
59,63
59,64
60,61
60,63
60,64
60,65
60,66
60,67
60,68
60,69
60,70
60,71
60,72
60,73
60,74
60,75
60,76
60,77
60,78
60,79
60,80
60,81
60,82
60,83
60,84
60,85
60,86
60,87
60,88
60,89
60,90
60,91
60,92
60,93
60,94
60,95
61,62
61,63
61,64
61,65
61,66
61,67
61,68
61,69
61,70
61,71
61,72
61,73
61,74
61,75
61,76
61,77
62,63
62,64
62,65
62,66
62,67
62,68
62,69
62,70
62,71
62,72
62,73
62,74
62,75
62,80
62,81
62,90
62,91
62,92
62,95
62,100
62,104
62,115
62,124
62,129
62,133
62,141
62,144
62,149
62,150
62,151
62,152
62,156
62,157
62,160
62,179
62,181
62,190
62,195
63,64
63,65
63,66
63,67
63,68
64,65
64,66
64,67
64,68
64,69
64,70
64,71
64,72
64,73
64,74
64,75
64,76
64,77
64,78
64,79
64,80
64,81
64,82
64,83
64,84
64,85
64,86
64,87
64,88
64,89
64,90
64,91
64,92
64,93
64,95
64,96
64,97
64,99
64,100
64,101
64,102
64,103
64,104
64,105
64,106
64,107
64,108
64,109
65,66
65,67
65,68
65,69
65,70
65,71
65,72
65,73
65,74
65,75
65,76
65,77
65,78
65,79
65,80
65,81
65,82
65,83
65,84
65,85
65,86
65,87
65,88
65,89
65,90
65,91
65,92
65,93
65,95
65,96
65,97
65,99
65,100
65,101
65,102
65,103
65,104
65,105
65,106
66,67
66,68
66,69
66,70
66,71
66,72
66,73
66,74
66,75
66,76
66,77
66,78
66,79
66,80
66,81
66,82
66,83
66,84
66,85
66,86
66,87
66,88
66,89
66,90
66,91
67,68
67,69
67,70
67,71
67,72
67,73
67,74
67,75
67,76
67,77
67,78
67,79
67,80
67,81
67,82
67,83
67,84
67,85
67,86
67,87
67,88
67,89
67,90
67,91
67,92
67,93
68,70
68,71
68,72
68,73
68,74
68,75
68,76
68,77
68,78
68,79
68,80
68,81
68,82
68,83
69,70
69,71
69,72
70,71
70,72
70,73
70,74
70,75
70,76
70,77
70,78
70,79
70,80
70,81
70,82
70,83
70,84
70,85
70,86
70,87
70,88
70,89
70,92
70,93
70,94
70,95
70,96
70,97
70,98
70,99
70,100
70,101
71,72
71,73
71,74
71,76
71,77
71,78
72,73
72,74
72,75
72,76
72,77
72,78
72,79
72,80
72,81
72,82
72,83
72,84
72,85
72,86
72,87
72,88
72,89
73,74
73,75
73,76
73,77
73,78
73,79
73,80
73,81
73,82
73,83
73,84
73,85
73,86
73,87
73,89
73,90
73,92
73,93
73,94
73,95
73,96
73,97
73,98
74,75
74,76
74,77
74,78
74,79
74,80
75,76
75,77
75,78
75,79
75,80
75,81
75,82
75,83
75,84
75,85
75,86
76,77
76,78
76,79
76,80
76,81
76,82
76,83
76,84
76,85
76,86
76,87
77,79
77,80
77,81
77,82
77,83
77,84
77,85
77,86
77,87
77,88
77,89
77,90
77,91
77,92
77,93
77,94
77,95
77,96
77,97
77,98
77,99
77,100
77,101
77,102
77,103
77,104
77,105
77,106
77,107
77,108
77,109
77,111
77,112
77,113
77,116
77,117
77,118
77,120
77,121
77,123
77,124
77,125
77,126
77,127
77,130
77,132
77,133
77,134
77,135
77,137
78,79
78,81
78,82
78,83
78,84
78,85
78,86
78,87
78,88
79,80
79,81
79,82
79,83
79,84
79,85
79,86
79,87
79,89
79,90
79,91
79,92
79,93
79,94
79,95
79,96
79,97
79,98
79,99
79,100
79,101
79,102
79,104
79,105
79,106
79,107
79,108
79,109
79,110
79,111
79,112
79,113
79,114
80,81
80,82
80,83
80,84
80,85
80,86
80,87
80,88
80,89
80,90
80,91
80,92
80,93
80,94
80,95
80,96
80,97
80,98
80,99
80,100
80,101
80,102
80,103
80,104
80,105
80,106
80,107
80,108
80,109
80,110
80,111
80,112
80,113
80,114
80,115
80,116
80,117
80,118
80,119
80,120
80,121
80,122
80,123
80,124
80,125
80,126
80,127
80,128
80,129
80,130
80,131
80,132
80,133
80,134
80,135
80,137
80,138
80,139
80,140
80,141
80,142
80,144
80,146
80,148
80,149
80,150
80,151
80,152
80,154
80,156
80,157
80,158
80,159
80,160
80,161
80,163
80,168
80,172
80,173
80,175
80,177
80,179
80,181
80,186
80,188
80,189
80,190
80,191
80,195
80,196
81,82
81,83
81,84
81,85
81,86
81,87
81,88
81,89
81,90
81,91
81,92
81,93
81,94
81,95
81,96
81,97
81,98
81,99
81,100
81,101
81,102
81,103
81,104
81,105
81,106
81,107
81,108
81,109
81,110
81,112
81,113
81,114
81,115
81,116
81,117
81,118
81,119
81,120
81,121
81,122
81,123
81,124
81,125
81,126
81,127
81,128
81,129
81,130
81,131
81,132
81,133
81,134
81,135
81,136
81,137
81,138
81,139
81,140
81,141
81,142
81,143
81,144
81,145
81,146
81,149
81,150
81,151
81,152
81,156
81,157
81,160
81,179
81,181
81,190
81,195
82,83
82,84
82,85
82,86
82,87
82,88
82,89
82,90
82,91
82,92
82,93
82,94
82,95
82,96
82,97
82,98
82,99
82,100
82,101
82,102
82,103
83,84
83,85
83,86
83,87
83,88
83,89
83,90
83,91
83,92
83,93
83,94
83,95
83,96
83,97
83,98
83,99
83,100
83,101
83,102
83,103
83,104
83,105
83,106
83,107
83,108
83,109
83,110
83,111
83,113
83,114
83,115
83,116
83,117
83,118
83,119
83,120
83,121
83,122
83,123
83,124
83,125
83,126
83,127
83,128
83,129
83,130
83,131
83,133
83,134
83,135
83,136
83,137
83,138
83,139
83,140
83,141
83,142
83,143
83,145
83,146
83,147
83,148
83,149
83,151
83,152
83,153
83,154
83,158
83,162
83,163
83,164
83,165
83,166
83,168
83,170
83,171
83,172
83,173
84,86
84,87
84,88
84,89
84,90
84,91
84,92
84,93
84,94
84,95
84,96
84,97
84,98
84,99
84,100
84,101
84,102
84,103
84,104
84,105
84,106
84,107
84,108
85,86
85,87
85,88
85,89
85,90
85,91
85,92
85,93
85,94
85,95
85,96
85,97
85,98
85,99
85,100
85,101
85,102
85,103
85,104
85,105
85,106
85,107
85,108
85,109
85,110
85,111
85,112
85,113
85,114
85,115
85,116
85,117
85,118
85,119
85,120
86,87
86,88
86,89
86,90
86,91
86,92
86,93
86,94
86,95
86,96
86,97
86,98
86,99
86,100
86,101
86,102
86,103
86,104
86,105
86,106
86,107
86,108
86,109
86,110
86,111
86,112
87,88
87,89
87,90
87,91
87,92
88,89
88,90
88,91
88,92
88,93
88,94
88,95
88,96
88,97
88,98
88,99
88,100
88,101
88,102
88,103
88,104
88,105
88,106
88,107
88,108
88,109
88,110
88,111
88,112
88,113
88,114
88,115
88,116
88,117
88,118
89,90
89,91
89,92
89,93
89,94
90,91
90,92
90,93
90,94
90,95
90,96
90,98
90,99
90,100
90,101
90,102
90,103
90,104
90,105
90,106
90,107
90,108
90,109
90,110
90,111
90,115
90,124
90,129
90,133
90,141
90,144
90,149
90,150
90,151
90,152
90,156
90,157
90,160
90,179
90,181
90,190
90,195
91,92
91,93
91,94
91,95
91,96
91,97
91,98
91,99
91,100
91,101
91,102
91,103
91,104
91,105
91,106
91,107
91,108
91,109
91,110
91,111
91,112
91,113
91,115
91,124
91,129
91,133
91,141
91,144
91,149
91,150
91,151
91,152
91,156
91,157
91,160
91,179
91,181
91,190
91,195
92,94
92,95
92,96
92,97
92,98
92,99
92,100
92,101
92,102
92,103
92,104
92,105
92,106
92,107
92,108
92,109
92,110
92,111
92,112
92,113
92,114
92,115
92,116
92,117
92,118
92,119
92,120
92,121
92,123
92,124
92,126
92,129
92,133
92,141
92,144
92,149
92,150
92,151
92,152
92,156
92,157
92,160
92,179
92,181
92,190
92,195
93,94
93,95
93,96
93,97
93,98
93,99
93,100
93,101
93,102
93,103
93,104
93,105
93,106
93,107
93,108
93,109
93,110
93,111
93,112
93,113
93,114
93,115
93,116
93,117
93,118
93,119
93,120
93,121
93,122
94,95
94,96
94,97
94,98
94,99
94,100
94,101
94,102
94,103
94,104
94,105
94,106
94,107
94,108
94,109
94,110
94,111
94,112
94,113
94,114
94,115
94,116
94,117
94,118
94,119
94,120
94,121
94,122
94,123
94,124
94,125
94,126
94,127
94,128
94,129
94,130
94,131
94,132
94,134
94,136
94,137
94,138
94,139
94,141
94,142
94,143
94,144
94,145
94,147
94,148
94,150
94,151
94,152
94,153
94,154
94,155
94,156
94,158
94,159
94,161
94,162
94,163
94,164
94,165
94,166
94,167
94,168
94,169
94,170
94,171
94,172
94,174
94,176
94,177
94,178
94,179
94,183
94,186
94,188
94,190
94,192
94,193
94,198
95,96
95,97
95,98
95,99
95,100
95,101
95,102
95,103
95,104
95,105
95,106
95,107
95,108
95,109
95,110
95,111
95,112
95,113
95,114
95,115
95,116
95,117
95,118
95,119
95,120
95,121
95,122
95,123
95,124
95,125
95,126
95,127
95,128
95,129
95,130
95,131
95,132
95,133
95,134
95,135
95,136
95,137
95,138
95,139
95,140
95,141
95,142
95,143
95,144
95,145
95,146
95,147
95,148
95,149
95,150
95,151
95,152
95,154
95,155
95,156
95,157
95,158
95,159
95,160
95,161
95,162
95,163
95,164
95,165
95,179
95,181
95,190
95,195
96,97
96,98
96,99
96,100
96,101
96,102
97,98
97,99
97,100
97,102
97,103
97,104
97,105
97,106
97,107
97,108
97,109
97,110
97,111
97,112
97,113
97,114
97,115
97,116
97,117
97,118
97,119
97,120
97,121
97,122
97,123
97,124
97,125
97,126
97,127
97,128
97,129
97,130
97,131
97,132
97,133
98,99
98,100
98,101
98,103
98,104
98,105
98,106
98,107
98,108
98,109
98,110
99,100
99,101
99,102
99,103
99,105
99,106
99,107
99,108
99,109
99,110
99,111
99,112
99,113
99,114
99,115
100,102
100,103
100,104
100,105
100,106
100,107
100,108
100,109
100,110
100,111
100,112
100,113
100,114
100,115
100,116
100,117
100,118
100,119
100,120
100,121
100,122
100,123
100,124
100,125
100,126
100,127
100,128
100,129
100,130
100,131
100,132
100,133
100,134
100,135
100,136
100,137
100,138
100,139
100,140
100,141
100,142
100,143
100,144
100,145
100,146
100,147
100,148
100,149
100,150
100,151
100,152
100,156
100,157
100,160
100,179
100,181
100,190
100,195
101,102
101,103
101,104
101,105
101,106
101,107
102,104
102,105
102,106
102,107
102,108
102,109
102,110
102,111
102,112
102,113
102,114
102,115
102,116
102,117
102,118
102,119
102,120
102,121
103,104
103,105
103,106
103,107
103,108
103,109
103,110
103,111
103,112
103,113
103,114
103,115
103,116
103,117
103,118
103,119
103,120
103,121
103,122
103,123
104,115
104,124
104,129
104,133
104,141
104,144
104,149
104,150
104,151
104,152
104,156
104,157
104,160
104,179
104,181
104,190
104,195
105,106
105,107
105,108
105,110
105,111
105,112
105,113
105,114
105,115
105,116
105,117
105,118
105,119
105,120
105,121
105,122
105,123
105,124
105,125
105,126
105,127
105,128
105,129
105,130
105,131
106,107
106,108
106,109
106,110
106,111
106,112
106,113
106,114
106,115
106,116
106,117
106,118
106,119
106,120
106,121
106,122
106,123
106,124
106,125
106,126
106,127
106,128
106,129
106,130
106,131
106,132
106,133
106,134
106,135
106,136
106,137
106,138
106,139
106,140
107,108
107,110
107,111
107,112
107,113
107,114
107,115
107,116
107,117
108,109
108,110
108,111
108,112
108,113
108,114
108,115
108,116
108,117
108,118
108,119
108,120
108,121
108,122
108,123
108,125
108,126
108,128
108,129
109,110
109,111
109,112
109,113
109,114
109,115
109,117
109,118
109,120
109,121
109,122
109,123
109,124
109,126
109,127
109,129
109,130
109,131
109,132
109,133
109,134
109,135
109,136
109,137
109,138
109,139
109,140
109,142
109,143
109,144
109,145
109,146
109,147
109,148
109,149
109,150
109,151
109,152
109,153
109,154
109,155
109,157
109,158
109,160
109,161
109,162
109,164
109,166
109,168
109,169
109,170
109,171
109,172
109,173
109,174
109,175
109,176
109,178
109,179
109,183
109,184
109,185
109,186
109,188
109,189
109,190
109,191
109,193
109,198
110,111
110,112
110,113
110,114
110,115
110,116
110,117
110,118
110,119
110,120
110,121
110,122
110,123
110,124
110,125
110,126
110,127
110,128
110,129
110,130
110,131
110,132
110,133
110,134
111,112
111,113
111,114
111,115
111,116
111,117
111,118
111,119
111,120
111,121
111,122
111,123
111,124
111,125
111,126
111,127
111,128
111,129
111,130
111,131
111,132
111,133
111,134
111,135
111,136
111,137
111,138
111,139
111,140
111,141
111,142
111,143
111,144
111,145
111,146
111,147
111,148
111,149
111,150
111,151
111,152
111,153
111,154
111,155
111,156
111,157
111,158
111,160
111,161
111,162
111,163
111,164
111,165
111,166
111,167
111,168
111,169
111,170
111,171
111,172
111,173
111,174
111,175
111,176
111,178
111,179
111,180
111,181
111,183
111,184
111,185
111,186
111,188
111,189
111,190
111,191
111,192
111,193
111,196
111,197
111,198
111,199
112,113
112,114
112,115
112,116
112,117
112,118
112,119
112,120
112,121
112,122
112,123
112,124
113,114
113,115
113,116
113,117
113,118
113,119
113,120
113,121
113,122
113,123
113,124
113,125
113,126
113,127
113,128
113,129
113,130
113,131
113,132
113,133
113,135
113,136
113,137
113,139
113,140
113,141
113,142
113,143
113,144
113,145
113,146
113,147
113,148
113,149
113,150
113,151
113,152
113,154
113,155
113,156
113,157
113,158
113,159
113,160
113,161
113,162
113,163
113,164
113,165
113,166
113,167
113,168
113,169
113,170
113,171
113,172
113,173
113,174
113,175
113,176
113,177
113,178
113,179
113,180
113,181
113,182
113,183
113,184
113,185
113,186
113,189
113,190
113,191
113,192
113,193
113,194
113,195
113,197
113,198
113,199
114,115
114,116
114,117
114,118
114,119
114,120
114,121
114,122
114,123
114,124
114,125
114,126
114,127
114,128
114,129
114,130
114,131
114,132
115,116
115,117
115,118
115,119
115,120
115,121
115,122
115,123
115,124
115,125
115,126
115,127
115,128
115,129
115,130
115,131
115,132
115,133
115,134
115,135
115,136
115,137
115,138
115,139
115,140
115,141
115,142
115,143
115,144
115,145
115,146
115,147
115,148
115,149
115,150
115,151
115,152
115,153
115,154
115,155
115,156
115,157
115,159
115,160
115,161
115,162
115,163
115,164
115,165
115,166
115,167
115,179
115,181
115,190
115,195
116,117
116,118
116,119
116,120
116,121
116,122
116,123
116,124
116,125
116,126
116,127
116,128
116,129
116,130
116,131
116,132
116,133
116,134
116,135
116,136
116,137
116,138
116,139
116,140
116,141
116,142
116,143
116,144
116,145
116,146
116,147
116,148
116,149
116,150
116,151
116,152
116,153
116,154
116,155
116,156
116,157
116,158
116,159
116,160
116,161
116,162
116,163
116,164
116,165
116,166
116,167
116,169
116,170
116,171
116,172
116,173
116,174
116,175
116,176
116,177
116,178
116,179
116,180
116,181
116,182
116,183
116,184
116,185
116,186
116,187
116,188
116,189
116,191
116,193
116,194
116,195
116,196
116,197
116,198
116,199
117,118
117,119
117,120
117,121
117,122
117,123
117,124
117,125
117,127
117,128
117,129
117,130
117,131
117,132
117,134
117,135
117,136
117,137
117,138
117,139
117,140
117,141
117,142
117,143
117,144
117,145
117,146
117,147
117,148
117,149
117,150
117,151
117,152
117,153
117,154
117,155
117,156
117,157
117,158
117,159
117,160
117,161
117,162
117,163
117,164
117,165
117,166
117,167
117,168
117,169
117,170
117,171
117,172
117,173
117,174
117,175
117,177
117,178
117,179
118,119
118,120
118,121
118,122
118,123
118,124
118,125
118,126
118,127
119,120
119,121
119,122
119,123
119,124
119,125
119,126
119,127
119,128
120,121
120,122
120,123
120,124
120,125
120,126
120,127
120,128
120,129
120,130
120,132
120,135
120,136
120,137
120,138
120,139
120,140
120,141
120,142
120,143
120,144
120,145
120,146
120,147
120,148
120,149
120,151
120,152
120,153
120,154
120,155
120,156
120,157
120,158
120,159
120,161
120,162
120,163
120,164
120,165
120,166
120,167
120,168
120,169
120,170
120,171
120,172
120,173
120,174
120,175
121,122
121,123
121,124
121,125
121,126
121,127
121,128
121,129
121,130
121,131
121,132
121,133
121,135
121,136
121,137
121,138
121,139
121,140
121,141
121,142
121,143
121,144
121,145
121,146
121,147
121,148
121,149
122,123
122,124
122,125
122,126
122,127
122,128
122,130
122,131
122,132
122,133
122,134
122,135
122,136
122,137
122,138
122,139
122,140
122,141
122,142
122,143
122,144
122,145
123,124
123,125
123,126
123,127
123,128
123,129
123,130
123,131
123,132
123,133
123,134
123,135
123,136
123,137
123,138
124,125
124,129
124,133
124,141
124,144
124,149
124,150
124,151
124,152
124,156
124,157
124,160
124,179
124,181
124,190
124,195
125,126
125,127
125,128
125,129
125,130
125,131
125,132
125,133
125,134
125,135
125,136
125,137
125,138
125,139
125,141
125,142
125,143
125,144
125,145
125,146
125,147
125,148
125,149
125,150
125,151
125,152
125,153
125,154
125,155
125,156
125,157
125,158
125,159
125,160
125,161
126,127
126,128
126,129
127,128
127,129
127,130
127,131
127,132
127,133
127,134
127,137
127,139
127,140
127,141
127,142
127,143
127,144
127,145
127,146
127,147
127,148
127,149
127,150
127,151
127,152
127,153
127,154
128,129
128,130
128,131
128,132
128,133
128,134
128,135
128,136
128,137
128,138
128,139
128,140
128,141
128,142
128,143
128,144
128,145
128,146
128,147
128,148
128,149
128,150
128,151
128,152
128,153
128,154
128,155
128,156
128,157
128,158
128,159
128,160
128,161
128,162
128,163
128,164
128,165
128,166
128,167
128,168
128,170
128,171
128,172
128,173
128,174
128,175
128,176
128,177
128,179
128,180
128,181
128,182
128,184
128,185
128,186
129,130
129,131
129,132
129,133
129,134
129,135
129,136
129,138
129,139
129,140
129,141
129,142
129,143
129,144
129,145
129,146
129,147
129,148
129,149
129,150
129,151
129,152
129,153
129,154
129,155
129,156
129,157
129,160
129,179
129,181
129,190
129,195
130,131
130,132
130,133
130,134
130,135
130,136
130,137
130,138
130,139
130,140
130,141
130,142
130,143
130,144
131,132
131,133
131,135
131,136
132,133
132,135
132,136
132,137
132,138
132,140
132,141
132,142
132,143
132,144
132,145
132,146
132,147
132,148
132,149
132,150
132,151
132,152
132,153
132,154
132,155
132,156
132,157
132,158
133,134
133,135
133,136
133,137
133,138
133,139
133,140
133,141
133,142
133,143
133,144
133,145
133,146
133,147
133,148
133,149
133,150
133,151
133,152
133,153
133,154
133,155
133,156
133,157
133,158
133,159
133,160
133,179
133,181
133,190
133,195
134,135
134,136
134,137
134,138
134,139
134,140
134,141
134,142
134,143
134,144
134,145
134,146
134,147
134,148
134,149
134,150
134,151
134,152
134,153
134,154
134,155
134,157
134,158
134,159
134,160
134,162
134,163
134,164
134,165
134,166
134,167
134,168
134,169
135,137
135,138
135,139
135,140
135,141
135,142
135,143
135,144
135,145
135,146
135,147
135,148
135,149
135,150
135,151
135,152
135,153
135,154
135,155
135,156
135,157
135,158
135,159
135,160
136,137
136,138
136,139
136,141
136,142
136,143
136,144
136,146
136,147
137,138
137,140
137,142
137,143
137,144
137,145
137,146
137,147
137,148
137,149
137,150
137,151
137,152
137,153
137,154
137,155
137,156
137,157
137,158
137,159
137,160
137,161
137,163
137,164
137,165
137,166
137,167
137,168
137,169
137,170
137,171
137,173
137,174
137,175
137,176
137,177
137,178
137,179
137,180
137,181
137,182
138,139
138,140
138,141
138,142
138,143
138,144
138,145
138,146
138,147
138,148
138,149
138,150
138,151
138,152
138,153
138,154
138,155
138,156
138,157
138,158
138,159
138,160
138,161
138,162
138,163
138,165
138,166
138,167
138,168
138,169
138,170
138,171
138,172
138,173
138,174
138,175
138,176
138,177
138,178
138,179
138,181
139,140
139,141
139,142
140,141
140,142
140,144
140,145
140,146
140,147
140,148
140,149
140,150
140,151
140,152
140,153
140,154
140,155
140,156
140,157
140,158
140,159
140,160
140,161
140,162
140,163
140,164
140,165
140,166
140,167
140,168
140,169
140,170
140,171
140,172
140,173
140,174
140,175
141,142
141,143
141,144
141,149
141,150
141,151
141,152
141,156
141,157
141,160
141,179
141,181
141,190
141,195
142,143
142,144
142,145
142,146
142,147
142,148
142,149
142,150
142,151
142,152
142,153
142,154
142,155
142,156
142,157
142,158
142,159
142,160
142,161
142,162
142,163
142,164
142,165
142,166
142,167
142,168
142,170
142,171
142,172
142,173
142,174
142,175
142,176
142,177
142,178
142,179
142,181
142,182
142,183
142,184
142,185
142,186
142,187
142,188
142,189
142,192
142,193
143,144
143,145
143,146
143,147
143,148
143,149
143,150
143,151
143,152
143,153
143,154
143,155
143,156
143,157
143,158
143,159
143,160
143,161
143,162
143,163
143,164
143,165
143,166
143,167
143,168
143,169
143,170
143,171
143,172
143,173
143,174
143,175
143,176
143,177
143,178
143,179
143,180
143,181
143,182
143,183
143,184
143,185
143,186
143,187
143,188
143,189
143,190
143,192
143,193
143,194
143,196
143,197
143,198
144,146
144,147
144,148
144,149
144,150
144,151
144,152
144,153
144,154
144,155
144,156
144,157
144,158
144,159
144,160
144,161
144,162
144,163
144,164
144,165
144,166
144,167
144,168
144,169
144,170
144,172
144,173
144,174
144,175
144,176
144,177
144,178
144,179
144,180
144,181
144,182
144,183
144,184
144,185
144,186
144,187
144,188
144,189
144,190
144,191
144,192
144,193
144,194
144,195
144,196
144,197
144,198
145,146
145,147
145,148
145,149
145,150
145,151
145,152
145,153
146,147
146,148
146,149
146,150
146,151
146,153
146,154
146,155
146,156
146,159
146,160
146,161
146,162
146,163
146,164
146,165
146,166
146,167
146,168
146,169
146,170
146,171
146,172
146,173
146,174
146,175
146,176
146,177
146,178
146,179
146,180
146,181
146,182
146,183
146,184
146,185
146,186
146,187
146,188
146,189
146,190
146,191
146,192
146,193
146,194
146,195
146,196
146,197
146,198
146,199
147,148
147,149
147,150
147,151
147,152
147,153
147,154
147,155
147,156
147,157
147,159
147,160
147,161
147,163
147,164
148,149
148,150
148,151
148,152
148,153
148,154
148,155
148,156
148,157
148,158
148,159
148,160
148,161
148,162
149,150
149,151
149,152
149,153
149,155
149,156
149,157
149,159
149,160
149,161
149,162
149,163
149,164
149,165
149,167
149,168
149,169
149,179
149,181
149,190
149,195
150,151
150,152
150,153
150,154
150,155
150,156
150,157
150,158
150,159
150,160
150,161
150,162
150,163
150,179
150,181
150,190
150,195
151,152
151,153
151,154
151,155
151,156
151,157
151,160
151,179
151,181
151,190
151,195
152,153
152,154
152,155
152,156
152,157
152,158
152,159
152,160
152,161
152,162
152,163
152,164
152,165
152,166
152,167
152,168
152,169
152,170
152,171
152,172
152,173
152,179
152,181
152,190
152,195
153,154
153,155
154,155
154,156
154,157
154,158
154,159
154,160
154,161
154,162
154,163
154,164
154,165
154,166
154,167
154,168
154,169
154,170
154,171
154,172
154,173
154,174
154,175
154,177
154,178
154,179
154,180
154,181
154,182
154,183
154,184
155,156
155,157
155,158
155,159
155,160
155,161
155,162
155,163
155,164
155,165
155,166
155,167
155,168
155,169
155,170
155,171
155,172
155,173
155,174
155,175
155,176
155,177
155,178
155,179
155,180
155,181
155,182
155,183
155,184
155,185
155,186
155,187
156,157
156,158
156,159
156,160
156,161
156,162
156,163
156,164
156,165
156,166
156,167
156,169
156,170
156,171
156,172
156,173
156,174
156,175
156,176
156,177
156,179
156,180
156,181
156,182
156,183
156,184
156,185
156,186
156,187
156,188
156,189
156,190
156,191
156,192
156,193
156,194
156,195
156,196
156,198
156,199
157,158
157,159
157,160
157,161
157,162
157,163
157,164
157,165
157,166
157,179
157,181
157,190
157,195
158,159
158,160
158,161
158,162
158,163
158,164
158,165
158,167
158,168
158,169
158,170
158,171
158,172
158,173
158,174
158,175
158,176
158,177
158,178
158,179
158,180
158,181
158,182
158,183
158,184
158,185
158,186
158,187
158,188
159,160
159,161
159,162
159,163
159,164
159,165
159,166
159,167
159,168
159,169
159,170
159,171
159,172
159,173
159,174
159,175
159,176
159,177
159,178
159,179
159,180
159,181
159,182
159,183
159,184
159,185
159,186
159,187
159,188
159,189
159,190
159,191
159,192
159,193
159,194
159,196
159,197
159,198
159,199
160,161
160,162
160,163
160,164
160,165
160,166
160,167
160,168
160,169
160,170
160,171
160,172
160,173
160,174
160,175
160,176
160,177
160,178
160,179
160,180
160,181
160,182
160,183
160,184
160,185
160,186
160,187
160,188
160,189
160,190
160,191
160,192
160,193
160,194
160,195
160,196
160,197
160,198
160,199
161,162
161,164
161,165
161,166
161,168
161,169
161,170
161,171
161,172
161,173
161,174
161,175
161,176
161,177
161,178
161,179
161,180
161,181
161,182
161,183
161,184
161,185
161,186
161,187
161,188
161,189
161,190
161,191
161,193
161,194
161,195
161,196
161,197
161,198
161,199
162,163
162,164
162,165
162,166
162,167
162,168
162,169
162,170
162,171
163,164
163,165
163,166
163,167
163,168
163,169
163,170
163,171
163,172
164,165
164,166
164,167
165,166
165,167
165,168
165,169
165,170
165,171
165,174
165,176
165,177
165,178
165,179
165,180
166,167
166,168
166,169
166,170
166,171
166,172
166,173
166,174
166,175
166,176
166,177
166,178
166,179
166,180
166,181
166,182
166,183
166,184
166,186
166,187
166,188
166,189
166,190
166,191
166,193
166,194
166,196
166,197
166,198
166,199
167,168
167,169
167,170
167,171
167,172
167,173
167,174
167,175
167,176
167,177
167,178
168,169
168,170
168,171
168,172
168,173
168,174
168,175
168,176
168,177
168,178
168,179
168,180
168,181
168,182
168,183
168,184
168,185
168,186
168,187
168,188
168,189
168,190
168,191
168,192
168,193
168,194
168,195
168,196
168,197
168,198
168,199
169,170
169,171
169,172
169,173
169,174
169,175
169,176
169,177
169,178
169,179
169,180
169,181
169,182
169,183
169,184
169,185
169,186
169,187
169,188
169,189
169,190
169,191
169,192
169,193
169,194
169,195
169,196
169,197
170,171
170,172
170,173
170,174
170,175
170,176
170,177
170,178
170,179
170,180
170,181
170,182
170,183
170,184
170,185
170,186
170,187
170,188
170,190
170,191
170,192
170,193
170,195
170,196
170,197
170,198
170,199
171,172
171,173
171,174
171,175
171,176
171,177
171,178
171,179
171,180
171,181
171,182
171,183
171,184
171,185
171,186
171,187
171,188
171,189
171,190
171,191
171,192
171,193
171,194
171,195
171,196
171,197
171,198
171,199
172,173
172,174
172,175
172,176
172,177
172,178
172,180
172,181
172,182
172,183
172,184
172,185
172,186
172,187
172,188
172,189
172,190
172,191
172,192
172,193
172,194
172,195
172,196
172,197
172,198
172,199
173,174
173,175
173,176
173,177
173,178
173,179
173,180
173,181
173,182
173,183
173,184
173,185
173,186
173,187
173,188
173,189
173,190
173,191
174,175
174,176
174,177
174,178
174,179
174,180
174,181
174,182
174,183
174,184
174,185
174,186
174,187
174,188
174,189
174,190
174,191
174,192
174,193
174,194
174,195
174,196
174,197
174,198
174,199
175,176
175,177
175,178
175,179
175,180
175,181
175,182
175,183
175,184
175,185
175,186
175,188
175,189
175,190
176,177
176,178
176,179
176,180
176,181
176,182
177,178
177,179
177,180
177,181
177,182
177,183
177,184
177,185
177,186
177,187
177,188
177,189
177,190
177,191
177,192
177,193
177,194
177,195
177,196
177,197
177,198
177,199
178,179
178,180
178,181
178,182
178,184
178,185
178,186
178,187
178,188
178,189
178,190
178,191
178,192
178,193
178,195
178,196
178,197
178,198
178,199
179,180
179,181
179,182
179,183
179,184
179,185
179,186
179,187
179,188
179,189
179,190
179,191
179,192
179,193
179,194
179,195
179,196
179,197
179,198
179,199
180,181
180,182
180,183
180,184
180,185
181,183
181,184
181,185
181,186
181,187
181,188
181,189
181,190
181,191
181,192
181,193
181,194
181,195
182,183
182,184
182,185
182,186
182,187
182,188
182,189
182,191
182,192
182,193
182,194
182,195
182,196
182,197
182,198
182,199
183,184
183,185
183,186
183,187
183,188
183,189
183,190
183,191
183,192
183,193
183,194
183,195
183,196
183,197
183,198
183,199
184,185
184,186
184,187
184,188
184,189
184,190
184,192
184,193
185,186
185,187
185,188
185,189
185,190
185,191
185,192
185,193
185,194
185,197
185,198
185,199
186,187
186,188
186,189
186,190
186,191
186,192
186,193
186,194
186,196
187,188
187,189
187,190
187,191
187,192
188,189
189,190
189,191
189,192
189,193
189,194
189,195
189,196
189,197
189,198
190,191
190,192
190,193
190,194
190,195
190,196
190,198
190,199
191,192
191,193
191,194
191,195
191,198
191,199
192,193
192,194
192,195
192,196
192,197
192,198
192,199
193,194
193,195
193,196
193,197
193,198
193,199
194,195
194,196
194,197
194,198
194,199
195,196
195,197
195,198
195,199
196,197
196,198
196,199
197,198
197,199
198,199
