0,1
0,2
0,3
0,4
0,5
0,6
0,7
0,8
0,9
0,10
0,11
0,12
0,13
0,14
0,15
0,16
0,17
0,18
0,19
0,20
0,21
0,22
0,23
0,24
0,25
0,26
0,27
0,28
0,29
0,30
0,31
0,32
0,33
0,34
0,35
0,36
0,37
0,38
0,39
0,40
0,41
0,42
0,43
0,44
0,45
0,46
0,47
0,48
0,49
0,50
0,51
0,52
0,53
0,54
0,55
0,56
0,57
0,58
0,59
0,60
0,61
0,62
0,63
0,64
0,65
0,66
0,67
0,68
0,69
0,129
0,132
0,133
0,135
0,138
0,144
0,145
0,148
0,151
1,2
1,3
1,4
1,5
1,6
1,7
1,8
1,9
1,10
1,11
1,12
1,13
1,14
1,15
1,16
1,17
1,18
1,19
1,20
1,21
1,22
1,23
1,24
1,25
1,26
1,27
1,28
1,29
1,30
1,31
1,32
1,33
1,34
1,35
1,36
1,37
1,38
1,39
1,40
1,41
1,42
1,43
1,44
1,45
1,46
1,47
1,48
1,49
1,50
1,51
1,52
1,53
1,54
1,55
1,56
1,57
1,58
1,59
1,60
1,61
1,62
1,63
1,64
1,65
1,66
1,67
1,68
1,69
2,3
2,4
2,5
2,6
2,7
2,8
2,9
2,10
2,11
2,12
2,13
2,14
2,15
2,16
2,17
2,18
2,19
2,20
2,21
2,22
2,23
2,24
2,25
2,26
2,27
2,28
2,29
2,30
2,31
2,32
2,33
2,34
2,35
2,36
2,37
2,38
2,39
2,40
2,41
2,42
2,43
2,44
2,45
2,46
2,47
2,48
2,49
2,50
2,51
2,52
2,53
2,54
2,55
2,56
2,57
2,58
2,59
2,60
2,61
2,62
2,63
2,64
2,65
2,66
2,67
2,68
2,69
2,72
2,74
2,80
2,84
2,85
2,86
2,91
2,94
2,97
2,99
2,101
2,106
2,107
2,111
2,112
2,117
2,119
2,120
2,121
2,122
2,124
2,130
2,131
2,132
2,134
2,143
2,148
2,156
2,157
2,159
2,160
2,163
2,169
2,171
2,173
2,174
2,176
2,180
2,182
2,184
2,185
2,189
2,191
2,192
2,193
2,196
2,198
3,4
3,5
3,6
3,7
3,8
3,9
3,10
3,11
3,12
3,13
3,14
3,15
3,16
3,17
3,18
3,19
3,20
3,21
3,22
3,23
3,24
3,25
3,26
3,27
3,28
3,29
3,30
3,31
3,32
3,33
3,34
3,35
3,36
3,37
3,38
3,39
3,40
3,41
3,42
3,43
3,44
3,45
3,46
3,47
3,48
3,49
3,50
3,51
3,52
3,53
3,54
3,55
3,56
3,57
3,58
3,59
3,60
3,61
3,62
3,63
3,64
3,65
3,66
3,67
3,68
3,69
3,72
3,74
3,80
3,84
3,85
3,86
3,91
3,94
3,97
3,99
3,101
3,106
3,107
3,111
3,112
3,117
3,119
3,120
3,121
3,122
3,124
3,130
3,131
3,132
3,134
3,143
3,148
3,156
3,157
3,159
3,160
3,163
3,169
3,171
3,173
3,174
3,176
3,180
3,182
3,184
3,185
3,189
3,191
3,192
3,193
3,196
3,198
4,5
4,6
4,7
4,8
4,9
4,10
4,11
4,12
4,13
4,14
4,15
4,16
4,17
4,18
4,19
4,20
4,21
4,22
4,23
4,24
4,25
4,26
4,27
4,28
4,29
4,30
4,31
4,32
4,33
4,34
4,35
4,36
4,37
4,38
4,39
4,40
4,41
4,42
4,43
4,44
4,45
4,46
4,47
4,48
4,49
4,50
4,51
4,52
4,53
4,54
4,55
4,56
4,57
4,58
4,59
4,60
4,61
4,62
4,63
4,64
4,65
4,66
4,67
4,68
4,69
5,6
5,7
5,8
5,9
5,10
5,11
5,12
5,13
5,14
5,15
5,16
5,17
5,18
5,19
5,20
5,21
5,22
5,23
5,24
5,25
5,26
5,27
5,28
5,29
5,30
5,31
5,32
5,33
5,34
5,35
5,36
5,37
5,38
5,39
5,40
5,41
5,42
5,43
5,44
5,45
5,46
5,47
5,48
5,49
5,50
5,51
5,52
5,53
5,54
5,55
5,56
5,57
5,58
5,59
5,60
5,61
5,62
5,63
5,64
5,65
5,66
5,67
5,68
5,69
5,72
5,74
5,80
5,84
5,85
5,86
5,91
5,94
5,97
5,99
5,101
5,106
5,107
5,111
5,112
5,117
5,119
5,120
5,121
5,122
5,124
5,130
5,131
5,132
5,134
5,143
5,148
5,156
5,157
5,159
5,160
5,163
5,169
5,171
5,173
5,174
5,176
5,180
5,182
5,184
5,185
5,189
5,191
5,192
5,193
5,196
5,198
6,7
6,8
6,9
6,10
6,11
6,12
6,13
6,14
6,15
6,16
6,17
6,18
6,19
6,20
6,21
6,22
6,23
6,24
6,25
6,26
6,27
6,28
6,29
6,30
6,31
6,32
6,33
6,34
6,35
6,36
6,37
6,38
6,39
6,40
6,41
6,42
6,43
6,44
6,45
6,46
6,47
6,48
6,49
6,50
6,51
6,52
6,53
6,54
6,55
6,56
6,57
6,58
6,59
6,60
6,61
6,62
6,63
6,64
6,65
6,66
6,67
6,68
6,69
6,72
6,74
6,80
6,84
6,85
6,86
6,91
6,94
6,97
6,99
6,101
6,106
6,107
6,111
6,112
6,117
6,119
6,120
6,121
6,122
6,124
6,130
6,131
6,132
6,134
6,143
6,148
6,156
6,157
6,159
6,160
6,163
6,169
6,171
6,173
6,174
6,176
6,180
6,182
6,184
6,185
6,189
6,191
6,192
6,193
6,196
6,198
7,8
7,9
7,10
7,11
7,12
7,13
7,14
7,15
7,16
7,17
7,18
7,19
7,20
7,21
7,22
7,23
7,24
7,25
7,26
7,27
7,28
7,29
7,30
7,31
7,32
7,33
7,34
7,35
7,36
7,37
7,38
7,39
7,40
7,41
7,42
7,43
7,44
7,45
7,46
7,47
7,48
7,49
7,50
7,51
7,52
7,53
7,54
7,55
7,56
7,57
7,58
7,59
7,60
7,61
7,62
7,63
7,64
7,65
7,66
7,67
7,68
7,69
7,72
7,74
7,80
7,84
7,85
7,86
7,91
7,94
7,97
7,99
7,101
7,106
7,107
7,111
7,112
7,117
7,119
7,120
7,121
7,122
7,124
7,130
7,131
7,132
7,134
7,143
7,148
7,156
7,157
7,159
7,160
7,163
7,169
7,171
7,173
7,174
7,176
7,180
7,182
7,184
7,185
7,189
7,191
7,192
7,193
7,196
7,198
8,9
8,10
8,11
8,12
8,13
8,14
8,15
8,16
8,17
8,18
8,19
8,20
8,21
8,22
8,23
8,24
8,25
8,26
8,27
8,28
8,29
8,30
8,31
8,32
8,33
8,34
8,35
8,36
8,37
8,38
8,39
8,40
8,41
8,42
8,43
8,44
8,45
8,46
8,47
8,48
8,49
8,50
8,51
8,52
8,53
8,54
8,55
8,56
8,57
8,58
8,59
8,60
8,61
8,62
8,63
8,64
8,65
8,66
8,67
8,68
8,69
9,10
9,11
9,12
9,13
9,14
9,15
9,16
9,17
9,18
9,19
9,20
9,21
9,22
9,23
9,24
9,25
9,26
9,27
9,28
9,29
9,30
9,31
9,32
9,33
9,34
9,35
9,36
9,37
9,38
9,39
9,40
9,41
9,42
9,43
9,44
9,45
9,46
9,47
9,48
9,49
9,50
9,51
9,52
9,53
9,54
9,55
9,56
9,57
9,58
9,59
9,60
9,61
9,62
9,63
9,64
9,65
9,66
9,67
9,68
9,69
9,72
9,74
9,80
9,84
9,85
9,86
9,91
9,94
9,97
9,99
9,101
9,106
9,107
9,111
9,112
9,117
9,119
9,120
9,121
9,122
9,124
9,130
9,131
9,132
9,134
9,143
9,148
9,156
9,157
9,159
9,160
9,163
9,169
9,171
9,173
9,174
9,176
9,180
9,182
9,184
9,185
9,189
9,191
9,192
9,193
9,196
9,198
10,11
10,12
10,13
10,14
10,15
10,16
10,17
10,18
10,19
10,20
10,21
10,22
10,23
10,24
10,25
10,26
10,27
10,28
10,29
10,30
10,31
10,32
10,33
10,34
10,35
10,36
10,37
10,38
10,39
10,40
10,41
10,42
10,43
10,44
10,45
10,46
10,47
10,48
10,49
10,50
10,51
10,52
10,53
10,54
10,55
10,56
10,57
10,58
10,59
10,60
10,61
10,62
10,63
10,64
10,65
10,66
10,67
10,68
10,69
11,12
11,13
11,14
11,15
11,16
11,17
11,18
11,19
11,20
11,21
11,22
11,23
11,24
11,25
11,26
11,27
11,28
11,29
11,30
11,31
11,32
11,33
11,34
11,35
11,36
11,37
11,38
11,39
11,40
11,41
11,42
11,43
11,44
11,45
11,46
11,47
11,48
11,49
11,50
11,51
11,52
11,53
11,54
11,55
11,56
11,57
11,58
11,59
11,60
11,61
11,62
11,63
11,64
11,65
11,66
11,67
11,68
11,69
12,13
12,14
12,15
12,16
12,17
12,18
12,19
12,20
12,21
12,22
12,23
12,24
12,25
12,26
12,27
12,28
12,29
12,30
12,31
12,32
12,33
12,34
12,35
12,36
12,37
12,38
12,39
12,40
12,41
12,42
12,43
12,44
12,45
12,46
12,47
12,48
12,49
12,50
12,51
12,52
12,53
12,54
12,55
12,56
12,57
12,58
12,59
12,60
12,61
12,62
12,63
12,64
12,65
12,66
12,67
12,68
12,69
13,14
13,15
13,16
13,17
13,18
13,19
13,20
13,21
13,22
13,23
13,24
13,25
13,26
13,27
13,28
13,29
13,30
13,31
13,32
13,33
13,34
13,35
13,36
13,37
13,38
13,39
13,40
13,41
13,42
13,43
13,44
13,45
13,46
13,47
13,48
13,49
13,50
13,51
13,52
13,53
13,54
13,55
13,56
13,57
13,58
13,59
13,60
13,61
13,62
13,63
13,64
13,65
13,66
13,67
13,68
13,69
14,15
14,16
14,17
14,18
14,19
14,20
14,21
14,22
14,23
14,24
14,25
14,26
14,27
14,28
14,29
14,30
14,31
14,32
14,33
14,34
14,35
14,36
14,37
14,38
14,39
14,40
14,41
14,42
14,43
14,44
14,45
14,46
14,47
14,48
14,49
14,50
14,51
14,52
14,53
14,54
14,55
14,56
14,57
14,58
14,59
14,60
14,61
14,62
14,63
14,64
14,65
14,66
14,67
14,68
14,69
14,72
14,74
14,80
14,84
14,85
14,86
14,91
14,94
14,97
14,99
14,101
14,106
14,107
14,111
14,112
14,117
14,119
14,120
14,121
14,122
14,124
14,130
14,131
14,132
14,134
14,143
14,148
14,156
14,157
14,159
14,160
14,163
14,169
14,171
14,173
14,174
14,176
14,180
14,182
14,184
14,185
14,189
14,191
14,192
14,193
14,196
14,198
15,16
15,17
15,18
15,19
15,20
15,21
15,22
15,23
15,24
15,25
15,26
15,27
15,28
15,29
15,30
15,31
15,32
15,33
15,34
15,35
15,36
15,37
15,38
15,39
15,40
15,41
15,42
15,43
15,44
15,45
15,46
15,47
15,48
15,49
15,50
15,51
15,52
15,53
15,54
15,55
15,56
15,57
15,58
15,59
15,60
15,61
15,62
15,63
15,64
15,65
15,66
15,67
15,68
15,69
16,17
16,18
16,19
16,20
16,21
16,22
16,23
16,24
16,25
16,26
16,27
16,28
16,29
16,30
16,31
16,32
16,33
16,34
16,35
16,36
16,37
16,38
16,39
16,40
16,41
16,42
16,43
16,44
16,45
16,46
16,47
16,48
16,49
16,50
16,51
16,52
16,53
16,54
16,55
16,56
16,57
16,58
16,59
16,60
16,61
16,62
16,63
16,64
16,65
16,66
16,67
16,68
16,69
17,18
17,19
17,20
17,21
17,22
17,23
17,24
17,25
17,26
17,27
17,28
17,29
17,30
17,31
17,32
17,33
17,34
17,35
17,36
17,37
17,38
17,39
17,40
17,41
17,42
17,43
17,44
17,45
17,46
17,47
17,48
17,49
17,50
17,51
17,52
17,53
17,54
17,55
17,56
17,57
17,58
17,59
17,60
17,61
17,62
17,63
17,64
17,65
17,66
17,67
17,68
17,69
18,19
18,20
18,21
18,22
18,23
18,24
18,25
18,26
18,27
18,28
18,29
18,30
18,31
18,32
18,33
18,34
18,35
18,36
18,37
18,38
18,39
18,40
18,41
18,42
18,43
18,44
18,45
18,46
18,47
18,48
18,49
18,50
18,51
18,52
18,53
18,54
18,55
18,56
18,57
18,58
18,59
18,60
18,61
18,62
18,63
18,64
18,65
18,66
18,67
18,68
19,20
19,21
19,22
19,23
19,24
19,25
19,26
19,27
19,28
19,29
19,30
19,31
19,32
19,33
19,34
19,35
19,36
19,37
19,38
19,39
19,40
19,41
19,42
19,43
19,44
19,45
19,46
19,47
19,48
19,49
19,50
19,51
19,52
19,53
19,54
19,55
19,56
19,57
19,58
19,59
19,60
19,61
19,62
19,63
19,64
19,65
19,66
19,67
19,68
19,69
20,21
20,22
20,23
20,24
20,25
20,26
20,27
20,28
20,29
20,30
20,31
20,32
20,33
20,34
20,35
20,36
20,37
20,38
20,39
20,40
20,41
20,42
20,43
20,44
20,45
20,46
20,47
20,48
20,49
20,50
20,51
20,52
20,53
20,54
20,55
20,56
20,57
20,58
20,59
20,60
20,61
20,62
20,63
20,64
20,65
20,66
20,67
20,68
20,69
21,22
21,23
21,24
21,25
21,26
21,27
21,28
21,29
21,30
21,31
21,32
21,33
21,34
21,35
21,36
21,37
21,38
21,39
21,40
21,41
21,42
21,43
21,44
21,45
21,46
21,47
21,48
21,49
21,50
21,51
21,52
21,53
21,54
21,55
21,56
21,57
21,58
21,59
21,60
21,61
21,62
21,63
21,64
21,65
21,66
21,67
21,68
21,69
22,23
22,24
22,25
22,26
22,27
22,28
22,29
22,30
22,31
22,32
22,33
22,34
22,35
22,36
22,37
22,38
22,39
22,40
22,41
22,42
22,43
22,44
22,45
22,46
22,47
22,48
22,49
22,50
22,51
22,52
22,53
22,54
22,55
22,56
22,57
22,58
22,59
22,60
22,61
22,62
22,63
22,64
22,65
22,66
22,67
22,68
22,69
23,24
23,25
23,26
23,27
23,28
23,29
23,30
23,31
23,32
23,33
23,34
23,35
23,36
23,37
23,38
23,39
23,40
23,41
23,42
23,43
23,44
23,45
23,46
23,47
23,48
23,49
23,50
23,51
23,52
23,53
23,54
23,55
23,56
23,57
23,58
23,59
23,60
23,61
23,62
23,63
23,64
23,65
23,66
23,67
23,68
23,69
24,25
24,26
24,27
24,28
24,29
24,30
24,31
24,32
24,33
24,34
24,35
24,36
24,37
24,38
24,39
24,40
24,41
24,42
24,43
24,44
24,45
24,46
24,47
24,48
24,49
24,50
24,51
24,52
24,53
24,54
24,55
24,56
24,57
24,58
24,59
24,60
24,61
24,62
24,63
24,64
24,65
24,66
24,67
24,68
24,69
25,26
25,27
25,28
25,29
25,30
25,31
25,32
25,33
25,34
25,35
25,36
25,37
25,38
25,39
25,40
25,41
25,42
25,43
25,44
25,45
25,46
25,47
25,48
25,49
25,50
25,51
25,52
25,53
25,54
25,55
25,56
25,57
25,58
25,59
25,60
25,61
25,62
25,63
25,64
25,65
25,66
25,67
25,68
25,69
26,27
26,28
26,29
26,30
26,31
26,32
26,33
26,34
26,35
26,36
26,37
26,38
26,39
26,40
26,41
26,42
26,43
26,44
26,45
26,46
26,47
26,48
26,49
26,50
26,51
26,52
26,53
26,54
26,55
26,56
26,57
26,58
26,59
26,60
26,61
26,62
26,63
26,64
26,65
26,66
26,67
26,68
26,69
27,28
27,29
27,30
27,31
27,32
27,33
27,34
27,35
27,36
27,37
27,38
27,39
27,40
27,41
27,42
27,43
27,44
27,45
27,46
27,47
27,48
27,49
27,50
27,51
27,52
27,53
27,54
27,55
27,56
27,57
27,58
27,59
27,60
27,61
27,62
27,63
27,64
27,65
27,66
27,67
27,68
27,69
27,72
27,74
27,80
27,84
27,85
27,86
27,91
27,94
27,97
27,99
27,101
27,106
27,107
27,111
27,112
27,117
27,119
27,120
27,121
27,122
27,124
27,130
27,131
27,132
27,134
27,143
27,148
27,156
27,157
27,159
27,160
27,163
27,169
27,171
27,173
27,174
27,176
27,180
27,182
27,184
27,185
27,189
27,191
27,192
27,193
27,196
27,198
28,29
28,30
28,31
28,32
28,33
28,34
28,35
28,36
28,37
28,38
28,39
28,40
28,41
28,42
28,43
28,44
28,45
28,46
28,47
28,48
28,49
28,50
28,51
28,52
28,53
28,54
28,55
28,56
28,57
28,58
28,59
28,60
28,61
28,62
28,63
28,64
28,65
28,66
28,67
28,68
28,69
29,30
29,31
29,32
29,33
29,34
29,35
29,36
29,37
29,38
29,39
29,40
29,41
29,42
29,43
29,44
29,45
29,46
29,47
29,48
29,49
29,50
29,51
29,52
29,53
29,54
29,55
29,56
29,57
29,58
29,59
29,60
29,61
29,62
29,63
29,64
29,65
29,66
29,67
29,68
29,69
29,72
29,74
29,80
29,84
29,85
29,86
29,91
29,94
29,97
29,99
29,101
29,106
29,107
29,111
29,112
29,117
29,119
29,120
29,121
29,122
29,124
29,130
29,131
29,132
29,134
29,143
29,148
29,156
29,157
29,159
29,160
29,163
29,169
29,171
29,173
29,174
29,176
29,180
29,182
29,184
29,185
29,189
29,191
29,192
29,193
29,196
29,198
30,31
30,32
30,33
30,34
30,35
30,36
30,37
30,38
30,39
30,40
30,41
30,42
30,43
30,44
30,45
30,46
30,47
30,48
30,49
30,50
30,51
30,52
30,53
30,54
30,55
30,56
30,57
30,58
30,59
30,60
30,61
30,62
30,63
30,64
30,65
30,66
30,67
30,68
30,69
30,72
30,74
30,80
30,84
30,85
30,86
30,91
30,94
30,97
30,99
30,101
30,106
30,107
30,111
30,112
30,117
30,119
30,120
30,121
30,122
30,124
30,130
30,131
30,132
30,134
30,143
30,148
30,156
30,157
30,159
30,160
30,163
30,169
30,171
30,173
30,174
30,176
30,180
30,182
30,184
30,185
30,189
30,191
30,192
30,193
30,196
30,198
31,32
31,33
31,34
31,35
31,36
31,37
31,38
31,39
31,40
31,41
31,42
31,43
31,44
31,45
31,46
31,47
31,48
31,49
31,50
31,51
31,52
31,53
31,54
31,55
31,56
31,57
31,58
31,59
31,60
31,61
31,62
31,63
31,64
31,65
31,66
31,67
31,68
31,69
31,72
31,74
31,80
31,84
31,85
31,86
31,91
31,94
31,97
31,99
31,101
31,106
31,107
31,111
31,112
31,117
31,119
31,120
31,121
31,122
31,124
31,130
31,131
31,132
31,134
31,143
31,148
31,156
31,157
31,159
31,160
31,163
31,169
31,171
31,173
31,174
31,176
31,180
31,182
31,184
31,185
31,189
31,191
31,192
31,193
31,196
31,198
32,33
32,34
32,35
32,36
32,37
32,38
32,39
32,40
32,41
32,42
32,43
32,44
32,45
32,46
32,47
32,48
32,49
32,50
32,51
32,52
32,53
32,54
32,55
32,56
32,57
32,58
32,59
32,60
32,61
32,62
32,63
32,64
32,65
32,66
32,67
32,68
32,69
32,72
32,74
32,80
32,84
32,85
32,86
32,91
32,94
32,97
32,99
32,101
32,106
32,107
32,111
32,112
32,117
32,119
32,120
32,121
32,122
32,124
32,130
32,131
32,132
32,134
32,143
32,148
32,156
32,157
32,159
32,160
32,163
32,169
32,171
32,173
32,174
32,176
32,180
32,182
32,184
32,185
32,189
32,191
32,192
32,193
32,196
32,198
33,34
33,35
33,36
33,37
33,38
33,39
33,40
33,41
33,42
33,43
33,44
33,45
33,46
33,47
33,48
33,49
33,50
33,51
33,52
33,53
33,54
33,55
33,56
33,57
33,58
33,59
33,60
33,61
33,62
33,63
33,64
33,65
33,66
33,67
33,68
33,69
34,35
34,36
34,37
34,38
34,39
34,40
34,41
34,42
34,43
34,44
34,45
34,46
34,47
34,48
34,49
34,50
34,51
34,52
34,53
34,54
34,55
34,56
34,57
34,58
34,59
34,60
34,61
34,62
34,63
34,64
34,65
34,66
34,67
34,68
34,69
35,36
35,37
35,38
35,39
35,40
35,41
35,42
35,43
35,44
35,45
35,46
35,47
35,48
35,49
35,50
35,51
35,52
35,53
35,54
35,55
35,56
35,57
35,58
35,59
35,60
35,61
35,62
35,63
35,64
35,65
35,66
35,67
35,68
35,69
35,72
35,74
35,80
35,84
35,85
35,86
35,91
35,94
35,97
35,99
35,101
35,106
35,107
35,111
35,112
35,117
35,119
35,120
35,121
35,122
35,124
35,130
35,131
35,132
35,134
35,143
35,148
35,156
35,157
35,159
35,160
35,163
35,169
35,171
35,173
35,174
35,176
35,180
35,182
35,184
35,185
35,189
35,191
35,192
35,193
35,196
35,198
36,37
36,38
36,39
36,40
36,41
36,42
36,43
36,44
36,45
36,46
36,47
36,48
36,49
36,50
36,51
36,52
36,53
36,54
36,55
36,56
36,57
36,58
36,59
36,60
36,61
36,62
36,63
36,64
36,65
36,66
36,67
36,68
36,69
36,72
36,74
36,80
36,84
36,85
36,86
36,91
36,94
36,97
36,99
36,101
36,106
36,107
36,111
36,112
36,117
36,119
36,120
36,121
36,122
36,124
36,130
36,131
36,132
36,134
36,143
36,148
36,156
36,157
36,159
36,160
36,163
36,169
36,171
36,173
36,174
36,176
36,180
36,182
36,184
36,185
36,189
36,191
36,192
36,193
36,196
36,198
37,38
37,39
37,40
37,41
37,42
37,43
37,44
37,45
37,46
37,47
37,48
37,49
37,50
37,51
37,52
37,53
37,54
37,55
37,56
37,57
37,58
37,59
37,60
37,61
37,62
37,63
37,64
37,65
37,66
37,67
37,68
37,69
38,39
38,40
38,41
38,42
38,43
38,44
38,45
38,46
38,47
38,48
38,49
38,50
38,51
38,52
38,53
38,54
38,55
38,56
38,57
38,58
38,59
38,60
38,61
38,62
38,63
38,64
38,65
38,66
38,67
38,68
38,69
38,72
38,74
38,80
38,84
38,85
38,86
38,91
38,94
38,97
38,99
38,101
38,106
38,107
38,111
38,112
38,117
38,119
38,120
38,121
38,122
38,124
38,130
38,131
38,132
38,134
38,143
38,148
38,156
38,157
38,159
38,160
38,163
38,169
38,171
38,173
38,174
38,176
38,180
38,182
38,184
38,185
38,189
38,191
38,192
38,193
38,196
38,198
39,40
39,41
39,42
39,43
39,44
39,45
39,46
39,47
39,48
39,49
39,50
39,51
39,52
39,53
39,54
39,55
39,56
39,57
39,58
39,59
39,60
39,61
39,62
39,63
39,64
39,65
39,66
39,67
39,68
39,69
40,41
40,42
40,43
40,44
40,45
40,46
40,47
40,48
40,49
40,50
40,51
40,52
40,53
40,54
40,55
40,56
40,57
40,58
40,59
40,60
40,61
40,62
40,63
40,64
40,65
40,66
40,67
40,68
40,69
41,42
41,43
41,44
41,45
41,46
41,47
41,48
41,49
41,50
41,51
41,52
41,53
41,54
41,55
41,56
41,57
41,58
41,59
41,60
41,61
41,62
41,63
41,64
41,65
41,66
41,67
41,68
41,69
42,43
42,44
42,45
42,46
42,47
42,48
42,49
42,50
42,51
42,52
42,53
42,54
42,55
42,56
42,57
42,58
42,59
42,60
42,61
42,62
42,63
42,64
42,65
42,66
42,67
42,68
42,69
43,44
43,45
43,46
43,47
43,48
43,49
43,50
43,51
43,52
43,53
43,54
43,55
43,56
43,57
43,58
43,59
43,60
43,61
43,62
43,63
43,64
43,65
43,66
43,67
43,68
43,69
44,45
44,46
44,47
44,48
44,49
44,50
44,51
44,52
44,53
44,54
44,55
44,56
44,57
44,58
44,59
44,60
44,61
44,62
44,63
44,64
44,65
44,66
44,67
44,68
44,69
44,72
44,74
44,80
44,84
44,85
44,86
44,91
44,94
44,97
44,99
44,101
44,106
44,107
44,111
44,112
44,117
44,119
44,120
44,121
44,122
44,124
44,130
44,131
44,132
44,134
44,143
44,148
44,156
44,157
44,159
44,160
44,163
44,169
44,171
44,173
44,174
44,176
44,180
44,182
44,184
44,185
44,189
44,191
44,192
44,193
44,196
44,198
45,46
45,47
45,48
45,49
45,50
45,51
45,52
45,53
45,54
45,55
45,56
45,57
45,58
45,59
45,60
45,61
45,62
45,63
45,64
45,65
45,66
45,67
45,68
45,69
46,47
46,48
46,49
46,50
46,51
46,52
46,53
46,54
46,55
46,56
46,57
46,58
46,59
46,60
46,61
46,62
46,63
46,64
46,65
46,66
46,67
46,68
46,69
47,48
47,49
47,50
47,51
47,52
47,53
47,54
47,55
47,56
47,57
47,58
47,59
47,60
47,61
47,62
47,63
47,64
47,65
47,66
47,67
47,68
47,69
48,49
48,50
48,51
48,52
48,53
48,54
48,55
48,56
48,57
48,58
48,59
48,60
48,61
48,62
48,63
48,64
48,65
48,66
48,67
48,68
48,69
49,50
49,51
49,52
49,53
49,54
49,55
49,56
49,57
49,58
49,59
49,60
49,61
49,62
49,63
49,64
49,65
49,66
49,67
49,68
49,69
49,72
49,74
49,80
49,84
49,85
49,86
49,91
49,94
49,97
49,99
49,101
49,106
49,107
49,111
49,112
49,117
49,119
49,120
49,121
49,122
49,124
49,130
49,131
49,132
49,134
49,143
49,148
49,156
49,157
49,159
49,160
49,163
49,169
49,171
49,173
49,174
49,176
49,180
49,182
49,184
49,185
49,189
49,191
49,192
49,193
49,196
49,198
50,51
50,52
50,53
50,54
50,55
50,56
50,57
50,58
50,59
50,60
50,61
50,62
50,63
50,64
50,65
50,66
50,67
50,68
50,69
51,52
51,53
51,54
51,55
51,56
51,57
51,58
51,59
51,60
51,61
51,62
51,63
51,64
51,65
51,66
51,67
51,68
51,69
52,53
52,54
52,55
52,56
52,57
52,58
52,59
52,60
52,61
52,62
52,63
52,64
52,65
52,66
52,67
52,68
52,69
53,54
53,55
53,56
53,57
53,58
53,59
53,60
53,61
53,62
53,63
53,64
53,65
53,66
53,67
53,68
53,69
54,55
54,56
54,57
54,58
54,59
54,60
54,61
54,62
54,63
54,64
54,65
54,66
54,67
54,68
54,69
54,72
54,74
54,80
54,84
54,85
54,86
54,91
54,94
54,97
54,99
54,101
54,106
54,107
54,111
54,112
54,117
54,119
54,120
54,121
54,122
54,124
54,130
54,131
54,132
54,134
54,143
54,148
54,156
54,157
54,159
54,160
54,163
54,169
54,171
54,173
54,174
54,176
54,180
54,182
54,184
54,185
54,189
54,191
54,192
54,193
54,196
54,198
55,56
55,57
55,58
55,59
55,60
55,61
55,62
55,63
55,64
55,65
55,66
55,67
55,68
55,69
55,72
55,74
55,80
55,84
55,85
55,86
55,91
55,94
55,97
55,99
55,101
55,106
55,107
55,111
55,112
55,117
55,119
55,120
55,121
55,122
55,124
55,130
55,131
55,132
55,134
55,143
55,148
55,156
55,157
55,159
55,160
55,163
55,169
55,171
55,173
55,174
55,176
55,180
55,182
55,184
55,185
55,189
55,191
55,192
55,193
55,196
55,198
56,57
56,58
56,59
56,60
56,61
56,62
56,63
56,64
56,65
56,66
56,67
56,68
56,69
57,58
57,59
57,60
57,61
57,62
57,63
57,64
57,65
57,66
57,67
57,68
57,69
58,59
58,60
58,61
58,62
58,63
58,64
58,65
58,66
58,67
58,68
58,69
59,60
59,61
59,62
59,63
59,64
59,65
59,66
59,67
59,68
59,69
59,72
59,74
59,80
59,84
59,85
59,86
59,91
59,94
59,97
59,99
59,101
59,106
59,107
59,111
59,112
59,117
59,119
59,120
59,121
59,122
59,124
59,130
59,131
59,132
59,134
59,143
59,148
59,156
59,157
59,159
59,160
59,163
59,169
59,171
59,173
59,174
59,176
59,180
59,182
59,184
59,185
59,189
59,191
59,192
59,193
59,196
59,198
60,61
60,62
60,63
60,64
60,65
60,66
60,67
60,68
60,69
61,62
61,63
61,64
61,65
61,66
61,67
61,68
61,69
62,63
62,64
62,65
62,66
62,67
62,68
62,69
63,64
63,65
63,66
63,67
63,68
63,69
64,65
64,66
64,67
64,68
64,69
65,66
65,67
65,68
65,69
65,72
65,74
65,80
65,84
65,85
65,86
65,91
65,94
65,97
65,99
65,101
65,106
65,107
65,111
65,112
65,117
65,119
65,120
65,121
65,122
65,124
65,130
65,131
65,132
65,134
65,143
65,148
65,156
65,157
65,159
65,160
65,163
65,169
65,171
65,173
65,174
65,176
65,180
65,182
65,184
65,185
65,189
65,191
65,192
65,193
65,196
65,198
66,67
66,68
66,69
67,68
67,69
67,72
67,74
67,80
67,84
67,85
67,86
67,91
67,94
67,97
67,99
67,101
67,106
67,107
67,111
67,112
67,117
67,119
67,120
67,121
67,122
67,124
67,130
67,131
67,132
67,134
67,143
67,148
67,156
67,157
67,159
67,160
67,163
67,169
67,171
67,173
67,174
67,176
67,180
67,182
67,184
67,185
67,189
67,191
67,192
67,193
67,196
67,198
68,69
69,72
69,74
69,80
69,84
69,85
69,86
69,91
69,94
69,97
69,99
69,101
69,106
69,107
69,111
69,112
69,117
69,119
69,120
69,121
69,122
69,124
69,130
69,131
69,132
69,134
69,143
69,148
69,156
69,157
69,159
69,160
69,163
69,169
69,171
69,173
69,174
69,176
69,180
69,182
69,184
69,185
69,189
69,191
69,192
69,193
69,196
69,198
72,74
72,80
72,84
72,85
72,86
72,91
72,94
72,97
72,99
72,101
72,106
72,107
72,111
72,112
72,117
72,119
72,120
72,121
72,122
72,124
72,130
72,131
72,132
72,134
72,143
72,148
72,156
72,157
72,159
72,160
72,163
72,169
72,171
72,173
72,174
72,176
72,180
72,182
72,184
72,185
72,189
72,191
72,192
72,193
72,196
72,198
74,80
74,84
74,85
74,86
74,91
74,94
74,97
74,99
74,101
74,106
74,107
74,111
74,112
74,117
74,119
74,120
74,121
74,122
74,124
74,130
74,131
74,132
74,134
74,143
74,148
74,156
74,157
74,159
74,160
74,163
74,169
74,171
74,173
74,174
74,176
74,180
74,182
74,184
74,185
74,189
74,191
74,192
74,193
74,196
74,198
80,84
80,85
80,86
80,91
80,94
80,97
80,99
80,101
80,106
80,107
80,111
80,112
80,117
80,119
80,120
80,121
80,122
80,124
80,130
80,131
80,132
80,134
80,143
80,148
80,156
80,157
80,159
80,160
80,163
80,169
80,171
80,173
80,174
80,176
80,180
80,182
80,184
80,185
80,189
80,191
80,192
80,193
80,196
80,198
82,112
82,115
82,118
82,125
82,135
82,136
82,142
83,93
83,98
83,100
83,102
83,103
83,107
83,110
83,113
83,114
83,115
83,116
83,117
83,118
83,129
83,131
83,135
83,136
83,141
83,143
83,145
83,174
83,175
83,178
83,183
84,85
84,86
84,90
84,91
84,92
84,93
84,94
84,97
84,98
84,99
84,100
84,101
84,106
84,107
84,111
84,112
84,113
84,115
84,116
84,117
84,118
84,119
84,120
84,121
84,122
84,124
84,125
84,127
84,128
84,129
84,130
84,131
84,132
84,134
84,135
84,136
84,137
84,139
84,140
84,141
84,143
84,146
84,148
84,151
84,152
84,154
84,156
84,157
84,159
84,160
84,163
84,164
84,168
84,169
84,170
84,171
84,173
84,174
84,175
84,176
84,180
84,182
84,184
84,185
84,189
84,191
84,192
84,193
84,196
84,198
85,86
85,91
85,94
85,97
85,99
85,101
85,106
85,107
85,111
85,112
85,117
85,119
85,120
85,121
85,122
85,124
85,130
85,131
85,132
85,134
85,143
85,148
85,156
85,157
85,159
85,160
85,163
85,169
85,171
85,173
85,174
85,176
85,180
85,182
85,184
85,185
85,189
85,191
85,192
85,193
85,196
85,198
86,90
86,91
86,92
86,93
86,94
86,96
86,97
86,98
86,99
86,100
86,101
86,102
86,103
86,104
86,105
86,106
86,107
86,110
86,111
86,112
86,117
86,118
86,119
86,120
86,121
86,122
86,124
86,130
86,131
86,132
86,134
86,136
86,137
86,139
86,140
86,142
86,143
86,146
86,148
86,150
86,151
86,152
86,154
86,156
86,157
86,159
86,160
86,163
86,168
86,169
86,170
86,171
86,172
86,173
86,174
86,176
86,180
86,182
86,184
86,185
86,189
86,191
86,192
86,193
86,196
86,198
87,89
87,90
87,91
87,93
87,94
88,89
88,90
88,92
88,94
88,96
88,97
88,99
88,100
88,101
88,102
88,104
88,108
88,109
88,110
88,115
88,116
88,118
88,119
89,91
89,93
89,94
89,96
89,97
89,99
89,101
89,102
89,105
89,107
89,109
90,91
90,92
90,93
90,94
90,96
90,97
90,98
91,93
91,94
91,96
91,97
91,98
91,99
91,101
91,102
91,104
91,105
91,106
91,107
91,111
91,112
91,115
91,117
91,118
91,119
91,120
91,121
91,122
91,124
91,126
91,128
91,130
91,131
91,132
91,134
91,136
91,142
91,143
91,146
91,147
91,148
91,152
91,156
91,157
91,159
91,160
91,163
91,169
91,171
91,173
91,174
91,176
91,180
91,182
91,184
91,185
91,189
91,191
91,192
91,193
91,196
91,198
92,93
92,94
92,95
92,96
92,98
92,99
92,100
92,101
92,102
92,104
92,105
92,107
92,109
92,110
92,114
92,115
92,116
92,117
92,118
92,122
92,126
92,127
92,128
92,129
92,135
92,136
92,137
92,139
92,146
92,147
92,150
92,151
92,152
92,161
92,163
92,168
93,94
93,95
93,96
93,97
93,99
93,104
93,106
93,107
93,109
93,110
93,113
93,117
93,118
93,119
93,122
93,123
93,124
93,125
93,126
93,128
93,134
93,135
93,136
93,140
93,141
93,146
93,147
93,149
93,150
93,151
93,153
93,154
93,161
93,162
93,163
93,164
93,172
93,189
93,194
94,95
94,96
94,97
94,98
94,99
94,101
94,104
94,106
94,107
94,109
94,110
94,111
94,112
94,114
94,115
94,116
94,117
94,118
94,119
94,120
94,121
94,122
94,124
94,125
94,126
94,127
94,128
94,129
94,130
94,131
94,132
94,133
94,134
94,136
94,137
94,139
94,140
94,141
94,142
94,143
94,144
94,145
94,147
94,148
94,149
94,151
94,152
94,154
94,156
94,157
94,159
94,160
94,163
94,164
94,165
94,168
94,169
94,171
94,172
94,173
94,174
94,176
94,178
94,179
94,180
94,182
94,184
94,185
94,189
94,191
94,192
94,193
94,196
94,198
95,97
95,98
95,100
95,101
95,104
95,107
95,110
95,115
95,116
95,117
95,118
95,119
95,122
95,123
95,124
95,126
95,128
95,129
95,131
95,134
95,135
95,136
95,137
95,141
95,142
95,143
95,144
95,145
95,147
96,98
97,98
97,99
97,100
97,101
97,104
97,105
97,106
97,107
97,109
97,110
97,111
97,112
97,117
97,119
97,120
97,121
97,122
97,124
97,130
97,131
97,132
97,134
97,143
97,148
97,156
97,157
97,159
97,160
97,163
97,169
97,171
97,173
97,174
97,176
97,180
97,182
97,184
97,185
97,189
97,191
97,192
97,193
97,196
97,198
98,99
98,100
98,102
98,103
98,104
98,105
98,106
98,108
98,110
98,113
98,115
98,117
98,118
98,122
98,123
98,124
98,125
98,126
98,128
98,131
98,135
98,136
98,138
98,141
99,100
99,101
99,102
99,104
99,105
99,106
99,107
99,108
99,110
99,111
99,112
99,115
99,116
99,117
99,118
99,119
99,120
99,121
99,122
99,124
99,130
99,131
99,132
99,134
99,143
99,148
99,156
99,157
99,159
99,160
99,163
99,169
99,171
99,173
99,174
99,176
99,180
99,182
99,184
99,185
99,189
99,191
99,192
99,193
99,196
99,198
100,101
100,102
100,104
100,105
100,106
100,108
100,109
100,110
100,112
100,115
100,116
100,118
100,119
100,125
100,126
100,128
100,129
100,131
100,135
100,136
100,138
100,141
100,164
101,102
101,105
101,106
101,107
101,108
101,109
101,110
101,111
101,112
101,116
101,117
101,118
101,119
101,120
101,121
101,122
101,124
101,126
101,128
101,129
101,130
101,131
101,132
101,134
101,135
101,136
101,138
101,140
101,142
101,143
101,148
101,156
101,157
101,159
101,160
101,163
101,169
101,171
101,173
101,174
101,176
101,180
101,182
101,184
101,185
101,189
101,191
101,192
101,193
101,196
101,198
102,104
102,105
102,106
102,107
102,108
102,109
102,110
102,113
102,114
102,116
102,117
102,118
102,119
102,122
102,123
102,125
102,126
102,127
102,128
102,129
103,108
103,109
103,110
103,112
103,113
103,115
103,117
103,118
103,119
103,121
103,123
103,124
103,125
103,127
103,128
103,129
103,134
103,137
103,141
103,143
103,144
103,149
103,159
103,164
103,170
103,177
103,178
103,179
104,105
104,107
104,108
104,109
104,110
104,111
104,112
104,114
104,119
104,120
104,121
104,122
104,123
104,124
104,125
104,128
104,129
104,140
104,141
104,142
104,143
104,144
105,106
105,107
106,107
106,108
106,111
106,112
106,113
106,114
106,115
106,117
106,119
106,120
106,121
106,122
106,124
106,130
106,131
106,132
106,134
106,136
106,137
106,139
106,140
106,141
106,142
106,143
106,144
106,147
106,148
106,150
106,154
106,155
106,156
106,157
106,159
106,160
106,163
106,169
106,171
106,173
106,174
106,175
106,176
106,179
106,180
106,182
106,184
106,185
106,189
106,191
106,192
106,193
106,194
106,196
106,198
107,108
107,110
107,111
107,112
107,113
107,114
107,115
107,117
107,118
107,119
107,120
107,121
107,122
107,124
107,127
107,128
107,130
107,131
107,132
107,134
107,135
107,143
107,145
107,148
107,150
107,151
107,154
107,156
107,157
107,159
107,160
107,163
107,164
107,165
107,169
107,171
107,173
107,174
107,176
107,178
107,179
107,180
107,182
107,183
107,184
107,185
107,186
107,188
107,189
107,191
107,192
107,193
107,196
107,198
108,109
108,111
108,113
108,114
108,115
108,117
108,118
109,110
109,111
109,113
109,114
110,111
110,112
110,113
110,114
110,115
110,116
110,117
110,118
110,127
110,131
110,135
110,136
110,140
110,143
110,145
110,154
110,155
110,162
110,166
110,177
110,178
110,179
110,181
111,112
111,115
111,116
111,117
111,118
111,119
111,120
111,121
111,122
111,123
111,124
111,126
111,127
111,130
111,131
111,132
111,134
111,135
111,143
111,148
111,156
111,157
111,159
111,160
111,163
111,169
111,171
111,173
111,174
111,176
111,180
111,182
111,184
111,185
111,189
111,191
111,192
111,193
111,196
111,198
112,113
112,114
112,115
112,116
112,117
112,118
112,119
112,120
112,121
112,122
112,123
112,124
112,127
112,128
112,130
112,131
112,132
112,134
112,135
112,139
112,141
112,142
112,143
112,145
112,146
112,147
112,148
112,150
112,151
112,152
112,154
112,155
112,156
112,157
112,158
112,159
112,160
112,162
112,163
112,164
112,165
112,166
112,168
112,169
112,170
112,171
112,173
112,174
112,176
112,178
112,180
112,181
112,182
112,184
112,185
112,188
112,189
112,191
112,192
112,193
112,196
112,198
113,115
113,116
113,117
113,118
113,119
113,120
113,123
113,124
113,126
113,127
113,128
113,129
113,131
113,133
113,135
113,137
113,139
113,140
113,141
113,142
113,144
113,145
113,150
113,151
113,152
113,154
113,155
113,158
113,161
113,162
113,164
113,166
114,115
114,117
114,119
114,120
114,121
114,124
114,125
114,127
114,129
114,131
114,133
114,135
114,136
114,139
114,140
114,141
114,142
114,144
114,145
114,147
114,149
114,152
114,153
114,154
114,158
114,159
114,162
114,164
114,165
114,166
114,168
114,169
114,174
114,175
114,177
114,179
115,116
115,120
115,121
115,125
115,126
115,127
115,128
115,129
115,131
115,135
115,136
115,137
115,138
115,139
115,140
115,141
115,142
115,144
115,145
115,146
115,147
115,149
115,151
115,152
115,153
115,155
115,157
115,158
115,159
115,162
115,163
115,165
115,166
115,168
115,169
115,170
115,172
115,177
115,178
115,179
115,188
116,117
116,120
116,121
116,122
116,125
116,126
116,127
116,129
116,132
116,133
116,134
116,135
116,136
116,137
116,138
116,139
116,140
116,141
116,142
116,143
116,145
116,146
116,147
116,149
116,150
116,154
116,155
116,157
116,161
116,165
116,166
117,118
117,119
117,120
117,121
117,122
117,124
117,126
117,127
117,129
117,130
117,131
117,132
117,134
117,136
117,137
117,138
117,139
117,140
117,141
117,143
117,144
117,148
117,156
117,157
117,159
117,160
117,163
117,169
117,171
117,173
117,174
117,176
117,180
117,182
117,184
117,185
117,189
117,191
117,192
117,193
117,196
117,198
118,119
118,121
118,122
118,127
118,133
118,134
118,135
118,136
118,137
118,138
118,139
118,140
119,120
119,121
119,122
119,124
119,125
119,127
119,129
119,130
119,131
119,132
119,134
119,143
119,148
119,156
119,157
119,159
119,160
119,163
119,169
119,171
119,173
119,174
119,176
119,180
119,182
119,184
119,185
119,189
119,191
119,192
119,193
119,196
119,198
120,121
120,122
120,123
120,124
120,125
120,130
120,131
120,132
120,134
120,143
120,148
120,156
120,157
120,159
120,160
120,163
120,169
120,171
120,173
120,174
120,176
120,180
120,182
120,184
120,185
120,189
120,191
120,192
120,193
120,196
120,198
121,122
121,124
121,125
121,130
121,131
121,132
121,133
121,134
121,136
121,137
121,139
121,140
121,141
121,142
121,143
121,145
121,148
121,149
121,154
121,155
121,156
121,157
121,159
121,160
121,163
121,169
121,171
121,173
121,174
121,176
121,180
121,182
121,184
121,185
121,189
121,191
121,192
121,193
121,196
121,198
122,123
122,124
122,125
122,126
122,128
122,129
122,130
122,131
122,132
122,133
122,134
122,135
122,136
122,137
122,140
122,141
122,143
122,145
122,147
122,148
122,149
122,150
122,152
122,154
122,155
122,156
122,157
122,159
122,160
122,163
122,167
122,169
122,170
122,171
122,173
122,174
122,176
122,179
122,180
122,182
122,184
122,185
122,189
122,191
122,192
122,193
122,196
122,198
123,126
123,127
123,128
123,129
123,132
123,133
123,135
123,136
123,137
124,126
124,129
124,130
124,131
124,132
124,133
124,134
124,135
124,137
124,138
124,139
124,142
124,143
124,144
124,145
124,148
124,149
124,150
124,151
124,152
124,154
124,156
124,157
124,158
124,159
124,160
124,163
124,167
124,169
124,170
124,171
124,173
124,174
124,176
124,178
124,180
124,182
124,184
124,185
124,186
124,189
124,191
124,192
124,193
124,196
124,198
125,127
125,128
125,129
125,135
125,136
125,138
125,139
125,140
125,141
125,142
125,144
125,146
125,147
125,149
125,151
125,152
125,153
125,154
125,155
125,158
125,159
125,162
125,165
125,166
125,167
125,168
125,170
125,175
125,178
125,179
125,181
126,127
126,129
126,131
126,133
126,135
126,136
127,129
127,130
128,129
128,130
128,132
128,133
128,134
128,135
128,136
128,138
128,139
128,141
128,154
128,159
128,161
128,163
128,166
128,167
128,168
128,169
128,170
128,178
128,181
128,183
128,186
128,188
128,199
129,132
129,133
129,135
129,137
129,138
129,139
129,140
129,141
129,142
129,144
129,145
129,149
129,150
129,152
129,153
129,155
129,157
129,159
129,161
129,162
129,163
129,167
129,169
129,170
129,177
129,181
129,182
129,183
129,186
129,188
129,194
130,131
130,132
130,134
130,135
130,136
130,137
130,138
130,143
130,148
130,156
130,157
130,159
130,160
130,163
130,169
130,171
130,173
130,174
130,176
130,180
130,182
130,184
130,185
130,189
130,191
130,192
130,193
130,196
130,198
131,132
131,134
131,139
131,140
131,141
131,142
131,143
131,144
131,145
131,146
131,147
131,148
131,150
131,152
131,156
131,157
131,159
131,160
131,161
131,163
131,167
131,168
131,169
131,170
131,171
131,173
131,174
131,175
131,176
131,180
131,182
131,184
131,185
131,189
131,191
131,192
131,193
131,196
131,198
132,134
132,137
132,139
132,140
132,141
132,142
132,143
132,144
132,145
132,148
132,153
132,154
132,155
132,156
132,157
132,159
132,160
132,161
132,162
132,163
132,164
132,166
132,169
132,171
132,173
132,174
132,175
132,176
132,177
132,178
132,180
132,181
132,182
132,183
132,184
132,185
132,189
132,191
132,192
132,193
132,196
132,197
132,198
133,139
133,144
133,146
133,147
133,151
133,152
133,153
133,154
133,158
133,162
133,164
133,165
133,167
133,168
133,175
133,177
133,178
133,181
133,188
133,191
133,192
133,194
133,197
133,199
134,136
134,139
134,140
134,142
134,143
134,144
134,146
134,148
134,149
134,150
134,151
134,152
134,155
134,156
134,157
134,158
134,159
134,160
134,163
134,169
134,171
134,173
134,174
134,176
134,180
134,182
134,184
134,185
134,189
134,191
134,192
134,193
134,196
134,198
135,136
135,137
135,139
135,140
135,141
135,142
135,144
135,145
135,149
135,150
135,152
135,153
135,155
135,157
135,161
135,162
135,165
135,166
135,167
135,168
135,175
135,177
135,178
135,179
135,180
135,181
135,182
135,186
135,187
135,188
135,191
135,192
135,194
135,197
136,137
136,138
136,139
136,140
136,141
136,144
136,145
136,146
136,147
136,148
136,149
136,150
136,151
136,153
136,154
136,155
136,162
136,163
136,164
136,165
136,167
136,168
136,169
136,170
137,138
137,139
137,140
137,141
137,142
137,144
137,146
137,148
137,149
137,151
137,152
137,153
137,154
137,156
137,157
137,158
137,159
137,161
137,162
137,163
137,164
137,166
137,167
137,168
137,169
137,172
137,175
137,178
137,180
137,181
137,182
137,183
137,185
137,186
137,189
137,191
137,192
137,194
137,197
138,139
138,140
138,143
138,144
138,145
138,148
138,149
138,150
138,151
138,152
138,153
138,154
138,155
138,157
138,158
138,159
138,161
138,162
138,163
138,164
138,167
138,168
138,169
138,175
138,176
138,177
138,178
138,179
138,180
138,181
138,183
138,185
138,186
138,187
138,188
138,192
138,195
139,143
139,145
139,146
139,147
139,148
139,149
139,150
139,151
139,152
139,154
139,155
139,157
139,158
139,159
139,160
139,161
139,162
139,164
139,168
139,170
139,175
139,178
139,179
139,180
139,181
139,186
139,187
140,143
140,144
140,145
140,146
140,148
140,149
140,150
141,142
141,143
141,144
141,148
141,149
141,153
141,155
141,156
142,143
142,144
142,145
142,147
142,148
142,149
142,150
142,151
143,145
143,146
143,148
143,156
143,157
143,159
143,160
143,163
143,169
143,171
143,173
143,174
143,176
143,180
143,182
143,184
143,185
143,189
143,191
143,192
143,193
143,196
143,198
144,146
144,147
144,149
144,150
144,153
144,162
144,164
144,174
144,175
144,176
144,177
144,179
144,183
144,184
144,186
144,187
144,188
144,195
145,146
145,147
145,148
145,150
145,151
145,152
145,153
145,155
145,156
145,157
145,159
145,160
145,161
145,162
145,164
145,174
145,175
145,176
145,177
145,178
145,179
145,182
145,183
145,184
145,186
145,187
145,188
145,190
145,191
145,192
145,195
145,197
145,199
146,148
146,149
146,152
146,153
146,155
146,156
146,158
146,159
146,160
146,161
146,162
146,163
146,165
146,166
146,167
146,169
147,148
147,149
147,151
147,152
147,153
147,154
148,149
148,150
148,151
148,152
148,153
148,154
148,155
148,156
148,157
148,158
148,159
148,160
148,161
148,163
148,165
148,166
148,169
148,171
148,173
148,174
148,176
148,180
148,182
148,183
148,184
148,185
148,189
148,191
148,192
148,193
148,195
148,196
148,198
149,151
149,152
149,153
149,155
149,156
149,157
149,158
149,160
149,161
149,162
149,163
149,164
150,151
150,152
150,154
150,155
150,156
150,157
150,158
150,159
151,152
151,154
151,155
151,157
151,158
151,160
151,161
151,163
151,164
151,177
151,183
151,185
151,188
151,189
151,191
151,194
151,195
152,154
152,155
152,156
152,157
152,159
152,160
152,161
152,163
152,164
152,167
152,172
152,174
152,178
152,179
152,183
152,184
152,185
152,186
152,187
152,188
152,189
152,192
152,197
153,154
153,155
153,156
153,157
153,158
153,159
153,160
153,161
153,162
153,164
153,165
153,166
153,167
153,169
153,170
153,172
153,174
153,177
153,178
153,179
153,181
153,182
153,183
153,184
153,185
153,188
153,189
153,190
153,191
153,192
154,155
154,156
154,159
154,161
154,162
154,163
154,164
154,166
154,167
154,169
154,170
155,156
155,157
155,158
155,159
155,161
155,163
155,164
155,165
155,166
155,169
155,170
155,174
155,176
156,157
156,159
156,160
156,161
156,162
156,163
156,164
156,165
156,166
156,167
156,168
156,169
156,170
156,171
156,172
156,173
156,174
156,176
156,179
156,180
156,182
156,184
156,185
156,186
156,187
156,189
156,190
156,191
156,192
156,193
156,195
156,196
156,198
157,158
157,159
157,160
157,163
157,169
157,171
157,173
157,174
157,176
157,180
157,182
157,184
157,185
157,189
157,191
157,192
157,193
157,196
157,198
158,159
158,162
158,163
158,165
158,168
158,172
158,175
158,177
158,179
158,183
158,187
158,188
158,195
158,197
159,160
159,163
159,164
159,165
159,166
159,169
159,170
159,171
159,173
159,174
159,175
159,176
159,180
159,182
159,184
159,185
159,189
159,191
159,192
159,193
159,196
159,198
160,163
160,169
160,171
160,173
160,174
160,176
160,180
160,182
160,184
160,185
160,189
160,191
160,192
160,193
160,196
160,198
161,162
161,163
161,164
161,165
161,166
161,168
161,169
161,170
161,174
161,175
161,177
161,179
162,163
162,164
162,166
162,167
162,168
162,169
162,170
162,175
162,177
162,179
162,180
162,185
162,190
162,194
162,199
163,164
163,165
163,167
163,168
163,169
163,171
163,172
163,173
163,174
163,175
163,176
163,178
163,179
163,180
163,181
163,182
163,183
163,184
163,185
163,189
163,191
163,192
163,193
163,194
163,196
163,197
163,198
163,199
164,165
164,168
164,169
164,170
164,172
164,174
164,175
164,177
164,178
164,181
164,185
164,190
164,195
164,199
165,166
165,167
165,168
165,170
165,172
165,173
165,175
165,176
165,177
165,181
165,182
165,187
165,188
165,195
165,199
166,167
166,169
166,170
166,171
166,172
167,168
167,170
167,171
167,172
167,173
167,175
167,180
167,181
167,184
168,172
168,173
168,174
168,175
168,178
168,179
168,181
168,182
168,183
168,184
169,171
169,172
169,173
169,174
169,176
169,180
169,182
169,184
169,185
169,189
169,191
169,192
169,193
169,196
169,198
170,171
170,172
170,173
170,174
170,175
170,176
170,178
170,179
170,180
170,183
170,184
170,185
170,188
170,190
170,199
171,172
171,173
171,174
171,175
171,176
171,178
171,180
171,182
171,184
171,185
171,189
171,191
171,192
171,193
171,196
171,198
172,175
172,176
172,178
172,180
172,181
172,183
172,184
172,187
172,190
172,192
173,174
173,175
173,176
173,178
173,179
173,180
173,181
173,182
173,183
173,184
173,185
173,186
173,187
173,188
173,189
173,191
173,192
173,193
173,195
173,196
173,198
173,199
174,176
174,177
174,178
174,179
174,180
174,182
174,184
174,185
174,187
174,189
174,191
174,192
174,193
174,195
174,196
174,197
174,198
174,199
175,177
175,178
175,179
175,181
175,183
175,185
175,187
175,188
176,178
176,179
176,180
176,181
176,182
176,183
176,184
176,185
176,187
176,188
176,189
176,191
176,192
176,193
176,194
176,195
176,196
176,197
176,198
177,178
177,180
177,181
177,183
177,185
177,187
177,189
177,190
177,191
177,194
177,195
177,196
177,197
177,199
178,180
178,181
178,183
178,186
178,187
178,189
178,190
178,194
179,180
179,181
179,183
179,186
179,187
179,190
179,191
180,182
180,183
180,184
180,185
180,187
180,189
180,190
180,191
180,192
180,193
180,194
180,196
180,197
180,198
181,182
181,184
181,185
181,187
181,188
181,189
181,190
181,195
181,197
182,184
182,185
182,187
182,188
182,189
182,190
182,191
182,192
182,193
182,196
182,197
182,198
183,188
183,189
183,194
183,195
183,197
183,199
184,185
184,187
184,188
184,189
184,190
184,191
184,192
184,193
184,196
184,198
185,187
185,188
185,189
185,191
185,192
185,193
185,195
185,196
185,197
185,198
185,199
186,187
186,188
186,189
186,190
186,191
186,194
186,195
186,196
187,188
187,189
187,190
187,191
187,194
187,195
187,196
187,197
187,199
188,189
188,190
188,191
188,192
188,193
188,197
188,199
189,191
189,192
189,193
189,196
189,198
190,191
190,192
190,193
190,194
190,195
190,196
190,199
191,192
191,193
191,196
191,197
191,198
191,199
192,193
192,194
192,195
192,196
192,198
193,195
193,196
193,198
194,197
195,197
196,197
196,198
197,199
198,199
