0,1
0,2
0,3
0,4
0,5
0,6
0,7
0,8
0,9
0,10
0,11
0,12
0,13
0,14
0,15
0,16
0,17
0,18
0,19
0,20
0,21
0,22
0,23
0,24
0,25
0,26
0,27
0,28
0,29
0,30
0,31
0,32
0,33
0,34
0,35
0,36
0,37
0,38
0,39
0,40
0,41
0,42
0,43
0,44
0,45
0,46
0,47
0,48
0,49
0,50
0,51
0,52
0,53
0,54
0,55
0,56
0,57
0,58
0,59
0,60
0,61
0,62
0,68
0,69
0,79
0,80
0,86
0,90
0,91
0,92
0,93
0,97
0,100
0,103
0,104
0,107
0,110
0,111
0,112
0,114
0,117
0,120
0,122
0,123
0,126
0,136
0,141
0,142
0,149
0,150
0,152
0,156
0,159
0,160
0,162
0,166
0,167
0,168
0,169
0,170
0,172
0,179
0,185
0,192
0,193
0,197
1,2
1,3
1,4
1,5
1,6
1,7
1,8
1,9
1,10
1,11
1,12
1,13
1,14
1,15
1,16
1,17
1,18
1,19
1,20
1,21
1,22
1,23
1,24
1,25
1,26
1,27
1,28
1,29
1,30
1,31
1,32
1,33
1,34
1,35
1,36
1,37
1,38
1,39
1,40
1,41
1,42
1,43
1,44
1,45
1,46
1,47
1,48
1,49
1,50
1,51
1,52
1,53
1,54
1,55
1,56
1,57
1,58
1,59
1,60
1,61
2,3
2,4
2,5
2,6
2,7
2,8
2,9
2,10
2,11
2,12
2,13
2,14
2,15
2,16
2,17
2,18
2,19
2,20
2,21
2,22
2,23
2,24
2,25
2,26
2,27
2,28
2,29
2,30
2,31
2,32
2,33
2,34
2,35
2,36
2,37
2,38
2,39
2,40
2,41
2,42
2,43
2,44
2,45
2,46
2,47
2,48
2,49
2,50
2,51
2,52
2,53
2,54
2,55
2,56
2,57
2,58
2,59
2,60
2,62
2,68
2,69
2,79
2,80
2,86
2,90
2,91
2,92
2,93
2,97
2,100
2,103
2,104
2,107
2,110
2,111
2,112
2,114
2,117
2,120
2,122
2,123
2,126
2,136
2,141
2,142
2,149
2,150
2,152
2,156
2,159
2,160
2,162
2,166
2,167
2,168
2,169
2,170
2,172
2,179
2,185
2,192
2,193
2,197
3,4
3,5
3,6
3,7
3,8
3,9
3,10
3,11
3,12
3,13
3,14
3,15
3,16
3,17
3,18
3,19
3,20
3,21
3,22
3,23
3,24
3,25
3,26
3,27
3,28
3,29
3,30
3,31
3,32
3,33
3,34
3,35
3,36
3,37
3,38
3,39
3,40
3,41
3,42
3,43
3,44
3,45
3,46
3,47
3,48
3,49
3,50
3,51
3,52
3,53
3,54
3,55
3,56
3,57
3,58
3,59
3,60
3,61
3,108
3,119
3,125
3,128
3,140
3,150
3,151
3,154
3,155
3,156
3,157
3,158
3,161
3,164
3,165
3,166
3,169
3,172
3,175
4,5
4,6
4,7
4,8
4,9
4,10
4,11
4,12
4,13
4,14
4,15
4,16
4,17
4,18
4,19
4,20
4,21
4,22
4,23
4,24
4,25
4,26
4,27
4,28
4,29
4,30
4,31
4,32
4,33
4,34
4,35
4,36
4,37
4,38
4,39
4,40
4,41
4,42
4,43
4,44
4,45
4,46
4,47
4,48
4,49
4,50
4,51
4,52
4,53
4,54
4,55
4,56
4,57
4,58
4,59
4,60
4,61
4,62
4,68
4,69
4,72
4,75
4,77
4,79
4,80
4,82
4,83
4,86
4,90
4,91
4,92
4,93
4,97
4,100
4,103
4,104
4,105
4,106
4,107
4,108
4,109
4,110
4,111
4,112
4,114
4,117
4,119
4,120
4,122
4,123
4,124
4,125
4,126
4,128
4,130
4,131
4,134
4,136
4,139
4,140
4,141
4,142
4,145
4,146
4,147
4,149
4,150
4,152
4,154
4,155
4,156
4,157
4,158
4,159
4,160
4,162
4,163
4,164
4,165
4,166
4,167
4,168
4,169
4,170
4,171
4,172
4,173
4,174
4,175
4,176
4,178
4,179
4,180
4,183
4,184
4,185
4,186
4,187
4,188
4,191
4,192
4,193
4,194
4,195
4,196
4,197
4,198
4,199
5,6
5,7
5,8
5,9
5,10
5,11
5,12
5,13
5,14
5,15
5,16
5,17
5,18
5,19
5,20
5,21
5,22
5,23
5,24
5,25
5,26
5,27
5,28
5,29
5,30
5,31
5,32
5,33
5,34
5,35
5,36
5,37
5,38
5,39
5,40
5,41
5,42
5,43
5,44
5,45
5,46
5,47
5,48
5,49
5,50
5,51
5,52
5,53
5,54
5,55
5,56
5,57
5,58
5,59
5,60
5,61
5,72
5,74
5,75
5,76
5,77
5,81
5,82
5,83
5,85
5,87
5,89
5,99
5,101
5,103
5,105
5,106
5,107
5,109
5,118
5,119
5,122
5,123
5,124
5,125
5,127
5,128
5,131
5,132
5,134
5,136
5,138
5,139
5,140
5,143
5,145
5,146
5,147
5,149
5,150
5,151
5,152
5,153
5,154
5,155
5,156
5,157
5,158
5,159
5,161
5,163
5,164
5,165
5,166
5,168
5,169
5,170
5,171
5,172
5,173
5,174
5,175
5,176
5,177
5,178
5,179
5,180
5,181
5,182
5,183
5,184
5,185
5,186
5,187
5,188
5,189
5,191
5,192
5,193
5,195
5,196
5,197
5,198
6,7
6,8
6,9
6,10
6,11
6,12
6,13
6,14
6,15
6,16
6,17
6,18
6,19
6,20
6,21
6,22
6,23
6,24
6,25
6,26
6,27
6,28
6,29
6,30
6,31
6,32
6,33
6,34
6,35
6,36
6,37
6,38
6,39
6,40
6,41
6,42
6,43
6,44
6,45
6,46
6,47
6,48
6,49
6,50
6,51
6,52
6,53
6,54
6,55
6,56
6,57
6,58
6,59
6,60
6,61
6,62
6,68
6,69
6,72
6,74
6,75
6,76
6,77
6,79
6,80
6,81
6,82
6,83
6,84
6,85
6,86
6,88
6,89
6,90
6,91
6,92
6,93
6,97
6,99
6,100
6,101
6,103
6,104
6,107
6,108
6,109
6,110
6,111
6,112
6,114
6,117
6,119
6,120
6,121
6,122
6,123
6,124
6,125
6,126
6,127
6,128
6,129
6,130
6,131
6,132
6,133
6,134
6,136
6,138
6,139
6,140
6,141
6,142
6,143
6,144
6,145
6,146
6,147
6,149
6,150
6,151
6,152
6,153
6,155
6,156
6,157
6,159
6,160
6,161
6,162
6,163
6,164
6,165
6,166
6,167
6,168
6,169
6,170
6,172
6,174
6,175
6,176
6,177
6,178
6,179
6,180
6,181
6,182
6,184
6,185
6,186
6,187
6,188
6,189
6,190
6,191
6,192
6,193
6,194
6,195
6,196
6,197
6,198
7,8
7,9
7,10
7,11
7,12
7,13
7,14
7,15
7,16
7,17
7,18
7,19
7,20
7,21
7,22
7,23
7,24
7,25
7,26
7,27
7,28
7,29
7,30
7,31
7,32
7,33
7,34
7,35
7,36
7,37
7,38
7,39
7,40
7,41
7,42
7,43
7,44
7,45
7,46
7,47
7,48
7,49
7,50
7,51
7,52
7,53
7,54
7,55
7,56
7,57
7,58
7,59
7,60
7,61
7,67
7,70
7,71
7,72
7,74
7,75
7,76
7,77
7,81
7,82
7,85
7,88
7,89
7,91
7,95
7,99
7,101
7,102
7,103
7,105
7,107
7,108
7,109
7,111
8,9
8,10
8,11
8,12
8,13
8,14
8,15
8,16
8,17
8,18
8,19
8,20
8,21
8,22
8,23
8,24
8,25
8,26
8,27
8,28
8,29
8,30
8,31
8,32
8,33
8,34
8,35
8,36
8,37
8,38
8,39
8,40
8,41
8,42
8,43
8,44
8,45
8,46
8,47
8,48
8,49
8,50
8,51
8,52
8,53
8,54
8,55
8,56
8,57
8,58
8,59
8,60
8,61
8,62
8,68
8,69
8,71
8,79
8,80
8,86
8,90
8,91
8,92
8,93
8,97
8,100
8,103
8,104
8,107
8,110
8,111
8,112
8,114
8,117
8,120
8,122
8,123
8,126
8,136
8,141
8,142
8,149
8,150
8,152
8,156
8,159
8,160
8,162
8,166
8,167
8,168
8,169
8,170
8,172
8,179
8,185
8,192
8,193
8,197
9,10
9,11
9,12
9,13
9,14
9,15
9,16
9,17
9,18
9,19
9,20
9,21
9,22
9,23
9,24
9,25
9,26
9,27
9,28
9,29
9,30
9,31
9,32
9,33
9,34
9,35
9,36
9,37
9,38
9,39
9,40
9,41
9,42
9,43
9,44
9,45
9,46
9,47
9,48
9,49
9,50
9,51
9,52
9,53
9,54
9,55
9,56
9,57
9,58
9,59
9,60
9,61
9,62
9,68
9,69
9,79
9,80
9,86
9,90
9,91
9,92
9,93
9,97
9,100
9,103
9,104
9,107
9,110
9,111
9,112
9,114
9,117
9,120
9,122
9,123
9,126
9,136
9,141
9,142
9,149
9,150
9,152
9,156
9,159
9,160
9,162
9,166
9,167
9,168
9,169
9,170
9,172
9,179
9,185
9,192
9,193
9,197
10,11
10,12
10,13
10,14
10,15
10,16
10,17
10,18
10,19
10,20
10,21
10,22
10,23
10,24
10,25
10,26
10,27
10,28
10,29
10,30
10,31
10,32
10,33
10,34
10,35
10,36
10,37
10,38
10,39
10,40
10,41
10,42
10,43
10,44
10,45
10,46
10,47
10,48
10,49
10,50
10,51
10,52
10,53
10,54
10,55
10,56
10,57
10,58
10,59
10,60
10,61
11,12
11,13
11,14
11,15
11,16
11,17
11,18
11,19
11,20
11,21
11,22
11,23
11,24
11,25
11,26
11,27
11,28
11,29
11,30
11,31
11,32
11,33
11,34
11,35
11,36
11,37
11,38
11,39
11,40
11,41
11,42
11,43
11,44
11,45
11,46
11,47
11,48
11,49
11,50
11,51
11,52
11,53
11,54
11,55
11,56
11,57
11,58
11,59
11,60
11,61
11,72
11,73
11,74
11,75
11,76
11,77
11,79
11,80
11,81
11,83
12,13
12,14
12,15
12,16
12,17
12,18
12,19
12,20
12,21
12,22
12,23
12,24
12,25
12,26
12,27
12,28
12,29
12,30
12,31
12,32
12,33
12,34
12,35
12,36
12,37
12,38
12,39
12,40
12,41
12,42
12,43
12,44
12,45
12,46
12,47
12,48
12,49
12,50
12,51
12,52
12,53
12,54
12,55
12,56
12,57
12,58
12,59
12,60
12,61
12,67
12,69
12,72
12,73
12,74
12,76
12,77
12,79
12,80
12,81
12,82
12,83
12,89
12,90
12,95
12,101
12,102
12,105
12,106
12,107
12,108
12,111
12,116
12,118
12,119
12,120
12,121
12,122
12,123
12,124
12,125
12,131
12,133
12,136
12,138
12,140
12,141
12,143
12,144
12,145
12,146
12,148
13,14
13,15
13,16
13,17
13,18
13,19
13,20
13,21
13,22
13,23
13,24
13,25
13,26
13,27
13,28
13,29
13,30
13,31
13,32
13,33
13,34
13,35
13,36
13,37
13,38
13,39
13,40
13,41
13,42
13,43
13,44
13,45
13,46
13,47
13,48
13,49
13,50
13,51
13,52
13,53
13,54
13,55
13,56
13,57
13,58
13,59
13,60
13,61
13,69
13,70
13,71
13,72
13,73
13,74
13,75
13,76
13,77
13,78
13,79
13,80
13,81
13,82
13,83
13,84
13,85
13,87
13,88
13,89
13,90
13,91
13,93
13,94
13,95
13,96
13,99
13,100
13,101
13,103
13,104
13,105
13,106
13,107
13,108
13,110
13,116
13,117
13,118
13,119
13,120
13,121
13,122
13,123
13,124
13,125
13,127
13,128
13,129
13,130
13,131
13,132
13,133
13,134
13,136
13,138
13,139
13,140
13,141
13,143
13,144
13,145
13,146
13,147
13,148
13,149
13,152
13,153
14,15
14,16
14,17
14,18
14,19
14,20
14,21
14,22
14,23
14,24
14,25
14,26
14,27
14,28
14,29
14,30
14,31
14,32
14,33
14,34
14,35
14,36
14,37
14,38
14,39
14,40
14,41
14,42
14,43
14,44
14,45
14,46
14,47
14,48
14,49
14,50
14,51
14,52
14,53
14,54
14,55
14,56
14,57
14,58
14,59
14,60
14,61
14,67
14,69
14,70
14,71
14,72
14,73
14,74
14,75
14,76
14,77
14,78
14,79
14,81
14,82
14,83
14,84
14,85
14,87
14,89
14,90
14,91
14,93
14,94
14,95
14,96
14,99
14,100
14,101
14,102
14,105
14,107
14,108
14,110
14,111
14,112
14,113
14,114
14,116
14,117
14,118
14,119
14,121
14,122
14,123
14,124
14,125
14,126
14,127
14,128
14,130
14,131
14,132
14,133
14,134
14,135
14,136
14,138
14,139
14,140
14,141
14,142
14,143
14,144
14,145
14,146
14,147
14,148
14,149
14,151
14,152
14,153
14,155
14,160
14,161
14,163
14,164
14,165
14,168
14,169
14,171
14,174
14,175
14,176
14,178
14,179
14,180
14,182
14,183
14,186
14,187
14,188
14,189
14,190
14,192
14,199
15,16
15,17
15,18
15,19
15,20
15,21
15,22
15,23
15,24
15,25
15,26
15,27
15,28
15,29
15,30
15,31
15,32
15,33
15,34
15,35
15,36
15,37
15,38
15,39
15,40
15,41
15,42
15,43
15,44
15,45
15,46
15,47
15,48
15,49
15,50
15,51
15,52
15,53
15,54
15,55
15,56
15,57
15,58
15,59
15,60
15,61
15,74
15,75
15,76
15,77
15,78
15,79
15,80
15,81
15,84
15,85
15,86
15,88
15,89
15,91
15,93
15,95
15,97
16,17
16,18
16,19
16,20
16,21
16,22
16,23
16,24
16,25
16,26
16,27
16,28
16,29
16,30
16,31
16,32
16,33
16,34
16,35
16,36
16,37
16,38
16,39
16,40
16,41
16,42
16,43
16,44
16,45
16,46
16,47
16,48
16,49
16,50
16,51
16,52
16,53
16,54
16,55
16,56
16,57
16,58
16,59
16,60
16,61
17,18
17,19
17,20
17,21
17,22
17,23
17,24
17,25
17,26
17,27
17,28
17,29
17,30
17,31
17,32
17,33
17,34
17,35
17,36
17,37
17,38
17,39
17,40
17,41
17,42
17,43
17,44
17,45
17,46
17,47
17,48
17,49
17,50
17,51
17,52
17,53
17,54
17,55
17,56
17,57
17,58
17,59
17,60
17,61
17,69
17,70
17,71
17,72
17,73
17,75
17,76
17,77
17,78
17,79
17,80
17,81
17,82
17,83
17,84
17,85
17,87
17,88
17,89
17,90
17,91
17,93
17,94
17,95
17,96
17,97
17,100
17,101
17,102
17,103
17,105
17,106
17,107
17,108
17,110
17,111
17,113
17,114
17,115
17,116
17,117
17,118
17,119
17,120
17,121
17,122
17,123
17,124
17,125
17,127
17,129
17,130
17,131
17,132
17,133
17,134
17,135
17,136
17,137
17,140
17,142
17,143
17,144
17,146
17,147
17,148
17,149
17,150
17,151
17,152
17,153
17,155
17,156
17,157
17,158
17,160
17,163
17,164
17,165
17,166
17,167
17,168
17,169
17,171
17,174
17,175
17,176
17,177
17,178
17,180
17,181
17,182
17,183
17,184
17,185
17,186
17,187
17,188
17,189
17,190
17,191
17,193
17,195
17,196
17,198
17,199
18,19
18,20
18,21
18,22
18,23
18,24
18,25
18,26
18,27
18,28
18,29
18,30
18,31
18,32
18,33
18,34
18,35
18,36
18,37
18,38
18,39
18,40
18,41
18,42
18,43
18,44
18,45
18,46
18,47
18,48
18,49
18,50
18,51
18,52
18,53
18,54
18,55
18,56
18,57
18,58
18,59
18,60
18,61
18,70
18,71
18,72
18,73
18,74
18,75
18,76
18,77
18,78
18,79
19,20
19,21
19,22
19,23
19,24
19,25
19,26
19,27
19,28
19,29
19,30
19,31
19,32
19,33
19,34
19,35
19,36
19,37
19,38
19,39
19,40
19,41
19,42
19,43
19,44
19,45
19,46
19,47
19,48
19,49
19,50
19,51
19,52
19,53
19,54
19,55
19,56
19,57
19,58
19,59
19,60
19,61
19,62
19,68
19,69
19,79
19,80
19,86
19,90
19,91
19,92
19,93
19,97
19,100
19,103
19,104
19,107
19,110
19,111
19,112
19,114
19,117
19,120
19,122
19,123
19,126
19,136
19,141
19,142
19,149
19,150
19,152
19,156
19,159
19,160
19,162
19,166
19,167
19,168
19,169
19,170
19,172
19,179
19,185
19,192
19,193
19,197
20,21
20,22
20,23
20,24
20,25
20,26
20,27
20,28
20,29
20,30
20,31
20,32
20,33
20,34
20,35
20,36
20,37
20,38
20,39
20,40
20,41
20,42
20,43
20,44
20,45
20,46
20,47
20,48
20,49
20,50
20,51
20,52
20,53
20,54
20,55
20,56
20,57
20,58
20,59
20,60
20,61
21,22
21,23
21,24
21,25
21,26
21,27
21,28
21,29
21,30
21,31
21,32
21,33
21,34
21,35
21,36
21,37
21,38
21,39
21,40
21,41
21,42
21,43
21,44
21,45
21,46
21,47
21,48
21,49
21,50
21,51
21,52
21,53
21,54
21,55
21,56
21,57
21,58
21,59
21,60
21,61
21,62
21,68
21,69
21,79
21,80
21,86
21,90
21,91
21,92
21,93
21,97
21,100
21,103
21,104
21,107
21,110
21,111
21,112
21,114
21,117
21,120
21,122
21,123
21,126
21,136
21,141
21,142
21,149
21,150
21,152
21,156
21,159
21,160
21,162
21,166
21,167
21,168
21,169
21,170
21,172
21,179
21,185
21,192
21,193
21,197
22,23
22,24
22,25
22,26
22,27
22,28
22,29
22,30
22,31
22,32
22,33
22,34
22,35
22,36
22,37
22,38
22,39
22,40
22,41
22,42
22,43
22,44
22,45
22,46
22,47
22,48
22,49
22,50
22,51
22,52
22,53
22,54
22,55
22,56
22,57
22,58
22,59
22,60
22,61
22,83
22,84
22,85
22,86
22,87
22,89
22,90
22,91
22,92
22,94
22,95
22,96
22,97
22,99
22,100
22,101
22,102
23,24
23,25
23,26
23,27
23,28
23,29
23,30
23,31
23,32
23,33
23,34
23,35
23,36
23,37
23,38
23,39
23,40
23,41
23,42
23,43
23,44
23,45
23,46
23,47
23,48
23,49
23,50
23,51
23,52
23,53
23,54
23,55
23,56
23,57
23,58
23,59
23,60
23,61
23,76
23,77
23,79
23,80
23,81
23,84
23,85
23,86
23,87
23,88
23,89
23,90
23,91
23,92
23,94
23,95
23,96
23,97
24,25
24,26
24,27
24,28
24,29
24,30
24,31
24,32
24,33
24,34
24,35
24,36
24,37
24,38
24,39
24,40
24,41
24,42
24,43
24,44
24,45
24,46
24,47
24,48
24,49
24,50
24,51
24,52
24,53
24,54
24,55
24,56
24,57
24,58
24,59
24,60
24,61
24,67
24,68
24,69
24,70
24,71
24,72
24,73
24,74
24,75
24,76
24,77
24,78
24,79
24,80
24,81
24,82
24,83
24,84
24,85
24,87
24,89
24,90
24,91
24,92
24,93
24,94
24,95
24,96
24,97
24,99
24,100
24,103
24,104
24,105
24,109
24,110
24,113
24,114
24,115
25,26
25,27
25,28
25,29
25,30
25,31
25,32
25,33
25,34
25,35
25,36
25,37
25,38
25,39
25,40
25,41
25,42
25,43
25,44
25,45
25,46
25,47
25,48
25,49
25,50
25,51
25,52
25,53
25,54
25,55
25,56
25,57
25,58
25,59
25,60
25,61
25,67
25,68
25,69
25,70
25,71
25,72
25,73
25,74
25,75
25,76
25,77
25,78
25,79
25,80
25,81
25,82
25,83
25,84
25,85
25,86
25,87
25,88
25,89
25,90
25,91
25,92
26,27
26,28
26,29
26,30
26,31
26,32
26,33
26,34
26,35
26,36
26,37
26,38
26,39
26,40
26,41
26,42
26,43
26,44
26,45
26,46
26,47
26,48
26,49
26,50
26,51
26,52
26,53
26,54
26,55
26,56
26,57
26,58
26,59
26,60
26,61
26,70
26,71
26,72
26,74
26,76
26,77
26,78
26,79
26,80
26,81
26,82
26,83
26,87
26,88
26,90
26,91
26,93
26,94
26,95
26,96
26,97
26,98
26,99
26,100
26,101
26,102
26,104
26,106
26,107
26,108
26,109
26,110
26,111
26,112
26,113
26,114
26,115
26,118
26,119
26,120
26,121
26,122
26,124
26,125
26,128
26,129
26,132
26,134
26,135
26,139
26,141
26,142
26,143
26,144
26,145
26,147
26,148
26,154
26,157
26,161
26,164
26,166
26,168
27,28
27,29
27,30
27,31
27,32
27,33
27,34
27,35
27,36
27,37
27,38
27,39
27,40
27,41
27,42
27,43
27,44
27,45
27,46
27,47
27,48
27,49
27,50
27,51
27,52
27,53
27,54
27,55
27,56
27,57
27,58
27,59
27,60
27,61
27,70
27,71
27,72
27,73
27,74
27,75
27,76
27,77
27,78
27,79
27,81
27,82
27,83
27,84
27,85
27,86
27,87
27,88
27,89
27,90
27,91
27,92
27,93
27,94
27,95
27,96
28,29
28,30
28,31
28,32
28,33
28,34
28,35
28,36
28,37
28,38
28,39
28,40
28,41
28,42
28,43
28,44
28,45
28,46
28,47
28,48
28,49
28,50
28,51
28,52
28,53
28,54
28,55
28,56
28,57
28,58
28,59
28,60
28,61
28,76
28,77
28,78
28,79
28,80
28,81
28,82
28,83
28,84
28,85
28,86
28,87
28,88
28,89
28,90
28,91
28,92
28,93
28,95
29,30
29,31
29,32
29,33
29,34
29,35
29,36
29,37
29,38
29,39
29,40
29,41
29,42
29,43
29,44
29,45
29,46
29,47
29,48
29,49
29,50
29,51
29,52
29,53
29,54
29,55
29,56
29,57
29,58
29,59
29,60
29,61
29,67
29,68
29,69
29,70
29,71
29,72
29,73
29,74
29,75
29,76
29,77
29,78
29,79
29,80
29,82
29,83
29,84
29,85
29,86
29,87
29,88
29,89
29,90
29,91
29,92
29,93
29,94
29,95
29,96
29,97
29,98
29,99
29,100
29,101
29,102
29,103
29,104
29,105
29,106
29,108
29,109
29,110
29,111
29,112
29,113
29,114
29,115
29,116
29,117
29,118
29,119
29,120
29,121
29,124
29,125
29,126
29,127
29,128
29,129
29,130
29,132
29,133
29,134
29,135
29,137
29,139
29,140
29,142
29,143
29,144
29,145
29,146
29,147
29,148
29,149
29,150
29,151
29,152
29,154
29,158
29,160
29,161
29,162
29,164
29,166
29,168
29,169
29,172
29,173
29,176
29,179
29,180
29,181
29,182
29,183
29,185
29,186
29,188
29,189
29,190
29,191
29,192
30,31
30,32
30,33
30,34
30,35
30,36
30,37
30,38
30,39
30,40
30,41
30,42
30,43
30,44
30,45
30,46
30,47
30,48
30,49
30,50
30,51
30,52
30,53
30,54
30,55
30,56
30,57
30,58
30,59
30,60
30,61
30,62
30,68
30,69
30,73
30,74
30,75
30,76
30,77
30,78
30,79
30,80
30,81
30,82
30,83
30,84
30,85
30,86
30,87
30,88
30,89
30,90
30,91
30,92
30,93
30,95
30,96
30,97
30,98
30,99
30,100
30,101
30,102
30,103
30,104
30,105
30,106
30,107
30,108
30,109
30,110
30,111
30,112
30,113
30,114
30,115
30,116
30,117
30,118
30,119
30,120
30,122
30,123
30,126
30,136
30,141
30,142
30,149
30,150
30,152
30,156
30,159
30,160
30,162
30,166
30,167
30,168
30,169
30,170
30,172
30,179
30,185
30,192
30,193
30,197
31,32
31,33
31,34
31,35
31,36
31,37
31,38
31,39
31,40
31,41
31,42
31,43
31,44
31,45
31,46
31,47
31,48
31,49
31,50
31,51
31,52
31,53
31,54
31,55
31,56
31,57
31,58
31,59
31,60
31,61
31,68
31,69
31,72
31,73
31,74
31,75
31,76
31,77
31,78
31,79
31,80
31,81
31,82
31,84
31,85
31,86
31,88
31,89
31,91
31,92
31,93
31,94
31,95
31,96
31,97
31,98
31,99
31,100
31,101
31,102
31,103
31,104
31,105
31,106
31,107
31,108
31,109
31,110
31,111
31,112
31,113
31,114
31,115
31,117
31,118
31,119
31,120
31,121
31,122
31,123
31,125
31,126
31,127
31,128
31,129
31,130
31,131
32,33
32,34
32,35
32,36
32,37
32,38
32,39
32,40
32,41
32,42
32,43
32,44
32,45
32,46
32,47
32,48
32,49
32,50
32,51
32,52
32,53
32,54
32,55
32,56
32,57
32,58
32,59
32,60
32,61
32,67
32,68
32,70
32,71
32,72
32,73
32,74
32,75
32,76
32,78
32,79
32,81
32,82
32,83
32,84
32,86
32,87
32,88
32,89
32,90
32,91
32,92
32,93
32,94
32,96
32,98
32,99
32,100
32,101
32,102
32,104
32,105
32,109
32,110
32,111
32,112
32,113
32,116
32,118
32,119
32,120
32,121
32,122
32,123
32,124
32,125
32,126
32,127
32,128
32,129
32,130
32,131
32,132
32,133
32,135
32,136
32,137
32,138
32,140
32,142
32,143
32,144
32,146
32,147
32,148
32,149
32,150
32,151
32,152
32,154
32,156
32,157
32,158
32,159
32,160
32,161
32,162
32,164
32,165
32,166
32,167
32,169
32,172
32,173
32,175
32,176
32,179
32,180
32,181
32,184
32,185
32,186
32,188
32,190
32,191
32,192
32,193
33,34
33,35
33,36
33,37
33,38
33,39
33,40
33,41
33,42
33,43
33,44
33,45
33,46
33,47
33,48
33,49
33,50
33,51
33,52
33,53
33,54
33,55
33,56
33,57
33,58
33,59
33,60
33,61
34,35
34,36
34,37
34,38
34,39
34,40
34,41
34,42
34,43
34,44
34,45
34,46
34,47
34,48
34,49
34,50
34,51
34,52
34,53
34,54
34,55
34,56
34,57
34,58
34,59
34,60
34,61
34,62
34,68
34,69
34,79
34,80
34,86
34,90
34,91
34,92
34,93
34,97
34,100
34,103
34,104
34,107
34,110
34,111
34,112
34,114
34,117
34,120
34,122
34,123
34,126
34,136
34,141
34,142
34,149
34,150
34,152
34,156
34,159
34,160
34,162
34,166
34,167
34,168
34,169
34,170
34,172
34,179
34,185
34,192
34,193
34,197
35,36
35,37
35,38
35,39
35,40
35,41
35,42
35,43
35,44
35,45
35,46
35,47
35,48
35,49
35,50
35,51
35,52
35,53
35,54
35,55
35,56
35,57
35,58
35,59
35,60
35,61
36,37
36,38
36,39
36,40
36,41
36,42
36,43
36,44
36,45
36,46
36,47
36,48
36,49
36,50
36,51
36,52
36,53
36,54
36,55
36,56
36,57
36,58
36,59
36,60
36,61
36,74
36,75
36,76
36,77
36,79
36,81
36,82
36,90
36,92
36,93
36,96
36,100
36,101
36,106
36,107
36,108
36,109
36,110
36,111
36,113
36,115
36,117
36,118
36,121
36,122
36,123
36,124
36,126
36,127
36,129
36,130
36,131
36,132
36,134
36,135
36,137
36,139
36,143
36,144
36,145
36,147
36,149
36,150
36,152
36,155
36,158
36,159
36,161
36,165
36,173
36,174
36,175
36,177
36,178
36,181
36,182
36,183
36,184
36,185
36,186
36,188
37,38
37,39
37,40
37,41
37,42
37,43
37,44
37,45
37,46
37,47
37,48
37,49
37,50
37,51
37,52
37,53
37,54
37,55
37,56
37,57
37,58
37,59
37,60
37,61
37,73
37,74
37,75
37,76
37,77
37,78
37,79
37,80
37,81
37,82
37,83
37,84
37,85
37,86
37,87
37,88
37,90
37,91
37,92
37,93
37,95
37,96
37,97
37,98
37,99
37,100
37,101
37,102
37,103
37,104
37,105
37,106
37,107
37,108
37,109
37,110
37,111
37,112
37,113
37,114
37,115
37,117
37,118
37,119
37,120
37,121
37,122
37,123
37,124
37,125
37,126
37,127
37,128
38,39
38,40
38,41
38,42
38,43
38,44
38,45
38,46
38,47
38,48
38,49
38,50
38,51
38,52
38,53
38,54
38,55
38,56
38,57
38,58
38,59
38,60
38,61
38,69
38,70
38,71
38,72
38,73
38,75
38,77
38,78
38,79
38,81
38,82
38,83
38,84
38,85
38,86
38,87
38,88
38,89
38,90
38,91
38,92
38,93
38,94
38,95
38,97
38,98
38,99
38,100
38,101
38,102
38,103
38,104
38,105
38,106
38,107
38,108
38,109
38,110
38,111
38,112
38,113
38,114
38,115
38,116
38,117
38,119
38,120
38,121
38,122
38,123
38,124
38,125
38,126
38,127
38,128
38,129
38,130
38,131
38,132
38,133
38,134
38,137
38,138
38,139
38,141
38,142
38,143
38,144
38,145
38,146
38,147
38,149
38,150
38,151
38,152
38,155
38,156
38,158
38,159
38,160
38,162
38,163
38,164
38,165
38,166
38,167
38,168
38,169
38,170
38,171
38,174
38,175
38,176
38,178
38,180
38,181
38,182
38,183
38,184
38,185
38,186
39,40
39,41
39,42
39,43
39,44
39,45
39,46
39,47
39,48
39,49
39,50
39,51
39,52
39,53
39,54
39,55
39,56
39,57
39,58
39,59
39,60
39,61
39,69
39,70
39,71
39,72
39,73
39,74
39,75
39,76
39,77
39,78
39,79
39,80
39,81
39,82
39,83
39,84
39,85
39,86
39,87
39,88
39,89
39,90
39,91
39,92
39,93
39,94
39,95
39,96
39,98
39,99
39,100
39,101
39,102
39,104
39,105
39,106
39,107
39,108
39,109
39,110
39,111
39,112
39,113
39,114
39,115
39,116
39,117
39,118
39,119
39,120
39,121
39,122
39,123
39,125
39,126
39,127
39,128
39,129
39,131
39,132
39,133
39,134
39,135
39,136
39,137
39,138
39,139
39,140
39,141
39,142
39,143
39,144
39,145
39,146
39,147
39,148
39,149
39,150
39,151
39,152
39,153
39,154
39,156
39,158
39,159
39,160
39,162
39,163
39,164
39,165
39,166
39,167
39,168
39,169
40,41
40,42
40,43
40,44
40,45
40,46
40,47
40,48
40,49
40,50
40,51
40,52
40,53
40,54
40,55
40,56
40,57
40,58
40,59
40,60
40,61
41,42
41,43
41,44
41,45
41,46
41,47
41,48
41,49
41,50
41,51
41,52
41,53
41,54
41,55
41,56
41,57
41,58
41,59
41,60
41,61
41,83
41,84
41,85
41,86
41,88
41,89
41,90
41,91
41,92
41,93
41,94
41,95
41,98
41,99
41,100
41,101
41,102
41,103
41,104
41,105
41,106
41,107
41,108
41,109
41,115
41,116
41,117
41,118
41,120
41,121
41,122
41,123
41,124
42,43
42,44
42,45
42,46
42,47
42,48
42,49
42,50
42,51
42,52
42,53
42,54
42,55
42,56
42,57
42,58
42,59
42,60
42,61
42,76
42,77
42,78
42,79
42,80
42,82
42,83
42,84
42,85
42,86
42,87
42,88
42,89
42,90
42,91
42,92
42,93
42,94
42,95
42,96
42,97
42,98
42,99
42,100
42,101
42,102
42,105
42,106
42,107
42,108
42,109
42,110
42,111
42,112
42,113
42,115
42,117
42,118
43,44
43,45
43,46
43,47
43,48
43,49
43,50
43,51
43,52
43,53
43,54
43,55
43,56
43,57
43,58
43,59
43,60
43,61
43,69
43,70
43,71
43,72
43,74
44,45
44,46
44,47
44,48
44,49
44,50
44,51
44,52
44,53
44,54
44,55
44,56
44,57
44,58
44,59
44,60
44,61
44,74
44,75
44,76
44,77
44,78
44,79
44,80
44,81
44,82
45,46
45,47
45,48
45,49
45,50
45,51
45,52
45,53
45,54
45,55
45,56
45,57
45,58
45,59
45,60
45,61
45,62
45,66
45,68
45,69
45,72
45,73
45,74
45,75
45,77
45,78
45,79
45,80
45,81
45,82
45,83
45,84
45,85
45,86
45,87
45,88
45,89
45,90
45,91
45,92
45,93
45,94
45,95
45,96
45,97
45,98
45,99
45,100
45,101
45,102
45,103
45,104
45,105
45,106
45,107
45,108
45,109
45,110
45,111
45,112
45,113
45,114
45,115
45,116
45,117
45,118
45,120
45,121
45,122
45,123
45,124
45,126
45,136
45,141
45,142
45,149
45,150
45,152
45,156
45,159
45,160
45,162
45,166
45,167
45,168
45,169
45,170
45,172
45,179
45,185
45,192
45,193
45,197
46,47
46,48
46,49
46,50
46,51
46,52
46,53
46,54
46,55
46,56
46,57
46,58
46,59
46,60
46,61
46,62
46,68
46,69
46,75
46,76
46,77
46,78
46,79
46,80
46,81
46,82
46,83
46,84
46,85
46,86
46,87
46,88
46,90
46,91
46,92
46,93
46,94
46,95
46,96
46,97
46,98
46,99
46,100
46,101
46,102
46,103
46,104
46,105
46,106
46,107
46,108
46,109
46,110
46,111
46,112
46,114
46,115
46,116
46,117
46,118
46,120
46,122
46,123
46,124
46,125
46,126
46,128
46,129
46,130
46,131
46,132
46,134
46,135
46,136
46,137
46,139
46,140
46,141
46,142
46,143
46,145
46,146
46,147
46,149
46,150
46,152
46,156
46,159
46,160
46,162
46,166
46,167
46,168
46,169
46,170
46,172
46,179
46,185
46,192
46,193
46,197
47,48
47,49
47,50
47,51
47,52
47,53
47,54
47,55
47,56
47,57
47,58
47,59
47,60
47,61
47,74
47,75
47,77
47,78
47,79
47,80
47,81
47,82
47,83
47,84
47,85
47,86
47,87
47,88
48,49
48,50
48,51
48,52
48,53
48,54
48,55
48,56
48,57
48,58
48,59
48,60
48,61
48,70
48,72
48,73
48,74
48,75
48,76
48,77
48,78
48,79
48,80
49,50
49,51
49,52
49,53
49,54
49,55
49,56
49,57
49,58
49,59
49,60
49,61
49,69
49,70
49,71
49,72
49,73
49,74
49,75
49,76
50,51
50,52
50,53
50,54
50,55
50,56
50,57
50,58
50,59
50,60
50,61
50,71
50,72
50,73
50,74
50,75
50,76
50,77
50,78
50,80
50,82
50,83
50,84
50,85
50,87
50,88
50,90
50,92
50,93
50,94
50,96
50,97
50,98
50,99
50,101
50,103
50,104
50,105
50,107
50,110
50,112
50,115
50,116
50,117
50,118
50,119
50,123
50,124
50,125
50,126
50,129
50,131
50,132
50,133
51,52
51,53
51,54
51,55
51,56
51,57
51,58
51,59
51,60
51,61
52,53
52,54
52,55
52,56
52,57
52,58
52,59
52,60
52,61
52,76
52,77
52,79
52,80
52,83
52,84
52,85
52,87
52,88
52,90
52,91
52,92
52,93
52,94
52,95
52,96
52,97
52,98
52,99
52,100
52,102
52,105
52,106
52,107
52,108
52,109
52,110
52,112
52,113
52,114
52,116
52,117
52,119
52,120
52,121
52,122
53,54
53,55
53,56
53,57
53,58
53,59
53,60
53,61
53,76
53,79
53,80
53,81
53,82
53,83
53,84
53,85
53,86
53,87
53,88
54,55
54,56
54,57
54,58
54,59
54,60
54,61
54,62
54,68
54,69
54,76
54,77
54,78
54,79
54,80
54,82
54,83
54,84
54,85
54,86
54,87
54,88
54,89
54,90
54,91
54,92
54,93
54,94
54,95
54,96
54,97
54,98
54,99
54,100
54,102
54,103
54,104
54,105
54,106
54,107
54,108
54,110
54,111
54,112
54,114
54,117
54,120
54,122
54,123
54,126
54,136
54,141
54,142
54,149
54,150
54,152
54,156
54,159
54,160
54,162
54,166
54,167
54,168
54,169
54,170
54,172
54,179
54,185
54,192
54,193
54,197
55,56
55,57
55,58
55,59
55,60
55,61
55,68
55,69
55,70
55,71
55,72
55,73
55,75
55,76
55,77
55,78
55,79
55,80
55,81
55,82
55,83
55,84
55,85
55,86
55,87
55,88
55,89
55,90
55,91
55,92
55,93
55,94
55,95
55,96
55,97
55,98
55,99
55,100
55,103
55,105
55,106
55,107
55,108
55,109
55,110
55,112
55,113
55,114
55,115
55,116
55,117
55,118
55,119
55,121
55,122
55,123
55,124
55,125
55,126
55,130
55,131
55,132
55,133
55,134
55,135
55,138
55,139
55,140
55,141
55,142
55,144
55,148
55,149
55,151
55,154
55,155
55,168
55,169
55,170
55,171
55,173
55,178
55,179
55,180
55,181
55,185
55,187
55,188
55,189
56,57
56,58
56,59
56,60
56,61
56,62
56,68
56,69
56,79
56,80
56,86
56,90
56,91
56,92
56,93
56,97
56,100
56,103
56,104
56,107
56,110
56,111
56,112
56,114
56,117
56,120
56,122
56,123
56,126
56,136
56,141
56,142
56,149
56,150
56,152
56,156
56,159
56,160
56,162
56,166
56,167
56,168
56,169
56,170
56,172
56,179
56,185
56,192
56,193
56,197
57,58
57,59
57,60
57,61
57,62
57,68
57,69
57,79
57,80
57,86
57,90
57,91
57,92
57,93
57,95
57,96
57,97
57,99
57,100
57,101
57,102
57,103
57,104
57,105
57,106
57,107
57,110
57,111
57,112
57,114
57,117
57,120
57,122
57,123
57,126
57,136
57,141
57,142
57,149
57,150
57,152
57,156
57,159
57,160
57,162
57,166
57,167
57,168
57,169
57,170
57,172
57,179
57,185
57,192
57,193
57,197
58,59
58,60
58,61
58,62
58,68
58,69
58,72
58,73
58,74
58,75
58,76
58,77
58,78
58,79
58,80
58,81
58,82
58,83
58,85
58,86
58,90
58,91
58,92
58,93
58,95
58,96
58,97
58,98
58,99
58,100
58,101
58,102
58,103
58,104
58,105
58,106
58,107
58,108
58,109
58,110
58,111
58,112
58,113
58,114
58,116
58,117
58,119
58,120
58,121
58,122
58,123
58,125
58,126
58,129
58,131
58,132
58,136
58,141
58,142
58,149
58,150
58,152
58,156
58,159
58,160
58,162
58,166
58,167
58,168
58,169
58,170
58,172
58,179
58,185
58,192
58,193
58,197
59,60
59,61
59,62
59,68
59,69
59,78
59,79
59,80
59,82
59,83
59,84
59,85
59,86
59,90
59,91
59,92
59,93
59,97
59,100
59,103
59,104
59,107
59,110
59,111
59,112
59,114
59,117
59,120
59,122
59,123
59,126
59,136
59,141
59,142
59,149
59,150
59,152
59,156
59,159
59,160
59,162
59,166
59,167
59,168
59,169
59,170
59,172
59,179
59,185
59,192
59,193
59,197
60,61
61,68
61,69
61,70
61,71
61,72
61,73
61,74
61,75
61,76
61,77
61,78
61,79
61,82
61,83
61,84
61,85
61,86
61,87
61,88
61,89
61,91
61,92
61,93
61,94
61,95
61,96
61,99
61,100
61,101
61,102
61,103
61,104
61,105
61,106
61,108
61,109
61,110
61,112
61,113
61,114
61,115
61,116
61,117
61,118
61,119
61,120
61,122
61,123
61,124
61,125
61,126
61,129
61,130
61,131
61,132
61,133
61,135
61,136
61,138
61,139
61,140
61,143
61,145
61,147
61,148
61,149
61,151
61,152
61,155
61,160
61,161
61,165
61,168
61,170
61,173
61,174
61,177
61,178
61,179
61,180
61,182
61,184
61,185
61,187
61,188
61,189
61,191
61,192
61,193
61,194
61,199
62,67
62,68
62,69
62,70
62,71
62,72
62,73
62,75
62,76
62,77
62,79
62,80
62,82
62,83
62,84
62,86
62,90
62,91
62,92
62,93
62,97
62,100
62,103
62,104
62,107
62,110
62,111
62,112
62,114
62,117
62,120
62,122
62,123
62,126
62,136
62,141
62,142
62,149
62,150
62,152
62,156
62,159
62,160
62,162
62,166
62,167
62,168
62,169
62,170
62,172
62,179
62,185
62,192
62,193
62,197
63,67
63,68
63,69
63,70
63,71
63,72
63,73
63,74
63,76
63,77
63,78
63,79
63,80
63,81
63,82
63,83
63,84
63,85
63,87
63,88
63,89
63,90
63,91
63,92
63,93
63,94
63,96
63,98
63,99
63,100
63,101
63,102
63,103
63,104
64,69
64,70
64,71
64,72
64,73
64,74
64,75
64,76
64,77
64,78
64,79
64,80
65,68
65,69
65,70
65,71
65,72
65,73
65,74
65,75
65,76
65,77
65,78
65,79
65,80
65,81
65,82
65,83
65,84
65,85
65,86
65,87
65,88
65,89
65,90
65,91
65,92
65,93
65,94
65,95
65,96
65,97
65,98
65,99
65,100
65,103
65,104
65,105
65,106
66,67
66,68
66,69
66,70
66,71
66,72
66,73
66,74
66,75
66,76
66,77
67,68
67,69
67,71
67,72
67,73
67,74
67,75
67,76
67,77
67,78
67,79
67,81
67,83
67,84
67,85
67,86
67,87
67,88
67,89
67,90
67,91
67,92
67,93
67,94
67,95
67,97
67,98
67,99
67,100
67,101
67,102
67,103
67,104
67,105
67,106
67,107
67,110
67,111
67,112
67,113
67,114
67,115
67,117
67,118
67,119
67,120
67,121
67,122
67,123
67,125
67,126
67,127
67,128
67,131
67,134
67,136
67,137
67,138
67,139
67,140
67,141
67,142
67,143
67,144
67,146
67,147
67,149
67,151
67,152
67,154
67,155
67,156
67,159
67,161
67,162
67,164
67,165
67,166
67,169
67,170
67,175
67,178
67,179
67,180
67,181
67,184
67,187
67,189
67,191
67,192
67,194
67,197
67,199
68,69
68,79
68,80
68,86
68,90
68,91
68,92
68,93
68,97
68,100
68,103
68,104
68,107
68,110
68,111
68,112
68,114
68,117
68,120
68,122
68,123
68,126
68,136
68,141
68,142
68,149
68,150
68,152
68,156
68,159
68,160
68,162
68,166
68,167
68,168
68,169
68,170
68,172
68,179
68,185
68,192
68,193
68,197
69,70
69,71
69,72
69,73
69,74
69,75
69,76
69,78
69,79
69,80
69,82
69,83
69,84
69,85
69,86
69,87
69,90
69,91
69,92
69,93
69,94
69,95
69,96
69,97
69,98
69,99
69,100
69,101
69,102
69,103
69,104
69,106
69,107
69,108
69,109
69,110
69,111
69,112
69,114
69,115
69,117
69,118
69,119
69,120
69,121
69,122
69,123
69,125
69,126
69,127
69,129
69,131
69,133
69,134
69,135
69,136
69,137
69,139
69,141
69,142
69,144
69,145
69,147
69,148
69,149
69,150
69,151
69,152
69,153
69,154
69,155
69,156
69,157
69,158
69,159
69,160
69,161
69,162
69,163
69,166
69,167
69,168
69,169
69,170
69,172
69,179
69,185
69,192
69,193
69,197
70,71
70,72
70,73
70,74
70,75
70,76
70,77
70,78
70,79
70,82
70,83
70,84
70,85
70,88
70,89
70,91
70,92
70,93
70,94
70,95
70,96
70,98
70,99
70,100
70,101
70,102
70,103
70,104
70,105
70,106
70,107
70,108
70,109
70,110
70,111
70,113
70,114
70,116
70,117
70,118
70,119
70,120
70,121
70,123
70,124
70,125
70,126
70,128
70,129
70,130
70,131
70,132
70,133
70,134
70,135
70,136
70,137
70,138
70,139
70,140
70,141
70,142
70,143
70,144
70,145
70,146
70,147
70,148
70,149
70,152
70,153
70,154
70,155
70,156
70,157
70,158
70,159
70,160
70,161
70,163
70,164
70,166
70,167
70,169
70,171
70,172
70,173
70,174
70,175
70,177
70,178
71,73
71,74
71,75
71,76
71,77
71,78
71,80
71,81
71,82
71,83
71,84
71,85
71,86
71,87
71,88
71,89
71,90
71,91
71,92
71,93
71,94
71,96
71,97
71,98
71,99
71,100
71,101
71,102
71,104
71,105
71,106
71,108
71,109
71,110
71,111
71,112
71,113
72,73
72,74
72,75
72,76
72,77
72,78
72,79
72,80
72,82
72,83
72,84
72,86
72,87
72,88
72,90
72,92
72,93
72,94
72,95
72,96
72,97
72,98
72,100
72,101
72,102
72,103
72,104
72,105
72,106
72,107
72,108
72,109
72,110
72,111
72,112
72,113
72,114
72,115
72,116
72,117
72,118
72,120
72,121
72,122
72,123
72,124
72,125
72,126
72,127
72,128
72,129
72,130
72,131
72,132
72,133
72,134
72,135
72,137
72,138
72,139
72,140
72,141
72,142
72,143
72,144
72,145
72,146
72,148
72,149
72,151
72,152
72,155
72,156
72,157
72,158
72,159
72,160
72,162
72,163
72,164
72,165
72,166
72,167
72,168
72,169
72,170
72,171
72,172
72,175
72,176
72,177
72,180
72,181
72,183
72,184
72,187
72,188
72,189
72,191
72,192
72,193
72,194
72,197
72,199
73,74
73,75
73,76
73,77
73,78
73,79
73,81
73,82
73,83
73,84
73,85
73,86
73,87
73,88
73,90
73,91
73,92
73,93
73,94
74,75
74,76
74,78
74,79
74,80
74,81
74,82
74,83
74,84
74,85
74,86
74,87
74,88
74,89
74,91
74,92
74,93
74,94
74,95
74,96
74,97
74,98
74,100
74,101
74,102
74,103
74,104
74,105
74,106
74,107
74,108
74,109
74,110
74,111
74,113
74,114
74,115
74,116
74,117
74,118
74,119
74,120
74,122
74,123
74,127
75,76
75,77
75,78
75,79
75,80
75,81
75,82
75,83
75,84
75,85
75,87
75,88
75,90
76,77
76,78
76,79
76,80
76,81
76,82
76,83
76,84
76,85
76,86
76,87
76,88
76,89
76,91
76,93
76,95
76,96
76,97
76,98
76,99
76,100
76,101
76,103
76,104
76,105
76,107
76,108
76,109
76,110
76,111
76,112
76,114
76,115
76,116
76,117
76,118
76,120
76,121
76,122
76,123
76,124
76,126
76,127
76,128
76,129
76,130
76,131
76,133
76,135
76,136
76,137
77,78
77,80
77,82
77,83
77,85
77,86
77,87
77,88
77,89
77,91
77,92
77,94
77,95
77,96
77,97
77,98
77,99
77,101
77,102
77,103
77,104
77,105
77,106
77,107
77,109
77,111
77,112
77,113
77,114
77,115
77,116
77,117
77,118
77,119
77,120
77,121
77,122
77,123
77,124
77,125
77,126
77,127
77,128
77,129
77,130
77,131
77,132
77,133
77,134
77,135
77,136
77,137
77,138
77,140
77,141
77,142
77,143
77,144
77,145
77,146
77,147
77,148
77,152
77,153
77,155
77,157
77,158
78,79
78,80
78,83
78,84
78,86
79,80
79,81
79,82
79,83
79,84
79,85
79,86
79,87
79,88
79,90
79,91
79,92
79,93
79,96
79,97
79,98
79,99
79,100
79,101
79,102
79,103
79,104
79,106
79,107
79,108
79,109
79,110
79,111
79,112
79,114
79,115
79,116
79,117
79,118
79,119
79,120
79,121
79,122
79,123
79,124
79,125
79,126
79,127
79,128
79,129
79,130
79,131
79,133
79,134
79,135
79,136
79,137
79,138
79,139
79,140
79,141
79,142
79,149
79,150
79,152
79,156
79,159
79,160
79,162
79,166
79,167
79,168
79,169
79,170
79,172
79,179
79,185
79,192
79,193
79,197
80,81
80,82
80,83
80,84
80,85
80,86
80,87
80,88
80,89
80,90
80,91
80,92
80,93
80,94
80,96
80,97
80,98
80,99
80,100
80,101
80,102
80,103
80,104
80,105
80,107
80,110
80,111
80,112
80,114
80,117
80,120
80,122
80,123
80,126
80,136
80,141
80,142
80,149
80,150
80,152
80,156
80,159
80,160
80,162
80,166
80,167
80,168
80,169
80,170
80,172
80,179
80,185
80,192
80,193
80,197
81,82
81,83
81,84
81,85
81,87
81,88
81,89
81,90
81,91
81,92
81,93
81,94
81,95
81,96
81,97
81,98
81,99
81,100
81,101
81,102
81,103
81,105
81,106
81,107
81,108
81,109
81,110
81,111
81,112
81,113
81,114
81,115
81,116
81,117
81,118
81,119
81,120
81,122
81,123
81,124
81,125
81,127
81,128
81,129
81,130
81,131
81,132
81,133
81,134
81,135
81,136
81,137
81,138
81,139
82,83
82,84
82,85
82,86
82,87
82,88
82,89
82,90
82,91
82,92
82,93
82,94
82,95
82,96
82,97
82,98
82,99
82,100
82,101
82,102
82,103
82,105
82,106
82,108
82,109
82,110
82,112
82,113
82,114
82,115
82,116
82,117
82,118
82,119
82,120
82,121
82,123
82,124
82,125
82,126
82,127
82,129
82,130
82,131
82,132
82,133
82,134
82,136
82,137
82,138
82,139
82,140
82,142
82,144
82,145
82,146
82,147
82,148
82,149
82,150
82,153
82,154
82,155
82,156
82,157
82,158
82,159
82,160
82,161
82,162
82,164
82,166
82,169
82,170
82,171
82,174
82,175
82,176
82,179
82,184
83,85
83,86
83,87
83,88
83,89
83,90
83,91
83,92
83,93
83,94
83,95
83,96
83,98
83,99
83,100
83,102
83,103
83,104
83,105
83,106
83,107
83,108
83,109
83,110
83,112
83,113
83,114
83,116
83,117
83,118
83,119
83,120
83,122
83,123
83,124
83,125
83,126
83,127
83,128
83,129
83,130
83,132
83,134
83,135
84,85
84,86
84,87
84,88
84,89
84,90
84,91
84,92
84,93
84,94
84,95
84,96
84,97
84,98
84,99
84,100
84,101
84,102
84,103
84,104
84,105
84,106
84,107
84,108
84,109
84,110
84,111
84,112
85,86
85,87
85,88
85,89
85,90
85,91
85,92
85,93
85,94
85,95
85,97
85,98
85,99
85,100
85,101
86,90
86,91
86,92
86,93
86,97
86,100
86,103
86,104
86,107
86,110
86,111
86,112
86,114
86,117
86,120
86,122
86,123
86,126
86,136
86,141
86,142
86,149
86,150
86,152
86,156
86,159
86,160
86,162
86,166
86,167
86,168
86,169
86,170
86,172
86,179
86,185
86,192
86,193
86,197
87,88
87,89
87,90
87,91
87,92
87,93
87,94
87,95
87,96
87,97
87,99
87,100
87,101
87,102
87,103
87,104
87,105
87,106
87,107
87,108
87,109
87,110
87,111
87,112
87,114
87,115
87,116
87,117
87,118
87,119
87,121
87,125
87,126
87,127
87,128
87,129
87,130
87,131
87,132
87,133
87,134
87,136
87,137
87,138
87,139
87,140
87,141
87,142
87,143
87,144
87,145
87,146
87,147
87,148
87,152
87,154
87,155
87,156
87,159
87,160
87,161
87,162
87,163
87,164
87,167
87,170
87,171
87,172
87,174
87,175
87,177
87,178
87,179
87,183
87,184
87,187
87,188
87,196
87,198
87,199
88,89
88,90
88,91
88,92
88,93
88,94
88,95
88,96
88,97
88,98
88,99
88,101
88,102
88,103
88,104
88,106
88,107
88,108
88,109
88,110
88,112
88,115
88,117
88,118
88,119
88,120
88,121
88,122
88,123
88,124
88,125
88,126
88,127
88,128
88,129
88,131
88,132
88,133
88,134
88,135
88,136
88,137
88,139
88,140
88,141
88,142
88,143
88,144
88,145
88,146
88,147
88,148
88,149
88,150
88,151
88,152
88,153
88,154
88,155
88,156
88,157
88,158
88,159
88,161
88,162
88,163
88,164
89,92
89,93
89,94
89,95
89,96
89,97
89,98
89,99
89,100
89,102
89,103
89,104
89,105
89,106
89,107
89,108
89,109
89,110
89,111
89,112
89,114
89,115
89,116
89,117
89,118
89,119
89,120
89,121
89,123
89,124
89,126
89,127
89,128
89,129
90,91
90,92
90,93
90,94
90,95
90,96
90,97
90,100
90,101
90,102
90,103
90,104
90,105
90,106
90,107
90,108
90,109
90,110
90,111
90,112
90,114
90,115
90,116
90,117
90,118
90,119
90,120
90,121
90,122
90,123
90,124
90,126
90,127
90,128
90,129
90,130
90,136
90,141
90,142
90,149
90,150
90,152
90,156
90,159
90,160
90,162
90,166
90,167
90,168
90,169
90,170
90,172
90,179
90,185
90,192
90,193
90,197
91,92
91,93
91,94
91,95
91,96
91,97
91,98
91,99
91,100
91,101
91,102
91,103
91,104
91,105
91,106
91,107
91,108
91,109
91,110
91,111
91,112
91,113
91,114
91,115
91,116
91,117
91,118
91,119
91,120
91,121
91,122
91,123
91,125
91,126
91,127
91,128
91,129
91,130
91,131
91,132
91,133
91,134
91,135
91,136
91,137
91,138
91,139
91,140
91,141
91,142
91,143
91,144
91,145
91,147
91,149
91,150
91,152
91,153
91,154
91,155
91,156
91,157
91,158
91,159
91,160
91,161
91,162
91,164
91,165
91,166
91,167
91,168
91,169
91,170
91,171
91,172
91,173
91,174
91,175
91,176
91,177
91,178
91,179
91,180
91,183
91,185
91,188
91,189
91,191
91,192
91,193
91,196
91,197
91,198
91,199
92,93
92,94
92,95
92,96
92,97
92,98
92,99
92,100
92,101
92,102
92,103
92,104
92,105
92,106
92,107
92,108
92,109
92,110
92,111
92,112
92,113
92,114
92,115
92,116
92,117
92,120
92,122
92,123
92,126
92,136
92,141
92,142
92,149
92,150
92,152
92,156
92,159
92,160
92,162
92,166
92,167
92,168
92,169
92,170
92,172
92,179
92,185
92,192
92,193
92,197
93,94
93,95
93,97
93,98
93,99
93,100
93,101
93,102
93,103
93,104
93,105
93,106
93,107
93,108
93,110
93,111
93,112
93,114
93,117
93,120
93,122
93,123
93,126
93,136
93,141
93,142
93,149
93,150
93,152
93,156
93,159
93,160
93,162
93,166
93,167
93,168
93,169
93,170
93,172
93,179
93,185
93,192
93,193
93,197
94,95
94,96
94,97
94,98
94,99
94,100
95,96
95,97
95,98
95,99
95,100
95,101
95,102
95,103
95,104
95,105
95,106
95,107
95,108
95,109
96,97
96,98
96,99
96,100
97,98
97,100
97,101
97,102
97,103
97,104
97,105
97,106
97,107
97,108
97,110
97,111
97,112
97,114
97,117
97,120
97,122
97,123
97,126
97,136
97,141
97,142
97,149
97,150
97,152
97,156
97,159
97,160
97,162
97,166
97,167
97,168
97,169
97,170
97,172
97,179
97,185
97,192
97,193
97,197
99,101
99,102
99,103
99,104
99,105
99,106
99,107
99,108
99,109
99,112
99,114
99,115
99,116
99,117
99,118
99,119
99,120
99,121
99,123
99,124
99,128
99,129
99,131
99,132
99,133
99,134
99,137
99,138
99,140
99,144
99,146
99,147
99,148
99,151
99,153
99,157
99,158
99,161
99,162
99,163
99,164
99,168
99,170
99,171
99,172
99,173
99,174
99,175
99,176
99,177
99,179
99,180
99,181
99,182
99,183
99,184
99,189
99,190
99,194
99,198
99,199
100,101
100,102
100,103
100,104
100,105
100,106
100,107
100,108
100,109
100,110
100,111
100,112
100,113
100,114
100,115
100,116
100,117
100,118
100,119
100,120
100,121
100,122
100,123
100,124
100,126
100,127
100,128
100,129
100,130
100,131
100,132
100,133
100,134
100,136
100,137
100,138
100,139
100,141
100,142
100,145
100,146
100,149
100,150
100,152
100,156
100,159
100,160
100,162
100,166
100,167
100,168
100,169
100,170
100,172
100,179
100,185
100,192
100,193
100,197
101,102
101,103
101,104
101,105
101,106
101,107
101,108
101,109
101,112
101,113
101,114
101,115
101,116
101,117
101,118
101,119
101,120
101,121
101,123
101,124
101,125
101,127
101,128
101,129
101,130
101,131
101,133
101,134
101,135
101,137
101,138
101,139
101,140
102,103
102,104
102,105
102,106
102,107
102,108
102,109
102,112
102,113
102,114
102,115
102,116
102,117
102,118
102,119
103,104
103,105
103,106
103,107
103,108
103,110
103,111
103,112
103,114
103,115
103,116
103,117
103,118
103,119
103,120
103,121
103,122
103,123
103,124
103,125
103,126
103,127
103,128
103,129
103,130
103,131
103,132
103,133
103,134
103,136
103,137
103,139
103,140
103,141
103,142
103,143
103,144
103,145
103,146
103,147
103,148
103,149
103,150
103,151
103,152
103,154
103,155
103,156
103,157
103,158
103,159
103,160
103,161
103,162
103,163
103,164
103,165
103,166
103,167
103,168
103,169
103,170
103,171
103,172
103,173
103,174
103,176
103,179
103,181
103,183
103,184
103,185
103,187
103,188
103,189
103,190
103,191
103,192
103,193
103,196
103,197
103,199
104,105
104,106
104,107
104,109
104,110
104,111
104,112
104,113
104,114
104,115
104,116
104,117
104,120
104,122
104,123
104,126
104,136
104,141
104,142
104,149
104,150
104,152
104,156
104,159
104,160
104,162
104,166
104,167
104,168
104,169
104,170
104,172
104,179
104,185
104,192
104,193
104,197
105,108
105,109
105,110
105,111
105,112
105,113
105,114
105,115
105,116
105,118
105,119
105,120
105,121
105,122
105,123
105,125
105,126
105,127
105,128
105,129
105,130
105,131
105,132
105,133
105,134
105,135
105,138
105,140
105,141
105,142
105,143
105,144
105,145
105,146
105,147
105,150
105,151
105,153
105,154
105,155
106,107
106,108
106,109
106,110
106,111
106,112
106,113
106,114
106,115
106,116
106,117
106,118
106,119
106,121
106,122
106,123
106,124
106,125
106,126
106,129
106,130
106,131
106,132
106,133
106,134
106,135
106,137
106,138
106,141
106,142
106,143
106,144
106,145
106,146
106,147
106,148
106,151
106,152
106,153
106,154
106,155
106,157
106,158
107,110
107,111
107,112
107,113
107,114
107,115
107,116
107,117
107,118
107,120
107,122
107,123
107,124
107,125
107,126
107,127
107,128
107,129
107,130
107,131
107,133
107,134
107,135
107,136
107,137
107,138
107,139
107,140
107,141
107,142
107,143
107,144
107,145
107,146
107,147
107,148
107,149
107,150
107,151
107,152
107,153
107,154
107,155
107,156
107,158
107,159
107,160
107,162
107,163
107,164
107,165
107,166
107,167
107,168
107,169
107,170
107,171
107,172
107,173
107,174
107,175
107,176
107,177
107,179
107,181
107,185
107,192
107,193
107,197
108,109
108,110
108,111
108,112
108,113
108,114
108,115
108,116
108,117
108,118
108,121
108,123
108,124
108,125
108,126
108,128
108,129
108,130
108,131
108,132
108,133
108,134
108,135
108,136
108,137
108,138
108,139
108,140
108,141
108,142
108,143
108,144
108,145
108,146
108,147
108,148
108,149
108,150
108,151
108,152
108,153
108,154
108,155
108,158
108,159
108,160
108,162
108,163
108,164
108,165
108,166
108,168
108,169
108,171
108,172
108,173
108,174
108,175
108,176
108,177
108,178
108,180
108,181
108,182
108,183
108,184
108,186
108,187
108,188
108,189
108,190
108,191
108,192
108,194
108,196
108,198
109,110
109,111
109,112
109,114
109,115
109,116
109,117
109,118
109,120
109,121
109,122
109,123
109,124
109,125
109,126
109,127
109,128
109,129
109,130
109,131
109,132
109,133
109,134
109,135
109,136
109,137
109,138
109,139
109,140
109,141
109,142
109,145
109,146
109,148
109,149
109,151
109,152
109,153
109,154
109,155
109,156
109,157
109,158
109,159
109,160
109,161
109,162
109,163
109,164
109,165
109,166
109,168
109,169
109,170
109,171
109,173
109,175
109,176
109,177
109,178
109,179
109,180
109,181
109,182
109,183
109,184
109,186
109,187
109,188
109,189
109,191
109,192
109,194
109,195
109,196
109,198
109,199
110,111
110,112
110,113
110,114
110,115
110,116
110,117
110,118
110,120
110,121
110,122
110,123
110,124
110,126
110,127
110,128
110,129
110,130
110,131
110,133
110,134
110,135
110,136
110,138
110,139
110,140
110,141
110,142
110,143
110,144
110,149
110,150
110,152
110,156
110,159
110,160
110,162
110,166
110,167
110,168
110,169
110,170
110,172
110,179
110,185
110,192
110,193
110,197
111,112
111,113
111,114
111,115
111,117
111,118
111,119
111,120
111,121
111,122
111,123
111,126
111,136
111,141
111,142
111,149
111,150
111,152
111,156
111,159
111,160
111,162
111,166
111,167
111,168
111,169
111,170
111,172
111,179
111,185
111,192
111,193
111,197
112,113
112,114
112,115
112,116
112,117
112,118
112,119
112,120
112,121
112,122
112,123
112,126
112,127
112,128
112,129
112,131
112,132
112,134
112,135
112,136
112,137
112,138
112,139
112,140
112,141
112,142
112,143
112,149
112,150
112,152
112,156
112,159
112,160
112,162
112,166
112,167
112,168
112,169
112,170
112,172
112,179
112,185
112,192
112,193
112,197
113,115
113,116
113,117
113,118
113,119
113,120
113,121
113,123
113,125
113,126
113,127
113,128
113,129
113,132
113,133
113,134
113,135
113,136
114,115
114,116
114,117
114,118
114,119
114,120
114,121
114,122
114,123
114,125
114,126
114,127
114,128
114,129
114,130
114,131
114,132
114,133
114,134
114,135
114,136
114,137
114,138
114,139
114,140
114,141
114,142
114,143
114,144
114,145
114,146
114,147
114,149
114,150
114,151
114,152
114,153
114,154
114,156
114,158
114,159
114,160
114,162
114,163
114,164
114,166
114,167
114,168
114,169
114,170
114,172
114,179
114,185
114,192
114,193
114,197
115,116
115,117
115,118
115,119
115,121
116,117
116,118
116,119
116,120
116,121
116,122
116,123
116,124
116,125
116,127
116,129
116,130
116,131
116,132
116,133
116,134
116,136
116,137
116,139
116,140
116,141
116,142
116,143
116,144
116,145
116,146
116,147
116,149
117,118
117,119
117,120
117,122
117,123
117,124
117,125
117,126
117,127
117,129
117,130
117,131
117,132
117,133
117,134
117,135
117,136
117,138
117,141
117,142
117,149
117,150
117,152
117,156
117,159
117,160
117,162
117,166
117,167
117,168
117,169
117,170
117,172
117,179
117,185
117,192
117,193
117,197
118,119
118,120
118,121
118,124
118,125
118,127
118,128
118,129
118,130
118,131
118,132
118,133
118,134
118,135
118,136
118,138
118,139
118,140
118,141
118,142
118,143
118,144
118,145
118,146
118,147
118,148
118,149
118,151
118,152
118,153
118,159
118,161
118,164
118,165
118,167
118,168
118,169
118,171
118,172
118,174
118,175
118,176
118,178
118,179
118,180
118,181
118,182
118,183
118,186
118,188
118,191
118,192
118,193
118,194
118,195
118,199
119,120
119,121
119,122
119,123
119,124
119,125
119,126
119,127
119,128
119,129
119,130
119,131
119,132
119,133
119,134
119,135
119,136
119,137
119,138
119,139
119,140
119,141
119,142
119,143
119,144
119,145
119,146
119,147
119,148
119,149
119,151
119,152
119,153
119,154
119,155
119,156
119,157
119,158
119,159
119,160
119,161
119,162
119,163
119,164
119,165
119,167
119,168
119,169
119,170
119,171
119,172
119,174
119,175
119,176
119,177
119,178
119,179
119,180
119,181
119,182
119,183
119,184
119,186
119,187
119,189
119,190
119,191
119,192
119,193
119,194
119,195
119,196
119,197
119,198
119,199
120,121
120,122
120,123
120,124
120,125
120,126
120,136
120,141
120,142
120,149
120,150
120,152
120,156
120,159
120,160
120,162
120,166
120,167
120,168
120,169
120,170
120,172
120,179
120,185
120,192
120,193
120,197
121,122
121,123
121,124
121,125
121,126
121,127
121,128
121,129
121,130
121,131
121,132
121,133
121,135
121,136
121,137
121,138
121,139
121,140
121,141
121,142
121,144
121,145
121,147
121,148
121,149
121,151
121,152
121,153
122,123
122,124
122,126
122,127
122,128
122,129
122,130
122,131
122,132
122,133
122,134
122,135
122,136
122,137
122,138
122,139
122,140
122,141
122,142
122,143
122,144
122,145
122,146
122,147
122,148
122,149
122,150
122,151
122,152
122,153
122,154
122,155
122,156
122,157
122,158
122,159
122,160
122,161
122,162
122,164
122,166
122,167
122,168
122,169
122,170
122,172
122,174
122,176
122,177
122,178
122,179
122,180
122,181
122,182
122,184
122,185
122,186
122,188
122,190
122,192
122,193
122,195
122,196
122,197
122,198
122,199
123,124
123,125
123,126
123,127
123,128
123,129
123,130
123,131
123,132
123,133
123,134
123,135
123,136
123,137
123,138
123,139
123,140
123,141
123,142
123,143
123,144
123,145
123,146
123,147
123,148
123,149
123,150
123,151
123,152
123,153
123,154
123,156
123,157
123,158
123,159
123,160
123,161
123,162
123,163
123,164
123,165
123,166
123,167
123,168
123,169
123,170
123,171
123,172
123,173
123,174
123,175
123,176
123,177
123,178
123,179
123,180
123,181
123,182
123,183
123,184
123,185
123,187
123,188
123,189
123,190
123,191
123,192
123,193
123,195
123,196
123,197
123,198
123,199
124,125
124,126
124,128
124,129
124,130
124,131
124,132
124,133
124,134
124,135
124,136
124,137
124,138
124,139
124,140
124,141
124,142
124,143
124,144
124,145
124,146
124,147
124,148
124,149
124,150
124,151
124,152
124,153
124,154
124,155
124,156
124,157
124,158
124,159
125,126
125,127
125,129
125,130
125,131
125,132
125,133
125,134
125,135
125,136
125,137
125,138
125,139
125,140
125,141
125,142
125,143
125,144
125,145
125,146
125,147
125,148
125,149
125,150
125,151
125,152
125,153
125,154
125,155
125,156
125,157
125,159
125,160
125,161
125,162
125,163
125,164
125,165
125,166
125,167
125,170
125,171
125,172
125,174
125,175
125,176
126,127
126,128
126,129
126,130
126,131
126,133
126,134
126,136
126,141
126,142
126,149
126,150
126,152
126,156
126,159
126,160
126,162
126,166
126,167
126,168
126,169
126,170
126,172
126,179
126,185
126,192
126,193
126,197
127,128
127,129
127,130
127,131
127,132
127,133
127,137
127,139
127,140
127,141
127,142
127,143
127,145
127,146
127,147
127,148
127,149
127,150
127,151
127,152
127,153
127,154
127,155
127,156
127,157
127,158
127,159
127,160
127,161
127,162
127,164
127,165
127,167
127,168
127,170
127,171
127,172
127,173
127,175
127,178
127,179
127,182
127,183
127,186
127,187
127,188
127,192
127,193
127,194
127,198
127,199
128,129
128,130
128,131
128,132
128,133
128,134
128,135
128,136
128,137
128,138
128,139
128,140
128,141
128,142
128,143
128,144
128,145
128,146
128,147
128,148
128,149
128,150
128,151
128,152
128,153
128,154
128,155
128,156
128,157
128,158
128,159
128,160
128,161
128,163
128,164
128,166
128,167
128,168
128,169
128,170
128,171
128,172
128,174
128,175
128,176
128,177
128,178
128,179
128,180
128,181
128,182
128,183
128,184
128,185
128,186
128,188
128,189
128,190
128,191
128,192
128,193
128,194
128,195
128,196
128,199
129,130
129,131
129,132
129,133
129,134
129,135
129,136
129,137
129,138
129,139
129,140
129,141
129,142
129,143
129,144
129,145
129,146
129,147
130,131
130,132
130,133
130,137
130,138
130,139
130,140
130,141
130,142
130,143
130,144
130,145
130,146
130,147
130,148
130,149
130,150
130,152
130,155
130,156
130,157
130,158
130,159
130,160
130,161
130,163
130,164
130,165
130,166
130,167
130,168
130,169
130,170
130,171
130,173
131,132
131,134
131,135
131,136
131,137
131,138
131,139
131,140
131,141
131,142
131,143
131,144
131,145
131,146
131,147
131,148
131,149
131,150
131,151
131,152
131,153
131,154
131,155
131,156
131,157
131,158
131,159
131,160
131,161
131,162
131,163
131,164
131,165
131,166
131,168
131,169
131,170
131,171
131,172
131,173
131,175
131,176
131,177
131,178
131,179
131,180
131,181
131,182
131,183
131,184
131,186
131,187
131,189
131,190
131,192
131,193
131,195
131,198
131,199
132,133
132,134
132,135
132,136
132,137
132,138
132,139
132,140
132,141
132,142
132,143
132,144
132,145
132,146
132,147
132,148
132,150
132,151
132,152
132,153
132,154
132,155
132,156
133,134
133,135
133,136
133,137
133,138
133,139
133,140
133,141
133,143
133,144
133,145
133,146
133,147
133,148
133,149
133,150
133,151
134,135
134,136
134,138
134,139
134,140
134,141
134,142
134,143
134,144
134,146
134,147
134,148
134,149
134,151
134,152
134,154
134,155
134,156
134,157
134,158
134,159
134,161
134,162
134,163
134,164
134,165
134,166
134,167
134,168
134,169
134,170
134,171
134,172
134,173
134,174
134,175
134,176
134,177
134,179
134,180
134,181
134,182
134,183
134,184
134,185
134,186
134,187
134,188
134,189
134,190
134,191
134,193
134,194
134,195
134,196
134,198
134,199
135,136
135,137
135,138
135,139
135,140
136,137
136,138
136,139
136,140
136,141
136,142
136,143
136,144
136,145
136,146
136,147
136,148
136,149
136,150
136,151
136,152
136,153
136,154
136,155
136,156
136,157
136,158
136,159
136,160
136,162
136,163
136,164
136,165
136,166
136,167
136,168
136,169
136,170
136,172
136,173
136,174
136,175
136,176
136,177
136,179
136,180
136,181
136,182
136,183
136,184
136,185
136,186
136,187
136,189
136,190
136,191
136,192
136,193
136,195
136,196
136,197
136,198
136,199
137,138
137,139
137,140
137,143
137,144
137,145
137,146
137,147
137,148
137,149
137,150
137,151
137,152
137,153
137,154
137,155
137,156
137,157
137,158
137,159
137,161
137,162
137,163
137,164
137,165
137,166
137,167
137,168
137,169
137,171
138,139
138,140
138,141
138,142
138,143
138,144
138,145
138,146
138,147
138,148
138,149
138,150
138,151
138,152
138,153
138,154
138,155
138,156
138,157
138,158
138,159
138,160
138,161
138,163
138,164
138,165
138,166
138,167
138,168
138,169
138,170
138,171
138,172
138,173
138,174
138,176
138,177
138,179
138,180
138,181
138,183
138,185
138,186
138,187
138,188
138,189
138,191
138,192
138,194
138,195
139,140
139,141
139,142
139,143
139,144
139,145
139,146
139,147
139,148
139,150
139,151
139,152
139,153
139,154
139,155
139,156
139,157
139,158
139,159
139,160
139,161
139,162
139,163
139,164
139,165
139,166
139,167
139,168
139,169
139,170
139,171
139,172
139,173
139,174
139,176
139,177
139,178
139,179
139,180
139,181
139,182
139,184
139,185
139,186
139,187
140,141
140,142
140,143
140,144
140,145
140,146
140,147
140,148
140,149
140,150
140,151
140,152
140,153
140,154
140,155
140,156
140,157
140,158
140,159
140,160
140,161
140,162
140,163
140,164
140,165
140,166
140,167
140,168
140,169
140,170
140,171
140,172
140,173
140,174
140,175
140,176
140,177
140,178
140,179
140,180
140,181
140,183
141,142
141,143
141,144
141,145
141,146
141,147
141,148
141,149
141,150
141,151
141,152
141,156
141,159
141,160
141,162
141,166
141,167
141,168
141,169
141,170
141,172
141,179
141,185
141,192
141,193
141,197
142,144
142,145
142,146
142,147
142,149
142,150
142,151
142,152
142,153
142,154
142,155
142,156
142,157
142,158
142,159
142,160
142,162
142,166
142,167
142,168
142,169
142,170
142,172
142,179
142,185
142,192
142,193
142,197
143,144
143,146
143,147
143,148
143,149
143,150
143,151
143,152
143,153
143,154
143,155
143,156
143,157
143,158
143,159
143,161
143,162
143,164
143,165
144,145
144,146
144,147
144,148
144,149
144,151
144,152
144,153
144,154
144,155
144,156
144,157
144,159
144,160
144,161
144,162
146,147
146,149
146,151
146,152
146,153
146,154
146,155
146,156
146,157
146,158
146,159
146,160
146,161
146,162
146,163
146,164
146,165
146,167
146,169
146,170
146,172
146,176
146,177
146,178
146,180
146,181
146,182
146,183
146,185
146,186
146,188
146,190
146,191
146,192
146,193
146,195
146,196
146,199
147,148
147,149
147,150
147,151
147,152
147,153
147,154
147,155
147,156
147,157
147,158
147,159
147,160
147,161
147,162
147,163
147,164
147,165
147,166
147,167
147,168
147,169
148,149
148,150
148,151
148,152
148,153
148,154
148,155
148,156
148,157
149,150
149,151
149,152
149,153
149,154
149,155
149,156
149,158
149,159
149,160
149,161
149,162
149,163
149,164
149,165
149,166
149,167
149,168
149,169
149,170
149,171
149,172
149,175
149,179
149,185
149,192
149,193
149,197
150,151
150,152
150,153
150,154
150,155
150,156
150,157
150,158
150,159
150,160
150,162
150,163
150,164
150,165
150,166
150,167
150,168
150,169
150,170
150,171
150,172
150,173
150,174
150,175
150,176
150,178
150,179
150,180
150,182
150,183
150,184
150,185
150,186
150,188
150,189
150,190
150,191
150,192
150,193
150,194
150,195
150,196
150,197
150,198
151,152
151,153
151,154
151,155
151,156
151,157
151,158
151,159
151,160
151,161
151,162
151,163
151,164
151,165
151,167
151,168
151,169
151,170
151,171
151,172
151,173
151,174
151,175
151,176
151,177
151,178
151,179
151,181
151,182
151,183
151,184
151,185
151,186
151,187
151,188
151,189
151,190
151,191
151,193
152,153
152,154
152,155
152,156
152,159
152,160
152,161
152,162
152,163
152,165
152,166
152,167
152,168
152,169
152,170
152,171
152,172
152,173
152,174
152,175
152,176
152,177
152,178
152,179
152,181
152,182
152,183
152,184
152,185
152,186
152,187
152,188
152,190
152,191
152,192
152,193
152,194
152,195
152,196
152,197
152,198
152,199
153,154
153,156
153,157
153,158
153,159
153,160
153,161
153,162
153,163
153,164
153,165
153,166
153,167
153,168
153,170
153,171
153,172
153,173
153,174
153,176
153,178
153,179
153,180
153,181
153,182
153,183
153,184
153,185
153,186
153,188
153,189
153,190
153,191
153,193
153,194
153,195
153,196
153,197
153,198
153,199
154,155
154,156
154,157
154,158
154,159
154,160
154,161
154,162
154,163
154,165
154,166
154,167
154,168
154,169
154,170
154,171
154,172
154,173
154,174
154,175
154,176
154,177
154,178
154,179
154,180
154,181
154,182
154,183
154,184
154,185
154,186
154,187
154,189
154,191
154,192
154,193
154,194
154,195
154,197
154,198
154,199
155,156
155,157
155,158
155,159
155,160
155,161
155,162
155,163
155,164
155,165
155,166
155,167
155,168
155,169
155,170
155,171
155,173
155,174
155,175
155,176
155,177
155,179
155,180
155,181
155,182
155,183
155,184
155,185
155,188
155,189
155,190
155,191
155,192
155,193
155,194
155,195
155,197
155,198
155,199
156,157
156,158
156,159
156,160
156,161
156,162
156,163
156,164
156,165
156,166
156,167
156,168
156,169
156,170
156,171
156,172
156,173
156,174
156,175
156,176
156,177
156,178
156,179
156,180
156,182
156,184
156,185
156,186
156,187
156,188
156,189
156,190
156,191
156,192
156,193
156,195
156,196
156,197
156,198
156,199
157,159
157,160
157,161
157,162
157,164
157,165
157,166
157,167
157,168
157,169
157,171
157,172
157,173
157,174
157,176
157,177
157,178
157,179
157,180
157,181
157,182
157,184
157,186
157,187
157,188
157,190
157,191
157,192
157,193
157,194
157,195
157,196
157,198
157,199
158,159
158,160
158,162
158,163
158,164
158,165
158,167
158,168
158,169
158,170
158,171
158,172
158,173
158,174
158,175
158,176
158,177
158,178
158,179
158,180
158,181
158,182
158,183
158,184
158,185
158,186
158,187
158,188
158,189
158,190
158,191
158,192
158,193
158,194
158,195
158,196
158,197
158,198
158,199
159,160
159,161
159,162
159,164
159,165
159,166
159,167
159,168
159,169
159,170
159,171
159,172
159,173
159,174
159,175
159,176
159,177
159,178
159,179
159,180
159,181
159,182
159,183
159,184
159,185
159,186
159,187
159,188
159,189
159,190
159,191
159,192
159,193
159,195
159,196
159,197
159,198
159,199
160,161
160,162
160,163
160,164
160,165
160,166
160,167
160,168
160,169
160,170
160,172
160,179
160,185
160,192
160,193
160,197
161,162
161,163
161,164
161,165
161,166
161,167
161,168
161,169
161,170
161,171
161,172
161,173
161,174
161,175
161,176
161,178
161,181
162,165
162,166
162,167
162,168
162,169
162,170
162,171
162,172
162,173
162,174
162,175
162,176
162,178
162,179
162,180
162,181
162,182
162,183
162,184
162,185
162,186
162,187
162,188
162,190
162,191
162,192
162,193
162,194
162,195
162,196
162,197
162,198
162,199
163,164
163,165
163,166
163,167
163,168
163,169
163,170
163,171
163,172
163,173
163,174
163,177
163,178
163,179
163,180
163,181
163,182
163,184
163,186
163,187
163,189
163,190
163,191
163,192
163,193
163,194
163,195
163,196
163,197
163,198
163,199
164,165
164,166
164,167
164,168
164,169
164,170
164,171
164,172
164,173
164,174
164,175
164,176
164,177
164,178
164,179
164,180
164,181
164,182
164,183
164,184
164,185
164,186
164,187
164,188
164,189
164,190
164,191
164,192
164,193
164,194
164,195
164,196
164,197
164,198
164,199
165,166
165,167
165,168
165,169
165,170
165,171
165,172
165,173
165,174
165,176
165,177
165,178
165,179
165,180
165,181
165,182
165,183
165,185
165,186
165,187
165,188
165,190
166,167
166,168
166,169
166,170
166,171
166,172
166,173
166,174
166,175
166,176
166,177
166,178
166,179
166,180
166,185
166,192
166,193
166,197
167,168
167,169
167,170
167,171
167,172
167,179
167,185
167,192
167,193
167,197
168,169
168,170
168,172
168,173
168,174
168,175
168,176
168,177
168,178
168,179
168,181
168,182
168,183
168,184
168,185
168,186
168,187
168,190
168,191
168,192
168,193
168,195
168,196
168,197
168,199
169,170
169,171
169,172
169,173
169,174
169,175
169,176
169,177
169,178
169,179
169,180
169,183
169,184
169,185
169,186
169,187
169,188
169,189
169,190
169,191
169,192
169,193
169,194
169,195
169,196
169,197
169,198
169,199
170,172
170,173
170,175
170,176
170,177
170,178
170,179
170,180
170,182
170,183
170,185
170,186
170,187
170,188
170,190
170,191
170,192
170,193
170,194
170,195
170,196
170,197
170,198
171,172
171,173
171,174
171,175
171,176
171,177
171,180
171,181
171,182
171,183
171,185
171,186
171,188
171,190
171,191
172,173
172,174
172,175
172,176
172,177
172,178
172,179
172,185
172,192
172,193
172,197
173,174
173,175
173,176
173,178
173,179
173,182
173,183
173,184
173,185
173,186
173,187
173,188
173,189
173,191
173,192
175,176
175,177
175,178
175,179
175,181
175,182
175,183
175,187
175,188
175,189
175,190
175,191
175,194
175,195
175,196
175,197
175,199
176,177
176,178
176,179
176,180
176,181
176,182
176,183
176,184
176,186
176,187
176,188
176,189
176,190
176,191
176,192
176,193
176,194
176,196
176,197
176,199
177,178
177,180
177,181
177,182
177,183
177,184
177,185
177,187
177,188
177,189
177,190
177,191
177,192
177,194
177,195
177,197
177,198
177,199
178,179
178,180
178,181
178,183
178,184
178,185
178,186
178,187
178,188
178,189
178,190
178,191
178,192
178,193
178,194
178,195
178,196
178,199
179,180
179,181
179,182
179,183
179,184
179,185
179,187
179,188
179,190
179,191
179,192
179,193
179,195
179,196
179,197
179,198
179,199
180,183
180,184
180,185
180,186
180,187
180,188
180,189
180,190
180,191
180,193
180,194
180,195
180,196
180,197
180,198
180,199
181,183
181,184
181,185
182,183
182,184
182,185
182,186
182,187
182,188
182,189
182,190
182,192
182,194
182,195
182,196
182,197
182,198
182,199
183,184
183,185
183,186
183,187
183,189
183,190
183,191
183,192
183,193
183,194
183,195
183,196
183,198
183,199
184,187
184,188
185,186
185,187
185,188
185,189
185,190
185,191
185,192
185,193
185,195
185,197
185,198
185,199
186,187
186,188
186,189
186,190
186,191
186,192
186,193
186,194
186,195
186,196
186,198
186,199
187,188
187,190
187,191
187,192
187,193
187,194
187,195
187,196
187,199
188,189
188,190
188,191
188,192
188,193
188,194
188,195
188,196
188,197
188,199
189,190
189,192
189,193
189,195
189,196
189,197
189,198
189,199
190,191
190,192
190,193
190,194
190,195
190,196
191,192
191,193
191,194
191,195
191,196
191,197
191,198
192,193
192,194
192,195
192,196
192,197
192,198
192,199
193,195
193,196
193,197
193,198
193,199
194,195
194,196
194,197
194,198
194,199
195,197
196,197
196,198
196,199
198,199
