0,1
0,2
0,3
0,4
0,5
0,6
0,7
0,8
0,9
0,10
0,11
0,12
0,13
0,14
0,15
0,16
0,17
0,18
0,19
0,20
0,21
0,22
0,23
0,24
0,25
0,26
0,27
0,28
0,29
0,30
0,31
0,32
0,33
0,34
0,35
0,45
0,47
0,49
0,51
0,52
0,53
0,55
0,57
0,58
0,59
0,60
0,63
0,65
0,67
0,70
0,71
0,72
0,76
0,78
0,79
0,82
0,84
0,85
0,88
0,91
0,93
0,95
0,97
0,99
0,100
0,101
0,102
0,103
0,104
0,106
0,107
0,109
0,111
0,112
0,114
0,115
0,117
0,118
0,121
0,126
0,128
0,134
0,142
0,143
0,146
0,149
0,150
0,153
0,161
0,162
0,164
0,168
0,171
0,173
0,178
0,190
0,192
1,2
1,3
1,4
1,5
1,6
1,7
1,8
1,9
1,10
1,11
1,12
1,13
1,14
1,15
1,16
1,17
1,18
1,19
1,20
1,21
1,22
1,23
1,24
1,25
1,26
1,27
1,28
1,29
1,30
1,31
1,32
1,33
1,34
1,35
2,3
2,4
2,5
2,6
2,7
2,8
2,9
2,10
2,11
2,12
2,13
2,14
2,15
2,16
2,17
2,18
2,19
2,20
2,21
2,22
2,23
2,24
2,25
2,26
2,27
2,28
2,29
2,30
2,31
2,32
2,33
2,34
2,35
2,41
2,42
2,44
2,45
2,47
2,48
2,49
2,50
2,51
2,52
2,53
2,54
2,55
2,56
2,57
2,58
2,59
2,60
2,61
2,63
2,64
2,65
2,67
2,70
2,72
2,76
2,82
2,91
2,101
2,104
2,114
2,121
2,126
2,128
2,134
2,142
2,143
2,146
2,149
2,150
2,153
2,161
2,162
2,164
2,168
2,171
2,173
2,178
2,190
2,192
3,4
3,5
3,6
3,7
3,8
3,9
3,10
3,11
3,12
3,13
3,14
3,15
3,16
3,17
3,18
3,19
3,20
3,21
3,22
3,23
3,24
3,25
3,26
3,27
3,28
3,29
3,30
3,31
3,32
3,33
3,34
3,35
4,5
4,6
4,7
4,8
4,9
4,10
4,11
4,12
4,13
4,14
4,15
4,16
4,17
4,18
4,19
4,20
4,21
4,22
4,23
4,24
4,25
4,26
4,27
4,28
4,29
4,30
4,31
4,32
4,33
4,34
4,35
4,36
4,37
4,39
4,40
4,41
4,42
4,44
4,45
4,47
4,48
4,49
4,50
4,51
4,52
4,53
4,54
4,55
4,57
4,58
4,60
4,61
4,65
4,68
4,70
4,71
4,74
4,75
4,78
4,79
4,81
4,83
4,84
4,85
4,86
4,87
4,88
4,89
4,90
4,93
4,95
4,96
4,97
4,98
4,99
4,100
4,101
4,102
4,103
4,104
4,105
4,106
4,107
4,108
4,109
4,110
4,111
4,112
4,114
4,115
4,116
4,117
4,118
5,6
5,7
5,8
5,9
5,10
5,11
5,12
5,13
5,14
5,15
5,16
5,17
5,18
5,19
5,20
5,21
5,22
5,23
5,24
5,25
5,26
5,27
5,28
5,29
5,30
5,31
5,32
5,33
5,34
5,35
5,37
5,39
5,40
5,41
5,42
5,44
5,45
5,46
5,47
5,48
5,49
5,50
5,51
5,52
5,53
5,54
5,55
5,56
5,57
5,58
5,59
5,60
5,61
5,62
5,64
5,65
5,67
5,68
5,69
5,70
5,71
5,73
5,74
6,7
6,8
6,9
6,10
6,11
6,12
6,13
6,14
6,15
6,16
6,17
6,18
6,19
6,20
6,21
6,22
6,23
6,24
6,25
6,26
6,27
6,28
6,29
6,30
6,31
6,32
6,33
6,34
6,35
6,38
6,39
6,40
6,41
6,42
6,43
6,44
6,45
6,46
6,47
6,48
6,49
6,50
6,51
6,52
6,53
6,55
6,56
6,57
6,58
6,59
6,60
6,61
6,62
6,63
6,64
6,65
6,66
6,67
6,68
6,69
6,70
6,71
6,72
7,8
7,9
7,10
7,11
7,12
7,13
7,14
7,15
7,16
7,17
7,18
7,19
7,20
7,21
7,22
7,23
7,24
7,25
7,26
7,27
7,28
7,29
7,30
7,31
7,32
7,33
7,34
7,35
7,39
7,40
7,41
7,43
7,44
7,45
7,46
7,47
7,48
7,49
7,50
7,51
7,52
7,53
8,9
8,10
8,11
8,12
8,13
8,14
8,15
8,16
8,17
8,18
8,19
8,20
8,21
8,22
8,23
8,24
8,25
8,26
8,27
8,28
8,29
8,30
8,31
8,32
8,33
8,34
8,35
8,37
8,38
8,39
8,40
8,41
8,42
8,43
8,44
8,45
8,46
8,47
8,48
8,49
8,50
8,51
8,52
8,53
8,54
8,55
8,57
8,58
8,59
8,60
8,61
8,62
8,64
8,65
8,67
9,10
9,11
9,12
9,13
9,14
9,15
9,16
9,17
9,18
9,19
9,20
9,21
9,22
9,23
9,24
9,25
9,26
9,27
9,28
9,29
9,30
9,31
9,32
9,33
9,34
9,35
9,38
9,39
9,40
9,41
9,42
9,43
9,44
9,45
9,46
9,47
9,48
9,49
9,50
9,51
9,52
9,53
9,54
9,55
9,56
9,57
9,58
9,59
9,60
9,61
9,62
9,63
9,64
9,65
9,66
9,67
9,69
9,70
9,71
9,72
9,73
9,74
9,75
9,76
9,77
9,78
9,79
9,80
9,81
9,82
9,83
9,84
9,85
9,86
9,87
9,88
9,89
9,90
9,92
9,93
9,95
9,96
9,97
9,98
9,99
9,100
9,101
9,102
9,103
9,104
9,105
9,106
10,11
10,12
10,13
10,14
10,15
10,16
10,17
10,18
10,19
10,20
10,21
10,22
10,23
10,24
10,25
10,26
10,27
10,28
10,29
10,30
10,31
10,32
10,33
10,34
10,35
10,37
10,38
10,39
10,40
10,41
10,42
10,43
10,44
10,45
10,46
10,47
10,48
10,49
10,50
10,51
10,52
10,53
10,54
10,55
10,56
10,57
10,58
10,59
10,60
10,61
10,62
10,63
10,64
10,65
10,66
10,67
10,68
10,69
10,70
10,71
10,72
10,73
10,74
10,75
10,76
10,77
10,78
11,12
11,13
11,14
11,15
11,16
11,17
11,18
11,19
11,20
11,21
11,22
11,23
11,24
11,25
11,26
11,27
11,28
11,29
11,30
11,31
11,32
11,33
11,34
11,35
11,38
11,39
11,40
11,41
11,42
11,43
11,44
11,46
11,47
11,48
11,49
11,50
11,51
11,52
11,53
11,54
11,55
11,56
11,57
11,58
11,59
11,60
11,61
11,62
11,63
11,64
11,65
11,66
11,68
11,69
11,70
11,71
11,72
11,73
11,74
11,75
11,76
11,77
11,78
11,79
11,80
11,81
11,82
11,83
11,84
11,85
11,87
12,13
12,14
12,15
12,16
12,17
12,18
12,19
12,20
12,21
12,22
12,23
12,24
12,25
12,26
12,27
12,28
12,29
12,30
12,31
12,32
12,33
12,34
12,35
12,37
12,38
12,39
12,40
12,41
12,42
12,43
12,44
12,45
12,46
12,47
12,48
12,49
12,50
12,51
12,52
12,53
12,54
12,55
13,14
13,15
13,16
13,17
13,18
13,19
13,20
13,21
13,22
13,23
13,24
13,25
13,26
13,27
13,28
13,29
13,30
13,31
13,32
13,33
13,34
13,35
13,36
13,37
13,38
13,39
13,40
13,41
13,43
13,44
13,45
13,46
13,47
13,48
13,49
13,50
13,51
13,52
13,53
13,54
13,55
13,56
13,57
13,58
13,59
13,60
13,61
13,62
13,63
13,64
13,65
13,66
13,67
13,68
13,69
13,70
13,71
13,72
13,73
13,74
13,75
13,76
13,77
13,78
13,79
13,80
13,81
13,82
13,83
13,84
13,85
13,86
13,87
13,88
13,89
13,90
13,92
13,93
13,94
13,95
13,96
13,97
13,98
13,99
13,100
13,101
13,102
13,103
13,104
13,105
13,106
13,107
13,108
13,109
13,111
13,112
13,114
13,115
13,116
13,117
13,118
13,119
13,120
13,121
13,123
13,127
13,128
13,132
13,134
13,137
13,139
13,140
14,15
14,16
14,17
14,18
14,19
14,20
14,21
14,22
14,23
14,24
14,25
14,26
14,27
14,28
14,29
14,30
14,31
14,32
14,33
14,34
14,35
14,36
14,37
14,38
14,39
14,40
14,41
14,42
14,43
14,44
14,45
14,46
14,47
14,48
14,49
14,50
14,51
14,52
14,53
14,54
14,55
14,56
14,57
14,58
14,59
14,60
14,61
14,62
14,63
14,64
14,65
14,66
14,67
14,68
14,69
14,70
14,71
14,72
14,73
14,74
14,75
14,76
14,77
14,78
14,79
14,80
14,81
14,82
14,83
14,84
14,85
14,86
14,87
14,88
14,89
14,90
14,91
14,92
14,93
14,94
14,95
14,96
14,97
14,98
14,99
14,100
14,101
14,102
14,103
14,104
14,105
14,106
14,107
14,108
14,109
14,110
14,111
14,112
14,114
14,115
14,116
14,117
14,118
14,119
14,120
14,121
14,122
14,123
14,126
14,127
14,128
14,131
14,132
14,133
14,134
14,135
14,136
14,137
14,138
14,139
14,140
14,141
14,142
14,143
14,144
14,145
14,146
14,149
14,150
14,151
14,152
14,153
14,154
14,155
14,157
14,158
14,160
14,161
14,162
14,163
14,164
14,165
14,168
14,169
14,171
14,172
14,173
14,174
14,176
14,177
14,178
14,181
14,182
14,183
14,184
14,185
14,186
14,187
14,188
14,190
14,192
15,16
15,17
15,18
15,19
15,20
15,21
15,22
15,23
15,24
15,25
15,26
15,27
15,28
15,29
15,30
15,31
15,32
15,33
15,34
15,35
15,36
15,37
15,38
15,39
15,40
15,42
15,43
15,44
15,45
15,46
15,47
15,48
15,49
15,50
15,51
15,52
15,53
15,54
15,55
15,56
15,57
15,58
15,60
15,61
15,62
15,64
15,65
15,66
15,67
15,68
15,69
15,70
15,71
15,72
15,73
15,74
15,75
15,76
15,77
16,17
16,18
16,19
16,20
16,21
16,22
16,23
16,24
16,25
16,26
16,27
16,28
16,29
16,30
16,31
16,32
16,33
16,34
16,35
16,39
17,18
17,19
17,20
17,21
17,22
17,23
17,24
17,25
17,26
17,27
17,28
17,29
17,30
17,31
17,32
17,33
17,34
17,35
17,37
17,38
17,39
17,40
17,41
17,42
17,43
17,44
17,45
17,46
17,47
17,48
17,50
17,51
17,52
17,53
17,54
18,19
18,20
18,21
18,22
18,23
18,24
18,25
18,26
18,27
18,28
18,29
18,30
18,31
18,32
18,33
18,34
18,35
18,36
18,37
18,38
19,20
19,21
19,22
19,23
19,24
19,25
19,26
19,27
19,28
19,29
19,30
19,31
19,32
19,33
19,34
19,35
19,36
19,37
19,38
19,39
19,40
20,21
20,22
20,23
20,24
20,25
20,26
20,27
20,28
20,29
20,30
20,31
20,32
20,33
20,34
20,35
20,39
20,40
20,41
20,42
20,43
20,45
20,46
20,47
20,48
20,49
20,50
21,22
21,23
21,24
21,25
21,26
21,27
21,28
21,29
21,30
21,31
21,32
21,33
21,34
21,35
21,37
21,38
21,39
21,40
21,42
21,43
21,44
21,45
21,46
21,47
21,48
21,49
21,50
21,51
21,52
21,53
21,54
21,55
21,56
21,57
21,58
21,60
21,61
21,62
21,63
21,64
21,65
21,66
21,67
21,68
21,70
21,71
21,72
21,73
21,74
21,75
21,76
21,77
21,78
21,79
21,80
21,81
21,82
21,83
21,84
21,85
21,86
21,87
21,88
21,89
21,90
21,91
21,101
21,104
21,114
21,121
21,126
21,128
21,134
21,142
21,143
21,146
21,149
21,150
21,153
21,161
21,162
21,164
21,168
21,171
21,173
21,178
21,190
21,192
22,23
22,24
22,25
22,26
22,27
22,28
22,29
22,30
22,31
22,32
22,33
22,34
22,35
22,36
22,37
22,38
22,39
22,40
22,41
22,42
22,43
22,44
22,45
23,24
23,25
23,26
23,27
23,28
23,29
23,30
23,31
23,32
23,33
23,34
23,35
23,39
23,40
23,41
23,42
23,43
23,44
23,45
23,46
23,47
23,48
23,49
23,50
23,51
23,52
23,53
23,54
23,55
23,56
23,57
23,58
23,59
24,25
24,26
24,27
24,28
24,29
24,30
24,31
24,32
24,33
24,34
24,35
24,38
24,39
24,40
24,41
25,26
25,27
25,28
25,29
25,30
25,31
25,32
25,33
25,34
25,35
26,27
26,28
26,29
26,30
26,31
26,32
26,33
26,34
27,28
27,29
27,30
27,31
27,32
27,33
27,34
27,35
27,43
27,44
27,45
27,46
27,47
27,48
27,50
27,51
27,52
27,54
27,55
27,56
27,57
27,58
27,59
27,60
27,61
27,62
27,63
27,64
27,65
27,66
27,67
27,68
27,69
27,70
27,71
27,72
27,73
27,74
27,75
27,76
27,82
27,91
27,101
27,104
27,114
27,121
27,126
27,128
27,134
27,142
27,143
27,146
27,149
27,150
27,153
27,161
27,162
27,164
27,168
27,171
27,173
27,178
27,190
27,192
28,29
28,30
28,31
28,32
28,33
28,34
28,35
28,40
28,41
28,42
28,43
28,44
28,45
28,46
28,47
28,48
28,49
28,50
28,51
28,52
28,53
28,54
28,55
28,56
28,57
28,58
28,59
28,60
28,61
28,62
28,63
29,30
29,31
29,32
29,33
29,34
29,35
29,37
29,38
29,39
29,40
29,41
29,42
29,43
29,44
29,45
29,46
29,47
30,31
30,32
30,33
30,34
30,35
30,37
30,38
30,39
30,40
30,41
30,42
30,43
30,44
30,45
30,46
30,47
30,48
30,49
30,50
30,51
30,53
30,54
30,55
30,57
30,58
30,59
30,60
30,61
30,62
30,63
30,64
30,65
30,66
30,67
30,68
30,69
30,70
30,71
30,72
30,73
30,74
30,75
30,76
30,82
30,91
30,101
30,104
30,114
30,121
30,126
30,128
30,134
30,142
30,143
30,146
30,149
30,150
30,153
30,161
30,162
30,164
30,168
30,171
30,173
30,178
30,190
30,192
31,32
31,33
31,34
31,35
31,38
31,39
31,40
31,41
31,42
31,43
31,44
31,45
31,46
31,47
31,48
31,49
31,50
31,51
31,52
32,33
32,34
32,35
32,39
32,40
32,41
32,42
32,43
32,44
32,45
32,46
32,47
32,48
32,49
33,34
33,35
33,37
33,38
33,39
33,40
33,41
33,42
33,43
33,44
33,45
33,46
33,47
33,48
33,49
33,50
33,51
33,52
33,53
33,54
33,56
33,57
33,58
33,59
33,60
33,61
33,62
33,63
33,64
33,65
33,66
33,68
34,35
34,37
34,38
34,39
34,40
34,41
34,42
34,43
34,44
34,45
34,46
35,39
35,40
35,41
35,42
35,43
35,44
35,45
35,46
35,47
35,48
35,49
35,50
35,51
35,52
35,53
35,54
35,55
35,57
36,37
36,38
36,39
36,40
36,41
36,42
36,43
36,44
36,45
36,46
36,47
36,48
36,49
36,50
36,51
36,52
36,53
36,54
36,55
36,56
36,57
36,58
36,59
36,60
36,61
36,62
36,64
36,65
36,66
36,67
36,68
36,70
36,71
36,72
36,73
36,74
36,75
36,76
36,77
36,78
36,79
36,80
36,81
36,83
36,84
36,85
36,86
36,87
36,88
36,90
36,91
36,92
36,94
36,95
36,96
36,97
36,99
36,100
36,101
36,102
36,103
37,38
37,39
37,40
37,41
37,42
37,43
37,44
37,45
37,46
37,47
37,48
37,49
37,50
37,51
37,52
37,53
37,54
37,55
37,56
37,57
37,58
37,59
37,60
37,61
37,62
37,64
37,65
37,66
37,67
37,68
37,69
37,70
37,71
37,72
37,73
37,74
37,75
37,76
37,77
37,78
37,79
38,39
38,40
38,41
38,42
38,43
38,44
38,45
38,46
38,48
38,49
38,50
38,51
38,52
38,53
38,54
38,55
38,56
38,57
38,58
39,40
39,41
39,42
39,43
40,41
40,42
40,43
40,44
40,45
40,46
40,47
40,48
40,49
40,50
40,51
40,52
40,53
40,54
40,55
40,56
40,57
40,58
40,59
40,60
40,61
40,62
40,63
40,64
40,65
40,66
40,67
40,69
40,70
40,71
40,72
40,73
40,74
40,76
40,77
40,78
40,79
40,80
40,81
40,82
40,83
41,42
42,43
42,44
43,44
43,45
43,46
43,47
43,48
43,49
43,50
43,51
44,45
44,46
44,47
44,48
44,49
44,50
44,51
44,52
44,53
44,54
44,55
44,56
44,57
44,58
44,60
45,46
45,47
45,48
45,49
45,50
45,51
45,52
45,53
45,54
45,55
45,56
45,57
45,58
45,59
45,60
45,61
45,62
45,63
45,64
45,65
45,66
45,68
45,69
45,70
45,72
45,73
45,74
45,75
45,76
45,77
45,78
45,79
45,80
45,81
45,82
45,84
45,85
45,86
45,87
45,88
45,89
45,90
45,91
45,92
45,93
45,94
45,95
45,96
45,97
45,98
45,99
45,100
45,101
45,102
45,103
45,105
45,106
45,107
45,108
45,109
45,110
45,112
45,113
46,47
46,48
46,49
46,50
46,51
46,52
46,53
46,54
46,55
46,56
46,57
46,58
46,59
46,60
46,61
46,62
47,48
47,49
47,50
47,51
47,52
47,53
47,54
47,55
47,56
47,57
47,58
47,59
47,60
47,61
47,62
47,63
47,64
47,65
47,66
47,67
47,68
47,69
47,70
47,71
47,72
47,73
47,74
47,75
47,76
47,78
47,79
47,80
47,81
47,82
47,83
47,84
47,85
47,86
47,87
47,88
47,89
47,90
47,91
47,92
47,93
47,94
47,95
47,96
47,97
47,98
47,99
47,100
47,101
47,102
47,103
47,105
47,106
47,107
47,108
47,109
49,50
49,51
49,52
49,53
49,54
49,56
49,57
49,59
49,60
49,61
49,62
49,63
49,64
49,65
49,66
49,68
49,69
49,70
49,71
49,72
49,73
49,74
49,75
49,76
49,77
49,78
49,79
49,80
49,81
49,82
49,83
49,84
49,86
49,87
49,88
49,89
49,90
49,91
49,92
49,93
49,94
49,95
49,96
49,97
49,98
49,99
49,100
49,101
49,102
49,103
49,104
49,105
49,106
49,107
49,108
49,109
49,112
49,113
49,114
49,117
49,118
49,119
49,120
49,121
49,124
49,125
49,126
49,127
49,129
49,131
49,132
49,133
49,134
49,135
49,136
49,137
49,138
49,140
49,141
49,142
49,143
49,144
49,145
49,147
49,148
49,151
49,152
49,157
49,158
49,161
49,163
49,164
49,165
49,166
49,167
49,169
50,51
50,52
50,53
50,54
50,55
50,56
50,57
50,58
50,59
50,60
50,61
50,62
50,63
50,64
50,65
50,66
50,67
50,68
50,69
50,70
50,71
50,72
50,73
50,74
50,75
50,76
50,77
50,78
50,79
50,80
50,81
50,82
51,52
51,53
51,54
51,55
51,56
52,53
52,54
52,55
52,56
52,57
52,58
52,59
52,60
52,61
52,62
52,63
52,64
52,65
52,66
52,67
52,68
52,69
52,70
52,71
52,73
53,54
53,55
53,56
53,57
53,58
53,59
53,60
53,61
53,62
53,63
53,64
53,65
53,66
53,67
53,68
53,69
53,70
53,71
53,73
53,74
53,75
53,76
53,77
53,78
53,79
53,80
53,81
53,82
53,84
53,85
53,86
53,87
53,88
53,89
53,90
53,91
53,92
53,93
53,94
53,95
53,97
53,98
53,99
53,101
53,102
53,103
53,104
53,105
53,106
53,107
53,108
53,109
53,110
53,111
53,112
53,113
53,114
53,115
53,116
53,117
53,119
53,120
53,121
53,122
53,123
53,125
53,126
53,127
53,129
53,130
53,131
53,133
53,134
53,135
53,136
53,137
53,138
53,139
53,140
53,141
53,142
53,143
53,144
53,145
53,147
53,148
53,151
53,152
54,55
54,56
54,57
54,58
54,59
54,60
54,61
54,62
54,63
54,64
54,65
54,66
54,67
54,68
54,69
54,70
54,71
54,72
54,74
54,75
54,76
54,77
54,78
54,79
54,80
54,81
54,82
54,83
54,85
55,56
55,57
55,58
55,59
55,60
55,61
55,62
55,63
55,64
55,65
55,66
55,67
55,68
55,69
55,70
55,71
55,72
55,73
55,74
55,75
55,76
55,77
55,78
55,79
55,80
55,81
55,82
55,83
55,84
55,85
55,86
55,87
55,88
55,91
55,101
55,104
55,114
55,121
55,126
55,128
55,134
55,142
55,143
55,146
55,149
55,150
55,153
55,161
55,162
55,164
55,168
55,171
55,173
55,178
55,190
55,192
56,57
56,58
56,59
56,60
56,61
56,62
56,63
56,64
56,65
56,66
56,67
56,68
56,69
56,70
56,71
57,58
57,59
57,60
57,61
57,62
57,63
57,64
57,65
57,66
58,59
58,60
58,61
58,62
58,63
58,64
58,65
58,66
58,67
58,68
58,69
58,70
58,71
58,72
58,73
58,74
58,75
58,76
58,77
58,78
58,79
58,80
58,81
58,82
58,83
58,84
58,85
58,86
58,87
58,88
58,89
58,90
58,91
58,92
58,93
58,94
58,95
58,96
58,97
58,98
58,99
58,100
58,101
58,102
58,103
58,104
58,105
58,106
58,107
58,108
58,109
58,110
58,111
58,112
58,114
58,115
58,116
58,117
58,118
58,119
58,120
58,121
58,122
58,123
58,124
58,125
58,126
58,127
58,128
58,129
58,130
59,60
59,61
59,62
59,63
59,64
59,65
59,66
59,67
59,68
59,69
59,70
59,71
59,72
59,73
59,74
59,75
59,76
59,77
59,78
59,79
59,80
59,81
59,82
59,83
59,84
59,85
59,86
59,87
59,88
59,89
59,90
59,91
59,92
59,93
59,94
59,95
59,96
59,97
59,98
59,99
59,100
59,101
59,102
59,103
59,104
59,105
59,106
59,107
59,108
59,109
59,110
59,111
60,61
60,62
60,63
60,64
60,65
60,66
60,67
60,68
60,69
60,70
60,71
60,72
60,73
60,74
60,75
60,76
60,77
60,78
60,79
60,80
60,81
60,82
60,83
60,84
60,85
60,86
60,87
60,88
60,89
60,90
60,91
60,92
60,93
60,94
60,95
60,96
60,97
60,98
60,99
60,100
60,101
60,102
60,103
60,104
60,105
60,106
60,107
60,108
60,109
60,110
60,111
60,112
60,113
60,114
60,115
60,116
60,117
60,118
60,119
60,120
60,121
60,124
60,125
60,126
60,127
60,128
60,129
60,130
60,132
60,134
60,136
60,137
60,138
60,139
60,140
60,141
60,142
60,143
60,144
60,145
60,146
62,63
62,64
62,65
62,66
62,67
62,68
62,69
63,64
63,67
63,70
63,72
63,76
63,82
63,91
63,101
63,104
63,114
63,121
63,126
63,128
63,134
63,142
63,143
63,146
63,149
63,150
63,153
63,161
63,162
63,164
63,168
63,171
63,173
63,178
63,190
63,192
64,65
64,66
64,67
64,68
64,69
64,70
64,71
64,73
64,74
64,75
64,76
64,77
64,78
64,79
64,80
64,81
64,82
64,83
64,84
64,85
64,86
65,66
65,67
65,68
65,69
65,70
65,71
65,72
65,73
65,74
65,75
65,76
65,77
65,78
65,79
65,80
65,81
65,82
65,83
65,84
65,85
65,86
65,87
65,89
65,90
65,91
65,92
65,93
65,94
65,95
65,96
65,97
65,98
65,99
65,100
65,101
65,102
65,103
65,104
65,105
65,106
65,108
65,110
65,111
65,112
65,113
65,114
65,115
65,116
65,117
65,118
65,119
65,120
65,121
65,122
65,123
65,124
65,125
65,126
65,127
65,128
65,129
65,130
65,132
65,133
65,134
65,135
65,136
65,137
65,138
66,67
66,68
66,69
66,70
66,71
66,72
66,73
66,74
66,75
66,76
66,77
66,78
66,79
66,80
66,81
66,82
66,83
66,84
66,85
66,86
66,87
66,88
66,89
66,90
67,68
67,69
67,70
67,71
67,72
67,73
67,74
67,75
67,76
67,77
67,78
67,79
67,80
67,81
67,82
67,83
67,84
67,85
67,87
67,88
67,89
67,90
67,91
67,92
67,93
67,94
67,95
67,96
67,97
67,98
67,99
67,100
67,101
67,104
67,114
67,121
67,126
67,128
67,134
67,142
67,143
67,146
67,149
67,150
67,153
67,161
67,162
67,164
67,168
67,171
67,173
67,178
67,190
67,192
68,69
68,70
68,71
68,72
68,73
68,74
68,75
68,76
68,77
68,78
68,79
68,80
69,70
69,71
69,72
69,73
69,74
69,75
69,76
69,77
69,78
69,79
69,80
69,81
69,82
69,83
69,84
69,85
69,86
69,87
69,88
69,89
69,90
69,91
69,92
69,93
69,94
69,95
69,96
69,97
69,98
69,99
70,72
70,76
70,82
70,91
70,101
70,104
70,114
70,121
70,126
70,128
70,134
70,142
70,143
70,146
70,149
70,150
70,153
70,161
70,162
70,164
70,168
70,171
70,173
70,178
70,190
70,192
71,72
71,73
71,74
71,75
71,76
71,77
71,78
71,79
71,80
71,81
71,82
71,83
71,84
71,85
71,86
71,87
71,88
71,89
71,90
71,91
71,92
71,93
71,94
71,95
71,96
72,73
72,74
72,75
72,76
72,77
72,78
72,79
72,80
72,81
72,82
72,83
72,84
72,85
72,86
72,87
72,88
72,89
72,90
72,91
72,92
72,93
72,101
72,104
72,114
72,121
72,126
72,128
72,134
72,142
72,143
72,146
72,149
72,150
72,153
72,161
72,162
72,164
72,168
72,171
72,173
72,178
72,190
72,192
73,74
73,75
73,76
73,77
73,78
73,79
73,80
73,81
74,75
74,76
74,77
74,78
74,79
74,80
74,81
74,82
74,83
74,84
74,85
74,87
74,88
74,89
74,90
74,91
74,92
75,76
75,77
75,78
75,79
75,80
75,81
75,82
75,83
75,84
75,85
75,86
75,87
75,88
75,89
75,90
75,91
75,92
75,93
75,95
75,96
75,97
75,98
75,99
75,100
75,101
75,102
75,103
75,105
75,106
75,107
75,108
75,109
75,112
75,113
75,114
75,115
75,116
75,117
75,118
75,119
75,120
75,121
75,122
75,123
75,124
75,125
75,126
75,127
75,128
75,129
75,130
75,131
75,132
75,133
75,134
75,136
75,137
75,138
75,140
75,141
75,143
75,144
75,145
75,147
75,148
75,149
75,150
75,151
75,152
75,153
75,154
75,155
75,157
76,77
76,78
76,79
76,80
76,82
76,83
76,84
76,85
76,86
76,87
76,88
76,89
76,90
76,91
76,92
76,93
76,94
76,95
76,96
76,97
76,98
76,99
76,100
76,101
76,102
76,103
76,104
76,106
76,107
76,108
76,109
76,110
76,111
76,112
76,113
76,114
76,115
76,116
76,117
76,118
76,119
76,120
76,121
76,122
76,123
76,124
76,125
76,126
76,127
76,128
76,129
76,130
76,131
76,132
76,133
76,134
76,136
76,137
76,138
76,139
76,140
76,142
76,143
76,146
76,149
76,150
76,153
76,161
76,162
76,164
76,168
76,171
76,173
76,178
76,190
76,192
77,78
77,79
77,80
77,81
77,82
77,83
77,84
77,85
77,86
77,87
77,88
77,90
77,91
77,92
77,93
77,94
77,95
77,96
77,97
77,98
77,99
77,100
77,101
77,102
77,103
77,104
77,105
77,106
77,107
77,108
77,109
77,110
77,111
77,112
77,113
77,114
77,115
77,116
77,117
77,118
77,119
78,79
78,80
78,81
78,82
78,83
78,84
78,85
78,86
78,87
78,88
78,89
78,90
78,91
78,92
78,93
78,94
78,95
78,96
78,97
78,98
78,99
78,100
78,101
78,102
78,103
78,104
79,80
79,81
79,82
79,83
79,84
79,85
79,86
79,87
79,88
79,89
79,90
79,91
79,92
79,93
79,94
79,95
79,96
79,97
79,98
79,99
79,100
79,101
79,102
79,103
79,104
79,105
79,106
79,107
79,108
79,109
79,110
79,111
79,112
79,113
79,114
79,115
79,116
79,117
79,118
79,119
79,120
79,121
79,122
79,123
79,124
79,125
79,126
79,127
79,128
79,129
79,130
79,131
79,132
79,133
79,134
79,135
79,136
79,137
79,138
79,139
79,140
79,142
79,143
79,144
79,145
79,146
79,147
79,148
79,149
79,150
79,151
79,152
79,153
79,154
79,155
80,81
80,82
80,83
80,84
80,85
80,86
80,87
80,88
80,89
81,82
81,83
81,84
81,85
81,86
81,87
81,88
81,89
81,90
81,91
81,92
81,93
81,94
81,95
81,96
81,97
81,98
81,99
81,100
81,101
81,102
81,103
81,104
81,105
81,106
81,107
81,108
81,109
81,110
81,111
81,112
81,113
81,114
81,115
81,116
81,117
81,118
81,119
81,120
81,121
81,122
81,123
81,124
81,125
81,126
81,127
81,128
82,83
82,84
82,85
82,86
82,87
82,88
82,89
82,90
82,91
82,92
82,93
82,94
82,95
82,101
82,104
82,114
82,121
82,126
82,128
82,134
82,142
82,143
82,146
82,149
82,150
82,153
82,161
82,162
82,164
82,168
82,171
82,173
82,178
82,190
82,192
83,84
83,85
83,87
83,88
83,89
83,90
83,91
83,93
83,94
83,95
83,96
83,97
83,98
83,99
83,100
83,101
83,102
83,103
83,104
83,105
85,86
85,87
85,88
85,89
85,90
85,91
85,92
85,93
85,94
85,95
85,96
85,97
85,98
85,99
85,100
85,101
85,102
85,103
85,104
85,105
85,107
85,108
85,109
85,110
85,111
85,112
85,113
85,114
85,115
85,116
85,117
85,118
85,119
85,120
85,121
85,122
85,124
85,125
85,126
85,128
85,130
85,131
85,132
85,133
85,134
85,135
85,136
85,137
85,139
85,140
85,141
85,142
85,143
85,144
85,145
85,146
85,147
85,148
85,149
85,150
85,151
85,152
85,153
85,154
85,155
85,156
85,157
85,158
85,159
85,163
85,164
85,165
85,167
85,168
85,170
85,171
85,173
85,177
85,179
85,181
85,183
85,186
85,193
85,194
86,87
86,88
86,89
86,90
86,91
86,92
86,93
86,94
86,95
86,96
86,97
86,98
86,99
86,100
86,101
86,102
86,103
86,104
86,105
86,106
86,107
86,108
86,109
86,110
86,111
86,112
87,88
87,89
87,90
87,91
87,92
87,93
87,94
87,95
87,97
87,98
87,99
87,100
87,101
87,102
87,103
87,104
87,105
87,106
87,107
87,108
87,109
87,110
87,111
87,112
87,113
87,114
87,115
87,116
87,117
87,118
87,119
87,120
88,89
88,90
88,91
88,92
88,93
88,94
88,95
88,96
88,97
88,98
88,99
88,100
88,101
88,102
88,103
88,104
88,105
88,106
88,107
88,108
88,109
88,110
88,111
88,112
88,113
88,114
88,115
88,116
88,117
88,118
88,119
88,120
88,121
88,122
88,123
88,124
88,125
88,126
88,127
88,128
88,129
88,130
88,131
88,132
88,133
88,134
88,135
88,136
88,137
88,138
88,139
88,140
88,141
88,142
88,143
88,144
88,145
88,146
88,147
88,148
88,149
88,150
88,151
88,152
88,153
88,154
88,155
88,156
88,158
88,159
88,160
88,161
88,162
88,163
88,164
88,165
89,90
89,91
89,92
89,93
89,94
89,95
89,96
89,97
89,98
90,91
90,92
90,93
90,94
90,95
90,96
90,97
90,98
90,99
90,100
91,92
91,93
91,94
91,101
91,104
91,114
91,121
91,126
91,128
91,134
91,142
91,143
91,146
91,149
91,150
91,153
91,161
91,162
91,164
91,168
91,171
91,173
91,178
91,190
91,192
92,93
92,94
92,95
92,96
92,97
93,94
93,95
93,96
93,97
93,98
93,99
93,100
93,101
93,102
93,103
93,104
93,105
93,106
93,107
93,108
94,95
94,96
94,97
94,98
94,99
94,100
94,101
94,102
94,103
94,104
94,105
94,106
94,107
94,108
94,109
94,110
94,111
94,112
94,113
94,114
94,115
94,116
94,117
94,118
94,119
94,120
94,121
94,122
94,123
94,124
94,125
94,126
94,127
94,129
94,130
94,131
94,132
94,133
94,135
94,136
95,96
95,97
95,98
95,99
95,100
95,101
95,102
95,104
95,105
95,106
95,107
95,108
95,109
95,110
96,97
96,98
96,99
96,100
96,101
96,102
96,103
96,104
96,105
96,106
96,107
96,108
96,109
96,110
96,111
96,112
96,113
96,114
96,115
96,116
96,117
96,118
96,119
96,120
96,121
96,122
96,123
96,124
97,98
97,99
97,100
97,101
97,102
97,103
97,104
97,105
97,106
97,107
97,108
97,109
97,110
97,111
97,112
97,113
97,114
97,115
97,116
97,117
97,118
97,119
97,120
97,121
97,122
98,99
98,100
98,101
98,102
98,103
98,104
98,105
98,106
98,107
98,108
98,109
98,110
98,111
98,112
98,113
98,114
98,115
98,116
98,117
98,118
98,119
98,120
98,121
98,122
98,123
98,124
98,125
98,126
98,128
98,129
98,130
98,131
98,132
98,133
98,134
98,135
99,100
99,101
99,102
99,103
99,104
99,105
99,106
99,107
99,108
99,109
99,110
99,111
99,112
99,113
99,114
99,115
99,116
99,118
99,119
99,120
99,121
99,122
99,123
99,124
99,125
99,126
99,127
99,128
99,129
99,130
99,131
99,132
99,133
99,135
99,136
99,137
99,139
99,140
99,141
99,142
99,143
99,144
99,145
99,146
99,147
99,148
99,149
99,150
99,151
99,152
99,153
99,154
99,155
99,157
99,158
99,159
99,160
99,163
99,165
99,167
99,168
99,169
99,170
99,171
99,172
99,173
99,175
100,101
101,102
101,103
101,104
101,105
101,106
101,107
101,108
101,109
101,110
101,111
101,112
101,113
101,114
101,115
101,116
101,121
101,126
101,128
101,134
101,142
101,143
101,146
101,149
101,150
101,153
101,161
101,162
101,164
101,168
101,171
101,173
101,178
101,190
101,192
102,103
102,104
102,105
102,106
102,107
102,108
102,109
102,111
102,112
102,113
102,114
102,115
102,116
102,117
102,118
102,120
102,121
102,122
102,123
102,124
102,125
102,126
102,127
102,128
102,129
102,130
102,131
103,104
103,105
103,106
103,107
103,108
103,109
103,110
103,111
103,112
103,113
103,114
103,115
103,116
103,117
104,105
104,106
104,107
104,108
104,109
104,110
104,111
104,112
104,113
104,114
104,115
104,121
104,126
104,128
104,134
104,142
104,143
104,146
104,149
104,150
104,153
104,161
104,162
104,164
104,168
104,171
104,173
104,178
104,190
104,192
105,106
105,107
106,107
106,108
106,110
106,111
106,112
106,113
106,114
106,115
106,116
106,117
106,118
106,119
106,120
106,121
106,122
106,123
106,124
106,125
106,126
106,127
106,128
106,129
106,130
106,131
106,132
106,134
106,135
106,136
106,137
106,138
106,139
106,140
106,141
106,142
106,143
106,144
106,145
106,147
106,148
106,149
106,150
106,151
106,152
106,153
106,154
106,155
106,156
106,157
106,158
106,160
106,161
106,163
106,164
106,165
106,166
106,167
106,168
106,169
106,171
106,172
106,173
107,109
107,110
107,111
107,112
107,113
107,114
107,115
107,116
107,117
107,118
107,119
107,120
107,121
107,122
107,123
107,124
107,125
107,126
107,127
107,128
107,130
107,131
107,132
107,133
107,134
107,135
107,136
107,137
107,138
107,139
107,140
107,141
107,142
107,143
107,144
107,145
107,146
107,147
107,148
107,149
107,150
107,151
107,152
107,153
107,154
107,155
107,156
107,157
107,158
107,159
107,160
107,161
107,162
107,163
107,164
107,165
107,166
107,167
107,168
107,169
107,170
107,171
107,172
107,173
107,174
107,175
107,176
108,109
108,110
108,111
108,112
108,113
108,114
108,115
108,116
108,117
108,118
108,119
108,120
108,121
108,122
108,123
109,110
109,111
109,112
109,113
109,114
109,115
109,116
109,117
109,118
109,119
109,120
109,121
109,122
109,123
109,124
109,125
109,126
109,127
109,128
109,129
109,130
109,131
109,132
109,133
109,134
109,135
109,136
109,137
109,138
109,139
109,140
109,141
109,142
109,143
109,144
109,145
109,146
109,147
109,148
109,150
109,151
109,152
109,153
109,154
109,155
109,156
109,157
109,158
109,159
109,160
109,161
109,162
109,163
109,164
109,165
109,166
109,167
109,168
109,169
109,170
109,171
109,172
109,173
109,174
109,175
109,176
109,177
109,178
110,111
110,112
110,113
110,114
110,115
110,116
110,117
110,118
110,119
110,120
110,121
110,122
110,123
110,124
110,125
110,126
110,127
110,128
110,129
110,130
110,132
110,133
110,134
110,135
110,136
110,137
110,138
110,139
110,140
110,141
110,142
110,143
110,144
110,145
110,146
110,147
110,148
110,149
110,150
111,112
111,113
111,114
111,115
111,116
111,117
111,118
111,119
111,120
111,121
111,122
111,123
111,124
111,125
111,126
111,127
111,128
111,129
111,130
111,131
111,132
111,133
111,134
111,135
111,136
111,137
111,138
111,139
111,140
111,141
112,113
112,114
112,115
112,116
112,117
112,118
112,119
112,120
112,121
112,122
112,123
112,124
112,125
112,126
112,127
112,128
112,129
112,130
112,131
112,132
112,133
112,134
112,135
112,136
112,137
112,138
112,139
112,140
112,141
112,142
112,143
112,144
112,145
112,146
112,147
112,149
112,150
112,151
112,152
112,153
112,154
112,155
112,156
112,157
112,158
112,159
112,160
112,161
112,162
112,163
112,164
112,165
112,166
112,167
112,169
112,170
112,171
112,172
112,174
112,175
112,176
112,177
112,178
112,179
112,181
112,183
112,185
112,186
112,187
112,188
112,189
112,192
112,194
112,195
112,196
112,197
112,198
112,199
113,114
114,115
114,116
114,118
114,120
114,121
114,122
114,123
114,124
114,125
114,126
114,127
114,128
114,129
114,130
114,131
114,132
114,133
114,134
114,135
114,136
114,137
114,138
114,139
114,142
114,143
114,146
114,149
114,150
114,153
114,161
114,162
114,164
114,168
114,171
114,173
114,178
114,190
114,192
115,116
115,118
115,119
115,120
115,121
115,122
115,123
115,124
115,125
115,126
115,127
115,128
115,129
115,130
115,131
115,132
115,133
115,134
115,135
115,136
115,137
115,138
115,139
115,140
115,141
115,142
115,143
115,144
115,145
115,146
115,147
116,117
116,118
116,119
116,120
116,121
116,122
116,123
116,124
116,125
116,126
116,127
116,128
116,129
116,130
116,132
117,118
117,119
117,120
117,121
117,122
117,123
117,124
117,125
117,126
117,127
118,119
118,120
118,121
118,122
118,123
118,124
118,126
118,127
118,128
118,129
118,130
118,131
118,132
118,133
118,134
118,135
118,136
118,137
118,138
118,139
118,140
118,141
118,142
118,143
118,144
118,145
118,146
118,147
118,148
118,149
118,150
118,151
119,120
119,121
119,122
119,123
119,124
119,125
119,126
120,121
120,122
120,123
120,124
120,125
120,126
120,127
120,128
120,129
120,130
120,131
120,132
120,133
120,134
120,135
120,136
120,137
120,138
120,139
120,140
120,141
120,142
120,143
120,144
120,145
120,146
120,147
120,148
120,149
120,150
120,151
120,152
120,153
120,155
120,156
120,158
120,159
120,160
120,161
120,162
121,122
121,123
121,124
121,125
121,126
121,127
121,128
121,130
121,131
121,132
121,133
121,134
121,142
121,143
121,146
121,149
121,150
121,153
121,161
121,162
121,164
121,168
121,171
121,173
121,178
121,190
121,192
122,123
122,124
122,125
122,126
122,127
122,128
122,129
122,130
122,131
122,132
122,133
122,134
122,135
122,136
122,137
122,138
122,139
122,140
122,141
122,142
122,143
123,124
123,125
124,125
124,126
124,127
124,128
124,129
125,126
125,127
125,128
125,129
125,131
125,132
125,133
125,134
125,135
125,136
125,137
125,138
125,139
125,140
125,141
125,142
125,143
125,144
125,145
125,146
125,148
125,149
125,150
125,151
125,152
125,153
125,154
125,156
125,157
125,158
125,159
125,160
125,161
125,162
125,164
125,165
125,166
125,167
126,127
126,128
126,129
126,130
126,132
126,133
126,134
126,135
126,136
126,137
126,138
126,139
126,140
126,141
126,142
126,143
126,144
126,145
126,146
126,147
126,148
126,149
126,150
126,151
126,152
126,153
126,161
126,162
126,164
126,168
126,171
126,173
126,178
126,190
126,192
127,128
127,129
127,130
127,131
127,132
127,133
127,134
127,135
127,136
127,137
127,138
127,139
127,140
127,141
127,142
127,143
127,144
127,145
127,146
127,147
127,148
127,149
127,150
127,151
127,152
127,153
127,154
127,155
127,156
127,157
127,158
127,159
127,160
127,161
127,162
127,163
127,164
127,165
127,166
127,167
127,168
127,169
127,170
127,171
127,172
127,173
127,174
127,175
127,176
127,177
127,178
127,179
127,180
127,181
127,182
127,183
127,184
127,185
127,186
127,188
127,189
127,190
127,192
127,193
127,194
127,195
127,198
128,129
128,130
128,131
128,132
128,134
128,136
128,137
128,138
128,139
128,140
128,141
128,142
128,143
128,144
128,145
128,146
128,147
128,148
128,149
128,150
128,151
128,152
128,153
128,154
128,155
128,156
128,157
128,158
128,159
128,160
128,161
128,162
128,163
128,164
128,165
128,166
128,167
128,168
128,169
128,170
128,171
128,172
128,173
128,174
128,175
128,176
128,177
128,178
128,179
128,180
128,181
128,182
128,183
128,184
128,185
128,186
128,187
128,188
128,189
128,190
128,191
128,192
128,193
128,194
128,195
128,196
128,198
128,199
129,130
129,131
129,132
129,133
129,134
129,135
129,136
129,137
129,138
129,139
129,140
129,141
129,142
129,143
129,144
129,145
129,146
129,147
129,148
129,149
129,150
129,151
129,152
129,153
129,154
129,155
129,156
129,157
129,158
129,159
129,160
129,161
129,162
129,163
129,164
129,165
129,166
129,167
129,168
129,169
129,170
129,171
129,172
129,173
129,174
129,175
129,176
129,177
129,178
129,179
129,180
129,181
129,182
129,183
129,184
129,185
129,186
129,187
129,188
129,189
129,190
130,131
130,133
130,134
130,135
130,136
130,137
131,132
131,133
131,134
131,135
131,136
131,137
131,138
131,139
131,140
131,141
131,142
131,144
132,133
132,134
133,134
133,135
133,136
133,137
133,138
133,139
133,140
133,141
133,142
133,143
133,144
133,145
133,146
133,147
133,148
133,149
133,150
133,151
133,152
133,153
133,154
133,155
133,156
133,157
133,158
133,159
133,160
133,161
133,162
133,163
133,164
133,165
133,166
133,167
133,168
133,169
133,171
133,172
133,174
133,175
133,176
133,177
133,178
133,179
133,180
133,181
133,182
133,183
133,184
133,185
133,186
133,187
133,188
133,189
134,135
134,136
134,137
134,138
134,139
134,140
134,141
134,142
134,143
134,144
134,145
134,146
134,147
134,148
134,149
134,150
134,151
134,152
134,153
134,154
134,155
134,156
134,157
134,158
134,159
134,160
134,161
134,162
134,163
134,164
134,165
134,166
134,167
134,168
134,169
134,170
134,171
134,172
134,173
134,174
134,175
134,176
134,177
134,178
134,179
134,190
134,192
135,136
135,137
135,138
135,139
135,140
135,141
135,142
135,143
135,144
135,145
136,137
136,138
136,139
136,140
136,141
136,142
136,143
136,144
136,145
136,146
136,147
136,148
136,149
136,150
136,151
136,152
136,153
136,154
136,155
136,156
136,157
136,158
136,159
136,160
136,161
136,163
136,164
136,165
136,166
136,167
136,168
136,169
136,170
136,171
136,172
136,173
136,174
136,175
136,176
136,177
136,178
136,179
136,181
136,182
136,183
136,184
136,185
136,186
136,187
136,188
136,189
136,190
136,191
136,192
136,193
136,194
136,195
136,196
136,197
136,198
136,199
137,138
137,139
137,140
137,141
137,142
137,143
137,144
137,145
137,146
137,147
137,148
137,149
137,150
137,151
137,152
137,153
137,154
137,155
137,156
137,157
137,158
137,159
137,160
137,161
137,162
137,163
137,164
137,165
137,166
137,167
137,168
137,169
137,170
137,171
137,172
137,173
137,174
137,175
137,176
137,177
137,178
137,179
137,180
137,181
137,182
137,183
138,139
138,140
138,141
138,142
138,143
138,144
138,145
138,146
138,147
138,148
138,149
139,140
139,141
139,142
139,144
139,145
139,146
139,147
139,148
139,149
139,150
139,151
139,152
139,153
139,154
139,155
139,156
139,157
139,158
139,159
139,160
139,161
139,162
139,163
139,164
139,165
139,166
139,167
139,168
139,169
139,170
139,171
140,141
140,142
140,143
140,144
140,146
140,147
140,148
140,149
140,150
140,151
140,152
140,153
140,154
140,155
140,156
140,157
140,158
140,159
140,160
140,161
140,162
140,163
140,164
140,165
140,166
140,167
140,168
140,169
140,170
140,171
140,172
140,173
140,174
140,175
140,176
140,177
140,178
140,179
140,180
140,181
140,182
140,183
140,184
140,185
140,186
140,187
140,188
140,189
140,190
140,191
140,192
140,193
140,194
140,195
140,196
140,197
140,198
140,199
141,142
141,143
141,144
141,145
141,147
141,148
142,143
142,144
142,145
142,146
142,147
142,148
142,149
142,150
142,152
142,153
142,154
142,155
142,156
142,157
142,158
142,159
142,160
142,161
142,162
142,163
142,164
142,165
142,166
142,167
142,168
142,169
142,170
142,171
142,173
142,174
142,175
142,176
142,177
142,178
142,179
142,180
142,181
142,182
142,183
142,184
142,185
142,186
142,187
142,188
142,189
142,190
142,191
142,192
142,193
142,194
142,195
142,196
142,197
142,198
142,199
143,144
143,145
143,146
143,147
143,148
143,149
143,150
143,151
143,152
143,153
143,154
143,155
143,156
143,157
143,158
143,159
143,160
143,161
143,162
143,164
143,165
143,166
143,167
143,168
143,169
143,170
143,171
143,172
143,173
143,174
143,175
143,176
143,177
143,178
143,179
143,180
143,181
143,182
143,183
143,184
143,185
143,186
143,187
143,188
143,189
143,190
143,191
143,192
144,145
144,146
144,147
144,148
144,149
144,150
144,152
144,153
144,154
145,146
145,147
145,148
145,149
145,150
145,151
145,152
145,153
145,154
145,155
145,156
146,147
146,148
146,149
146,150
146,151
146,152
146,153
146,154
146,155
146,156
146,157
146,158
146,159
146,160
146,161
146,162
146,163
146,164
146,165
146,166
146,167
146,168
146,169
146,170
146,171
146,172
146,173
146,174
146,175
146,176
146,177
146,178
146,179
146,180
146,181
146,182
146,183
146,184
146,186
146,187
146,188
146,189
146,190
146,191
146,192
146,193
146,194
146,195
146,196
146,197
146,198
146,199
147,148
147,149
147,150
147,151
147,152
147,153
147,154
147,155
147,156
147,157
147,158
148,149
148,150
148,151
148,152
148,153
148,154
148,155
148,156
148,157
148,158
148,159
148,160
148,161
148,162
148,163
148,165
148,166
148,167
148,168
148,169
148,170
148,171
148,172
148,173
148,174
148,175
148,176
148,177
149,150
149,151
149,152
149,153
149,154
149,155
149,156
149,157
149,158
149,159
149,161
149,162
149,163
149,164
149,165
149,166
149,167
149,168
149,169
149,170
149,171
149,172
149,173
149,174
149,175
149,176
149,177
149,178
149,179
149,180
149,181
149,182
149,183
149,184
149,185
149,186
149,187
149,188
149,189
149,190
149,191
149,192
149,193
149,195
149,196
149,197
149,198
149,199
150,151
150,152
150,153
150,154
150,155
150,156
150,157
150,158
150,159
150,160
150,161
150,162
150,163
150,164
150,165
150,166
150,168
150,169
150,170
150,171
150,172
150,173
150,174
150,175
150,176
150,177
150,178
150,179
150,180
150,181
150,182
150,183
150,184
150,185
150,186
150,187
150,188
150,189
150,190
150,191
150,192
150,193
150,194
150,196
150,197
150,198
150,199
151,152
151,153
151,154
151,155
151,156
151,157
151,158
151,159
151,160
152,153
152,154
152,155
152,156
152,157
152,158
152,159
153,154
153,155
153,156
153,157
153,158
153,159
153,160
153,161
153,162
153,164
153,168
153,171
153,173
153,178
153,190
153,192
154,155
154,156
154,157
154,158
154,159
154,160
154,161
154,162
154,163
154,164
154,166
154,167
154,168
154,169
154,170
154,171
154,172
154,173
154,174
154,175
154,176
154,177
154,178
154,179
154,180
154,181
154,182
154,184
154,185
154,186
154,187
154,188
154,189
154,190
154,191
154,193
154,194
154,195
154,196
154,197
155,156
155,157
155,158
155,159
155,160
155,161
155,162
155,163
155,164
155,165
155,166
155,167
156,157
156,158
156,159
156,160
156,161
156,162
156,163
156,164
156,165
156,166
156,167
156,168
156,169
156,170
156,171
156,172
156,173
156,174
156,175
156,176
156,177
156,178
156,179
156,180
156,181
156,182
156,183
156,184
156,185
156,186
156,187
156,188
156,189
156,190
156,191
156,192
156,193
156,194
157,158
157,160
157,161
157,162
157,163
157,164
157,165
157,166
157,167
157,168
157,169
157,170
157,171
157,172
157,173
157,174
157,175
157,176
157,177
157,178
157,179
157,180
157,181
157,182
157,183
157,184
157,185
157,186
157,187
157,188
157,189
157,190
157,191
157,192
157,193
157,194
157,195
157,196
157,197
157,198
157,199
158,159
158,160
158,161
158,162
158,163
159,160
159,161
159,162
159,163
159,164
159,165
159,166
159,167
159,168
159,169
159,170
159,171
159,172
159,173
159,174
159,175
159,176
159,177
159,178
159,179
159,180
159,181
159,182
159,183
159,184
160,161
160,162
160,163
160,164
161,162
161,163
161,164
161,165
161,166
161,167
161,168
161,169
161,170
161,171
161,173
161,174
161,175
161,177
161,178
161,179
161,180
161,181
161,182
161,183
161,184
161,185
161,186
161,187
161,188
161,189
161,190
161,191
161,192
161,193
161,194
161,195
161,196
161,197
161,198
161,199
162,163
162,164
162,165
162,166
162,167
162,168
162,169
162,170
162,171
162,172
162,173
162,178
162,190
162,192
163,164
163,165
163,166
163,167
163,168
163,169
163,170
163,171
163,172
163,173
163,174
163,175
163,176
163,177
163,178
163,179
163,180
163,181
163,182
163,183
163,184
163,185
163,186
163,187
163,188
163,189
163,190
163,191
163,192
163,193
163,194
163,195
163,196
163,197
163,198
163,199
164,165
164,166
164,168
164,171
164,173
164,178
164,190
164,192
165,166
165,167
165,168
165,169
165,170
165,171
165,172
165,173
165,174
165,175
165,176
165,177
165,178
165,179
165,180
165,181
165,182
165,183
165,184
165,185
165,186
165,188
165,190
165,191
165,192
165,193
165,194
165,195
165,196
165,197
165,198
165,199
166,167
166,168
166,169
166,170
166,171
166,172
166,173
166,174
166,175
166,176
166,177
166,178
166,179
166,180
166,181
166,182
166,183
166,185
166,186
167,168
167,169
167,170
167,171
167,172
167,173
167,174
167,175
167,176
167,177
167,178
167,180
167,181
167,182
167,183
167,184
167,185
167,186
167,187
167,188
167,189
167,190
167,191
167,192
167,193
167,194
167,195
167,196
167,197
167,198
167,199
168,171
168,173
168,178
168,190
168,192
169,170
169,171
169,172
169,173
169,175
169,176
169,177
169,178
169,179
169,180
169,181
169,182
169,183
169,184
169,186
169,187
169,188
169,189
169,190
169,191
169,192
169,193
169,194
169,195
169,196
169,197
169,198
169,199
170,172
170,173
170,174
171,172
171,173
171,174
171,175
171,176
171,177
171,178
171,179
171,180
171,190
171,192
172,173
172,174
172,175
172,176
172,177
172,178
172,179
172,180
173,174
173,175
173,176
173,177
173,178
173,179
173,180
173,181
173,182
173,183
173,184
173,185
173,186
173,187
173,188
173,189
173,190
173,191
173,192
173,193
173,194
173,195
173,196
173,198
173,199
174,175
174,176
174,177
174,178
174,179
174,180
174,181
174,182
174,183
174,184
174,185
174,186
174,187
174,188
174,189
174,191
174,192
174,193
174,194
174,195
174,196
174,198
174,199
175,176
175,177
175,178
175,179
175,180
175,181
175,182
175,183
175,184
175,185
175,186
175,187
175,188
175,189
175,190
175,191
176,177
176,178
176,179
176,180
176,182
176,183
176,184
176,185
176,186
176,187
176,188
176,189
176,190
176,191
176,192
176,193
176,194
176,195
176,196
176,197
176,198
176,199
177,178
177,179
177,180
177,182
177,183
177,184
177,185
177,186
177,187
177,188
177,189
177,190
177,191
177,192
177,193
177,194
177,195
177,196
177,197
177,198
177,199
178,179
178,180
178,181
178,182
178,183
178,184
178,185
178,186
178,187
178,188
178,189
178,190
178,191
178,192
178,193
178,194
178,195
178,196
178,197
178,198
178,199
179,180
179,181
179,182
179,183
179,184
179,185
179,186
179,187
179,188
179,189
179,190
179,191
179,192
179,193
179,194
179,195
180,181
180,182
180,183
180,184
180,185
180,186
180,187
180,188
180,189
180,190
180,191
180,192
180,193
180,194
180,195
180,196
180,197
180,198
180,199
181,182
181,183
181,184
181,185
181,186
181,187
183,184
183,185
183,186
183,187
183,188
183,191
183,192
183,193
183,194
183,195
183,196
184,185
185,186
185,187
185,188
185,189
185,190
185,191
185,192
185,193
185,194
185,196
185,197
185,198
185,199
186,187
186,188
186,189
186,190
186,191
186,192
186,193
186,194
186,195
186,196
186,197
186,198
186,199
187,188
187,189
187,190
187,191
187,192
187,193
187,194
187,195
187,196
187,197
187,198
187,199
188,189
188,190
188,191
188,192
188,193
188,194
188,195
188,196
188,197
188,198
188,199
189,190
189,191
189,192
189,193
190,191
190,192
190,193
190,195
190,196
190,197
191,192
191,193
191,194
191,195
191,196
191,197
191,198
191,199
192,193
192,194
192,195
192,196
192,197
192,198
192,199
193,194
193,195
193,196
193,197
193,198
193,199
194,195
194,196
194,198
194,199
195,196
195,197
195,198
195,199
196,197
196,198
196,199
198,199
