0,1
0,2
0,3
0,4
0,5
0,6
0,7
0,8
0,9
0,10
0,11
0,12
0,13
0,14
0,15
0,16
0,17
0,18
0,19
0,20
0,21
0,22
0,23
0,24
0,25
0,26
0,27
0,28
0,29
0,30
0,31
0,32
0,33
0,34
0,35
0,36
0,37
0,38
0,39
0,40
0,41
0,42
0,43
0,44
0,45
1,2
1,3
1,4
1,5
1,6
1,7
1,8
1,9
1,10
1,11
1,12
1,13
1,14
1,15
1,16
1,17
1,18
1,19
1,20
1,21
1,22
1,23
1,24
1,25
1,26
1,27
1,28
1,29
1,30
1,31
1,32
1,33
1,34
1,35
1,36
1,37
1,38
1,39
1,40
1,41
1,42
1,43
1,44
1,45
2,3
2,4
2,5
2,6
2,7
2,8
2,9
2,10
2,11
2,12
2,13
2,14
2,15
2,16
2,17
2,18
2,19
2,20
2,21
2,22
2,23
2,24
2,25
2,26
2,27
2,28
2,29
2,30
2,31
2,32
2,33
2,34
2,35
2,36
2,37
2,38
2,39
2,40
2,41
2,42
2,43
2,44
2,45
3,4
3,5
3,6
3,7
3,8
3,9
3,10
3,11
3,12
3,13
3,14
3,15
3,16
3,17
3,18
3,19
3,20
3,21
3,22
3,23
3,24
3,25
3,26
3,27
3,28
3,29
3,30
3,31
3,32
3,33
3,34
3,35
3,36
3,37
3,38
3,39
3,40
3,41
3,42
3,43
3,44
3,45
3,57
3,59
3,61
3,69
3,70
3,73
3,79
3,84
3,97
3,98
3,106
3,108
3,111
3,119
3,121
3,122
3,131
3,139
3,140
3,141
3,142
3,145
3,155
3,156
3,157
3,160
3,161
3,179
3,183
3,185
3,186
3,188
3,191
3,195
3,198
4,5
4,6
4,7
4,8
4,9
4,10
4,11
4,12
4,13
4,14
4,15
4,16
4,17
4,18
4,19
4,20
4,21
4,22
4,23
4,24
4,25
4,26
4,27
4,28
4,29
4,30
4,31
4,32
4,33
4,34
4,35
4,36
4,37
4,38
4,39
4,40
4,41
4,42
4,43
4,44
4,45
5,6
5,7
5,8
5,9
5,10
5,11
5,12
5,13
5,14
5,15
5,16
5,17
5,18
5,19
5,20
5,21
5,22
5,23
5,24
5,25
5,26
5,27
5,28
5,29
5,30
5,31
5,32
5,33
5,34
5,35
5,36
5,37
5,38
5,39
5,40
5,41
5,42
5,43
5,44
5,45
5,57
5,59
5,61
5,69
5,70
5,73
5,79
5,84
5,97
5,98
5,106
5,108
5,111
5,119
5,121
5,122
5,131
5,139
5,140
5,141
5,142
5,145
5,155
5,156
5,157
5,160
5,161
5,179
5,183
5,185
5,186
5,188
5,191
5,195
5,198
6,7
6,8
6,9
6,10
6,11
6,12
6,13
6,14
6,15
6,16
6,17
6,18
6,19
6,20
6,21
6,22
6,23
6,24
6,25
6,26
6,27
6,28
6,29
6,30
6,31
6,32
6,33
6,34
6,35
6,36
6,37
6,38
6,39
6,40
6,41
6,42
6,43
6,44
6,45
6,57
6,59
6,61
6,69
6,70
6,73
6,79
6,84
6,97
6,98
6,106
6,108
6,111
6,119
6,121
6,122
6,131
6,139
6,140
6,141
6,142
6,145
6,155
6,156
6,157
6,160
6,161
6,179
6,183
6,185
6,186
6,188
6,191
6,195
6,198
7,8
7,9
7,10
7,11
7,12
7,13
7,14
7,15
7,16
7,17
7,18
7,19
7,20
7,21
7,22
7,23
7,24
7,25
7,26
7,27
7,28
7,29
7,30
7,31
7,32
7,33
7,34
7,35
7,36
7,37
7,38
7,39
7,40
7,41
7,42
7,43
7,44
7,45
8,9
8,10
8,11
8,12
8,13
8,14
8,15
8,16
8,17
8,18
8,19
8,20
8,21
8,22
8,23
8,24
8,25
8,26
8,27
8,28
8,29
8,30
8,31
8,32
8,33
8,34
8,35
8,36
8,37
8,38
8,39
8,40
8,41
8,42
8,43
8,44
8,45
9,10
9,11
9,12
9,13
9,14
9,15
9,16
9,17
9,18
9,19
9,20
9,21
9,22
9,23
9,24
9,25
9,26
9,27
9,28
9,29
9,30
9,31
9,32
9,33
9,34
9,35
9,36
9,37
9,38
9,39
9,40
9,41
9,42
9,43
9,44
9,45
10,11
10,12
10,13
10,14
10,15
10,16
10,17
10,18
10,19
10,20
10,21
10,22
10,23
10,24
10,25
10,26
10,27
10,28
10,29
10,30
10,31
10,32
10,33
10,34
10,35
10,36
10,37
10,38
10,39
10,40
10,41
10,42
10,43
10,44
10,45
11,12
11,13
11,14
11,15
11,16
11,17
11,18
11,19
11,20
11,21
11,22
11,23
11,24
11,25
11,26
11,27
11,28
11,29
11,30
11,31
11,32
11,33
11,34
11,35
11,36
11,37
11,38
11,39
11,40
11,41
11,42
11,43
11,44
11,45
11,57
11,59
11,61
11,69
11,70
11,73
11,79
11,84
11,97
11,98
11,106
11,108
11,111
11,119
11,121
11,122
11,131
11,139
11,140
11,141
11,142
11,145
11,155
11,156
11,157
11,160
11,161
11,179
11,183
11,185
11,186
11,188
11,191
11,195
11,198
12,13
12,14
12,15
12,16
12,17
12,18
12,19
12,20
12,21
12,22
12,23
12,24
12,25
12,26
12,27
12,28
12,29
12,30
12,31
12,32
12,33
12,34
12,35
12,36
12,37
12,38
12,39
12,40
12,41
12,42
12,43
12,44
12,45
13,14
13,15
13,16
13,17
13,18
13,19
13,20
13,21
13,22
13,23
13,24
13,25
13,26
13,27
13,28
13,29
13,30
13,31
13,32
13,33
13,34
13,35
13,36
13,37
13,38
13,39
13,40
13,41
13,42
13,43
13,44
13,45
14,15
14,16
14,17
14,18
14,19
14,20
14,21
14,22
14,23
14,24
14,25
14,26
14,27
14,28
14,29
14,30
14,31
14,32
14,33
14,34
14,35
14,36
14,37
14,38
14,39
14,40
14,41
14,42
14,43
14,44
14,45
15,16
15,17
15,18
15,19
15,20
15,21
15,22
15,23
15,24
15,25
15,26
15,27
15,28
15,29
15,30
15,31
15,32
15,33
15,34
15,35
15,36
15,37
15,38
15,39
15,40
15,41
15,42
15,43
15,44
16,17
16,18
16,19
16,20
16,21
16,22
16,23
16,24
16,25
16,26
16,27
16,28
16,29
16,30
16,31
16,32
16,33
16,34
16,35
16,36
16,37
16,38
16,39
16,40
16,41
16,42
16,43
16,44
16,45
16,57
16,59
16,61
16,69
16,70
16,73
16,79
16,84
16,97
16,98
16,106
16,108
16,111
16,119
16,121
16,122
16,131
16,139
16,140
16,141
16,142
16,145
16,155
16,156
16,157
16,160
16,161
16,179
16,183
16,185
16,186
16,188
16,191
16,195
16,198
17,18
17,19
17,20
17,21
17,22
17,23
17,24
17,25
17,26
17,27
17,28
17,29
17,30
17,31
17,32
17,33
17,34
17,35
17,36
17,37
17,38
17,39
17,40
17,41
17,42
17,43
17,44
17,45
18,19
18,20
18,21
18,22
18,23
18,24
18,25
18,26
18,27
18,28
18,29
18,30
18,31
18,32
18,33
18,34
18,35
18,36
18,37
18,38
18,39
18,40
18,41
18,42
18,43
18,44
18,45
19,20
19,21
19,22
19,23
19,24
19,25
19,26
19,27
19,28
19,29
19,30
19,31
19,32
19,33
19,34
19,35
19,36
19,37
19,38
19,39
19,40
19,41
19,42
19,43
19,44
19,45
20,21
20,22
20,23
20,24
20,25
20,26
20,27
20,28
20,29
20,30
20,31
20,32
20,33
20,34
20,35
20,36
20,37
20,38
20,39
20,40
20,41
20,42
20,43
20,44
20,45
20,57
20,59
20,61
20,69
20,70
20,73
20,79
20,84
20,97
20,98
20,106
20,108
20,111
20,119
20,121
20,122
20,131
20,139
20,140
20,141
20,142
20,145
20,155
20,156
20,157
20,160
20,161
20,179
20,183
20,185
20,186
20,188
20,191
20,195
20,198
21,22
21,23
21,24
21,25
21,26
21,27
21,28
21,29
21,30
21,31
21,32
21,33
21,34
21,35
21,36
21,37
21,38
21,39
21,40
21,41
21,42
21,43
21,44
21,45
21,57
21,59
21,61
21,69
21,70
21,73
21,79
21,84
21,97
21,98
21,106
21,108
21,111
21,119
21,121
21,122
21,131
21,139
21,140
21,141
21,142
21,145
21,155
21,156
21,157
21,160
21,161
21,179
21,183
21,185
21,186
21,188
21,191
21,195
21,198
22,23
22,24
22,25
22,26
22,27
22,28
22,29
22,30
22,31
22,32
22,33
22,34
22,35
22,36
22,37
22,38
22,39
22,40
22,41
22,42
22,43
22,44
22,45
22,57
22,59
22,61
22,69
22,70
22,73
22,79
22,84
22,97
22,98
22,106
22,108
22,111
22,119
22,121
22,122
22,131
22,139
22,140
22,141
22,142
22,145
22,155
22,156
22,157
22,160
22,161
22,179
22,183
22,185
22,186
22,188
22,191
22,195
22,198
23,24
23,25
23,26
23,27
23,28
23,29
23,30
23,31
23,32
23,33
23,34
23,35
23,36
23,37
23,38
23,39
23,40
23,41
23,42
23,43
23,44
23,45
24,25
24,26
24,27
24,28
24,29
24,30
24,31
24,32
24,33
24,34
24,35
24,36
24,37
24,38
24,39
24,40
24,41
24,42
24,43
24,44
24,45
24,57
24,59
24,61
24,69
24,70
24,73
24,79
24,84
24,97
24,98
24,106
24,108
24,111
24,119
24,121
24,122
24,131
24,139
24,140
24,141
24,142
24,145
24,155
24,156
24,157
24,160
24,161
24,179
24,183
24,185
24,186
24,188
24,191
24,195
24,198
25,26
25,27
25,28
25,29
25,30
25,31
25,32
25,33
25,34
25,35
25,36
25,37
25,38
25,39
25,40
25,41
25,42
25,43
25,44
25,45
26,27
26,28
26,29
26,30
26,31
26,32
26,33
26,34
26,35
26,36
26,37
26,38
26,39
26,40
26,41
26,42
26,43
26,44
26,45
26,57
26,59
26,61
26,69
26,70
26,73
26,79
26,84
26,97
26,98
26,106
26,108
26,111
26,119
26,121
26,122
26,131
26,139
26,140
26,141
26,142
26,145
26,155
26,156
26,157
26,160
26,161
26,179
26,183
26,185
26,186
26,188
26,191
26,195
26,198
27,28
27,29
27,30
27,31
27,32
27,33
27,34
27,35
27,36
27,37
27,38
27,39
27,40
27,41
27,42
27,43
27,44
27,45
28,29
28,30
28,31
28,32
28,33
28,34
28,35
28,36
28,37
28,38
28,39
28,40
28,41
28,42
28,43
28,44
28,45
29,30
29,31
29,32
29,33
29,34
29,35
29,36
29,37
29,38
29,39
29,40
29,41
29,42
29,43
29,44
29,45
30,31
30,32
30,33
30,34
30,35
30,36
30,37
30,38
30,39
30,40
30,41
30,42
30,43
30,44
30,45
31,32
31,33
31,34
31,35
31,36
31,37
31,38
31,39
31,40
31,41
31,42
31,43
31,44
31,45
32,33
32,34
32,35
32,36
32,37
32,38
32,39
32,40
32,41
32,42
32,43
32,44
32,45
33,34
33,35
33,36
33,37
33,38
33,39
33,40
33,41
33,42
33,43
33,44
33,45
34,35
34,36
34,37
34,38
34,39
34,40
34,41
34,42
34,43
34,44
34,45
35,36
35,37
35,38
35,39
35,40
35,41
35,42
35,43
35,44
35,45
35,57
35,59
35,61
35,69
35,70
35,73
35,79
35,84
35,97
35,98
35,106
35,108
35,111
35,119
35,121
35,122
35,131
35,139
35,140
35,141
35,142
35,145
35,155
35,156
35,157
35,160
35,161
35,179
35,183
35,185
35,186
35,188
35,191
35,195
35,198
36,37
36,38
36,39
36,40
36,41
36,42
36,43
36,44
36,45
37,38
37,39
37,40
37,41
37,42
37,43
37,44
37,45
38,39
38,40
38,41
38,42
38,43
38,44
38,45
39,40
39,41
39,42
39,43
39,44
39,45
40,41
40,42
40,43
40,44
40,45
41,42
41,43
41,44
41,45
42,43
42,44
42,45
43,44
43,45
44,45
57,59
57,61
57,69
57,70
57,73
57,79
57,84
57,97
57,98
57,106
57,108
57,111
57,119
57,121
57,122
57,131
57,139
57,140
57,141
57,142
57,145
57,155
57,156
57,157
57,160
57,161
57,179
57,183
57,185
57,186
57,188
57,191
57,195
57,198
59,61
59,69
59,70
59,73
59,79
59,84
59,97
59,98
59,106
59,108
59,111
59,119
59,121
59,122
59,131
59,139
59,140
59,141
59,142
59,145
59,155
59,156
59,157
59,160
59,161
59,179
59,183
59,185
59,186
59,188
59,191
59,195
59,198
61,69
61,70
61,73
61,79
61,84
61,97
61,98
61,106
61,108
61,111
61,119
61,121
61,122
61,131
61,139
61,140
61,141
61,142
61,145
61,155
61,156
61,157
61,160
61,161
61,179
61,183
61,185
61,186
61,188
61,191
61,195
61,198
69,70
69,73
69,79
69,84
69,97
69,98
69,106
69,108
69,111
69,119
69,121
69,122
69,131
69,139
69,140
69,141
69,142
69,145
69,155
69,156
69,157
69,160
69,161
69,179
69,183
69,185
69,186
69,188
69,191
69,195
69,198
70,73
70,79
70,84
70,97
70,98
70,106
70,108
70,111
70,119
70,121
70,122
70,131
70,139
70,140
70,141
70,142
70,145
70,155
70,156
70,157
70,160
70,161
70,179
70,183
70,185
70,186
70,188
70,191
70,195
70,198
73,79
73,84
73,97
73,98
73,106
73,108
73,111
73,119
73,121
73,122
73,131
73,139
73,140
73,141
73,142
73,145
73,155
73,156
73,157
73,160
73,161
73,179
73,183
73,185
73,186
73,188
73,191
73,195
73,198
79,84
79,97
79,98
79,106
79,108
79,111
79,119
79,121
79,122
79,131
79,139
79,140
79,141
79,142
79,145
79,155
79,156
79,157
79,160
79,161
79,179
79,183
79,185
79,186
79,188
79,191
79,195
79,198
84,97
84,98
84,106
84,108
84,111
84,119
84,121
84,122
84,131
84,139
84,140
84,141
84,142
84,145
84,155
84,156
84,157
84,160
84,161
84,179
84,183
84,185
84,186
84,188
84,191
84,195
84,198
93,117
94,102
94,103
94,104
94,105
94,106
94,107
95,96
95,97
95,99
95,100
95,103
95,104
95,105
95,106
95,107
95,108
95,114
95,117
95,118
95,120
95,124
95,128
95,134
96,97
96,99
96,100
96,101
96,102
96,103
96,104
96,105
96,108
96,110
96,117
96,118
96,120
96,124
96,125
97,98
97,100
97,101
97,102
97,103
97,104
97,106
97,108
97,109
97,110
97,111
97,113
97,116
97,119
97,121
97,122
97,131
97,139
97,140
97,141
97,142
97,145
97,155
97,156
97,157
97,160
97,161
97,179
97,183
97,185
97,186
97,188
97,191
97,195
97,198
98,101
98,102
98,103
98,104
98,105
98,106
98,108
98,110
98,111
98,113
98,114
98,116
98,117
98,119
98,121
98,122
98,131
98,139
98,140
98,141
98,142
98,145
98,155
98,156
98,157
98,160
98,161
98,179
98,183
98,185
98,186
98,188
98,191
98,195
98,198
100,102
100,104
100,107
100,108
100,109
100,110
100,112
101,103
101,106
101,107
101,109
101,110
101,112
101,113
101,114
101,115
101,116
101,117
101,118
102,105
102,106
102,107
102,109
102,110
102,113
102,114
102,118
102,120
102,124
102,125
102,130
103,104
103,106
103,107
103,108
103,109
103,110
103,112
103,113
103,114
103,115
103,116
103,118
103,120
103,125
103,128
103,130
103,132
103,135
104,105
104,108
104,109
104,110
104,111
104,112
104,113
104,115
104,116
104,120
104,124
104,128
104,130
104,135
105,106
105,107
105,108
105,110
105,111
105,112
105,114
105,116
106,108
106,109
106,110
106,111
106,112
106,116
106,119
106,120
106,121
106,122
106,124
106,125
106,127
106,128
106,129
106,130
106,131
106,132
106,133
106,134
106,135
106,139
106,140
106,141
106,142
106,145
106,155
106,156
106,157
106,160
106,161
106,179
106,183
106,185
106,186
106,188
106,191
106,195
106,198
107,108
107,110
107,111
107,112
107,114
107,118
107,120
107,122
107,124
107,127
107,129
107,132
107,133
107,134
107,135
107,143
107,147
108,109
108,110
108,111
108,112
108,114
108,115
108,116
108,118
108,119
108,120
108,121
108,122
108,125
108,127
108,128
108,131
108,132
108,133
108,134
108,135
108,139
108,140
108,141
108,142
108,145
108,155
108,156
108,157
108,160
108,161
108,179
108,183
108,185
108,186
108,188
108,191
108,195
108,198
109,110
109,113
109,116
109,118
109,120
109,122
109,125
109,126
109,127
109,128
109,132
109,140
109,143
110,114
110,115
110,116
110,119
110,120
110,122
110,124
110,125
110,127
110,128
110,132
110,133
110,134
110,136
110,137
110,138
110,140
110,143
111,112
111,113
111,115
111,116
111,118
111,119
111,121
111,122
111,131
111,139
111,140
111,141
111,142
111,145
111,155
111,156
111,157
111,160
111,161
111,179
111,183
111,185
111,186
111,188
111,191
111,195
111,198
112,117
112,118
112,119
112,120
113,114
113,115
113,116
113,117
113,118
113,119
113,120
113,122
113,123
113,125
113,126
113,128
113,130
113,133
113,136
113,137
113,138
114,117
114,118
114,122
114,124
114,125
114,126
114,127
114,129
114,130
114,133
114,134
114,135
114,137
114,138
114,140
115,117
115,118
115,119
115,122
115,123
115,124
115,125
115,126
115,127
115,128
115,130
115,132
115,134
115,135
115,137
115,138
116,117
116,119
116,121
116,122
116,124
116,125
116,127
116,129
116,130
116,131
116,133
116,135
116,136
116,140
116,143
116,152
117,118
117,120
117,121
117,122
117,124
117,125
117,126
117,127
117,128
117,129
117,132
117,135
117,136
117,140
117,143
117,147
117,152
118,119
118,120
118,121
118,122
118,123
118,126
119,120
119,121
119,122
119,123
119,124
119,125
119,127
119,129
119,131
119,139
119,140
119,141
119,142
119,145
119,155
119,156
119,157
119,160
119,161
119,179
119,183
119,185
119,186
119,188
119,191
119,195
119,198
120,121
120,122
120,123
120,124
120,125
120,126
120,127
120,130
120,133
120,134
120,138
120,140
120,143
120,149
121,122
121,123
121,124
121,125
121,126
121,127
121,128
121,130
121,131
121,132
121,133
121,139
121,140
121,141
121,142
121,145
121,155
121,156
121,157
121,160
121,161
121,179
121,183
121,185
121,186
121,188
121,191
121,195
121,198
122,123
122,124
122,126
122,128
122,129
122,130
122,131
122,132
122,133
122,134
122,135
122,137
122,138
122,139
122,140
122,141
122,142
122,143
122,145
122,148
122,149
122,155
122,156
122,157
122,160
122,161
122,179
122,183
122,185
122,186
122,188
122,191
122,195
122,198
123,124
123,126
123,127
124,127
124,128
124,131
124,134
124,136
124,137
124,138
124,143
124,148
124,149
125,126
125,127
125,128
125,130
126,127
126,130
126,131
126,132
126,134
126,135
126,136
126,137
126,138
126,139
126,140
126,143
126,149
126,152
127,128
127,130
127,131
127,135
127,136
127,137
127,142
127,146
127,147
127,148
127,151
127,152
127,156
127,157
127,160
128,129
128,130
128,131
128,132
128,133
128,134
128,137
128,142
128,146
128,147
128,149
128,150
128,151
128,152
128,153
128,156
129,130
129,131
129,132
129,134
129,135
129,137
129,140
129,142
129,145
129,146
129,148
129,149
129,151
129,152
129,153
129,154
129,160
130,131
130,132
130,133
130,134
130,135
130,136
130,137
130,138
130,140
130,142
130,144
130,146
130,147
131,132
131,133
131,136
131,137
131,138
131,139
131,140
131,141
131,142
131,144
131,145
131,146
131,147
131,148
131,149
131,151
131,152
131,153
131,155
131,156
131,157
131,160
131,161
131,179
131,183
131,185
131,186
131,188
131,191
131,195
131,198
132,134
132,136
132,138
132,139
132,144
132,145
132,146
132,147
132,148
132,149
132,151
132,152
132,154
132,160
133,135
133,136
133,137
133,138
133,139
133,140
133,143
133,144
133,145
133,146
133,147
133,148
133,149
133,150
133,151
133,152
133,153
133,154
133,156
133,158
133,160
133,161
133,165
133,166
134,135
134,136
134,137
134,138
134,140
134,141
134,142
134,143
134,144
134,145
134,147
134,148
134,149
134,150
134,151
134,152
134,153
134,156
134,160
134,165
135,136
135,137
135,138
135,139
135,140
135,143
135,144
135,145
135,146
135,147
135,148
135,150
135,151
135,152
135,153
135,156
135,158
135,160
135,165
135,166
135,170
136,138
136,139
136,141
136,142
136,144
136,146
136,147
136,148
136,149
136,150
136,152
136,154
136,160
136,161
136,166
136,170
136,179
136,181
137,138
137,139
137,141
137,142
137,144
137,145
137,146
137,148
137,149
137,150
137,151
137,152
137,153
137,154
137,160
137,161
137,166
137,169
137,170
137,172
137,179
137,181
137,182
138,139
138,140
138,142
138,143
138,144
138,145
138,146
138,148
138,149
138,150
138,151
138,152
138,153
138,154
138,156
138,158
138,160
138,162
138,165
138,166
138,167
138,169
138,170
138,171
138,181
138,182
139,140
139,141
139,142
139,143
139,144
139,145
139,146
139,147
139,148
139,149
139,150
139,151
139,152
139,153
139,154
139,155
139,156
139,157
139,160
139,161
139,179
139,183
139,185
139,186
139,188
139,191
139,195
139,198
140,141
140,142
140,143
140,144
140,145
140,146
140,147
140,148
140,149
140,152
140,155
140,156
140,157
140,160
140,161
140,179
140,183
140,185
140,186
140,188
140,191
140,195
140,198
141,142
141,144
141,145
141,146
141,147
141,148
141,149
141,150
141,151
141,153
141,154
141,155
141,156
141,157
141,158
141,160
141,161
141,162
141,167
141,170
141,172
141,174
141,179
141,182
141,183
141,185
141,186
141,188
141,191
141,195
141,198
142,145
142,147
142,150
142,151
142,155
142,156
142,157
142,160
142,161
142,163
142,167
142,170
142,171
142,174
142,176
142,179
142,182
142,183
142,185
142,186
142,188
142,191
142,195
142,198
143,144
143,145
143,146
143,147
143,148
143,149
143,151
143,153
143,154
143,155
143,156
143,157
143,158
143,160
143,162
143,163
143,164
143,165
143,166
143,167
143,169
143,170
143,171
143,172
143,174
143,175
144,147
144,148
144,149
144,150
145,146
145,148
145,155
145,156
145,157
145,160
145,161
145,179
145,183
145,185
145,186
145,188
145,191
145,195
145,198
146,148
146,149
146,151
146,152
146,154
146,155
146,156
146,159
146,162
146,163
146,164
146,165
147,148
147,151
147,152
147,154
147,155
147,156
147,157
147,158
147,160
147,161
147,162
147,164
147,165
147,166
147,169
147,171
148,150
148,153
148,154
148,155
148,156
148,157
148,158
148,159
148,161
148,162
149,150
149,151
149,152
149,153
149,154
149,155
149,156
149,159
149,161
149,162
149,164
149,165
149,166
149,167
149,169
149,170
149,172
149,174
149,175
149,182
150,151
150,152
150,153
150,156
150,157
150,158
150,159
150,160
150,162
150,163
150,164
150,165
150,167
150,168
150,170
150,171
150,172
150,174
150,175
150,181
150,188
151,152
151,153
151,154
151,155
151,157
151,159
151,161
151,162
151,164
151,165
151,168
151,169
151,170
151,171
151,172
151,174
151,175
151,177
151,181
151,182
151,188
152,153
152,154
152,155
152,156
152,159
153,155
153,157
153,158
153,159
153,160
153,161
153,163
153,166
153,169
153,171
153,172
153,174
153,176
153,181
153,187
153,188
154,155
154,157
154,158
154,159
154,160
154,162
154,163
154,165
154,166
154,167
154,168
154,169
154,170
154,171
154,172
154,174
154,175
154,176
154,177
154,184
154,188
154,192
155,156
155,157
155,159
155,160
155,161
155,162
155,163
155,165
155,166
155,168
155,169
155,170
155,171
155,175
155,176
155,177
155,179
155,181
155,183
155,184
155,185
155,186
155,187
155,188
155,191
155,192
155,195
155,198
156,157
156,160
156,161
156,179
156,183
156,185
156,186
156,188
156,191
156,195
156,198
157,158
157,159
157,160
157,161
157,165
157,166
157,169
157,171
157,172
157,173
157,175
157,176
157,177
157,178
157,179
157,182
157,183
157,185
157,186
157,187
157,188
157,191
157,195
157,198
158,159
158,160
158,162
158,163
158,165
158,167
158,169
158,171
158,173
158,175
158,176
158,178
158,179
158,182
158,184
158,187
158,190
158,193
159,161
159,162
159,163
159,164
159,165
159,166
159,168
159,169
159,170
159,172
159,173
159,175
159,178
159,179
159,182
159,184
159,186
160,161
160,162
160,164
160,165
160,166
160,167
160,168
160,170
160,172
160,173
160,174
160,175
160,177
160,179
160,180
160,183
160,185
160,186
160,188
160,191
160,195
160,198
161,162
161,164
161,165
161,166
161,167
161,168
161,169
161,173
161,176
161,177
161,179
161,183
161,184
161,185
161,186
161,187
161,188
161,191
161,195
161,198
162,163
163,168
163,170
163,173
163,176
163,178
163,179
163,180
163,181
163,182
163,185
163,190
163,193
164,165
164,166
164,168
164,172
164,174
164,176
164,177
164,178
164,180
164,181
164,182
164,184
164,185
164,186
164,188
164,190
165,166
165,167
165,168
165,169
165,170
165,171
165,172
165,173
165,174
165,179
165,180
165,181
165,182
165,184
165,185
165,186
165,187
166,167
166,170
166,172
166,173
166,174
166,175
166,180
166,181
166,182
166,184
166,185
166,187
166,192
166,193
166,199
167,168
167,169
167,171
167,172
167,173
167,174
167,175
167,176
167,177
167,179
167,180
167,181
167,182
167,184
167,185
167,187
167,188
167,189
167,190
167,192
167,193
167,199
168,169
168,170
168,171
168,172
168,173
168,178
168,179
168,180
168,181
168,182
168,184
168,185
168,186
168,187
168,188
168,189
168,190
168,192
168,193
168,198
168,199
169,170
169,171
169,172
169,173
169,174
169,176
169,179
169,181
169,182
169,184
169,185
169,186
169,187
169,188
169,190
169,191
169,193
169,198
169,199
171,172
171,174
172,173
172,174
172,175
172,176
172,179
172,180
172,181
172,183
172,184
172,188
172,190
172,191
172,192
172,193
172,194
172,198
172,199
173,177
173,179
173,180
173,182
173,183
173,184
174,177
174,178
174,180
174,181
174,187
174,188
174,189
174,191
174,192
174,193
174,198
175,178
175,180
175,182
175,183
175,184
175,185
175,186
175,187
175,188
175,189
175,190
175,191
175,192
175,193
175,198
176,177
176,178
178,180
178,181
178,182
178,183
178,184
178,185
178,187
178,189
178,193
178,198
179,180
179,183
179,185
179,186
179,187
179,188
179,189
179,190
179,191
179,193
179,195
179,198
179,199
180,181
180,182
181,182
181,184
181,185
181,190
181,191
181,195
182,189
182,190
182,191
182,192
182,193
182,194
182,195
182,199
183,184
183,185
183,186
183,187
183,188
183,189
183,190
183,191
183,195
183,196
183,198
183,199
184,185
184,186
184,188
184,189
184,190
184,193
184,195
184,198
185,186
185,188
185,191
185,192
185,193
185,194
185,195
185,198
186,187
186,188
186,190
186,191
186,192
186,193
186,194
186,195
186,196
186,197
186,198
186,199
187,189
187,190
187,192
187,193
187,194
187,195
187,197
187,198
187,199
188,190
188,191
188,193
188,194
188,195
188,197
188,198
189,190
189,191
189,192
189,193
189,194
190,191
190,193
190,195
190,196
190,197
190,198
190,199
191,192
191,195
191,196
191,197
191,198
192,194
192,195
192,196
192,197
192,198
192,199
193,194
193,195
193,196
193,197
193,198
193,199
194,195
194,196
194,197
194,198
194,199
195,198
198,199
