0,1
0,2
0,3
0,4
0,5
0,6
0,7
0,8
0,9
0,10
0,11
0,12
0,13
0,14
0,15
0,16
0,17
0,18
0,19
0,20
0,21
0,22
0,23
0,24
0,25
0,26
0,27
0,28
0,29
0,30
0,31
0,32
0,33
0,34
0,35
0,36
0,37
0,38
0,39
0,40
0,41
0,42
0,43
0,44
0,45
0,46
0,47
0,48
0,49
0,50
0,51
0,52
0,53
0,54
0,55
0,56
0,57
0,58
0,59
0,60
1,2
1,3
1,4
1,5
1,6
1,7
1,8
1,9
1,10
1,11
1,12
1,13
1,14
1,15
1,16
1,17
1,18
1,19
1,20
1,21
1,22
1,23
1,24
1,25
1,26
1,27
1,28
1,29
1,30
1,31
1,32
1,33
1,34
1,35
1,36
1,37
1,38
1,39
1,40
1,41
1,42
1,43
1,44
1,45
1,46
1,47
1,48
1,49
1,50
1,51
1,52
1,53
1,54
1,55
1,56
1,57
1,58
1,59
1,60
1,61
2,3
2,4
2,5
2,6
2,7
2,8
2,9
2,10
2,11
2,12
2,13
2,14
2,15
2,16
2,17
2,18
2,19
2,20
2,21
2,22
2,23
2,24
2,25
2,26
2,27
2,28
2,29
2,30
2,31
2,32
2,33
2,34
2,35
2,36
2,37
2,38
2,39
2,40
2,41
2,42
2,43
2,44
2,45
2,46
2,47
2,48
2,49
2,50
2,51
2,52
2,53
2,54
2,55
2,56
2,57
2,58
2,59
2,60
2,61
2,67
2,69
2,70
2,72
2,76
2,86
2,87
2,88
2,89
2,96
2,98
2,100
2,101
2,103
2,108
2,109
2,110
2,111
2,114
2,115
2,116
2,117
2,126
2,127
2,131
2,133
2,137
2,140
2,143
2,144
2,145
2,153
2,155
2,157
2,158
2,160
2,168
2,171
2,174
2,176
2,177
2,178
2,182
2,187
2,191
2,198
3,4
3,5
3,6
3,7
3,8
3,9
3,10
3,11
3,12
3,13
3,14
3,15
3,16
3,17
3,18
3,19
3,20
3,21
3,22
3,23
3,24
3,25
3,26
3,27
3,28
3,29
3,30
3,31
3,32
3,33
3,34
3,35
3,36
3,37
3,38
3,39
3,40
3,41
3,42
3,43
3,44
3,45
3,46
3,47
3,48
3,49
3,50
3,51
3,52
3,53
3,54
3,55
3,56
3,57
3,58
3,59
3,60
3,61
4,5
4,6
4,7
4,8
4,9
4,10
4,11
4,12
4,13
4,14
4,15
4,16
4,17
4,18
4,19
4,20
4,21
4,22
4,23
4,24
4,25
4,26
4,27
4,28
4,29
4,30
4,31
4,32
4,33
4,34
4,35
4,36
4,37
4,38
4,39
4,40
4,41
4,42
4,43
4,44
4,45
4,46
4,47
4,48
4,49
4,50
4,51
4,52
4,53
4,54
4,55
4,56
4,57
4,58
4,59
4,60
4,61
5,6
5,7
5,8
5,9
5,10
5,11
5,12
5,13
5,14
5,15
5,16
5,17
5,18
5,19
5,20
5,21
5,22
5,23
5,24
5,25
5,26
5,27
5,28
5,29
5,30
5,31
5,32
5,33
5,34
5,35
5,36
5,37
5,38
5,39
5,40
5,41
5,42
5,43
5,44
5,45
5,46
5,47
5,48
5,49
5,50
5,51
5,52
5,53
5,54
5,55
5,56
5,57
5,58
5,59
5,60
5,61
5,188
6,7
6,8
6,9
6,10
6,11
6,12
6,13
6,14
6,15
6,16
6,17
6,18
6,19
6,20
6,21
6,22
6,23
6,24
6,25
6,26
6,27
6,28
6,29
6,30
6,31
6,32
6,33
6,34
6,35
6,36
6,37
6,38
6,39
6,40
6,41
6,42
6,43
6,44
6,45
6,46
6,47
6,48
6,49
6,50
6,51
6,52
6,53
6,54
6,55
6,56
6,57
6,58
6,59
6,60
6,61
7,8
7,9
7,10
7,11
7,12
7,13
7,14
7,15
7,16
7,17
7,18
7,19
7,20
7,21
7,22
7,23
7,24
7,25
7,26
7,27
7,28
7,29
7,30
7,31
7,32
7,33
7,34
7,35
7,36
7,37
7,38
7,39
7,40
7,41
7,42
7,43
7,44
7,45
7,46
7,47
7,48
7,49
7,50
7,51
7,52
7,53
7,54
7,55
7,56
7,57
7,58
7,59
7,60
7,61
8,9
8,10
8,11
8,12
8,13
8,14
8,15
8,16
8,17
8,18
8,19
8,20
8,21
8,22
8,23
8,24
8,25
8,26
8,27
8,28
8,29
8,30
8,31
8,32
8,33
8,34
8,35
8,36
8,37
8,38
8,39
8,40
8,41
8,42
8,43
8,44
8,45
8,46
8,47
8,48
8,49
8,50
8,51
8,52
8,53
8,54
8,55
8,56
8,57
8,58
8,59
8,60
8,61
8,130
8,131
8,134
8,139
8,144
9,10
9,11
9,12
9,13
9,14
9,15
9,16
9,17
9,18
9,19
9,20
9,21
9,22
9,23
9,24
9,25
9,26
9,27
9,28
9,29
9,30
9,31
9,32
9,33
9,34
9,35
9,36
9,37
9,38
9,39
9,40
9,41
9,42
9,43
9,44
9,45
9,46
9,47
9,48
9,49
9,50
9,51
9,52
9,53
9,54
9,55
9,56
9,57
9,58
9,59
9,60
9,61
9,112
9,113
9,115
9,118
9,119
9,124
9,127
9,129
9,130
9,131
9,132
9,134
9,136
9,140
9,142
9,143
9,144
9,145
9,147
9,156
9,159
9,168
9,177
9,178
9,180
9,181
9,182
9,184
9,185
9,190
9,192
9,196
9,197
10,11
10,12
10,13
10,14
10,15
10,16
10,17
10,18
10,19
10,20
10,21
10,22
10,23
10,24
10,25
10,26
10,27
10,28
10,29
10,30
10,31
10,32
10,33
10,34
10,35
10,36
10,37
10,38
10,39
10,40
10,41
10,42
10,43
10,44
10,45
10,46
10,47
10,48
10,49
10,50
10,51
10,52
10,53
10,54
10,55
10,56
10,57
10,58
10,59
10,60
10,61
11,12
11,13
11,14
11,15
11,16
11,17
11,18
11,19
11,20
11,21
11,22
11,23
11,24
11,25
11,26
11,27
11,28
11,29
11,30
11,31
11,32
11,33
11,34
11,35
11,36
11,37
11,38
11,39
11,40
11,41
11,42
11,43
11,44
11,45
11,46
11,47
11,48
11,49
11,50
11,51
11,52
11,53
11,54
11,55
11,56
11,57
11,58
11,59
11,60
11,61
12,13
12,14
12,15
12,16
12,17
12,18
12,19
12,20
12,21
12,22
12,23
12,24
12,25
12,26
12,27
12,28
12,29
12,30
12,31
12,32
12,33
12,34
12,35
12,36
12,37
12,38
12,39
12,40
12,41
12,42
12,43
12,44
12,45
12,46
12,47
12,48
12,49
12,50
12,51
12,52
12,53
12,54
12,55
12,56
12,57
12,58
12,59
12,60
12,61
13,14
13,15
13,16
13,17
13,18
13,19
13,20
13,21
13,22
13,23
13,24
13,25
13,26
13,27
13,28
13,29
13,30
13,31
13,32
13,33
13,34
13,35
13,36
13,37
13,38
13,39
13,40
13,41
13,42
13,43
13,44
13,45
13,46
13,47
13,48
13,49
13,50
13,51
13,52
13,53
13,54
13,55
13,56
13,57
13,58
13,59
13,60
13,61
14,15
14,16
14,17
14,18
14,19
14,20
14,21
14,22
14,23
14,24
14,25
14,26
14,27
14,28
14,29
14,30
14,31
14,32
14,33
14,34
14,35
14,36
14,37
14,38
14,39
14,40
14,41
14,42
14,43
14,44
14,45
14,46
14,47
14,48
14,49
14,50
14,51
14,52
14,53
14,54
14,55
14,56
14,57
14,58
14,59
14,60
14,61
15,16
15,17
15,18
15,19
15,20
15,21
15,22
15,23
15,24
15,25
15,26
15,27
15,28
15,29
15,30
15,31
15,32
15,33
15,34
15,35
15,36
15,37
15,38
15,39
15,40
15,41
15,42
15,43
15,44
15,45
15,46
15,47
15,48
15,49
15,50
15,51
15,52
15,53
15,54
15,55
15,56
15,57
15,58
15,59
15,60
15,61
16,17
16,18
16,19
16,20
16,21
16,22
16,23
16,24
16,25
16,26
16,27
16,28
16,29
16,30
16,31
16,32
16,33
16,34
16,35
16,36
16,37
16,38
16,39
16,40
16,41
16,42
16,43
16,44
16,45
16,46
16,47
16,48
16,49
16,50
16,51
16,52
16,53
16,54
16,55
16,56
16,57
16,58
16,59
16,60
16,61
17,18
17,19
17,20
17,21
17,22
17,23
17,24
17,25
17,26
17,27
17,28
17,29
17,30
17,31
17,32
17,33
17,34
17,35
17,36
17,37
17,38
17,39
17,40
17,41
17,42
17,43
17,44
17,45
17,46
17,47
17,48
17,49
17,50
17,51
17,52
17,53
17,54
17,55
17,56
17,57
17,58
17,59
17,60
17,61
18,19
18,20
18,21
18,22
18,23
18,24
18,25
18,26
18,27
18,28
18,29
18,30
18,31
18,32
18,33
18,34
18,35
18,36
18,37
18,38
18,39
18,40
18,41
18,42
18,43
18,44
18,45
18,46
18,47
18,48
18,49
18,50
18,51
18,52
18,53
18,54
18,55
18,56
18,57
18,58
18,59
18,60
18,61
19,20
19,21
19,22
19,23
19,24
19,25
19,26
19,27
19,28
19,29
19,30
19,31
19,32
19,33
19,34
19,35
19,36
19,37
19,38
19,39
19,40
19,41
19,42
19,43
19,44
19,45
19,46
19,47
19,48
19,49
19,50
19,51
19,52
19,53
19,54
19,55
19,56
19,57
19,58
19,59
19,60
19,61
19,67
19,69
19,70
19,72
19,76
19,86
19,87
19,88
19,89
19,96
19,98
19,100
19,101
19,103
19,108
19,109
19,110
19,111
19,114
19,115
19,116
19,117
19,126
19,127
19,131
19,133
19,137
19,140
19,143
19,144
19,145
19,153
19,155
19,157
19,158
19,160
19,168
19,171
19,174
19,176
19,177
19,178
19,182
19,187
19,191
19,198
20,21
20,22
20,23
20,24
20,25
20,26
20,27
20,28
20,29
20,30
20,31
20,32
20,33
20,34
20,35
20,36
20,37
20,38
20,39
20,40
20,41
20,42
20,43
20,44
20,45
20,46
20,47
20,48
20,49
20,50
20,51
20,52
20,53
20,54
20,55
20,56
20,57
20,58
20,59
20,60
20,61
21,22
21,23
21,24
21,25
21,26
21,27
21,28
21,29
21,30
21,31
21,32
21,33
21,34
21,35
21,36
21,37
21,38
21,39
21,40
21,41
21,42
21,43
21,44
21,45
21,46
21,47
21,48
21,49
21,50
21,51
21,52
21,53
21,54
21,55
21,56
21,57
21,58
21,59
21,60
21,61
22,23
22,24
22,25
22,26
22,27
22,28
22,29
22,30
22,31
22,32
22,33
22,34
22,35
22,36
22,37
22,38
22,39
22,40
22,41
22,42
22,43
22,44
22,45
22,46
22,47
22,48
22,49
22,50
22,51
22,52
22,53
22,54
22,55
22,56
22,57
22,58
22,59
22,60
22,61
23,24
23,25
23,26
23,27
23,28
23,29
23,30
23,31
23,32
23,33
23,34
23,35
23,36
23,37
23,38
23,39
23,40
23,41
23,42
23,43
23,44
23,45
23,46
23,47
23,48
23,49
23,50
23,51
23,52
23,53
23,54
23,55
23,56
23,57
23,58
23,59
23,60
23,61
24,25
24,26
24,27
24,28
24,29
24,30
24,31
24,32
24,33
24,34
24,35
24,36
24,37
24,38
24,39
24,40
24,41
24,42
24,43
24,44
24,45
24,46
24,47
24,48
24,49
24,50
24,51
24,52
24,53
24,54
24,55
24,56
24,57
24,58
24,59
24,60
24,61
24,125
24,127
24,128
24,130
24,131
24,133
24,144
24,145
24,158
24,162
25,26
25,27
25,28
25,29
25,30
25,31
25,32
25,33
25,34
25,35
25,36
25,37
25,38
25,39
25,40
25,41
25,42
25,43
25,44
25,45
25,46
25,47
25,48
25,49
25,50
25,51
25,52
25,53
25,54
25,55
25,56
25,57
25,58
25,59
25,60
25,61
25,98
25,99
25,104
25,108
25,109
25,110
25,112
25,113
25,114
25,116
25,117
25,119
25,120
25,121
25,124
25,128
25,129
25,130
25,131
25,133
25,134
25,136
25,139
25,140
25,142
25,144
25,145
25,147
25,155
25,157
25,158
25,159
25,162
25,173
25,175
25,176
25,177
25,182
25,187
25,192
26,27
26,28
26,29
26,30
26,31
26,32
26,33
26,34
26,35
26,36
26,37
26,38
26,39
26,40
26,41
26,42
26,43
26,44
26,45
26,46
26,47
26,48
26,49
26,50
26,51
26,52
26,53
26,54
26,55
26,56
26,57
26,58
26,59
26,60
26,61
27,28
27,29
27,30
27,31
27,32
27,33
27,34
27,35
27,36
27,37
27,38
27,39
27,40
27,41
27,42
27,43
27,44
27,45
27,46
27,47
27,48
27,49
27,50
27,51
27,52
27,53
27,54
27,55
27,56
27,57
27,58
27,59
27,60
27,61
27,67
27,69
27,70
27,72
27,76
27,86
27,87
27,88
27,89
27,96
27,98
27,100
27,101
27,103
27,108
27,109
27,110
27,111
27,114
27,115
27,116
27,117
27,126
27,127
27,131
27,133
27,137
27,140
27,142
27,143
27,144
27,145
27,150
27,153
27,155
27,156
27,157
27,158
27,160
27,161
27,162
27,168
27,171
27,174
27,176
27,177
27,178
27,182
27,187
27,191
27,198
28,29
28,30
28,31
28,32
28,33
28,34
28,35
28,36
28,37
28,38
28,39
28,40
28,41
28,42
28,43
28,44
28,45
28,46
28,47
28,48
28,49
28,50
28,51
28,52
28,53
28,54
28,55
28,56
28,57
28,58
28,59
28,60
28,61
28,94
28,98
28,104
28,110
28,113
28,114
28,115
28,117
28,118
28,120
28,121
28,125
29,30
29,31
29,32
29,33
29,34
29,35
29,36
29,37
29,38
29,39
29,40
29,41
29,42
29,43
29,44
29,45
29,46
29,47
29,48
29,49
29,50
29,51
29,52
29,53
29,54
29,55
29,56
29,57
29,58
29,59
29,60
29,61
29,67
29,69
29,70
29,72
29,76
29,86
29,87
29,88
29,89
29,96
29,98
29,100
29,101
29,103
29,108
29,109
29,110
29,111
29,114
29,115
29,116
29,117
29,126
29,127
29,131
29,133
29,137
29,140
29,143
29,144
29,145
29,153
29,155
29,157
29,158
29,160
29,168
29,171
29,174
29,176
29,177
29,178
29,182
29,187
29,191
29,198
30,31
30,32
30,33
30,34
30,35
30,36
30,37
30,38
30,39
30,40
30,41
30,42
30,43
30,44
30,45
30,46
30,47
30,48
30,49
30,50
30,51
30,52
30,53
30,54
30,55
30,56
30,57
30,58
30,59
30,60
30,61
30,92
30,96
30,98
30,99
30,108
30,112
30,114
30,116
30,117
30,119
30,125
30,130
30,132
30,133
30,134
30,135
30,136
30,139
30,142
30,144
30,145
30,146
30,147
30,150
30,158
30,159
30,161
30,164
30,180
30,182
30,187
30,188
30,192
31,32
31,33
31,34
31,35
31,36
31,37
31,38
31,39
31,40
31,41
31,42
31,43
31,44
31,45
31,46
31,47
31,48
31,49
31,50
31,51
31,52
31,53
31,54
31,55
31,56
31,57
31,58
31,59
31,60
31,61
31,67
31,69
31,70
31,72
31,76
31,86
31,87
31,88
31,89
31,96
31,98
31,100
31,101
31,103
31,108
31,109
31,110
31,111
31,114
31,115
31,116
31,117
31,126
31,127
31,131
31,133
31,137
31,140
31,143
31,144
31,145
31,153
31,155
31,157
31,158
31,160
31,168
31,171
31,174
31,176
31,177
31,178
31,182
31,187
31,191
31,198
32,33
32,34
32,35
32,36
32,37
32,38
32,39
32,40
32,41
32,42
32,43
32,44
32,45
32,46
32,47
32,48
32,49
32,50
32,51
32,52
32,53
32,54
32,55
32,56
32,57
32,58
32,59
32,60
32,61
32,67
32,69
32,70
32,72
32,76
32,86
32,87
32,88
32,89
32,96
32,98
32,100
32,101
32,103
32,108
32,109
32,110
32,111
32,114
32,115
32,116
32,117
32,126
32,127
32,131
32,133
32,137
32,140
32,143
32,144
32,145
32,153
32,155
32,157
32,158
32,160
32,168
32,171
32,174
32,176
32,177
32,178
32,182
32,187
32,191
32,198
33,34
33,35
33,36
33,37
33,38
33,39
33,40
33,41
33,42
33,43
33,44
33,45
33,46
33,47
33,48
33,49
33,50
33,51
33,52
33,53
33,54
33,55
33,56
33,57
33,58
33,59
33,60
33,61
33,67
33,69
33,70
33,72
33,76
33,86
33,87
33,88
33,89
33,96
33,98
33,100
33,101
33,103
33,108
33,109
33,110
33,111
33,114
33,115
33,116
33,117
33,126
33,127
33,131
33,133
33,137
33,140
33,143
33,144
33,145
33,153
33,155
33,157
33,158
33,160
33,168
33,171
33,174
33,176
33,177
33,178
33,182
33,187
33,191
33,198
34,35
34,36
34,37
34,38
34,39
34,40
34,41
34,42
34,43
34,44
34,45
34,46
34,47
34,48
34,49
34,50
34,51
34,52
34,53
34,54
34,55
34,56
34,57
34,58
34,59
34,60
34,61
35,36
35,37
35,38
35,39
35,40
35,41
35,42
35,43
35,44
35,45
35,46
35,47
35,48
35,49
35,50
35,51
35,52
35,53
35,54
35,55
35,56
35,57
35,58
35,59
35,60
35,61
36,37
36,38
36,39
36,40
36,41
36,42
36,43
36,44
36,45
36,46
36,47
36,48
36,49
36,50
36,51
36,52
36,53
36,54
36,55
36,56
36,57
36,58
36,59
36,60
36,61
36,67
36,69
36,70
36,72
36,76
36,86
36,87
36,88
36,89
36,96
36,98
36,100
36,101
36,103
36,108
36,109
36,110
36,111
36,114
36,115
36,116
36,117
36,126
36,127
36,131
36,133
36,137
36,140
36,143
36,144
36,145
36,153
36,155
36,157
36,158
36,160
36,168
36,171
36,174
36,176
36,177
36,178
36,182
36,187
36,191
36,198
37,38
37,39
37,40
37,41
37,42
37,43
37,44
37,45
37,46
37,47
37,48
37,49
37,50
37,51
37,52
37,53
37,54
37,55
37,56
37,57
37,58
37,59
37,60
37,61
38,39
38,40
38,41
38,42
38,43
38,44
38,45
38,46
38,47
38,48
38,49
38,50
38,51
38,52
38,53
38,54
38,55
38,56
38,57
38,58
38,59
38,60
38,61
38,67
38,69
38,70
38,72
38,76
38,86
38,87
38,88
38,89
38,96
38,98
38,100
38,101
38,103
38,108
38,109
38,110
38,111
38,114
38,115
38,116
38,117
38,126
38,127
38,131
38,133
38,137
38,140
38,143
38,144
38,145
38,153
38,155
38,157
38,158
38,160
38,168
38,171
38,174
38,176
38,177
38,178
38,182
38,187
38,191
38,198
39,40
39,41
39,42
39,43
39,44
39,45
39,46
39,47
39,48
39,49
39,50
39,51
39,52
39,53
39,54
39,55
39,56
39,57
39,58
39,59
39,60
39,61
40,41
40,42
40,43
40,44
40,45
40,46
40,47
40,48
40,49
40,50
40,51
40,52
40,53
40,54
40,55
40,56
40,57
40,58
40,59
40,60
40,61
41,42
41,43
41,44
41,45
41,46
41,47
41,48
41,49
41,50
41,51
41,52
41,53
41,54
41,55
41,56
41,57
41,58
41,59
41,60
41,61
41,67
41,69
41,70
41,72
41,76
41,86
41,87
41,88
41,89
41,96
41,98
41,100
41,101
41,103
41,108
41,109
41,110
41,111
41,114
41,115
41,116
41,117
41,126
41,127
41,131
41,133
41,137
41,140
41,143
41,144
41,145
41,153
41,155
41,157
41,158
41,160
41,168
41,171
41,174
41,176
41,177
41,178
41,182
41,187
41,191
41,198
42,43
42,44
42,45
42,46
42,47
42,48
42,49
42,50
42,51
42,52
42,53
42,54
42,55
42,56
42,57
42,58
42,59
42,60
42,61
42,92
42,94
43,44
43,45
43,46
43,47
43,48
43,49
43,50
43,51
43,52
43,53
43,54
43,55
43,56
43,57
43,58
43,59
43,60
43,61
43,67
43,69
43,70
43,72
43,76
43,86
43,87
43,88
43,89
43,96
43,98
43,100
43,101
43,103
43,108
43,109
43,110
43,111
43,114
43,115
43,116
43,117
43,126
43,127
43,131
43,133
43,137
43,140
43,143
43,144
43,145
43,153
43,155
43,157
43,158
43,160
43,168
43,171
43,174
43,176
43,177
43,178
43,182
43,187
43,191
43,198
44,45
44,46
44,47
44,48
44,49
44,50
44,51
44,52
44,53
44,54
44,55
44,56
44,57
44,58
44,59
44,60
44,61
45,46
45,47
45,48
45,49
45,50
45,51
45,52
45,53
45,54
45,55
45,56
45,57
45,58
45,59
45,60
45,61
45,67
45,69
45,70
45,72
45,76
45,86
45,87
45,88
45,89
45,96
45,98
45,100
45,101
45,103
45,108
45,109
45,110
45,111
45,114
45,115
45,116
45,117
45,126
45,127
45,131
45,133
45,137
45,140
45,143
45,144
45,145
45,153
45,155
45,157
45,158
45,160
45,168
45,171
45,174
45,176
45,177
45,178
45,182
45,187
45,191
45,198
46,47
46,48
46,49
46,50
46,51
46,52
46,53
46,54
46,55
46,56
46,57
46,58
46,59
46,60
46,61
47,48
47,49
47,50
47,51
47,52
47,53
47,54
47,55
47,56
47,57
47,58
47,59
47,60
47,61
48,49
48,50
48,51
48,52
48,53
48,54
48,55
48,56
48,57
48,58
48,59
48,60
48,61
49,50
49,51
49,52
49,53
49,54
49,55
49,56
49,57
49,58
49,59
49,60
49,61
50,51
50,52
50,53
50,54
50,55
50,56
50,57
50,58
50,59
50,60
50,61
51,52
51,53
51,54
51,55
51,56
51,57
51,58
51,59
51,60
51,61
52,53
52,54
52,55
52,56
52,57
52,58
52,59
52,60
52,61
52,121
53,54
53,55
53,56
53,57
53,58
53,59
53,60
53,61
53,95
54,55
54,56
54,57
54,58
54,59
54,60
54,61
54,67
54,69
54,70
54,72
54,76
54,86
54,87
54,88
54,89
54,96
54,98
54,100
54,101
54,103
54,104
54,105
54,108
54,109
54,110
54,111
54,114
54,115
54,116
54,117
54,126
54,127
54,131
54,133
54,137
54,140
54,143
54,144
54,145
54,153
54,155
54,157
54,158
54,160
54,168
54,171
54,174
54,176
54,177
54,178
54,182
54,187
54,191
54,198
55,56
55,57
55,58
55,59
55,60
55,61
55,86
55,88
55,94
55,97
55,102
55,103
55,104
55,105
55,110
55,112
55,113
55,114
55,118
55,120
55,128
55,133
55,139
55,175
55,180
56,57
56,58
56,59
56,60
56,61
56,67
56,69
56,70
56,72
56,76
56,86
56,87
56,88
56,89
56,96
56,98
56,99
56,100
56,101
56,103
56,104
56,105
56,107
56,108
56,109
56,110
56,111
56,114
56,115
56,116
56,117
56,126
56,127
56,131
56,133
56,137
56,140
56,143
56,144
56,145
56,153
56,155
56,157
56,158
56,160
56,168
56,171
56,174
56,176
56,177
56,178
56,182
56,187
56,191
56,198
57,58
57,59
57,60
57,61
57,84
57,86
57,88
57,89
57,95
57,97
57,99
58,59
58,60
58,61
58,67
58,69
58,70
58,72
58,76
58,86
58,87
58,88
58,89
58,96
58,98
58,100
58,101
58,103
58,108
58,109
58,110
58,111
58,114
58,115
58,116
58,117
58,126
58,127
58,131
58,133
58,137
58,140
58,143
58,144
58,145
58,153
58,155
58,157
58,158
58,160
58,168
58,171
58,174
58,176
58,177
58,178
58,182
58,187
58,191
58,198
59,60
59,61
59,67
59,69
59,70
59,72
59,76
59,86
59,87
59,88
59,89
59,96
59,98
59,100
59,101
59,103
59,108
59,109
59,110
59,111
59,114
59,115
59,116
59,117
59,126
59,127
59,131
59,133
59,137
59,140
59,143
59,144
59,145
59,153
59,155
59,157
59,158
59,160
59,168
59,171
59,174
59,176
59,177
59,178
59,182
59,187
59,191
59,198
60,61
62,86
62,87
62,89
62,90
62,91
62,94
62,99
62,100
62,101
62,106
62,107
62,112
62,113
62,119
62,121
62,127
62,132
62,133
62,136
62,139
62,142
63,89
63,90
63,91
63,95
63,99
63,100
63,101
63,104
63,105
63,106
64,84
65,81
65,82
65,83
65,84
65,85
65,86
65,87
65,88
65,90
65,91
65,92
65,93
65,97
65,99
65,100
65,101
65,103
65,105
65,106
65,109
65,110
65,113
65,115
65,118
65,125
65,127
65,128
65,138
65,139
66,81
66,82
66,84
66,85
66,86
66,87
66,88
66,89
66,90
66,92
66,93
66,95
66,97
66,99
66,100
66,101
66,102
66,105
66,106
66,109
66,110
66,113
66,115
66,117
66,118
66,119
66,120
66,121
66,122
66,123
67,69
67,70
67,72
67,76
67,81
67,82
67,83
67,84
67,85
67,86
67,87
67,88
67,89
67,90
67,92
67,93
67,94
67,95
67,96
67,97
67,98
67,99
67,100
67,101
67,102
67,103
67,104
67,105
67,107
67,108
67,109
67,110
67,111
67,112
67,113
67,114
67,115
67,116
67,117
67,119
67,121
67,122
67,125
67,126
67,127
67,128
67,131
67,132
67,133
67,134
67,136
67,137
67,138
67,140
67,142
67,143
67,144
67,145
67,153
67,155
67,157
67,158
67,160
67,168
67,171
67,174
67,176
67,177
67,178
67,182
67,187
67,191
67,198
69,70
69,72
69,76
69,86
69,87
69,88
69,89
69,96
69,98
69,100
69,101
69,103
69,108
69,109
69,110
69,111
69,114
69,115
69,116
69,117
69,126
69,127
69,131
69,133
69,137
69,140
69,143
69,144
69,145
69,153
69,155
69,157
69,158
69,160
69,168
69,171
69,174
69,176
69,177
69,178
69,182
69,187
69,191
69,198
70,72
70,76
70,86
70,87
70,88
70,89
70,96
70,98
70,100
70,101
70,103
70,106
70,107
70,108
70,109
70,110
70,111
70,113
70,114
70,115
70,116
70,117
70,118
70,119
70,121
70,122
70,123
70,124
70,125
70,126
70,127
70,128
70,131
70,133
70,137
70,140
70,143
70,144
70,145
70,153
70,155
70,157
70,158
70,160
70,168
70,171
70,174
70,176
70,177
70,178
70,180
70,182
70,187
70,191
70,198
71,81
71,83
71,85
71,87
71,90
71,91
71,92
71,93
71,96
71,97
71,99
71,101
71,102
71,104
71,105
71,106
71,107
71,108
71,109
71,110
71,112
71,113
71,114
71,116
71,117
71,119
71,120
71,123
71,124
71,125
71,128
71,129
71,134
71,136
72,76
72,79
72,80
72,81
72,82
72,83
72,84
72,85
72,86
72,87
72,88
72,89
72,96
72,98
72,100
72,101
72,103
72,108
72,109
72,110
72,111
72,114
72,115
72,116
72,117
72,126
72,127
72,131
72,133
72,137
72,140
72,143
72,144
72,145
72,153
72,155
72,157
72,158
72,160
72,168
72,171
72,174
72,176
72,177
72,178
72,182
72,187
72,191
72,198
73,78
73,79
73,82
73,83
73,84
73,85
73,87
73,88
73,89
73,94
73,95
73,96
73,97
73,99
73,100
73,101
73,102
73,103
73,104
73,105
73,106
73,107
73,108
73,109
73,112
73,113
73,114
73,116
73,117
73,118
73,119
73,122
73,125
73,132
73,133
73,135
73,136
73,142
73,145
73,148
73,150
73,152
73,170
73,173
73,180
73,181
74,79
74,80
74,81
74,83
74,84
74,85
74,86
74,88
74,89
74,90
74,93
74,94
74,95
74,97
74,98
74,100
74,101
74,102
74,104
74,105
74,106
74,107
74,108
74,109
74,110
74,113
74,114
74,115
74,116
74,117
74,120
74,124
74,127
74,128
74,129
74,130
74,132
74,133
74,136
74,139
74,143
74,145
74,148
74,150
74,152
74,154
74,162
74,163
74,170
74,173
74,177
74,180
74,181
74,185
75,79
75,80
75,81
75,82
75,84
75,85
75,86
75,87
75,88
76,79
76,81
76,82
76,83
76,84
76,85
76,86
76,87
76,88
76,89
76,93
76,94
76,96
76,98
76,100
76,101
76,102
76,103
76,104
76,106
76,107
76,108
76,109
76,110
76,111
76,114
76,115
76,116
76,117
76,126
76,127
76,131
76,133
76,137
76,140
76,143
76,144
76,145
76,153
76,155
76,157
76,158
76,160
76,168
76,171
76,174
76,176
76,177
76,178
76,182
76,187
76,191
76,198
77,79
77,81
77,82
77,83
77,85
77,87
77,88
77,92
77,93
77,94
77,95
77,97
77,98
77,99
77,100
77,102
77,104
77,107
77,109
77,110
77,112
77,113
77,115
77,116
77,117
77,118
77,119
77,120
77,121
77,125
77,127
77,128
77,130
77,132
77,134
77,135
77,136
77,138
77,139
77,140
77,143
77,144
77,145
77,159
77,163
77,167
77,168
77,173
77,177
77,179
77,180
77,181
77,185
78,79
78,80
78,81
78,83
78,86
78,88
78,89
78,90
78,91
78,93
78,94
78,95
78,98
78,99
78,100
78,101
78,102
78,103
78,104
78,105
78,106
79,80
79,81
79,82
79,83
79,84
79,85
79,86
79,87
79,88
79,89
79,90
79,92
79,93
79,94
79,95
79,97
79,98
79,99
79,101
79,102
79,103
79,104
79,105
79,107
79,108
79,109
79,110
79,113
79,116
79,117
79,118
79,121
79,122
79,123
79,124
79,125
79,127
79,128
79,129
79,130
79,132
80,82
80,83
80,84
80,85
80,86
80,88
80,89
80,90
80,91
80,93
80,94
80,95
80,96
81,83
81,84
81,85
81,88
81,89
81,90
81,91
81,92
81,93
81,94
81,95
81,97
81,98
81,99
81,101
81,102
81,103
81,108
81,109
81,112
81,113
81,114
81,115
81,116
81,117
81,119
81,120
81,121
81,125
81,127
81,128
81,129
81,130
81,131
81,132
81,133
81,139
81,140
81,142
81,143
81,144
81,147
81,148
81,149
81,152
81,153
82,83
82,84
82,85
82,86
82,87
82,88
82,89
82,90
82,91
82,92
82,93
82,94
82,95
82,96
82,97
82,98
82,99
82,100
82,101
82,102
82,104
82,105
82,106
82,108
83,84
83,85
83,86
83,87
83,88
83,89
83,91
83,93
83,94
83,96
83,97
83,98
83,99
83,100
83,101
83,103
83,104
84,85
84,86
84,87
84,88
84,90
84,91
84,92
84,93
84,94
84,95
84,97
84,98
84,100
84,101
84,106
84,107
84,108
84,109
84,114
84,115
84,120
84,121
84,123
84,124
84,127
84,129
84,131
84,132
84,133
84,134
84,135
84,139
84,140
84,142
84,143
84,144
84,147
84,148
84,150
84,159
84,176
85,86
85,89
85,91
85,92
86,87
86,88
86,89
86,93
86,94
86,95
86,96
86,98
86,99
86,100
86,101
86,102
86,103
86,105
86,106
86,107
86,108
86,109
86,110
86,111
86,113
86,114
86,115
86,116
86,117
86,121
86,123
86,126
86,127
86,129
86,130
86,131
86,132
86,133
86,134
86,135
86,137
86,140
86,143
86,144
86,145
86,153
86,155
86,157
86,158
86,160
86,168
86,171
86,174
86,176
86,177
86,178
86,182
86,187
86,191
86,198
87,88
87,89
87,90
87,91
87,92
87,93
87,94
87,96
87,97
87,98
87,99
87,100
87,101
87,103
87,104
87,105
87,106
87,108
87,109
87,110
87,111
87,113
87,114
87,115
87,116
87,117
87,118
87,119
87,126
87,127
87,131
87,133
87,137
87,140
87,143
87,144
87,145
87,153
87,155
87,157
87,158
87,160
87,168
87,171
87,174
87,176
87,177
87,178
87,182
87,187
87,191
87,198
88,89
88,93
88,96
88,97
88,98
88,99
88,100
88,101
88,102
88,103
88,104
88,105
88,106
88,107
88,108
88,109
88,110
88,111
88,113
88,114
88,115
88,116
88,117
88,118
88,120
88,121
88,122
88,123
88,124
88,126
88,127
88,131
88,133
88,137
88,140
88,143
88,144
88,145
88,153
88,155
88,157
88,158
88,160
88,168
88,171
88,174
88,176
88,177
88,178
88,182
88,187
88,191
88,198
89,95
89,96
89,97
89,98
89,99
89,100
89,101
89,102
89,103
89,106
89,107
89,108
89,109
89,110
89,111
89,114
89,115
89,116
89,117
89,120
89,121
89,122
89,123
89,125
89,126
89,127
89,130
89,131
89,133
89,137
89,140
89,143
89,144
89,145
89,146
89,148
89,150
89,153
89,155
89,157
89,158
89,159
89,160
89,163
89,164
89,168
89,170
89,171
89,174
89,176
89,177
89,178
89,179
89,182
89,187
89,191
89,198
90,92
90,93
90,94
90,95
90,96
90,97
90,101
90,105
90,106
90,108
90,112
90,113
90,115
90,116
90,117
90,118
90,119
90,120
90,122
90,123
90,124
90,125
90,127
91,94
91,95
91,96
91,99
91,101
91,104
91,105
91,106
91,108
91,109
91,111
91,112
91,114
91,115
91,116
92,93
92,94
92,95
92,96
92,97
92,101
92,102
92,103
92,104
92,105
92,106
92,107
92,108
92,109
92,110
92,111
92,113
92,114
92,115
92,117
92,119
92,120
92,123
92,127
92,128
92,129
92,130
92,135
93,95
94,97
94,101
94,102
94,103
94,104
94,105
94,106
94,108
94,109
94,110
94,111
94,112
94,114
94,115
94,118
94,119
94,120
94,121
94,122
94,123
94,124
94,125
94,127
94,128
94,129
94,130
94,132
94,133
94,134
94,138
94,142
94,144
94,147
94,149
94,150
95,96
95,97
95,99
95,102
96,97
96,98
96,100
96,101
96,102
96,103
96,105
96,106
96,107
96,108
96,109
96,110
96,111
96,112
96,113
96,114
96,115
96,116
96,117
96,118
96,119
96,120
96,121
96,122
96,123
96,125
96,126
96,127
96,129
96,130
96,131
96,133
96,137
96,140
96,142
96,143
96,144
96,145
96,147
96,148
96,153
96,155
96,157
96,158
96,160
96,168
96,171
96,174
96,176
96,177
96,178
96,182
96,187
96,191
96,198
97,99
97,101
97,102
97,103
97,104
97,105
97,106
97,107
97,108
97,109
97,110
97,111
97,112
97,113
97,115
97,119
97,120
97,121
97,122
97,123
97,124
97,125
97,127
97,128
97,133
97,134
97,135
97,139
97,141
97,142
97,144
97,145
97,146
97,147
97,150
97,165
98,100
98,101
98,103
98,104
98,105
98,106
98,107
98,108
98,109
98,110
98,111
98,112
98,113
98,114
98,115
98,116
98,117
98,118
98,120
98,121
98,123
98,124
98,125
98,126
98,127
98,128
98,129
98,130
98,131
98,132
98,133
98,134
98,135
98,137
98,138
98,139
98,140
98,141
98,142
98,143
98,144
98,145
98,147
98,149
98,150
98,153
98,155
98,157
98,158
98,160
98,168
98,171
98,174
98,176
98,177
98,178
98,182
98,187
98,191
98,198
99,100
99,103
99,104
99,105
99,106
99,107
99,108
99,109
99,110
99,111
99,112
99,113
99,114
99,115
99,116
99,117
99,118
99,121
99,122
99,123
99,125
99,127
99,129
99,131
99,133
99,135
99,136
99,138
99,142
99,144
99,145
99,146
100,101
100,103
100,108
100,109
100,110
100,111
100,114
100,115
100,116
100,117
100,126
100,127
100,131
100,133
100,137
100,140
100,143
100,144
100,145
100,153
100,155
100,157
100,158
100,160
100,168
100,171
100,174
100,176
100,177
100,178
100,182
100,187
100,191
100,198
101,103
101,104
101,105
101,107
101,108
101,109
101,110
101,111
101,114
101,115
101,116
101,117
101,118
101,121
101,122
101,123
101,125
101,126
101,127
101,131
101,133
101,137
101,140
101,143
101,144
101,145
101,153
101,155
101,157
101,158
101,160
101,168
101,171
101,174
101,176
101,177
101,178
101,182
101,187
101,191
101,198
102,103
102,104
102,106
102,107
102,111
103,104
103,106
103,108
103,109
103,110
103,111
103,114
103,115
103,116
103,117
103,126
103,127
103,131
103,133
103,137
103,140
103,143
103,144
103,145
103,153
103,155
103,157
103,158
103,160
103,168
103,171
103,174
103,176
103,177
103,178
103,182
103,187
103,191
103,198
104,106
104,107
104,108
104,109
104,111
104,112
104,113
104,116
104,118
104,120
104,121
104,123
104,125
104,127
104,129
104,133
104,138
104,146
104,147
105,106
105,107
105,109
105,110
105,112
105,113
105,115
105,116
105,117
105,118
105,119
105,120
105,121
105,122
105,123
105,124
105,125
105,127
105,128
105,129
105,130
105,134
105,137
106,108
106,109
106,110
106,111
106,112
106,113
106,114
106,115
107,108
107,109
107,111
107,112
107,113
107,115
107,116
107,117
107,118
107,119
107,121
107,122
107,124
107,125
107,128
107,130
107,131
107,133
107,134
107,135
107,136
107,137
107,138
107,139
107,142
107,143
107,145
107,147
107,154
107,159
108,109
108,110
108,111
108,113
108,114
108,115
108,116
108,117
108,119
108,120
108,122
108,125
108,126
108,127
108,130
108,131
108,132
108,133
108,134
108,135
108,136
108,137
108,138
108,139
108,140
108,141
108,143
108,144
108,145
108,147
108,148
108,149
108,153
108,154
108,155
108,157
108,158
108,159
108,160
108,168
108,171
108,174
108,176
108,177
108,178
108,182
108,187
108,191
108,198
109,110
109,111
109,113
109,114
109,115
109,116
109,117
109,118
109,119
109,120
109,121
109,122
109,123
109,125
109,126
109,127
109,129
109,130
109,131
109,132
109,133
109,134
109,135
109,136
109,137
109,140
109,141
109,142
109,143
109,144
109,145
109,146
109,148
109,149
109,150
109,151
109,153
109,155
109,157
109,158
109,159
109,160
109,161
109,162
109,165
109,167
109,168
109,171
109,174
109,176
109,177
109,178
109,179
109,180
109,182
109,187
109,191
109,198
110,111
110,113
110,114
110,115
110,116
110,117
110,118
110,120
110,121
110,122
110,124
110,125
110,126
110,127
110,128
110,130
110,131
110,133
110,134
110,136
110,137
110,138
110,140
110,141
110,142
110,143
110,144
110,145
110,147
110,149
110,150
110,152
110,153
110,154
110,155
110,157
110,158
110,159
110,160
110,161
110,162
110,165
110,167
110,168
110,169
110,171
110,174
110,176
110,177
110,178
110,179
110,180
110,182
110,185
110,186
110,187
110,191
110,198
111,114
111,115
111,116
111,117
111,126
111,127
111,131
111,133
111,137
111,140
111,143
111,144
111,145
111,153
111,155
111,157
111,158
111,160
111,168
111,171
111,174
111,176
111,177
111,178
111,182
111,187
111,191
111,198
112,115
112,117
112,118
112,121
112,122
112,123
112,124
112,125
112,127
112,128
112,129
112,130
112,133
112,134
112,135
112,138
112,139
112,141
112,142
112,144
112,146
112,149
112,150
112,152
112,159
112,161
112,162
112,163
112,165
112,167
112,169
112,170
112,172
112,175
112,179
112,180
112,198
113,116
113,118
113,120
113,121
113,122
113,124
113,125
113,129
113,130
113,131
113,132
113,133
113,134
113,135
113,136
113,137
113,138
113,139
113,141
113,142
113,143
113,144
113,145
113,146
113,148
113,149
113,150
113,151
113,152
113,159
113,161
113,162
113,163
113,165
113,166
113,167
113,169
113,172
113,175
113,179
113,180
114,115
114,116
114,117
114,119
114,120
114,121
114,122
114,123
114,124
114,125
114,126
114,127
114,131
114,133
114,134
114,135
114,136
114,137
114,139
114,140
114,141
114,142
114,143
114,144
114,145
114,147
114,149
114,150
114,151
114,152
114,153
114,154
114,155
114,157
114,158
114,160
114,161
114,162
114,163
114,164
114,165
114,166
114,167
114,168
114,171
114,172
114,173
114,174
114,175
114,176
114,177
114,178
114,180
114,182
114,185
114,187
114,188
114,191
114,198
115,116
115,117
115,118
115,119
115,121
115,122
115,125
115,126
115,127
115,128
115,130
115,131
115,132
115,133
115,134
115,135
115,137
115,139
115,140
115,141
115,143
115,144
115,145
115,146
115,147
115,149
115,150
115,153
115,154
115,155
115,156
115,157
115,158
115,160
115,161
115,162
115,163
115,165
115,167
115,168
115,170
115,171
115,172
115,173
115,174
115,175
115,176
115,177
115,178
115,179
115,180
115,182
115,184
115,185
115,186
115,187
115,188
115,191
115,193
115,198
116,117
116,118
116,120
116,121
116,125
116,126
116,127
116,128
116,129
116,130
116,131
116,132
116,133
116,135
116,136
116,137
116,138
116,139
116,140
116,141
116,142
116,143
116,144
116,145
116,147
116,149
116,150
116,151
116,152
116,153
116,155
116,156
116,157
116,158
116,159
116,160
116,161
116,163
116,164
116,165
116,166
116,167
116,168
116,169
116,170
116,171
116,172
116,173
116,174
116,176
116,177
116,178
116,182
116,184
116,185
116,186
116,187
116,188
116,190
116,191
116,198
117,119
117,120
117,121
117,122
117,123
117,124
117,125
117,126
117,127
117,128
117,129
117,130
117,131
117,133
117,134
117,135
117,136
117,137
117,140
117,142
117,143
117,144
117,145
117,149
117,150
117,151
117,152
117,153
117,154
117,155
117,156
117,157
117,158
117,159
117,160
117,162
117,163
117,164
117,165
117,166
117,168
117,171
117,172
117,173
117,174
117,175
117,176
117,177
117,178
117,179
117,180
117,182
117,186
117,187
117,188
117,190
117,191
117,195
117,196
117,198
117,199
118,119
118,120
118,121
118,122
118,124
118,127
118,128
118,129
118,130
118,131
118,132
118,133
118,134
118,135
118,136
118,138
118,141
118,142
118,144
118,147
118,148
118,149
118,151
118,152
118,154
118,159
118,164
118,165
118,166
118,167
119,122
119,123
119,124
119,125
119,128
119,129
119,132
119,134
119,135
120,121
120,122
120,123
120,125
120,127
120,128
120,129
120,131
120,132
121,124
121,125
121,128
121,129
121,130
121,131
121,132
121,135
121,137
121,145
121,146
121,148
121,149
121,155
121,159
121,161
121,167
121,169
121,179
121,180
121,181
121,184
121,185
121,193
121,195
121,199
122,125
122,127
122,128
122,130
122,132
122,133
122,134
122,135
122,136
122,137
122,139
122,140
122,141
122,144
122,146
122,148
122,149
122,150
122,151
122,152
123,126
123,127
123,128
123,129
124,125
124,126
124,127
124,130
124,133
124,134
124,135
124,136
124,137
124,139
124,140
124,141
124,142
124,143
124,144
124,146
124,148
124,151
124,152
124,155
124,156
124,158
124,163
124,167
124,169
124,170
124,175
124,176
124,184
124,185
125,128
125,130
125,131
125,134
125,135
125,136
125,140
125,141
125,142
125,144
125,145
125,146
125,147
125,148
125,150
125,151
125,152
125,153
125,154
125,156
126,127
126,131
126,133
126,137
126,140
126,143
126,144
126,145
126,153
126,155
126,157
126,158
126,160
126,168
126,171
126,174
126,176
126,177
126,178
126,182
126,187
126,191
126,198
127,128
127,130
127,131
127,132
127,133
127,135
127,136
127,137
127,138
127,139
127,140
127,143
127,144
127,145
127,146
127,147
127,148
127,150
127,151
127,152
127,153
127,155
127,156
127,157
127,158
127,160
127,163
127,164
127,165
127,166
127,168
127,170
127,171
127,174
127,176
127,177
127,178
127,179
127,181
127,182
127,185
127,187
127,191
127,198
128,130
128,133
128,134
128,135
128,136
128,137
128,139
128,140
128,141
128,142
128,143
128,144
128,145
128,146
128,147
128,148
128,151
128,153
128,154
128,155
128,156
128,158
128,160
128,161
128,162
128,165
128,166
128,167
128,175
128,179
128,180
128,181
128,184
128,185
128,186
128,189
128,190
128,194
129,130
129,131
129,132
129,133
129,134
129,136
129,137
129,139
129,140
129,141
129,142
129,144
129,145
129,146
129,147
129,148
129,150
129,151
129,152
129,154
129,158
129,159
129,161
129,164
129,165
129,166
130,131
130,132
130,133
130,134
130,136
130,137
130,138
130,139
130,140
130,142
130,143
130,146
130,147
130,150
130,151
130,152
130,154
130,155
130,156
130,158
130,159
130,160
130,161
130,162
130,163
130,164
130,165
130,166
130,167
130,172
130,176
130,184
130,186
130,189
130,190
130,193
130,194
130,195
131,132
131,133
131,134
131,135
131,136
131,137
131,138
131,140
131,141
131,142
131,143
131,144
131,145
131,147
131,148
131,149
131,150
131,151
131,153
131,154
131,155
131,156
131,157
131,158
131,159
131,160
131,162
131,163
131,164
131,165
131,166
131,167
131,168
131,170
131,171
131,172
131,173
131,174
131,175
131,176
131,177
131,178
131,180
131,181
131,182
131,184
131,185
131,186
131,187
131,188
131,189
131,190
131,191
131,192
131,193
131,194
131,195
131,198
131,199
132,134
132,136
132,137
132,138
132,139
132,140
132,141
132,143
132,144
132,145
132,146
132,147
132,148
132,149
132,150
132,151
132,152
132,153
132,154
132,155
132,156
132,158
132,159
132,162
132,163
132,164
132,165
132,166
132,167
132,169
132,170
132,172
132,173
132,174
132,179
132,180
132,181
132,185
132,188
132,189
132,190
132,195
133,134
133,135
133,136
133,137
133,139
133,140
133,142
133,143
133,144
133,145
133,147
133,148
133,150
133,151
133,152
133,153
133,155
133,157
133,158
133,159
133,160
133,161
133,162
133,163
133,164
133,165
133,167
133,168
133,169
133,170
133,171
133,173
133,174
133,176
133,177
133,178
133,181
133,182
133,185
133,186
133,187
133,188
133,189
133,190
133,191
133,192
133,193
133,194
133,195
133,196
133,197
133,198
133,199
134,135
134,137
134,138
134,139
134,141
134,142
134,143
134,145
134,146
134,147
134,150
134,151
134,152
134,154
134,155
134,156
134,158
134,160
134,161
134,162
134,163
134,165
134,166
134,167
134,168
134,169
134,170
134,173
134,174
134,175
134,176
134,179
134,180
134,181
134,184
134,186
134,188
134,189
134,193
134,194
134,195
134,196
135,137
135,138
135,140
135,141
135,142
135,143
135,145
135,146
135,147
135,148
135,149
135,150
135,153
135,154
135,159
136,138
136,139
136,140
136,142
136,143
136,144
136,145
136,147
136,148
136,150
136,152
136,154
136,155
136,156
136,158
136,159
136,161
136,162
136,163
136,164
136,166
136,167
136,168
136,170
136,172
136,173
136,174
136,175
136,176
136,177
136,179
136,181
136,182
136,186
136,188
136,189
136,192
136,193
136,195
136,197
136,199
137,138
137,139
137,140
137,141
137,142
137,143
137,144
137,145
137,146
137,147
137,148
137,149
137,151
137,152
137,153
137,154
137,155
137,156
137,157
137,158
137,160
137,168
137,171
137,174
137,176
137,177
137,178
137,182
137,187
137,191
137,198
138,139
138,140
138,141
138,142
138,143
139,140
139,141
139,142
139,144
139,147
139,149
139,150
139,151
139,153
139,154
139,155
139,156
139,159
139,160
139,161
139,163
139,164
139,165
139,166
139,167
139,171
139,172
139,173
139,175
139,176
139,179
139,181
139,182
139,183
139,188
139,189
139,194
139,195
140,141
140,142
140,143
140,144
140,145
140,147
140,148
140,149
140,151
140,153
140,155
140,156
140,157
140,158
140,160
140,161
140,163
140,166
140,168
140,171
140,172
140,173
140,174
140,175
140,176
140,177
140,178
140,182
140,184
140,185
140,186
140,187
140,188
140,191
140,192
140,193
140,195
140,196
140,197
140,198
142,144
142,147
142,149
142,152
142,154
142,155
142,159
142,160
142,161
142,163
142,164
142,165
142,166
142,167
142,169
142,170
142,171
142,172
142,174
142,177
142,180
142,181
142,184
142,185
142,186
142,188
142,192
142,194
142,196
142,197
143,144
143,145
143,146
143,147
143,148
143,149
143,151
143,153
143,154
143,155
143,157
143,158
143,160
143,164
143,165
143,166
143,167
143,168
143,169
143,170
143,171
143,172
143,173
143,174
143,175
143,176
143,177
143,178
143,180
143,181
143,182
143,185
143,186
143,187
143,188
143,189
143,191
143,192
143,193
143,196
143,197
143,198
144,145
144,146
144,147
144,148
144,149
144,150
144,151
144,153
144,155
144,157
144,158
144,159
144,160
144,163
144,164
144,166
144,167
144,168
144,169
144,170
144,171
144,173
144,174
144,175
144,176
144,177
144,178
144,181
144,182
144,183
144,184
144,186
144,187
144,190
144,191
144,192
144,193
144,198
145,146
145,147
145,149
145,150
145,151
145,152
145,153
145,154
145,155
145,156
145,157
145,158
145,159
145,160
145,161
145,165
145,166
145,168
145,171
145,173
145,174
145,176
145,177
145,178
145,180
145,181
145,182
145,184
145,185
145,187
145,191
145,198
146,147
146,149
146,150
146,151
146,152
146,153
146,154
146,156
146,161
146,163
146,164
146,165
146,167
146,168
146,169
146,170
146,172
146,173
146,175
146,176
146,177
146,179
147,150
147,151
147,152
147,153
147,154
147,155
147,158
147,163
147,164
147,165
147,166
147,167
147,168
147,169
147,170
147,172
147,173
147,175
147,176
147,179
147,180
147,181
148,149
148,150
148,151
148,152
148,153
149,150
149,151
149,152
149,153
149,154
149,156
149,159
149,160
149,161
149,163
150,151
150,152
150,154
150,156
150,158
150,159
150,160
150,161
150,162
150,163
150,166
150,167
150,168
150,169
150,170
150,171
150,172
151,152
151,153
151,154
151,155
152,154
152,156
152,157
152,158
152,159
152,160
152,161
152,164
152,167
152,169
152,170
152,172
152,173
152,177
152,194
152,198
153,155
153,156
153,157
153,158
153,159
153,160
153,168
153,171
153,174
153,176
153,177
153,178
153,182
153,187
153,191
153,198
154,156
154,157
154,158
154,159
154,161
155,156
155,157
155,158
155,159
155,160
155,161
155,164
155,166
155,167
155,168
155,170
155,171
155,172
155,174
155,175
155,176
155,177
155,178
155,182
155,183
155,187
155,190
155,191
155,194
155,196
155,197
155,198
156,158
156,159
156,160
156,161
156,162
156,164
156,165
156,166
156,167
156,168
156,169
156,170
156,171
156,174
156,180
156,182
156,183
156,184
156,185
156,189
156,190
156,194
156,196
156,197
156,199
157,158
157,160
157,161
157,162
157,165
157,166
157,168
157,169
157,170
157,171
157,173
157,174
157,175
157,176
157,177
157,178
157,179
157,180
157,181
157,182
157,183
157,184
157,185
157,187
157,189
157,190
157,191
157,194
157,196
157,197
157,198
158,159
158,160
158,161
158,162
158,164
158,166
158,167
158,168
158,169
158,170
158,171
158,172
158,174
158,175
158,176
158,177
158,178
158,179
158,180
158,182
158,183
158,184
158,185
158,186
158,187
158,188
158,191
158,192
158,193
158,194
158,195
158,196
158,197
158,198
158,199
159,160
159,161
159,164
159,165
159,166
159,167
159,168
159,170
159,171
159,172
159,173
159,174
159,175
160,161
160,162
160,164
160,165
160,166
160,167
160,168
160,171
160,173
160,174
160,176
160,177
160,178
160,181
160,182
160,183
160,184
160,185
160,187
160,189
160,190
160,191
160,192
160,193
160,194
160,195
160,196
160,197
160,198
161,162
161,163
161,164
162,163
162,164
162,165
162,166
162,167
162,169
162,170
162,171
162,172
162,175
162,179
162,180
162,181
162,184
162,186
162,189
162,190
162,192
162,193
162,194
162,195
162,199
163,164
163,166
163,167
163,168
163,169
163,170
163,171
163,172
163,173
163,174
164,165
164,166
164,167
164,168
165,166
165,167
165,170
165,172
166,167
166,168
166,169
166,170
167,168
168,169
168,170
168,171
168,174
168,176
168,177
168,178
168,179
168,182
168,184
168,187
168,188
168,189
168,190
168,191
168,194
168,195
168,196
168,198
169,170
169,171
169,172
169,173
169,174
169,177
169,179
169,180
169,181
169,184
169,185
169,188
169,189
169,190
169,193
169,194
169,196
169,198
170,171
170,172
170,173
170,174
170,175
170,177
170,179
170,183
170,184
171,172
171,173
171,174
171,176
171,177
171,178
171,179
171,180
171,182
171,186
171,187
171,188
171,189
171,190
171,191
171,198
172,173
172,175
173,175
173,181
173,183
173,184
173,185
173,187
173,188
173,189
173,194
173,197
174,175
174,176
174,177
174,178
174,180
174,181
174,182
174,183
174,184
174,185
174,187
174,188
174,191
174,192
174,193
174,194
174,195
174,197
174,198
175,179
175,181
175,182
175,183
175,184
175,185
175,186
175,187
175,188
175,192
175,193
175,194
175,195
175,196
175,197
176,177
176,178
176,179
176,180
176,181
176,182
176,183
176,184
176,185
176,187
176,188
176,191
176,192
176,193
176,194
176,195
176,196
176,197
176,198
177,178
177,180
177,181
177,182
177,184
177,187
177,188
177,189
177,191
177,195
177,196
177,197
177,198
177,199
178,182
178,183
178,185
178,186
178,187
178,188
178,190
178,191
178,192
178,194
178,195
178,196
178,197
178,198
179,181
179,183
179,184
179,185
179,186
179,187
179,188
179,189
179,190
179,194
179,195
179,196
179,197
179,199
180,181
180,182
180,184
180,185
180,188
180,189
180,190
180,194
180,196
180,198
180,199
181,183
181,184
181,185
181,187
181,189
181,192
181,193
181,197
181,198
181,199
182,183
182,184
182,185
182,186
182,187
182,189
182,190
182,191
182,192
182,193
182,197
182,198
182,199
183,184
183,186
183,187
183,188
183,189
183,190
183,191
183,192
183,193
184,185
184,186
185,190
185,195
185,196
185,198
185,199
186,187
186,189
186,190
186,192
186,194
186,197
186,198
186,199
187,188
187,189
187,190
187,191
187,192
187,193
187,194
187,195
187,196
187,197
187,198
187,199
188,189
188,190
189,190
189,191
189,192
189,194
189,198
190,192
190,194
190,195
190,196
190,197
190,198
190,199
191,196
191,197
191,198
192,193
192,195
192,196
192,197
192,198
193,197
193,198
193,199
194,195
194,196
194,197
194,198
194,199
195,196
195,199
196,198
197,199
