0,1
0,2
0,3
0,4
0,5
0,6
0,7
0,8
0,9
0,10
0,11
0,12
0,13
0,14
0,15
0,16
0,17
0,18
0,19
0,20
0,21
0,22
0,23
0,24
0,25
0,26
0,27
0,28
0,29
0,30
0,31
0,32
0,33
0,34
0,35
0,36
0,37
0,38
0,39
0,40
0,41
0,42
0,43
0,47
0,51
0,61
0,65
0,72
0,74
0,75
0,87
0,90
0,93
0,94
0,95
0,97
0,102
0,107
0,109
0,113
0,115
0,119
0,120
0,122
0,123
0,124
0,125
0,128
0,129
0,130
0,131
0,133
0,135
0,138
0,140
0,141
0,146
0,147
0,150
0,152
0,154
0,156
0,157
0,158
0,159
0,160
0,162
0,163
0,167
0,168
0,171
0,172
1,2
1,3
1,4
1,5
1,6
1,7
1,8
1,9
1,10
1,11
1,12
1,13
1,14
1,15
1,16
1,17
1,18
1,19
1,20
1,21
1,22
1,23
1,24
1,25
1,26
1,27
1,28
1,29
1,30
1,31
1,32
1,33
1,34
1,35
1,36
1,37
1,38
1,39
1,40
1,41
1,42
1,43
2,3
2,4
2,5
2,6
2,7
2,8
2,9
2,10
2,11
2,12
2,13
2,14
2,15
2,16
2,17
2,18
2,19
2,20
2,21
2,22
2,23
2,24
2,25
2,26
2,27
2,28
2,29
2,30
2,31
2,32
2,33
2,34
2,35
2,36
2,37
2,38
2,39
2,40
2,41
2,42
2,43
3,4
3,5
3,6
3,7
3,8
3,9
3,10
3,11
3,12
3,13
3,14
3,15
3,16
3,17
3,18
3,19
3,20
3,21
3,22
3,23
3,24
3,25
3,26
3,27
3,28
3,29
3,30
3,31
3,32
3,33
3,34
3,35
3,36
3,37
3,38
3,39
3,40
3,41
3,42
3,43
3,47
3,51
3,61
3,65
3,72
3,74
3,75
3,87
3,90
3,93
3,94
3,102
3,109
3,113
3,115
3,119
3,120
3,122
3,123
3,124
3,128
3,129
3,133
3,138
3,146
3,154
3,160
3,167
3,168
3,171
3,172
4,5
4,6
4,7
4,8
4,9
4,10
4,11
4,12
4,13
4,14
4,15
4,16
4,17
4,18
4,19
4,20
4,21
4,22
4,23
4,24
4,25
4,26
4,27
4,28
4,29
4,30
4,31
4,32
4,33
4,34
4,35
4,36
4,37
4,38
4,39
4,40
4,41
4,42
4,43
5,6
5,7
5,8
5,9
5,10
5,11
5,12
5,13
5,14
5,15
5,16
5,17
5,18
5,19
5,20
5,21
5,22
5,23
5,24
5,25
5,26
5,27
5,28
5,29
5,30
5,31
5,32
5,33
5,34
5,35
5,36
5,37
5,38
5,39
5,40
5,41
5,42
5,43
6,7
6,8
6,9
6,10
6,11
6,12
6,13
6,14
6,15
6,16
6,17
6,18
6,19
6,20
6,21
6,22
6,23
6,24
6,25
6,26
6,27
6,28
6,29
6,30
6,31
6,32
6,33
6,34
6,35
6,36
6,37
6,38
6,39
6,40
6,41
6,42
6,43
7,8
7,9
7,10
7,11
7,12
7,13
7,14
7,15
7,16
7,17
7,18
7,19
7,20
7,21
7,22
7,23
7,24
7,25
7,26
7,27
7,28
7,29
7,30
7,31
7,32
7,33
7,34
7,35
7,36
7,37
7,38
7,39
7,40
7,41
7,42
7,43
7,47
7,51
7,61
7,65
7,72
7,74
7,75
7,87
7,90
7,93
7,94
7,102
7,109
7,113
7,115
7,119
7,120
7,122
7,123
7,124
7,128
7,129
7,130
7,131
7,133
7,135
7,136
7,138
7,143
7,146
7,148
7,149
7,154
7,156
7,158
7,160
7,167
7,168
7,171
7,172
7,180
7,181
7,182
8,9
8,10
8,11
8,12
8,13
8,14
8,15
8,16
8,17
8,18
8,19
8,20
8,21
8,22
8,23
8,24
8,25
8,26
8,27
8,28
8,29
8,30
8,31
8,32
8,33
8,34
8,35
8,36
8,37
8,38
8,39
8,40
8,41
8,42
8,43
9,10
9,11
9,12
9,13
9,14
9,15
9,16
9,17
9,18
9,19
9,20
9,21
9,22
9,23
9,24
9,25
9,26
9,27
9,28
9,29
9,30
9,31
9,32
9,33
9,34
9,35
9,36
9,37
9,38
9,39
9,40
9,41
9,42
9,43
9,59
9,60
9,62
9,63
9,66
9,71
10,11
10,12
10,13
10,14
10,15
10,16
10,17
10,18
10,19
10,20
10,21
10,22
10,23
10,24
10,25
10,26
10,27
10,28
10,29
10,30
10,31
10,32
10,33
10,34
10,35
10,36
10,37
10,38
10,39
10,40
10,41
10,42
10,43
10,54
10,55
10,56
10,59
10,60
10,62
10,63
10,68
10,69
10,71
11,12
11,13
11,14
11,15
11,16
11,17
11,18
11,19
11,20
11,21
11,22
11,23
11,24
11,25
11,26
11,27
11,28
11,29
11,30
11,31
11,32
11,33
11,34
11,35
11,36
11,37
11,38
11,39
11,40
11,41
11,42
11,43
11,47
11,51
11,52
11,53
11,54
11,55
11,56
11,57
11,59
11,60
11,61
11,62
11,64
11,65
11,68
11,70
11,71
11,72
11,74
11,75
11,78
11,86
11,87
11,89
11,90
11,93
11,94
11,102
11,109
11,113
11,115
11,119
11,120
11,122
11,123
11,124
11,128
11,129
11,133
11,138
11,146
11,154
11,160
11,167
11,168
11,171
11,172
12,13
12,14
12,15
12,16
12,17
12,18
12,19
12,20
12,21
12,22
12,23
12,24
12,25
12,26
12,27
12,28
12,29
12,30
12,31
12,32
12,33
12,34
12,35
12,36
12,37
12,38
12,39
12,40
12,41
12,42
12,43
12,56
12,57
12,58
12,59
12,60
12,62
12,63
12,64
12,66
12,68
12,69
12,70
12,71
12,72
12,78
12,81
12,83
13,14
13,15
13,16
13,17
13,18
13,19
13,20
13,21
13,22
13,23
13,24
13,25
13,26
13,27
13,28
13,29
13,30
13,31
13,32
13,33
13,34
13,35
13,36
13,37
13,38
13,39
13,40
13,41
13,42
13,43
13,47
13,51
13,61
13,65
13,72
13,74
13,75
13,87
13,90
13,93
13,94
13,102
13,109
13,113
13,115
13,119
13,120
13,122
13,123
13,124
13,128
13,129
13,133
13,138
13,146
13,154
13,160
13,167
13,168
13,171
13,172
14,15
14,16
14,17
14,18
14,19
14,20
14,21
14,22
14,23
14,24
14,25
14,26
14,27
14,28
14,29
14,30
14,31
14,32
14,33
14,34
14,35
14,36
14,37
14,38
14,39
14,40
14,41
14,42
14,43
14,54
14,55
14,56
14,57
14,58
14,60
14,62
14,64
14,65
14,66
14,67
14,68
14,69
14,70
14,71
14,72
14,74
14,76
14,77
14,79
14,81
15,16
15,17
15,18
15,19
15,20
15,21
15,22
15,23
15,24
15,25
15,26
15,27
15,28
15,29
15,30
15,31
15,32
15,33
15,34
15,35
15,36
15,37
15,38
15,39
15,40
15,41
15,42
15,43
15,53
15,54
15,55
16,17
16,18
16,19
16,20
16,21
16,22
16,23
16,24
16,25
16,26
16,27
16,28
16,29
16,30
16,31
16,32
16,33
16,34
16,35
16,36
16,37
16,38
16,39
16,40
16,41
16,42
16,43
16,50
16,52
16,53
16,54
16,55
16,56
16,57
16,58
16,59
16,60
16,62
16,63
16,64
16,65
16,66
16,69
16,70
16,71
16,72
16,74
16,76
16,77
16,78
16,79
16,80
16,81
16,83
16,85
16,86
16,95
16,97
16,101
16,103
16,107
16,109
16,112
16,118
16,121
16,123
17,18
17,19
17,20
17,21
17,22
17,23
17,24
17,25
17,26
17,27
17,28
17,29
17,30
17,31
17,32
17,33
17,34
17,35
17,36
17,37
17,38
17,39
17,40
17,41
17,42
17,43
17,47
17,51
17,61
17,65
17,72
17,74
17,75
17,87
17,90
17,93
17,94
17,102
17,109
17,113
17,115
17,119
17,120
17,122
17,123
17,124
17,128
17,129
17,133
17,138
17,146
17,154
17,160
17,167
17,168
17,171
17,172
18,19
18,20
18,21
18,22
18,23
18,24
18,25
18,26
18,27
18,28
18,29
18,30
18,31
18,32
18,33
18,34
18,35
18,36
18,37
18,38
18,39
18,40
18,41
18,42
18,43
18,65
18,67
18,69
18,70
18,71
18,72
18,74
18,76
18,78
18,79
18,80
18,81
18,82
18,83
19,20
19,21
19,22
19,23
19,24
19,25
19,26
19,27
19,28
19,29
19,30
19,31
19,32
19,33
19,34
19,35
19,36
19,37
19,38
19,39
19,40
19,41
19,42
19,43
19,47
19,51
19,61
19,65
19,66
19,67
19,68
19,69
19,70
19,71
19,72
19,74
19,75
19,87
19,90
19,93
19,94
19,102
19,109
19,113
19,115
19,119
19,120
19,122
19,123
19,124
19,128
19,129
19,133
19,138
19,146
19,154
19,160
19,167
19,168
19,171
19,172
20,21
20,22
20,23
20,24
20,25
20,26
20,27
20,28
20,29
20,30
20,31
20,32
20,33
20,34
20,35
20,36
20,37
20,38
20,39
20,40
20,41
20,42
20,43
20,47
20,51
20,54
20,55
20,56
20,57
20,60
20,61
20,62
20,63
20,64
20,65
20,66
20,67
20,68
20,69
20,70
20,71
20,72
20,74
20,75
20,76
20,77
20,78
20,80
20,81
20,82
20,83
20,85
20,87
20,89
20,90
20,93
20,94
20,98
20,102
20,103
20,107
20,108
20,109
20,110
20,112
20,113
20,114
20,115
20,119
20,120
20,122
20,123
20,124
20,128
20,129
20,133
20,138
20,146
20,154
20,160
20,167
20,168
20,171
20,172
21,22
21,23
21,24
21,25
21,26
21,27
21,28
21,29
21,30
21,31
21,32
21,33
21,34
21,35
21,36
21,37
21,38
21,39
21,40
21,41
21,42
21,43
22,23
22,24
22,25
22,26
22,27
22,28
22,29
22,30
22,31
22,32
22,33
22,34
22,35
22,36
22,37
22,38
22,39
22,40
22,41
22,42
22,43
22,49
22,50
22,52
22,53
22,54
22,55
22,56
22,57
22,58
22,61
22,62
22,63
22,64
22,65
22,67
22,68
22,69
22,70
22,71
22,74
22,75
22,76
22,77
22,78
22,79
22,82
22,83
22,84
22,85
22,89
22,94
22,96
22,97
22,98
22,99
22,103
22,104
22,107
22,108
22,109
22,110
22,112
22,114
22,117
22,118
22,121
22,122
22,123
22,124
22,125
22,129
22,131
22,133
22,136
22,140
22,144
22,150
22,156
22,158
22,161
22,162
22,163
22,165
22,167
22,171
22,176
22,178
22,180
22,192
22,193
22,195
22,196
23,24
23,25
23,26
23,27
23,28
23,29
23,30
23,31
23,32
23,33
23,34
23,35
23,36
23,37
23,38
23,39
23,40
23,41
23,42
23,43
23,50
23,52
23,54
23,55
23,56
23,57
23,59
23,60
23,62
23,63
23,64
23,65
24,25
24,26
24,27
24,28
24,29
24,30
24,31
24,32
24,33
24,34
24,35
24,36
24,37
24,38
24,39
24,40
24,41
24,42
24,43
24,56
24,57
24,58
24,59
24,60
24,61
24,62
24,63
24,64
24,65
24,66
24,67
24,68
24,69
24,70
24,71
24,72
24,74
24,76
24,77
24,78
24,79
24,80
24,81
24,83
24,84
24,85
24,86
24,89
25,26
25,27
25,28
25,29
25,30
25,31
25,32
25,33
25,34
25,35
25,36
25,37
25,38
25,39
25,40
25,41
25,42
25,43
25,55
25,56
25,57
25,58
25,60
25,61
25,62
25,63
25,65
25,66
25,67
25,68
25,69
25,70
25,71
25,72
25,76
25,77
25,78
25,79
25,80
25,82
25,83
25,84
25,85
26,27
26,28
26,29
26,30
26,31
26,32
26,33
26,34
26,35
26,36
26,37
26,38
26,39
26,40
26,41
26,42
26,43
26,47
26,51
26,61
26,65
26,72
26,74
26,75
26,87
26,90
26,93
26,94
26,102
26,109
26,113
26,115
26,119
26,120
26,122
26,123
26,124
26,128
26,129
26,133
26,138
26,146
26,154
26,160
26,167
26,168
26,171
26,172
27,28
27,29
27,30
27,31
27,32
27,33
27,34
27,35
27,36
27,37
27,38
27,39
27,40
27,41
27,42
27,43
27,51
27,52
27,54
27,55
27,56
27,57
27,58
27,59
27,60
27,61
27,62
27,63
27,64
27,65
27,66
27,67
27,69
27,70
27,71
27,72
27,73
27,74
27,75
27,76
27,77
27,78
27,80
27,81
27,82
27,83
27,84
27,85
27,86
27,87
27,89
27,94
27,96
27,97
27,98
27,99
27,103
27,107
27,109
27,114
27,116
27,117
27,118
27,120
27,121
27,125
27,126
27,131
27,133
27,136
27,137
27,140
27,141
27,143
27,144
27,148
27,150
27,155
27,157
27,158
27,163
27,164
27,165
27,166
27,167
27,169
27,170
27,174
27,175
27,176
27,178
27,179
27,182
27,184
27,186
27,188
27,192
27,193
27,197
28,29
28,30
28,31
28,32
28,33
28,34
28,35
28,36
28,37
28,38
28,39
28,40
28,41
28,42
28,43
28,52
28,53
28,54
28,55
28,56
28,57
28,59
28,60
28,61
28,62
28,63
28,64
28,65
28,67
28,68
29,30
29,31
29,32
29,33
29,34
29,35
29,36
29,37
29,38
29,39
29,40
29,41
29,42
29,43
29,49
29,50
29,51
29,52
29,54
29,56
29,57
29,59
29,60
29,61
29,62
29,63
29,65
29,66
29,67
29,68
29,69
29,70
29,71
29,73
29,74
29,75
29,76
29,77
29,78
29,79
29,80
29,81
29,82
29,83
29,86
29,87
29,89
29,91
29,92
29,93
29,94
29,95
29,96
29,97
29,98
29,99
29,100
29,101
29,102
29,103
29,104
29,105
29,106
29,107
29,108
29,109
29,112
29,113
29,114
29,117
29,118
29,120
29,121
29,122
29,124
29,125
29,126
29,127
29,129
29,130
29,131
30,31
30,32
30,33
30,34
30,35
30,36
30,37
30,38
30,39
30,40
30,41
30,42
30,43
30,47
30,49
30,50
30,51
30,52
30,53
30,54
30,55
30,56
30,57
30,58
30,59
30,60
30,61
30,62
30,63
30,64
30,65
30,66
30,67
30,68
30,69
30,70
30,71
30,72
30,73
30,74
30,75
30,77
30,78
30,79
30,80
30,81
30,82
30,87
30,90
30,93
30,94
30,102
30,109
30,113
30,115
30,119
30,120
30,122
30,123
30,124
30,128
30,129
30,133
30,138
30,146
30,154
30,160
30,167
30,168
30,171
30,172
31,32
31,33
31,34
31,35
31,36
31,37
31,38
31,39
31,40
31,41
31,42
31,43
31,55
31,56
31,57
31,58
31,59
31,60
31,61
31,62
31,63
31,64
31,65
31,66
32,33
32,34
32,35
32,36
32,37
32,38
32,39
32,40
32,41
32,42
32,43
32,47
32,50
32,51
32,53
32,54
32,55
32,56
32,57
32,58
32,59
32,60
32,61
32,62
32,63
32,64
32,65
32,66
32,67
32,68
32,69
32,71
32,72
32,73
32,74
32,75
32,77
32,78
32,80
32,81
32,82
32,83
32,84
32,85
32,86
32,87
32,89
32,90
32,91
32,93
32,94
32,95
32,96
32,97
32,98
32,99
32,100
32,101
32,102
32,103
32,104
32,105
32,109
32,113
32,115
32,119
32,120
32,122
32,123
32,124
32,128
32,129
32,133
32,138
32,146
32,154
32,160
32,167
32,168
32,171
32,172
33,34
33,35
33,36
33,37
33,38
33,39
33,40
33,41
33,42
33,43
34,35
34,36
34,37
34,38
34,39
34,40
34,41
34,42
35,36
35,37
35,38
35,39
35,40
35,41
35,42
35,43
35,61
35,62
35,64
35,65
35,66
35,67
35,68
35,69
35,70
35,71
35,76
35,77
35,78
35,79
36,37
36,38
36,39
36,40
36,41
36,42
36,43
37,38
37,39
37,40
37,41
37,42
37,43
37,47
37,51
37,55
37,56
37,58
37,59
37,61
37,62
37,63
37,64
37,65
37,66
37,67
37,68
37,69
37,70
37,71
37,72
37,73
37,74
37,75
37,76
37,77
37,78
37,79
37,80
37,81
37,82
37,84
37,87
37,88
37,90
37,91
37,92
37,93
37,94
37,97
37,98
37,100
37,101
37,102
37,103
37,109
37,113
37,115
37,119
37,120
37,122
37,123
37,124
37,128
37,129
37,133
37,138
37,146
37,154
37,160
37,167
37,168
37,171
37,172
38,39
38,40
38,41
38,42
38,43
39,40
39,41
39,42
39,43
40,41
40,42
40,43
41,42
41,43
42,43
42,47
42,51
42,61
42,65
42,72
42,74
42,75
42,85
42,87
42,89
42,90
42,91
42,92
42,93
42,94
42,95
42,96
42,99
42,100
42,102
42,105
42,109
42,113
42,115
42,119
42,120
42,122
42,123
42,124
42,128
42,129
42,133
42,138
42,146
42,154
42,160
42,167
42,168
42,171
42,172
43,53
43,54
43,55
43,56
43,58
43,59
43,60
43,61
43,62
43,63
43,64
43,65
43,66
43,67
43,68
43,69
43,70
43,71
43,72
43,74
43,76
43,77
43,78
43,79
43,81
43,82
43,83
43,84
43,85
43,87
43,88
44,52
44,53
44,54
44,55
44,56
44,57
44,58
46,51
46,52
46,53
46,54
46,55
46,56
46,57
46,58
46,59
46,60
46,61
46,64
46,65
46,67
46,68
46,69
46,70
46,71
46,73
46,74
46,75
46,76
46,78
46,79
46,80
46,81
46,82
46,83
46,84
46,85
46,86
46,87
46,88
46,89
46,95
46,96
46,97
46,98
46,99
46,100
46,101
46,102
46,103
46,104
46,105
46,107
46,108
46,109
46,110
46,111
46,112
46,114
46,115
46,116
46,118
46,120
46,122
46,123
46,124
46,126
46,129
46,130
47,49
47,50
47,51
47,53
47,54
47,55
47,56
47,61
47,65
47,72
47,74
47,75
47,87
47,90
47,93
47,94
47,102
47,109
47,113
47,115
47,119
47,120
47,122
47,123
47,124
47,128
47,129
47,133
47,138
47,146
47,154
47,160
47,167
47,168
47,171
47,172
48,52
48,53
49,50
49,51
49,52
49,53
49,54
49,55
49,56
49,58
49,59
49,60
49,61
49,62
49,64
49,65
49,66
49,67
49,69
49,70
49,72
49,73
49,74
49,75
49,76
49,78
49,79
49,80
49,81
49,83
49,84
49,85
49,86
49,87
49,88
49,91
49,93
49,94
49,95
49,96
49,98
49,99
49,100
49,101
49,102
49,103
49,104
49,105
49,106
49,107
49,109
49,110
49,112
49,113
49,114
49,115
49,116
49,118
49,119
49,122
49,123
49,124
49,127
49,129
49,130
49,132
49,140
49,145
50,52
50,53
50,54
50,55
50,56
50,57
50,58
50,59
50,60
50,61
51,52
51,53
51,54
51,55
51,56
51,57
51,58
51,59
51,61
51,62
51,63
51,64
51,65
51,72
51,74
51,75
51,87
51,90
51,93
51,94
51,102
51,109
51,113
51,115
51,119
51,120
51,122
51,123
51,124
51,128
51,129
51,133
51,138
51,146
51,154
51,160
51,167
51,168
51,171
51,172
52,53
52,54
52,55
52,56
52,57
52,58
52,59
52,60
52,61
52,62
52,63
53,54
53,56
53,57
53,58
53,59
53,60
53,61
53,62
53,63
53,64
53,65
53,66
53,67
53,69
53,70
53,71
53,72
53,73
53,74
53,75
53,78
53,79
53,80
53,81
53,82
53,83
53,84
53,86
53,87
53,88
53,91
53,93
53,96
53,97
53,98
53,99
53,100
53,101
53,102
53,103
53,104
53,105
53,107
53,108
53,109
53,110
53,111
53,112
54,55
54,57
54,58
54,59
54,60
54,62
54,63
54,64
54,65
54,66
54,67
54,68
54,69
54,70
54,71
54,73
54,74
54,75
54,76
54,77
54,78
54,80
54,82
54,83
54,84
54,85
54,86
54,87
54,88
54,89
54,91
54,92
54,93
54,94
54,95
54,96
54,98
54,99
54,100
54,101
54,102
54,103
54,104
54,105
54,106
54,107
54,108
55,56
55,58
55,60
55,61
55,62
55,63
55,64
55,66
55,67
55,68
55,69
55,70
55,71
55,72
55,74
55,76
55,77
55,78
55,80
55,81
55,82
55,83
55,84
55,85
55,86
55,87
56,57
56,58
56,59
56,60
56,61
56,62
56,63
56,64
56,65
56,67
56,68
56,69
56,70
56,71
56,72
56,73
56,74
56,75
56,76
57,58
57,60
57,61
57,62
57,63
57,64
57,65
57,66
57,67
57,68
57,69
57,70
57,71
57,72
57,73
57,74
57,75
57,76
57,78
57,80
57,81
57,82
57,83
57,84
57,85
57,86
57,87
57,88
57,89
57,91
57,93
57,94
57,95
57,96
57,97
57,98
57,99
57,100
57,101
57,102
57,103
57,104
57,106
57,108
57,109
57,110
57,113
57,114
57,115
57,118
57,119
57,120
57,123
57,124
57,126
57,127
57,129
57,130
57,132
57,137
57,138
57,139
57,140
57,145
57,148
57,156
58,59
58,60
58,61
58,62
58,63
58,64
58,65
58,66
58,67
58,68
58,69
58,70
58,72
58,73
58,75
58,77
58,78
58,79
58,80
58,81
58,82
58,83
58,84
58,85
58,86
58,87
58,88
58,89
58,91
58,92
58,93
58,94
58,95
58,96
58,97
58,98
58,99
58,100
58,101
58,102
58,103
58,104
58,105
58,106
58,107
59,60
59,61
59,62
59,63
59,64
59,65
59,66
59,67
59,68
59,69
59,70
59,71
59,72
59,73
59,74
59,75
59,76
59,77
59,78
59,79
59,80
59,81
59,82
59,83
59,84
59,85
59,86
59,87
59,88
59,89
59,91
59,92
59,93
59,94
59,95
59,96
59,97
59,98
59,99
59,100
59,101
59,102
59,103
59,104
59,105
59,106
59,108
59,109
60,61
60,62
60,63
60,64
60,65
60,66
60,68
60,69
60,70
60,71
60,72
60,73
60,74
60,75
60,76
60,77
60,78
60,79
60,80
60,81
60,82
60,83
60,84
60,85
60,86
60,87
60,88
60,89
60,90
60,92
60,93
60,94
60,95
60,96
60,97
60,98
60,99
60,100
60,101
60,102
60,103
60,104
60,105
60,106
60,107
60,108
60,109
60,110
60,111
60,112
60,113
60,114
60,115
60,116
60,117
60,118
60,119
60,120
60,123
60,124
60,126
60,127
60,128
60,129
60,130
60,132
60,134
60,136
60,138
60,140
60,141
60,145
60,146
60,148
60,149
60,150
60,154
60,156
60,161
60,162
61,62
61,63
61,64
61,65
61,66
61,67
61,68
61,72
61,74
61,75
61,87
61,90
61,93
61,94
61,102
61,109
61,113
61,115
61,119
61,120
61,122
61,123
61,124
61,128
61,129
61,133
61,138
61,146
61,154
61,160
61,167
61,168
61,171
61,172
62,63
62,64
62,65
62,66
62,67
62,68
62,69
62,70
62,72
62,75
62,76
62,77
62,78
62,79
62,80
62,81
62,82
62,83
62,84
62,85
62,86
62,87
62,89
62,90
62,91
62,92
62,93
62,94
62,95
62,96
62,97
62,98
62,99
62,100
62,101
62,102
62,104
62,105
62,106
62,107
62,108
62,109
62,110
62,111
62,112
62,113
62,114
62,115
62,117
62,118
62,119
62,120
62,121
62,122
62,123
62,124
62,125
63,65
63,66
63,67
63,68
63,69
63,70
63,71
63,72
63,73
63,74
63,75
63,76
63,77
63,78
63,79
63,80
63,81
63,82
63,83
63,84
63,85
63,86
63,88
63,89
63,90
63,91
63,92
63,93
63,94
63,95
63,96
63,98
63,99
63,100
63,101
63,102
63,103
63,104
63,105
63,106
63,107
63,108
63,109
63,111
63,112
63,113
63,114
63,115
63,116
63,117
64,65
64,66
64,67
65,67
65,68
65,69
65,70
65,72
65,73
65,74
65,75
65,77
65,87
65,90
65,93
65,94
65,102
65,109
65,113
65,115
65,119
65,120
65,122
65,123
65,124
65,128
65,129
65,133
65,138
65,146
65,154
65,160
65,167
65,168
65,171
65,172
66,67
66,68
66,69
66,70
66,71
66,73
66,74
66,75
66,76
66,77
66,78
66,79
66,82
66,83
66,85
66,87
66,88
66,89
66,90
66,91
66,92
66,93
66,94
66,95
66,97
66,98
66,99
66,100
66,102
66,103
66,104
66,105
66,107
66,108
66,109
66,111
66,112
66,113
66,114
66,116
66,119
66,120
66,121
66,122
66,123
66,124
66,125
66,127
66,128
66,129
66,130
66,131
66,132
66,133
66,136
66,138
66,139
66,140
66,141
66,142
66,143
66,145
66,146
66,147
66,149
66,150
66,154
66,155
66,156
66,157
66,161
66,162
66,163
66,164
66,169
66,170
67,68
67,69
68,70
68,71
68,72
68,73
68,74
68,75
68,77
68,79
68,80
68,82
68,83
68,85
68,86
68,87
68,88
68,89
68,90
68,91
68,92
68,93
68,94
68,95
68,96
68,97
68,98
68,100
68,101
68,102
68,103
68,104
68,105
68,106
68,107
68,108
68,109
68,110
68,111
68,112
68,113
68,114
68,115
68,116
68,117
68,118
68,119
68,120
68,121
68,122
68,123
68,124
68,125
68,127
68,128
68,129
68,131
68,132
68,133
68,134
68,135
68,136
68,137
68,138
68,139
68,140
68,141
68,143
68,144
68,145
68,146
68,147
68,148
68,149
68,150
69,70
69,71
69,72
69,73
69,74
69,75
69,76
69,77
69,78
69,80
69,81
69,82
69,83
69,84
69,85
69,86
69,88
69,89
69,90
69,91
69,92
69,93
69,94
69,95
69,96
69,97
69,99
70,71
70,72
70,73
70,74
70,75
70,76
70,77
70,79
70,80
70,81
70,82
70,83
70,84
70,85
70,87
70,88
70,89
70,90
71,72
71,73
71,74
71,76
71,77
71,78
71,79
71,80
71,81
71,82
71,83
71,85
71,86
71,87
71,88
71,89
72,73
72,74
72,75
72,77
72,78
72,79
72,80
72,82
72,83
72,85
72,86
72,87
72,88
72,89
72,90
72,92
72,93
72,94
72,95
72,96
72,97
72,98
72,99
72,100
72,101
72,102
72,103
72,104
72,105
72,106
72,107
72,108
72,109
72,112
72,113
72,115
72,118
72,119
72,120
72,121
72,122
72,123
72,124
72,128
72,129
72,133
72,138
72,146
72,154
72,160
72,167
72,168
72,171
72,172
73,74
74,75
74,76
74,77
74,78
74,80
74,81
74,82
74,83
74,84
74,85
74,86
74,87
74,88
74,89
74,90
74,91
74,92
74,93
74,94
74,95
74,96
74,97
74,98
74,99
74,100
74,102
74,103
74,104
74,105
74,106
74,107
74,108
74,109
74,110
74,112
74,113
74,115
74,119
74,120
74,122
74,123
74,124
74,128
74,129
74,133
74,138
74,146
74,154
74,160
74,167
74,168
74,171
74,172
75,76
75,77
75,78
75,79
75,80
75,87
75,90
75,93
75,94
75,102
75,109
75,113
75,115
75,119
75,120
75,122
75,123
75,124
75,128
75,129
75,133
75,138
75,146
75,154
75,160
75,167
75,168
75,171
75,172
76,77
76,78
77,78
77,79
77,80
77,81
77,82
77,83
77,84
77,85
77,86
77,88
77,89
77,90
77,91
77,92
77,93
77,94
77,95
77,96
77,97
77,98
77,99
77,100
77,101
77,102
77,104
77,106
77,107
77,108
77,109
77,110
77,111
77,112
78,79
78,80
78,81
78,82
78,83
78,84
78,85
78,86
78,87
78,88
78,89
78,90
78,91
78,92
78,93
78,94
78,95
78,96
78,97
78,99
78,100
78,101
78,102
78,103
78,104
78,105
78,106
78,107
78,108
78,109
78,110
78,111
78,112
78,113
78,114
78,115
78,116
78,117
78,120
78,121
78,123
78,124
78,125
78,126
78,127
78,128
78,129
78,130
78,132
78,133
78,135
78,138
78,139
78,144
78,147
78,149
78,154
78,156
78,157
78,161
78,162
78,163
78,167
78,168
78,170
78,188
79,80
79,81
79,82
79,83
79,84
79,85
79,86
79,87
79,88
79,89
79,92
79,93
79,94
79,95
79,96
80,81
80,82
80,83
80,84
80,85
80,86
80,87
80,88
80,89
80,90
80,91
80,94
80,95
80,96
80,97
80,98
80,99
80,100
80,101
81,82
81,84
81,85
81,86
81,87
81,88
81,89
81,91
81,92
81,93
81,94
81,95
81,96
81,97
81,98
81,99
81,100
81,101
81,102
81,103
81,104
81,105
81,106
81,107
81,108
81,109
81,110
81,111
82,83
82,84
82,85
82,87
82,88
82,89
82,90
82,92
82,93
82,94
82,95
82,96
82,97
82,98
82,99
82,100
82,101
82,102
82,103
82,104
82,105
82,106
82,107
82,108
82,109
82,110
82,111
82,112
82,114
82,115
82,116
82,117
82,118
82,120
82,121
82,123
82,124
82,128
82,129
82,130
82,132
82,133
82,135
83,84
83,85
83,86
83,88
83,89
83,90
83,91
83,92
83,93
83,94
83,95
83,96
83,97
83,98
83,99
83,100
83,101
83,102
83,103
83,104
83,105
83,106
83,107
83,108
83,109
83,110
83,111
83,112
83,113
83,114
83,115
83,116
83,117
83,118
83,120
83,121
83,122
83,123
83,124
83,125
83,126
84,85
84,86
84,87
84,88
84,89
84,90
84,91
84,92
84,93
84,94
84,95
84,96
84,97
85,86
85,87
85,88
85,89
85,90
85,91
85,92
85,93
85,94
85,95
85,96
85,97
85,99
85,100
85,101
85,102
85,103
85,104
85,105
85,108
85,109
85,111
85,112
85,113
85,114
85,115
85,116
85,117
85,118
85,119
85,120
86,87
86,88
86,89
86,90
86,91
86,92
86,93
86,94
86,95
86,96
86,97
86,98
86,99
86,101
86,102
86,103
86,104
86,105
86,106
86,107
86,108
86,109
86,110
86,111
86,112
86,113
86,114
86,115
86,116
86,118
86,119
86,120
86,121
86,122
86,123
86,124
86,125
86,128
86,129
86,131
86,133
86,137
86,138
86,139
86,141
86,142
86,144
86,145
86,146
86,147
86,148
86,150
86,152
86,156
86,159
86,161
86,162
86,169
86,170
86,182
86,188
87,88
87,89
87,90
87,91
87,93
87,94
87,95
87,97
87,98
87,99
87,100
87,101
87,102
87,103
87,104
87,105
87,106
87,107
87,108
87,109
87,110
87,111
87,112
87,113
87,114
87,115
87,117
87,119
87,120
87,122
87,123
87,124
87,128
87,129
87,133
87,138
87,146
87,154
87,160
87,167
87,168
87,171
87,172
88,89
88,90
88,91
88,92
88,93
88,94
89,90
89,91
89,92
89,93
89,94
89,95
89,97
89,98
89,99
89,101
89,102
89,103
89,104
89,105
89,106
89,107
89,109
89,110
89,111
89,112
89,113
89,114
89,115
89,116
89,117
89,118
89,120
89,122
89,123
89,124
89,125
89,126
89,131
89,132
89,133
89,134
89,137
89,138
89,139
89,141
89,142
89,144
89,145
89,146
89,147
89,149
89,150
89,151
89,152
89,153
89,154
89,156
89,161
89,162
89,163
89,164
89,165
89,167
89,168
89,169
89,170
89,181
89,182
89,184
89,186
89,188
89,192
90,91
90,93
90,94
90,102
90,109
90,113
90,115
90,119
90,120
90,122
90,123
90,124
90,128
90,129
90,133
90,138
90,146
90,154
90,160
90,167
90,168
90,171
90,172
91,92
91,93
91,95
92,93
92,94
92,95
92,97
92,98
92,99
92,100
93,94
93,95
93,96
93,97
93,98
93,99
93,100
93,102
93,103
93,104
93,105
93,106
93,107
93,108
93,109
93,110
93,113
93,114
93,115
93,116
93,118
93,119
93,120
93,121
93,122
93,123
93,124
93,125
93,126
93,128
93,129
93,130
93,133
93,138
93,146
93,154
93,160
93,167
93,168
93,171
93,172
94,95
94,96
94,97
94,98
94,99
94,100
94,102
94,103
94,104
94,105
94,106
94,107
94,109
94,110
94,111
94,112
94,113
94,115
94,116
94,117
94,118
94,119
94,120
94,121
94,122
94,123
94,124
94,125
94,126
94,127
94,128
94,129
94,130
94,131
94,133
94,134
94,135
94,136
94,137
94,138
94,139
94,140
94,142
94,146
94,154
94,160
94,167
94,168
94,171
94,172
95,96
95,97
95,98
95,99
95,100
95,101
95,103
95,104
95,105
95,106
95,107
95,108
95,111
95,112
95,114
95,115
95,116
95,117
95,118
95,121
95,122
95,123
95,124
95,125
95,126
95,127
95,128
95,129
95,130
95,131
95,132
95,133
95,134
95,135
95,136
95,137
95,138
95,139
95,140
95,141
95,142
95,145
95,146
95,147
95,148
95,149
95,151
95,154
95,156
95,157
95,160
95,161
95,163
95,164
95,166
95,167
95,168
95,169
95,170
95,173
95,181
95,182
95,186
95,189
95,192
95,195
96,97
96,99
96,100
96,101
96,102
96,103
96,104
96,105
96,106
96,107
96,108
96,109
96,110
96,111
96,112
96,113
96,114
96,115
96,116
96,117
96,118
96,119
96,120
96,121
96,122
96,123
96,124
96,125
96,126
96,128
96,130
96,131
96,132
96,133
96,134
96,135
96,136
96,137
96,138
96,139
96,140
96,141
96,142
96,143
96,144
96,145
97,98
97,99
97,100
97,101
97,102
97,103
97,104
97,105
97,106
97,107
97,108
97,109
97,110
97,111
97,113
97,114
97,115
97,116
97,117
97,118
97,119
97,120
97,121
97,122
97,123
97,124
97,125
97,126
97,127
97,128
97,129
97,130
97,132
97,133
97,134
97,135
97,136
97,137
97,138
97,140
97,141
97,142
97,145
97,146
97,147
97,148
97,149
97,150
97,151
97,152
97,153
97,154
97,155
97,156
97,157
97,159
97,160
97,161
97,162
97,163
97,164
97,166
97,167
97,168
97,169
97,170
97,171
97,173
97,175
97,177
97,178
97,179
97,182
97,184
97,186
97,188
97,191
97,192
97,193
97,194
97,195
97,198
97,199
98,99
98,100
98,101
98,102
98,103
98,104
98,105
98,106
98,107
98,108
98,109
98,110
98,111
98,112
98,113
98,114
98,115
98,116
98,117
98,118
98,119
98,120
98,121
98,122
98,123
98,124
98,125
98,127
98,128
98,129
98,130
98,131
99,100
99,102
99,103
99,104
100,101
100,102
100,103
100,104
100,105
100,106
100,107
100,108
100,109
100,110
100,111
100,112
100,113
100,115
100,116
100,118
100,119
100,121
100,122
100,123
100,124
101,102
101,103
101,104
101,105
101,107
101,108
101,109
101,110
101,111
101,112
101,114
101,116
101,117
101,118
101,119
101,120
101,121
102,109
102,113
102,115
102,119
102,120
102,122
102,123
102,124
102,128
102,129
102,133
102,138
102,146
102,154
102,160
102,167
102,168
102,171
102,172
103,104
103,105
103,106
103,108
103,109
103,110
103,111
103,112
103,113
103,114
103,115
103,118
103,119
103,120
103,122
103,124
103,126
103,127
103,129
103,130
103,131
103,132
103,134
103,136
103,137
103,139
103,140
103,141
103,142
103,144
103,146
103,147
103,148
103,150
103,151
103,152
103,153
103,155
103,156
103,157
103,158
103,160
103,161
103,162
103,163
103,164
103,165
103,166
103,167
103,168
103,169
103,173
103,175
103,177
103,178
103,179
103,180
103,182
103,183
103,184
103,185
103,186
104,106
104,107
104,108
104,109
104,110
104,111
104,112
104,114
104,115
104,116
104,117
104,118
105,106
105,107
105,108
105,109
105,112
105,113
105,114
105,115
105,116
105,117
105,118
105,119
105,120
105,121
105,122
105,123
105,124
105,125
105,126
105,127
105,128
105,129
105,130
105,131
105,132
105,133
105,135
105,136
105,137
105,138
105,139
105,140
105,142
105,144
105,147
105,148
105,149
105,151
105,153
105,155
105,156
105,157
106,107
106,108
106,109
106,110
107,108
107,111
107,112
107,113
107,114
107,115
107,117
107,119
107,120
107,121
107,122
107,123
107,124
107,125
107,126
107,127
107,129
107,130
107,131
107,132
107,133
107,134
107,135
107,136
107,137
107,138
107,139
107,140
107,141
107,142
107,143
107,144
107,145
107,146
107,148
107,149
107,150
107,151
107,152
107,153
107,154
107,155
107,156
107,157
107,158
107,159
107,160
107,161
107,162
107,163
107,164
107,166
107,168
107,169
107,170
107,171
107,172
107,173
107,175
107,180
107,181
107,182
107,183
107,184
107,186
107,188
107,190
107,191
107,193
107,194
107,195
107,197
107,198
107,199
108,109
108,110
108,111
108,112
108,113
108,114
108,115
108,116
108,117
108,118
108,119
108,120
108,121
108,122
108,123
108,124
108,125
108,126
108,127
108,128
108,129
108,130
108,131
108,132
108,134
108,135
108,136
108,137
108,138
108,139
108,140
108,141
108,142
108,143
108,144
108,145
108,146
109,110
109,112
109,113
109,114
109,115
109,116
109,117
109,118
109,119
109,120
109,121
109,122
109,123
109,124
109,125
109,126
109,127
109,128
109,129
109,130
109,131
109,132
109,133
109,134
109,135
109,136
109,137
109,138
109,139
109,140
109,141
109,142
109,143
109,144
109,145
109,146
109,147
109,148
109,149
109,150
109,151
109,152
109,153
109,154
109,155
109,156
109,157
109,159
109,160
109,161
109,162
109,163
109,164
109,165
109,166
109,167
109,168
109,169
109,170
109,171
109,172
109,173
109,177
109,178
109,179
109,180
109,181
109,182
109,183
109,185
109,186
109,187
109,188
109,190
109,191
109,192
109,193
109,194
109,197
109,198
109,199
110,111
110,112
110,113
110,115
110,116
110,117
110,118
110,119
110,120
110,121
110,122
110,124
110,125
110,126
110,127
110,128
110,130
110,131
110,132
110,133
110,134
110,136
111,112
111,113
111,114
111,115
112,114
112,115
112,116
112,117
112,118
112,119
112,120
112,121
112,122
112,123
112,124
112,125
112,126
112,127
112,128
112,129
112,131
112,133
112,135
112,136
112,137
112,139
112,140
112,141
112,142
112,143
112,144
112,145
112,148
112,152
112,153
112,154
112,155
112,156
112,157
112,158
112,159
112,161
112,163
112,164
112,165
112,166
112,167
112,168
112,169
112,170
112,171
112,172
112,173
112,174
112,175
112,176
112,177
112,178
112,179
112,180
112,181
112,182
112,183
112,184
112,185
112,186
112,187
112,188
112,189
112,191
112,192
112,193
112,194
112,197
112,198
113,114
113,115
113,116
113,117
113,118
113,119
113,120
113,122
113,123
113,124
113,126
113,127
113,128
113,129
113,130
113,131
113,132
113,133
113,135
113,136
113,138
113,140
113,143
113,146
113,154
113,160
113,167
113,168
113,171
113,172
114,115
114,117
114,118
114,119
114,120
114,121
114,122
114,123
115,116
115,117
115,118
115,119
115,120
115,121
115,122
115,123
115,124
115,125
115,126
115,127
115,128
115,129
115,133
115,138
115,146
115,154
115,160
115,167
115,168
115,171
115,172
116,117
116,118
116,119
116,120
116,122
116,123
116,124
116,125
116,126
116,127
116,128
116,129
116,130
116,131
116,132
116,133
116,134
116,135
116,136
116,137
116,139
116,140
117,118
117,119
117,120
117,121
117,122
117,123
117,124
117,125
117,126
117,127
117,128
117,129
117,130
117,131
117,132
117,133
117,134
117,135
117,136
117,137
117,138
117,140
117,143
117,144
117,145
117,146
117,147
117,148
117,150
117,151
117,152
117,153
117,154
117,155
117,156
117,157
117,158
117,159
117,161
117,162
117,163
117,164
118,119
118,120
118,121
118,122
118,123
118,124
118,125
118,126
118,127
118,128
118,129
118,130
118,131
118,132
118,133
118,134
118,135
118,136
118,137
118,138
118,139
118,141
119,120
119,121
119,122
119,123
119,124
119,125
119,126
119,127
119,128
119,129
119,131
119,132
119,133
119,134
119,135
119,136
119,137
119,138
119,139
119,140
119,141
119,143
119,144
119,145
119,146
119,147
119,148
119,149
119,150
119,151
119,153
119,154
119,155
119,156
119,157
119,158
119,159
119,160
119,161
119,162
119,163
119,165
119,167
119,168
119,169
119,170
119,171
119,172
120,121
120,122
120,123
120,124
120,126
120,127
120,128
120,129
120,130
120,131
120,132
120,133
120,134
120,135
120,136
120,137
120,138
120,139
120,140
120,141
120,142
120,143
120,145
120,146
120,147
120,154
120,160
120,167
120,168
120,171
120,172
121,122
121,123
121,125
121,126
121,127
121,128
121,129
121,130
121,132
121,134
121,135
121,136
121,137
121,138
121,139
121,140
121,141
121,143
121,144
121,145
121,146
121,147
121,148
121,149
121,150
121,151
121,153
121,155
121,156
121,157
121,158
121,160
121,161
121,162
121,163
121,165
121,166
122,123
122,124
122,125
122,126
122,127
122,128
122,129
122,133
122,138
122,146
122,154
122,160
122,167
122,168
122,171
122,172
123,124
123,125
123,126
123,127
123,128
123,129
123,130
123,131
123,132
123,133
123,134
123,135
123,136
123,137
123,138
123,139
123,140
123,141
123,143
123,144
123,145
123,146
123,147
123,148
123,149
123,150
123,151
123,152
123,153
123,154
123,160
123,167
123,168
123,171
123,172
124,126
124,127
124,128
124,129
124,130
124,131
124,132
124,133
124,134
124,136
124,137
124,138
124,139
124,140
124,141
124,142
124,143
124,144
124,145
124,146
124,147
124,148
124,149
124,150
124,151
124,152
124,153
124,154
124,157
124,158
124,160
124,161
124,162
124,163
124,164
124,165
124,166
124,167
124,168
124,169
124,170
124,171
124,172
124,174
124,175
124,178
125,126
125,127
125,128
125,129
125,130
125,131
125,132
125,133
125,134
125,135
125,136
125,137
125,138
125,139
125,140
125,141
125,142
125,143
125,144
125,146
125,147
125,148
125,150
125,151
125,152
125,153
125,154
125,155
125,156
125,157
125,158
125,159
125,160
125,161
125,162
125,163
125,165
125,166
125,167
125,168
125,169
125,170
125,172
125,174
125,175
125,176
125,177
125,178
125,179
125,180
125,181
125,184
126,127
126,128
126,129
126,130
126,131
127,129
127,130
127,131
127,132
127,133
128,129
128,130
128,131
128,132
128,133
128,135
128,136
128,137
128,138
128,139
128,140
128,141
128,142
128,144
128,146
128,147
128,150
128,151
128,153
128,154
128,155
128,156
128,157
128,158
128,159
128,160
128,161
128,162
128,163
128,164
128,166
128,167
128,168
128,169
128,170
128,171
128,172
128,173
128,174
128,175
128,176
128,177
128,178
128,179
128,180
128,182
128,183
128,184
128,185
128,186
128,187
128,188
128,189
128,190
128,193
128,194
128,199
129,130
129,131
129,132
129,133
129,134
129,135
129,136
129,138
129,139
129,140
129,141
129,142
129,143
129,144
129,145
129,146
129,147
129,148
129,149
129,150
129,151
129,152
129,153
129,154
129,155
129,156
129,157
129,158
129,159
129,160
129,161
129,162
129,164
129,165
129,166
129,167
129,168
129,169
129,170
129,171
129,172
129,173
129,174
129,175
129,176
129,177
129,179
129,180
129,181
129,182
129,183
129,184
129,185
129,186
129,187
129,188
129,189
129,190
129,191
130,131
130,134
130,135
130,136
130,137
130,139
130,140
130,141
130,142
130,143
130,144
130,146
130,148
130,149
130,150
130,151
130,153
130,155
130,156
130,157
130,158
130,159
130,161
130,162
130,163
130,164
130,165
130,166
130,167
130,168
130,169
130,170
130,171
130,172
130,173
130,174
130,175
130,176
130,177
130,180
130,181
130,182
130,183
130,184
130,185
130,186
130,187
130,188
130,192
130,193
130,195
130,198
130,199
131,132
131,133
131,134
131,135
131,136
131,137
131,138
131,139
131,140
131,141
131,142
131,143
131,144
131,145
131,146
131,148
131,149
131,150
131,151
131,153
131,154
131,155
131,156
131,157
131,158
131,159
131,161
131,162
131,163
131,165
131,166
131,168
131,169
131,170
131,171
131,172
131,173
131,174
131,175
131,176
131,177
131,178
131,179
131,180
131,181
131,182
131,183
131,184
131,185
131,186
131,187
131,188
131,189
131,190
131,191
131,193
131,194
131,195
131,196
131,197
131,198
131,199
132,133
132,134
132,135
132,136
132,137
132,138
132,140
132,142
132,143
132,144
132,145
132,146
132,147
132,148
132,149
132,150
132,151
132,152
132,153
132,154
132,155
132,156
132,157
132,158
132,161
132,162
132,163
133,134
133,135
133,136
133,138
133,139
133,140
133,141
133,142
133,143
133,144
133,145
133,146
133,147
133,148
133,149
133,150
133,151
133,152
133,153
133,154
133,156
133,157
133,158
133,159
133,160
133,161
133,162
133,163
133,164
133,165
133,166
133,167
133,168
133,169
133,170
133,171
133,172
133,173
133,174
133,178
133,179
133,180
133,181
133,182
133,183
133,184
133,185
133,186
133,187
133,188
133,190
133,191
133,192
133,193
133,194
133,196
133,197
133,198
133,199
134,136
134,137
134,138
134,139
134,140
134,141
134,142
134,143
134,144
134,145
134,146
134,147
134,148
134,149
134,150
134,151
134,152
134,153
134,154
135,137
135,138
135,139
135,140
135,141
135,142
135,143
135,144
135,145
135,147
135,148
135,149
135,150
135,151
135,152
135,153
135,154
135,155
135,156
135,157
135,158
135,159
135,160
135,161
135,162
135,164
135,165
135,166
135,168
135,169
135,171
135,172
135,173
135,174
135,175
135,176
135,177
135,178
135,180
135,182
135,183
135,184
135,187
135,188
135,189
135,191
135,192
135,193
135,194
135,195
135,197
135,198
135,199
136,137
136,139
137,138
138,139
138,140
138,141
138,142
138,143
138,145
138,146
138,147
138,148
138,150
138,151
138,152
138,153
138,154
138,157
138,158
138,159
138,160
138,161
138,162
138,163
138,165
138,167
138,168
138,171
138,172
139,140
139,141
139,142
139,143
139,144
139,145
139,146
139,147
139,148
139,149
139,150
139,151
139,152
139,154
139,155
139,156
139,157
139,158
139,159
139,160
139,162
139,163
139,164
139,165
139,168
139,171
140,141
140,144
140,145
140,146
140,147
140,148
140,149
140,150
140,151
140,152
140,153
140,154
140,155
140,156
140,157
140,159
140,160
140,161
140,162
140,163
140,164
140,165
140,166
140,167
140,168
140,169
140,170
140,171
140,172
140,173
140,175
140,176
140,177
140,178
140,180
140,181
140,182
140,183
140,184
140,186
140,187
140,188
140,189
140,190
140,191
140,193
140,196
140,197
140,198
140,199
141,142
141,143
141,144
141,145
141,146
141,148
141,149
141,151
141,152
141,153
141,154
141,155
141,156
141,157
141,158
141,159
141,160
141,161
141,163
141,164
141,165
141,166
141,167
141,168
141,169
141,171
141,172
141,173
141,174
141,175
141,176
141,177
141,178
141,179
141,180
141,181
141,182
141,183
141,184
141,185
141,186
141,187
141,188
141,189
141,191
141,192
141,193
141,194
141,195
141,196
141,197
141,198
141,199
142,144
142,145
142,146
142,147
142,148
142,149
142,150
142,151
142,152
142,153
142,154
142,155
142,156
142,157
142,158
142,159
142,160
142,161
142,162
142,163
142,164
142,165
142,166
142,167
142,168
142,169
142,170
143,144
143,145
143,146
143,147
143,150
143,151
143,153
143,154
143,155
143,156
143,157
143,158
143,159
143,160
143,161
143,162
143,163
143,164
143,165
143,166
143,167
143,168
143,169
143,170
143,171
143,172
143,173
143,174
143,175
143,176
143,177
143,178
143,179
143,180
143,181
143,183
143,184
143,185
143,186
143,187
143,188
143,189
143,191
143,192
145,146
145,147
145,148
145,149
145,151
145,152
145,153
145,154
145,156
145,157
145,158
146,147
146,148
146,149
146,150
146,151
146,154
146,160
146,167
146,168
146,171
146,172
147,148
147,149
147,150
147,151
147,152
147,153
147,154
147,155
147,156
147,157
147,158
147,159
147,160
147,161
147,164
147,165
147,166
147,167
147,168
147,169
147,170
147,171
147,172
147,173
147,174
147,175
148,149
148,150
148,151
148,152
148,153
148,154
148,155
148,156
148,157
148,158
148,159
148,160
148,161
148,162
148,163
148,164
148,165
148,166
148,167
148,168
148,169
148,170
148,171
148,172
148,173
148,174
148,175
148,176
148,177
148,178
148,179
148,181
148,182
148,183
148,184
148,185
150,151
150,152
150,153
150,156
150,158
150,159
150,160
151,152
152,153
152,154
152,155
152,156
152,157
152,158
152,159
152,160
152,161
152,162
152,163
152,164
152,165
152,166
152,167
152,168
152,169
152,170
152,171
152,172
152,173
152,175
152,176
152,177
152,178
152,179
152,182
152,184
152,185
152,186
152,187
152,189
152,191
152,192
152,195
152,199
154,155
154,156
154,157
154,158
154,159
154,160
154,162
154,163
154,164
154,165
154,166
154,167
154,168
154,169
154,171
154,172
155,156
155,157
155,159
155,160
155,161
155,162
155,163
155,164
155,165
155,166
155,167
155,168
155,169
155,171
155,173
155,174
155,175
155,176
155,177
155,178
155,179
155,180
155,181
155,182
155,183
155,184
155,185
155,186
155,187
155,188
155,189
155,190
156,157
156,158
156,159
157,158
157,159
157,160
157,161
158,159
158,160
158,161
158,163
158,164
158,165
158,166
158,167
158,168
158,169
158,170
158,171
158,175
158,176
158,177
158,178
158,179
158,180
158,181
158,182
158,183
158,184
158,185
158,186
158,187
158,188
158,189
158,198
158,199
159,160
159,161
159,163
159,164
159,165
159,166
159,167
159,168
159,169
159,170
159,171
159,172
159,173
159,174
159,175
159,176
159,177
159,179
159,181
159,182
159,183
160,161
160,163
160,164
160,165
160,166
160,167
160,168
160,169
160,170
160,171
160,172
160,173
161,162
161,163
161,164
161,165
161,166
162,163
162,164
162,165
162,166
162,168
162,169
162,170
162,171
162,172
162,174
162,175
162,176
162,177
162,178
162,179
162,180
162,181
162,183
162,184
162,185
162,186
162,187
162,188
162,189
162,193
162,196
162,197
162,198
162,199
163,164
163,165
163,166
163,167
163,168
163,169
163,170
163,172
163,173
163,174
163,175
163,176
163,177
163,178
163,179
163,181
163,182
163,183
163,184
163,185
163,186
163,187
163,189
163,192
163,193
163,196
163,197
163,198
163,199
164,165
164,166
164,167
164,168
164,169
164,171
164,173
164,174
164,175
164,176
164,177
164,178
164,179
164,181
164,182
164,183
164,184
164,185
164,186
164,187
164,188
164,189
164,190
164,192
164,193
164,194
164,195
164,196
164,197
164,198
165,166
165,167
165,168
165,169
165,170
165,171
165,172
165,173
165,174
165,175
165,176
165,177
165,178
165,180
165,181
165,182
165,183
165,184
165,185
165,186
165,187
165,188
165,189
165,190
165,191
165,193
165,194
165,195
165,196
165,197
165,198
165,199
166,167
166,168
166,169
166,170
166,171
166,172
166,173
166,175
166,176
166,177
166,178
166,179
166,180
166,181
166,182
166,183
166,184
166,185
166,186
166,187
166,188
166,189
166,190
166,191
166,192
166,195
166,196
166,197
166,198
166,199
167,168
167,169
167,170
167,171
167,172
167,173
167,174
167,175
167,176
167,177
167,178
167,179
167,180
167,181
167,182
167,183
167,184
167,185
167,186
167,188
167,189
167,190
167,191
167,192
167,193
167,194
167,195
167,196
167,197
167,198
167,199
168,169
168,171
168,172
168,173
168,174
168,175
168,176
169,171
169,172
169,173
169,174
169,175
169,177
169,178
169,179
169,180
169,181
169,182
169,185
169,187
169,188
169,189
169,190
169,191
169,192
169,193
169,195
169,197
169,198
169,199
170,172
170,173
170,174
170,175
170,177
170,178
170,179
170,180
170,181
170,182
170,183
170,184
170,185
170,186
170,188
170,189
170,190
170,191
170,192
170,193
170,194
170,195
170,196
170,197
170,198
170,199
171,172
171,173
171,174
171,175
171,176
171,177
171,178
171,179
171,180
171,182
171,183
171,184
171,185
171,186
171,187
171,188
171,190
171,191
171,193
172,173
172,174
172,175
172,176
172,177
173,174
173,175
173,176
173,177
173,178
173,179
174,175
174,176
174,179
174,180
174,181
174,183
174,184
174,186
174,187
174,188
174,189
174,190
174,191
174,192
174,193
174,194
174,196
174,197
174,198
174,199
175,176
175,177
175,178
175,179
175,180
175,181
175,183
175,185
175,186
175,187
175,188
175,189
175,190
175,191
175,192
175,193
175,194
175,195
175,196
175,197
175,198
175,199
176,177
176,178
176,179
176,180
176,181
176,183
176,184
176,185
176,186
176,187
177,178
178,180
178,181
178,182
178,183
178,184
178,185
178,186
178,187
178,188
178,189
178,190
178,193
178,194
178,195
179,180
180,181
180,182
180,183
180,184
180,185
180,187
180,188
180,189
180,190
180,191
180,192
180,193
180,194
180,195
180,196
180,197
180,199
181,182
181,183
181,184
181,186
181,187
181,189
181,190
181,191
181,192
181,193
181,194
182,184
182,185
182,188
182,189
182,190
182,191
182,192
182,193
182,194
182,195
182,196
182,197
182,198
182,199
183,184
183,185
183,186
183,188
183,189
183,190
183,191
183,192
183,193
183,194
183,195
183,196
183,197
183,198
183,199
184,186
184,187
184,188
184,189
184,190
184,191
184,192
184,194
184,195
184,196
184,197
184,198
184,199
185,186
186,187
186,188
186,189
186,190
186,191
186,192
186,193
186,194
186,195
186,196
186,197
186,199
187,188
187,189
188,189
188,190
188,191
188,192
188,193
188,195
188,197
188,198
188,199
189,190
189,191
189,192
189,193
189,194
189,195
189,196
189,197
189,198
189,199
190,191
190,192
190,193
190,194
190,195
190,196
190,197
190,198
191,193
191,194
191,196
191,197
191,198
192,193
192,194
192,195
192,196
192,197
192,198
192,199
193,194
193,195
193,196
193,197
193,198
193,199
194,195
194,197
194,198
194,199
195,196
195,197
195,198
195,199
196,197
196,198
196,199
197,198
197,199
