0,1
0,2
0,3
0,4
0,5
0,6
0,7
0,8
0,9
0,10
0,11
0,12
0,13
0,14
0,15
0,16
0,17
0,18
0,19
0,20
0,21
0,22
0,23
0,24
0,25
0,26
0,27
0,28
0,29
0,30
0,31
0,32
0,33
0,34
0,35
0,36
0,37
0,38
0,39
0,40
0,41
0,42
0,43
0,44
0,45
0,46
0,47
0,48
0,49
0,50
0,51
0,52
0,53
0,54
0,55
0,56
0,57
0,58
0,59
0,60
0,61
0,62
0,63
0,64
0,65
0,66
0,67
0,68
0,69
0,70
0,71
0,72
0,73
0,74
0,75
0,76
0,77
0,78
0,79
0,80
0,81
0,83
0,84
0,85
0,86
0,93
0,97
0,99
0,100
0,101
0,102
0,105
0,106
0,110
0,111
0,113
0,117
0,119
0,121
0,126
0,128
0,137
0,138
0,139
0,142
0,144
0,146
0,147
0,148
0,151
0,152
0,154
0,156
0,159
0,161
0,163
0,164
0,167
0,168
0,169
0,170
0,171
0,173
0,174
0,175
0,176
0,177
0,180
0,182
0,183
0,184
0,185
0,188
0,189
0,190
0,191
0,193
0,194
0,196
0,197
0,198
1,2
1,3
1,4
1,5
1,6
1,7
1,8
1,9
1,10
1,11
1,12
1,13
1,14
1,15
1,16
1,17
1,18
1,19
1,20
1,21
1,22
1,23
1,24
1,25
1,26
1,27
1,28
1,29
1,30
1,31
1,32
1,33
1,34
1,35
1,36
1,37
1,38
1,39
1,40
1,41
1,42
1,43
1,44
1,45
1,46
1,47
1,48
1,49
1,50
1,51
1,52
1,53
1,54
1,55
1,56
1,57
1,58
1,59
1,60
1,61
1,62
1,63
1,64
1,65
1,66
1,67
1,68
1,69
1,70
1,71
1,72
1,73
1,74
1,75
1,76
1,77
1,78
1,79
1,80
1,81
1,131
1,140
1,142
1,143
1,144
2,3
2,4
2,5
2,6
2,7
2,8
2,9
2,10
2,11
2,12
2,13
2,14
2,15
2,16
2,17
2,18
2,19
2,20
2,21
2,22
2,23
2,24
2,25
2,26
2,27
2,28
2,29
2,30
2,31
2,32
2,33
2,34
2,35
2,36
2,37
2,38
2,39
2,40
2,41
2,42
2,43
2,44
2,45
2,46
2,47
2,48
2,49
2,50
2,51
2,52
2,53
2,54
2,55
2,56
2,57
2,58
2,59
2,60
2,61
2,62
2,63
2,64
2,65
2,66
2,67
2,68
2,69
2,70
2,71
2,72
2,73
2,74
2,75
2,76
2,77
2,78
2,79
2,80
2,81
2,117
2,126
2,128
2,130
2,131
2,137
2,138
2,141
2,142
2,143
2,144
2,149
2,157
2,160
2,162
2,164
2,166
2,168
2,169
2,174
2,175
2,176
2,177
2,178
2,179
2,180
2,182
2,184
2,185
2,186
2,189
2,190
2,193
2,194
2,195
2,197
2,199
3,4
3,5
3,6
3,7
3,8
3,9
3,10
3,11
3,12
3,13
3,14
3,15
3,16
3,17
3,18
3,19
3,20
3,21
3,22
3,23
3,24
3,25
3,26
3,27
3,28
3,29
3,30
3,31
3,32
3,33
3,34
3,35
3,36
3,37
3,38
3,39
3,40
3,41
3,42
3,43
3,44
3,45
3,46
3,47
3,48
3,49
3,50
3,51
3,52
3,53
3,54
3,55
3,56
3,57
3,58
3,59
3,60
3,61
3,62
3,63
3,64
3,65
3,66
3,67
3,68
3,69
3,70
3,71
3,72
3,73
3,74
3,75
3,76
3,77
3,78
3,79
3,80
3,81
4,5
4,6
4,7
4,8
4,9
4,10
4,11
4,12
4,13
4,14
4,15
4,16
4,17
4,18
4,19
4,20
4,21
4,22
4,23
4,24
4,25
4,26
4,27
4,28
4,29
4,30
4,31
4,32
4,33
4,34
4,35
4,36
4,37
4,38
4,39
4,40
4,41
4,42
4,43
4,44
4,45
4,46
4,47
4,48
4,49
4,50
4,51
4,52
4,53
4,54
4,55
4,56
4,57
4,58
4,59
4,60
4,61
4,62
4,63
4,64
4,65
4,66
4,67
4,68
4,69
4,70
4,71
4,72
4,73
4,74
4,75
4,76
4,77
4,78
4,79
4,80
4,81
4,83
4,84
4,85
4,86
4,93
4,97
4,99
4,100
4,101
4,102
4,105
4,106
4,110
4,111
4,113
4,117
4,119
4,121
4,126
4,128
4,137
4,138
4,139
4,142
4,144
4,146
4,147
4,148
4,151
4,152
4,154
4,156
4,158
4,159
4,161
4,163
4,166
4,167
4,168
4,170
4,171
4,173
4,174
4,176
4,177
4,178
4,180
4,188
4,189
4,190
4,191
4,198
5,6
5,7
5,8
5,9
5,10
5,11
5,12
5,13
5,14
5,15
5,16
5,17
5,18
5,19
5,20
5,21
5,22
5,23
5,24
5,25
5,26
5,27
5,28
5,29
5,30
5,31
5,32
5,33
5,34
5,35
5,36
5,37
5,38
5,39
5,40
5,41
5,42
5,43
5,44
5,45
5,46
5,47
5,48
5,49
5,50
5,51
5,52
5,53
5,54
5,55
5,56
5,57
5,58
5,59
5,60
5,61
5,62
5,63
5,64
5,65
5,66
5,67
5,68
5,69
5,70
5,71
5,72
5,73
5,74
5,75
5,76
5,77
5,78
5,79
5,80
5,81
5,83
5,84
5,85
5,86
5,93
5,97
5,99
5,100
5,101
5,102
5,105
5,106
5,110
5,111
5,113
5,117
5,119
5,121
5,126
5,128
5,132
5,133
5,135
5,137
5,138
5,139
5,141
5,142
5,143
5,144
5,146
5,147
5,148
5,149
5,150
5,151
5,152
5,153
5,154
5,155
5,156
5,157
5,158
5,159
5,161
5,162
5,163
5,164
5,166
5,167
5,168
5,170
5,171
5,173
5,174
5,176
5,177
5,179
5,180
5,181
5,182
5,183
5,184
5,185
5,186
5,188
5,189
5,190
5,191
5,194
5,198
5,199
6,7
6,8
6,9
6,10
6,11
6,12
6,13
6,14
6,15
6,16
6,17
6,18
6,19
6,20
6,21
6,22
6,23
6,24
6,25
6,26
6,27
6,28
6,29
6,30
6,31
6,32
6,33
6,34
6,35
6,36
6,37
6,38
6,39
6,40
6,41
6,42
6,43
6,44
6,45
6,46
6,47
6,48
6,49
6,50
6,51
6,52
6,53
6,54
6,55
6,56
6,57
6,58
6,59
6,60
6,61
6,62
6,63
6,64
6,65
6,66
6,67
6,68
6,69
6,70
6,71
6,72
6,73
6,74
6,75
6,76
6,77
6,78
6,79
6,80
6,81
7,8
7,9
7,10
7,11
7,12
7,13
7,14
7,15
7,16
7,17
7,18
7,19
7,20
7,21
7,22
7,23
7,24
7,25
7,26
7,27
7,28
7,29
7,30
7,31
7,32
7,33
7,34
7,35
7,36
7,37
7,38
7,39
7,40
7,41
7,42
7,43
7,44
7,45
7,46
7,47
7,48
7,49
7,50
7,51
7,52
7,53
7,54
7,55
7,56
7,57
7,58
7,59
7,60
7,61
7,62
7,63
7,64
7,65
7,66
7,67
7,68
7,69
7,70
7,71
7,72
7,73
7,74
7,75
7,76
7,77
7,78
7,79
7,80
7,81
7,83
7,84
7,85
7,86
7,93
7,97
7,99
7,100
7,101
7,102
7,105
7,106
7,110
7,111
7,113
7,117
7,119
7,121
7,126
7,128
7,137
7,138
7,139
7,142
7,144
7,146
7,147
7,148
7,151
7,152
7,154
7,156
7,159
7,161
7,163
7,167
7,168
7,170
7,171
7,173
7,174
7,176
7,188
7,189
7,190
7,191
7,198
8,9
8,10
8,11
8,12
8,13
8,14
8,15
8,16
8,17
8,18
8,19
8,20
8,21
8,22
8,23
8,24
8,25
8,26
8,27
8,28
8,29
8,30
8,31
8,32
8,33
8,34
8,35
8,36
8,37
8,38
8,39
8,40
8,41
8,42
8,43
8,44
8,45
8,46
8,47
8,48
8,49
8,50
8,51
8,52
8,53
8,54
8,55
8,56
8,57
8,58
8,59
8,60
8,61
8,62
8,63
8,64
8,65
8,66
8,67
8,68
8,69
8,70
8,71
8,72
8,73
8,74
8,75
8,76
8,77
8,78
8,79
8,80
8,81
8,83
8,84
8,85
8,86
8,93
8,97
8,99
8,100
8,101
8,102
8,105
8,106
8,110
8,111
8,113
8,117
8,119
8,121
8,126
8,128
8,137
8,138
8,139
8,142
8,143
8,144
8,146
8,147
8,148
8,151
8,152
8,154
8,156
8,159
8,161
8,163
8,167
8,168
8,170
8,171
8,173
8,174
8,176
8,186
8,187
8,188
8,189
8,190
8,191
8,198
8,199
9,10
9,11
9,12
9,13
9,14
9,15
9,16
9,17
9,18
9,19
9,20
9,21
9,22
9,23
9,24
9,25
9,26
9,27
9,28
9,29
9,30
9,31
9,32
9,33
9,34
9,35
9,36
9,37
9,38
9,39
9,40
9,41
9,42
9,43
9,44
9,45
9,46
9,47
9,48
9,49
9,50
9,51
9,52
9,53
9,54
9,55
9,56
9,57
9,58
9,59
9,60
9,61
9,62
9,63
9,64
9,65
9,66
9,67
9,68
9,69
9,70
9,71
9,72
9,73
9,74
9,75
9,76
9,77
9,78
9,79
9,80
9,81
10,11
10,12
10,13
10,14
10,15
10,16
10,17
10,18
10,19
10,20
10,21
10,22
10,23
10,24
10,25
10,26
10,27
10,28
10,29
10,30
10,31
10,32
10,33
10,34
10,35
10,36
10,37
10,38
10,39
10,40
10,41
10,42
10,43
10,44
10,45
10,46
10,47
10,48
10,49
10,50
10,51
10,52
10,53
10,54
10,55
10,56
10,57
10,58
10,59
10,60
10,61
10,62
10,63
10,64
10,65
10,66
10,67
10,68
10,69
10,70
10,71
10,72
10,73
10,74
10,75
10,76
10,77
10,78
10,79
10,80
10,81
10,124
10,126
10,131
10,132
10,133
10,135
10,136
10,137
10,140
10,141
10,142
10,143
10,148
10,150
10,156
10,157
10,161
10,162
10,163
10,165
10,166
10,167
10,178
10,179
10,180
10,181
10,184
10,185
10,186
10,187
10,190
10,191
10,192
10,193
10,194
10,197
10,198
11,12
11,13
11,14
11,15
11,16
11,17
11,18
11,19
11,20
11,21
11,22
11,23
11,24
11,25
11,26
11,27
11,28
11,29
11,30
11,31
11,32
11,33
11,34
11,35
11,36
11,37
11,38
11,39
11,40
11,41
11,42
11,43
11,44
11,45
11,46
11,47
11,48
11,49
11,50
11,51
11,52
11,53
11,54
11,55
11,56
11,57
11,58
11,59
11,60
11,61
11,62
11,63
11,64
11,65
11,66
11,67
11,68
11,69
11,70
11,71
11,72
11,73
11,74
11,75
11,76
11,77
11,78
11,79
11,80
11,81
12,13
12,14
12,15
12,16
12,17
12,18
12,19
12,20
12,21
12,22
12,23
12,24
12,25
12,26
12,27
12,28
12,29
12,30
12,31
12,32
12,33
12,34
12,35
12,36
12,37
12,38
12,39
12,40
12,41
12,42
12,43
12,44
12,45
12,46
12,47
12,48
12,49
12,50
12,51
12,52
12,53
12,54
12,55
12,56
12,57
12,58
12,59
12,60
12,61
12,62
12,63
12,64
12,65
12,66
12,67
12,68
12,69
12,70
12,71
12,72
12,73
12,74
12,75
12,76
12,77
12,78
12,79
12,80
12,81
12,83
12,84
12,85
12,86
12,93
12,97
12,99
12,100
12,101
12,102
12,105
12,106
12,110
12,111
12,113
12,117
12,119
12,121
12,126
12,128
12,137
12,138
12,139
12,142
12,144
12,146
12,147
12,148
12,151
12,152
12,154
12,156
12,159
12,161
12,163
12,167
12,168
12,170
12,171
12,173
12,174
12,176
12,188
12,189
12,190
12,191
12,198
13,14
13,15
13,16
13,17
13,18
13,19
13,20
13,21
13,22
13,23
13,24
13,25
13,26
13,27
13,28
13,29
13,30
13,31
13,32
13,33
13,34
13,35
13,36
13,37
13,38
13,39
13,40
13,41
13,42
13,43
13,44
13,45
13,46
13,47
13,48
13,49
13,50
13,51
13,52
13,53
13,54
13,55
13,56
13,57
13,58
13,59
13,60
13,61
13,62
13,63
13,64
13,65
13,66
13,67
13,68
13,69
13,70
13,71
13,72
13,73
13,74
13,75
13,76
13,77
13,78
13,79
13,80
13,81
13,141
13,142
13,143
13,147
13,149
13,150
13,155
13,161
13,164
13,166
13,167
13,168
13,169
13,176
13,177
13,183
13,184
13,185
13,186
14,15
14,16
14,17
14,18
14,19
14,20
14,21
14,22
14,23
14,24
14,25
14,26
14,27
14,28
14,29
14,30
14,31
14,32
14,33
14,34
14,35
14,36
14,37
14,38
14,39
14,40
14,41
14,42
14,43
14,44
14,45
14,46
14,47
14,48
14,49
14,50
14,51
14,52
14,53
14,54
14,55
14,56
14,57
14,58
14,59
14,60
14,61
14,62
14,63
14,64
14,65
14,66
14,67
14,68
14,69
14,70
14,71
14,72
14,73
14,74
14,75
14,76
14,77
14,78
14,79
14,80
14,81
15,16
15,17
15,18
15,19
15,20
15,21
15,22
15,23
15,24
15,25
15,26
15,27
15,28
15,29
15,30
15,31
15,32
15,33
15,34
15,35
15,36
15,37
15,38
15,39
15,40
15,41
15,42
15,43
15,44
15,45
15,46
15,47
15,48
15,49
15,50
15,51
15,52
15,53
15,54
15,55
15,56
15,57
15,58
15,59
15,60
15,61
15,62
15,63
15,64
15,65
15,66
15,67
15,68
15,69
15,70
15,71
15,72
15,73
15,74
15,75
15,76
15,77
15,78
15,79
15,80
15,81
15,83
15,84
15,85
15,86
15,93
15,97
15,99
15,100
15,101
15,102
15,105
15,106
15,110
15,111
15,113
15,117
15,119
15,121
15,126
15,128
15,137
15,138
15,139
15,142
15,144
15,146
15,147
15,148
15,151
15,152
15,154
15,156
15,159
15,161
15,163
15,167
15,168
15,170
15,171
15,172
15,173
15,174
15,176
15,188
15,189
15,190
15,191
15,198
16,17
16,18
16,19
16,20
16,21
16,22
16,23
16,24
16,25
16,26
16,27
16,28
16,29
16,30
16,31
16,32
16,33
16,34
16,35
16,36
16,37
16,38
16,39
16,40
16,41
16,42
16,43
16,44
16,45
16,46
16,47
16,48
16,49
16,50
16,51
16,52
16,53
16,54
16,55
16,56
16,57
16,58
16,59
16,60
16,61
16,62
16,63
16,64
16,65
16,66
16,67
16,68
16,69
16,70
16,71
16,72
16,73
16,74
16,75
16,76
16,77
16,78
16,79
16,80
16,81
16,83
16,84
16,85
16,86
16,93
16,97
16,99
16,100
16,101
16,102
16,105
16,106
16,110
16,111
16,113
16,117
16,119
16,121
16,126
16,128
16,131
16,132
16,133
16,135
16,136
16,137
16,138
16,139
16,140
16,141
16,142
16,143
16,144
16,145
16,146
16,147
16,148
16,150
16,151
16,152
16,153
16,154
16,156
16,159
16,161
16,163
16,164
16,166
16,167
16,168
16,170
16,171
16,173
16,174
16,176
16,188
16,189
16,190
16,191
16,198
17,18
17,19
17,20
17,21
17,22
17,23
17,24
17,25
17,26
17,27
17,28
17,29
17,30
17,31
17,32
17,33
17,34
17,35
17,36
17,37
17,38
17,39
17,40
17,41
17,42
17,43
17,44
17,45
17,46
17,47
17,48
17,49
17,50
17,51
17,52
17,53
17,54
17,55
17,56
17,57
17,58
17,59
17,60
17,61
17,62
17,63
17,64
17,65
17,66
17,67
17,68
17,69
17,70
17,71
17,72
17,73
17,74
17,75
17,76
17,77
17,78
17,79
17,80
17,81
18,19
18,20
18,21
18,22
18,23
18,24
18,25
18,26
18,27
18,28
18,29
18,30
18,31
18,32
18,33
18,34
18,35
18,36
18,37
18,38
18,39
18,40
18,41
18,42
18,43
18,44
18,45
18,46
18,47
18,48
18,49
18,50
18,51
18,52
18,53
18,54
18,55
18,56
18,57
18,58
18,59
18,60
18,61
18,62
18,63
18,64
18,65
18,66
18,67
18,68
18,69
18,70
18,71
18,72
18,73
18,74
18,75
18,76
18,77
18,78
18,79
18,80
18,81
18,113
18,120
18,123
18,124
18,127
18,128
18,130
18,132
18,134
18,135
18,136
18,137
18,140
18,143
18,149
18,151
18,153
19,20
19,21
19,22
19,23
19,24
19,25
19,26
19,27
19,28
19,29
19,30
19,31
19,32
19,33
19,34
19,35
19,36
19,37
19,38
19,39
19,40
19,41
19,42
19,43
19,44
19,45
19,46
19,47
19,48
19,49
19,50
19,51
19,52
19,53
19,54
19,55
19,56
19,57
19,58
19,59
19,60
19,61
19,62
19,63
19,64
19,65
19,66
19,67
19,68
19,69
19,70
19,71
19,72
19,73
19,74
19,75
19,76
19,77
19,78
19,79
19,80
19,81
19,83
19,84
19,85
19,86
19,93
19,97
19,99
19,100
19,101
19,102
19,105
19,106
19,110
19,111
19,113
19,117
19,119
19,121
19,126
19,127
19,128
19,129
19,130
19,131
19,132
19,133
19,134
19,135
19,136
19,137
19,138
19,139
19,141
19,142
19,144
19,145
19,146
19,147
19,148
19,150
19,151
19,152
19,154
19,156
19,159
19,160
19,161
19,162
19,163
19,164
19,165
19,167
19,168
19,170
19,171
19,172
19,173
19,174
19,176
19,188
19,189
19,190
19,191
19,198
20,21
20,22
20,23
20,24
20,25
20,26
20,27
20,28
20,29
20,30
20,31
20,32
20,33
20,34
20,35
20,36
20,37
20,38
20,39
20,40
20,41
20,42
20,43
20,44
20,45
20,46
20,47
20,48
20,49
20,50
20,51
20,52
20,53
20,54
20,55
20,56
20,57
20,58
20,59
20,60
20,61
20,62
20,63
20,64
20,65
20,66
20,67
20,68
20,69
20,70
20,71
20,72
20,73
20,74
20,75
20,76
20,77
20,78
20,79
20,80
20,81
20,111
20,112
20,117
20,120
20,122
21,22
21,23
21,24
21,25
21,26
21,27
21,28
21,29
21,30
21,31
21,32
21,33
21,34
21,35
21,36
21,37
21,38
21,39
21,40
21,41
21,42
21,43
21,44
21,45
21,46
21,47
21,48
21,49
21,50
21,51
21,52
21,53
21,54
21,55
21,56
21,57
21,58
21,59
21,60
21,61
21,62
21,63
21,64
21,65
21,66
21,67
21,68
21,69
21,70
21,71
21,72
21,73
21,74
21,75
21,76
21,77
21,78
21,79
21,80
21,81
21,83
21,84
21,85
21,86
21,93
21,97
21,99
21,100
21,101
21,102
21,105
21,106
21,110
21,111
21,113
21,117
21,118
21,119
21,120
21,121
21,122
21,125
21,126
21,128
21,129
21,130
21,131
21,132
21,134
21,135
21,137
21,138
21,139
21,140
21,141
21,142
21,144
21,146
21,147
21,148
21,150
21,151
21,152
21,154
21,155
21,156
21,157
21,158
21,159
21,160
21,161
21,163
21,167
21,168
21,170
21,171
21,173
21,174
21,176
21,188
21,189
21,190
21,191
21,198
22,23
22,24
22,25
22,26
22,27
22,28
22,29
22,30
22,31
22,32
22,33
22,34
22,35
22,36
22,37
22,38
22,39
22,40
22,41
22,42
22,43
22,44
22,45
22,46
22,47
22,48
22,49
22,50
22,51
22,52
22,53
22,54
22,55
22,56
22,57
22,58
22,59
22,60
22,61
22,62
22,63
22,64
22,65
22,66
22,67
22,68
22,69
22,70
22,71
22,72
22,73
22,74
22,75
22,76
22,77
22,78
22,79
22,80
22,81
22,112
22,113
22,114
22,117
22,120
22,122
22,124
22,125
22,126
22,127
22,128
22,129
22,130
22,131
22,132
22,133
22,134
22,136
22,140
22,141
22,145
22,146
22,149
22,150
23,24
23,25
23,26
23,27
23,28
23,29
23,30
23,31
23,32
23,33
23,34
23,35
23,36
23,37
23,38
23,39
23,40
23,41
23,42
23,43
23,44
23,45
23,46
23,47
23,48
23,49
23,50
23,51
23,52
23,53
23,54
23,55
23,56
23,57
23,58
23,59
23,60
23,61
23,62
23,63
23,64
23,65
23,66
23,67
23,68
23,69
23,70
23,71
23,72
23,73
23,74
23,75
23,76
23,77
23,78
23,79
23,80
23,81
23,98
23,103
23,105
23,109
23,111
23,112
23,113
23,114
23,117
23,118
23,122
23,123
23,124
23,125
23,126
23,127
23,128
23,129
23,130
23,131
23,132
23,133
23,134
23,135
23,136
23,137
23,140
23,143
23,146
23,147
23,149
23,150
23,151
23,152
23,153
23,155
23,157
23,158
23,162
23,164
23,165
23,166
23,168
23,170
23,174
23,177
23,180
23,184
23,185
23,187
23,188
24,25
24,26
24,27
24,28
24,29
24,30
24,31
24,32
24,33
24,34
24,35
24,36
24,37
24,38
24,39
24,40
24,41
24,42
24,43
24,44
24,45
24,46
24,47
24,48
24,49
24,50
24,51
24,52
24,53
24,54
24,55
24,56
24,57
24,58
24,59
24,60
24,61
24,62
24,63
24,64
24,65
24,66
24,67
24,68
24,69
24,70
24,71
24,72
24,73
24,74
24,75
24,76
24,77
24,78
24,79
24,80
24,81
24,114
24,116
24,117
24,118
24,122
24,125
24,127
24,128
24,129
24,130
24,131
24,133
24,135
24,136
24,140
24,142
24,144
24,145
24,146
24,147
24,149
24,150
24,153
24,154
24,155
24,157
24,161
24,162
24,163
24,164
24,165
24,166
24,167
24,168
24,169
24,170
24,172
24,173
24,174
25,26
25,27
25,28
25,29
25,30
25,31
25,32
25,33
25,34
25,35
25,36
25,37
25,38
25,39
25,40
25,41
25,42
25,43
25,44
25,45
25,46
25,47
25,48
25,49
25,50
25,51
25,52
25,53
25,54
25,55
25,56
25,57
25,58
25,59
25,60
25,61
25,62
25,63
25,64
25,65
25,66
25,67
25,68
25,69
25,70
25,71
25,72
25,73
25,74
25,75
25,76
25,77
25,78
25,79
25,80
25,81
25,83
25,84
25,85
25,86
25,93
25,97
25,99
25,100
25,101
25,102
25,105
25,106
25,110
25,111
25,113
25,117
25,118
25,119
25,120
25,121
25,122
25,123
25,124
25,125
25,126
25,127
25,128
25,129
25,131
25,132
25,133
25,134
25,135
25,136
25,137
25,138
25,139
25,142
25,144
25,146
25,147
25,148
25,151
25,152
25,154
25,156
25,159
25,161
25,163
25,167
25,168
25,170
25,171
25,173
25,174
25,176
25,188
25,189
25,190
25,191
25,198
26,27
26,28
26,29
26,30
26,31
26,32
26,33
26,34
26,35
26,36
26,37
26,38
26,39
26,40
26,41
26,42
26,43
26,44
26,45
26,46
26,47
26,48
26,49
26,50
26,51
26,52
26,53
26,54
26,55
26,56
26,57
26,58
26,59
26,60
26,61
26,62
26,63
26,64
26,65
26,66
26,67
26,68
26,69
26,70
26,71
26,72
26,73
26,74
26,75
26,76
26,77
26,78
26,79
26,80
26,81
27,28
27,29
27,30
27,31
27,32
27,33
27,34
27,35
27,36
27,37
27,38
27,39
27,40
27,41
27,42
27,43
27,44
27,45
27,46
27,47
27,48
27,49
27,50
27,51
27,52
27,53
27,54
27,55
27,56
27,57
27,58
27,59
27,60
27,61
27,62
27,63
27,64
27,65
27,66
27,67
27,68
27,69
27,70
27,71
27,72
27,73
27,74
27,75
27,76
27,77
27,78
27,79
27,80
27,81
28,29
28,30
28,31
28,32
28,33
28,34
28,35
28,36
28,37
28,38
28,39
28,40
28,41
28,42
28,43
28,44
28,45
28,46
28,47
28,48
28,49
28,50
28,51
28,52
28,53
28,54
28,55
28,56
28,57
28,58
28,59
28,60
28,61
28,62
28,63
28,64
28,65
28,66
28,67
28,68
28,69
28,70
28,71
28,72
28,73
28,74
28,75
28,76
28,77
28,78
28,79
28,80
28,81
28,133
28,135
28,144
28,145
29,30
29,31
29,32
29,33
29,34
29,35
29,36
29,37
29,38
29,39
29,40
29,41
29,42
29,43
29,44
29,45
29,46
29,47
29,48
29,49
29,50
29,51
29,52
29,53
29,54
29,55
29,56
29,57
29,58
29,59
29,60
29,61
29,62
29,63
29,64
29,65
29,66
29,67
29,68
29,69
29,70
29,71
29,72
29,73
29,74
29,75
29,76
29,77
29,78
29,79
29,80
29,81
30,31
30,32
30,33
30,34
30,35
30,36
30,37
30,38
30,39
30,40
30,41
30,42
30,43
30,44
30,45
30,46
30,47
30,48
30,49
30,50
30,51
30,52
30,53
30,54
30,55
30,56
30,57
30,58
30,59
30,60
30,61
30,62
30,63
30,64
30,65
30,66
30,67
30,68
30,69
30,70
30,71
30,72
30,73
30,74
30,75
30,76
30,77
30,78
30,79
30,80
30,81
30,83
30,84
30,85
30,86
30,93
30,97
30,99
30,100
30,101
30,102
30,105
30,106
30,110
30,111
30,113
30,117
30,119
30,121
30,126
30,128
30,137
30,138
30,139
30,142
30,144
30,146
30,147
30,148
30,151
30,152
30,154
30,156
30,159
30,161
30,163
30,167
30,168
30,170
30,171
30,173
30,174
30,176
30,188
30,189
30,190
30,191
30,198
31,32
31,33
31,34
31,35
31,36
31,37
31,38
31,39
31,40
31,41
31,42
31,43
31,44
31,45
31,46
31,47
31,48
31,49
31,50
31,51
31,52
31,53
31,54
31,55
31,56
31,57
31,58
31,59
31,60
31,61
31,62
31,63
31,64
31,65
31,66
31,67
31,68
31,69
31,70
31,71
31,72
31,73
31,74
31,75
31,76
31,77
31,78
31,79
31,80
31,81
31,114
31,118
31,123
31,124
31,127
31,128
31,130
31,133
31,136
31,137
31,139
31,152
31,154
31,163
31,164
31,167
31,169
31,170
31,180
32,33
32,34
32,35
32,36
32,37
32,38
32,39
32,40
32,41
32,42
32,43
32,44
32,45
32,46
32,47
32,48
32,49
32,50
32,51
32,52
32,53
32,54
32,55
32,56
32,57
32,58
32,59
32,60
32,61
32,62
32,63
32,64
32,65
32,66
32,67
32,68
32,69
32,70
32,71
32,72
32,73
32,74
32,75
32,76
32,77
32,78
32,79
32,80
32,81
32,100
32,101
32,103
32,105
32,107
32,109
32,112
32,113
32,114
32,118
32,122
32,123
32,125
32,127
32,130
32,131
32,133
32,134
32,136
32,138
32,140
32,143
32,144
32,145
32,146
32,147
32,149
32,150
32,151
32,152
32,157
32,160
32,162
33,34
33,35
33,36
33,37
33,38
33,39
33,40
33,41
33,42
33,43
33,44
33,45
33,46
33,47
33,48
33,49
33,50
33,51
33,52
33,53
33,54
33,55
33,56
33,57
33,58
33,59
33,60
33,61
33,62
33,63
33,64
33,65
33,66
33,67
33,68
33,69
33,70
33,71
33,72
33,73
33,74
33,75
33,76
33,77
33,78
33,79
33,80
33,81
33,83
33,84
33,85
33,86
33,93
33,97
33,99
33,100
33,101
33,102
33,105
33,106
33,110
33,111
33,113
33,117
33,119
33,121
33,126
33,128
33,137
33,138
33,139
33,142
33,144
33,146
33,147
33,148
33,151
33,152
33,154
33,156
33,159
33,161
33,163
33,167
33,168
33,170
33,171
33,173
33,174
33,176
33,188
33,189
33,190
33,191
33,198
34,35
34,36
34,37
34,38
34,39
34,40
34,41
34,42
34,43
34,44
34,45
34,46
34,47
34,48
34,49
34,50
34,51
34,52
34,53
34,54
34,55
34,56
34,57
34,58
34,59
34,60
34,61
34,62
34,63
34,64
34,65
34,66
34,67
34,68
34,69
34,70
34,71
34,72
34,73
34,74
34,75
34,76
34,77
34,78
34,79
34,80
34,81
34,83
34,84
34,85
34,86
34,93
34,97
34,98
34,99
34,100
34,101
34,102
34,103
34,104
34,105
34,106
34,109
34,110
34,111
34,112
34,113
34,116
34,117
34,118
34,119
34,120
34,121
34,122
34,123
34,124
34,126
34,128
34,130
34,131
34,132
34,133
34,135
34,136
34,137
34,138
34,139
34,142
34,144
34,145
34,146
34,147
34,148
34,151
34,152
34,154
34,156
34,157
34,159
34,161
34,163
34,167
34,168
34,170
34,171
34,173
34,174
34,176
34,177
34,180
34,182
34,188
34,189
34,190
34,191
34,198
34,199
35,36
35,37
35,38
35,39
35,40
35,41
35,42
35,43
35,44
35,45
35,46
35,47
35,48
35,49
35,50
35,51
35,52
35,53
35,54
35,55
35,56
35,57
35,58
35,59
35,60
35,61
35,62
35,63
35,64
35,65
35,66
35,67
35,68
35,69
35,70
35,71
35,72
35,73
35,74
35,75
35,76
35,77
35,78
35,79
35,80
35,81
35,101
35,103
35,104
35,107
35,112
35,114
35,116
35,117
35,118
35,120
35,122
35,123
35,124
35,125
35,127
35,128
35,129
35,130
35,131
35,132
35,134
35,135
35,136
35,137
35,138
35,139
35,140
35,147
35,150
35,152
35,153
35,155
35,157
35,160
35,161
35,162
35,163
35,167
35,171
35,172
35,175
35,177
35,180
35,181
35,182
35,186
35,199
36,37
36,38
36,39
36,40
36,41
36,42
36,43
36,44
36,45
36,46
36,47
36,48
36,49
36,50
36,51
36,52
36,53
36,54
36,55
36,56
36,57
36,58
36,59
36,60
36,61
36,62
36,63
36,64
36,65
36,66
36,67
36,68
36,69
36,70
36,71
36,72
36,73
36,74
36,75
36,76
36,77
36,78
36,79
36,80
36,81
36,83
36,84
36,85
36,86
36,93
36,97
36,99
36,100
36,101
36,102
36,105
36,106
36,110
36,111
36,113
36,117
36,119
36,120
36,121
36,122
36,123
36,124
36,125
36,126
36,127
36,128
36,130
36,131
36,132
36,134
36,135
36,137
36,138
36,139
36,141
36,142
36,144
36,146
36,147
36,148
36,149
36,151
36,152
36,154
36,155
36,156
36,157
36,159
36,160
36,161
36,162
36,163
36,165
36,167
36,168
36,169
36,170
36,171
36,172
36,173
36,174
36,176
36,179
36,181
36,183
36,185
36,186
36,188
36,189
36,190
36,191
36,192
36,198
37,38
37,39
37,40
37,41
37,42
37,43
37,44
37,45
37,46
37,47
37,48
37,49
37,50
37,51
37,52
37,53
37,54
37,55
37,56
37,57
37,58
37,59
37,60
37,61
37,62
37,63
37,64
37,65
37,66
37,67
37,68
37,69
37,70
37,71
37,72
37,73
37,74
37,75
37,76
37,77
37,78
37,79
37,80
37,81
37,111
37,113
37,114
37,116
37,117
37,120
37,122
37,126
37,127
37,128
37,129
37,130
37,131
37,132
37,133
38,39
38,40
38,41
38,42
38,43
38,44
38,45
38,46
38,47
38,48
38,49
38,50
38,51
38,52
38,53
38,54
38,55
38,56
38,57
38,58
38,59
38,60
38,61
38,62
38,63
38,64
38,65
38,66
38,67
38,68
38,69
38,70
38,71
38,72
38,73
38,74
38,75
38,76
38,77
38,78
38,79
38,80
38,81
38,83
38,84
38,85
38,86
38,93
38,95
38,96
38,97
38,99
38,100
38,101
38,102
38,105
38,106
38,107
38,108
38,109
38,110
38,111
38,113
38,114
38,117
38,119
38,120
38,121
38,122
38,123
38,124
38,125
38,126
38,127
38,128
38,129
38,130
38,131
38,132
38,133
38,134
38,136
38,137
38,138
38,139
38,140
38,142
38,143
38,144
38,146
38,147
38,148
38,151
38,152
38,154
38,155
38,156
38,159
38,160
38,161
38,163
38,164
38,165
38,167
38,168
38,169
38,170
38,171
38,172
38,173
38,174
38,175
38,176
38,180
38,181
38,182
38,186
38,188
38,189
38,190
38,191
38,198
39,40
39,41
39,42
39,43
39,44
39,45
39,46
39,47
39,48
39,49
39,50
39,51
39,52
39,53
39,54
39,55
39,56
39,57
39,58
39,59
39,60
39,61
39,62
39,63
39,64
39,65
39,66
39,67
39,68
39,69
39,70
39,71
39,72
39,73
39,74
39,75
39,76
39,77
39,78
39,79
39,80
39,81
39,95
39,96
39,98
39,99
39,101
39,103
39,104
39,105
39,106
39,111
39,113
39,114
39,117
39,120
39,122
39,123
39,124
39,125
39,127
39,130
39,131
39,132
39,135
39,136
39,137
39,139
39,140
39,142
39,143
39,145
39,146
39,147
39,149
39,150
39,151
39,152
39,155
39,156
39,157
39,158
39,161
39,163
39,164
39,167
39,169
39,171
39,175
39,176
39,177
39,178
39,180
39,181
39,182
39,185
39,186
39,192
40,41
40,42
40,43
40,44
40,45
40,46
40,47
40,48
40,49
40,50
40,51
40,52
40,53
40,54
40,55
40,56
40,57
40,58
40,59
40,60
40,61
40,62
40,63
40,64
40,65
40,66
40,67
40,68
40,69
40,70
40,71
40,72
40,73
40,74
40,75
40,76
40,77
40,78
40,79
40,80
40,81
40,83
40,84
40,85
40,86
40,93
40,97
40,99
40,100
40,101
40,102
40,105
40,106
40,110
40,111
40,113
40,117
40,119
40,121
40,126
40,128
40,137
40,138
40,139
40,142
40,144
40,146
40,147
40,148
40,151
40,152
40,154
40,156
40,159
40,161
40,163
40,167
40,168
40,170
40,171
40,173
40,174
40,176
40,188
40,189
40,190
40,191
40,198
41,42
41,43
41,44
41,45
41,46
41,47
41,48
41,49
41,50
41,51
41,52
41,53
41,54
41,55
41,56
41,57
41,58
41,59
41,60
41,61
41,62
41,63
41,64
41,65
41,66
41,67
41,68
41,69
41,70
41,71
41,72
41,73
41,74
41,75
41,76
41,77
41,78
41,79
41,80
41,81
42,43
42,44
42,45
42,46
42,47
42,48
42,49
42,50
42,51
42,52
42,53
42,54
42,55
42,56
42,57
42,58
42,59
42,60
42,61
42,62
42,63
42,64
42,65
42,66
42,67
42,68
42,69
42,70
42,71
42,72
42,73
42,74
42,75
42,76
42,77
42,78
42,79
42,80
42,81
43,44
43,45
43,46
43,47
43,48
43,49
43,50
43,51
43,52
43,53
43,54
43,55
43,56
43,57
43,58
43,59
43,60
43,61
43,62
43,63
43,64
43,65
43,66
43,67
43,68
43,69
43,70
43,71
43,72
43,73
43,74
43,75
43,76
43,77
43,78
43,79
43,80
43,81
44,45
44,46
44,47
44,48
44,49
44,50
44,51
44,52
44,53
44,54
44,55
44,56
44,57
44,58
44,59
44,60
44,61
44,62
44,63
44,64
44,65
44,66
44,67
44,68
44,69
44,70
44,71
44,72
44,73
44,74
44,75
44,76
44,77
44,78
44,79
44,80
44,81
45,46
45,47
45,48
45,49
45,50
45,51
45,52
45,53
45,54
45,55
45,56
45,57
45,58
45,59
45,60
45,61
45,62
45,63
45,64
45,65
45,66
45,67
45,68
45,69
45,70
45,71
45,72
45,73
45,74
45,75
45,76
45,77
45,78
45,79
45,80
45,81
45,83
45,84
45,85
45,86
45,93
45,97
45,99
45,100
45,101
45,102
45,105
45,106
45,110
45,111
45,113
45,117
45,119
45,121
45,126
45,128
45,137
45,138
45,139
45,142
45,144
45,146
45,147
45,148
45,151
45,152
45,154
45,156
45,159
45,161
45,163
45,167
45,168
45,170
45,171
45,173
45,174
45,176
45,188
45,189
45,190
45,191
45,198
46,47
46,48
46,49
46,50
46,51
46,52
46,53
46,54
46,55
46,56
46,57
46,58
46,59
46,60
46,61
46,62
46,63
46,64
46,65
46,66
46,67
46,68
46,69
46,70
46,71
46,72
46,73
46,74
46,75
46,76
46,77
46,78
46,79
46,80
46,81
47,48
47,49
47,50
47,51
47,52
47,53
47,54
47,55
47,56
47,57
47,58
47,59
47,60
47,61
47,62
47,63
47,64
47,65
47,66
47,67
47,68
47,69
47,70
47,71
47,72
47,73
47,74
47,75
47,76
47,77
47,78
47,79
47,80
47,81
47,128
47,129
47,131
47,133
47,134
47,137
47,140
47,141
47,142
47,143
47,151
47,186
47,191
48,49
48,50
48,51
48,52
48,53
48,54
48,55
48,56
48,57
48,58
48,59
48,60
48,61
48,62
48,63
48,64
48,65
48,66
48,67
48,68
48,69
48,70
48,71
48,72
48,73
48,74
48,75
48,76
48,77
48,78
48,79
48,80
48,81
48,83
48,84
48,85
48,86
48,93
48,97
48,99
48,100
48,101
48,102
48,105
48,106
48,110
48,111
48,113
48,117
48,119
48,121
48,126
48,128
48,137
48,138
48,139
48,142
48,144
48,146
48,147
48,148
48,151
48,152
48,154
48,156
48,159
48,161
48,163
48,167
48,168
48,170
48,171
48,173
48,174
48,176
48,188
48,189
48,190
48,191
48,198
49,50
49,51
49,52
49,53
49,54
49,55
49,56
49,57
49,58
49,59
49,60
49,61
49,62
49,63
49,64
49,65
49,66
49,67
49,68
49,69
49,70
49,71
49,72
49,73
49,74
49,75
49,76
49,77
49,78
49,79
49,80
49,81
50,51
50,52
50,53
50,54
50,55
50,56
50,57
50,58
50,59
50,60
50,61
50,62
50,63
50,64
50,65
50,66
50,67
50,68
50,69
50,70
50,71
50,72
50,73
50,74
50,75
50,76
50,77
50,78
50,79
50,80
50,81
50,83
50,84
50,85
50,86
50,93
50,97
50,99
50,100
50,101
50,102
50,105
50,106
50,110
50,111
50,113
50,117
50,119
50,121
50,126
50,128
50,137
50,138
50,139
50,142
50,144
50,146
50,147
50,148
50,150
50,151
50,152
50,154
50,156
50,157
50,158
50,159
50,161
50,162
50,163
50,167
50,168
50,170
50,171
50,173
50,174
50,176
50,188
50,189
50,190
50,191
50,198
51,52
51,53
51,54
51,55
51,56
51,57
51,58
51,59
51,60
51,61
51,62
51,63
51,64
51,65
51,66
51,67
51,68
51,69
51,70
51,71
51,72
51,73
51,74
51,75
51,76
51,77
51,78
51,79
51,80
51,81
51,100
51,101
51,104
51,108
51,109
51,112
51,113
51,115
51,116
52,53
52,54
52,55
52,56
52,57
52,58
52,59
52,60
52,61
52,62
52,63
52,64
52,65
52,66
52,67
52,68
52,69
52,70
52,71
52,72
52,73
52,74
52,75
52,76
52,77
52,78
52,79
52,80
52,81
52,83
52,84
52,85
52,86
52,93
52,97
52,99
52,100
52,101
52,102
52,105
52,106
52,110
52,111
52,113
52,116
52,117
52,119
52,121
52,125
52,126
52,128
52,129
52,131
52,132
52,133
52,134
52,135
52,137
52,138
52,139
52,140
52,141
52,142
52,143
52,144
52,146
52,147
52,148
52,150
52,151
52,152
52,154
52,156
52,157
52,158
52,159
52,160
52,161
52,163
52,165
52,166
52,167
52,168
52,170
52,171
52,173
52,174
52,175
52,176
52,184
52,188
52,189
52,190
52,191
52,198
53,54
53,55
53,56
53,57
53,58
53,59
53,60
53,61
53,62
53,63
53,64
53,65
53,66
53,67
53,68
53,69
53,70
53,71
53,72
53,73
53,74
53,75
53,76
53,77
53,78
53,79
53,80
53,81
54,55
54,56
54,57
54,58
54,59
54,60
54,61
54,62
54,63
54,64
54,65
54,66
54,67
54,68
54,69
54,70
54,71
54,72
54,73
54,74
54,75
54,76
54,77
54,78
54,79
54,80
54,81
54,83
54,84
54,85
54,86
54,93
54,97
54,99
54,100
54,101
54,102
54,105
54,106
54,110
54,111
54,113
54,117
54,119
54,121
54,126
54,128
54,137
54,138
54,139
54,140
54,141
54,142
54,144
54,146
54,147
54,148
54,149
54,150
54,151
54,152
54,154
54,155
54,156
54,157
54,158
54,159
54,161
54,163
54,166
54,167
54,168
54,169
54,170
54,171
54,173
54,174
54,175
54,176
54,181
54,182
54,188
54,189
54,190
54,191
54,198
55,56
55,57
55,58
55,59
55,60
55,61
55,62
55,63
55,64
55,65
55,66
55,67
55,68
55,69
55,70
55,71
55,72
55,73
55,74
55,75
55,76
55,77
55,78
55,79
55,80
55,81
55,95
55,96
55,98
55,100
55,101
55,104
55,107
55,108
55,109
55,115
55,116
55,120
55,122
55,124
55,125
55,127
55,129
55,130
55,132
55,133
55,134
55,140
55,141
55,142
55,143
55,145
55,150
55,153
55,155
55,157
55,158
55,160
55,162
55,165
55,166
55,169
55,172
55,173
55,174
55,175
55,180
55,181
55,182
55,184
55,185
55,193
55,195
55,199
56,57
56,58
56,59
56,60
56,61
56,62
56,63
56,64
56,65
56,66
56,67
56,68
56,69
56,70
56,71
56,72
56,73
56,74
56,75
56,76
56,77
56,78
56,79
56,80
56,81
57,58
57,59
57,60
57,61
57,62
57,63
57,64
57,65
57,66
57,67
57,68
57,69
57,70
57,71
57,72
57,73
57,74
57,75
57,76
57,77
57,78
57,79
57,80
57,81
57,145
57,147
57,152
57,153
57,155
57,158
57,160
57,163
57,164
57,166
58,59
58,60
58,61
58,62
58,63
58,64
58,65
58,66
58,67
58,68
58,69
58,70
58,71
58,72
58,73
58,74
58,75
58,76
58,77
58,78
58,79
58,80
58,81
58,98
58,99
58,100
58,103
58,104
58,106
58,107
58,109
58,111
58,112
58,113
58,114
58,115
58,116
58,118
58,120
58,121
58,122
58,123
58,127
58,128
58,130
58,131
58,133
58,135
58,137
58,141
58,142
58,143
58,144
58,146
58,149
58,150
58,151
59,60
59,61
59,62
59,63
59,64
59,65
59,66
59,67
59,68
59,69
59,70
59,71
59,72
59,73
59,74
59,75
59,76
59,77
59,78
59,79
59,80
59,81
59,83
59,84
59,85
59,86
59,93
59,97
59,99
59,100
59,101
59,102
59,105
59,106
59,110
59,111
59,113
59,117
59,119
59,121
59,126
59,128
59,137
59,138
59,139
59,142
59,144
59,146
59,147
59,148
59,151
59,152
59,154
59,156
59,159
59,161
59,163
59,167
59,168
59,170
59,171
59,173
59,174
59,176
59,188
59,189
59,190
59,191
59,198
60,61
60,62
60,63
60,64
60,65
60,66
60,67
60,68
60,69
60,70
60,71
60,72
60,73
60,74
60,75
60,76
60,77
60,78
60,79
60,80
60,81
60,83
60,84
60,85
60,86
60,93
60,97
60,99
60,100
60,101
60,102
60,105
60,106
60,110
60,111
60,113
60,117
60,119
60,121
60,123
60,125
60,126
60,127
60,128
60,129
60,130
60,131
60,133
60,134
60,136
60,137
60,138
60,139
60,140
60,142
60,143
60,144
60,145
60,146
60,147
60,148
60,149
60,150
60,151
60,152
60,154
60,156
60,159
60,161
60,162
60,163
60,167
60,168
60,170
60,171
60,173
60,174
60,176
60,188
60,189
60,190
60,191
60,198
61,62
61,63
61,64
61,65
61,66
61,67
61,68
61,69
61,70
61,71
61,72
61,73
61,74
61,75
61,76
61,77
61,78
61,79
61,80
61,81
61,83
61,84
61,85
61,86
61,93
61,97
61,99
61,100
61,101
61,102
61,105
61,106
61,110
61,111
61,113
61,117
61,119
61,121
61,126
61,128
61,137
61,138
61,139
61,142
61,144
61,146
61,147
61,148
61,151
61,152
61,154
61,156
61,159
61,161
61,163
61,167
61,168
61,170
61,171
61,173
61,174
61,176
61,188
61,189
61,190
61,191
61,198
62,63
62,64
62,65
62,66
62,67
62,68
62,69
62,70
62,71
62,72
62,73
62,74
62,75
62,76
62,77
62,78
62,79
62,80
62,81
62,83
62,84
62,85
62,86
62,93
62,97
62,99
62,100
62,101
62,102
62,105
62,106
62,110
62,111
62,113
62,117
62,119
62,121
62,126
62,128
62,137
62,138
62,139
62,142
62,143
62,144
62,146
62,147
62,148
62,151
62,152
62,154
62,156
62,159
62,161
62,163
62,167
62,168
62,170
62,171
62,173
62,174
62,176
62,188
62,189
62,190
62,191
62,198
63,64
63,65
63,66
63,67
63,68
63,69
63,70
63,71
63,72
63,73
63,74
63,75
63,76
63,77
63,78
63,79
63,80
63,81
63,109
63,110
63,111
63,112
63,113
64,65
64,66
64,67
64,68
64,69
64,70
64,71
64,72
64,73
64,74
64,75
64,76
64,77
64,78
64,79
64,80
64,81
64,110
64,111
64,112
64,113
64,114
64,115
64,118
64,120
64,122
64,123
64,124
64,127
64,130
64,131
64,132
64,133
64,134
64,137
64,139
64,140
65,66
65,67
65,68
65,69
65,70
65,71
65,72
65,73
65,74
65,75
65,76
65,77
65,78
65,79
65,80
65,81
66,67
66,68
66,69
66,70
66,71
66,72
66,73
66,74
66,75
66,76
66,77
66,78
66,79
66,80
66,81
66,83
66,84
66,85
66,86
66,93
66,95
66,96
66,97
66,99
66,100
66,101
66,102
66,103
66,104
66,105
66,106
66,109
66,110
66,111
66,113
66,114
66,115
66,117
66,118
66,119
66,120
66,121
66,123
66,124
66,125
66,126
66,128
66,130
66,131
66,132
66,133
66,134
66,137
66,138
66,139
66,142
66,143
66,144
66,146
66,147
66,148
66,151
66,152
66,154
66,156
66,159
66,161
66,163
66,167
66,168
66,170
66,171
66,173
66,174
66,176
66,188
66,189
66,190
66,191
66,198
67,68
67,69
67,70
67,71
67,72
67,73
67,74
67,75
67,76
67,77
67,78
67,79
67,80
67,81
67,97
67,98
67,100
67,102
67,105
67,107
67,108
67,109
67,110
67,111
67,112
67,113
67,114
67,115
67,118
67,120
67,121
67,122
67,123
67,124
67,125
67,127
67,128
67,129
67,131
67,133
67,134
67,135
67,137
67,139
67,140
67,143
67,144
67,147
67,148
67,150
67,154
67,155
67,157
67,158
67,162
67,163
67,164
67,165
67,166
67,172
67,180
67,181
67,187
67,193
67,195
67,199
68,69
68,70
68,71
68,72
68,73
68,74
68,75
68,76
68,77
68,78
68,79
68,80
68,81
68,94
68,95
68,98
68,100
68,101
68,102
68,103
68,106
68,108
68,109
68,111
68,116
68,117
68,120
68,121
68,122
68,123
68,124
68,126
68,128
68,129
68,131
68,132
68,133
68,134
68,135
68,136
68,137
68,138
68,139
68,140
68,143
68,144
68,145
68,146
68,147
68,148
68,149
68,150
68,151
68,153
68,155
68,157
68,158
68,160
68,162
68,163
68,165
68,166
68,168
68,172
68,174
68,175
68,180
68,181
68,186
68,187
68,190
68,193
68,194
68,195
68,199
69,70
69,71
69,72
69,73
69,74
69,75
69,76
69,77
69,78
69,79
69,80
69,81
69,83
69,84
69,85
69,86
69,93
69,97
69,99
69,100
69,101
69,102
69,105
69,106
69,110
69,111
69,113
69,117
69,118
69,119
69,121
69,122
69,123
69,124
69,125
69,126
69,128
69,129
69,131
69,132
69,134
69,136
69,137
69,138
69,139
69,141
69,142
69,143
69,144
69,145
69,146
69,147
69,148
69,149
69,150
69,151
69,152
69,154
69,155
69,156
69,157
69,158
69,159
69,160
69,161
69,162
69,163
69,164
69,165
69,166
69,167
69,168
69,170
69,171
69,172
69,173
69,174
69,176
69,181
69,182
69,183
69,184
69,185
69,188
69,189
69,190
69,191
69,193
69,196
69,198
69,199
70,71
70,72
70,73
70,74
70,75
70,76
70,77
70,78
70,79
70,80
70,81
70,83
70,84
70,85
70,86
70,93
70,97
70,99
70,100
70,101
70,102
70,104
70,105
70,106
70,108
70,109
70,110
70,111
70,112
70,113
70,114
70,115
70,116
70,117
70,118
70,119
70,120
70,121
70,122
70,123
70,124
70,125
70,126
70,127
70,128
70,129
70,130
70,132
70,133
70,134
70,135
70,136
70,137
70,138
70,139
70,140
70,141
70,142
70,143
70,144
70,146
70,147
70,148
70,149
70,150
70,151
70,152
70,154
70,156
70,158
70,159
70,160
70,161
70,162
70,163
70,164
70,165
70,166
70,167
70,168
70,169
70,170
70,171
70,173
70,174
70,176
70,177
70,178
70,181
70,182
70,183
70,184
70,187
70,188
70,189
70,190
70,191
70,192
70,193
70,194
70,195
70,196
70,198
71,72
71,73
71,74
71,75
71,76
71,77
71,78
71,79
71,80
71,81
71,83
71,84
71,85
71,86
71,93
71,97
71,99
71,100
71,101
71,102
71,105
71,106
71,110
71,111
71,113
71,117
71,119
71,121
71,126
71,128
71,137
71,138
71,139
71,142
71,144
71,146
71,147
71,148
71,151
71,152
71,154
71,156
71,159
71,161
71,163
71,167
71,168
71,170
71,171
71,173
71,174
71,176
71,188
71,189
71,190
71,191
71,198
72,73
72,74
72,75
72,76
72,77
72,78
72,79
72,80
72,81
72,83
72,84
72,85
72,86
72,93
72,97
72,99
72,100
72,101
72,102
72,105
72,106
72,110
72,111
72,113
72,117
72,119
72,121
72,126
72,128
72,137
72,138
72,139
72,142
72,144
72,146
72,147
72,148
72,151
72,152
72,154
72,156
72,159
72,161
72,163
72,167
72,168
72,170
72,171
72,173
72,174
72,176
72,188
72,189
72,190
72,191
72,198
73,74
73,75
73,76
73,77
73,78
73,79
73,80
73,81
74,75
74,76
74,77
74,78
74,79
74,80
74,81
75,76
75,77
75,78
75,79
75,80
75,81
75,83
75,84
75,85
75,86
75,93
75,97
75,99
75,100
75,101
75,102
75,105
75,106
75,110
75,111
75,113
75,117
75,119
75,121
75,126
75,128
75,137
75,138
75,139
75,142
75,144
75,146
75,147
75,148
75,151
75,152
75,154
75,156
75,159
75,161
75,163
75,167
75,168
75,170
75,171
75,173
75,174
75,176
75,188
75,189
75,190
75,191
75,198
76,77
76,78
76,79
76,80
76,81
77,78
77,79
77,80
77,81
78,79
78,80
78,81
78,83
78,84
78,85
78,86
78,93
78,97
78,99
78,100
78,101
78,102
78,105
78,106
78,110
78,111
78,113
78,117
78,119
78,121
78,126
78,128
78,137
78,138
78,139
78,142
78,144
78,146
78,147
78,148
78,151
78,152
78,154
78,156
78,159
78,161
78,163
78,167
78,168
78,170
78,171
78,173
78,174
78,176
78,188
78,189
78,190
78,191
78,198
79,80
79,81
80,81
80,83
80,84
80,85
80,86
80,93
80,97
80,99
80,100
80,101
80,102
80,105
80,106
80,110
80,111
80,113
80,117
80,119
80,121
80,126
80,128
80,137
80,138
80,139
80,142
80,144
80,146
80,147
80,148
80,151
80,152
80,154
80,156
80,159
80,161
80,163
80,167
80,168
80,170
80,171
80,173
80,174
80,176
80,188
80,189
80,190
80,191
80,198
81,83
81,84
81,85
81,86
81,93
81,97
81,99
81,100
81,101
81,102
81,105
81,106
81,110
81,111
81,113
81,117
81,119
81,121
81,126
81,128
81,137
81,138
81,139
81,142
81,144
81,146
81,147
81,148
81,151
81,152
81,154
81,156
81,159
81,161
81,163
81,167
81,168
81,170
81,171
81,173
81,174
81,176
81,188
81,189
81,190
81,191
81,198
82,131
82,132
82,133
82,182
83,84
83,85
83,86
83,93
83,97
83,99
83,100
83,101
83,102
83,105
83,106
83,109
83,110
83,111
83,112
83,113
83,114
83,115
83,116
83,117
83,118
83,119
83,120
83,121
83,122
83,123
83,124
83,126
83,127
83,128
83,129
83,130
83,131
83,132
83,133
83,135
83,137
83,138
83,139
83,142
83,143
83,144
83,146
83,147
83,148
83,149
83,150
83,151
83,152
83,153
83,154
83,155
83,156
83,157
83,159
83,160
83,161
83,163
83,167
83,168
83,170
83,171
83,173
83,174
83,176
83,188
83,189
83,190
83,191
83,198
84,85
84,86
84,93
84,97
84,99
84,100
84,101
84,102
84,105
84,106
84,109
84,110
84,111
84,112
84,113
84,114
84,115
84,116
84,117
84,119
84,121
84,124
84,125
84,126
84,127
84,128
84,130
84,137
84,138
84,139
84,142
84,144
84,146
84,147
84,148
84,151
84,152
84,154
84,156
84,159
84,161
84,163
84,167
84,168
84,170
84,171
84,173
84,174
84,176
84,188
84,189
84,190
84,191
84,198
85,86
85,93
85,97
85,99
85,100
85,101
85,102
85,105
85,106
85,110
85,111
85,113
85,117
85,119
85,121
85,123
85,126
85,128
85,137
85,138
85,139
85,142
85,144
85,146
85,147
85,148
85,151
85,152
85,154
85,156
85,159
85,161
85,163
85,167
85,168
85,170
85,171
85,173
85,174
85,176
85,188
85,189
85,190
85,191
85,198
86,93
86,97
86,98
86,99
86,100
86,101
86,102
86,105
86,106
86,107
86,108
86,109
86,110
86,111
86,112
86,113
86,116
86,117
86,118
86,119
86,121
86,124
86,125
86,126
86,127
86,128
86,129
86,130
86,135
86,137
86,138
86,139
86,140
86,141
86,142
86,144
86,146
86,147
86,148
86,149
86,150
86,151
86,152
86,154
86,156
86,159
86,160
86,161
86,163
86,165
86,167
86,168
86,170
86,171
86,173
86,174
86,176
86,177
86,186
86,188
86,189
86,190
86,191
86,194
86,195
86,198
87,110
87,112
88,97
88,98
90,95
90,96
90,99
90,103
90,105
90,106
90,107
90,108
90,110
90,112
90,113
90,115
90,116
90,119
90,120
90,121
90,122
90,123
90,127
90,128
90,129
90,130
90,131
90,138
90,139
90,141
90,143
90,146
90,148
90,149
90,153
90,154
90,157
90,166
90,167
90,170
90,171
90,176
90,177
90,178
91,93
91,95
91,96
91,97
91,98
91,99
91,105
91,108
91,109
91,110
91,111
91,112
91,113
91,114
91,115
91,116
91,118
91,119
91,120
91,121
91,122
91,123
91,124
91,125
91,127
91,128
91,129
91,130
91,131
91,132
91,135
91,138
91,139
91,140
91,141
91,143
91,146
91,147
91,148
91,150
91,153
91,154
91,155
91,157
91,158
91,160
91,162
91,165
91,166
91,167
91,168
91,169
91,170
91,171
91,176
91,177
91,178
91,180
91,185
91,189
91,194
91,195
92,96
92,98
92,100
92,103
92,105
92,106
92,108
92,109
92,110
92,111
92,112
92,113
92,114
92,115
92,116
92,117
92,118
92,119
92,120
92,121
92,122
92,123
92,125
92,126
92,127
92,129
92,130
92,132
92,134
92,135
92,136
92,138
92,139
93,94
93,95
93,96
93,97
93,99
93,100
93,101
93,102
93,105
93,106
93,110
93,111
93,113
93,117
93,119
93,121
93,126
93,128
93,137
93,138
93,139
93,142
93,144
93,146
93,147
93,148
93,151
93,152
93,154
93,156
93,159
93,161
93,163
93,167
93,168
93,170
93,171
93,173
93,174
93,176
93,188
93,189
93,190
93,191
93,198
94,95
94,96
94,97
94,98
94,100
94,101
94,102
94,105
94,107
94,108
94,109
94,110
94,111
94,114
94,116
94,119
94,121
94,122
94,123
94,124
94,126
94,127
94,128
94,129
94,130
94,131
94,132
94,134
94,136
94,137
94,139
94,141
94,143
94,145
94,146
94,150
94,151
94,153
94,154
94,157
94,158
94,160
94,164
94,165
94,166
94,167
95,98
95,100
95,102
95,103
95,104
95,105
95,106
95,109
95,112
95,113
95,114
95,116
95,118
95,119
95,121
95,122
95,124
95,125
95,127
95,128
96,97
96,98
96,99
96,101
96,102
96,103
96,105
96,106
96,108
96,109
96,110
97,98
97,99
97,100
97,101
97,102
97,103
97,105
97,106
97,107
97,110
97,111
97,113
97,117
97,119
97,121
97,126
97,128
97,137
97,138
97,139
97,142
97,144
97,146
97,147
97,148
97,151
97,152
97,154
97,156
97,159
97,161
97,163
97,167
97,168
97,170
97,171
97,173
97,174
97,176
97,188
97,189
97,190
97,191
97,198
98,100
98,101
98,102
98,103
98,104
98,105
98,106
98,111
98,112
98,113
98,115
98,116
98,122
98,125
98,126
98,127
98,133
98,134
98,135
98,136
98,138
98,139
98,140
98,143
98,145
98,148
98,153
98,154
98,157
98,158
98,160
98,161
98,162
98,164
98,166
98,167
98,170
98,171
98,176
98,187
98,193
98,195
99,100
99,101
99,102
99,105
99,106
99,107
99,109
99,110
99,111
99,113
99,115
99,116
99,117
99,119
99,121
99,123
99,124
99,125
99,126
99,128
99,137
99,138
99,139
99,142
99,144
99,146
99,147
99,148
99,151
99,152
99,154
99,156
99,159
99,161
99,163
99,167
99,168
99,170
99,171
99,173
99,174
99,176
99,188
99,189
99,190
99,191
99,198
100,101
100,102
100,104
100,105
100,106
100,107
100,108
100,110
100,111
100,113
100,114
100,115
100,116
100,117
100,118
100,119
100,120
100,121
100,122
100,123
100,124
100,126
100,127
100,128
100,129
100,131
100,132
100,134
100,136
100,137
100,138
100,139
100,140
100,141
100,142
100,143
100,144
100,146
100,147
100,148
100,149
100,150
100,151
100,152
100,154
100,155
100,156
100,157
100,159
100,160
100,161
100,162
100,163
100,164
100,165
100,166
100,167
100,168
100,170
100,171
100,173
100,174
100,176
100,177
100,182
100,183
100,185
100,186
100,187
100,188
100,189
100,190
100,191
100,193
100,194
100,195
100,197
100,198
101,102
101,104
101,105
101,106
101,107
101,108
101,109
101,110
101,111
101,113
101,116
101,117
101,119
101,121
101,124
101,125
101,126
101,128
101,129
101,131
101,132
101,133
101,134
101,135
101,136
101,137
101,138
101,139
101,140
101,141
101,142
101,143
101,144
101,145
101,146
101,147
101,148
101,151
101,152
101,154
101,156
101,158
101,159
101,160
101,161
101,163
101,164
101,165
101,166
101,167
101,168
101,170
101,171
101,172
101,173
101,174
101,176
101,177
101,181
101,182
101,185
101,186
101,188
101,189
101,190
101,191
101,194
101,195
101,198
102,104
102,105
102,106
102,107
102,108
102,110
102,111
102,112
102,113
102,115
102,116
102,117
102,118
102,119
102,120
102,121
102,124
102,125
102,126
102,128
102,131
102,132
102,135
102,136
102,137
102,138
102,139
102,142
102,143
102,144
102,146
102,147
102,148
102,149
102,150
102,151
102,152
102,153
102,154
102,155
102,156
102,157
102,158
102,159
102,161
102,163
102,167
102,168
102,170
102,171
102,173
102,174
102,176
102,188
102,189
102,190
102,191
102,198
103,104
103,105
103,107
103,108
103,109
103,110
103,111
103,112
103,113
103,114
103,115
103,118
103,125
103,128
103,129
103,131
103,132
103,133
103,135
103,136
103,137
103,143
103,145
103,146
103,148
103,149
103,150
103,151
103,152
103,153
103,155
103,157
103,158
103,160
103,162
103,163
103,164
103,166
103,167
103,171
103,175
103,177
103,178
103,180
103,181
103,182
103,184
103,185
103,189
103,197
104,106
104,108
104,109
104,111
104,113
104,114
104,115
104,118
104,119
104,120
104,122
104,123
104,124
104,125
104,126
104,127
104,129
104,130
104,133
104,134
104,135
104,137
104,138
104,140
104,141
104,145
104,146
105,106
105,109
105,110
105,111
105,112
105,113
105,114
105,115
105,116
105,117
105,119
105,120
105,121
105,122
105,124
105,125
105,126
105,127
105,128
105,129
105,131
105,132
105,133
105,134
105,135
105,136
105,137
105,138
105,139
105,142
105,144
105,145
105,146
105,147
105,148
105,150
105,151
105,152
105,153
105,154
105,155
105,156
105,158
105,159
105,160
105,161
105,162
105,163
105,164
105,165
105,166
105,167
105,168
105,170
105,171
105,172
105,173
105,174
105,175
105,176
105,178
105,179
105,180
105,181
105,184
105,185
105,186
105,188
105,189
105,190
105,191
105,195
105,196
105,198
106,107
106,108
106,110
106,111
106,112
106,113
106,114
106,115
106,117
106,118
106,119
106,120
106,121
106,122
106,123
106,126
106,128
106,130
106,131
106,132
106,134
106,135
106,136
106,137
106,138
106,139
106,141
106,142
106,143
106,144
106,145
106,146
106,147
106,148
106,151
106,152
106,153
106,154
106,155
106,156
106,157
106,158
106,159
106,160
106,161
106,162
106,163
106,165
106,166
106,167
106,168
106,169
106,170
106,171
106,173
106,174
106,176
106,179
106,181
106,182
106,183
106,184
106,185
106,186
106,188
106,189
106,190
106,191
106,195
106,196
106,197
106,198
107,109
107,112
107,113
107,116
107,117
107,118
107,119
107,120
107,122
107,123
107,124
107,125
107,127
107,128
107,129
107,130
107,131
107,132
107,135
107,136
107,138
107,141
107,142
107,143
107,144
107,145
107,150
107,154
107,155
107,159
107,160
107,165
107,166
107,167
107,169
108,109
108,110
108,112
108,113
108,115
108,116
108,118
108,120
108,121
108,122
108,123
108,124
108,125
108,126
108,128
108,129
108,132
108,133
108,134
108,135
108,136
108,138
108,139
108,140
108,142
109,111
109,112
109,114
109,115
109,116
109,117
109,118
109,120
109,121
109,122
109,123
109,124
109,125
109,126
109,128
109,129
109,130
109,131
109,132
109,133
109,134
109,136
109,137
109,138
109,139
109,141
109,142
109,144
109,146
109,147
109,148
109,150
109,152
109,157
109,158
109,159
109,163
109,164
109,165
109,166
109,167
109,168
109,171
109,172
109,175
109,180
109,181
109,183
109,184
109,185
109,187
109,189
109,196
109,197
110,111
110,112
110,113
110,115
110,116
110,117
110,119
110,120
110,121
110,126
110,128
110,137
110,138
110,139
110,142
110,144
110,146
110,147
110,148
110,151
110,152
110,154
110,156
110,159
110,161
110,163
110,167
110,168
110,170
110,171
110,173
110,174
110,176
110,188
110,189
110,190
110,191
110,198
111,113
111,114
111,116
111,117
111,119
111,120
111,121
111,122
111,123
111,124
111,125
111,126
111,127
111,128
111,129
111,130
111,132
111,133
111,134
111,137
111,138
111,139
111,142
111,144
111,146
111,147
111,148
111,151
111,152
111,153
111,154
111,155
111,156
111,157
111,158
111,159
111,161
111,163
111,164
111,166
111,167
111,168
111,170
111,171
111,173
111,174
111,176
111,177
111,178
111,180
111,181
111,183
111,184
111,185
111,186
111,187
111,188
111,189
111,190
111,191
111,192
111,198
112,113
112,115
112,116
112,117
112,118
112,120
112,122
112,123
112,124
112,125
112,126
112,127
112,128
112,129
112,130
112,132
112,134
112,136
112,139
112,140
112,143
112,144
112,145
112,148
112,150
112,151
112,152
112,153
112,154
112,155
112,157
112,158
112,160
112,162
112,163
112,164
112,165
112,166
112,167
112,168
112,170
112,171
112,172
112,175
112,176
112,177
112,179
112,180
112,182
112,183
112,184
112,185
112,186
112,187
112,188
112,189
112,191
112,192
112,193
112,194
112,195
112,196
112,197
112,199
113,114
113,115
113,116
113,117
113,118
113,119
113,120
113,121
113,122
113,124
113,126
113,127
113,128
113,130
113,132
113,133
113,136
113,137
113,138
113,139
113,140
113,142
113,143
113,144
113,145
113,146
113,147
113,148
113,150
113,151
113,152
113,153
113,154
113,155
113,156
113,159
113,160
113,161
113,163
113,165
113,166
113,167
113,168
113,169
113,170
113,171
113,173
113,174
113,176
113,178
113,179
113,182
113,183
113,184
113,185
113,186
113,187
113,188
113,189
113,190
113,191
113,194
113,195
113,196
113,197
113,198
114,115
114,119
114,120
114,121
114,122
114,123
114,124
114,125
114,126
114,127
115,118
115,119
115,120
115,121
115,122
115,123
115,124
115,125
116,117
116,119
117,119
117,120
117,121
117,125
117,126
117,128
117,133
117,134
117,137
117,138
117,139
117,142
117,143
117,144
117,146
117,147
117,148
117,149
117,151
117,152
117,153
117,154
117,156
117,157
117,159
117,161
117,162
117,163
117,164
117,165
117,166
117,167
117,168
117,170
117,171
117,173
117,174
117,176
117,178
117,180
117,181
117,182
117,184
117,187
117,188
117,189
117,190
117,191
117,193
117,195
117,196
117,197
117,198
117,199
118,122
118,123
118,124
118,125
118,127
118,129
118,130
118,131
118,132
118,135
118,136
118,139
118,140
118,141
118,143
118,147
118,149
119,120
119,121
119,122
119,123
119,124
119,125
119,126
119,127
119,128
119,130
119,132
119,135
119,137
119,138
119,139
119,142
119,144
119,146
119,147
119,148
119,151
119,152
119,154
119,156
119,159
119,161
119,163
119,167
119,168
119,170
119,171
119,173
119,174
119,176
119,188
119,189
119,190
119,191
119,198
120,121
120,122
120,123
120,125
120,126
120,127
120,128
120,129
120,130
120,131
120,133
120,134
120,135
120,137
120,141
120,143
120,145
120,146
120,147
120,149
120,151
120,155
121,124
121,125
121,126
121,127
121,128
121,131
121,132
121,137
121,138
121,139
121,142
121,144
121,146
121,147
121,148
121,151
121,152
121,154
121,156
121,159
121,161
121,163
121,167
121,168
121,170
121,171
121,173
121,174
121,176
121,188
121,189
121,190
121,191
121,198
122,123
122,125
122,127
122,130
122,131
122,132
122,134
122,136
122,137
122,139
122,141
122,145
122,146
122,147
122,148
122,151
122,152
122,153
122,157
122,162
122,163
122,166
122,168
122,169
122,170
122,171
123,124
123,125
123,127
123,128
123,129
123,130
123,131
123,132
123,133
123,134
123,135
123,136
123,137
123,138
123,139
123,140
123,141
123,142
123,143
123,147
123,148
123,149
123,150
123,151
123,152
123,153
124,126
124,127
124,128
124,129
124,130
124,132
124,133
124,134
124,135
124,136
124,137
124,138
124,140
124,141
124,142
124,143
124,144
124,145
124,146
124,149
124,150
124,151
124,152
124,153
124,154
124,157
124,158
124,159
124,160
124,161
124,162
124,163
124,168
124,169
124,170
124,171
124,177
124,179
124,180
124,181
125,126
125,127
125,128
125,129
125,131
125,136
125,139
125,140
125,142
125,143
125,144
125,145
125,147
125,148
125,149
125,150
125,151
125,154
125,155
125,156
125,157
125,158
125,159
125,160
125,161
125,162
125,164
125,165
125,166
125,167
125,168
125,170
125,172
125,177
125,179
125,180
125,181
126,128
126,129
126,130
126,133
126,134
126,135
126,136
126,137
126,138
126,139
126,140
126,141
126,142
126,143
126,144
126,146
126,147
126,148
126,149
126,151
126,152
126,153
126,154
126,155
126,156
126,157
126,158
126,159
126,160
126,161
126,162
126,163
126,164
126,165
126,166
126,167
126,168
126,169
126,170
126,171
126,173
126,174
126,176
126,179
126,180
126,181
126,182
126,183
126,188
126,189
126,190
126,191
126,197
126,198
127,129
127,132
127,133
127,134
127,135
127,137
127,138
127,140
127,141
127,143
127,144
127,145
127,146
127,147
127,148
128,129
128,130
128,132
128,133
128,135
128,136
128,137
128,138
128,139
128,140
128,141
128,142
128,144
128,146
128,147
128,148
128,151
128,152
128,153
128,154
128,155
128,156
128,157
128,159
128,160
128,161
128,162
128,163
128,164
128,165
128,166
128,167
128,168
128,169
128,170
128,171
128,173
128,174
128,176
128,180
128,183
128,186
128,187
128,188
128,189
128,190
128,191
128,193
128,194
128,197
128,198
129,130
129,132
129,133
129,135
129,137
130,132
130,133
130,134
130,135
130,136
130,137
130,138
130,140
130,141
130,142
130,144
130,145
130,146
130,147
130,149
130,150
130,152
130,153
131,136
131,137
131,138
131,139
131,140
131,142
131,143
131,144
131,145
131,147
131,148
131,149
131,150
131,151
131,152
131,156
131,158
131,161
131,162
131,165
131,172
131,176
131,177
131,179
131,182
131,185
131,186
131,187
131,188
131,191
131,193
131,194
131,195
131,196
132,133
132,134
132,136
132,137
132,138
132,140
132,142
132,143
132,144
132,145
132,146
132,147
132,148
133,135
133,138
133,139
133,140
133,141
133,145
133,146
133,147
133,149
133,150
133,151
133,155
133,156
133,157
133,158
133,159
133,161
133,162
133,164
133,165
133,167
133,168
133,169
133,170
133,171
133,175
133,176
133,177
133,180
133,181
134,135
134,136
134,137
134,138
135,138
135,139
135,140
135,142
135,146
135,147
135,149
135,150
135,151
135,155
135,156
135,158
135,160
135,161
135,162
135,163
135,165
135,167
135,169
135,170
135,171
135,172
135,175
135,177
135,179
135,180
135,182
135,183
135,185
135,187
135,188
136,137
136,138
136,139
136,140
136,141
136,142
136,144
136,145
136,146
136,147
136,148
136,149
136,150
136,151
136,152
136,154
136,155
136,157
136,158
136,159
136,160
136,161
136,162
136,163
136,164
137,138
137,139
137,140
137,141
137,142
137,143
137,144
137,146
137,147
137,148
137,149
137,150
137,151
137,152
137,154
137,156
137,158
137,159
137,160
137,161
137,162
137,163
137,166
137,167
137,168
137,170
137,171
137,173
137,174
137,176
137,179
137,180
137,181
137,182
137,183
137,185
137,186
137,187
137,188
137,189
137,190
137,191
137,196
137,198
138,139
138,141
138,142
138,143
138,144
138,145
138,146
138,147
138,148
138,150
138,151
138,152
138,153
138,154
138,156
138,157
138,158
138,159
138,161
138,162
138,163
138,165
138,166
138,167
138,168
138,169
138,170
138,171
138,173
138,174
138,175
138,176
138,178
138,180
138,182
138,185
138,186
138,187
138,188
138,189
138,190
138,191
138,192
138,194
138,195
138,196
138,197
138,198
139,141
139,142
139,144
139,146
139,147
139,148
139,151
139,152
139,154
139,156
139,159
139,161
139,163
139,167
139,168
139,170
139,171
139,173
139,174
139,176
139,188
139,189
139,190
139,191
139,198
140,141
140,143
140,145
140,146
140,147
140,148
140,149
140,151
140,152
140,153
140,154
140,155
140,156
140,157
140,158
140,159
140,160
140,161
140,162
140,164
140,167
140,168
140,169
140,171
140,172
140,173
140,174
140,175
140,176
140,179
140,180
140,181
140,182
140,183
140,184
140,186
140,187
140,195
140,196
140,197
141,142
141,143
141,144
141,145
141,146
141,148
141,149
141,150
141,151
141,153
141,155
141,156
141,158
141,162
141,163
142,143
142,144
142,145
142,146
142,147
142,148
142,149
142,150
142,151
142,152
142,154
142,156
142,159
142,160
142,161
142,163
142,164
142,165
142,166
142,167
142,168
142,169
142,170
142,171
142,172
142,173
142,174
142,176
142,183
142,187
142,188
142,189
142,190
142,191
142,195
142,198
143,145
143,147
143,149
143,151
143,152
143,153
143,154
143,155
143,156
143,157
143,161
143,162
143,163
143,165
143,166
143,167
143,168
143,169
143,170
143,174
143,176
143,182
143,183
143,184
143,187
143,192
143,193
143,195
143,196
143,197
143,198
144,146
144,147
144,148
144,150
144,151
144,152
144,153
144,154
144,155
144,156
144,159
144,160
144,161
144,162
144,163
144,164
144,166
144,167
144,168
144,169
144,170
144,171
144,172
144,173
144,174
144,176
144,179
144,180
144,181
144,183
144,184
144,185
144,187
144,188
144,189
144,190
144,191
144,195
144,196
144,197
144,198
146,147
146,148
146,149
146,150
146,151
146,152
146,154
146,155
146,156
146,159
146,161
146,162
146,163
146,164
146,165
146,166
146,167
146,168
146,170
146,171
146,172
146,173
146,174
146,175
146,176
146,178
146,179
146,180
146,182
146,183
146,184
146,185
146,186
146,187
146,188
146,189
146,190
146,191
146,192
146,194
146,195
146,198
146,199
147,148
147,151
147,152
147,153
147,154
147,155
147,156
147,159
147,160
147,161
147,162
147,163
147,165
147,166
147,167
147,168
147,169
147,170
147,171
147,172
147,173
147,174
147,175
147,176
147,177
147,178
147,179
147,180
147,181
147,184
147,185
147,186
147,188
147,189
147,190
147,191
147,193
147,194
147,195
147,196
147,197
147,198
148,151
148,152
148,154
148,155
148,156
148,157
148,159
148,160
148,161
148,162
148,163
148,166
148,167
148,168
148,170
148,171
148,172
148,173
148,174
148,175
148,176
148,178
148,179
148,180
148,181
148,183
148,184
148,186
148,187
148,188
148,189
148,190
148,191
148,192
148,193
148,198
149,152
149,153
149,155
149,156
149,157
149,159
149,160
149,161
149,162
149,163
149,164
149,166
149,169
149,174
149,176
149,177
149,178
149,179
149,181
149,182
149,183
149,184
149,185
149,186
149,188
149,193
149,194
149,196
149,198
149,199
150,152
150,153
150,155
150,156
150,157
150,158
150,159
150,162
150,163
150,164
150,165
150,166
150,167
150,168
150,169
150,171
150,172
150,174
150,175
150,176
150,179
150,180
150,181
150,182
150,183
150,184
150,185
150,186
150,187
150,188
150,189
150,192
150,194
150,196
151,152
151,153
151,154
151,155
151,156
151,157
151,158
151,159
151,160
151,161
151,162
151,163
151,165
151,166
151,167
151,168
151,170
151,171
151,172
151,173
151,174
151,175
151,176
151,177
151,178
151,188
151,189
151,190
151,191
151,198
152,153
152,154
152,156
152,158
152,159
152,161
152,163
152,164
152,165
152,166
152,167
152,168
152,169
152,170
152,171
152,172
152,173
152,174
152,175
152,176
152,177
152,178
152,179
152,180
152,182
152,183
152,184
152,185
152,186
152,187
152,188
152,189
152,190
152,191
152,195
152,196
152,197
152,198
153,155
153,156
153,157
153,158
153,160
153,163
153,164
153,167
153,168
153,169
153,170
153,172
153,176
153,177
153,179
153,180
153,181
153,183
153,184
153,186
153,187
153,188
154,156
154,159
154,161
154,163
154,167
154,168
154,170
154,171
154,173
154,174
154,176
154,188
154,189
154,190
154,191
154,198
155,156
155,157
155,158
155,159
155,160
155,161
155,165
155,169
155,170
155,172
155,173
155,174
155,176
155,177
155,178
155,181
155,182
155,183
155,185
155,186
155,187
155,188
155,189
155,194
156,158
156,159
156,160
156,161
156,162
156,163
156,164
156,165
156,166
156,167
156,168
156,170
156,171
156,172
156,173
156,174
156,175
156,176
156,177
156,178
156,180
156,181
156,182
156,183
156,184
156,185
156,186
156,187
156,188
156,189
156,190
156,191
156,193
156,194
156,195
156,198
157,158
157,159
157,162
157,163
157,166
157,168
157,169
157,170
157,171
157,172
157,173
157,176
157,177
157,178
157,179
157,182
157,183
157,184
157,185
157,186
157,188
157,190
157,191
157,192
157,193
157,194
157,195
157,198
158,160
158,161
158,163
158,164
158,165
158,166
158,167
158,168
158,169
158,172
158,173
158,174
158,175
158,177
158,178
158,179
158,180
158,181
158,182
158,183
158,184
158,185
158,187
158,188
158,189
158,190
158,191
158,192
158,193
158,194
158,195
158,197
158,198
158,199
159,160
159,161
159,162
159,163
159,164
159,165
159,167
159,168
159,170
159,171
159,172
159,173
159,174
159,176
159,188
159,189
159,190
159,191
159,198
160,163
160,164
160,165
160,166
160,168
160,169
160,170
160,171
160,172
160,173
160,174
160,175
160,177
160,179
160,180
160,182
160,184
160,185
160,186
160,187
160,188
160,190
160,192
160,195
160,196
161,163
161,165
161,166
161,167
161,168
161,170
161,171
161,173
161,174
161,175
161,176
161,179
161,180
161,182
161,183
161,184
161,185
161,187
161,188
161,189
161,190
161,191
161,192
161,193
161,196
161,197
161,198
162,163
162,164
162,165
162,166
162,167
162,168
162,169
162,170
162,171
162,172
162,173
162,175
162,176
162,177
162,178
162,179
162,180
162,181
162,182
162,183
162,184
162,186
162,188
162,189
162,190
162,192
162,193
162,194
162,195
162,196
162,198
163,165
163,166
163,167
163,168
163,169
163,170
163,171
163,173
163,174
163,175
163,176
163,177
163,178
163,179
163,181
163,182
163,186
163,188
163,189
163,190
163,191
163,198
164,165
164,166
164,168
164,170
164,173
164,174
164,177
164,178
164,180
164,181
164,182
164,184
164,185
164,186
164,187
164,190
164,191
164,192
164,193
164,194
164,195
164,196
164,197
164,198
164,199
165,167
165,168
165,170
165,171
165,172
165,175
167,168
167,170
167,171
167,172
167,173
167,174
167,176
167,177
167,179
167,180
167,181
167,183
167,184
167,185
167,186
167,187
167,188
167,189
167,190
167,191
167,192
167,193
167,194
167,196
167,197
167,198
168,169
168,170
168,171
168,173
168,174
168,176
168,178
168,179
168,180
168,181
168,182
168,183
168,184
168,185
168,187
168,188
168,189
168,190
168,191
168,192
168,193
168,194
168,195
168,196
168,198
168,199
169,171
169,172
169,173
169,174
169,175
169,176
169,177
169,178
169,180
169,182
169,183
169,184
169,185
169,186
169,187
169,189
169,192
169,193
169,195
169,196
169,199
170,171
170,172
170,173
170,174
170,176
170,177
170,178
170,179
170,180
170,183
170,185
170,187
170,188
170,189
170,190
170,191
170,192
170,193
170,194
170,195
170,198
170,199
171,173
171,174
171,176
171,178
171,179
171,180
171,181
171,182
171,183
171,184
171,185
171,186
171,187
171,188
171,189
171,190
171,191
171,192
171,194
171,195
171,197
171,198
172,173
172,175
172,177
172,178
172,179
172,180
172,181
172,182
173,174
173,175
173,176
173,177
173,178
173,180
173,181
173,182
173,183
173,185
173,187
173,188
173,189
173,190
173,191
173,193
173,195
173,196
173,197
173,198
173,199
174,175
174,176
174,178
174,180
174,181
174,182
174,183
174,184
174,185
174,188
174,189
174,190
174,191
174,193
174,194
174,195
174,196
174,197
174,198
174,199
175,176
175,178
175,180
175,182
175,183
175,185
175,186
175,187
175,191
175,192
175,193
175,194
175,195
175,196
175,198
175,199
176,177
176,178
176,179
176,180
176,181
176,182
176,183
176,184
176,185
176,187
176,188
176,189
176,190
176,191
176,192
176,193
176,194
176,195
176,196
176,197
176,198
177,178
177,180
177,181
177,183
177,184
177,185
177,186
177,187
177,190
177,193
177,194
177,195
177,197
177,198
177,199
178,179
178,181
178,182
178,183
178,186
178,187
178,189
178,190
178,192
178,193
178,194
178,196
178,197
178,198
179,180
179,181
179,182
179,184
179,185
179,186
179,187
179,188
179,189
179,190
179,193
179,194
179,195
179,196
179,197
179,198
179,199
180,181
180,182
180,183
180,185
180,186
180,187
180,189
180,190
180,191
180,192
180,193
180,194
180,195
180,196
180,197
180,198
180,199
181,182
181,183
181,184
181,185
181,186
181,187
181,191
181,192
181,193
181,195
181,197
181,198
181,199
182,183
182,184
182,185
182,186
182,188
182,189
182,190
182,191
182,192
182,193
182,194
182,195
182,196
182,197
182,198
182,199
183,184
183,185
183,186
183,188
183,189
183,191
183,192
183,194
183,196
183,197
183,199
184,185
184,186
184,187
184,188
184,189
184,190
184,191
184,192
184,194
184,196
184,197
184,198
184,199
185,187
185,188
185,191
185,192
185,193
185,194
185,196
185,198
185,199
186,187
186,188
186,190
186,191
186,192
186,193
186,194
186,195
186,196
186,197
186,198
188,189
188,190
188,191
188,193
188,196
188,197
188,198
188,199
189,190
189,191
189,193
189,195
189,196
189,197
189,198
189,199
190,191
190,192
190,193
190,194
190,196
190,198
191,193
191,194
191,195
191,196
191,197
191,198
192,193
192,194
192,195
192,196
192,197
192,199
193,194
193,195
193,196
193,197
193,199
194,195
194,196
194,197
194,198
194,199
195,198
196,197
196,198
196,199
197,198
198,199
