0,1
0,2
0,3
0,4
0,5
0,6
0,7
0,8
0,9
0,10
0,11
0,12
0,13
0,14
0,15
0,16
0,17
0,18
0,19
0,20
0,21
0,22
0,23
0,24
0,25
0,26
0,27
0,28
0,29
0,30
0,31
0,32
0,33
0,34
0,35
0,36
0,37
0,38
0,39
0,40
0,41
0,42
0,43
0,44
0,45
0,46
0,47
0,48
0,49
0,50
0,51
0,52
0,53
0,54
0,55
0,56
0,57
1,2
1,3
1,4
1,5
1,6
1,7
1,8
1,9
1,10
1,11
1,12
1,13
1,14
1,15
1,16
1,17
1,18
1,19
1,20
1,21
1,22
1,23
1,24
1,25
1,26
1,27
1,28
1,29
1,30
1,31
1,32
1,33
1,34
1,35
1,36
1,37
1,38
1,39
1,40
1,41
1,42
1,43
1,44
1,45
1,46
1,47
1,48
1,49
1,50
1,51
1,52
1,53
1,54
1,55
1,56
1,57
2,3
2,4
2,5
2,6
2,7
2,8
2,9
2,10
2,11
2,12
2,13
2,14
2,15
2,16
2,17
2,18
2,19
2,20
2,21
2,22
2,23
2,24
2,25
2,26
2,27
2,28
2,29
2,30
2,31
2,32
2,33
2,34
2,35
2,36
2,37
2,38
2,39
2,40
2,41
2,42
2,43
2,44
2,45
2,46
2,47
2,48
2,49
2,50
2,51
2,52
2,53
2,54
2,55
2,56
2,57
3,4
3,5
3,6
3,7
3,8
3,9
3,10
3,11
3,12
3,13
3,14
3,15
3,16
3,17
3,18
3,19
3,20
3,21
3,22
3,23
3,24
3,25
3,26
3,27
3,28
3,29
3,30
3,31
3,32
3,33
3,34
3,35
3,36
3,37
3,38
3,39
3,40
3,41
3,42
3,43
3,44
3,45
3,46
3,47
3,48
3,49
3,50
3,51
3,52
3,53
3,54
3,55
3,56
3,57
4,5
4,6
4,7
4,8
4,9
4,10
4,11
4,12
4,13
4,14
4,15
4,16
4,17
4,18
4,19
4,20
4,21
4,22
4,23
4,24
4,25
4,26
4,27
4,28
4,29
4,30
4,31
4,32
4,33
4,34
4,35
4,36
4,37
4,38
4,39
4,40
4,41
4,42
4,43
4,44
4,45
4,46
4,47
4,48
4,49
4,50
4,51
4,52
4,53
4,54
4,55
4,56
4,57
4,60
4,61
4,64
4,66
4,69
4,73
4,74
4,78
4,80
4,85
4,87
4,88
4,89
4,92
4,96
4,98
4,101
4,105
4,111
4,126
4,127
4,130
4,133
4,135
4,136
4,143
4,147
4,149
4,156
4,160
4,169
4,171
4,172
4,175
4,177
4,181
4,184
4,185
4,191
4,194
4,199
5,6
5,7
5,8
5,9
5,10
5,11
5,12
5,13
5,14
5,15
5,16
5,17
5,18
5,19
5,20
5,21
5,22
5,23
5,24
5,25
5,26
5,27
5,28
5,29
5,30
5,31
5,32
5,33
5,34
5,35
5,36
5,37
5,38
5,39
5,40
5,41
5,42
5,43
5,44
5,45
5,46
5,47
5,48
5,49
5,50
5,51
5,52
5,53
5,54
5,55
5,56
5,57
6,7
6,8
6,9
6,10
6,11
6,12
6,13
6,14
6,15
6,16
6,17
6,18
6,19
6,20
6,21
6,22
6,23
6,24
6,25
6,26
6,27
6,28
6,29
6,30
6,31
6,32
6,33
6,34
6,35
6,36
6,37
6,38
6,39
6,40
6,41
6,42
6,43
6,44
6,45
6,46
6,47
6,48
6,49
6,50
6,51
6,52
6,53
6,54
6,55
6,56
6,57
7,8
7,9
7,10
7,11
7,12
7,13
7,14
7,15
7,16
7,17
7,18
7,19
7,20
7,21
7,22
7,23
7,24
7,25
7,26
7,27
7,28
7,29
7,30
7,31
7,32
7,33
7,34
7,35
7,36
7,37
7,38
7,39
7,40
7,41
7,42
7,43
7,44
7,45
7,46
7,47
7,48
7,49
7,50
7,51
7,52
7,53
7,54
7,55
7,56
7,57
7,60
7,61
7,64
7,66
7,69
7,73
7,74
7,78
7,80
7,85
7,87
7,88
7,89
7,92
7,96
7,98
7,101
7,105
7,111
7,126
7,127
7,130
7,133
7,135
7,136
7,143
7,147
7,149
7,156
7,160
7,169
7,171
7,172
7,175
7,177
7,181
7,184
7,185
7,191
7,194
7,199
8,9
8,10
8,11
8,12
8,13
8,14
8,15
8,16
8,17
8,18
8,19
8,20
8,21
8,22
8,23
8,24
8,25
8,26
8,27
8,28
8,29
8,30
8,31
8,32
8,33
8,34
8,35
8,36
8,37
8,38
8,39
8,40
8,41
8,42
8,43
8,44
8,45
8,46
8,47
8,48
8,49
8,50
8,51
8,52
8,53
8,54
8,55
8,56
8,57
9,10
9,11
9,12
9,13
9,14
9,15
9,16
9,17
9,18
9,19
9,20
9,21
9,22
9,23
9,24
9,25
9,26
9,27
9,28
9,29
9,30
9,31
9,32
9,33
9,34
9,35
9,36
9,37
9,38
9,39
9,40
9,41
9,42
9,43
9,44
9,45
9,46
9,47
9,48
9,49
9,50
9,51
9,52
9,53
9,54
9,55
9,56
9,57
10,11
10,12
10,13
10,14
10,15
10,16
10,17
10,18
10,19
10,20
10,21
10,22
10,23
10,24
10,25
10,26
10,27
10,28
10,29
10,30
10,31
10,32
10,33
10,34
10,35
10,36
10,37
10,38
10,39
10,40
10,41
10,42
10,43
10,44
10,45
10,46
10,47
10,48
10,49
10,50
10,51
10,52
10,53
10,54
10,55
10,56
10,57
11,12
11,13
11,14
11,15
11,16
11,17
11,18
11,19
11,20
11,21
11,22
11,23
11,24
11,25
11,26
11,27
11,28
11,29
11,30
11,31
11,32
11,33
11,34
11,35
11,36
11,37
11,38
11,39
11,40
11,41
11,42
11,43
11,44
11,45
11,46
11,47
11,48
11,49
11,50
11,51
11,52
11,53
11,54
11,55
11,56
11,57
11,60
11,61
11,64
11,66
11,69
11,73
11,74
11,78
11,80
11,85
11,87
11,88
11,89
11,92
11,96
11,98
11,101
11,105
11,111
11,126
11,127
11,130
11,133
11,135
11,136
11,143
11,147
11,149
11,156
11,160
11,169
11,171
11,172
11,175
11,177
11,181
11,184
11,185
11,191
11,194
11,199
12,13
12,14
12,15
12,16
12,17
12,18
12,19
12,20
12,21
12,22
12,23
12,24
12,25
12,26
12,27
12,28
12,29
12,30
12,31
12,32
12,33
12,34
12,35
12,36
12,37
12,38
12,39
12,40
12,41
12,42
12,43
12,44
12,45
12,46
12,47
12,48
12,49
12,50
12,51
12,52
12,53
12,54
12,55
12,56
12,57
13,14
13,15
13,16
13,17
13,18
13,19
13,20
13,21
13,22
13,23
13,24
13,25
13,26
13,27
13,28
13,29
13,30
13,31
13,32
13,33
13,34
13,35
13,36
13,37
13,38
13,39
13,40
13,41
13,42
13,43
13,44
13,45
13,46
13,47
13,48
13,49
13,50
13,51
13,52
13,53
13,54
13,55
13,56
13,57
14,15
14,16
14,17
14,18
14,19
14,20
14,21
14,22
14,23
14,24
14,25
14,26
14,27
14,28
14,29
14,30
14,31
14,32
14,33
14,34
14,35
14,36
14,37
14,38
14,39
14,40
14,41
14,42
14,43
14,44
14,45
14,46
14,47
14,48
14,49
14,50
14,51
14,52
14,53
14,54
14,55
14,56
14,57
15,16
15,17
15,18
15,19
15,20
15,21
15,22
15,23
15,24
15,25
15,26
15,27
15,28
15,29
15,30
15,31
15,32
15,33
15,34
15,35
15,36
15,37
15,38
15,39
15,40
15,41
15,42
15,43
15,44
15,45
15,46
15,47
15,48
15,49
15,50
15,51
15,52
15,53
15,54
15,55
15,56
15,57
16,17
16,18
16,19
16,20
16,21
16,22
16,23
16,24
16,25
16,26
16,27
16,28
16,29
16,30
16,31
16,32
16,33
16,34
16,35
16,36
16,37
16,38
16,39
16,40
16,41
16,42
16,43
16,44
16,45
16,46
16,47
16,48
16,49
16,50
16,51
16,52
16,53
16,54
16,55
16,56
16,57
16,60
16,61
16,64
16,66
16,69
16,73
16,74
16,78
16,80
16,85
16,87
16,88
16,89
16,92
16,96
16,98
16,101
16,105
16,111
16,126
16,127
16,130
16,133
16,135
16,136
16,143
16,147
16,149
16,156
16,160
16,169
16,171
16,172
16,175
16,177
16,181
16,184
16,185
16,191
16,194
16,199
17,18
17,19
17,20
17,21
17,22
17,23
17,24
17,25
17,26
17,27
17,28
17,29
17,30
17,31
17,32
17,33
17,34
17,35
17,36
17,37
17,38
17,39
17,40
17,41
17,42
17,43
17,44
17,45
17,46
17,47
17,48
17,49
17,50
17,51
17,52
17,53
17,54
17,55
17,56
17,57
18,19
18,20
18,21
18,22
18,23
18,24
18,25
18,26
18,27
18,28
18,29
18,30
18,31
18,32
18,33
18,34
18,35
18,36
18,37
18,38
18,39
18,40
18,41
18,42
18,43
18,44
18,45
18,46
18,47
18,48
18,49
18,50
18,51
18,52
18,53
18,54
18,55
18,56
18,57
19,20
19,21
19,22
19,23
19,24
19,25
19,26
19,27
19,28
19,29
19,30
19,31
19,32
19,33
19,34
19,35
19,36
19,37
19,38
19,39
19,40
19,41
19,42
19,43
19,44
19,45
19,46
19,47
19,48
19,49
19,50
19,51
19,52
19,53
19,54
19,55
19,56
19,57
20,21
20,22
20,23
20,24
20,25
20,26
20,27
20,28
20,29
20,30
20,31
20,32
20,33
20,34
20,35
20,36
20,37
20,38
20,39
20,40
20,41
20,42
20,43
20,44
20,45
20,46
20,47
20,48
20,49
20,50
20,51
20,52
20,53
20,54
20,55
20,56
20,57
21,22
21,23
21,24
21,25
21,26
21,27
21,28
21,29
21,30
21,31
21,32
21,33
21,34
21,35
21,36
21,37
21,38
21,39
21,40
21,41
21,42
21,43
21,44
21,45
21,46
21,47
21,48
21,49
21,50
21,51
21,52
21,53
21,54
21,55
21,56
21,57
22,23
22,24
22,25
22,26
22,27
22,28
22,29
22,30
22,31
22,32
22,33
22,34
22,35
22,36
22,37
22,38
22,39
22,40
22,41
22,42
22,43
22,44
22,45
22,46
22,47
22,48
22,49
22,50
22,51
22,52
22,53
22,54
22,55
22,56
22,57
22,60
22,61
22,64
22,66
22,69
22,73
22,74
22,78
22,80
22,85
22,87
22,88
22,89
22,92
22,96
22,98
22,101
22,105
22,111
22,126
22,127
22,130
22,133
22,135
22,136
22,143
22,147
22,149
22,156
22,160
22,169
22,171
22,172
22,175
22,177
22,181
22,184
22,185
22,191
22,194
22,199
23,24
23,25
23,26
23,27
23,28
23,29
23,30
23,31
23,32
23,33
23,34
23,35
23,36
23,37
23,38
23,39
23,40
23,41
23,42
23,43
23,44
23,45
23,46
23,47
23,48
23,49
23,50
23,51
23,52
23,53
23,54
23,55
23,56
23,57
23,60
23,61
23,64
23,66
23,69
23,73
23,74
23,78
23,80
23,85
23,87
23,88
23,89
23,92
23,96
23,98
23,101
23,105
23,111
23,126
23,127
23,130
23,133
23,135
23,136
23,143
23,147
23,149
23,156
23,160
23,169
23,171
23,172
23,175
23,177
23,181
23,184
23,185
23,191
23,194
23,199
24,25
24,26
24,27
24,28
24,29
24,30
24,31
24,32
24,33
24,34
24,35
24,36
24,37
24,38
24,39
24,40
24,41
24,42
24,43
24,44
24,45
24,46
24,47
24,48
24,49
24,50
24,51
24,52
24,53
24,54
24,55
24,56
24,57
24,60
24,61
24,64
24,66
24,69
24,73
24,74
24,78
24,80
24,85
24,87
24,88
24,89
24,92
24,96
24,98
24,101
24,105
24,111
24,126
24,127
24,130
24,133
24,135
24,136
24,143
24,147
24,149
24,156
24,160
24,169
24,171
24,172
24,175
24,177
24,181
24,184
24,185
24,191
24,194
24,199
25,26
25,27
25,28
25,29
25,30
25,31
25,32
25,33
25,34
25,35
25,36
25,37
25,38
25,39
25,40
25,41
25,42
25,43
25,44
25,45
25,46
25,47
25,48
25,49
25,50
25,51
25,52
25,53
25,54
25,55
25,56
25,57
26,27
26,28
26,29
26,30
26,31
26,32
26,33
26,34
26,35
26,36
26,37
26,38
26,39
26,40
26,41
26,42
26,43
26,44
26,45
26,46
26,47
26,48
26,49
26,50
26,51
26,52
26,53
26,54
26,55
26,56
26,57
27,28
27,29
27,30
27,31
27,32
27,33
27,34
27,35
27,36
27,37
27,38
27,39
27,40
27,41
27,42
27,43
27,44
27,45
27,46
27,47
27,48
27,49
27,50
27,51
27,52
27,53
27,54
27,55
27,56
27,57
27,60
27,61
27,64
27,66
27,69
27,73
27,74
27,78
27,80
27,85
27,87
27,88
27,89
27,92
27,96
27,98
27,101
27,105
27,111
27,126
27,127
27,130
27,133
27,135
27,136
27,143
27,147
27,149
27,156
27,160
27,169
27,171
27,172
27,175
27,177
27,181
27,184
27,185
27,191
27,194
27,199
28,29
28,30
28,31
28,32
28,33
28,34
28,35
28,36
28,37
28,38
28,39
28,40
28,41
28,42
28,43
28,44
28,45
28,46
28,47
28,48
28,49
28,50
28,51
28,52
28,53
28,54
28,55
28,56
28,57
29,30
29,31
29,32
29,33
29,34
29,35
29,36
29,37
29,38
29,39
29,40
29,41
29,42
29,43
29,44
29,45
29,46
29,47
29,48
29,49
29,50
29,51
29,52
29,53
29,54
29,55
29,56
29,57
29,60
29,61
29,64
29,66
29,69
29,73
29,74
29,78
29,80
29,85
29,87
29,88
29,89
29,92
29,96
29,98
29,101
29,105
29,111
29,126
29,127
29,130
29,133
29,135
29,136
29,143
29,147
29,149
29,156
29,160
29,169
29,171
29,172
29,175
29,177
29,181
29,184
29,185
29,191
29,194
29,199
30,31
30,32
30,33
30,34
30,35
30,36
30,37
30,38
30,39
30,40
30,41
30,42
30,43
30,44
30,45
30,46
30,47
30,48
30,49
30,50
30,51
30,52
30,53
30,54
30,55
30,56
30,57
31,32
31,33
31,34
31,35
31,36
31,37
31,38
31,39
31,40
31,41
31,42
31,43
31,44
31,45
31,46
31,47
31,48
31,49
31,50
31,51
31,52
31,53
31,54
31,55
31,56
31,57
32,33
32,34
32,35
32,36
32,37
32,38
32,39
32,40
32,41
32,42
32,43
32,44
32,45
32,46
32,47
32,48
32,49
32,50
32,51
32,52
32,53
32,54
32,55
32,56
32,57
33,34
33,35
33,36
33,37
33,38
33,39
33,40
33,41
33,42
33,43
33,44
33,45
33,46
33,47
33,48
33,49
33,50
33,51
33,52
33,53
33,54
33,55
33,56
33,57
33,60
33,61
33,64
33,66
33,69
33,73
33,74
33,78
33,80
33,85
33,87
33,88
33,89
33,92
33,96
33,98
33,101
33,105
33,111
33,126
33,127
33,130
33,133
33,135
33,136
33,143
33,147
33,149
33,156
33,160
33,169
33,171
33,172
33,175
33,177
33,181
33,184
33,185
33,191
33,194
33,199
34,35
34,36
34,37
34,38
34,39
34,40
34,41
34,42
34,43
34,44
34,45
34,46
34,47
34,48
34,49
34,50
34,51
34,52
34,53
34,54
34,55
34,56
34,57
34,60
34,61
34,64
34,66
34,69
34,73
34,74
34,78
34,80
34,85
34,87
34,88
34,89
34,92
34,96
34,98
34,101
34,105
34,111
34,126
34,127
34,130
34,133
34,135
34,136
34,143
34,147
34,149
34,156
34,160
34,169
34,171
34,172
34,175
34,177
34,181
34,184
34,185
34,191
34,194
34,199
35,36
35,37
35,38
35,39
35,40
35,41
35,42
35,43
35,44
35,45
35,46
35,47
35,48
35,49
35,50
35,51
35,52
35,53
35,54
35,55
35,56
35,57
36,37
36,38
36,39
36,40
36,41
36,42
36,43
36,44
36,45
36,46
36,47
36,48
36,49
36,50
36,51
36,52
36,53
36,54
36,55
36,56
36,57
36,60
36,61
36,64
36,66
36,69
36,73
36,74
36,78
36,80
36,85
36,87
36,88
36,89
36,92
36,96
36,98
36,101
36,105
36,111
36,126
36,127
36,130
36,133
36,135
36,136
36,143
36,147
36,149
36,156
36,160
36,169
36,171
36,172
36,175
36,177
36,181
36,184
36,185
36,191
36,194
36,199
37,38
37,39
37,40
37,41
37,42
37,43
37,44
37,45
37,46
37,47
37,48
37,49
37,50
37,51
37,52
37,53
37,54
37,55
37,56
37,57
37,60
37,61
37,64
37,66
37,69
37,73
37,74
37,78
37,80
37,85
37,87
37,88
37,89
37,92
37,96
37,98
37,101
37,105
37,111
37,126
37,127
37,130
37,133
37,135
37,136
37,143
37,147
37,149
37,156
37,160
37,169
37,171
37,172
37,175
37,177
37,181
37,184
37,185
37,191
37,194
37,199
38,39
38,40
38,41
38,42
38,43
38,44
38,45
38,46
38,47
38,48
38,49
38,50
38,51
38,52
38,53
38,54
38,55
38,56
38,57
39,40
39,41
39,42
39,43
39,44
39,45
39,46
39,47
39,48
39,49
39,50
39,51
39,52
39,53
39,54
39,55
39,56
39,57
39,60
39,61
39,64
39,66
39,69
39,73
39,74
39,78
39,80
39,85
39,87
39,88
39,89
39,92
39,96
39,98
39,101
39,105
39,111
39,126
39,127
39,130
39,133
39,135
39,136
39,143
39,147
39,149
39,156
39,160
39,169
39,171
39,172
39,175
39,177
39,181
39,184
39,185
39,191
39,194
39,199
40,41
40,42
40,43
40,44
40,45
40,46
40,47
40,48
40,49
40,50
40,51
40,52
40,53
40,54
40,55
40,56
40,57
41,42
41,43
41,44
41,45
41,46
41,47
41,48
41,49
41,50
41,51
41,52
41,53
41,54
41,55
41,56
41,57
42,43
42,44
42,45
42,46
42,47
42,48
42,49
42,50
42,51
42,52
42,53
42,54
42,55
42,56
42,57
43,44
43,45
43,46
43,47
43,48
43,49
43,50
43,51
43,52
43,53
43,54
43,55
43,56
43,57
44,45
44,46
44,47
44,48
44,49
44,50
44,51
44,52
44,53
44,54
44,55
44,56
44,57
44,60
44,61
44,64
44,66
44,69
44,73
44,74
44,78
44,80
44,85
44,87
44,88
44,89
44,92
44,96
44,98
44,101
44,105
44,111
44,126
44,127
44,130
44,133
44,135
44,136
44,143
44,147
44,149
44,156
44,160
44,169
44,171
44,172
44,175
44,177
44,181
44,184
44,185
44,191
44,194
44,199
45,46
45,47
45,48
45,49
45,50
45,51
45,52
45,53
45,54
45,55
45,56
45,57
46,47
46,48
46,49
46,50
46,51
46,52
46,53
46,54
46,55
46,56
46,57
47,48
47,49
47,50
47,51
47,52
47,53
47,54
47,55
47,56
47,57
48,49
48,50
48,51
48,52
48,53
48,54
48,55
48,56
48,57
49,50
49,51
49,52
49,53
49,54
49,55
49,56
49,57
50,51
50,52
50,53
50,54
50,55
50,56
50,57
51,52
51,53
51,54
51,55
51,56
51,57
52,53
52,54
52,55
52,56
52,57
52,60
52,61
52,64
52,66
52,69
52,73
52,74
52,78
52,80
52,85
52,87
52,88
52,89
52,92
52,96
52,98
52,101
52,105
52,111
52,126
52,127
52,130
52,133
52,135
52,136
52,143
52,147
52,149
52,156
52,160
52,169
52,171
52,172
52,175
52,177
52,181
52,184
52,185
52,191
52,194
52,199
53,54
53,55
53,56
53,57
54,55
54,56
54,57
55,56
55,57
56,57
57,60
57,61
57,64
57,66
57,69
57,73
57,74
57,78
57,80
57,85
57,87
57,88
57,89
57,92
57,96
57,98
57,101
57,105
57,111
57,126
57,127
57,130
57,133
57,135
57,136
57,143
57,147
57,149
57,156
57,160
57,169
57,171
57,172
57,175
57,177
57,181
57,184
57,185
57,191
57,194
57,199
60,61
60,64
60,66
60,69
60,73
60,74
60,78
60,80
60,85
60,87
60,88
60,89
60,92
60,96
60,98
60,101
60,105
60,111
60,126
60,127
60,130
60,133
60,135
60,136
60,143
60,147
60,149
60,156
60,160
60,169
60,171
60,172
60,175
60,177
60,181
60,184
60,185
60,191
60,194
60,199
61,64
61,66
61,69
61,73
61,74
61,78
61,80
61,85
61,87
61,88
61,89
61,92
61,96
61,98
61,101
61,105
61,111
61,126
61,127
61,130
61,133
61,135
61,136
61,143
61,147
61,149
61,156
61,160
61,169
61,171
61,172
61,175
61,177
61,181
61,184
61,185
61,191
61,194
61,199
64,66
64,69
64,73
64,74
64,78
64,80
64,85
64,87
64,88
64,89
64,92
64,96
64,98
64,101
64,105
64,111
64,126
64,127
64,130
64,133
64,135
64,136
64,143
64,147
64,149
64,156
64,160
64,169
64,171
64,172
64,175
64,177
64,181
64,184
64,185
64,191
64,194
64,199
66,69
66,73
66,74
66,78
66,80
66,85
66,87
66,88
66,89
66,92
66,96
66,98
66,101
66,105
66,111
66,126
66,127
66,130
66,133
66,135
66,136
66,143
66,147
66,149
66,156
66,160
66,169
66,171
66,172
66,175
66,177
66,181
66,184
66,185
66,191
66,194
66,199
69,73
69,74
69,78
69,80
69,85
69,87
69,88
69,89
69,92
69,96
69,98
69,101
69,105
69,111
69,126
69,127
69,130
69,133
69,135
69,136
69,143
69,147
69,149
69,156
69,160
69,169
69,171
69,172
69,175
69,177
69,181
69,184
69,185
69,191
69,194
69,199
73,74
73,78
73,80
73,85
73,87
73,88
73,89
73,92
73,96
73,98
73,101
73,105
73,111
73,126
73,127
73,130
73,133
73,135
73,136
73,143
73,147
73,149
73,156
73,160
73,169
73,171
73,172
73,175
73,177
73,181
73,184
73,185
73,191
73,194
73,199
74,78
74,80
74,85
74,87
74,88
74,89
74,92
74,96
74,98
74,101
74,105
74,111
74,126
74,127
74,130
74,133
74,135
74,136
74,143
74,147
74,149
74,156
74,160
74,169
74,171
74,172
74,175
74,177
74,181
74,184
74,185
74,191
74,194
74,199
78,80
78,85
78,87
78,88
78,89
78,92
78,96
78,98
78,101
78,105
78,111
78,126
78,127
78,130
78,133
78,135
78,136
78,143
78,147
78,149
78,156
78,160
78,169
78,171
78,172
78,175
78,177
78,181
78,184
78,185
78,191
78,194
78,199
80,85
80,87
80,88
80,89
80,92
80,96
80,98
80,101
80,105
80,111
80,126
80,127
80,130
80,133
80,135
80,136
80,143
80,147
80,149
80,156
80,160
80,169
80,171
80,172
80,175
80,177
80,181
80,184
80,185
80,191
80,194
80,199
85,87
85,88
85,89
85,92
85,96
85,98
85,101
85,105
85,111
85,126
85,127
85,130
85,133
85,135
85,136
85,143
85,147
85,149
85,156
85,160
85,169
85,171
85,172
85,175
85,177
85,181
85,184
85,185
85,191
85,194
85,199
87,88
87,89
87,92
87,96
87,98
87,101
87,105
87,111
87,126
87,127
87,130
87,133
87,135
87,136
87,143
87,147
87,149
87,156
87,160
87,169
87,171
87,172
87,175
87,177
87,181
87,184
87,185
87,191
87,194
87,199
88,89
88,92
88,96
88,98
88,101
88,105
88,111
88,126
88,127
88,130
88,133
88,135
88,136
88,143
88,147
88,149
88,156
88,160
88,169
88,171
88,172
88,175
88,177
88,181
88,184
88,185
88,191
88,194
88,199
89,92
89,96
89,98
89,101
89,105
89,111
89,126
89,127
89,130
89,133
89,135
89,136
89,143
89,147
89,149
89,156
89,160
89,169
89,171
89,172
89,175
89,177
89,181
89,184
89,185
89,191
89,194
89,199
92,96
92,98
92,101
92,105
92,111
92,126
92,127
92,130
92,133
92,135
92,136
92,143
92,147
92,149
92,156
92,160
92,169
92,171
92,172
92,175
92,177
92,181
92,184
92,185
92,191
92,194
92,199
96,98
96,101
96,105
96,111
96,126
96,127
96,130
96,133
96,135
96,136
96,143
96,147
96,149
96,156
96,160
96,169
96,171
96,172
96,175
96,177
96,181
96,184
96,185
96,191
96,194
96,199
98,101
98,105
98,111
98,126
98,127
98,130
98,133
98,135
98,136
98,143
98,147
98,149
98,156
98,160
98,169
98,171
98,172
98,175
98,177
98,181
98,184
98,185
98,191
98,194
98,199
101,105
101,111
101,126
101,127
101,130
101,133
101,135
101,136
101,143
101,147
101,149
101,156
101,160
101,169
101,171
101,172
101,175
101,177
101,181
101,184
101,185
101,191
101,194
101,199
105,111
105,126
105,127
105,130
105,133
105,135
105,136
105,143
105,147
105,149
105,156
105,160
105,169
105,171
105,172
105,175
105,177
105,181
105,184
105,185
105,191
105,194
105,199
111,126
111,127
111,130
111,133
111,135
111,136
111,143
111,147
111,149
111,156
111,160
111,169
111,171
111,172
111,175
111,177
111,181
111,184
111,185
111,191
111,194
111,199
126,127
126,130
126,133
126,135
126,136
126,143
126,147
126,149
126,156
126,160
126,169
126,171
126,172
126,175
126,177
126,181
126,184
126,185
126,191
126,194
126,199
127,130
127,133
127,135
127,136
127,143
127,147
127,149
127,156
127,160
127,169
127,171
127,172
127,175
127,177
127,181
127,184
127,185
127,191
127,194
127,199
130,133
130,135
130,136
130,143
130,147
130,149
130,156
130,160
130,169
130,171
130,172
130,175
130,177
130,181
130,184
130,185
130,191
130,194
130,199
133,135
133,136
133,143
133,147
133,149
133,156
133,160
133,169
133,171
133,172
133,175
133,177
133,181
133,184
133,185
133,191
133,194
133,199
135,136
135,143
135,147
135,149
135,156
135,160
135,169
135,171
135,172
135,175
135,177
135,181
135,184
135,185
135,191
135,194
135,199
136,143
136,147
136,149
136,156
136,160
136,169
136,171
136,172
136,175
136,177
136,181
136,184
136,185
136,191
136,194
136,199
143,147
143,149
143,156
143,160
143,169
143,171
143,172
143,175
143,177
143,181
143,184
143,185
143,191
143,194
143,199
147,149
147,156
147,160
147,169
147,171
147,172
147,175
147,177
147,181
147,184
147,185
147,191
147,194
147,199
149,156
149,160
149,169
149,171
149,172
149,175
149,177
149,181
149,184
149,185
149,191
149,194
149,199
156,160
156,169
156,171
156,172
156,175
156,177
156,181
156,184
156,185
156,191
156,194
156,199
160,169
160,171
160,172
160,175
160,177
160,181
160,184
160,185
160,191
160,194
160,199
169,171
169,172
169,175
169,177
169,181
169,184
169,185
169,191
169,194
169,199
171,172
171,175
171,177
171,181
171,184
171,185
171,191
171,194
171,199
172,175
172,177
172,181
172,184
172,185
172,191
172,194
172,199
175,177
175,181
175,184
175,185
175,191
175,194
175,199
177,181
177,184
177,185
177,191
177,194
177,199
181,184
181,185
181,191
181,194
181,199
184,185
184,191
184,194
184,199
185,191
185,194
185,199
187,193
187,196
187,197
187,198
188,189
188,190
188,191
188,192
188,193
188,194
188,197
188,198
189,190
189,194
189,196
190,192
190,196
190,198
191,194
191,196
191,199
192,193
192,195
192,196
192,197
192,198
193,198
194,195
194,197
194,198
194,199
196,197
197,198
