0,1
0,2
0,3
0,4
0,5
0,6
0,7
0,8
0,9
0,10
0,11
0,12
0,13
0,14
0,15
0,16
0,17
0,18
0,19
0,20
0,21
0,22
0,23
0,24
0,25
0,26
0,27
0,28
0,29
0,30
0,31
0,32
0,33
0,34
0,35
0,36
0,37
0,38
0,39
0,40
0,41
0,42
0,43
0,44
0,45
0,46
0,47
0,48
0,49
0,50
0,51
0,52
0,53
0,54
0,55
0,56
0,57
0,58
0,59
0,60
0,61
0,62
0,63
0,64
0,65
0,66
0,67
0,68
0,69
0,70
0,71
0,72
0,73
0,74
0,75
0,77
0,80
0,88
0,89
0,91
0,92
0,93
0,96
0,98
0,100
0,101
0,105
0,111
0,114
0,116
0,118
0,119
0,123
0,126
0,132
0,134
0,136
0,137
0,138
0,142
0,147
0,149
0,150
0,151
0,152
0,153
0,154
0,155
0,156
0,157
0,159
0,161
0,162
0,163
0,164
0,165
0,166
0,167
0,170
0,172
0,176
0,178
0,179
0,181
0,182
0,183
0,184
0,185
0,186
0,188
0,189
0,190
0,191
0,192
0,193
0,194
0,195
0,196
0,197
0,198
0,199
1,2
1,3
1,4
1,5
1,6
1,7
1,8
1,9
1,10
1,11
1,12
1,13
1,14
1,15
1,16
1,17
1,18
1,19
1,20
1,21
1,22
1,23
1,24
1,25
1,26
1,27
1,28
1,29
1,30
1,31
1,32
1,33
1,34
1,35
1,36
1,37
1,38
1,39
1,40
1,41
1,42
1,43
1,44
1,45
1,46
1,47
1,48
1,49
1,50
1,51
1,52
1,53
1,54
1,55
1,56
1,57
1,58
1,59
1,60
1,61
1,62
1,63
1,64
1,65
1,66
1,67
1,68
1,69
1,70
1,71
1,72
1,73
1,74
1,75
1,77
1,80
1,88
1,89
1,91
1,92
1,93
1,96
1,98
1,100
1,101
1,105
1,111
1,114
1,116
1,118
1,119
1,123
1,126
1,132
1,134
1,136
1,137
1,138
1,142
1,149
1,152
1,153
1,154
1,156
1,159
1,162
1,165
1,166
1,170
1,172
1,176
1,179
1,182
1,185
1,188
1,190
1,194
1,196
1,197
1,198
2,3
2,4
2,5
2,6
2,7
2,8
2,9
2,10
2,11
2,12
2,13
2,14
2,15
2,16
2,17
2,18
2,19
2,20
2,21
2,22
2,23
2,24
2,25
2,26
2,27
2,28
2,29
2,30
2,31
2,32
2,33
2,34
2,35
2,36
2,37
2,38
2,39
2,40
2,41
2,42
2,43
2,44
2,45
2,46
2,47
2,48
2,49
2,50
2,51
2,52
2,53
2,54
2,55
2,56
2,57
2,58
2,59
2,60
2,61
2,62
2,63
2,64
2,65
2,66
2,67
2,68
2,69
2,70
2,71
2,72
2,73
2,74
2,75
2,77
2,80
2,88
2,89
2,91
2,92
2,93
2,96
2,98
2,100
2,101
2,105
2,111
2,114
2,116
2,118
2,119
2,123
2,126
2,132
2,134
2,136
2,137
2,138
2,142
2,149
2,152
2,153
2,154
2,156
2,159
2,162
2,165
2,166
2,170
2,172
2,176
2,179
2,182
2,185
2,188
2,190
2,194
2,196
2,197
2,198
3,4
3,5
3,6
3,7
3,8
3,9
3,10
3,11
3,12
3,13
3,14
3,15
3,16
3,17
3,18
3,19
3,20
3,21
3,22
3,23
3,24
3,25
3,26
3,27
3,28
3,29
3,30
3,31
3,32
3,33
3,34
3,35
3,36
3,37
3,38
3,39
3,40
3,41
3,42
3,43
3,44
3,45
3,46
3,47
3,48
3,49
3,50
3,51
3,52
3,53
3,54
3,55
3,56
3,57
3,58
3,59
3,60
3,61
3,62
3,63
3,64
3,65
3,66
3,67
3,68
3,69
3,70
3,71
3,72
3,73
3,74
3,75
3,77
3,80
3,88
3,89
3,91
3,92
3,93
3,96
3,98
3,100
3,101
3,105
3,110
3,111
3,114
3,116
3,118
3,119
3,123
3,126
3,132
3,134
3,136
3,137
3,138
3,142
3,147
3,149
3,151
3,152
3,153
3,154
3,156
3,159
3,160
3,161
3,162
3,165
3,166
3,168
3,170
3,172
3,173
3,174
3,175
3,176
3,177
3,178
3,179
3,182
3,185
3,187
3,188
3,189
3,190
3,191
3,194
3,196
3,197
3,198
4,5
4,6
4,7
4,8
4,9
4,10
4,11
4,12
4,13
4,14
4,15
4,16
4,17
4,18
4,19
4,20
4,21
4,22
4,23
4,24
4,25
4,26
4,27
4,28
4,29
4,30
4,31
4,32
4,33
4,34
4,35
4,36
4,37
4,38
4,39
4,40
4,41
4,42
4,43
4,44
4,45
4,46
4,47
4,48
4,49
4,50
4,51
4,52
4,53
4,54
4,55
4,56
4,57
4,58
4,59
4,60
4,61
4,62
4,63
4,64
4,65
4,66
4,67
4,68
4,69
4,70
4,71
4,72
4,73
5,6
5,7
5,8
5,9
5,10
5,11
5,12
5,13
5,14
5,15
5,16
5,17
5,18
5,19
5,20
5,21
5,22
5,23
5,24
5,25
5,26
5,27
5,28
5,29
5,30
5,31
5,32
5,33
5,34
5,35
5,36
5,37
5,38
5,39
5,40
5,41
5,42
5,43
5,44
5,45
5,46
5,47
5,48
5,49
5,50
5,51
5,52
5,53
5,54
5,55
5,56
5,57
5,58
5,59
5,60
5,61
5,62
5,63
5,64
5,65
5,66
5,67
5,68
5,69
5,70
5,71
5,72
5,73
6,7
6,8
6,9
6,10
6,11
6,12
6,13
6,14
6,15
6,16
6,17
6,18
6,19
6,20
6,21
6,22
6,23
6,24
6,25
6,26
6,27
6,28
6,29
6,30
6,31
6,32
6,33
6,34
6,35
6,36
6,37
6,38
6,39
6,40
6,41
6,42
6,43
6,44
6,45
6,46
6,47
6,48
6,49
6,50
6,51
6,52
6,53
6,54
6,55
6,56
6,57
6,58
6,59
6,60
6,61
6,62
6,63
6,64
6,65
6,66
6,67
6,68
6,69
6,70
6,71
6,72
6,73
7,8
7,9
7,10
7,11
7,12
7,13
7,14
7,15
7,16
7,17
7,18
7,19
7,20
7,21
7,22
7,23
7,24
7,25
7,26
7,27
7,28
7,29
7,30
7,31
7,32
7,33
7,34
7,35
7,36
7,37
7,38
7,39
7,40
7,41
7,42
7,43
7,44
7,45
7,46
7,47
7,48
7,49
7,50
7,51
7,52
7,53
7,54
7,55
7,56
7,57
7,58
7,59
7,60
7,61
7,62
7,63
7,64
7,65
7,66
7,67
7,68
7,69
7,70
7,71
7,72
7,73
8,9
8,10
8,11
8,12
8,13
8,14
8,15
8,16
8,17
8,18
8,19
8,20
8,21
8,22
8,23
8,24
8,25
8,26
8,27
8,28
8,29
8,30
8,31
8,32
8,33
8,34
8,35
8,36
8,37
8,38
8,39
8,40
8,41
8,42
8,43
8,44
8,45
8,46
8,47
8,48
8,49
8,50
8,51
8,52
8,53
8,54
8,55
8,56
8,57
8,58
8,59
8,60
8,61
8,62
8,63
8,64
8,65
8,66
8,67
8,68
8,69
8,70
8,71
8,72
8,73
9,10
9,11
9,12
9,13
9,14
9,15
9,16
9,17
9,18
9,19
9,20
9,21
9,22
9,23
9,24
9,25
9,26
9,27
9,28
9,29
9,30
9,31
9,32
9,33
9,34
9,35
9,36
9,37
9,38
9,39
9,40
9,41
9,42
9,43
9,44
9,45
9,46
9,47
9,48
9,49
9,50
9,51
9,52
9,53
9,54
9,55
9,56
9,57
9,58
9,59
9,60
9,61
9,62
9,63
9,64
9,65
9,66
9,67
9,68
9,69
9,70
9,71
9,72
9,73
9,74
9,75
9,77
9,80
9,88
9,89
9,91
9,92
9,93
9,96
9,98
9,100
9,101
9,105
9,111
9,114
9,116
9,118
9,119
9,123
9,126
9,132
9,134
9,136
9,137
9,138
9,142
9,149
9,152
9,153
9,154
9,156
9,159
9,162
9,165
9,166
9,170
9,172
9,176
9,179
9,182
9,185
9,188
9,190
9,194
9,196
9,197
9,198
10,11
10,12
10,13
10,14
10,15
10,16
10,17
10,18
10,19
10,20
10,21
10,22
10,23
10,24
10,25
10,26
10,27
10,28
10,29
10,30
10,31
10,32
10,33
10,34
10,35
10,36
10,37
10,38
10,39
10,40
10,41
10,42
10,43
10,44
10,45
10,46
10,47
10,48
10,49
10,50
10,51
10,52
10,53
10,54
10,55
10,56
10,57
10,58
10,59
10,60
10,61
10,62
10,63
10,64
10,65
10,66
10,67
10,68
10,69
10,70
10,71
10,72
10,73
10,74
10,75
10,77
10,80
10,88
10,89
10,91
10,92
10,93
10,96
10,98
10,100
10,101
10,105
10,111
10,114
10,116
10,118
10,119
10,123
10,126
10,132
10,134
10,136
10,137
10,138
10,142
10,149
10,152
10,153
10,154
10,156
10,159
10,162
10,165
10,166
10,170
10,172
10,176
10,179
10,182
10,185
10,188
10,190
10,194
10,196
10,197
10,198
11,12
11,13
11,14
11,15
11,16
11,17
11,18
11,19
11,20
11,21
11,22
11,23
11,24
11,25
11,26
11,27
11,28
11,29
11,30
11,31
11,32
11,33
11,34
11,35
11,36
11,37
11,38
11,39
11,40
11,41
11,42
11,43
11,44
11,45
11,46
11,47
11,48
11,49
11,50
11,51
11,52
11,53
11,54
11,55
11,56
11,57
11,58
11,59
11,60
11,61
11,62
11,63
11,64
11,65
11,66
11,67
11,68
11,69
11,70
11,71
11,72
11,73
11,105
11,107
11,109
11,112
11,115
11,125
11,129
11,136
11,137
11,145
11,146
11,147
11,150
11,151
11,154
11,158
11,159
11,161
11,163
11,164
11,167
11,168
11,169
11,170
11,173
11,175
11,177
11,178
11,181
11,182
11,183
11,184
11,185
11,186
11,189
11,191
11,192
11,194
11,195
12,13
12,14
12,15
12,16
12,17
12,18
12,19
12,20
12,21
12,22
12,23
12,24
12,25
12,26
12,27
12,28
12,29
12,30
12,31
12,32
12,33
12,34
12,35
12,36
12,37
12,38
12,39
12,40
12,41
12,42
12,43
12,44
12,45
12,46
12,47
12,48
12,49
12,50
12,51
12,52
12,53
12,54
12,55
12,56
12,57
12,58
12,59
12,60
12,61
12,62
12,63
12,64
12,65
12,66
12,67
12,68
12,69
12,70
12,71
12,72
12,73
12,90
12,92
12,94
12,99
12,101
12,102
12,104
12,105
12,107
12,109
12,110
12,112
12,115
12,116
12,118
12,122
12,125
12,129
12,130
12,133
12,135
12,137
12,140
12,141
12,143
12,146
12,147
12,149
12,150
13,14
13,15
13,16
13,17
13,18
13,19
13,20
13,21
13,22
13,23
13,24
13,25
13,26
13,27
13,28
13,29
13,30
13,31
13,32
13,33
13,34
13,35
13,36
13,37
13,38
13,39
13,40
13,41
13,42
13,43
13,44
13,45
13,46
13,47
13,48
13,49
13,50
13,51
13,52
13,53
13,54
13,55
13,56
13,57
13,58
13,59
13,60
13,61
13,62
13,63
13,64
13,65
13,66
13,67
13,68
13,69
13,70
13,71
13,72
13,73
13,74
13,75
13,77
13,80
13,88
13,89
13,91
13,92
13,93
13,96
13,98
13,100
13,101
13,105
13,106
13,107
13,109
13,110
13,111
13,114
13,115
13,116
13,118
13,119
13,121
13,122
13,123
13,126
13,132
13,134
13,136
13,137
13,138
13,142
13,149
13,152
13,153
13,154
13,156
13,159
13,162
13,165
13,166
13,170
13,172
13,176
13,179
13,182
13,185
13,188
13,190
13,194
13,196
13,197
13,198
14,15
14,16
14,17
14,18
14,19
14,20
14,21
14,22
14,23
14,24
14,25
14,26
14,27
14,28
14,29
14,30
14,31
14,32
14,33
14,34
14,35
14,36
14,37
14,38
14,39
14,40
14,41
14,42
14,43
14,44
14,45
14,46
14,47
14,48
14,49
14,50
14,51
14,52
14,53
14,54
14,55
14,56
14,57
14,58
14,59
14,60
14,61
14,62
14,63
14,64
14,65
14,66
14,67
14,68
14,69
14,70
14,71
14,72
14,73
14,94
14,96
14,97
14,99
14,101
14,102
14,104
14,105
14,106
14,107
14,115
14,121
14,122
14,125
14,128
14,129
14,130
14,135
14,136
14,141
14,143
14,145
14,146
14,148
14,149
14,150
14,151
14,154
14,155
14,157
14,158
14,159
14,162
14,169
14,170
14,173
14,177
14,178
14,182
14,183
14,184
15,16
15,17
15,18
15,19
15,20
15,21
15,22
15,23
15,24
15,25
15,26
15,27
15,28
15,29
15,30
15,31
15,32
15,33
15,34
15,35
15,36
15,37
15,38
15,39
15,40
15,41
15,42
15,43
15,44
15,45
15,46
15,47
15,48
15,49
15,50
15,51
15,52
15,53
15,54
15,55
15,56
15,57
15,58
15,59
15,60
15,61
15,62
15,63
15,64
15,65
15,66
15,67
15,68
15,69
15,70
15,71
15,72
15,73
15,90
15,94
15,95
15,96
15,99
15,101
15,102
15,104
15,105
15,107
15,109
15,110
15,113
15,115
15,116
15,121
15,122
15,124
15,125
15,127
15,128
15,130
15,132
15,140
15,141
15,143
15,144
15,145
15,146
15,147
15,149
15,150
15,151
15,152
15,154
15,155
15,157
15,158
15,159
15,162
15,173
15,177
15,178
15,179
15,180
15,181
15,185
15,186
15,187
15,190
15,192
15,194
15,195
16,17
16,18
16,19
16,20
16,21
16,22
16,23
16,24
16,25
16,26
16,27
16,28
16,29
16,30
16,31
16,32
16,33
16,34
16,35
16,36
16,37
16,38
16,39
16,40
16,41
16,42
16,43
16,44
16,45
16,46
16,47
16,48
16,49
16,50
16,51
16,52
16,53
16,54
16,55
16,56
16,57
16,58
16,59
16,60
16,61
16,62
16,63
16,64
16,65
16,66
16,67
16,68
16,69
16,70
16,71
16,72
16,73
16,93
16,96
16,97
17,18
17,19
17,20
17,21
17,22
17,23
17,24
17,25
17,26
17,27
17,28
17,29
17,30
17,31
17,32
17,33
17,34
17,35
17,36
17,37
17,38
17,39
17,40
17,41
17,42
17,43
17,44
17,45
17,46
17,47
17,48
17,49
17,50
17,51
17,52
17,53
17,54
17,55
17,56
17,57
17,58
17,59
17,60
17,61
17,62
17,63
17,64
17,65
17,66
17,67
17,68
17,69
17,70
17,71
17,72
17,73
17,90
17,92
17,93
17,94
17,95
17,96
17,97
17,99
18,19
18,20
18,21
18,22
18,23
18,24
18,25
18,26
18,27
18,28
18,29
18,30
18,31
18,32
18,33
18,34
18,35
18,36
18,37
18,38
18,39
18,40
18,41
18,42
18,43
18,44
18,45
18,46
18,47
18,48
18,49
18,50
18,51
18,52
18,53
18,54
18,55
18,56
18,57
18,58
18,59
18,60
18,61
18,62
18,63
18,64
18,65
18,66
18,67
18,68
18,69
18,70
18,71
18,72
18,73
18,74
18,75
18,77
18,80
18,88
18,89
18,90
18,91
18,92
18,93
18,94
18,95
18,96
18,97
18,98
18,99
18,100
18,101
18,102
18,103
18,104
18,105
18,107
18,111
18,113
18,114
18,115
18,116
18,118
18,119
18,120
18,123
18,125
18,126
18,127
18,128
18,129
18,132
18,133
18,134
18,136
18,137
18,138
18,140
18,142
18,149
18,152
18,153
18,154
18,156
18,159
18,162
18,165
18,166
18,170
18,172
18,176
18,179
18,182
18,185
18,188
18,190
18,194
18,196
18,197
18,198
19,20
19,21
19,22
19,23
19,24
19,25
19,26
19,27
19,28
19,29
19,30
19,31
19,32
19,33
19,34
19,35
19,36
19,37
19,38
19,39
19,40
19,41
19,42
19,43
19,44
19,45
19,46
19,47
19,48
19,49
19,50
19,51
19,52
19,53
19,54
19,55
19,56
19,57
19,58
19,59
19,60
19,61
19,62
19,63
19,64
19,65
19,66
19,67
19,68
19,69
19,70
19,71
19,72
19,73
19,90
19,92
19,93
19,94
19,95
19,96
19,97
19,100
19,101
19,102
19,103
19,104
19,105
19,106
19,109
19,110
19,113
19,115
19,117
19,118
19,120
19,121
19,122
19,124
19,125
19,126
19,127
19,128
19,129
19,131
19,135
19,136
19,139
19,140
19,141
19,143
19,144
19,149
19,151
19,152
19,157
19,161
19,162
19,164
19,165
19,169
19,170
19,172
19,173
19,174
19,177
19,179
19,180
19,181
19,184
19,185
19,186
19,188
19,191
19,192
19,193
19,195
19,198
19,199
20,21
20,22
20,23
20,24
20,25
20,26
20,27
20,28
20,29
20,30
20,31
20,32
20,33
20,34
20,35
20,36
20,37
20,38
20,39
20,40
20,41
20,42
20,43
20,44
20,45
20,46
20,47
20,48
20,49
20,50
20,51
20,52
20,53
20,54
20,55
20,56
20,57
20,58
20,59
20,60
20,61
20,62
20,63
20,64
20,65
20,66
20,67
20,68
20,69
20,70
20,71
20,72
20,73
20,87
20,89
20,90
20,92
20,93
20,95
20,97
20,99
20,100
20,101
20,102
20,103
20,104
20,105
20,106
20,107
20,108
20,109
20,110
20,112
20,113
20,115
20,118
20,120
20,121
20,122
20,124
20,125
20,128
21,22
21,23
21,24
21,25
21,26
21,27
21,28
21,29
21,30
21,31
21,32
21,33
21,34
21,35
21,36
21,37
21,38
21,39
21,40
21,41
21,42
21,43
21,44
21,45
21,46
21,47
21,48
21,49
21,50
21,51
21,52
21,53
21,54
21,55
21,56
21,57
21,58
21,59
21,60
21,61
21,62
21,63
21,64
21,65
21,66
21,67
21,68
21,69
21,70
21,71
21,72
21,73
21,74
21,75
21,77
21,80
21,88
21,89
21,90
21,91
21,92
21,93
21,95
21,96
21,97
21,98
21,99
21,100
21,101
21,102
21,103
21,105
21,106
21,107
21,109
21,111
21,112
21,114
21,115
21,116
21,117
21,118
21,119
21,120
21,122
21,123
21,124
21,125
21,126
21,127
21,128
21,129
21,132
21,133
21,134
21,135
21,136
21,137
21,138
21,139
21,140
21,142
21,143
21,144
21,148
21,149
21,150
21,151
21,152
21,153
21,154
21,156
21,159
21,161
21,162
21,163
21,164
21,165
21,166
21,168
21,169
21,170
21,171
21,172
21,173
21,175
21,176
21,178
21,179
21,180
21,181
21,182
21,183
21,184
21,185
21,186
21,187
21,188
21,190
21,192
21,193
21,194
21,195
21,196
21,197
21,198
22,23
22,24
22,25
22,26
22,27
22,28
22,29
22,30
22,31
22,32
22,33
22,34
22,35
22,36
22,37
22,38
22,39
22,40
22,41
22,42
22,43
22,44
22,45
22,46
22,47
22,48
22,49
22,50
22,51
22,52
22,53
22,54
22,55
22,56
22,57
22,58
22,59
22,60
22,61
22,62
22,63
22,64
22,65
22,66
22,67
22,68
22,69
22,70
22,71
22,72
22,73
22,92
22,93
22,94
22,95
22,96
22,97
22,98
22,99
22,100
22,101
22,102
22,104
22,105
22,106
22,107
22,108
22,109
22,110
22,112
22,115
22,117
22,118
22,120
22,121
22,122
22,124
22,125
22,127
22,128
22,129
22,132
22,133
22,135
22,139
22,140
22,143
22,144
22,146
22,147
22,148
22,150
22,151
22,155
22,157
22,158
22,160
22,161
22,163
22,164
22,168
22,169
22,172
22,173
22,175
22,177
22,178
22,179
22,180
22,182
22,183
22,184
22,185
22,186
22,187
22,188
22,189
22,192
22,193
22,195
22,199
23,24
23,25
23,26
23,27
23,28
23,29
23,30
23,31
23,32
23,33
23,34
23,35
23,36
23,37
23,38
23,39
23,40
23,41
23,42
23,43
23,44
23,45
23,46
23,47
23,48
23,49
23,50
23,51
23,52
23,53
23,54
23,55
23,56
23,57
23,58
23,59
23,60
23,61
23,62
23,63
23,64
23,65
23,66
23,67
23,68
23,69
23,70
23,71
23,72
23,73
23,87
23,89
23,90
23,92
23,93
23,94
23,95
23,96
23,97
23,98
23,99
23,101
23,102
23,103
23,104
23,105
23,106
23,107
23,108
23,109
23,110
23,112
23,113
23,115
23,116
23,117
23,118
23,119
23,120
23,121
23,122
23,124
23,125
23,126
23,128
23,129
23,131
23,133
23,135
23,136
23,137
23,139
23,140
23,141
23,142
23,143
23,144
23,145
23,146
23,147
23,148
23,149
23,151
23,152
23,155
23,158
24,25
24,26
24,27
24,28
24,29
24,30
24,31
24,32
24,33
24,34
24,35
24,36
24,37
24,38
24,39
24,40
24,41
24,42
24,43
24,44
24,45
24,46
24,47
24,48
24,49
24,50
24,51
24,52
24,53
24,54
24,55
24,56
24,57
24,58
24,59
24,60
24,61
24,62
24,63
24,64
24,65
24,66
24,67
24,68
24,69
24,70
24,71
24,72
24,73
24,74
24,75
24,77
24,80
24,87
24,88
24,89
24,90
24,91
24,92
24,93
24,94
24,95
24,96
24,97
24,98
24,99
24,100
24,101
24,104
24,105
24,106
24,107
24,109
24,110
24,111
24,112
24,113
24,114
24,115
24,116
24,118
24,119
24,121
24,123
24,124
24,125
24,126
24,127
24,128
24,129
24,132
24,133
24,134
24,135
24,136
24,137
24,138
24,140
24,141
24,142
24,144
24,146
24,147
24,149
24,150
24,151
24,152
24,153
24,154
24,155
24,156
24,158
24,159
24,160
24,161
24,162
24,163
24,164
24,165
24,166
24,167
24,169
24,170
24,172
24,173
24,174
24,175
24,176
24,177
24,178
24,179
24,180
24,182
24,183
24,185
24,188
24,190
24,194
24,196
24,197
24,198
25,26
25,27
25,28
25,29
25,30
25,31
25,32
25,33
25,34
25,35
25,36
25,37
25,38
25,39
25,40
25,41
25,42
25,43
25,44
25,45
25,46
25,47
25,48
25,49
25,50
25,51
25,52
25,53
25,54
25,55
25,56
25,57
25,58
25,59
25,60
25,61
25,62
25,63
25,64
25,65
25,66
25,67
25,68
25,69
25,70
25,71
25,72
25,73
25,89
25,90
25,92
25,94
25,95
25,96
25,97
25,98
25,99
25,100
25,101
25,102
25,103
25,104
25,106
25,107
25,108
25,109
25,110
25,111
25,113
25,116
25,117
25,118
25,119
25,120
25,121
25,122
25,124
25,125
25,126
25,127
25,129
25,132
25,133
25,135
25,139
25,140
25,141
25,143
25,145
25,146
25,147
25,148
25,149
25,150
25,151
25,152
25,155
25,157
25,158
25,160
25,161
25,163
25,164
25,166
26,27
26,28
26,29
26,30
26,31
26,32
26,33
26,34
26,35
26,36
26,37
26,38
26,39
26,40
26,41
26,42
26,43
26,44
26,45
26,46
26,47
26,48
26,49
26,50
26,51
26,52
26,53
26,54
26,55
26,56
26,57
26,58
26,59
26,60
26,61
26,62
26,63
26,64
26,65
26,66
26,67
26,68
26,69
26,70
26,71
26,72
26,73
27,28
27,29
27,30
27,31
27,32
27,33
27,34
27,35
27,36
27,37
27,38
27,39
27,40
27,41
27,42
27,43
27,44
27,45
27,46
27,47
27,48
27,49
27,50
27,51
27,52
27,53
27,54
27,55
27,56
27,57
27,58
27,59
27,60
27,61
27,62
27,63
27,64
27,65
27,66
27,67
27,68
27,69
27,70
27,71
27,72
27,73
27,85
27,86
27,87
27,89
27,90
27,92
27,93
27,95
27,96
27,97
27,98
27,99
27,100
27,101
27,102
27,103
27,104
27,105
27,106
27,107
27,108
27,109
27,110
27,111
27,112
27,114
27,115
27,116
27,117
27,120
27,121
27,122
27,124
27,128
27,129
27,132
27,137
27,139
27,141
27,145
27,147
27,148
27,150
27,151
27,152
27,154
27,155
27,159
27,160
27,161
27,163
27,164
27,165
27,166
27,167
27,168
27,169
27,170
27,171
27,173
27,174
27,175
27,176
27,177
27,179
27,180
27,181
27,184
27,185
27,186
27,187
27,193
27,195
27,196
27,198
28,29
28,30
28,31
28,32
28,33
28,34
28,35
28,36
28,37
28,38
28,39
28,40
28,41
28,42
28,43
28,44
28,45
28,46
28,47
28,48
28,49
28,50
28,51
28,52
28,53
28,54
28,55
28,56
28,57
28,58
28,59
28,60
28,61
28,62
28,63
28,64
28,65
28,66
28,67
28,68
28,69
28,70
28,71
28,72
28,73
28,88
28,89
28,92
28,93
28,94
28,95
28,96
28,97
28,99
28,100
28,101
28,103
28,104
28,105
28,106
28,108
28,111
29,30
29,31
29,32
29,33
29,34
29,35
29,36
29,37
29,38
29,39
29,40
29,41
29,42
29,43
29,44
29,45
29,46
29,47
29,48
29,49
29,50
29,51
29,52
29,53
29,54
29,55
29,56
29,57
29,58
29,59
29,60
29,61
29,62
29,63
29,64
29,65
29,66
29,67
29,68
29,69
29,70
29,71
29,72
29,73
29,94
29,95
29,96
29,97
29,98
29,99
29,100
29,101
29,102
29,103
29,105
29,106
30,31
30,32
30,33
30,34
30,35
30,36
30,37
30,38
30,39
30,40
30,41
30,42
30,43
30,44
30,45
30,46
30,47
30,48
30,49
30,50
30,51
30,52
30,53
30,54
30,55
30,56
30,57
30,58
30,59
30,60
30,61
30,62
30,63
30,64
30,65
30,66
30,67
30,68
30,69
30,70
30,71
30,72
30,73
30,74
30,75
30,77
30,80
30,88
30,89
30,91
30,92
30,93
30,95
30,96
30,97
30,98
30,99
30,100
30,101
30,102
30,103
30,105
30,106
30,107
30,109
30,111
30,114
30,116
30,118
30,119
30,123
30,126
30,132
30,134
30,136
30,137
30,138
30,142
30,149
30,152
30,153
30,154
30,156
30,159
30,162
30,165
30,166
30,170
30,172
30,176
30,179
30,182
30,185
30,188
30,190
30,194
30,196
30,197
30,198
31,32
31,33
31,34
31,35
31,36
31,37
31,38
31,39
31,40
31,41
31,42
31,43
31,44
31,45
31,46
31,47
31,48
31,49
31,50
31,51
31,52
31,53
31,54
31,55
31,56
31,57
31,58
31,59
31,60
31,61
31,62
31,63
31,64
31,65
31,66
31,67
31,68
31,69
31,70
31,71
31,72
31,73
31,84
31,86
31,87
31,88
31,89
31,90
31,92
31,93
31,94
31,95
31,98
31,99
31,101
31,102
31,103
31,104
31,106
31,107
31,108
31,109
31,110
31,111
31,112
31,113
31,114
31,115
31,116
31,117
31,119
31,120
31,122
31,123
31,124
31,125
31,126
31,127
31,129
31,136
31,137
31,139
31,143
31,147
31,148
31,150
31,151
31,152
31,154
31,157
31,161
31,163
31,164
31,165
31,168
31,170
31,171
31,176
32,33
32,34
32,35
32,36
32,37
32,38
32,39
32,40
32,41
32,42
32,43
32,44
32,45
32,46
32,47
32,48
32,49
32,50
32,51
32,52
32,53
32,54
32,55
32,56
32,57
32,58
32,59
32,60
32,61
32,62
32,63
32,64
32,65
32,66
32,67
32,68
32,69
32,70
32,71
32,72
32,73
32,98
32,99
32,100
32,101
32,102
32,103
32,104
32,106
32,107
32,108
32,109
32,110
32,112
32,113
32,114
32,116
32,117
32,118
32,120
32,121
32,122
32,123
32,124
32,126
32,127
32,128
32,129
32,132
32,135
32,136
32,139
32,140
32,141
32,142
33,34
33,35
33,36
33,37
33,38
33,39
33,40
33,41
33,42
33,43
33,44
33,45
33,46
33,47
33,48
33,49
33,50
33,51
33,52
33,53
33,54
33,55
33,56
33,57
33,58
33,59
33,60
33,61
33,62
33,63
33,64
33,65
33,66
33,67
33,68
33,69
33,70
33,71
33,72
33,73
33,74
33,75
33,77
33,80
33,88
33,89
33,91
33,92
33,93
33,96
33,98
33,100
33,101
33,105
33,109
33,110
33,111
33,113
33,114
33,115
33,116
33,118
33,119
33,121
33,122
33,123
33,124
33,125
33,126
33,128
33,132
33,134
33,136
33,137
33,138
33,142
33,149
33,152
33,153
33,154
33,156
33,159
33,162
33,165
33,166
33,170
33,172
33,176
33,179
33,182
33,185
33,188
33,190
33,194
33,196
33,197
33,198
34,35
34,36
34,37
34,38
34,39
34,40
34,41
34,42
34,43
34,44
34,45
34,46
34,47
34,48
34,49
34,50
34,51
34,52
34,53
34,54
34,55
34,56
34,57
34,58
34,59
34,60
34,61
34,62
34,63
34,64
34,65
34,66
34,67
34,68
34,69
34,70
34,71
34,72
34,73
35,36
35,37
35,38
35,39
35,40
35,41
35,42
35,43
35,44
35,45
35,46
35,47
35,48
35,49
35,50
35,51
35,52
35,53
35,54
35,55
35,56
35,57
35,58
35,59
35,60
35,61
35,62
35,63
35,64
35,65
35,66
35,67
35,68
35,69
35,70
35,71
35,72
35,73
35,74
35,75
35,77
35,80
35,88
35,89
35,91
35,92
35,93
35,96
35,98
35,100
35,101
35,105
35,111
35,114
35,116
35,118
35,119
35,123
35,126
35,132
35,134
35,136
35,137
35,138
35,142
35,149
35,152
35,153
35,154
35,156
35,159
35,162
35,165
35,166
35,170
35,172
35,176
35,179
35,182
35,185
35,188
35,190
35,194
35,196
35,197
35,198
36,37
36,38
36,39
36,40
36,41
36,42
36,43
36,44
36,45
36,46
36,47
36,48
36,49
36,50
36,51
36,52
36,53
36,54
36,55
36,56
36,57
36,58
36,59
36,60
36,61
36,62
36,63
36,64
36,65
36,66
36,67
36,68
36,69
36,70
36,71
36,72
36,73
36,74
36,75
36,77
36,80
36,88
36,89
36,91
36,92
36,93
36,96
36,98
36,100
36,101
36,105
36,111
36,114
36,116
36,118
36,119
36,123
36,126
36,132
36,134
36,136
36,137
36,138
36,142
36,149
36,152
36,153
36,154
36,156
36,159
36,162
36,165
36,166
36,170
36,172
36,176
36,179
36,182
36,185
36,188
36,190
36,194
36,196
36,197
36,198
37,38
37,39
37,40
37,41
37,42
37,43
37,44
37,45
37,46
37,47
37,48
37,49
37,50
37,51
37,52
37,53
37,54
37,55
37,56
37,57
37,58
37,59
37,60
37,61
37,62
37,63
37,64
37,65
37,66
37,67
37,68
37,69
37,70
37,71
37,72
37,73
38,39
38,40
38,41
38,42
38,43
38,44
38,45
38,46
38,47
38,48
38,49
38,50
38,51
38,52
38,53
38,54
38,55
38,56
38,57
38,58
38,59
38,60
38,61
38,62
38,63
38,64
38,65
38,66
38,67
38,68
38,69
38,70
38,71
38,72
38,73
39,40
39,41
39,42
39,43
39,44
39,45
39,46
39,47
39,48
39,49
39,50
39,51
39,52
39,53
39,54
39,55
39,56
39,57
39,58
39,59
39,60
39,61
39,62
39,63
39,64
39,65
39,66
39,67
39,68
39,69
39,70
39,71
39,72
39,73
39,93
39,94
39,95
39,100
39,101
39,102
39,104
39,105
39,106
39,107
39,108
39,110
39,111
39,112
39,114
39,115
39,116
39,117
39,123
39,126
39,127
39,136
39,142
39,144
39,149
39,150
39,157
39,160
39,170
39,172
39,178
39,180
40,41
40,42
40,43
40,44
40,45
40,46
40,47
40,48
40,49
40,50
40,51
40,52
40,53
40,54
40,55
40,56
40,57
40,58
40,59
40,60
40,61
40,62
40,63
40,64
40,65
40,66
40,67
40,68
40,69
40,70
40,71
40,72
40,73
41,42
41,43
41,44
41,45
41,46
41,47
41,48
41,49
41,50
41,51
41,52
41,53
41,54
41,55
41,56
41,57
41,58
41,59
41,60
41,61
41,62
41,63
41,64
41,65
41,66
41,67
41,68
41,69
41,70
41,71
41,72
41,73
42,43
42,44
42,45
42,46
42,47
42,48
42,49
42,50
42,51
42,52
42,53
42,54
42,55
42,56
42,57
42,58
42,59
42,60
42,61
42,62
42,63
42,64
42,65
42,66
42,67
42,68
42,69
42,70
42,71
42,72
42,73
42,92
42,93
43,44
43,45
43,46
43,47
43,48
43,49
43,50
43,51
43,52
43,53
43,54
43,55
43,56
43,57
43,58
43,59
43,60
43,61
43,62
43,63
43,64
43,65
43,66
43,67
43,68
43,69
43,70
43,71
43,72
43,73
44,45
44,46
44,47
44,48
44,49
44,50
44,51
44,52
44,53
44,54
44,55
44,56
44,57
44,58
44,59
44,60
44,61
44,62
44,63
44,64
44,65
44,66
44,67
44,68
44,69
44,70
44,71
44,72
44,73
45,46
45,47
45,48
45,49
45,50
45,51
45,52
45,53
45,54
45,55
45,56
45,57
45,58
45,59
45,60
45,61
45,62
45,63
45,64
45,65
45,66
45,67
45,68
45,69
45,70
45,71
45,72
45,73
45,91
45,92
45,95
45,97
45,100
45,101
46,47
46,48
46,49
46,50
46,51
46,52
46,53
46,54
46,55
46,56
46,57
46,58
46,59
46,60
46,61
46,62
46,63
46,64
46,65
46,66
46,67
46,68
46,69
46,70
46,71
46,72
46,73
46,74
46,75
46,77
46,80
46,87
46,88
46,89
46,90
46,91
46,92
46,93
46,95
46,96
46,97
46,98
46,99
46,100
46,101
46,102
46,103
46,104
46,105
46,111
46,114
46,116
46,117
46,118
46,119
46,120
46,123
46,125
46,126
46,128
46,132
46,133
46,134
46,136
46,137
46,138
46,142
46,149
46,152
46,153
46,154
46,156
46,159
46,160
46,162
46,165
46,166
46,167
46,169
46,170
46,171
46,172
46,176
46,178
46,179
46,181
46,182
46,185
46,187
46,188
46,190
46,194
46,196
46,197
46,198
47,48
47,49
47,50
47,51
47,52
47,53
47,54
47,55
47,56
47,57
47,58
47,59
47,60
47,61
47,62
47,63
47,64
47,65
47,66
47,67
47,68
47,69
47,70
47,71
47,72
47,73
47,74
47,75
47,77
47,80
47,85
47,88
47,89
47,90
47,91
47,92
47,93
47,95
47,96
47,97
47,98
47,100
47,101
47,102
47,103
47,104
47,105
47,107
47,109
47,110
47,111
47,112
47,113
47,114
47,116
47,118
47,119
47,121
47,122
47,123
47,125
47,126
47,128
47,130
47,131
47,132
47,134
47,136
47,137
47,138
47,142
47,143
47,144
47,145
47,148
47,149
47,150
47,152
47,153
47,154
47,155
47,156
47,157
47,159
47,162
47,165
47,166
47,170
47,172
47,176
47,179
47,182
47,185
47,188
47,190
47,194
47,196
47,197
47,198
48,49
48,50
48,51
48,52
48,53
48,54
48,55
48,56
48,57
48,58
48,59
48,60
48,61
48,62
48,63
48,64
48,65
48,66
48,67
48,68
48,69
48,70
48,71
48,72
48,73
48,74
48,75
48,77
48,80
48,88
48,89
48,91
48,92
48,93
48,96
48,98
48,100
48,101
48,105
48,111
48,114
48,116
48,118
48,119
48,123
48,126
48,132
48,134
48,136
48,137
48,138
48,142
48,149
48,152
48,153
48,154
48,156
48,159
48,162
48,165
48,166
48,170
48,172
48,176
48,179
48,182
48,185
48,188
48,190
48,194
48,196
48,197
48,198
49,50
49,51
49,52
49,53
49,54
49,55
49,56
49,57
49,58
49,59
49,60
49,61
49,62
49,63
49,64
49,65
49,66
49,67
49,68
49,69
49,70
49,71
49,72
49,73
50,51
50,52
50,53
50,54
50,55
50,56
50,57
50,58
50,59
50,60
50,61
50,62
50,63
50,64
50,65
50,66
50,67
50,68
50,69
50,70
50,71
50,72
50,73
50,90
50,91
50,94
50,96
50,100
50,102
50,103
50,104
50,105
50,108
50,112
50,113
50,114
50,117
50,122
50,125
50,128
50,129
50,130
50,131
50,133
50,135
50,139
50,140
50,143
50,145
50,146
50,147
50,150
50,158
50,169
50,171
50,173
50,175
50,176
50,178
50,180
51,52
51,53
51,54
51,55
51,56
51,57
51,58
51,59
51,60
51,61
51,62
51,63
51,64
51,65
51,66
51,67
51,68
51,69
51,70
51,71
51,72
51,73
51,86
51,87
51,88
51,89
51,90
51,94
51,96
51,98
51,103
51,104
51,105
51,106
51,107
51,108
51,109
51,110
51,111
51,113
51,114
51,120
51,121
51,122
51,123
51,124
51,125
51,128
51,130
51,132
51,133
51,134
51,136
51,137
51,138
51,139
51,140
51,141
51,143
51,145
51,146
51,147
51,157
51,158
51,160
51,163
51,170
51,171
51,175
51,176
51,177
51,178
51,179
51,180
51,185
51,186
51,187
51,189
51,191
51,192
51,196
52,53
52,54
52,55
52,56
52,57
52,58
52,59
52,60
52,61
52,62
52,63
52,64
52,65
52,66
52,67
52,68
52,69
52,70
52,71
52,72
52,73
52,96
52,97
52,98
52,99
52,100
52,101
52,102
52,103
52,104
52,105
52,107
52,109
52,110
52,111
52,112
52,113
52,114
52,115
52,116
52,117
52,118
52,120
52,121
52,122
52,123
52,124
52,125
52,126
52,128
52,129
52,130
53,54
53,55
53,56
53,57
53,58
53,59
53,60
53,61
53,62
53,63
53,64
53,65
53,66
53,67
53,68
53,69
53,70
53,71
53,72
53,73
53,85
54,55
54,56
54,57
54,58
54,59
54,60
54,61
54,62
54,63
54,64
54,65
54,66
54,67
54,68
54,69
54,70
54,71
54,72
54,73
54,90
54,91
54,94
54,95
54,97
54,98
54,100
54,102
54,103
54,104
54,105
54,107
54,108
54,109
54,110
54,111
54,112
54,113
54,114
54,116
54,117
54,119
54,120
54,121
54,122
55,56
55,57
55,58
55,59
55,60
55,61
55,62
55,63
55,64
55,65
55,66
55,67
55,68
55,69
55,70
55,71
55,72
55,74
55,75
55,77
55,80
55,88
55,89
55,91
55,92
55,93
55,96
55,98
55,100
55,101
55,105
55,111
55,114
55,116
55,118
55,119
55,123
55,126
55,132
55,134
55,136
55,137
55,138
55,142
55,149
55,152
55,153
55,154
55,156
55,159
55,162
55,165
55,166
55,170
55,172
55,176
55,179
55,182
55,185
55,188
55,190
55,194
55,196
55,197
55,198
56,57
56,58
56,59
56,60
56,61
56,62
56,63
56,64
56,65
56,66
56,67
56,68
56,69
56,70
56,71
56,72
56,73
57,58
57,59
57,60
57,61
57,62
57,63
57,64
57,65
57,66
57,67
57,68
57,69
57,70
57,71
57,72
57,73
57,97
57,102
57,103
58,59
58,60
58,61
58,62
58,63
58,64
58,65
58,66
58,67
58,68
58,69
58,70
58,71
58,72
58,73
58,74
58,75
58,77
58,80
58,88
58,89
58,91
58,92
58,93
58,96
58,98
58,100
58,101
58,105
58,111
58,114
58,116
58,118
58,119
58,123
58,126
58,132
58,134
58,136
58,137
58,138
58,142
58,149
58,152
58,153
58,154
58,156
58,159
58,162
58,165
58,166
58,170
58,172
58,176
58,179
58,182
58,185
58,188
58,190
58,194
58,196
58,197
58,198
59,60
59,61
59,62
59,63
59,64
59,65
59,66
59,67
59,68
59,69
59,70
59,71
59,72
59,73
59,74
59,75
59,77
59,80
59,88
59,89
59,91
59,92
59,93
59,96
59,98
59,100
59,101
59,105
59,111
59,114
59,116
59,118
59,119
59,123
59,126
59,132
59,134
59,136
59,137
59,138
59,142
59,149
59,152
59,153
59,154
59,156
59,159
59,162
59,165
59,166
59,170
59,172
59,176
59,179
59,182
59,185
59,188
59,190
59,194
59,196
59,197
59,198
60,61
60,62
60,63
60,64
60,65
60,66
60,67
60,68
60,69
60,70
60,71
60,72
60,73
60,109
60,112
60,114
60,119
60,120
60,121
60,123
60,128
60,132
60,137
60,139
60,140
60,143
60,146
60,147
60,151
60,153
60,158
60,160
60,165
60,168
60,172
60,176
60,182
60,187
60,192
60,195
60,196
60,198
60,199
61,62
61,63
61,64
61,65
61,66
61,67
61,68
61,69
61,70
61,71
61,72
61,73
61,74
61,75
61,77
61,80
61,88
61,89
61,91
61,92
61,93
61,96
61,98
61,100
61,101
61,105
61,111
61,114
61,116
61,118
61,119
61,123
61,126
61,132
61,134
61,136
61,137
61,138
61,142
61,149
61,152
61,153
61,154
61,156
61,159
61,162
61,165
61,166
61,170
61,172
61,176
61,179
61,182
61,185
61,188
61,190
61,194
61,196
61,197
61,198
62,63
62,64
62,65
62,66
62,67
62,68
62,69
62,70
62,71
62,72
62,73
62,74
62,75
62,77
62,80
62,88
62,89
62,91
62,92
62,93
62,96
62,98
62,100
62,101
62,105
62,111
62,114
62,116
62,118
62,119
62,123
62,126
62,130
62,132
62,134
62,136
62,137
62,138
62,139
62,140
62,142
62,143
62,145
62,146
62,147
62,149
62,150
62,151
62,152
62,153
62,154
62,156
62,158
62,159
62,161
62,162
62,163
62,165
62,166
62,169
62,170
62,172
62,176
62,179
62,182
62,185
62,188
62,190
62,194
62,196
62,197
62,198
63,64
63,65
63,66
63,67
63,68
63,69
63,70
63,71
63,72
63,73
63,74
63,75
63,77
63,80
63,88
63,89
63,91
63,92
63,93
63,96
63,98
63,100
63,101
63,105
63,111
63,114
63,116
63,118
63,119
63,123
63,126
63,132
63,134
63,136
63,137
63,138
63,142
63,149
63,152
63,153
63,154
63,156
63,159
63,162
63,165
63,166
63,170
63,172
63,176
63,179
63,182
63,185
63,188
63,190
63,194
63,196
63,197
63,198
64,65
64,66
64,67
64,68
64,69
64,70
64,71
64,72
64,73
64,74
64,75
64,77
64,80
64,88
64,89
64,91
64,92
64,93
64,96
64,98
64,100
64,101
64,105
64,111
64,114
64,116
64,118
64,119
64,123
64,126
64,132
64,134
64,136
64,137
64,138
64,142
64,149
64,152
64,153
64,154
64,156
64,159
64,162
64,165
64,166
64,170
64,172
64,176
64,179
64,182
64,185
64,188
64,190
64,194
64,196
64,197
64,198
65,66
65,67
65,68
65,69
65,70
65,71
65,72
65,73
65,108
65,109
65,112
65,118
65,120
65,124
65,127
65,128
65,129
65,131
65,133
66,67
66,68
66,69
66,70
66,71
66,72
66,73
66,74
66,75
66,77
66,80
66,88
66,89
66,91
66,92
66,93
66,96
66,98
66,100
66,101
66,105
66,111
66,114
66,116
66,118
66,119
66,123
66,126
66,132
66,134
66,136
66,137
66,138
66,142
66,149
66,152
66,153
66,154
66,156
66,159
66,162
66,165
66,166
66,170
66,172
66,176
66,179
66,182
66,185
66,188
66,190
66,194
66,196
66,197
66,198
67,68
67,69
67,70
67,71
67,72
67,73
68,69
68,70
68,71
68,72
68,73
68,74
68,75
68,77
68,80
68,88
68,89
68,91
68,92
68,93
68,96
68,98
68,100
68,101
68,105
68,111
68,114
68,116
68,118
68,119
68,123
68,126
68,132
68,134
68,136
68,137
68,138
68,142
68,146
68,149
68,152
68,153
68,154
68,156
68,159
68,162
68,165
68,166
68,170
68,172
68,176
68,179
68,182
68,185
68,188
68,190
68,194
68,196
68,197
68,198
69,70
69,71
69,72
69,73
69,97
69,99
69,104
69,107
69,108
69,109
69,110
69,111
69,112
69,115
69,117
69,118
69,119
69,123
69,124
69,125
69,127
69,128
69,129
69,131
70,71
70,72
70,73
70,85
70,86
70,90
70,91
70,92
70,96
70,97
70,98
70,99
70,102
70,103
70,104
70,106
70,107
70,108
70,110
70,111
70,112
70,113
70,115
70,116
70,117
70,119
70,120
70,121
70,124
70,125
70,126
70,127
70,128
70,131
70,133
70,135
70,138
70,140
70,143
70,144
70,145
70,146
70,147
70,148
70,150
70,151
70,153
70,161
70,163
70,167
70,168
70,169
70,182
70,189
70,192
70,194
70,195
70,198
71,72
71,73
71,85
71,86
71,87
71,89
71,91
71,92
71,94
71,96
71,97
71,98
71,99
71,101
71,102
71,103
71,104
71,105
71,106
71,107
71,108
71,109
71,111
71,115
71,116
71,118
71,119
71,120
71,121
71,123
71,124
71,126
71,127
71,128
71,129
71,130
71,132
71,133
71,134
71,138
71,139
71,140
71,141
71,143
71,144
71,145
71,146
71,147
71,150
71,151
71,153
72,73
72,87
72,88
72,89
72,90
72,92
72,93
72,94
72,95
72,96
72,98
72,99
72,100
72,102
72,103
72,105
72,106
72,108
72,109
72,110
72,111
72,112
72,113
72,114
72,116
72,118
72,119
72,120
72,121
72,124
72,125
72,126
72,127
72,128
72,129
72,130
72,133
72,134
72,135
72,136
72,138
72,139
73,90
73,91
73,92
73,93
73,95
73,98
73,99
73,100
73,101
73,103
73,104
73,105
73,106
73,108
73,109
73,110
73,112
73,113
73,114
73,115
74,75
74,77
74,80
74,88
74,89
74,91
74,92
74,93
74,94
74,95
74,96
74,97
74,98
74,100
74,101
74,102
74,103
74,104
74,105
74,106
74,107
74,108
74,109
74,110
74,111
74,112
74,113
74,114
74,115
74,116
74,117
74,118
74,119
74,121
74,122
74,123
74,124
74,125
74,126
74,127
74,128
74,131
74,132
74,133
74,134
74,136
74,137
74,138
74,139
74,140
74,141
74,142
74,146
74,148
74,149
74,151
74,152
74,153
74,154
74,156
74,159
74,162
74,165
74,166
74,170
74,172
74,176
74,179
74,182
74,185
74,188
74,190
74,194
74,196
74,197
74,198
75,77
75,80
75,85
75,86
75,87
75,88
75,89
75,90
75,91
75,92
75,93
75,94
75,96
75,98
75,99
75,100
75,101
75,104
75,105
75,106
75,111
75,114
75,116
75,118
75,119
75,123
75,126
75,132
75,134
75,136
75,137
75,138
75,142
75,149
75,152
75,153
75,154
75,156
75,159
75,162
75,165
75,166
75,170
75,172
75,176
75,179
75,182
75,185
75,188
75,190
75,194
75,196
75,197
75,198
76,84
76,85
76,87
76,89
76,90
76,93
76,94
76,95
76,98
76,99
76,101
76,104
76,105
76,106
76,107
76,109
76,111
76,112
76,113
76,114
76,115
76,116
76,117
76,120
76,121
76,122
76,123
76,125
76,127
76,128
76,129
76,130
76,131
76,132
76,135
76,140
76,141
76,145
76,147
76,148
76,149
76,151
76,157
76,161
76,162
76,163
76,165
76,167
76,168
76,171
76,177
76,180
76,182
77,80
77,88
77,89
77,91
77,92
77,93
77,96
77,98
77,99
77,100
77,101
77,103
77,104
77,105
77,106
77,107
77,108
77,109
77,110
77,111
77,113
77,114
77,115
77,116
77,117
77,118
77,119
77,120
77,121
77,122
77,123
77,126
77,132
77,134
77,136
77,137
77,138
77,142
77,149
77,152
77,153
77,154
77,156
77,159
77,162
77,165
77,166
77,170
77,172
77,176
77,179
77,182
77,185
77,188
77,190
77,194
77,196
77,197
77,198
78,82
78,83
78,84
78,85
78,86
78,87
78,89
78,94
78,97
78,98
78,99
78,100
78,102
78,103
78,104
78,105
78,106
78,107
78,108
78,109
78,110
78,111
78,112
78,113
78,114
78,115
78,116
78,117
78,118
78,119
78,120
78,121
78,122
78,123
78,125
78,126
78,127
78,129
78,130
78,133
78,134
78,135
78,136
78,137
78,138
78,140
78,141
78,142
78,143
78,146
78,147
78,148
78,150
78,153
78,154
78,157
78,160
78,161
78,162
78,163
78,165
78,167
78,168
78,169
78,170
79,82
79,83
79,86
79,87
79,90
79,91
79,92
79,93
79,94
79,95
79,96
79,97
79,98
79,100
79,101
79,102
79,103
79,104
79,105
79,106
79,107
79,108
79,109
79,110
79,111
79,112
79,113
79,114
79,116
79,117
79,118
79,119
79,121
79,122
79,123
79,124
79,127
79,128
79,129
79,130
79,131
79,132
79,133
79,136
79,137
79,138
79,139
79,140
79,141
79,142
79,143
79,145
79,146
79,147
79,148
79,149
79,150
79,152
79,154
79,156
79,157
79,158
79,159
79,160
79,161
79,162
79,163
79,164
79,165
79,167
79,168
79,169
79,170
79,171
79,175
79,177
79,178
79,180
79,182
79,186
79,189
79,193
79,194
80,82
80,83
80,85
80,86
80,87
80,88
80,89
80,90
80,91
80,92
80,93
80,96
80,97
80,98
80,99
80,100
80,101
80,102
80,103
80,104
80,105
80,107
80,109
80,110
80,111
80,112
80,113
80,114
80,115
80,116
80,117
80,118
80,119
80,120
80,121
80,122
80,123
80,124
80,126
80,127
80,128
80,130
80,132
80,133
80,134
80,135
80,136
80,137
80,138
80,139
80,140
80,142
80,144
80,146
80,147
80,148
80,149
80,151
80,152
80,153
80,154
80,155
80,156
80,158
80,159
80,160
80,161
80,162
80,163
80,164
80,165
80,166
80,167
80,168
80,169
80,170
80,171
80,172
80,173
80,175
80,176
80,177
80,178
80,179
80,180
80,182
80,185
80,186
80,187
80,188
80,189
80,190
80,193
80,194
80,195
80,196
80,197
80,198
81,84
81,85
81,86
81,87
81,88
81,89
81,90
81,93
81,94
81,95
81,96
81,97
81,98
81,100
81,102
81,103
81,104
81,106
81,108
81,109
81,110
81,111
81,113
81,114
81,115
81,117
81,120
81,121
81,122
81,124
81,125
81,126
81,127
81,128
81,129
81,130
81,133
81,134
81,135
81,136
81,137
81,138
81,139
81,140
81,141
81,143
81,144
81,145
81,146
81,147
81,148
82,83
82,84
82,85
82,87
82,88
82,90
82,91
82,92
82,93
82,94
82,95
82,96
82,97
82,98
82,99
82,100
82,101
82,102
82,103
82,104
82,105
82,106
82,107
82,108
82,109
82,111
82,112
82,113
82,114
82,116
82,117
82,118
82,119
82,120
82,121
82,122
82,123
82,124
82,125
82,126
82,127
82,128
82,129
82,130
82,131
82,132
82,134
82,135
82,137
82,138
82,139
82,140
82,141
82,142
82,143
82,144
82,145
82,146
82,147
82,148
82,149
82,150
82,151
82,154
82,155
82,156
82,157
82,158
82,160
82,161
82,162
82,163
82,164
82,167
82,169
82,170
82,172
82,173
82,176
82,177
82,178
82,180
82,181
83,85
83,86
83,88
83,89
84,85
84,86
84,87
84,88
85,86
85,90
85,91
85,92
85,93
85,95
85,96
85,97
85,98
85,101
85,103
85,104
85,105
85,106
85,108
85,110
85,111
85,112
85,113
85,114
85,115
85,117
85,118
85,119
85,120
85,121
85,122
85,123
85,126
85,127
85,128
85,130
85,131
85,132
85,133
85,135
85,137
85,138
85,139
85,140
85,141
85,142
85,145
85,146
85,149
85,151
85,152
85,153
85,155
85,158
85,159
85,161
85,162
85,163
85,169
85,172
85,173
85,176
85,177
85,178
85,181
85,182
85,183
85,192
85,195
86,87
86,88
86,89
86,90
86,91
86,92
86,93
86,94
86,95
86,96
86,98
86,99
86,101
87,88
87,90
87,91
87,92
87,93
87,94
87,95
87,96
87,97
87,98
87,100
87,101
87,102
87,103
87,104
87,105
87,106
87,110
87,111
87,112
87,113
87,114
87,115
87,116
87,117
87,118
87,119
87,120
87,121
87,122
87,123
87,124
87,126
87,128
87,129
87,130
87,131
87,132
87,133
87,134
87,135
87,137
87,138
87,139
87,140
87,141
87,142
87,143
87,144
87,145
87,146
87,148
87,149
87,151
88,89
88,91
88,92
88,93
88,95
88,96
88,97
88,98
88,99
88,100
88,101
88,102
88,103
88,104
88,105
88,106
88,108
88,109
88,110
88,111
88,112
88,113
88,114
88,116
88,117
88,118
88,119
88,123
88,126
88,132
88,134
88,136
88,137
88,138
88,142
88,149
88,152
88,153
88,154
88,156
88,159
88,162
88,165
88,166
88,170
88,172
88,176
88,179
88,182
88,185
88,188
88,190
88,194
88,196
88,197
88,198
89,90
89,91
89,92
89,93
89,96
89,98
89,99
89,100
89,101
89,102
89,103
89,104
89,105
89,106
89,108
89,110
89,111
89,112
89,113
89,114
89,116
89,118
89,119
89,121
89,123
89,124
89,126
89,129
89,131
89,132
89,134
89,136
89,137
89,138
89,139
89,140
89,141
89,142
89,144
89,145
89,146
89,148
89,149
89,151
89,152
89,153
89,154
89,156
89,158
89,159
89,161
89,162
89,163
89,164
89,165
89,166
89,167
89,168
89,170
89,172
89,173
89,175
89,176
89,178
89,179
89,180
89,181
89,182
89,185
89,187
89,188
89,189
89,190
89,191
89,193
89,194
89,195
89,196
89,197
89,198
90,95
90,97
90,98
90,99
90,100
90,101
90,104
90,105
90,106
90,107
90,108
90,109
90,112
90,113
90,114
90,115
90,116
90,117
90,118
90,120
90,121
90,122
90,123
90,124
90,125
90,126
90,127
90,128
90,130
90,131
90,132
90,133
90,135
90,137
90,138
90,140
90,141
90,142
90,143
90,144
90,145
90,146
90,148
90,149
90,154
90,155
90,156
90,157
90,158
90,160
90,161
90,162
90,163
90,164
90,165
90,167
90,168
90,169
90,170
90,171
90,173
90,175
90,178
90,179
90,180
90,181
90,185
90,186
90,187
90,189
90,191
90,192
90,193
91,92
91,93
91,94
91,95
91,96
91,97
91,98
91,100
91,101
91,105
91,111
91,114
91,116
91,118
91,119
91,123
91,126
91,132
91,134
91,136
91,137
91,138
91,142
91,149
91,152
91,153
91,154
91,156
91,159
91,162
91,165
91,166
91,170
91,172
91,176
91,179
91,182
91,185
91,188
91,190
91,194
91,196
91,197
91,198
92,93
92,96
92,97
92,98
92,100
92,101
92,103
92,104
92,105
92,107
92,108
92,109
92,110
92,111
92,112
92,113
92,114
92,115
92,116
92,117
92,118
92,119
92,120
92,121
92,123
92,124
92,126
92,127
92,128
92,129
92,130
92,132
92,133
92,134
92,135
92,136
92,137
92,138
92,139
92,140
92,141
92,142
92,143
92,145
92,146
92,149
92,150
92,151
92,152
92,153
92,154
92,155
92,156
92,159
92,162
92,164
92,165
92,166
92,169
92,170
92,171
92,172
92,176
92,178
92,179
92,180
92,182
92,183
92,184
92,185
92,186
92,188
92,189
92,190
92,191
92,193
92,194
92,195
92,196
92,197
92,198
93,96
93,98
93,100
93,101
93,105
93,106
93,107
93,108
93,109
93,110
93,111
93,112
93,113
93,114
93,116
93,118
93,119
93,120
93,123
93,126
93,132
93,134
93,136
93,137
93,138
93,142
93,149
93,152
93,153
93,154
93,156
93,159
93,162
93,165
93,166
93,170
93,172
93,176
93,179
93,182
93,185
93,188
93,190
93,194
93,196
93,197
93,198
94,95
94,97
94,98
94,101
94,102
94,103
94,104
94,107
94,108
94,109
94,110
94,111
94,112
94,113
94,114
94,115
94,116
94,117
94,118
94,121
94,122
94,124
94,126
94,128
94,129
94,131
94,134
94,135
94,137
94,138
94,139
94,141
94,142
94,143
94,145
94,147
94,148
94,153
94,155
94,156
94,157
94,158
94,162
94,163
94,164
94,165
94,168
94,169
94,170
94,171
94,173
94,174
94,175
94,178
94,179
94,180
94,181
94,182
94,183
94,186
94,187
94,188
94,189
94,190
94,192
94,193
94,195
94,198
94,199
96,97
96,98
96,99
96,100
96,101
96,103
96,104
96,105
96,106
96,107
96,108
96,109
96,110
96,111
96,114
96,116
96,117
96,118
96,119
96,121
96,122
96,123
96,124
96,125
96,126
96,127
96,129
96,130
96,131
96,132
96,133
96,134
96,135
96,136
96,137
96,138
96,139
96,140
96,141
96,142
96,143
96,144
96,146
96,148
96,149
96,152
96,153
96,154
96,156
96,159
96,162
96,165
96,166
96,170
96,172
96,176
96,179
96,182
96,185
96,188
96,190
96,194
96,196
96,197
96,198
97,99
97,101
97,105
97,106
97,108
97,110
98,99
98,100
98,101
98,102
98,103
98,104
98,105
98,111
98,114
98,116
98,118
98,119
98,123
98,126
98,132
98,134
98,136
98,137
98,138
98,142
98,149
98,152
98,153
98,154
98,156
98,159
98,162
98,165
98,166
98,170
98,172
98,176
98,179
98,182
98,185
98,188
98,190
98,194
98,196
98,197
98,198
99,100
99,101
99,103
99,104
99,105
99,106
99,107
99,108
99,109
99,110
99,111
99,112
99,113
99,114
99,115
99,121
99,125
99,126
99,127
99,129
99,131
99,133
99,134
99,135
99,136
99,138
99,139
99,140
99,142
99,143
99,145
99,146
99,149
99,153
99,155
99,156
99,160
99,161
99,162
99,163
99,165
99,168
99,169
99,170
99,173
99,175
99,176
99,177
99,178
99,180
99,181
99,183
99,185
99,186
99,188
99,193
99,194
99,198
99,199
100,101
100,103
100,104
100,105
100,106
100,107
100,109
100,110
100,111
100,112
100,113
100,114
100,116
100,117
100,118
100,119
100,121
100,122
100,123
100,124
100,125
100,126
100,127
100,130
100,131
100,132
100,133
100,134
100,135
100,136
100,137
100,138
100,140
100,141
100,142
100,145
100,146
100,149
100,152
100,153
100,154
100,156
100,159
100,162
100,165
100,166
100,170
100,172
100,176
100,179
100,182
100,185
100,188
100,190
100,194
100,196
100,197
100,198
101,102
101,103
101,104
101,105
101,109
101,110
101,111
101,113
101,114
101,115
101,116
101,117
101,118
101,119
101,120
101,121
101,122
101,123
101,124
101,125
101,126
101,128
101,129
101,130
101,131
101,132
101,133
101,134
101,135
101,136
101,137
101,138
101,139
101,140
101,141
101,142
101,143
101,144
101,145
101,147
101,148
101,149
101,151
101,152
101,153
101,154
101,155
101,156
101,158
101,159
101,161
101,162
101,163
101,164
101,165
101,166
101,168
101,169
101,170
101,171
101,172
101,173
101,174
101,175
101,176
101,177
101,178
101,179
101,180
101,181
101,182
101,183
101,184
101,185
101,186
101,188
101,189
101,190
101,192
101,193
101,194
101,195
101,196
101,197
101,198
101,199
102,103
102,104
102,106
102,107
102,108
102,109
102,110
102,111
102,112
102,113
102,115
102,116
102,117
102,120
102,121
102,122
102,123
102,124
102,125
103,104
103,105
103,107
103,108
103,109
103,110
103,111
103,112
103,113
103,115
103,116
104,105
104,106
104,107
104,108
104,110
104,111
104,112
104,113
104,114
104,115
104,116
104,117
104,118
104,120
104,122
104,123
104,125
104,126
104,127
104,129
104,130
104,132
104,134
104,135
104,137
104,139
104,140
104,141
104,142
104,145
104,147
104,149
104,151
104,153
104,156
104,157
104,158
104,159
104,160
104,162
104,164
104,165
104,166
104,167
104,168
104,171
104,173
104,177
104,178
104,181
104,182
104,183
104,184
104,186
104,187
104,188
104,189
105,106
105,107
105,108
105,109
105,110
105,111
105,112
105,113
105,114
105,116
105,117
105,118
105,119
105,121
105,122
105,123
105,124
105,125
105,126
105,127
105,128
105,129
105,132
105,133
105,134
105,135
105,136
105,137
105,138
105,142
105,145
105,146
105,147
105,148
105,149
105,150
105,152
105,153
105,154
105,156
105,157
105,158
105,159
105,160
105,161
105,162
105,163
105,164
105,165
105,166
105,167
105,168
105,170
105,171
105,172
105,173
105,175
105,176
105,177
105,178
105,179
105,182
105,183
105,184
105,185
105,186
105,187
105,188
105,190
105,191
105,192
105,194
105,196
105,197
105,198
106,107
106,108
106,109
106,110
106,111
106,112
106,113
106,116
106,117
106,118
106,119
106,120
106,121
107,108
107,109
107,110
107,112
107,113
107,114
107,115
107,116
107,117
107,118
107,119
107,121
107,122
107,123
107,125
107,128
107,130
107,131
107,132
108,109
108,111
108,113
108,114
108,115
108,117
108,118
108,119
108,120
108,121
108,122
108,123
108,124
108,125
108,126
108,127
108,128
108,129
108,130
108,131
108,132
108,133
108,134
108,135
108,138
108,139
108,140
108,142
108,144
109,111
109,112
109,113
109,114
109,117
109,118
109,119
109,120
109,121
109,122
109,123
109,124
109,125
109,126
109,128
109,129
109,130
109,131
109,133
109,134
109,135
109,137
109,138
109,139
109,140
109,141
109,142
109,144
109,145
109,147
109,148
109,149
109,150
109,156
109,159
110,114
110,115
110,116
110,117
110,118
110,119
110,122
110,123
110,124
110,125
110,126
110,127
110,128
110,129
110,130
110,132
110,133
110,134
110,136
110,137
110,138
110,139
110,140
110,141
110,142
110,143
110,144
110,147
110,148
110,150
110,151
110,153
110,156
110,157
110,158
110,159
110,163
110,164
110,165
110,166
110,167
110,168
110,169
110,170
110,171
110,173
110,174
110,175
110,176
110,178
110,180
110,181
110,182
110,186
110,188
110,189
110,191
110,192
111,113
111,114
111,115
111,116
111,117
111,118
111,119
111,120
111,123
111,124
111,125
111,126
111,127
111,132
111,134
111,136
111,137
111,138
111,142
111,149
111,152
111,153
111,154
111,156
111,159
111,162
111,165
111,166
111,170
111,172
111,176
111,179
111,182
111,185
111,188
111,190
111,194
111,196
111,197
111,198
112,114
112,115
112,116
112,117
112,119
112,121
112,122
112,124
112,125
112,126
112,127
112,128
112,129
112,130
112,131
112,133
112,134
112,135
112,136
112,138
112,140
112,141
112,142
112,143
112,145
112,146
112,147
112,149
112,150
112,151
112,152
112,153
112,155
112,156
112,158
112,159
112,160
112,163
112,165
112,166
112,167
112,168
112,169
112,171
112,173
112,174
112,175
112,177
112,178
112,179
112,180
112,181
112,182
112,183
112,185
112,186
114,115
114,116
114,117
114,118
114,119
114,120
114,123
114,124
114,126
114,128
114,129
114,130
114,131
114,132
114,133
114,134
114,136
114,137
114,138
114,142
114,149
114,152
114,153
114,154
114,156
114,159
114,162
114,165
114,166
114,170
114,172
114,176
114,179
114,182
114,185
114,188
114,190
114,194
114,196
114,197
114,198
115,116
115,118
115,120
115,122
115,124
115,125
115,126
115,127
115,128
115,129
115,130
115,131
115,133
115,134
115,135
115,136
115,138
115,140
115,142
115,143
115,144
115,146
115,148
115,149
115,150
115,151
115,154
115,155
115,156
115,157
115,158
115,160
115,161
115,163
115,165
116,117
116,118
116,119
116,121
116,122
116,123
116,124
116,125
116,126
116,128
116,131
116,132
116,133
116,134
116,136
116,137
116,138
116,140
116,141
116,142
116,143
116,144
116,145
116,146
116,147
116,148
116,149
116,150
116,151
116,152
116,153
116,154
116,155
116,156
116,158
116,159
116,160
116,161
116,162
116,163
116,165
116,166
116,170
116,172
116,173
116,174
116,176
116,179
116,182
116,185
116,187
116,188
116,190
116,193
116,194
116,196
116,197
116,198
117,120
117,121
117,122
117,124
117,125
117,130
117,134
117,135
117,137
117,138
117,139
117,140
118,119
118,120
118,121
118,122
118,123
118,124
118,126
118,127
118,129
118,130
118,132
118,133
118,134
118,135
118,136
118,137
118,138
118,142
118,149
118,152
118,153
118,154
118,156
118,159
118,162
118,165
118,166
118,170
118,172
118,176
118,179
118,182
118,185
118,188
118,190
118,194
118,196
118,197
118,198
119,121
119,122
119,123
119,124
119,125
119,126
119,127
119,128
119,129
119,130
119,131
119,132
119,134
119,135
119,136
119,137
119,138
119,139
119,140
119,142
119,143
119,144
119,148
119,149
119,150
119,151
119,152
119,153
119,154
119,155
119,156
119,159
119,160
119,161
119,162
119,163
119,164
119,165
119,166
119,167
119,168
119,169
119,170
119,172
119,176
119,179
119,182
119,185
119,188
119,190
119,194
119,196
119,197
119,198
120,121
120,122
120,124
120,125
120,126
120,127
120,128
120,129
120,130
120,131
120,132
120,133
120,135
120,138
120,139
120,140
120,141
120,143
120,144
120,145
120,146
120,147
120,148
120,149
120,150
120,151
120,152
120,155
120,156
120,157
120,158
120,159
120,160
120,161
120,163
120,164
120,165
120,167
120,168
120,169
120,171
120,173
120,177
120,181
120,185
120,191
120,193
120,194
120,198
120,199
121,122
121,123
121,124
121,125
121,126
121,127
121,128
121,129
121,130
121,131
121,132
121,133
121,135
121,137
122,123
122,124
122,125
122,126
122,127
122,128
122,129
122,130
122,131
122,132
122,133
122,134
122,135
122,136
122,138
122,139
122,141
122,143
122,144
123,126
123,128
123,130
123,131
123,132
123,133
123,134
123,135
123,136
123,137
123,138
123,139
123,140
123,141
123,142
123,143
123,144
123,145
123,147
123,148
123,149
123,150
123,151
123,152
123,153
123,154
123,155
123,156
123,159
123,160
123,162
123,164
123,165
123,166
123,167
123,168
123,169
123,170
123,171
123,172
123,173
123,176
123,179
123,182
123,185
123,188
123,190
123,194
123,196
123,197
123,198
124,126
124,127
124,128
124,129
124,130
124,131
124,132
125,127
125,128
125,130
125,132
125,133
125,134
125,136
125,137
125,138
125,141
125,143
125,146
125,148
125,150
125,151
125,152
125,153
125,156
125,157
125,159
125,160
125,161
125,162
125,166
125,167
125,168
125,169
125,170
125,171
125,173
125,174
125,175
125,177
125,178
125,179
125,180
125,182
125,183
125,186
125,187
125,189
125,191
125,193
126,129
126,130
126,132
126,133
126,134
126,135
126,136
126,137
126,138
126,139
126,141
126,142
126,143
126,144
126,148
126,149
126,151
126,152
126,153
126,154
126,156
126,157
126,159
126,162
126,165
126,166
126,170
126,172
126,176
126,179
126,182
126,185
126,188
126,190
126,194
126,196
126,197
126,198
127,128
127,129
127,130
127,131
127,132
127,133
127,135
127,136
127,137
127,138
127,139
127,140
127,141
127,142
127,144
127,145
127,146
127,147
127,148
127,150
127,151
127,153
127,155
127,156
127,157
127,161
127,162
128,129
128,130
128,131
128,132
128,133
128,134
128,135
128,140
128,141
128,142
128,143
128,144
128,145
128,146
128,147
128,148
128,150
128,151
128,152
128,153
129,130
129,131
129,132
129,133
129,134
129,135
129,137
129,138
129,140
129,141
129,142
129,144
129,145
129,146
129,148
129,151
129,152
129,153
129,156
129,157
129,159
129,161
129,162
129,163
129,165
129,166
129,167
129,172
129,175
129,176
129,178
129,180
129,181
129,182
129,184
129,185
129,188
129,193
129,194
129,198
130,131
130,132
130,133
130,136
130,137
130,140
130,142
130,143
130,144
130,148
130,149
130,151
130,152
130,154
130,158
130,159
130,160
130,161
130,164
130,165
130,166
130,167
130,169
130,170
130,171
130,172
130,174
130,175
130,177
130,178
130,179
130,180
130,181
131,132
131,133
131,134
132,133
132,134
132,136
132,137
132,138
132,140
132,141
132,142
132,143
132,144
132,145
132,146
132,147
132,148
132,149
132,150
132,151
132,152
132,153
132,154
132,155
132,156
132,158
132,159
132,160
132,161
132,162
132,163
132,164
132,165
132,166
132,167
132,168
132,169
132,170
132,171
132,172
132,173
132,174
132,175
132,176
132,177
132,178
132,179
132,180
132,181
132,182
132,183
132,184
132,185
132,188
132,190
132,191
132,194
132,196
132,197
132,198
133,135
133,137
133,138
133,139
133,140
133,141
133,143
133,144
133,145
133,146
133,148
133,150
133,151
133,152
133,153
133,154
133,155
133,157
133,158
133,159
133,160
133,162
133,163
133,165
133,166
133,167
133,168
133,169
133,171
133,172
133,173
133,174
134,135
134,136
134,137
134,138
134,140
134,141
134,142
134,143
134,144
134,145
134,146
134,147
134,149
134,150
134,151
134,152
134,153
134,154
134,156
134,157
134,158
134,159
134,160
134,161
134,162
134,163
134,165
134,166
134,170
134,172
134,176
134,179
134,182
134,185
134,188
134,190
134,194
134,196
134,197
134,198
135,136
135,139
135,140
135,141
135,143
135,144
135,145
135,147
135,148
135,150
135,151
135,152
135,153
135,156
135,157
135,158
135,159
135,162
135,163
136,137
136,138
136,139
136,140
136,141
136,142
136,143
136,145
136,146
136,147
136,148
136,149
136,152
136,153
136,154
136,155
136,156
136,157
136,158
136,159
136,161
136,162
136,163
136,164
136,165
136,166
136,168
136,169
136,170
136,171
136,172
136,175
136,176
136,178
136,179
136,180
136,182
136,183
136,185
136,188
136,189
136,190
136,191
136,193
136,194
136,196
136,197
136,198
137,138
137,139
137,140
137,141
137,142
137,143
137,144
137,145
137,146
137,149
137,150
137,152
137,153
137,154
137,156
137,157
137,158
137,159
137,160
137,161
137,162
137,163
137,164
137,165
137,166
137,167
137,168
137,169
137,170
137,171
137,172
137,173
137,174
137,175
137,176
137,177
137,178
137,179
137,180
137,181
137,182
137,183
137,185
137,187
137,188
137,189
137,190
137,191
137,194
137,196
137,197
137,198
138,142
138,149
138,152
138,153
138,154
138,156
138,159
138,162
138,165
138,166
138,170
138,172
138,176
138,179
138,182
138,185
138,188
138,190
138,194
138,196
138,197
138,198
139,140
139,141
139,143
139,144
139,145
139,148
139,149
139,150
139,151
139,153
139,154
139,155
139,156
139,157
139,158
139,160
139,161
139,163
139,164
139,168
139,169
139,171
139,174
139,175
139,177
139,178
140,141
140,143
140,144
140,145
140,146
140,150
140,151
140,152
140,153
140,154
140,155
140,156
140,157
140,158
140,159
140,160
140,161
140,163
140,164
140,165
140,166
140,167
140,168
140,170
140,171
140,173
140,175
140,176
140,177
140,178
140,181
140,183
140,191
140,193
141,142
141,143
141,144
141,145
141,146
141,147
142,144
142,145
142,148
142,149
142,150
142,151
142,152
142,153
142,154
142,155
142,156
142,158
142,159
142,160
142,161
142,162
142,163
142,164
142,165
142,166
142,167
142,170
142,171
142,172
142,173
142,174
142,175
142,176
142,177
142,179
142,181
142,182
142,185
142,187
142,188
142,190
142,191
142,193
142,194
142,195
142,196
142,197
142,198
143,144
143,145
143,146
143,147
143,148
143,150
143,151
143,152
143,157
143,158
143,159
143,161
143,162
143,163
143,164
143,167
143,168
143,169
143,170
143,171
143,172
143,173
143,178
143,179
143,180
143,181
143,182
143,183
143,187
143,189
143,191
143,192
143,193
143,198
144,145
144,148
144,150
144,151
144,153
144,154
144,155
144,156
144,157
144,158
144,159
144,160
144,161
144,162
144,163
144,164
144,165
144,166
144,167
144,168
144,169
144,170
144,171
144,172
144,173
144,174
144,175
144,177
144,180
144,181
144,182
144,184
144,186
144,187
144,189
144,190
144,191
144,192
144,194
144,195
144,196
144,199
145,146
145,147
145,148
145,149
145,150
145,152
145,153
145,155
145,156
145,157
145,159
145,160
145,161
145,162
145,163
145,164
145,165
145,166
145,167
145,169
145,171
145,172
145,173
145,174
145,175
145,176
145,177
145,178
145,179
145,180
145,181
145,182
145,183
145,184
145,185
145,186
145,187
145,188
145,189
145,190
145,191
145,194
145,195
146,147
146,148
146,149
147,148
147,149
147,150
147,152
147,155
147,157
147,158
147,160
147,161
147,162
147,163
147,164
147,165
147,166
147,167
147,168
147,169
147,170
147,172
147,174
147,176
147,180
147,181
147,183
147,184
147,185
147,186
147,187
147,188
147,191
147,193
147,195
147,198
147,199
148,151
148,152
148,153
148,154
148,155
148,156
148,157
148,161
148,163
148,164
148,165
148,166
148,167
148,168
148,169
148,170
148,171
148,172
149,150
149,151
149,152
149,153
149,154
149,155
149,156
149,157
149,158
149,159
149,160
149,161
149,162
149,163
149,164
149,165
149,166
149,168
149,169
149,170
149,172
149,173
149,175
149,176
149,177
149,178
149,179
149,182
149,183
149,184
149,185
149,187
149,188
149,189
149,190
149,193
149,194
149,195
149,196
149,197
149,198
149,199
150,151
150,152
150,154
150,155
150,156
150,157
150,158
150,159
150,161
150,163
150,164
150,166
150,167
150,168
150,172
150,173
150,174
150,175
150,176
150,177
150,178
150,179
150,180
150,181
150,182
150,183
150,184
150,186
150,187
150,188
150,189
150,190
150,193
150,194
150,195
150,196
151,152
151,154
151,155
151,156
151,157
151,158
151,159
151,161
151,162
151,164
151,166
151,167
151,169
151,170
151,171
151,172
151,173
151,174
151,175
151,177
151,178
151,180
151,181
151,182
151,183
151,184
151,187
151,189
151,190
151,191
151,193
151,194
151,195
151,196
151,198
151,199
152,153
152,154
152,156
152,157
152,158
152,159
152,161
152,162
152,163
152,165
152,166
152,168
152,170
152,172
152,176
152,179
152,182
152,185
152,188
152,190
152,194
152,196
152,197
152,198
153,154
153,156
153,157
153,158
153,159
153,160
153,162
153,163
153,164
153,165
153,166
153,167
153,168
153,169
153,170
153,171
153,172
153,173
153,174
153,175
153,176
153,179
153,182
153,185
153,188
153,190
153,194
153,196
153,197
153,198
154,155
154,156
154,157
154,158
154,159
154,160
154,161
154,162
154,163
154,164
154,165
154,166
154,167
154,168
154,169
154,170
154,171
154,172
154,173
154,174
154,176
154,177
154,179
154,182
154,185
154,186
154,187
154,188
154,190
154,191
154,193
154,194
154,195
154,196
154,197
154,198
154,199
155,156
155,157
155,158
155,159
155,160
155,162
155,163
155,164
155,165
155,167
155,168
155,169
155,171
155,172
155,173
155,174
155,175
155,177
155,178
155,181
155,183
155,184
155,189
155,190
155,192
155,193
155,194
155,195
155,196
155,198
155,199
156,157
156,159
156,160
156,161
156,162
156,165
156,166
156,170
156,172
156,176
156,179
156,182
156,185
156,188
156,190
156,194
156,196
156,197
156,198
157,158
157,159
157,160
157,161
157,162
157,164
157,165
157,166
157,167
157,169
157,170
157,172
157,175
157,178
157,181
157,183
157,184
157,188
157,189
157,190
157,191
157,192
157,194
157,195
157,196
157,198
157,199
158,160
158,161
158,162
158,163
158,164
158,165
158,166
158,167
158,168
158,169
158,170
158,171
158,172
158,174
158,177
158,179
158,180
159,161
159,162
159,163
159,164
159,165
159,166
159,167
159,168
159,169
159,170
159,171
159,172
159,173
159,174
159,175
159,176
159,177
159,178
159,179
159,182
159,184
159,185
159,187
159,188
159,190
159,192
159,193
159,194
159,196
159,197
159,198
159,199
160,162
160,163
160,164
160,166
160,167
160,168
160,170
160,171
160,172
160,173
160,174
160,175
160,178
160,179
160,183
160,184
160,187
160,189
160,190
160,191
160,192
160,193
160,194
160,196
160,198
160,199
161,164
161,165
161,166
161,167
161,169
161,170
161,171
161,173
161,174
161,175
161,176
161,177
161,178
161,179
161,180
161,181
161,183
161,184
161,186
161,187
161,189
161,192
161,193
161,195
161,196
162,163
162,164
162,165
162,166
162,167
162,168
162,169
162,170
162,171
162,172
162,173
162,174
162,175
162,176
162,177
162,179
162,180
162,181
162,182
162,183
162,184
162,185
162,186
162,187
162,188
162,189
162,190
162,191
162,192
162,193
162,194
162,195
162,196
162,197
162,198
162,199
163,164
163,165
163,166
163,167
163,168
163,170
163,171
163,172
163,173
163,174
163,175
163,176
163,177
163,178
163,179
163,180
163,182
163,183
163,186
163,187
163,189
163,190
163,191
163,192
163,193
163,194
163,196
163,197
163,198
163,199
164,165
164,166
164,167
164,168
164,169
164,170
164,171
164,172
164,173
164,174
164,175
164,177
164,178
164,179
164,180
164,182
164,183
164,184
164,186
164,189
164,190
164,191
164,192
164,193
164,194
164,195
164,196
164,198
164,199
165,166
165,168
165,170
165,172
165,173
165,175
165,176
165,177
165,178
165,179
165,180
165,181
165,182
165,183
165,184
165,185
165,186
165,187
165,188
165,190
165,192
165,193
165,194
165,195
165,196
165,197
165,198
166,167
166,168
166,170
166,172
166,176
166,179
166,182
166,185
166,188
166,190
166,194
166,196
166,197
166,198
167,168
167,170
167,171
167,172
167,174
167,175
167,176
167,178
167,180
167,181
167,182
167,183
167,184
167,189
167,191
167,193
167,194
167,195
167,196
167,197
167,198
167,199
168,170
168,171
168,172
168,173
168,175
168,176
168,177
168,178
168,179
168,181
168,182
168,183
168,184
168,186
168,187
168,189
168,191
168,193
168,195
168,196
168,197
168,198
169,170
169,171
169,173
169,174
169,175
169,176
169,178
169,179
170,171
170,172
170,173
170,174
170,175
170,176
170,179
170,181
170,182
170,183
170,184
170,185
170,186
170,188
170,190
170,191
170,192
170,194
170,196
170,197
170,198
171,172
171,173
171,176
171,177
171,180
171,181
171,184
171,185
171,186
171,187
172,173
172,175
172,176
172,177
172,178
172,179
172,180
172,181
172,182
172,183
172,184
172,185
172,186
172,188
172,190
172,194
172,196
172,197
172,198
173,175
173,176
173,177
173,178
173,179
173,181
173,183
173,185
173,186
173,189
173,190
173,191
173,192
173,193
173,194
173,195
173,196
173,197
173,198
173,199
174,176
174,177
174,178
174,179
174,180
174,181
174,183
174,184
174,185
174,186
174,187
174,189
174,190
174,192
174,193
174,194
174,195
174,196
174,197
174,198
174,199
175,176
175,177
175,178
175,179
175,180
175,181
175,182
175,183
175,185
175,186
175,187
175,188
175,189
175,190
175,191
175,193
175,195
175,196
175,197
175,198
175,199
176,177
176,178
176,179
176,180
176,181
176,182
176,183
176,184
176,185
176,186
176,188
176,189
176,190
176,191
176,192
176,194
176,195
176,196
176,197
176,198
176,199
177,178
177,183
177,184
177,185
177,186
177,187
177,189
177,190
177,193
177,194
177,197
177,198
177,199
178,179
178,180
178,181
178,183
178,184
178,185
178,186
178,188
178,190
178,191
178,192
178,194
178,195
178,196
178,198
179,180
179,181
179,182
179,183
179,184
179,185
179,186
179,187
179,188
179,189
179,190
179,191
179,192
179,193
179,194
179,195
179,196
179,197
179,198
180,181
180,182
181,182
181,185
181,186
181,187
181,190
181,191
181,192
181,193
181,194
181,195
181,196
181,198
182,183
182,185
182,188
182,189
182,190
182,193
182,194
182,195
182,196
182,197
182,198
182,199
183,184
183,185
183,186
183,187
183,188
183,189
183,190
183,191
183,193
183,194
183,195
183,198
183,199
184,186
184,187
184,188
184,189
184,191
184,193
184,194
184,195
184,197
184,198
184,199
185,186
185,187
185,188
185,190
185,191
185,193
185,194
185,195
185,196
185,197
185,198
185,199
186,187
186,188
186,189
186,190
186,192
186,194
186,195
186,196
186,197
186,198
186,199
187,188
187,189
187,190
187,191
187,192
187,193
187,194
187,195
187,197
187,198
187,199
188,190
188,191
188,192
188,193
188,194
188,195
188,196
188,197
188,198
189,190
189,191
189,192
189,193
189,194
189,195
189,196
190,191
190,193
190,194
190,195
190,196
190,197
190,198
190,199
191,192
191,193
191,194
191,195
191,196
191,197
191,198
191,199
192,194
192,195
192,196
192,197
192,198
193,194
193,195
193,196
193,197
193,198
194,196
194,197
194,198
195,196
195,198
196,197
196,198
196,199
197,198
197,199
198,199
