0,1
0,2
0,3
0,4
0,5
0,6
0,7
0,8
0,9
0,10
0,11
0,12
0,13
0,14
0,15
0,16
0,17
0,18
0,19
0,20
0,21
0,22
0,23
0,24
0,25
0,26
0,27
0,28
0,29
0,30
0,31
0,32
0,33
0,34
0,35
0,36
0,37
0,38
0,39
0,40
0,41
0,42
0,43
0,44
0,45
0,46
0,47
0,48
0,49
0,50
0,51
0,52
0,53
0,54
0,55
0,56
0,57
0,58
0,59
0,60
0,61
0,62
0,63
0,64
0,65
0,66
0,67
0,68
0,69
0,70
0,71
0,72
0,73
0,74
0,75
0,76
0,77
0,78
0,79
0,80
0,81
0,82
0,194
0,197
1,2
1,3
1,4
1,5
1,6
1,7
1,8
1,9
1,10
1,11
1,12
1,13
1,14
1,15
1,16
1,17
1,18
1,19
1,20
1,21
1,22
1,23
1,24
1,25
1,26
1,27
1,28
1,29
1,30
1,31
1,32
1,33
1,34
1,35
1,36
1,37
1,38
1,39
1,40
1,41
1,42
1,43
1,44
1,45
1,46
1,47
1,48
1,49
1,50
1,51
1,52
1,53
1,54
1,55
1,56
1,57
1,58
1,59
1,60
1,61
1,62
1,63
1,64
1,65
1,66
1,67
1,68
1,69
1,70
1,71
1,72
1,73
1,74
1,75
1,76
1,77
1,78
1,79
1,80
1,81
1,82
1,194
1,195
1,196
1,197
2,3
2,4
2,5
2,6
2,7
2,8
2,9
2,10
2,11
2,12
2,13
2,14
2,15
2,16
2,17
2,18
2,19
2,20
2,21
2,22
2,23
2,24
2,25
2,26
2,27
2,28
2,29
2,30
2,31
2,32
2,33
2,34
2,35
2,36
2,37
2,38
2,39
2,40
2,41
2,42
2,43
2,44
2,45
2,46
2,47
2,48
2,49
2,50
2,51
2,52
2,53
2,54
2,55
2,56
2,57
2,58
2,59
2,60
2,61
2,62
2,63
2,64
2,65
2,66
2,67
2,68
2,69
2,70
2,71
2,72
2,73
2,74
2,75
2,76
2,77
2,78
2,79
2,80
2,81
2,82
2,85
2,86
2,87
2,88
2,89
2,90
2,91
2,92
2,97
2,99
2,101
2,102
2,104
2,105
2,110
2,112
2,113
2,114
2,115
2,117
2,118
2,129
2,130
2,131
2,133
2,134
2,136
2,137
2,138
2,139
2,142
2,143
2,145
2,146
2,149
2,152
2,159
2,160
2,163
2,170
2,171
2,174
2,176
2,178
2,189
2,192
2,198
3,4
3,5
3,6
3,7
3,8
3,9
3,10
3,11
3,12
3,13
3,14
3,15
3,16
3,17
3,18
3,19
3,20
3,21
3,22
3,23
3,24
3,25
3,26
3,27
3,28
3,29
3,30
3,31
3,32
3,33
3,34
3,35
3,36
3,37
3,38
3,39
3,40
3,41
3,42
3,43
3,44
3,45
3,46
3,47
3,48
3,49
3,50
3,51
3,52
3,53
3,54
3,55
3,56
3,57
3,58
3,59
3,60
3,61
3,62
3,63
3,64
3,65
3,66
3,67
3,68
3,69
3,70
3,71
3,72
3,73
3,74
3,75
3,76
3,77
3,78
3,79
3,80
3,81
3,82
3,194
3,195
3,196
3,197
4,5
4,6
4,7
4,8
4,9
4,10
4,11
4,12
4,13
4,14
4,15
4,16
4,17
4,18
4,19
4,20
4,21
4,22
4,23
4,24
4,25
4,26
4,27
4,28
4,29
4,30
4,31
4,32
4,33
4,34
4,35
4,36
4,37
4,38
4,39
4,40
4,41
4,42
4,43
4,44
4,45
4,46
4,47
4,48
4,49
4,50
4,51
4,52
4,53
4,54
4,55
4,56
4,57
4,58
4,59
4,60
4,61
4,62
4,63
4,64
4,65
4,66
4,67
4,68
4,69
4,70
4,71
4,72
4,73
4,74
4,75
4,76
4,77
4,78
4,79
4,80
4,81
4,82
4,85
4,86
4,87
4,88
4,89
4,90
4,91
4,92
4,97
4,99
4,101
4,102
4,104
4,105
4,110
4,112
4,113
4,114
4,115
4,117
4,118
4,129
4,130
4,131
4,133
4,134
4,136
4,137
4,138
4,139
4,142
4,143
4,145
4,146
4,149
4,152
4,159
4,160
4,163
4,170
4,171
4,174
4,176
4,178
4,189
4,192
4,198
5,6
5,7
5,8
5,9
5,10
5,11
5,12
5,13
5,14
5,15
5,16
5,17
5,18
5,19
5,20
5,21
5,22
5,23
5,24
5,25
5,26
5,27
5,28
5,29
5,30
5,31
5,32
5,33
5,34
5,35
5,36
5,37
5,38
5,39
5,40
5,41
5,42
5,43
5,44
5,45
5,46
5,47
5,48
5,49
5,50
5,51
5,52
5,53
5,54
5,55
5,56
5,57
5,58
5,59
5,60
5,61
5,62
5,63
5,64
5,65
5,66
5,67
5,68
5,69
5,70
5,71
5,72
5,73
5,74
5,75
5,76
5,77
5,78
5,79
5,80
5,81
5,82
5,85
5,86
5,87
5,88
5,89
5,90
5,91
5,92
5,97
5,99
5,101
5,102
5,104
5,105
5,110
5,112
5,113
5,114
5,115
5,117
5,118
5,129
5,130
5,131
5,133
5,134
5,136
5,137
5,138
5,139
5,142
5,143
5,145
5,146
5,149
5,152
5,159
5,160
5,163
5,170
5,171
5,174
5,176
5,178
5,189
5,192
5,198
6,7
6,8
6,9
6,10
6,11
6,12
6,13
6,14
6,15
6,16
6,17
6,18
6,19
6,20
6,21
6,22
6,23
6,24
6,25
6,26
6,27
6,28
6,29
6,30
6,31
6,32
6,33
6,34
6,35
6,36
6,37
6,38
6,39
6,40
6,41
6,42
6,43
6,44
6,45
6,46
6,47
6,48
6,49
6,50
6,51
6,52
6,53
6,54
6,55
6,56
6,57
6,58
6,59
6,60
6,61
6,62
6,63
6,64
6,65
6,66
6,67
6,68
6,69
6,70
6,71
6,72
6,73
6,74
6,75
6,76
6,77
6,78
6,79
6,80
6,81
6,82
7,8
7,9
7,10
7,11
7,12
7,13
7,14
7,15
7,16
7,17
7,18
7,19
7,20
7,21
7,22
7,23
7,24
7,25
7,26
7,27
7,28
7,29
7,30
7,31
7,32
7,33
7,34
7,35
7,36
7,37
7,38
7,39
7,40
7,41
7,42
7,43
7,44
7,45
7,46
7,47
7,48
7,49
7,50
7,51
7,52
7,53
7,54
7,55
7,56
7,57
7,58
7,59
7,60
7,61
7,62
7,63
7,64
7,65
7,66
7,67
7,68
7,69
7,70
7,71
7,72
7,73
7,74
7,75
7,76
7,77
7,78
7,79
7,80
7,81
7,82
8,9
8,10
8,11
8,12
8,13
8,14
8,15
8,16
8,17
8,18
8,19
8,20
8,21
8,22
8,23
8,24
8,25
8,26
8,27
8,28
8,29
8,30
8,31
8,32
8,33
8,34
8,35
8,36
8,37
8,38
8,39
8,40
8,41
8,42
8,43
8,44
8,45
8,46
8,47
8,48
8,49
8,50
8,51
8,52
8,53
8,54
8,55
8,56
8,57
8,58
8,59
8,60
8,61
8,62
8,63
8,64
8,65
8,66
8,67
8,68
8,69
8,70
8,71
8,72
8,73
8,74
8,75
8,76
8,77
8,78
8,79
8,80
8,81
8,82
9,10
9,11
9,12
9,13
9,14
9,15
9,16
9,17
9,18
9,19
9,20
9,21
9,22
9,23
9,24
9,25
9,26
9,27
9,28
9,29
9,30
9,31
9,32
9,33
9,34
9,35
9,36
9,37
9,38
9,39
9,40
9,41
9,42
9,43
9,44
9,45
9,46
9,47
9,48
9,49
9,50
9,51
9,52
9,53
9,54
9,55
9,56
9,57
9,58
9,59
9,60
9,61
9,62
9,63
9,64
9,65
9,66
9,67
9,68
9,69
9,70
9,71
9,72
9,73
9,74
9,75
9,76
9,77
9,78
9,79
9,80
9,81
9,82
10,11
10,12
10,13
10,14
10,15
10,16
10,17
10,18
10,19
10,20
10,21
10,22
10,23
10,24
10,25
10,26
10,27
10,28
10,29
10,30
10,31
10,32
10,33
10,34
10,35
10,36
10,37
10,38
10,39
10,40
10,41
10,42
10,43
10,44
10,45
10,46
10,47
10,48
10,49
10,50
10,51
10,52
10,53
10,54
10,55
10,56
10,57
10,58
10,59
10,60
10,61
10,62
10,63
10,64
10,65
10,66
10,67
10,68
10,69
10,70
10,71
10,72
10,73
10,74
10,75
10,76
10,77
10,78
10,79
10,80
10,81
10,82
11,12
11,13
11,14
11,15
11,16
11,17
11,18
11,19
11,20
11,21
11,22
11,23
11,24
11,25
11,26
11,27
11,28
11,29
11,30
11,31
11,32
11,33
11,34
11,35
11,36
11,37
11,38
11,39
11,40
11,41
11,42
11,43
11,44
11,45
11,46
11,47
11,48
11,49
11,50
11,51
11,52
11,53
11,54
11,55
11,56
11,57
11,58
11,59
11,60
11,61
11,62
11,63
11,64
11,65
11,66
11,67
11,68
11,69
11,70
11,71
11,72
11,73
11,74
11,75
11,76
11,77
11,78
11,79
11,80
11,81
11,82
12,13
12,14
12,15
12,16
12,17
12,18
12,19
12,20
12,21
12,22
12,23
12,24
12,25
12,26
12,27
12,28
12,29
12,30
12,31
12,32
12,33
12,34
12,35
12,36
12,37
12,38
12,39
12,40
12,41
12,42
12,43
12,44
12,45
12,46
12,47
12,48
12,49
12,50
12,51
12,52
12,53
12,54
12,55
12,56
12,57
12,58
12,59
12,60
12,61
12,62
12,63
12,64
12,65
12,66
12,67
12,68
12,69
12,70
12,71
12,72
12,73
12,74
12,75
12,76
12,77
12,78
12,79
12,80
12,81
12,82
13,14
13,15
13,16
13,17
13,18
13,19
13,20
13,21
13,22
13,23
13,24
13,25
13,26
13,27
13,28
13,29
13,30
13,31
13,32
13,33
13,34
13,35
13,36
13,37
13,38
13,39
13,40
13,41
13,42
13,43
13,44
13,45
13,46
13,47
13,48
13,49
13,50
13,51
13,52
13,53
13,54
13,55
13,56
13,57
13,58
13,59
13,60
13,61
13,62
13,63
13,64
13,65
13,66
13,67
13,68
13,69
13,70
13,71
13,72
13,73
13,74
13,75
13,76
13,77
13,78
13,79
13,80
13,81
13,82
13,197
13,199
14,15
14,16
14,17
14,18
14,19
14,20
14,21
14,22
14,23
14,24
14,25
14,26
14,27
14,28
14,29
14,30
14,31
14,32
14,33
14,34
14,35
14,36
14,37
14,38
14,39
14,40
14,41
14,42
14,43
14,44
14,45
14,46
14,47
14,48
14,49
14,50
14,51
14,52
14,53
14,54
14,55
14,56
14,57
14,58
14,59
14,60
14,61
14,62
14,63
14,64
14,65
14,66
14,67
14,68
14,69
14,70
14,71
14,72
14,73
14,74
14,75
14,76
14,77
14,78
14,79
14,80
14,81
14,82
14,85
14,86
14,87
14,88
14,89
14,90
14,91
14,92
14,97
14,99
14,101
14,102
14,104
14,105
14,110
14,112
14,113
14,114
14,115
14,117
14,118
14,129
14,130
14,131
14,133
14,134
14,136
14,137
14,138
14,139
14,142
14,143
14,145
14,146
14,149
14,152
14,159
14,160
14,163
14,170
14,171
14,174
14,176
14,178
14,189
14,192
14,198
15,16
15,17
15,18
15,19
15,20
15,21
15,22
15,23
15,24
15,25
15,26
15,27
15,28
15,29
15,30
15,31
15,32
15,33
15,34
15,35
15,36
15,37
15,38
15,39
15,40
15,41
15,42
15,43
15,44
15,45
15,46
15,47
15,48
15,49
15,50
15,51
15,52
15,53
15,54
15,55
15,56
15,57
15,58
15,59
15,60
15,61
15,62
15,63
15,64
15,65
15,66
15,67
15,68
15,69
15,70
15,71
15,72
15,73
15,74
15,75
15,76
15,77
15,78
15,79
15,80
15,81
15,82
16,17
16,18
16,19
16,20
16,21
16,22
16,23
16,24
16,25
16,26
16,27
16,28
16,29
16,30
16,31
16,32
16,33
16,34
16,35
16,36
16,37
16,38
16,39
16,40
16,41
16,42
16,43
16,44
16,45
16,46
16,47
16,48
16,49
16,50
16,51
16,52
16,53
16,54
16,55
16,56
16,57
16,58
16,59
16,60
16,61
16,62
16,63
16,64
16,65
16,66
16,67
16,68
16,69
16,70
16,71
16,72
16,73
16,74
16,75
16,76
16,77
16,78
16,79
16,80
16,81
16,82
17,18
17,19
17,20
17,21
17,22
17,23
17,24
17,25
17,26
17,27
17,28
17,29
17,30
17,31
17,32
17,33
17,34
17,35
17,36
17,37
17,38
17,39
17,40
17,41
17,42
17,43
17,44
17,45
17,46
17,47
17,48
17,49
17,50
17,51
17,52
17,53
17,54
17,55
17,56
17,57
17,58
17,59
17,60
17,61
17,62
17,63
17,64
17,65
17,66
17,67
17,68
17,69
17,70
17,71
17,72
17,73
17,74
17,75
17,76
17,77
17,78
17,79
17,80
17,81
17,82
17,85
17,86
17,87
17,88
17,89
17,90
17,91
17,92
17,97
17,99
17,101
17,102
17,104
17,105
17,110
17,112
17,113
17,114
17,115
17,117
17,118
17,129
17,130
17,131
17,133
17,134
17,136
17,137
17,138
17,139
17,142
17,143
17,145
17,146
17,149
17,152
17,159
17,160
17,163
17,170
17,171
17,174
17,176
17,178
17,189
17,192
17,198
18,19
18,20
18,21
18,22
18,23
18,24
18,25
18,26
18,27
18,28
18,29
18,30
18,31
18,32
18,33
18,34
18,35
18,36
18,37
18,38
18,39
18,40
18,41
18,42
18,43
18,44
18,45
18,46
18,47
18,48
18,49
18,50
18,51
18,52
18,53
18,54
18,55
18,56
18,57
18,58
18,59
18,60
18,61
18,62
18,63
18,64
18,65
18,66
18,67
18,68
18,69
18,70
18,71
18,72
18,73
18,74
18,75
18,76
18,77
18,78
18,79
18,80
18,81
18,82
19,20
19,21
19,22
19,23
19,24
19,25
19,26
19,27
19,28
19,29
19,30
19,31
19,32
19,33
19,34
19,35
19,36
19,37
19,38
19,39
19,40
19,41
19,42
19,43
19,44
19,45
19,46
19,47
19,48
19,49
19,50
19,51
19,52
19,53
19,54
19,55
19,56
19,57
19,58
19,59
19,60
19,61
19,62
19,63
19,64
19,65
19,66
19,67
19,68
19,69
19,70
19,71
19,72
19,73
19,74
19,75
19,76
19,77
19,78
19,79
19,80
19,81
19,82
20,21
20,22
20,23
20,24
20,25
20,26
20,27
20,28
20,29
20,30
20,31
20,32
20,33
20,34
20,35
20,36
20,37
20,38
20,39
20,40
20,41
20,42
20,43
20,44
20,45
20,46
20,47
20,48
20,49
20,50
20,51
20,52
20,53
20,54
20,55
20,56
20,57
20,58
20,59
20,60
20,61
20,62
20,63
20,64
20,65
20,66
20,67
20,68
20,69
20,70
20,71
20,72
20,73
20,74
20,75
20,76
20,77
20,78
20,79
20,80
20,81
20,82
20,85
20,86
20,87
20,88
20,89
20,90
20,91
20,92
20,97
20,99
20,101
20,102
20,104
20,105
20,110
20,112
20,113
20,114
20,115
20,117
20,118
20,129
20,130
20,131
20,133
20,134
20,136
20,137
20,138
20,139
20,142
20,143
20,145
20,146
20,149
20,152
20,159
20,160
20,163
20,170
20,171
20,174
20,176
20,178
20,189
20,192
20,198
21,22
21,23
21,24
21,25
21,26
21,27
21,28
21,29
21,30
21,31
21,32
21,33
21,34
21,35
21,36
21,37
21,38
21,39
21,40
21,41
21,42
21,43
21,44
21,45
21,46
21,47
21,48
21,49
21,50
21,51
21,52
21,53
21,54
21,55
21,56
21,57
21,58
21,59
21,60
21,61
21,62
21,63
21,64
21,65
21,66
21,67
21,68
21,69
21,70
21,71
21,72
21,73
21,74
21,75
21,76
21,77
21,78
21,79
21,80
21,81
21,82
22,23
22,24
22,25
22,26
22,27
22,28
22,29
22,30
22,31
22,32
22,33
22,34
22,35
22,36
22,37
22,38
22,39
22,40
22,41
22,42
22,43
22,44
22,45
22,46
22,47
22,48
22,49
22,50
22,51
22,52
22,53
22,54
22,55
22,56
22,57
22,58
22,59
22,60
22,61
22,62
22,63
22,64
22,65
22,66
22,67
22,68
22,69
22,70
22,71
22,72
22,73
22,74
22,75
22,76
22,77
22,78
22,79
22,80
22,81
22,82
23,24
23,25
23,26
23,27
23,28
23,29
23,30
23,31
23,32
23,33
23,34
23,35
23,36
23,37
23,38
23,39
23,40
23,41
23,42
23,43
23,44
23,45
23,46
23,47
23,48
23,49
23,50
23,51
23,52
23,53
23,54
23,55
23,56
23,57
23,58
23,59
23,60
23,61
23,62
23,63
23,64
23,65
23,66
23,67
23,68
23,69
23,70
23,71
23,72
23,73
23,74
23,75
23,76
23,77
23,78
23,79
23,80
23,81
23,82
24,25
24,26
24,27
24,28
24,29
24,30
24,31
24,32
24,33
24,34
24,35
24,36
24,37
24,38
24,39
24,40
24,41
24,42
24,43
24,44
24,45
24,46
24,47
24,48
24,49
24,50
24,51
24,52
24,53
24,54
24,55
24,56
24,57
24,58
24,59
24,60
24,61
24,62
24,63
24,64
24,65
24,66
24,67
24,68
24,69
24,70
24,71
24,72
24,73
24,74
24,75
24,76
24,77
24,78
24,79
24,80
24,81
24,82
24,85
24,86
24,87
24,88
24,89
24,90
24,91
24,92
24,97
24,99
24,101
24,102
24,104
24,105
24,110
24,112
24,113
24,114
24,115
24,117
24,118
24,129
24,130
24,131
24,133
24,134
24,136
24,137
24,138
24,139
24,142
24,143
24,145
24,146
24,149
24,152
24,159
24,160
24,163
24,170
24,171
24,174
24,176
24,178
24,189
24,192
24,198
25,26
25,27
25,28
25,29
25,30
25,31
25,32
25,33
25,34
25,35
25,36
25,37
25,38
25,39
25,40
25,41
25,42
25,43
25,44
25,45
25,46
25,47
25,48
25,49
25,50
25,51
25,52
25,53
25,54
25,55
25,56
25,57
25,58
25,59
25,60
25,61
25,62
25,63
25,64
25,65
25,66
25,67
25,68
25,69
25,70
25,71
25,72
25,73
25,74
25,75
25,76
25,77
25,78
25,79
25,80
25,81
25,82
25,85
25,86
25,87
25,88
25,89
25,90
25,91
25,92
25,97
25,99
25,101
25,102
25,104
25,105
25,110
25,112
25,113
25,114
25,115
25,117
25,118
25,129
25,130
25,131
25,133
25,134
25,136
25,137
25,138
25,139
25,142
25,143
25,145
25,146
25,149
25,152
25,159
25,160
25,163
25,170
25,171
25,174
25,176
25,178
25,189
25,192
25,198
26,27
26,28
26,29
26,30
26,31
26,32
26,33
26,34
26,35
26,36
26,37
26,38
26,39
26,40
26,41
26,42
26,43
26,44
26,45
26,46
26,47
26,48
26,49
26,50
26,51
26,52
26,53
26,54
26,55
26,56
26,57
26,58
26,59
26,60
26,61
26,62
26,63
26,64
26,65
26,66
26,67
26,68
26,69
26,70
26,71
26,72
26,73
26,74
26,75
26,76
26,77
26,78
26,79
26,80
26,81
26,82
27,28
27,29
27,30
27,31
27,32
27,33
27,34
27,35
27,36
27,37
27,38
27,39
27,40
27,41
27,42
27,43
27,44
27,45
27,46
27,47
27,48
27,49
27,50
27,51
27,52
27,53
27,54
27,55
27,56
27,57
27,58
27,59
27,60
27,61
27,62
27,63
27,64
27,65
27,66
27,67
27,68
27,69
27,70
27,71
27,72
27,73
27,74
27,75
27,76
27,77
27,78
27,79
27,80
27,81
27,82
28,29
28,30
28,31
28,32
28,33
28,34
28,35
28,36
28,37
28,38
28,39
28,40
28,41
28,42
28,43
28,44
28,45
28,46
28,47
28,48
28,49
28,50
28,51
28,52
28,53
28,54
28,55
28,56
28,57
28,58
28,59
28,60
28,61
28,62
28,63
28,64
28,65
28,66
28,67
28,68
28,69
28,70
28,71
28,72
28,73
28,74
28,75
28,76
28,77
28,78
28,79
28,80
28,81
28,82
29,30
29,31
29,32
29,33
29,34
29,35
29,36
29,37
29,38
29,39
29,40
29,41
29,42
29,43
29,44
29,45
29,46
29,47
29,48
29,49
29,50
29,51
29,52
29,53
29,54
29,55
29,56
29,57
29,58
29,59
29,60
29,61
29,62
29,63
29,64
29,65
29,66
29,67
29,68
29,69
29,70
29,71
29,72
29,73
29,74
29,75
29,76
29,77
29,78
29,79
29,80
29,81
29,82
29,85
29,86
29,87
29,88
29,89
29,90
29,91
29,92
29,97
29,99
29,101
29,102
29,104
29,105
29,110
29,112
29,113
29,114
29,115
29,117
29,118
29,129
29,130
29,131
29,133
29,134
29,136
29,137
29,138
29,139
29,142
29,143
29,145
29,146
29,149
29,152
29,159
29,160
29,163
29,170
29,171
29,174
29,176
29,178
29,189
29,192
29,198
30,31
30,32
30,33
30,34
30,35
30,36
30,37
30,38
30,39
30,40
30,41
30,42
30,43
30,44
30,45
30,46
30,47
30,48
30,49
30,50
30,51
30,52
30,53
30,54
30,55
30,56
30,57
30,58
30,59
30,60
30,61
30,62
30,63
30,64
30,65
30,66
30,67
30,68
30,69
30,70
30,71
30,72
30,73
30,74
30,75
30,76
30,77
30,78
30,79
30,80
30,81
30,82
30,85
30,86
30,87
30,88
30,89
30,90
30,91
30,92
30,97
30,99
30,101
30,102
30,104
30,105
30,110
30,112
30,113
30,114
30,115
30,117
30,118
30,129
30,130
30,131
30,133
30,134
30,136
30,137
30,138
30,139
30,142
30,143
30,145
30,146
30,149
30,152
30,159
30,160
30,163
30,170
30,171
30,174
30,176
30,178
30,189
30,192
30,198
31,32
31,33
31,34
31,35
31,36
31,37
31,38
31,39
31,40
31,41
31,42
31,43
31,44
31,45
31,46
31,47
31,48
31,49
31,50
31,51
31,52
31,53
31,54
31,55
31,56
31,57
31,58
31,59
31,60
31,61
31,62
31,63
31,64
31,65
31,66
31,67
31,68
31,69
31,70
31,71
31,72
31,73
31,74
31,75
31,76
31,77
31,78
31,79
31,80
31,81
31,82
32,33
32,34
32,35
32,36
32,37
32,38
32,39
32,40
32,41
32,42
32,43
32,44
32,45
32,46
32,47
32,48
32,49
32,50
32,51
32,52
32,53
32,54
32,55
32,56
32,57
32,58
32,59
32,60
32,61
32,62
32,63
32,64
32,65
32,66
32,67
32,68
32,69
32,70
32,71
32,72
32,73
32,74
32,75
32,76
32,77
32,78
32,79
32,80
32,81
32,82
32,85
32,86
32,87
32,88
32,89
32,90
32,91
32,92
32,97
32,99
32,101
32,102
32,104
32,105
32,110
32,112
32,113
32,114
32,115
32,117
32,118
32,129
32,130
32,131
32,133
32,134
32,136
32,137
32,138
32,139
32,142
32,143
32,145
32,146
32,149
32,152
32,159
32,160
32,163
32,170
32,171
32,174
32,176
32,178
32,189
32,192
32,198
33,34
33,35
33,36
33,37
33,38
33,39
33,40
33,41
33,42
33,43
33,44
33,45
33,46
33,47
33,48
33,49
33,50
33,51
33,52
33,53
33,54
33,55
33,56
33,57
33,58
33,59
33,60
33,61
33,62
33,63
33,64
33,65
33,66
33,67
33,68
33,69
33,70
33,71
33,72
33,73
33,74
33,75
33,76
33,77
33,78
33,79
33,80
33,81
33,82
33,85
33,86
33,87
33,88
33,89
33,90
33,91
33,92
33,97
33,99
33,101
33,102
33,104
33,105
33,110
33,112
33,113
33,114
33,115
33,117
33,118
33,129
33,130
33,131
33,133
33,134
33,136
33,137
33,138
33,139
33,142
33,143
33,145
33,146
33,149
33,152
33,159
33,160
33,163
33,170
33,171
33,174
33,176
33,178
33,189
33,192
33,198
34,35
34,36
34,37
34,38
34,39
34,40
34,41
34,42
34,43
34,44
34,45
34,46
34,47
34,48
34,49
34,50
34,51
34,52
34,53
34,54
34,55
34,56
34,57
34,58
34,59
34,60
34,61
34,62
34,63
34,64
34,65
34,66
34,67
34,68
34,69
34,70
34,71
34,72
34,73
34,74
34,75
34,76
34,77
34,78
34,79
34,80
34,81
34,82
35,36
35,37
35,38
35,39
35,40
35,41
35,42
35,43
35,44
35,45
35,46
35,47
35,48
35,49
35,50
35,51
35,52
35,53
35,54
35,55
35,56
35,57
35,58
35,59
35,60
35,61
35,62
35,63
35,64
35,65
35,66
35,67
35,68
35,69
35,70
35,71
35,72
35,73
35,74
35,75
35,76
35,77
35,78
35,79
35,80
35,81
35,82
36,37
36,38
36,39
36,40
36,41
36,42
36,43
36,44
36,45
36,46
36,47
36,48
36,49
36,50
36,51
36,52
36,53
36,54
36,55
36,56
36,57
36,58
36,59
36,60
36,61
36,62
36,63
36,64
36,65
36,66
36,67
36,68
36,69
36,70
36,71
36,72
36,73
36,74
36,75
36,76
36,77
36,78
36,79
36,80
36,81
36,82
37,38
37,39
37,40
37,41
37,42
37,43
37,44
37,45
37,46
37,47
37,48
37,49
37,50
37,51
37,52
37,53
37,54
37,55
37,56
37,57
37,58
37,59
37,60
37,61
37,62
37,63
37,64
37,65
37,66
37,67
37,68
37,69
37,70
37,71
37,72
37,73
37,74
37,75
37,76
37,77
37,78
37,79
37,80
37,81
37,82
37,85
37,86
37,87
37,88
37,89
37,90
37,91
37,92
37,97
37,99
37,101
37,102
37,104
37,105
37,110
37,112
37,113
37,114
37,115
37,117
37,118
37,129
37,130
37,131
37,133
37,134
37,136
37,137
37,138
37,139
37,142
37,143
37,145
37,146
37,149
37,152
37,159
37,160
37,163
37,170
37,171
37,174
37,176
37,178
37,189
37,192
37,198
38,39
38,40
38,41
38,42
38,43
38,44
38,45
38,46
38,47
38,48
38,49
38,50
38,51
38,52
38,53
38,54
38,55
38,56
38,57
38,58
38,59
38,60
38,61
38,62
38,63
38,64
38,65
38,66
38,67
38,68
38,69
38,70
38,71
38,72
38,73
38,74
38,75
38,76
38,77
38,78
38,79
38,80
38,81
38,82
38,85
38,86
38,87
38,88
38,89
38,90
38,91
38,92
38,97
38,99
38,101
38,102
38,104
38,105
38,110
38,112
38,113
38,114
38,115
38,117
38,118
38,129
38,130
38,131
38,133
38,134
38,136
38,137
38,138
38,139
38,142
38,143
38,145
38,146
38,149
38,152
38,159
38,160
38,163
38,170
38,171
38,174
38,176
38,178
38,189
38,192
38,198
39,40
39,41
39,42
39,43
39,44
39,45
39,46
39,47
39,48
39,49
39,50
39,51
39,52
39,53
39,54
39,55
39,56
39,57
39,58
39,59
39,60
39,61
39,62
39,63
39,64
39,65
39,66
39,67
39,68
39,69
39,70
39,71
39,72
39,73
39,74
39,75
39,76
39,77
39,78
39,79
39,80
39,81
39,82
39,85
39,86
39,87
39,88
39,89
39,90
39,91
39,92
39,97
39,99
39,101
39,102
39,104
39,105
39,110
39,112
39,113
39,114
39,115
39,117
39,118
39,129
39,130
39,131
39,133
39,134
39,136
39,137
39,138
39,139
39,142
39,143
39,145
39,146
39,149
39,152
39,159
39,160
39,163
39,170
39,171
39,174
39,176
39,178
39,189
39,192
39,198
40,41
40,42
40,43
40,44
40,45
40,46
40,47
40,48
40,49
40,50
40,51
40,52
40,53
40,54
40,55
40,56
40,57
40,58
40,59
40,60
40,61
40,62
40,63
40,64
40,65
40,66
40,67
40,68
40,69
40,70
40,71
40,72
40,73
40,74
40,75
40,76
40,77
40,78
40,79
40,80
40,81
40,82
41,42
41,43
41,44
41,45
41,46
41,47
41,48
41,49
41,50
41,51
41,52
41,53
41,54
41,55
41,56
41,57
41,58
41,59
41,60
41,61
41,62
41,63
41,64
41,65
41,66
41,67
41,68
41,69
41,70
41,71
41,72
41,73
41,74
41,75
41,76
41,77
41,78
41,79
41,80
41,81
41,82
42,43
42,44
42,45
42,46
42,47
42,48
42,49
42,50
42,51
42,52
42,53
42,54
42,55
42,56
42,57
42,58
42,59
42,60
42,61
42,62
42,63
42,64
42,65
42,66
42,67
42,68
42,69
42,70
42,71
42,72
42,73
42,74
42,75
42,76
42,77
42,78
42,79
42,80
42,81
42,82
42,85
42,86
42,87
42,88
42,89
42,90
42,91
42,92
42,97
42,99
42,101
42,102
42,104
42,105
42,110
42,112
42,113
42,114
42,115
42,117
42,118
42,129
42,130
42,131
42,133
42,134
42,136
42,137
42,138
42,139
42,142
42,143
42,145
42,146
42,149
42,152
42,159
42,160
42,163
42,170
42,171
42,174
42,176
42,178
42,189
42,192
42,198
43,44
43,45
43,46
43,47
43,48
43,49
43,50
43,51
43,52
43,53
43,54
43,55
43,56
43,57
43,58
43,59
43,60
43,61
43,62
43,63
43,64
43,65
43,66
43,67
43,68
43,69
43,70
43,71
43,72
43,73
43,74
43,75
43,76
43,77
43,78
43,79
43,80
43,81
43,82
44,45
44,46
44,47
44,48
44,49
44,50
44,51
44,52
44,53
44,54
44,55
44,56
44,57
44,58
44,59
44,60
44,61
44,62
44,63
44,64
44,65
44,66
44,67
44,68
44,69
44,70
44,71
44,72
44,73
44,74
44,75
44,76
44,77
44,78
44,79
44,80
44,81
44,82
45,46
45,47
45,48
45,49
45,50
45,51
45,52
45,53
45,54
45,55
45,56
45,57
45,58
45,59
45,60
45,61
45,62
45,63
45,64
45,65
45,66
45,67
45,68
45,69
45,70
45,71
45,72
45,73
45,74
45,75
45,76
45,77
45,78
45,79
45,80
45,81
45,82
45,85
45,86
45,87
45,88
45,89
45,90
45,91
45,92
45,97
45,99
45,101
45,102
45,104
45,105
45,110
45,112
45,113
45,114
45,115
45,117
45,118
45,129
45,130
45,131
45,133
45,134
45,136
45,137
45,138
45,139
45,142
45,143
45,145
45,146
45,149
45,152
45,159
45,160
45,163
45,170
45,171
45,174
45,176
45,178
45,189
45,192
45,198
46,47
46,48
46,49
46,50
46,51
46,52
46,53
46,54
46,55
46,56
46,57
46,58
46,59
46,60
46,61
46,62
46,63
46,64
46,65
46,66
46,67
46,68
46,69
46,70
46,71
46,72
46,73
46,74
46,75
46,76
46,77
46,78
46,79
46,80
46,81
46,82
47,48
47,49
47,50
47,51
47,52
47,53
47,54
47,55
47,56
47,57
47,58
47,59
47,60
47,61
47,62
47,63
47,64
47,65
47,66
47,67
47,68
47,69
47,70
47,71
47,72
47,73
47,74
47,75
47,76
47,77
47,78
47,79
47,80
47,81
47,82
47,85
47,86
47,87
47,88
47,89
47,90
47,91
47,92
47,97
47,99
47,101
47,102
47,104
47,105
47,110
47,112
47,113
47,114
47,115
47,117
47,118
47,129
47,130
47,131
47,133
47,134
47,136
47,137
47,138
47,139
47,142
47,143
47,145
47,146
47,149
47,152
47,159
47,160
47,163
47,170
47,171
47,174
47,176
47,178
47,189
47,192
47,198
48,49
48,50
48,51
48,52
48,53
48,54
48,55
48,56
48,57
48,58
48,59
48,60
48,61
48,62
48,63
48,64
48,65
48,66
48,67
48,68
48,69
48,70
48,71
48,72
48,73
48,74
48,75
48,76
48,77
48,78
48,79
48,80
48,81
48,82
49,50
49,51
49,52
49,53
49,54
49,55
49,56
49,57
49,58
49,59
49,60
49,61
49,62
49,63
49,64
49,65
49,66
49,67
49,68
49,69
49,70
49,71
49,72
49,73
49,74
49,75
49,76
49,77
49,78
49,79
49,80
49,81
49,82
49,85
49,86
49,87
49,88
49,89
49,90
49,91
49,92
49,97
49,99
49,101
49,102
49,104
49,105
49,110
49,112
49,113
49,114
49,115
49,117
49,118
49,129
49,130
49,131
49,133
49,134
49,136
49,137
49,138
49,139
49,142
49,143
49,145
49,146
49,149
49,152
49,159
49,160
49,163
49,170
49,171
49,174
49,176
49,178
49,189
49,192
49,198
50,51
50,52
50,53
50,54
50,55
50,56
50,57
50,58
50,59
50,60
50,61
50,62
50,63
50,64
50,65
50,66
50,67
50,68
50,69
50,70
50,71
50,72
50,73
50,74
50,75
50,76
50,77
50,78
50,79
50,80
50,81
50,82
50,85
50,86
50,87
50,88
50,89
50,90
50,91
50,92
50,97
50,99
50,101
50,102
50,104
50,105
50,110
50,112
50,113
50,114
50,115
50,117
50,118
50,129
50,130
50,131
50,133
50,134
50,136
50,137
50,138
50,139
50,142
50,143
50,145
50,146
50,149
50,152
50,159
50,160
50,163
50,170
50,171
50,174
50,176
50,178
50,189
50,192
50,198
51,52
51,53
51,54
51,55
51,56
51,57
51,58
51,59
51,60
51,61
51,62
51,63
51,64
51,65
51,66
51,67
51,68
51,69
51,70
51,71
51,72
51,73
51,74
51,75
51,76
51,77
51,78
51,79
51,80
51,81
51,82
51,85
51,86
51,87
51,88
51,89
51,90
51,91
51,92
51,97
51,99
51,101
51,102
51,104
51,105
51,110
51,112
51,113
51,114
51,115
51,117
51,118
51,129
51,130
51,131
51,133
51,134
51,136
51,137
51,138
51,139
51,142
51,143
51,145
51,146
51,149
51,152
51,159
51,160
51,163
51,170
51,171
51,174
51,176
51,178
51,189
51,192
51,198
52,53
52,54
52,55
52,56
52,57
52,58
52,59
52,60
52,61
52,62
52,63
52,64
52,65
52,66
52,67
52,68
52,69
52,70
52,71
52,72
52,73
52,74
52,75
52,76
52,77
52,78
52,79
52,80
52,81
52,82
52,85
52,86
52,87
52,88
52,89
52,90
52,91
52,92
52,97
52,99
52,101
52,102
52,104
52,105
52,110
52,112
52,113
52,114
52,115
52,117
52,118
52,129
52,130
52,131
52,133
52,134
52,136
52,137
52,138
52,139
52,142
52,143
52,145
52,146
52,149
52,152
52,159
52,160
52,163
52,170
52,171
52,174
52,176
52,178
52,189
52,192
52,198
53,54
53,55
53,56
53,57
53,58
53,59
53,60
53,61
53,62
53,63
53,64
53,65
53,66
53,67
53,68
53,69
53,70
53,71
53,72
53,73
53,74
53,75
53,76
53,77
53,78
53,79
53,80
53,81
53,82
53,85
53,86
53,87
53,88
53,89
53,90
53,91
53,92
53,97
53,99
53,101
53,102
53,104
53,105
53,110
53,112
53,113
53,114
53,115
53,117
53,118
53,129
53,130
53,131
53,133
53,134
53,136
53,137
53,138
53,139
53,142
53,143
53,145
53,146
53,149
53,152
53,159
53,160
53,163
53,170
53,171
53,174
53,176
53,178
53,189
53,192
53,198
54,55
54,56
54,57
54,58
54,59
54,60
54,61
54,62
54,63
54,64
54,65
54,66
54,67
54,68
54,69
54,70
54,71
54,72
54,73
54,74
54,75
54,76
54,77
54,78
54,79
54,80
54,81
54,82
54,85
54,86
54,87
54,88
54,89
54,90
54,91
54,92
54,97
54,99
54,101
54,102
54,104
54,105
54,110
54,112
54,113
54,114
54,115
54,117
54,118
54,129
54,130
54,131
54,133
54,134
54,136
54,137
54,138
54,139
54,142
54,143
54,145
54,146
54,149
54,152
54,159
54,160
54,163
54,170
54,171
54,174
54,176
54,178
54,189
54,192
54,198
55,56
55,57
55,58
55,59
55,60
55,61
55,62
55,63
55,64
55,65
55,66
55,67
55,68
55,69
55,70
55,71
55,72
55,73
55,74
55,75
55,76
55,77
55,78
55,79
55,80
55,81
55,82
55,85
55,86
55,87
55,88
55,89
55,90
55,91
55,92
55,97
55,99
55,101
55,102
55,104
55,105
55,110
55,112
55,113
55,114
55,115
55,117
55,118
55,129
55,130
55,131
55,133
55,134
55,136
55,137
55,138
55,139
55,142
55,143
55,145
55,146
55,149
55,152
55,159
55,160
55,163
55,170
55,171
55,174
55,176
55,178
55,189
55,192
55,198
56,57
56,58
56,59
56,60
56,61
56,62
56,63
56,64
56,65
56,66
56,67
56,68
56,69
56,70
56,71
56,72
56,73
56,74
56,75
56,76
56,77
56,78
56,79
56,80
56,81
56,82
57,58
57,59
57,60
57,61
57,62
57,63
57,64
57,65
57,66
57,67
57,68
57,69
57,70
57,71
57,72
57,73
57,74
57,75
57,76
57,77
57,78
57,79
57,80
57,81
57,82
57,85
57,86
57,87
57,88
57,89
57,90
57,91
57,92
57,97
57,99
57,101
57,102
57,104
57,105
57,110
57,112
57,113
57,114
57,115
57,117
57,118
57,129
57,130
57,131
57,133
57,134
57,136
57,137
57,138
57,139
57,142
57,143
57,145
57,146
57,149
57,152
57,159
57,160
57,163
57,170
57,171
57,174
57,176
57,178
57,189
57,192
57,198
58,59
58,60
58,61
58,62
58,63
58,64
58,65
58,66
58,67
58,68
58,69
58,70
58,71
58,72
58,73
58,74
58,75
58,76
58,77
58,78
58,79
58,80
58,81
58,82
58,85
58,86
58,87
58,88
58,89
58,90
58,91
58,92
58,97
58,99
58,101
58,102
58,104
58,105
58,110
58,112
58,113
58,114
58,115
58,117
58,118
58,129
58,130
58,131
58,133
58,134
58,136
58,137
58,138
58,139
58,142
58,143
58,145
58,146
58,149
58,152
58,159
58,160
58,163
58,170
58,171
58,174
58,176
58,178
58,189
58,192
58,198
59,60
59,61
59,62
59,63
59,64
59,65
59,66
59,67
59,68
59,69
59,70
59,71
59,72
59,73
59,74
59,75
59,76
59,77
59,78
59,79
59,80
59,81
59,82
59,85
59,86
59,87
59,88
59,89
59,90
59,91
59,92
59,97
59,99
59,101
59,102
59,104
59,105
59,110
59,112
59,113
59,114
59,115
59,117
59,118
59,129
59,130
59,131
59,133
59,134
59,136
59,137
59,138
59,139
59,142
59,143
59,145
59,146
59,149
59,152
59,159
59,160
59,163
59,170
59,171
59,174
59,176
59,178
59,189
59,192
59,198
60,61
60,62
60,63
60,64
60,65
60,66
60,67
60,68
60,69
60,70
60,71
60,72
60,73
60,74
60,75
60,76
60,77
60,78
60,79
60,80
60,81
60,82
60,85
60,86
60,87
60,88
60,89
60,90
60,91
60,92
60,97
60,99
60,101
60,102
60,104
60,105
60,110
60,112
60,113
60,114
60,115
60,117
60,118
60,129
60,130
60,131
60,133
60,134
60,136
60,137
60,138
60,139
60,142
60,143
60,145
60,146
60,149
60,152
60,159
60,160
60,163
60,170
60,171
60,174
60,176
60,178
60,189
60,192
60,198
61,62
61,63
61,64
61,65
61,66
61,67
61,68
61,69
61,70
61,71
61,72
61,73
61,74
61,75
61,76
61,77
61,78
61,79
61,80
61,81
61,82
61,85
61,86
61,87
61,88
61,89
61,90
61,91
61,92
61,97
61,99
61,101
61,102
61,104
61,105
61,110
61,112
61,113
61,114
61,115
61,117
61,118
61,129
61,130
61,131
61,133
61,134
61,136
61,137
61,138
61,139
61,142
61,143
61,145
61,146
61,149
61,152
61,159
61,160
61,163
61,170
61,171
61,174
61,176
61,178
61,189
61,192
61,198
62,63
62,64
62,65
62,66
62,67
62,68
62,69
62,70
62,71
62,72
62,73
62,74
62,75
62,76
62,77
62,78
62,79
62,80
62,81
62,82
63,64
63,65
63,66
63,67
63,68
63,69
63,70
63,71
63,72
63,73
63,74
63,75
63,76
63,77
63,78
63,79
63,80
63,81
63,82
64,65
64,66
64,67
64,68
64,69
64,70
64,71
64,72
64,73
64,74
64,75
64,76
64,77
64,78
64,79
64,80
64,81
64,82
65,66
65,67
65,68
65,69
65,70
65,71
65,72
65,73
65,74
65,75
65,76
65,77
65,78
65,79
65,80
65,81
65,82
65,85
65,86
65,87
65,88
65,89
65,90
65,91
65,92
65,97
65,99
65,101
65,102
65,104
65,105
65,110
65,112
65,113
65,114
65,115
65,117
65,118
65,129
65,130
65,131
65,133
65,134
65,136
65,137
65,138
65,139
65,142
65,143
65,145
65,146
65,149
65,152
65,159
65,160
65,163
65,170
65,171
65,174
65,176
65,178
65,189
65,192
65,198
66,67
66,68
66,69
66,70
66,71
66,72
66,73
66,74
66,75
66,76
66,77
66,78
66,79
66,80
66,81
66,82
67,68
67,69
67,70
67,71
67,72
67,73
67,74
67,75
67,76
67,77
67,78
67,79
67,80
67,81
67,82
68,69
68,70
68,71
68,72
68,73
68,74
68,75
68,76
68,77
68,78
68,79
68,80
68,81
68,82
68,85
68,86
68,87
68,88
68,89
68,90
68,91
68,92
68,97
68,99
68,101
68,102
68,104
68,105
68,110
68,112
68,113
68,114
68,115
68,117
68,118
68,129
68,130
68,131
68,133
68,134
68,136
68,137
68,138
68,139
68,142
68,143
68,145
68,146
68,149
68,152
68,159
68,160
68,163
68,170
68,171
68,174
68,176
68,178
68,189
68,192
68,198
69,70
69,71
69,72
69,73
69,74
69,75
69,76
69,77
69,78
69,79
69,80
69,81
69,85
69,86
69,87
69,88
69,89
69,90
69,91
69,92
69,97
69,99
69,101
69,102
69,104
69,105
69,110
69,112
69,113
69,114
69,115
69,117
69,118
69,129
69,130
69,131
69,133
69,134
69,136
69,137
69,138
69,139
69,142
69,143
69,145
69,146
69,149
69,152
69,159
69,160
69,163
69,170
69,171
69,174
69,176
69,178
69,189
69,192
69,198
70,71
70,72
70,73
70,74
70,75
70,76
70,77
70,78
70,79
70,80
70,81
70,82
71,72
71,73
71,74
71,75
71,76
71,77
71,78
71,79
71,80
71,81
71,82
72,73
72,74
72,75
72,76
72,77
72,78
72,79
72,80
72,81
72,82
72,85
72,86
72,87
72,88
72,89
72,90
72,91
72,92
72,97
72,99
72,101
72,102
72,104
72,105
72,110
72,112
72,113
72,114
72,115
72,117
72,118
72,129
72,130
72,131
72,133
72,134
72,136
72,137
72,138
72,139
72,142
72,143
72,145
72,146
72,149
72,152
72,159
72,160
72,163
72,170
72,171
72,174
72,176
72,178
72,189
72,192
72,198
73,74
73,75
73,76
73,77
73,78
73,79
73,80
73,81
73,82
74,75
74,76
74,77
74,78
74,79
74,80
74,81
74,82
75,76
75,77
75,78
75,79
75,80
75,81
75,82
75,85
75,86
75,87
75,88
75,89
75,90
75,91
75,92
75,97
75,99
75,101
75,102
75,104
75,105
75,110
75,112
75,113
75,114
75,115
75,117
75,118
75,129
75,130
75,131
75,133
75,134
75,136
75,137
75,138
75,139
75,142
75,143
75,145
75,146
75,149
75,152
75,159
75,160
75,163
75,170
75,171
75,174
75,176
75,178
75,189
75,192
75,198
76,77
76,78
76,79
76,80
76,81
76,82
77,78
77,79
77,80
77,81
77,82
78,79
78,80
78,81
78,82
79,80
79,81
79,82
80,81
80,82
81,82
81,85
81,86
81,87
81,88
81,89
81,90
81,91
81,92
81,97
81,99
81,101
81,102
81,104
81,105
81,110
81,112
81,113
81,114
81,115
81,117
81,118
81,129
81,130
81,131
81,133
81,134
81,136
81,137
81,138
81,139
81,142
81,143
81,145
81,146
81,149
81,152
81,159
81,160
81,163
81,170
81,171
81,174
81,176
81,178
81,189
81,192
81,198
85,86
85,87
85,88
85,89
85,90
85,91
85,92
85,97
85,99
85,101
85,102
85,104
85,105
85,110
85,112
85,113
85,114
85,115
85,117
85,118
85,129
85,130
85,131
85,133
85,134
85,136
85,137
85,138
85,139
85,142
85,143
85,145
85,146
85,149
85,152
85,159
85,160
85,163
85,170
85,171
85,174
85,176
85,178
85,189
85,192
85,198
86,87
86,88
86,89
86,90
86,91
86,92
86,97
86,99
86,101
86,102
86,104
86,105
86,110
86,112
86,113
86,114
86,115
86,117
86,118
86,129
86,130
86,131
86,133
86,134
86,136
86,137
86,138
86,139
86,142
86,143
86,145
86,146
86,149
86,152
86,159
86,160
86,163
86,170
86,171
86,174
86,176
86,178
86,189
86,192
86,198
87,88
87,89
87,90
87,91
87,92
87,97
87,99
87,101
87,102
87,104
87,105
87,110
87,112
87,113
87,114
87,115
87,117
87,118
87,129
87,130
87,131
87,133
87,134
87,136
87,137
87,138
87,139
87,142
87,143
87,145
87,146
87,149
87,152
87,159
87,160
87,163
87,170
87,171
87,174
87,176
87,178
87,189
87,192
87,198
88,89
88,90
88,91
88,92
88,97
88,99
88,101
88,102
88,104
88,105
88,110
88,112
88,113
88,114
88,115
88,117
88,118
88,129
88,130
88,131
88,133
88,134
88,136
88,137
88,138
88,139
88,142
88,143
88,145
88,146
88,149
88,152
88,159
88,160
88,163
88,170
88,171
88,174
88,176
88,178
88,189
88,192
88,198
89,90
89,91
89,92
89,97
89,99
89,101
89,102
89,104
89,105
89,110
89,112
89,113
89,114
89,115
89,117
89,118
89,129
89,130
89,131
89,133
89,134
89,136
89,137
89,138
89,139
89,142
89,143
89,145
89,146
89,149
89,152
89,159
89,160
89,163
89,170
89,171
89,174
89,176
89,178
89,189
89,192
89,198
90,91
90,92
90,97
90,99
90,101
90,102
90,104
90,105
90,110
90,112
90,113
90,114
90,115
90,117
90,118
90,129
90,130
90,131
90,133
90,134
90,136
90,137
90,138
90,139
90,142
90,143
90,145
90,146
90,149
90,152
90,159
90,160
90,163
90,170
90,171
90,174
90,176
90,178
90,189
90,192
90,198
91,92
91,97
91,99
91,101
91,102
91,104
91,105
91,110
91,112
91,113
91,114
91,115
91,117
91,118
91,129
91,130
91,131
91,133
91,134
91,136
91,137
91,138
91,139
91,142
91,143
91,145
91,146
91,149
91,152
91,159
91,160
91,163
91,170
91,171
91,174
91,176
91,178
91,189
91,192
91,198
92,97
92,99
92,101
92,102
92,104
92,105
92,110
92,112
92,113
92,114
92,115
92,117
92,118
92,129
92,130
92,131
92,133
92,134
92,136
92,137
92,138
92,139
92,142
92,143
92,145
92,146
92,149
92,152
92,159
92,160
92,163
92,170
92,171
92,174
92,176
92,178
92,189
92,192
92,198
97,99
97,101
97,102
97,104
97,105
97,110
97,112
97,113
97,114
97,115
97,117
97,118
97,129
97,130
97,131
97,133
97,134
97,136
97,137
97,138
97,139
97,142
97,143
97,145
97,146
97,149
97,152
97,159
97,160
97,163
97,170
97,171
97,174
97,176
97,178
97,189
97,192
97,198
99,101
99,102
99,104
99,105
99,110
99,112
99,113
99,114
99,115
99,117
99,118
99,129
99,130
99,131
99,133
99,134
99,136
99,137
99,138
99,139
99,142
99,143
99,145
99,146
99,149
99,152
99,159
99,160
99,163
99,170
99,171
99,174
99,176
99,178
99,189
99,192
99,198
101,102
101,104
101,105
101,110
101,112
101,113
101,114
101,115
101,117
101,118
101,129
101,130
101,131
101,133
101,134
101,136
101,137
101,138
101,139
101,142
101,143
101,145
101,146
101,149
101,152
101,159
101,160
101,163
101,170
101,171
101,174
101,176
101,178
101,189
101,192
101,198
102,104
102,105
102,110
102,112
102,113
102,114
102,115
102,117
102,118
102,129
102,130
102,131
102,133
102,134
102,136
102,137
102,138
102,139
102,142
102,143
102,145
102,146
102,149
102,152
102,159
102,160
102,163
102,170
102,171
102,174
102,176
102,178
102,189
102,192
102,198
104,105
104,110
104,112
104,113
104,114
104,115
104,117
104,118
104,129
104,130
104,131
104,133
104,134
104,136
104,137
104,138
104,139
104,142
104,143
104,145
104,146
104,149
104,152
104,159
104,160
104,163
104,170
104,171
104,174
104,176
104,178
104,189
104,192
104,198
105,110
105,112
105,113
105,114
105,115
105,117
105,118
105,129
105,130
105,131
105,133
105,134
105,136
105,137
105,138
105,139
105,142
105,143
105,145
105,146
105,149
105,152
105,159
105,160
105,163
105,170
105,171
105,174
105,176
105,178
105,189
105,192
105,198
110,112
110,113
110,114
110,115
110,117
110,118
110,129
110,130
110,131
110,133
110,134
110,136
110,137
110,138
110,139
110,142
110,143
110,145
110,146
110,149
110,152
110,159
110,160
110,163
110,170
110,171
110,174
110,176
110,178
110,189
110,192
110,198
112,113
112,114
112,115
112,117
112,118
112,129
112,130
112,131
112,133
112,134
112,136
112,137
112,138
112,139
112,142
112,143
112,145
112,146
112,149
112,152
112,159
112,160
112,163
112,170
112,171
112,174
112,176
112,178
112,189
112,192
112,198
113,114
113,115
113,117
113,118
113,129
113,130
113,131
113,133
113,134
113,136
113,137
113,138
113,139
113,142
113,143
113,145
113,146
113,149
113,152
113,159
113,160
113,163
113,170
113,171
113,174
113,176
113,178
113,189
113,192
113,198
114,115
114,117
114,118
114,129
114,130
114,131
114,133
114,134
114,136
114,137
114,138
114,139
114,142
114,143
114,145
114,146
114,149
114,152
114,159
114,160
114,163
114,170
114,171
114,174
114,176
114,178
114,189
114,192
114,198
115,117
115,118
115,129
115,130
115,131
115,133
115,134
115,136
115,137
115,138
115,139
115,142
115,143
115,145
115,146
115,149
115,152
115,159
115,160
115,163
115,170
115,171
115,174
115,176
115,178
115,189
115,192
115,198
117,118
117,129
117,130
117,131
117,133
117,134
117,136
117,137
117,138
117,139
117,142
117,143
117,145
117,146
117,149
117,152
117,159
117,160
117,163
117,170
117,171
117,174
117,176
117,178
117,189
117,192
117,198
118,129
118,130
118,131
118,133
118,134
118,136
118,137
118,138
118,139
118,142
118,143
118,145
118,146
118,149
118,152
118,159
118,160
118,163
118,170
118,171
118,174
118,176
118,178
118,189
118,192
118,198
129,130
129,131
129,133
129,134
129,136
129,137
129,138
129,139
129,142
129,143
129,145
129,146
129,149
129,152
129,159
129,160
129,163
129,170
129,171
129,174
129,176
129,178
129,189
129,192
129,198
130,131
130,133
130,134
130,136
130,137
130,138
130,139
130,142
130,143
130,145
130,146
130,149
130,152
130,159
130,160
130,163
130,170
130,171
130,174
130,176
130,178
130,189
130,192
130,198
131,133
131,134
131,136
131,137
131,138
131,139
131,142
131,143
131,145
131,146
131,149
131,152
131,159
131,160
131,163
131,170
131,171
131,174
131,176
131,178
131,189
131,192
131,198
133,134
133,136
133,137
133,138
133,139
133,142
133,143
133,145
133,146
133,149
133,152
133,159
133,160
133,163
133,170
133,171
133,174
133,176
133,178
133,189
133,192
133,198
134,136
134,137
134,138
134,139
134,142
134,143
134,145
134,146
134,149
134,152
134,159
134,160
134,163
134,170
134,171
134,174
134,176
134,178
134,189
134,192
134,198
136,137
136,138
136,139
136,142
136,143
136,145
136,146
136,149
136,152
136,159
136,160
136,163
136,170
136,171
136,174
136,176
136,178
136,189
136,192
136,198
137,138
137,139
137,142
137,143
137,145
137,146
137,149
137,152
137,159
137,160
137,163
137,170
137,171
137,174
137,176
137,178
137,189
137,192
137,198
138,139
138,142
138,143
138,145
138,146
138,149
138,152
138,159
138,160
138,163
138,170
138,171
138,174
138,176
138,178
138,189
138,192
138,198
139,142
139,143
139,145
139,146
139,149
139,152
139,159
139,160
139,163
139,170
139,171
139,174
139,176
139,178
139,189
139,192
139,198
142,143
142,145
142,146
142,149
142,152
142,159
142,160
142,163
142,170
142,171
142,174
142,176
142,178
142,189
142,192
142,198
143,145
143,146
143,149
143,152
143,159
143,160
143,163
143,170
143,171
143,174
143,176
143,178
143,189
143,192
143,198
145,146
145,149
145,152
145,159
145,160
145,163
145,170
145,171
145,174
145,176
145,178
145,189
145,192
145,198
146,149
146,152
146,159
146,160
146,163
146,170
146,171
146,174
146,176
146,178
146,189
146,192
146,198
149,152
149,159
149,160
149,163
149,170
149,171
149,174
149,176
149,178
149,189
149,192
149,198
152,159
152,160
152,163
152,170
152,171
152,174
152,176
152,178
152,189
152,192
152,198
159,160
159,163
159,170
159,171
159,174
159,176
159,178
159,189
159,192
159,198
160,163
160,170
160,171
160,174
160,176
160,178
160,189
160,192
160,198
163,170
163,171
163,174
163,176
163,178
163,189
163,192
163,198
170,171
170,174
170,176
170,178
170,189
170,192
170,198
171,174
171,176
171,178
171,189
171,192
171,198
174,176
174,178
174,189
174,192
174,198
176,178
176,189
176,192
176,198
178,189
178,192
178,198
189,192
189,198
192,198
193,194
193,196
193,197
193,199
194,196
194,197
194,199
195,196
195,197
196,197
197,198
197,199
198,199
