0,1
0,2
0,3
0,4
0,5
0,6
0,7
0,8
0,9
0,10
0,11
0,12
0,13
0,14
0,15
0,16
0,17
0,18
0,19
0,20
0,21
0,22
0,23
0,24
0,25
0,26
0,27
0,28
0,29
0,30
0,31
0,32
0,33
0,34
0,35
0,36
0,37
0,38
0,39
0,40
0,41
0,42
0,43
0,44
0,45
0,46
0,47
0,48
0,49
0,50
0,51
0,52
0,53
0,54
0,55
0,56
0,57
0,58
0,59
0,60
0,61
0,62
0,63
0,64
0,65
0,66
0,67
0,68
0,69
0,70
0,71
0,72
0,73
0,74
0,75
0,76
0,77
0,78
0,79
0,80
0,81
0,82
0,83
0,84
0,85
0,86
0,87
0,88
0,89
0,90
0,91
0,92
0,93
1,2
1,3
1,4
1,5
1,6
1,7
1,8
1,9
1,10
1,11
1,12
1,13
1,14
1,15
1,16
1,17
1,18
1,19
1,20
1,21
1,22
1,23
1,24
1,25
1,26
1,27
1,28
1,29
1,30
1,31
1,32
1,33
1,34
1,35
1,36
1,37
1,38
1,39
1,40
1,41
1,42
1,43
1,44
1,45
1,46
1,47
1,48
1,49
1,50
1,51
1,52
1,53
1,54
1,55
1,56
1,57
1,58
1,59
1,60
1,61
1,62
1,63
1,64
1,65
1,66
1,67
1,68
1,69
1,70
1,71
1,72
1,73
1,74
1,75
1,76
1,77
1,78
1,79
1,80
1,81
1,82
1,83
1,84
1,85
1,86
1,87
1,88
1,89
1,90
1,91
1,92
1,93
1,94
1,97
1,99
1,100
1,101
1,102
1,105
1,106
1,108
1,109
1,110
1,114
1,115
1,116
1,118
1,120
1,122
1,123
1,126
1,128
1,131
1,132
1,134
1,135
1,136
1,140
1,144
1,146
1,147
1,151
1,153
1,159
1,160
1,163
1,165
1,168
1,170
1,171
1,180
1,181
1,187
1,189
1,190
1,191
1,192
1,194
1,195
1,196
1,197
2,3
2,4
2,5
2,6
2,7
2,8
2,9
2,10
2,11
2,12
2,13
2,14
2,15
2,16
2,17
2,18
2,19
2,20
2,21
2,22
2,23
2,24
2,25
2,26
2,27
2,28
2,29
2,30
2,31
2,32
2,33
2,34
2,35
2,36
2,37
2,38
2,39
2,40
2,41
2,42
2,43
2,44
2,45
2,46
2,47
2,48
2,49
2,50
2,51
2,52
2,53
2,54
2,55
2,56
2,57
2,58
2,59
2,60
2,61
2,62
2,63
2,64
2,65
2,66
2,67
2,68
2,69
2,70
2,71
2,72
2,73
2,74
2,75
2,76
2,77
2,78
2,79
2,80
2,81
2,82
2,83
2,84
2,85
2,86
2,87
2,88
2,89
2,90
2,91
2,92
2,93
3,4
3,5
3,6
3,7
3,8
3,9
3,10
3,11
3,12
3,13
3,14
3,15
3,16
3,17
3,18
3,19
3,20
3,21
3,22
3,23
3,24
3,25
3,26
3,27
3,28
3,29
3,30
3,31
3,32
3,33
3,34
3,35
3,36
3,37
3,38
3,39
3,40
3,41
3,42
3,43
3,44
3,45
3,46
3,47
3,48
3,49
3,50
3,51
3,52
3,53
3,54
3,55
3,56
3,57
3,58
3,59
3,60
3,61
3,62
3,63
3,64
3,65
3,66
3,67
3,68
3,69
3,70
3,71
3,72
3,73
3,74
3,75
3,76
3,77
3,78
3,79
3,80
3,81
3,82
3,83
3,84
3,85
3,86
3,87
3,88
3,89
3,90
3,91
3,92
3,93
4,5
4,6
4,7
4,8
4,9
4,10
4,11
4,12
4,13
4,14
4,15
4,16
4,17
4,18
4,19
4,20
4,21
4,22
4,23
4,24
4,25
4,26
4,27
4,28
4,29
4,30
4,31
4,32
4,33
4,34
4,35
4,36
4,37
4,38
4,39
4,40
4,41
4,42
4,43
4,44
4,45
4,46
4,47
4,48
4,49
4,50
4,51
4,52
4,53
4,54
4,55
4,56
4,57
4,58
4,59
4,60
4,61
4,62
4,63
4,64
4,65
4,66
4,67
4,68
4,69
4,70
4,71
4,72
4,73
4,74
4,75
4,76
4,77
4,78
4,79
4,80
4,81
4,82
4,83
4,84
4,85
4,86
4,87
4,88
4,89
4,90
4,91
4,92
4,93
4,94
4,97
4,99
4,100
4,101
4,102
4,105
4,106
4,108
4,109
4,110
4,114
4,115
4,116
4,118
4,120
4,122
4,123
4,126
4,128
4,131
4,132
4,134
4,135
4,136
4,140
4,144
4,146
4,147
4,151
4,153
4,159
4,160
4,163
4,165
4,168
4,170
4,171
4,180
4,181
4,187
4,189
4,190
4,191
4,192
4,194
4,195
4,196
4,197
5,6
5,7
5,8
5,9
5,10
5,11
5,12
5,13
5,14
5,15
5,16
5,17
5,18
5,19
5,20
5,21
5,22
5,23
5,24
5,25
5,26
5,27
5,28
5,29
5,30
5,31
5,32
5,33
5,34
5,35
5,36
5,37
5,38
5,39
5,40
5,41
5,42
5,43
5,44
5,45
5,46
5,47
5,48
5,49
5,50
5,51
5,52
5,53
5,54
5,55
5,56
5,57
5,58
5,59
5,60
5,61
5,62
5,63
5,64
5,65
5,66
5,67
5,68
5,69
5,70
5,71
5,72
5,73
5,74
5,75
5,76
5,77
5,78
5,79
5,80
5,81
5,82
5,83
5,84
5,85
5,86
5,87
5,88
5,89
5,90
5,91
5,92
5,93
5,94
5,97
5,99
5,100
5,101
5,102
5,105
5,106
5,108
5,109
5,110
5,114
5,115
5,116
5,118
5,120
5,122
5,123
5,126
5,128
5,131
5,132
5,134
5,135
5,136
5,140
5,144
5,146
5,147
5,151
5,153
5,159
5,160
5,163
5,165
5,168
5,170
5,171
5,180
5,181
5,187
5,189
5,190
5,191
5,192
5,194
5,195
5,196
5,197
6,7
6,8
6,9
6,10
6,11
6,12
6,13
6,14
6,15
6,16
6,17
6,18
6,19
6,20
6,21
6,22
6,23
6,24
6,25
6,26
6,27
6,28
6,29
6,30
6,31
6,32
6,33
6,34
6,35
6,36
6,37
6,38
6,39
6,40
6,41
6,42
6,43
6,44
6,45
6,46
6,47
6,48
6,49
6,50
6,51
6,52
6,53
6,54
6,55
6,56
6,57
6,58
6,59
6,60
6,61
6,62
6,63
6,64
6,65
6,66
6,67
6,68
6,69
6,70
6,71
6,72
6,73
6,74
6,75
6,76
6,77
6,78
6,79
6,80
6,81
6,82
6,83
6,84
6,85
6,86
6,87
6,88
6,89
6,90
6,91
6,92
6,93
6,94
6,97
6,99
6,100
6,101
6,102
6,105
6,106
6,108
6,109
6,110
6,114
6,115
6,116
6,118
6,120
6,122
6,123
6,126
6,128
6,131
6,132
6,134
6,135
6,136
6,140
6,144
6,146
6,147
6,151
6,153
6,159
6,160
6,163
6,165
6,168
6,170
6,171
6,180
6,181
6,187
6,189
6,190
6,191
6,192
6,194
6,195
6,196
6,197
7,8
7,9
7,10
7,11
7,12
7,13
7,14
7,15
7,16
7,17
7,18
7,19
7,20
7,21
7,22
7,23
7,24
7,25
7,26
7,27
7,28
7,29
7,30
7,31
7,32
7,33
7,34
7,35
7,36
7,37
7,38
7,39
7,40
7,41
7,42
7,43
7,44
7,45
7,46
7,47
7,48
7,49
7,50
7,51
7,52
7,53
7,54
7,55
7,56
7,57
7,58
7,59
7,60
7,61
7,62
7,63
7,64
7,65
7,66
7,67
7,68
7,69
7,70
7,71
7,72
7,73
7,74
7,75
7,76
7,77
7,78
7,79
7,80
7,81
7,82
7,83
7,84
7,85
7,86
7,87
7,88
7,89
7,90
7,91
7,92
7,93
8,9
8,10
8,11
8,12
8,13
8,14
8,15
8,16
8,17
8,18
8,19
8,20
8,21
8,22
8,23
8,24
8,25
8,26
8,27
8,28
8,29
8,30
8,31
8,32
8,33
8,34
8,35
8,36
8,37
8,38
8,39
8,40
8,41
8,42
8,43
8,44
8,45
8,46
8,47
8,48
8,49
8,50
8,51
8,52
8,53
8,54
8,55
8,56
8,57
8,58
8,59
8,60
8,61
8,62
8,63
8,64
8,65
8,66
8,67
8,68
8,69
8,70
8,71
8,72
8,73
8,74
8,75
8,76
8,77
8,78
8,79
8,80
8,81
8,82
8,83
8,84
8,85
8,86
8,87
8,88
8,89
8,90
8,91
8,92
8,93
8,94
8,97
8,99
8,100
8,101
8,102
8,105
8,106
8,108
8,109
8,110
8,114
8,115
8,116
8,118
8,120
8,122
8,123
8,126
8,128
8,131
8,132
8,134
8,135
8,136
8,140
8,144
8,146
8,147
8,151
8,153
8,159
8,160
8,163
8,165
8,168
8,170
8,171
8,180
8,181
8,187
8,189
8,190
8,191
8,192
8,194
8,195
8,196
8,197
9,10
9,11
9,12
9,13
9,14
9,15
9,16
9,17
9,18
9,19
9,20
9,21
9,22
9,23
9,24
9,25
9,26
9,27
9,28
9,29
9,30
9,31
9,32
9,33
9,34
9,35
9,36
9,37
9,38
9,39
9,40
9,41
9,42
9,43
9,44
9,45
9,46
9,47
9,48
9,49
9,50
9,51
9,52
9,53
9,54
9,55
9,56
9,57
9,58
9,59
9,60
9,61
9,62
9,63
9,64
9,65
9,66
9,67
9,68
9,69
9,70
9,71
9,72
9,73
9,74
9,75
9,76
9,77
9,78
9,79
9,80
9,81
9,82
9,83
9,84
9,85
9,86
9,87
9,88
9,89
9,90
9,91
9,92
9,93
10,11
10,12
10,13
10,14
10,15
10,16
10,17
10,18
10,19
10,20
10,21
10,22
10,23
10,24
10,25
10,26
10,27
10,28
10,29
10,30
10,31
10,32
10,33
10,34
10,35
10,36
10,37
10,38
10,39
10,40
10,41
10,42
10,43
10,44
10,45
10,46
10,47
10,48
10,49
10,50
10,51
10,52
10,53
10,54
10,55
10,56
10,57
10,58
10,59
10,60
10,61
10,62
10,63
10,64
10,65
10,66
10,67
10,68
10,69
10,70
10,71
10,72
10,73
10,74
10,75
10,76
10,77
10,78
10,79
10,80
10,81
10,82
10,83
10,84
10,85
10,86
10,87
10,88
10,89
10,90
10,91
10,92
10,93
11,12
11,13
11,14
11,15
11,16
11,17
11,18
11,19
11,20
11,21
11,22
11,23
11,24
11,25
11,26
11,27
11,28
11,29
11,30
11,31
11,32
11,33
11,34
11,35
11,36
11,37
11,38
11,39
11,40
11,41
11,42
11,43
11,44
11,45
11,46
11,47
11,48
11,49
11,50
11,51
11,52
11,53
11,54
11,55
11,56
11,57
11,58
11,59
11,60
11,61
11,62
11,63
11,64
11,65
11,66
11,67
11,68
11,69
11,70
11,71
11,72
11,73
11,74
11,75
11,76
11,77
11,78
11,79
11,80
11,81
11,82
11,83
11,84
11,85
11,86
11,87
11,88
11,89
11,90
11,91
11,92
11,93
12,13
12,14
12,15
12,16
12,17
12,18
12,19
12,20
12,21
12,22
12,23
12,24
12,25
12,26
12,27
12,28
12,29
12,30
12,31
12,32
12,33
12,34
12,35
12,36
12,37
12,38
12,39
12,40
12,41
12,42
12,43
12,44
12,45
12,46
12,47
12,48
12,49
12,50
12,51
12,52
12,53
12,54
12,55
12,56
12,57
12,58
12,59
12,60
12,61
12,62
12,63
12,64
12,65
12,66
12,67
12,68
12,69
12,70
12,71
12,72
12,73
12,74
12,75
12,76
12,77
12,78
12,79
12,80
12,81
12,82
12,83
12,84
12,85
12,86
12,87
12,88
12,89
12,90
12,91
12,92
12,93
12,94
12,97
12,99
12,100
12,101
12,102
12,105
12,106
12,108
12,109
12,110
12,114
12,115
12,116
12,118
12,120
12,122
12,123
12,126
12,128
12,131
12,132
12,134
12,135
12,136
12,140
12,144
12,146
12,147
12,151
12,153
12,159
12,160
12,163
12,165
12,168
12,170
12,171
12,180
12,181
12,187
12,189
12,190
12,191
12,192
12,194
12,195
12,196
12,197
13,14
13,15
13,16
13,17
13,18
13,19
13,20
13,21
13,22
13,23
13,24
13,25
13,26
13,27
13,28
13,29
13,30
13,31
13,32
13,33
13,34
13,35
13,36
13,37
13,38
13,39
13,40
13,41
13,42
13,43
13,44
13,45
13,46
13,47
13,48
13,49
13,50
13,51
13,52
13,53
13,54
13,55
13,56
13,57
13,58
13,59
13,60
13,61
13,62
13,63
13,64
13,65
13,66
13,67
13,68
13,69
13,70
13,71
13,72
13,73
13,74
13,75
13,76
13,77
13,78
13,79
13,80
13,81
13,82
13,83
13,84
13,85
13,86
13,87
13,88
13,89
13,90
13,91
13,92
13,93
13,94
13,97
13,99
13,100
13,101
13,102
13,105
13,106
13,108
13,109
13,110
13,114
13,115
13,116
13,118
13,120
13,122
13,123
13,126
13,128
13,131
13,132
13,134
13,135
13,136
13,140
13,144
13,146
13,147
13,151
13,153
13,159
13,160
13,163
13,165
13,168
13,170
13,171
13,180
13,181
13,187
13,189
13,190
13,191
13,192
13,194
13,195
13,196
13,197
14,15
14,16
14,17
14,18
14,19
14,20
14,21
14,22
14,23
14,24
14,25
14,26
14,27
14,28
14,29
14,30
14,31
14,32
14,33
14,34
14,35
14,36
14,37
14,38
14,39
14,40
14,41
14,42
14,43
14,44
14,45
14,46
14,47
14,48
14,49
14,50
14,51
14,52
14,53
14,54
14,55
14,56
14,57
14,58
14,59
14,60
14,61
14,62
14,63
14,64
14,65
14,66
14,67
14,68
14,69
14,70
14,71
14,72
14,73
14,74
14,75
14,76
14,77
14,78
14,79
14,80
14,81
14,82
14,83
14,84
14,85
14,86
14,87
14,88
14,89
14,90
14,91
14,92
14,93
15,16
15,17
15,18
15,19
15,20
15,21
15,22
15,23
15,24
15,25
15,26
15,27
15,28
15,29
15,30
15,31
15,32
15,33
15,34
15,35
15,36
15,37
15,38
15,39
15,40
15,41
15,42
15,43
15,44
15,45
15,46
15,47
15,48
15,49
15,50
15,51
15,52
15,53
15,54
15,55
15,56
15,57
15,58
15,59
15,60
15,61
15,62
15,63
15,64
15,65
15,66
15,67
15,68
15,69
15,70
15,71
15,72
15,73
15,74
15,75
15,76
15,77
15,78
15,79
15,80
15,81
15,82
15,83
15,84
15,85
15,86
15,87
15,88
15,89
15,90
15,91
15,92
15,93
16,17
16,18
16,19
16,20
16,21
16,22
16,23
16,24
16,25
16,26
16,27
16,28
16,29
16,30
16,31
16,32
16,33
16,34
16,35
16,36
16,37
16,38
16,39
16,40
16,41
16,42
16,43
16,44
16,45
16,46
16,47
16,48
16,49
16,50
16,51
16,52
16,53
16,54
16,55
16,56
16,57
16,58
16,59
16,60
16,61
16,62
16,63
16,64
16,65
16,66
16,67
16,68
16,69
16,70
16,71
16,72
16,73
16,74
16,75
16,76
16,77
16,78
16,79
16,80
16,81
16,82
16,83
16,84
16,85
16,86
16,87
16,88
16,89
16,90
16,91
16,92
16,93
17,18
17,19
17,20
17,21
17,22
17,23
17,24
17,25
17,26
17,27
17,28
17,29
17,30
17,31
17,32
17,33
17,34
17,35
17,36
17,37
17,38
17,39
17,40
17,41
17,42
17,43
17,44
17,45
17,46
17,47
17,48
17,49
17,50
17,51
17,52
17,53
17,54
17,55
17,56
17,57
17,58
17,59
17,60
17,61
17,62
17,63
17,64
17,65
17,66
17,67
17,68
17,69
17,70
17,71
17,72
17,73
17,74
17,75
17,76
17,77
17,78
17,79
17,80
17,81
17,82
17,83
17,84
17,85
17,86
17,87
17,88
17,89
17,90
17,91
17,92
17,93
17,94
17,97
17,99
17,100
17,101
17,102
17,105
17,106
17,108
17,109
17,110
17,114
17,115
17,116
17,118
17,120
17,122
17,123
17,126
17,128
17,131
17,132
17,134
17,135
17,136
17,140
17,144
17,146
17,147
17,151
17,153
17,159
17,160
17,163
17,165
17,168
17,170
17,171
17,180
17,181
17,187
17,189
17,190
17,191
17,192
17,194
17,195
17,196
17,197
18,19
18,20
18,21
18,22
18,23
18,24
18,25
18,26
18,27
18,28
18,29
18,30
18,31
18,32
18,33
18,34
18,35
18,36
18,37
18,38
18,39
18,40
18,41
18,42
18,43
18,44
18,45
18,46
18,47
18,48
18,49
18,50
18,51
18,52
18,53
18,54
18,55
18,56
18,57
18,58
18,59
18,60
18,61
18,62
18,63
18,64
18,65
18,66
18,67
18,68
18,69
18,70
18,71
18,72
18,73
18,74
18,75
18,76
18,77
18,78
18,79
18,80
18,81
18,82
18,83
18,84
18,85
18,86
18,87
18,88
18,89
18,90
18,91
18,92
18,93
19,20
19,21
19,22
19,23
19,24
19,25
19,26
19,27
19,28
19,29
19,30
19,31
19,32
19,33
19,34
19,35
19,36
19,37
19,38
19,39
19,40
19,41
19,42
19,43
19,44
19,45
19,46
19,47
19,48
19,49
19,50
19,51
19,52
19,53
19,54
19,55
19,56
19,57
19,58
19,59
19,60
19,61
19,62
19,63
19,64
19,65
19,66
19,67
19,68
19,69
19,70
19,71
19,72
19,73
19,74
19,75
19,76
19,77
19,78
19,79
19,80
19,81
19,82
19,83
19,84
19,85
19,86
19,87
19,88
19,89
19,90
19,91
19,92
19,93
19,94
19,97
19,99
19,100
19,101
19,102
19,105
19,106
19,108
19,109
19,110
19,114
19,115
19,116
19,118
19,120
19,122
19,123
19,126
19,128
19,131
19,132
19,134
19,135
19,136
19,140
19,144
19,146
19,147
19,151
19,153
19,159
19,160
19,163
19,165
19,168
19,170
19,171
19,180
19,181
19,187
19,189
19,190
19,191
19,192
19,194
19,195
19,196
19,197
20,21
20,22
20,23
20,24
20,25
20,26
20,27
20,28
20,29
20,30
20,31
20,32
20,33
20,34
20,35
20,36
20,37
20,38
20,39
20,40
20,41
20,42
20,43
20,44
20,45
20,46
20,47
20,48
20,49
20,50
20,51
20,52
20,53
20,54
20,55
20,56
20,57
20,58
20,59
20,60
20,61
20,62
20,63
20,64
20,65
20,66
20,67
20,68
20,69
20,70
20,71
20,72
20,73
20,74
20,75
20,76
20,77
20,78
20,79
20,80
20,81
20,82
20,83
20,84
20,85
20,86
20,87
20,88
20,89
20,90
20,91
20,92
20,93
21,22
21,23
21,24
21,25
21,26
21,27
21,28
21,29
21,30
21,31
21,32
21,33
21,34
21,35
21,36
21,37
21,38
21,39
21,40
21,41
21,42
21,43
21,44
21,45
21,46
21,47
21,48
21,49
21,50
21,51
21,52
21,53
21,54
21,55
21,56
21,57
21,58
21,59
21,60
21,61
21,62
21,63
21,64
21,65
21,66
21,67
21,68
21,69
21,70
21,71
21,72
21,73
21,74
21,75
21,76
21,77
21,78
21,79
21,80
21,81
21,82
21,83
21,84
21,85
21,86
21,87
21,88
21,89
21,90
21,91
21,92
21,93
22,23
22,24
22,25
22,26
22,27
22,28
22,29
22,30
22,31
22,32
22,33
22,34
22,35
22,36
22,37
22,38
22,39
22,40
22,41
22,42
22,43
22,44
22,45
22,46
22,47
22,48
22,49
22,50
22,51
22,52
22,53
22,54
22,55
22,56
22,57
22,58
22,59
22,60
22,61
22,62
22,63
22,64
22,65
22,66
22,67
22,68
22,69
22,70
22,71
22,72
22,73
22,74
22,75
22,76
22,77
22,78
22,79
22,80
22,81
22,82
22,83
22,84
22,85
22,86
22,87
22,88
22,89
22,90
22,91
22,92
22,93
23,24
23,25
23,26
23,27
23,28
23,29
23,30
23,31
23,32
23,33
23,34
23,35
23,36
23,37
23,38
23,39
23,40
23,41
23,42
23,43
23,44
23,45
23,46
23,47
23,48
23,49
23,50
23,51
23,52
23,53
23,54
23,55
23,56
23,57
23,58
23,59
23,60
23,61
23,62
23,63
23,64
23,65
23,66
23,67
23,68
23,69
23,70
23,71
23,72
23,73
23,74
23,75
23,76
23,77
23,78
23,79
23,80
23,81
23,82
23,83
23,84
23,85
23,86
23,87
23,88
23,89
23,90
23,91
23,92
23,93
24,25
24,26
24,27
24,28
24,29
24,30
24,31
24,32
24,33
24,34
24,35
24,36
24,37
24,38
24,39
24,40
24,41
24,42
24,43
24,44
24,45
24,46
24,47
24,48
24,49
24,50
24,51
24,52
24,53
24,54
24,55
24,56
24,57
24,58
24,59
24,60
24,61
24,62
24,63
24,64
24,65
24,66
24,67
24,68
24,69
24,70
24,71
24,72
24,73
24,74
24,75
24,76
24,77
24,78
24,79
24,80
24,81
24,82
24,83
24,84
24,85
24,86
24,87
24,88
24,89
24,90
24,91
24,92
24,93
25,26
25,27
25,28
25,29
25,30
25,31
25,32
25,33
25,34
25,35
25,36
25,37
25,38
25,39
25,40
25,41
25,42
25,43
25,44
25,45
25,46
25,47
25,48
25,49
25,50
25,51
25,52
25,53
25,54
25,55
25,56
25,57
25,58
25,59
25,60
25,61
25,62
25,63
25,64
25,65
25,66
25,67
25,68
25,69
25,70
25,71
25,72
25,73
25,74
25,75
25,76
25,77
25,78
25,79
25,80
25,81
25,82
25,83
25,84
25,85
25,86
25,87
25,88
25,89
25,90
25,91
25,92
25,93
26,27
26,28
26,29
26,30
26,31
26,32
26,33
26,34
26,35
26,36
26,37
26,38
26,39
26,40
26,41
26,42
26,43
26,44
26,45
26,46
26,47
26,48
26,49
26,50
26,51
26,52
26,53
26,54
26,55
26,56
26,57
26,58
26,59
26,60
26,61
26,62
26,63
26,64
26,65
26,66
26,67
26,68
26,69
26,70
26,71
26,72
26,73
26,74
26,75
26,76
26,77
26,78
26,79
26,80
26,81
26,82
26,83
26,84
26,85
26,86
26,87
26,88
26,89
26,90
26,91
26,92
26,93
27,28
27,29
27,30
27,31
27,32
27,33
27,34
27,35
27,36
27,37
27,38
27,39
27,40
27,41
27,42
27,43
27,44
27,45
27,46
27,47
27,48
27,49
27,50
27,51
27,52
27,53
27,54
27,55
27,56
27,57
27,58
27,59
27,60
27,61
27,62
27,63
27,64
27,65
27,66
27,67
27,68
27,69
27,70
27,71
27,72
27,73
27,74
27,75
27,76
27,77
27,78
27,79
27,80
27,81
27,82
27,83
27,84
27,85
27,86
27,87
27,88
27,89
27,90
27,91
27,92
27,93
28,29
28,30
28,31
28,32
28,33
28,34
28,35
28,36
28,37
28,38
28,39
28,40
28,41
28,42
28,43
28,44
28,45
28,46
28,47
28,48
28,49
28,50
28,51
28,52
28,53
28,54
28,55
28,56
28,57
28,58
28,59
28,60
28,61
28,62
28,63
28,64
28,65
28,66
28,67
28,68
28,69
28,70
28,71
28,72
28,73
28,74
28,75
28,76
28,77
28,78
28,79
28,80
28,81
28,82
28,83
28,84
28,85
28,86
28,87
28,88
28,89
28,90
28,91
28,92
28,93
28,94
28,97
28,99
28,100
28,101
28,102
28,105
28,106
28,108
28,109
28,110
28,114
28,115
28,116
28,118
28,120
28,122
28,123
28,126
28,128
28,131
28,132
28,134
28,135
28,136
28,140
28,144
28,146
28,147
28,151
28,153
28,159
28,160
28,163
28,165
28,168
28,170
28,171
28,180
28,181
28,187
28,189
28,190
28,191
28,192
28,194
28,195
28,196
28,197
29,30
29,31
29,32
29,33
29,34
29,35
29,36
29,37
29,38
29,39
29,40
29,41
29,42
29,43
29,44
29,45
29,46
29,47
29,48
29,49
29,50
29,51
29,52
29,53
29,54
29,55
29,56
29,57
29,58
29,59
29,60
29,61
29,62
29,63
29,64
29,65
29,66
29,67
29,68
29,69
29,70
29,71
29,72
29,73
29,74
29,75
29,76
29,77
29,78
29,79
29,80
29,81
29,82
29,83
29,84
29,85
29,86
29,87
29,88
29,89
29,90
29,91
29,92
29,93
29,94
29,97
29,99
29,100
29,101
29,102
29,105
29,106
29,108
29,109
29,110
29,114
29,115
29,116
29,118
29,120
29,122
29,123
29,126
29,128
29,131
29,132
29,134
29,135
29,136
29,140
29,144
29,146
29,147
29,151
29,153
29,159
29,160
29,163
29,165
29,168
29,170
29,171
29,180
29,181
29,187
29,189
29,190
29,191
29,192
29,194
29,195
29,196
29,197
30,31
30,32
30,33
30,34
30,35
30,36
30,37
30,38
30,39
30,40
30,41
30,42
30,43
30,44
30,45
30,46
30,47
30,48
30,49
30,50
30,51
30,52
30,53
30,54
30,55
30,56
30,57
30,58
30,59
30,60
30,61
30,62
30,63
30,64
30,65
30,66
30,67
30,68
30,69
30,70
30,71
30,72
30,73
30,74
30,75
30,76
30,77
30,78
30,79
30,80
30,81
30,82
30,83
30,84
30,85
30,86
30,87
30,88
30,89
30,90
30,91
30,92
30,93
30,94
30,97
30,99
30,100
30,101
30,102
30,105
30,106
30,108
30,109
30,110
30,114
30,115
30,116
30,118
30,120
30,122
30,123
30,126
30,128
30,131
30,132
30,134
30,135
30,136
30,140
30,144
30,146
30,147
30,151
30,153
30,159
30,160
30,163
30,165
30,168
30,170
30,171
30,180
30,181
30,187
30,189
30,190
30,191
30,192
30,194
30,195
30,196
30,197
31,32
31,33
31,34
31,35
31,36
31,37
31,38
31,39
31,40
31,41
31,42
31,43
31,44
31,45
31,46
31,47
31,48
31,49
31,50
31,51
31,52
31,53
31,54
31,55
31,56
31,57
31,58
31,59
31,60
31,61
31,62
31,63
31,64
31,65
31,66
31,67
31,68
31,69
31,70
31,71
31,72
31,73
31,74
31,75
31,76
31,77
31,78
31,79
31,80
31,81
31,82
31,83
31,84
31,85
31,86
31,87
31,88
31,89
31,90
31,91
31,92
31,93
32,33
32,34
32,35
32,36
32,37
32,38
32,39
32,40
32,41
32,42
32,43
32,44
32,45
32,46
32,47
32,48
32,49
32,50
32,51
32,52
32,53
32,54
32,55
32,56
32,57
32,58
32,59
32,60
32,61
32,62
32,63
32,64
32,65
32,66
32,67
32,68
32,69
32,70
32,71
32,72
32,73
32,74
32,75
32,76
32,77
32,78
32,79
32,80
32,81
32,82
32,83
32,84
32,85
32,86
32,87
32,88
32,89
32,90
32,91
32,92
32,93
33,34
33,35
33,36
33,37
33,38
33,39
33,40
33,41
33,42
33,43
33,44
33,45
33,46
33,47
33,48
33,49
33,50
33,51
33,52
33,53
33,54
33,55
33,56
33,57
33,58
33,59
33,60
33,61
33,62
33,63
33,64
33,65
33,66
33,67
33,68
33,69
33,70
33,71
33,72
33,73
33,74
33,75
33,76
33,77
33,78
33,79
33,80
33,81
33,82
33,83
33,84
33,85
33,86
33,87
33,88
33,89
33,90
33,91
33,92
33,93
33,94
33,97
33,99
33,100
33,101
33,102
33,105
33,106
33,108
33,109
33,110
33,114
33,115
33,116
33,118
33,120
33,122
33,123
33,126
33,128
33,131
33,132
33,134
33,135
33,136
33,140
33,144
33,146
33,147
33,151
33,153
33,159
33,160
33,163
33,165
33,168
33,170
33,171
33,180
33,181
33,187
33,189
33,190
33,191
33,192
33,194
33,195
33,196
33,197
34,35
34,36
34,37
34,38
34,39
34,40
34,41
34,42
34,43
34,44
34,45
34,46
34,47
34,48
34,49
34,50
34,51
34,52
34,53
34,54
34,55
34,56
34,57
34,58
34,59
34,60
34,61
34,62
34,63
34,64
34,65
34,66
34,67
34,68
34,69
34,70
34,71
34,72
34,73
34,74
34,75
34,76
34,77
34,78
34,79
34,80
34,81
34,82
34,83
34,84
34,85
34,86
34,87
34,88
34,89
34,90
34,91
34,92
34,93
34,94
34,97
34,99
34,100
34,101
34,102
34,105
34,106
34,108
34,109
34,110
34,114
34,115
34,116
34,118
34,120
34,122
34,123
34,126
34,128
34,131
34,132
34,134
34,135
34,136
34,140
34,144
34,146
34,147
34,151
34,153
34,159
34,160
34,163
34,165
34,168
34,170
34,171
34,180
34,181
34,187
34,189
34,190
34,191
34,192
34,194
34,195
34,196
34,197
35,36
35,37
35,38
35,39
35,40
35,41
35,42
35,43
35,44
35,45
35,46
35,47
35,48
35,49
35,50
35,51
35,52
35,53
35,54
35,55
35,56
35,57
35,58
35,59
35,60
35,61
35,62
35,63
35,64
35,65
35,66
35,67
35,68
35,69
35,70
35,71
35,72
35,73
35,74
35,75
35,76
35,77
35,78
35,79
35,80
35,81
35,82
35,83
35,84
35,85
35,86
35,87
35,88
35,89
35,90
35,91
35,92
35,93
35,94
35,97
35,99
35,100
35,101
35,102
35,105
35,106
35,108
35,109
35,110
35,114
35,115
35,116
35,118
35,120
35,122
35,123
35,126
35,128
35,131
35,132
35,134
35,135
35,136
35,140
35,144
35,146
35,147
35,151
35,153
35,159
35,160
35,163
35,165
35,168
35,170
35,171
35,180
35,181
35,187
35,189
35,190
35,191
35,192
35,194
35,195
35,196
35,197
36,37
36,38
36,39
36,40
36,41
36,42
36,43
36,44
36,45
36,46
36,47
36,48
36,49
36,50
36,51
36,52
36,53
36,54
36,55
36,56
36,57
36,58
36,59
36,60
36,61
36,62
36,63
36,64
36,65
36,66
36,67
36,68
36,69
36,70
36,71
36,72
36,73
36,74
36,75
36,76
36,77
36,78
36,79
36,80
36,81
36,82
36,83
36,84
36,85
36,86
36,87
36,88
36,89
36,90
36,91
36,92
36,93
37,38
37,39
37,40
37,41
37,42
37,43
37,44
37,45
37,46
37,47
37,48
37,49
37,50
37,51
37,52
37,53
37,54
37,55
37,56
37,57
37,58
37,59
37,60
37,61
37,62
37,63
37,64
37,65
37,66
37,67
37,68
37,69
37,70
37,71
37,72
37,73
37,74
37,75
37,76
37,77
37,78
37,79
37,80
37,81
37,82
37,83
37,84
37,85
37,86
37,87
37,88
37,89
37,90
37,91
37,92
37,93
37,94
37,97
37,99
37,100
37,101
37,102
37,105
37,106
37,108
37,109
37,110
37,114
37,115
37,116
37,118
37,120
37,122
37,123
37,126
37,128
37,131
37,132
37,134
37,135
37,136
37,140
37,144
37,146
37,147
37,151
37,153
37,159
37,160
37,163
37,165
37,168
37,170
37,171
37,180
37,181
37,187
37,189
37,190
37,191
37,192
37,194
37,195
37,196
37,197
38,39
38,40
38,41
38,42
38,43
38,44
38,45
38,46
38,47
38,48
38,49
38,50
38,51
38,52
38,53
38,54
38,55
38,56
38,57
38,58
38,59
38,60
38,61
38,62
38,63
38,64
38,65
38,66
38,67
38,68
38,69
38,70
38,71
38,72
38,73
38,74
38,75
38,76
38,77
38,78
38,79
38,80
38,81
38,82
38,83
38,84
38,85
38,86
38,87
38,88
38,89
38,90
38,91
38,92
38,93
38,94
38,97
38,99
38,100
38,101
38,102
38,105
38,106
38,108
38,109
38,110
38,114
38,115
38,116
38,118
38,120
38,122
38,123
38,126
38,128
38,131
38,132
38,134
38,135
38,136
38,140
38,144
38,146
38,147
38,151
38,153
38,159
38,160
38,163
38,165
38,168
38,170
38,171
38,180
38,181
38,187
38,189
38,190
38,191
38,192
38,194
38,195
38,196
38,197
39,40
39,41
39,42
39,43
39,44
39,45
39,46
39,47
39,48
39,49
39,50
39,51
39,52
39,53
39,54
39,55
39,56
39,57
39,58
39,59
39,60
39,61
39,62
39,63
39,64
39,65
39,66
39,67
39,68
39,69
39,70
39,71
39,72
39,73
39,74
39,75
39,76
39,77
39,78
39,79
39,80
39,81
39,82
39,83
39,84
39,85
39,86
39,87
39,88
39,89
39,90
39,91
39,92
39,93
40,41
40,42
40,43
40,44
40,45
40,46
40,47
40,48
40,49
40,50
40,51
40,52
40,53
40,54
40,55
40,56
40,57
40,58
40,59
40,60
40,61
40,62
40,63
40,64
40,65
40,66
40,67
40,68
40,69
40,70
40,71
40,72
40,73
40,74
40,75
40,76
40,77
40,78
40,79
40,80
40,81
40,82
40,83
40,84
40,85
40,86
40,87
40,88
40,89
40,90
40,91
40,92
40,93
40,94
40,97
40,99
40,100
40,101
40,102
40,105
40,106
40,108
40,109
40,110
40,114
40,115
40,116
40,118
40,120
40,122
40,123
40,126
40,128
40,131
40,132
40,134
40,135
40,136
40,140
40,144
40,146
40,147
40,151
40,153
40,159
40,160
40,163
40,165
40,168
40,170
40,171
40,180
40,181
40,187
40,189
40,190
40,191
40,192
40,194
40,195
40,196
40,197
41,42
41,43
41,44
41,45
41,46
41,47
41,48
41,49
41,50
41,51
41,52
41,53
41,54
41,55
41,56
41,57
41,58
41,59
41,60
41,61
41,62
41,63
41,64
41,65
41,66
41,67
41,68
41,69
41,70
41,71
41,72
41,73
41,74
41,75
41,76
41,77
41,78
41,79
41,80
41,81
41,82
41,83
41,84
41,85
41,86
41,87
41,88
41,89
41,90
41,91
41,92
41,93
41,94
41,97
41,99
41,100
41,101
41,102
41,105
41,106
41,108
41,109
41,110
41,114
41,115
41,116
41,118
41,120
41,122
41,123
41,126
41,128
41,131
41,132
41,134
41,135
41,136
41,140
41,144
41,146
41,147
41,151
41,153
41,159
41,160
41,163
41,165
41,168
41,170
41,171
41,180
41,181
41,187
41,189
41,190
41,191
41,192
41,194
41,195
41,196
41,197
42,43
42,44
42,45
42,46
42,47
42,48
42,49
42,50
42,51
42,52
42,53
42,54
42,55
42,56
42,57
42,58
42,59
42,60
42,61
42,62
42,63
42,64
42,65
42,66
42,67
42,68
42,69
42,70
42,71
42,72
42,73
42,74
42,75
42,76
42,77
42,78
42,79
42,80
42,81
42,82
42,83
42,84
42,85
42,86
42,87
42,88
42,89
42,90
42,91
42,92
42,93
42,94
42,97
42,99
42,100
42,101
42,102
42,105
42,106
42,108
42,109
42,110
42,114
42,115
42,116
42,118
42,120
42,122
42,123
42,126
42,128
42,131
42,132
42,134
42,135
42,136
42,140
42,144
42,146
42,147
42,151
42,153
42,159
42,160
42,163
42,165
42,168
42,170
42,171
42,180
42,181
42,187
42,189
42,190
42,191
42,192
42,194
42,195
42,196
42,197
43,44
43,45
43,46
43,47
43,48
43,49
43,50
43,51
43,52
43,53
43,54
43,55
43,56
43,57
43,58
43,59
43,60
43,61
43,62
43,63
43,64
43,65
43,66
43,67
43,68
43,69
43,70
43,71
43,72
43,73
43,74
43,75
43,76
43,77
43,78
43,79
43,80
43,81
43,82
43,83
43,84
43,85
43,86
43,87
43,88
43,89
43,90
43,91
43,92
43,93
43,94
43,97
43,99
43,100
43,101
43,102
43,105
43,106
43,108
43,109
43,110
43,114
43,115
43,116
43,118
43,120
43,122
43,123
43,126
43,128
43,131
43,132
43,134
43,135
43,136
43,140
43,144
43,146
43,147
43,151
43,153
43,159
43,160
43,163
43,165
43,168
43,170
43,171
43,180
43,181
43,187
43,189
43,190
43,191
43,192
43,194
43,195
43,196
43,197
44,45
44,46
44,47
44,48
44,49
44,50
44,51
44,52
44,53
44,54
44,55
44,56
44,57
44,58
44,59
44,60
44,61
44,62
44,63
44,64
44,65
44,66
44,67
44,68
44,69
44,70
44,71
44,72
44,73
44,74
44,75
44,76
44,77
44,78
44,79
44,80
44,81
44,82
44,83
44,84
44,85
44,86
44,87
44,88
44,89
44,90
44,91
44,92
44,93
45,46
45,47
45,48
45,49
45,50
45,51
45,52
45,53
45,54
45,55
45,56
45,57
45,58
45,59
45,60
45,61
45,62
45,63
45,64
45,65
45,66
45,67
45,68
45,69
45,70
45,71
45,72
45,73
45,74
45,75
45,76
45,77
45,78
45,79
45,80
45,81
45,82
45,83
45,84
45,85
45,86
45,87
45,88
45,89
45,90
45,91
45,92
45,93
45,94
45,97
45,99
45,100
45,101
45,102
45,105
45,106
45,108
45,109
45,110
45,114
45,115
45,116
45,118
45,120
45,122
45,123
45,126
45,128
45,131
45,132
45,134
45,135
45,136
45,140
45,144
45,146
45,147
45,151
45,153
45,159
45,160
45,163
45,165
45,168
45,170
45,171
45,180
45,181
45,187
45,189
45,190
45,191
45,192
45,194
45,195
45,196
45,197
46,47
46,48
46,49
46,50
46,51
46,52
46,53
46,54
46,55
46,56
46,57
46,58
46,59
46,60
46,61
46,62
46,63
46,64
46,65
46,66
46,67
46,68
46,69
46,70
46,71
46,72
46,73
46,74
46,75
46,76
46,77
46,78
46,79
46,80
46,81
46,82
46,83
46,84
46,85
46,86
46,87
46,88
46,89
46,90
46,91
46,92
46,93
46,94
46,97
46,99
46,100
46,101
46,102
46,105
46,106
46,108
46,109
46,110
46,114
46,115
46,116
46,118
46,120
46,122
46,123
46,126
46,128
46,131
46,132
46,134
46,135
46,136
46,140
46,144
46,146
46,147
46,151
46,153
46,159
46,160
46,163
46,165
46,168
46,170
46,171
46,180
46,181
46,187
46,189
46,190
46,191
46,192
46,194
46,195
46,196
46,197
47,48
47,49
47,50
47,51
47,52
47,53
47,54
47,55
47,56
47,57
47,58
47,59
47,60
47,61
47,62
47,63
47,64
47,65
47,66
47,67
47,68
47,69
47,70
47,71
47,72
47,73
47,74
47,75
47,76
47,77
47,78
47,79
47,80
47,81
47,82
47,83
47,84
47,85
47,86
47,87
47,88
47,89
47,90
47,91
47,92
47,93
48,49
48,50
48,51
48,52
48,53
48,54
48,55
48,56
48,57
48,58
48,59
48,60
48,61
48,62
48,63
48,64
48,65
48,66
48,67
48,68
48,69
48,70
48,71
48,72
48,73
48,74
48,75
48,76
48,77
48,78
48,79
48,80
48,81
48,82
48,83
48,84
48,85
48,86
48,87
48,88
48,89
48,90
48,91
48,92
48,93
48,94
48,97
48,99
48,100
48,101
48,102
48,105
48,106
48,108
48,109
48,110
48,114
48,115
48,116
48,118
48,120
48,122
48,123
48,126
48,128
48,131
48,132
48,134
48,135
48,136
48,140
48,144
48,146
48,147
48,151
48,153
48,159
48,160
48,163
48,165
48,168
48,170
48,171
48,180
48,181
48,187
48,189
48,190
48,191
48,192
48,194
48,195
48,196
48,197
49,50
49,51
49,52
49,53
49,54
49,55
49,56
49,57
49,58
49,59
49,60
49,61
49,62
49,63
49,64
49,65
49,66
49,67
49,68
49,69
49,70
49,71
49,72
49,73
49,74
49,75
49,76
49,77
49,78
49,79
49,80
49,81
49,82
49,83
49,84
49,85
49,86
49,87
49,88
49,89
49,90
49,91
49,92
49,93
50,51
50,52
50,53
50,54
50,55
50,56
50,57
50,58
50,59
50,60
50,61
50,62
50,63
50,64
50,65
50,66
50,67
50,68
50,69
50,70
50,71
50,72
50,73
50,74
50,75
50,76
50,77
50,78
50,79
50,80
50,81
50,82
50,83
50,84
50,85
50,86
50,87
50,88
50,89
50,90
50,91
50,92
50,93
51,52
51,53
51,54
51,55
51,56
51,57
51,58
51,59
51,60
51,61
51,62
51,63
51,64
51,65
51,66
51,67
51,68
51,69
51,70
51,71
51,72
51,73
51,74
51,75
51,76
51,77
51,78
51,79
51,80
51,81
51,82
51,83
51,84
51,85
51,86
51,87
51,88
51,89
51,90
51,91
51,92
51,93
52,53
52,54
52,55
52,56
52,57
52,58
52,59
52,60
52,61
52,62
52,63
52,64
52,65
52,66
52,67
52,68
52,69
52,70
52,71
52,72
52,73
52,74
52,75
52,76
52,77
52,78
52,79
52,80
52,81
52,82
52,83
52,84
52,85
52,86
52,87
52,88
52,89
52,90
52,91
52,92
52,93
52,94
52,97
52,99
52,100
52,101
52,102
52,105
52,106
52,108
52,109
52,110
52,114
52,115
52,116
52,118
52,120
52,122
52,123
52,126
52,128
52,131
52,132
52,134
52,135
52,136
52,140
52,144
52,146
52,147
52,151
52,153
52,159
52,160
52,163
52,165
52,168
52,170
52,171
52,180
52,181
52,187
52,189
52,190
52,191
52,192
52,194
52,195
52,196
52,197
53,54
53,55
53,56
53,57
53,58
53,59
53,60
53,61
53,62
53,63
53,64
53,65
53,66
53,67
53,68
53,69
53,70
53,71
53,72
53,73
53,74
53,75
53,76
53,77
53,78
53,79
53,80
53,81
53,82
53,83
53,84
53,85
53,86
53,87
53,88
53,89
53,90
53,91
53,92
53,93
53,94
53,97
53,99
53,100
53,101
53,102
53,105
53,106
53,108
53,109
53,110
53,114
53,115
53,116
53,118
53,120
53,122
53,123
53,126
53,128
53,131
53,132
53,134
53,135
53,136
53,140
53,144
53,146
53,147
53,151
53,153
53,159
53,160
53,163
53,165
53,168
53,170
53,171
53,180
53,181
53,187
53,189
53,190
53,191
53,192
53,194
53,195
53,196
53,197
54,55
54,56
54,57
54,58
54,59
54,60
54,61
54,62
54,63
54,64
54,65
54,66
54,67
54,68
54,69
54,70
54,71
54,72
54,73
54,74
54,75
54,76
54,77
54,78
54,79
54,80
54,81
54,82
54,83
54,84
54,85
54,86
54,87
54,88
54,89
54,90
54,91
54,92
54,93
55,56
55,57
55,58
55,59
55,60
55,61
55,62
55,63
55,64
55,65
55,66
55,67
55,68
55,69
55,70
55,71
55,72
55,73
55,74
55,75
55,76
55,77
55,78
55,79
55,80
55,81
55,82
55,83
55,84
55,85
55,86
55,87
55,88
55,89
55,90
55,91
55,92
55,93
55,94
55,97
55,99
55,100
55,101
55,102
55,105
55,106
55,108
55,109
55,110
55,114
55,115
55,116
55,118
55,120
55,122
55,123
55,126
55,128
55,131
55,132
55,134
55,135
55,136
55,140
55,144
55,146
55,147
55,151
55,153
55,159
55,160
55,163
55,165
55,168
55,170
55,171
55,180
55,181
55,187
55,189
55,190
55,191
55,192
55,194
55,195
55,196
55,197
56,57
56,58
56,59
56,60
56,61
56,62
56,63
56,64
56,65
56,66
56,67
56,68
56,69
56,70
56,71
56,72
56,73
56,74
56,75
56,76
56,77
56,78
56,79
56,80
56,81
56,82
56,83
56,84
56,85
56,86
56,87
56,88
56,89
56,90
56,91
56,92
56,93
57,58
57,59
57,60
57,61
57,62
57,63
57,64
57,65
57,66
57,67
57,68
57,69
57,70
57,71
57,72
57,73
57,74
57,75
57,76
57,77
57,78
57,79
57,80
57,81
57,82
57,83
57,84
57,85
57,86
57,87
57,88
57,89
57,90
57,91
57,92
57,93
58,59
58,60
58,61
58,62
58,63
58,64
58,65
58,66
58,67
58,68
58,69
58,70
58,71
58,72
58,73
58,74
58,75
58,76
58,77
58,78
58,79
58,80
58,81
58,82
58,83
58,84
58,85
58,86
58,87
58,88
58,89
58,90
58,91
58,92
58,93
59,60
59,61
59,62
59,63
59,64
59,65
59,66
59,67
59,68
59,69
59,70
59,71
59,72
59,73
59,74
59,75
59,76
59,77
59,78
59,79
59,80
59,81
59,82
59,83
59,84
59,85
59,86
59,87
59,88
59,89
59,90
59,91
59,92
59,93
60,61
60,62
60,63
60,64
60,65
60,66
60,67
60,68
60,69
60,70
60,71
60,72
60,73
60,74
60,75
60,76
60,77
60,78
60,79
60,80
60,81
60,82
60,83
60,84
60,85
60,86
60,87
60,88
60,89
60,90
60,91
60,92
61,62
61,63
61,64
61,65
61,66
61,67
61,68
61,69
61,70
61,71
61,72
61,73
61,74
61,75
61,76
61,77
61,78
61,79
61,80
61,81
61,82
61,83
61,84
61,85
61,86
61,87
61,88
61,89
61,90
61,91
61,92
61,93
62,63
62,64
62,65
62,66
62,67
62,68
62,69
62,70
62,71
62,72
62,73
62,74
62,75
62,76
62,77
62,78
62,79
62,80
62,81
62,82
62,83
62,84
62,85
62,86
62,87
62,88
62,89
62,90
62,91
62,92
62,93
63,64
63,65
63,66
63,67
63,68
63,69
63,70
63,71
63,72
63,73
63,74
63,75
63,76
63,77
63,78
63,79
63,80
63,81
63,82
63,83
63,84
63,85
63,86
63,87
63,88
63,89
63,90
63,91
63,92
63,93
63,94
63,97
63,99
63,100
63,101
63,102
63,105
63,106
63,108
63,109
63,110
63,114
63,115
63,116
63,118
63,120
63,122
63,123
63,126
63,128
63,131
63,132
63,134
63,135
63,136
63,140
63,144
63,146
63,147
63,151
63,153
63,159
63,160
63,163
63,165
63,168
63,170
63,171
63,180
63,181
63,187
63,189
63,190
63,191
63,192
63,194
63,195
63,196
63,197
64,65
64,66
64,67
64,68
64,69
64,70
64,71
64,72
64,73
64,74
64,75
64,76
64,77
64,78
64,79
64,80
64,81
64,82
64,83
64,84
64,85
64,86
64,87
64,88
64,89
64,90
64,91
64,92
64,93
64,178
64,179
64,180
64,182
65,66
65,67
65,68
65,69
65,70
65,71
65,72
65,73
65,74
65,75
65,76
65,77
65,78
65,79
65,80
65,81
65,82
65,83
65,84
65,85
65,86
65,87
65,88
65,89
65,90
65,91
65,92
65,93
65,115
65,117
65,131
65,132
65,133
65,134
65,137
65,138
65,141
65,142
65,144
65,146
65,148
65,149
65,150
65,151
65,152
65,153
65,155
65,157
65,158
65,159
65,160
65,163
65,165
65,166
65,167
65,168
65,172
65,173
65,176
65,178
65,179
65,180
65,181
65,182
65,188
65,194
65,197
66,67
66,68
66,69
66,70
66,71
66,72
66,73
66,74
66,75
66,76
66,77
66,78
66,79
66,80
66,81
66,82
66,83
66,84
66,85
66,86
66,87
66,88
66,89
66,90
66,91
66,92
66,93
66,94
66,97
66,99
66,100
66,101
66,102
66,105
66,106
66,108
66,109
66,110
66,114
66,115
66,116
66,118
66,120
66,122
66,123
66,126
66,128
66,131
66,132
66,134
66,135
66,136
66,140
66,144
66,146
66,147
66,149
66,150
66,151
66,152
66,153
66,154
66,157
66,159
66,160
66,163
66,165
66,167
66,168
66,169
66,170
66,171
66,173
66,175
66,177
66,179
66,180
66,181
66,184
66,187
66,188
66,189
66,190
66,191
66,192
66,194
66,195
66,196
66,197
66,199
67,68
67,69
67,70
67,71
67,72
67,73
67,74
67,75
67,76
67,77
67,78
67,79
67,80
67,81
67,82
67,83
67,84
67,85
67,86
67,87
67,88
67,89
67,90
67,91
67,92
67,93
67,94
67,97
67,99
67,100
67,101
67,102
67,105
67,106
67,108
67,109
67,110
67,114
67,115
67,116
67,118
67,120
67,122
67,123
67,126
67,128
67,131
67,132
67,134
67,135
67,136
67,140
67,144
67,146
67,147
67,149
67,150
67,151
67,153
67,155
67,156
67,159
67,160
67,163
67,165
67,167
67,168
67,170
67,171
67,172
67,173
67,174
67,176
67,179
67,180
67,181
67,182
67,184
67,187
67,189
67,190
67,191
67,192
67,193
67,194
67,195
67,196
67,197
68,69
68,70
68,71
68,72
68,73
68,74
68,75
68,76
68,77
68,78
68,79
68,80
68,81
68,82
68,83
68,84
68,85
68,86
68,87
68,88
68,89
68,90
68,91
68,92
68,93
68,94
68,97
68,99
68,100
68,101
68,102
68,105
68,106
68,108
68,109
68,110
68,114
68,115
68,116
68,118
68,120
68,122
68,123
68,126
68,128
68,131
68,132
68,134
68,135
68,136
68,140
68,144
68,146
68,147
68,151
68,153
68,159
68,160
68,163
68,165
68,168
68,170
68,171
68,180
68,181
68,187
68,189
68,190
68,191
68,192
68,194
68,195
68,196
68,197
69,70
69,71
69,72
69,73
69,74
69,75
69,76
69,77
69,78
69,79
69,80
69,81
69,82
69,83
69,84
69,85
69,86
69,87
69,88
69,89
69,90
69,91
69,92
69,93
70,71
70,72
70,73
70,74
70,75
70,76
70,77
70,78
70,79
70,80
70,81
70,82
70,83
70,84
70,85
70,86
70,87
70,88
70,89
70,90
70,91
70,92
70,93
70,94
70,97
70,99
70,100
70,101
70,102
70,105
70,106
70,108
70,109
70,110
70,114
70,115
70,116
70,118
70,120
70,122
70,123
70,126
70,128
70,131
70,132
70,134
70,135
70,136
70,140
70,144
70,146
70,147
70,151
70,153
70,159
70,160
70,162
70,163
70,165
70,167
70,168
70,170
70,171
70,175
70,176
70,177
70,180
70,181
70,183
70,184
70,185
70,187
70,189
70,190
70,191
70,192
70,194
70,195
70,196
70,197
70,198
70,199
71,72
71,73
71,74
71,75
71,76
71,77
71,78
71,79
71,80
71,81
71,82
71,83
71,84
71,85
71,86
71,87
71,88
71,89
71,90
71,91
71,92
71,93
72,73
72,74
72,75
72,76
72,77
72,78
72,79
72,80
72,81
72,82
72,83
72,84
72,85
72,86
72,87
72,88
72,89
72,90
72,91
72,92
72,93
72,94
72,97
72,99
72,100
72,101
72,102
72,105
72,106
72,108
72,109
72,110
72,114
72,115
72,116
72,118
72,120
72,122
72,123
72,126
72,128
72,131
72,132
72,134
72,135
72,136
72,140
72,144
72,146
72,147
72,151
72,153
72,159
72,160
72,163
72,165
72,168
72,170
72,171
72,180
72,181
72,187
72,189
72,190
72,191
72,192
72,194
72,195
72,196
72,197
73,74
73,75
73,76
73,77
73,78
73,79
73,80
73,81
73,82
73,83
73,84
73,85
73,86
73,87
73,88
73,89
73,90
73,91
73,92
73,93
73,94
73,97
73,99
73,100
73,101
73,102
73,105
73,106
73,108
73,109
73,110
73,114
73,115
73,116
73,118
73,120
73,122
73,123
73,126
73,128
73,131
73,132
73,134
73,135
73,136
73,140
73,144
73,146
73,147
73,151
73,153
73,159
73,160
73,163
73,165
73,168
73,170
73,171
73,180
73,181
73,187
73,189
73,190
73,191
73,192
73,194
73,195
73,196
73,197
74,75
74,76
74,77
74,78
74,79
74,80
74,81
74,82
74,83
74,84
74,85
74,86
74,87
74,88
74,89
74,90
74,91
74,92
74,93
74,94
74,97
74,99
74,100
74,101
74,102
74,105
74,106
74,108
74,109
74,110
74,114
74,115
74,116
74,118
74,120
74,122
74,123
74,126
74,128
74,131
74,132
74,134
74,135
74,136
74,140
74,144
74,146
74,147
74,151
74,153
74,159
74,160
74,163
74,165
74,168
74,170
74,171
74,180
74,181
74,187
74,189
74,190
74,191
74,192
74,194
74,195
74,196
74,197
75,76
75,77
75,78
75,79
75,80
75,81
75,82
75,83
75,84
75,85
75,86
75,87
75,88
75,89
75,90
75,91
75,92
75,93
76,77
76,78
76,79
76,80
76,81
76,82
76,83
76,84
76,85
76,86
76,87
76,88
76,89
76,90
76,91
76,92
76,93
76,94
76,97
76,99
76,100
76,101
76,102
76,105
76,106
76,108
76,109
76,110
76,114
76,115
76,116
76,118
76,120
76,122
76,123
76,126
76,128
76,131
76,132
76,134
76,135
76,136
76,140
76,144
76,146
76,147
76,151
76,153
76,159
76,160
76,163
76,165
76,168
76,170
76,171
76,180
76,181
76,187
76,189
76,190
76,191
76,192
76,194
76,195
76,196
76,197
77,78
77,79
77,80
77,81
77,82
77,83
77,84
77,85
77,86
77,87
77,88
77,89
77,90
77,91
77,92
77,93
77,136
77,137
77,142
77,144
77,145
77,146
77,150
77,152
77,153
77,161
77,162
77,163
77,164
77,165
77,167
77,168
77,169
77,172
77,173
77,174
77,175
77,176
77,177
77,180
77,182
77,184
78,79
78,80
78,81
78,82
78,83
78,84
78,85
78,86
78,87
78,88
78,89
78,90
78,91
78,92
78,93
79,80
79,81
79,82
79,83
79,84
79,85
79,86
79,87
79,88
79,89
79,90
79,91
79,92
79,93
79,94
79,97
79,99
79,100
79,101
79,102
79,105
79,106
79,108
79,109
79,110
79,114
79,115
79,116
79,118
79,120
79,122
79,123
79,126
79,128
79,131
79,132
79,134
79,135
79,136
79,140
79,144
79,146
79,147
79,151
79,153
79,159
79,160
79,163
79,165
79,167
79,168
79,170
79,171
79,174
79,175
79,176
79,177
79,179
79,180
79,181
79,183
79,187
79,189
79,190
79,191
79,192
79,193
79,194
79,195
79,196
79,197
80,81
80,82
80,83
80,84
80,85
80,86
80,87
80,88
80,89
80,90
80,91
80,92
80,93
80,129
80,133
80,142
80,145
80,150
80,153
80,154
80,156
80,157
80,161
80,162
80,165
80,166
80,167
80,168
80,169
80,174
80,175
80,176
80,177
80,178
80,179
80,180
80,182
80,184
80,185
80,193
80,198
81,82
81,83
81,84
81,85
81,86
81,87
81,88
81,89
81,90
81,91
81,92
81,93
82,83
82,84
82,85
82,86
82,87
82,88
82,89
82,90
82,91
82,92
82,93
82,132
82,133
83,84
83,85
83,86
83,87
83,88
83,89
83,90
83,91
83,92
83,93
83,94
83,97
83,99
83,100
83,101
83,102
83,105
83,106
83,108
83,109
83,110
83,114
83,115
83,116
83,118
83,120
83,122
83,123
83,126
83,128
83,131
83,132
83,134
83,135
83,136
83,140
83,143
83,144
83,146
83,147
83,151
83,153
83,159
83,160
83,163
83,165
83,168
83,170
83,171
83,180
83,181
83,187
83,189
83,190
83,191
83,192
83,194
83,195
83,196
83,197
84,85
84,86
84,87
84,88
84,89
84,90
84,91
84,92
84,93
84,94
84,97
84,99
84,100
84,101
84,102
84,105
84,106
84,108
84,109
84,110
84,114
84,115
84,116
84,118
84,120
84,122
84,123
84,126
84,128
84,131
84,132
84,134
84,135
84,136
84,140
84,144
84,146
84,147
84,151
84,153
84,159
84,160
84,163
84,165
84,168
84,170
84,171
84,180
84,181
84,187
84,189
84,190
84,191
84,192
84,194
84,195
84,196
84,197
85,86
85,87
85,88
85,89
85,90
85,91
85,92
85,93
85,94
85,97
85,99
85,100
85,101
85,102
85,105
85,106
85,108
85,109
85,110
85,114
85,115
85,116
85,118
85,120
85,122
85,123
85,126
85,128
85,131
85,132
85,134
85,135
85,136
85,140
85,144
85,146
85,147
85,151
85,153
85,159
85,160
85,163
85,165
85,168
85,170
85,171
85,180
85,181
85,187
85,189
85,190
85,191
85,192
85,194
85,195
85,196
85,197
86,87
86,88
86,89
86,90
86,91
86,92
86,93
86,94
86,97
86,99
86,100
86,101
86,102
86,105
86,106
86,108
86,109
86,110
86,114
86,115
86,116
86,118
86,120
86,122
86,123
86,126
86,128
86,131
86,132
86,134
86,135
86,136
86,140
86,144
86,146
86,147
86,151
86,153
86,159
86,160
86,163
86,165
86,168
86,170
86,171
86,180
86,181
86,187
86,189
86,190
86,191
86,192
86,194
86,195
86,196
86,197
87,88
87,89
87,90
87,91
87,92
87,93
87,94
87,97
87,99
87,100
87,101
87,102
87,105
87,106
87,108
87,109
87,110
87,114
87,115
87,116
87,118
87,120
87,122
87,123
87,126
87,128
87,131
87,132
87,134
87,135
87,136
87,140
87,144
87,146
87,147
87,151
87,153
87,159
87,160
87,163
87,165
87,168
87,170
87,171
87,180
87,181
87,187
87,189
87,190
87,191
87,192
87,194
87,195
87,196
87,197
88,89
88,90
88,91
88,92
88,93
89,90
89,91
89,92
89,93
89,94
89,97
89,99
89,100
89,101
89,102
89,105
89,106
89,108
89,109
89,110
89,114
89,115
89,116
89,118
89,120
89,122
89,123
89,126
89,128
89,131
89,132
89,134
89,135
89,136
89,140
89,144
89,146
89,147
89,151
89,153
89,159
89,160
89,163
89,165
89,168
89,170
89,171
89,180
89,181
89,187
89,189
89,190
89,191
89,192
89,194
89,195
89,196
89,197
90,91
90,92
90,93
90,94
90,97
90,99
90,100
90,101
90,102
90,105
90,106
90,108
90,109
90,110
90,114
90,115
90,116
90,118
90,120
90,122
90,123
90,126
90,128
90,131
90,132
90,134
90,135
90,136
90,140
90,144
90,146
90,147
90,151
90,153
90,159
90,160
90,163
90,165
90,168
90,170
90,171
90,180
90,181
90,187
90,189
90,190
90,191
90,192
90,194
90,195
90,196
90,197
91,92
91,93
92,93
92,94
92,97
92,99
92,100
92,101
92,102
92,105
92,106
92,108
92,109
92,110
92,114
92,115
92,116
92,118
92,120
92,122
92,123
92,126
92,128
92,131
92,132
92,134
92,135
92,136
92,140
92,144
92,146
92,147
92,151
92,153
92,159
92,160
92,163
92,165
92,168
92,170
92,171
92,180
92,181
92,187
92,189
92,190
92,191
92,192
92,194
92,195
92,196
92,197
94,97
94,99
94,100
94,101
94,102
94,105
94,106
94,108
94,109
94,110
94,114
94,115
94,116
94,118
94,120
94,122
94,123
94,126
94,128
94,131
94,132
94,134
94,135
94,136
94,140
94,144
94,146
94,147
94,151
94,153
94,159
94,160
94,163
94,165
94,168
94,170
94,171
94,180
94,181
94,187
94,189
94,190
94,191
94,192
94,194
94,195
94,196
94,197
97,99
97,100
97,101
97,102
97,105
97,106
97,108
97,109
97,110
97,114
97,115
97,116
97,118
97,120
97,122
97,123
97,126
97,128
97,131
97,132
97,134
97,135
97,136
97,140
97,144
97,146
97,147
97,151
97,153
97,159
97,160
97,163
97,165
97,168
97,170
97,171
97,180
97,181
97,187
97,189
97,190
97,191
97,192
97,194
97,195
97,196
97,197
99,100
99,101
99,102
99,105
99,106
99,108
99,109
99,110
99,114
99,115
99,116
99,118
99,120
99,122
99,123
99,126
99,128
99,131
99,132
99,134
99,135
99,136
99,140
99,144
99,146
99,147
99,151
99,153
99,159
99,160
99,163
99,165
99,168
99,170
99,171
99,180
99,181
99,187
99,189
99,190
99,191
99,192
99,194
99,195
99,196
99,197
100,101
100,102
100,105
100,106
100,108
100,109
100,110
100,114
100,115
100,116
100,118
100,120
100,122
100,123
100,126
100,128
100,131
100,132
100,134
100,135
100,136
100,140
100,144
100,146
100,147
100,151
100,153
100,159
100,160
100,163
100,165
100,168
100,170
100,171
100,180
100,181
100,187
100,189
100,190
100,191
100,192
100,194
100,195
100,196
100,197
101,102
101,105
101,106
101,108
101,109
101,110
101,114
101,115
101,116
101,118
101,120
101,122
101,123
101,126
101,128
101,131
101,132
101,134
101,135
101,136
101,140
101,144
101,146
101,147
101,151
101,153
101,159
101,160
101,163
101,165
101,168
101,170
101,171
101,180
101,181
101,187
101,189
101,190
101,191
101,192
101,194
101,195
101,196
101,197
102,105
102,106
102,108
102,109
102,110
102,114
102,115
102,116
102,118
102,120
102,122
102,123
102,126
102,128
102,131
102,132
102,134
102,135
102,136
102,140
102,144
102,146
102,147
102,151
102,153
102,159
102,160
102,163
102,165
102,168
102,170
102,171
102,180
102,181
102,187
102,189
102,190
102,191
102,192
102,194
102,195
102,196
102,197
105,106
105,108
105,109
105,110
105,114
105,115
105,116
105,118
105,120
105,122
105,123
105,126
105,128
105,131
105,132
105,134
105,135
105,136
105,140
105,144
105,146
105,147
105,151
105,153
105,159
105,160
105,163
105,165
105,168
105,170
105,171
105,180
105,181
105,187
105,189
105,190
105,191
105,192
105,194
105,195
105,196
105,197
106,108
106,109
106,110
106,114
106,115
106,116
106,118
106,120
106,122
106,123
106,126
106,128
106,131
106,132
106,134
106,135
106,136
106,140
106,144
106,146
106,147
106,151
106,153
106,159
106,160
106,163
106,165
106,168
106,170
106,171
106,180
106,181
106,187
106,189
106,190
106,191
106,192
106,194
106,195
106,196
106,197
108,109
108,110
108,114
108,115
108,116
108,118
108,120
108,122
108,123
108,126
108,128
108,131
108,132
108,134
108,135
108,136
108,140
108,144
108,146
108,147
108,151
108,153
108,159
108,160
108,163
108,165
108,168
108,170
108,171
108,180
108,181
108,187
108,189
108,190
108,191
108,192
108,194
108,195
108,196
108,197
109,110
109,114
109,115
109,116
109,118
109,120
109,122
109,123
109,126
109,128
109,130
109,131
109,132
109,133
109,134
109,135
109,136
109,138
109,140
109,142
109,144
109,145
109,146
109,147
109,149
109,151
109,153
109,155
109,156
109,158
109,159
109,160
109,161
109,163
109,164
109,165
109,166
109,167
109,168
109,170
109,171
109,172
109,173
109,175
109,178
109,180
109,181
109,182
109,183
109,184
109,187
109,189
109,190
109,191
109,192
109,194
109,195
109,196
109,197
110,114
110,115
110,116
110,118
110,120
110,122
110,123
110,126
110,128
110,130
110,131
110,132
110,134
110,135
110,136
110,140
110,141
110,142
110,144
110,145
110,146
110,147
110,148
110,149
110,150
110,151
110,152
110,153
110,154
110,155
110,156
110,158
110,159
110,160
110,161
110,162
110,163
110,165
110,166
110,167
110,168
110,169
110,170
110,171
110,175
110,177
110,178
110,180
110,181
110,182
110,183
110,184
110,186
110,187
110,189
110,190
110,191
110,192
110,194
110,195
110,196
110,197
111,121
111,125
111,127
111,129
111,130
111,133
111,134
112,113
112,116
112,120
112,121
112,125
112,127
112,129
112,131
112,132
112,133
112,134
112,144
112,145
112,149
112,150
112,155
112,156
112,157
112,165
112,166
112,172
112,173
112,174
112,175
112,177
112,179
112,182
112,185
112,186
112,198
113,116
113,117
113,118
113,119
113,121
113,127
113,131
113,132
113,133
113,134
113,137
113,138
113,140
113,141
113,142
113,144
113,147
113,148
114,115
114,116
114,118
114,120
114,121
114,122
114,123
114,125
114,126
114,128
114,131
114,132
114,134
114,135
114,136
114,140
114,144
114,146
114,147
114,151
114,153
114,159
114,160
114,163
114,165
114,168
114,170
114,171
114,180
114,181
114,187
114,189
114,190
114,191
114,192
114,194
114,195
114,196
114,197
115,116
115,118
115,119
115,120
115,121
115,122
115,123
115,126
115,127
115,128
115,131
115,132
115,133
115,134
115,135
115,136
115,137
115,138
115,140
115,143
115,144
115,145
115,146
115,147
115,148
115,149
115,151
115,153
115,157
115,158
115,159
115,160
115,162
115,163
115,165
115,166
115,167
115,168
115,170
115,171
115,173
115,174
115,175
115,176
115,177
115,179
115,180
115,181
115,185
115,186
115,187
115,188
115,189
115,190
115,191
115,192
115,193
115,194
115,195
115,196
115,197
115,198
116,118
116,120
116,121
116,122
116,123
116,125
116,126
116,127
116,128
116,129
116,130
116,131
116,132
116,134
116,135
116,136
116,137
116,140
116,142
116,143
116,144
116,145
116,146
116,147
116,149
116,151
116,152
116,153
116,155
116,156
116,157
116,158
116,159
116,160
116,162
116,163
116,164
116,165
116,166
116,167
116,168
116,170
116,171
116,175
116,176
116,177
116,179
116,180
116,181
116,185
116,186
116,187
116,188
116,189
116,190
116,191
116,192
116,194
116,195
116,196
116,197
117,119
117,120
117,124
117,125
117,126
117,127
117,129
117,130
117,132
117,134
117,135
117,137
117,138
117,140
117,141
117,142
117,143
117,144
117,145
117,148
117,149
117,152
117,155
117,156
117,157
117,158
117,162
118,120
118,121
118,122
118,123
118,124
118,125
118,126
118,128
118,130
118,131
118,132
118,133
118,134
118,135
118,136
118,137
118,138
118,139
118,140
118,141
118,143
118,144
118,145
118,146
118,147
118,151
118,152
118,153
118,155
118,156
118,157
118,158
118,159
118,160
118,162
118,163
118,165
118,167
118,168
118,170
118,171
118,174
118,175
118,176
118,178
118,179
118,180
118,181
118,184
118,185
118,186
118,187
118,189
118,190
118,191
118,192
118,194
118,195
118,196
118,197
119,121
119,122
119,123
119,124
119,125
119,126
119,127
119,128
119,129
119,130
119,131
119,133
119,135
119,137
119,139
119,142
119,144
119,145
119,146
119,148
119,149
119,152
119,154
119,155
119,156
119,157
119,158
119,160
119,161
119,184
119,186
119,188
119,199
120,122
120,123
120,126
120,128
120,130
120,131
120,132
120,133
120,134
120,135
120,136
120,137
120,138
120,139
120,140
120,141
120,144
120,145
120,146
120,147
120,148
120,149
120,150
120,151
120,152
120,153
120,156
120,159
120,160
120,161
120,162
120,163
120,165
120,168
120,170
120,171
120,172
120,173
120,174
120,175
120,176
120,177
120,178
120,179
120,180
120,181
120,182
120,183
120,186
120,187
120,188
120,189
120,190
120,191
120,192
120,194
120,195
120,196
120,197
120,199
121,122
121,123
121,124
121,126
121,127
121,129
121,132
121,133
121,135
121,136
121,137
121,138
121,139
121,141
121,142
121,144
121,145
121,146
121,147
121,152
121,154
121,155
121,156
121,158
121,161
121,162
121,164
121,165
121,166
121,167
121,173
121,174
121,175
121,177
121,179
121,184
121,185
121,186
121,188
121,198
121,199
122,123
122,124
122,125
122,126
122,127
122,128
122,131
122,132
122,134
122,135
122,136
122,140
122,144
122,146
122,147
122,151
122,153
122,159
122,160
122,163
122,165
122,168
122,170
122,171
122,180
122,181
122,187
122,189
122,190
122,191
122,192
122,194
122,195
122,196
122,197
123,126
123,127
123,128
123,129
123,130
123,131
123,132
123,133
123,134
123,135
123,136
123,137
123,139
123,140
123,142
123,143
123,144
123,146
123,147
123,148
123,149
123,151
123,153
123,154
123,155
123,157
123,158
123,159
123,160
123,161
123,162
123,163
123,164
123,165
123,166
123,167
123,168
123,170
123,171
123,172
123,173
123,174
123,180
123,181
123,183
123,184
123,186
123,187
123,188
123,189
123,190
123,191
123,192
123,193
123,194
123,195
123,196
123,197
125,126
125,127
126,127
126,128
126,129
126,130
126,131
126,132
126,134
126,135
126,136
126,137
126,138
126,139
126,140
126,142
126,144
126,146
126,147
126,151
126,153
126,154
126,155
126,157
126,158
126,159
126,160
126,162
126,163
126,165
126,167
126,168
126,170
126,171
126,172
126,174
126,175
126,176
126,177
126,178
126,179
126,180
126,181
126,182
126,184
126,185
126,187
126,188
126,189
126,190
126,191
126,192
126,194
126,195
126,196
126,197
127,128
127,130
127,133
127,136
127,137
127,138
127,139
127,142
128,130
128,131
128,132
128,134
128,135
128,136
128,140
128,141
128,142
128,143
128,144
128,146
128,147
128,148
128,151
128,152
128,153
128,156
128,157
128,159
128,160
128,162
128,163
128,165
128,168
128,170
128,171
128,173
128,174
128,175
128,180
128,181
128,187
128,189
128,190
128,191
128,192
128,194
128,195
128,196
128,197
129,130
129,131
129,133
129,135
129,136
129,137
129,138
129,139
129,141
129,142
129,143
129,145
129,146
129,148
129,152
129,155
129,156
129,157
129,160
129,161
129,162
129,166
129,167
129,169
129,171
129,173
129,174
129,175
129,178
129,179
129,183
129,184
129,185
129,186
129,187
130,131
130,132
130,133
130,135
130,136
130,139
130,141
130,142
130,143
130,144
130,145
130,148
131,132
131,134
131,135
131,136
131,140
131,144
131,146
131,147
131,151
131,153
131,159
131,160
131,163
131,165
131,168
131,170
131,171
131,180
131,181
131,187
131,189
131,190
131,191
131,192
131,194
131,195
131,196
131,197
132,134
132,135
132,136
132,137
132,139
132,140
132,143
132,144
132,146
132,147
132,151
132,152
132,153
132,155
132,158
132,159
132,160
132,163
132,165
132,168
132,170
132,171
132,180
132,181
132,187
132,189
132,190
132,191
132,192
132,194
132,195
132,196
132,197
133,134
133,135
133,136
133,139
133,141
133,142
133,143
133,144
133,146
133,150
133,152
133,154
133,155
133,158
133,162
133,164
133,172
133,174
133,175
133,178
133,183
133,184
133,187
134,135
134,136
134,138
134,139
134,140
134,141
134,143
134,144
134,146
134,147
134,149
134,151
134,152
134,153
134,155
134,159
134,160
134,161
134,162
134,163
134,164
134,165
134,166
134,167
134,168
134,170
134,171
134,173
134,174
134,178
134,179
134,180
134,181
134,187
134,189
134,190
134,191
134,192
134,194
134,195
134,196
134,197
135,136
135,137
135,138
135,139
135,140
135,141
135,142
135,143
135,144
135,146
135,147
135,149
135,151
135,152
135,153
135,154
135,155
135,159
135,160
135,161
135,162
135,163
135,165
135,168
135,169
135,170
135,171
135,172
135,173
135,174
135,175
135,176
135,178
135,179
135,180
135,181
135,183
135,184
135,185
135,186
135,187
135,189
135,190
135,191
135,192
135,194
135,195
135,196
135,197
136,138
136,139
136,140
136,141
136,142
136,144
136,146
136,147
136,148
136,150
136,151
136,152
136,153
136,155
136,158
136,159
136,160
136,162
136,163
136,165
136,166
136,167
136,168
136,170
136,171
136,172
136,173
136,174
136,175
136,176
136,177
136,179
136,180
136,181
136,184
136,185
136,186
136,187
136,189
136,190
136,191
136,192
136,194
136,195
136,196
136,197
136,198
137,138
137,141
137,142
137,144
137,150
137,152
137,157
137,158
137,160
137,161
137,166
137,167
137,172
137,173
137,174
137,176
137,179
137,183
137,185
137,186
137,198
137,199
138,140
138,141
138,142
138,143
138,144
138,145
138,147
138,148
138,150
138,154
138,156
138,157
138,159
138,161
138,162
138,164
138,166
138,167
138,171
138,172
138,173
138,174
138,175
139,141
139,142
139,144
139,146
139,147
139,148
139,149
139,150
139,151
139,152
139,155
140,141
140,142
140,143
140,144
140,146
140,147
140,149
140,150
140,151
140,152
140,153
140,154
140,155
140,156
140,157
140,159
140,160
140,161
140,162
140,163
140,165
140,167
140,168
140,170
140,171
140,180
140,181
140,187
140,189
140,190
140,191
140,192
140,194
140,195
140,196
140,197
141,142
141,143
141,144
141,145
141,148
141,150
141,152
141,153
141,154
141,155
141,156
141,158
141,161
141,162
141,167
141,169
141,171
141,173
141,175
141,177
141,179
141,181
141,185
141,186
141,188
142,146
142,148
142,149
142,152
142,153
142,154
142,155
142,156
142,157
142,158
142,161
143,145
143,148
143,150
143,151
143,153
143,154
143,155
143,156
143,157
143,158
143,161
143,162
143,164
143,167
143,169
144,146
144,147
144,149
144,150
144,151
144,153
144,155
144,156
144,157
144,158
144,159
144,160
144,161
144,162
144,163
144,165
144,167
144,168
144,170
144,171
144,174
144,179
144,180
144,181
144,185
144,187
144,189
144,190
144,191
144,192
144,194
144,195
144,196
144,197
145,146
145,149
145,150
145,151
146,147
146,148
146,150
146,151
146,152
146,153
146,157
146,158
146,159
146,160
146,162
146,163
146,164
146,165
146,168
146,170
146,171
146,174
146,175
146,177
146,178
146,179
146,180
146,181
146,184
146,185
146,186
146,187
146,188
146,189
146,190
146,191
146,192
146,194
146,195
146,196
146,197
147,151
147,152
147,153
147,155
147,156
147,157
147,158
147,159
147,160
147,163
147,164
147,165
147,166
147,167
147,168
147,169
147,170
147,171
147,172
147,173
147,174
147,178
147,179
147,180
147,181
147,185
147,186
147,187
147,188
147,189
147,190
147,191
147,192
147,194
147,195
147,196
147,197
148,149
148,150
148,151
148,152
148,154
148,155
148,156
148,157
148,158
148,159
148,162
148,166
148,167
148,168
148,172
148,176
148,177
148,178
148,183
148,184
148,185
148,186
148,188
149,150
149,151
149,153
149,154
149,155
149,156
149,157
149,158
149,159
149,161
149,164
149,166
149,167
149,168
149,169
149,173
149,174
149,175
149,177
149,178
149,185
149,186
149,188
150,151
150,152
150,153
150,154
150,155
150,156
150,158
150,159
150,160
150,161
150,164
150,166
150,167
150,173
150,176
150,177
150,178
150,179
150,181
150,184
150,185
150,186
150,188
150,194
150,199
151,152
151,153
151,155
151,156
151,158
151,159
151,160
151,161
151,162
151,163
151,164
151,165
151,168
151,169
151,170
151,171
151,173
151,175
151,176
151,177
151,178
151,179
151,180
151,181
151,185
151,186
151,187
151,189
151,190
151,191
151,192
151,194
151,195
151,196
151,197
152,154
152,155
152,156
152,158
152,159
152,160
152,161
152,166
152,167
152,169
152,171
152,173
152,174
152,175
152,176
152,177
152,178
152,179
152,184
152,186
152,187
152,192
152,199
153,156
153,158
153,159
153,160
153,161
153,162
153,163
153,164
153,165
153,166
153,168
153,170
153,171
153,172
153,173
153,174
153,175
153,176
153,178
153,179
153,180
153,181
153,182
153,186
153,187
153,188
153,189
153,190
153,191
153,192
153,194
153,195
153,196
153,197
153,199
154,155
154,157
154,158
154,159
154,160
154,161
154,162
154,163
154,164
154,166
154,172
154,174
154,175
154,176
154,177
154,178
154,179
154,181
154,182
154,183
154,184
154,185
154,186
154,187
154,192
154,193
154,194
154,199
155,156
155,157
155,158
155,160
155,161
155,162
155,163
155,165
155,166
155,172
155,173
155,174
155,175
155,177
155,178
156,158
156,159
156,160
156,163
156,166
156,167
156,168
156,169
156,171
156,173
156,174
156,175
156,176
156,177
156,179
156,182
156,183
156,184
156,186
156,192
156,194
157,159
157,160
157,161
157,163
157,166
157,167
157,168
157,169
157,172
157,173
157,174
157,175
157,176
157,177
157,178
157,179
157,180
157,181
157,182
157,183
157,185
157,186
157,192
157,194
157,199
158,159
158,162
158,163
158,164
158,165
158,167
158,168
158,169
158,171
158,172
158,173
158,174
158,175
158,176
158,177
158,178
158,180
158,181
158,182
158,186
158,187
158,188
158,191
158,193
158,198
158,199
159,160
159,161
159,163
159,165
159,166
159,167
159,168
159,170
159,171
159,172
159,173
159,174
159,175
159,176
159,177
159,178
159,180
159,181
159,182
159,183
159,186
159,187
159,188
159,189
159,190
159,191
159,192
159,193
159,194
159,195
159,196
159,197
159,199
160,161
160,163
160,164
160,165
160,166
160,167
160,168
160,170
160,171
160,172
160,173
160,174
160,175
160,176
160,177
160,178
160,179
160,180
160,181
160,184
160,186
160,187
160,189
160,190
160,191
160,192
160,194
160,195
160,196
160,197
160,199
161,164
161,166
161,167
161,168
161,170
161,172
161,173
161,176
161,177
161,178
161,179
161,180
161,181
161,182
161,183
161,184
161,185
161,186
161,187
161,188
161,192
161,196
161,199
162,164
162,166
162,167
162,168
162,169
162,170
162,174
162,175
162,176
162,178
162,179
162,180
162,181
162,182
162,184
162,185
162,186
162,187
162,188
162,191
162,192
162,193
162,195
162,196
162,199
163,165
163,167
163,168
163,169
163,170
163,171
163,172
163,174
163,175
163,176
163,177
163,178
163,179
163,180
163,181
163,184
163,185
163,186
163,187
163,189
163,190
163,191
163,192
163,193
163,194
163,195
163,196
163,197
164,167
164,168
164,169
164,170
164,171
164,172
164,173
164,174
165,167
165,168
165,170
165,171
165,173
165,174
165,175
165,176
165,177
165,178
165,180
165,181
165,182
165,183
165,186
165,187
165,188
165,189
165,190
165,191
165,192
165,194
165,195
165,196
165,197
166,168
166,169
166,170
166,171
166,173
166,176
166,178
166,180
166,181
166,183
166,185
166,190
166,195
166,196
166,198
167,170
167,172
167,173
167,176
167,177
167,178
167,180
167,181
167,182
167,184
167,185
167,186
167,187
167,188
167,190
167,191
167,192
167,195
167,196
167,198
167,199
168,169
168,170
168,171
168,172
168,173
168,174
168,176
168,178
168,180
168,181
168,182
168,183
168,184
168,186
168,187
168,189
168,190
168,191
168,192
168,194
168,195
168,196
168,197
168,198
168,199
169,170
169,171
169,172
169,174
169,177
169,178
169,179
169,180
169,182
169,184
169,185
169,186
169,187
169,188
169,190
169,191
169,193
169,195
169,196
169,198
170,171
170,174
170,176
170,177
170,178
170,179
170,180
170,181
170,185
170,186
170,187
170,189
170,190
170,191
170,192
170,194
170,195
170,196
170,197
171,173
171,174
171,175
171,177
171,178
171,179
171,180
171,181
171,184
171,185
171,186
171,187
171,189
171,190
171,191
171,192
171,194
171,195
171,196
171,197
171,199
172,176
172,177
172,178
172,179
172,180
172,181
172,182
172,188
172,190
172,191
172,192
172,193
172,194
172,195
172,199
173,174
173,175
173,176
173,177
173,178
173,179
173,180
173,181
173,183
173,184
173,187
173,188
173,190
173,191
173,192
173,193
173,195
173,196
173,198
174,175
174,176
174,177
174,178
174,179
174,181
174,183
174,185
174,186
174,187
174,188
174,190
174,191
174,192
174,193
174,195
174,196
174,198
174,199
175,176
175,177
175,178
175,179
175,180
175,182
175,185
175,186
175,187
175,188
175,190
175,192
175,193
175,194
175,195
175,196
175,198
176,177
176,178
176,180
176,181
176,182
176,183
176,184
176,185
176,187
177,182
177,183
177,184
177,186
177,188
177,189
177,190
177,191
177,192
177,194
177,196
177,197
178,179
178,181
178,182
178,183
178,184
178,186
178,187
178,188
178,192
178,195
178,196
178,197
178,198
178,199
179,180
179,182
179,183
179,186
179,192
179,193
179,195
179,196
179,197
179,198
179,199
180,181
180,182
180,183
180,186
180,187
180,189
180,190
180,191
180,192
180,194
180,195
180,196
180,197
181,182
181,183
181,185
181,186
181,187
181,188
181,189
181,190
181,191
181,192
181,193
181,194
181,195
181,196
181,197
181,199
182,183
182,186
182,187
182,188
182,192
182,193
182,194
183,193
183,197
183,199
184,185
184,188
184,189
184,190
184,192
184,194
184,195
184,197
184,198
184,199
185,190
185,191
185,192
185,193
185,194
185,195
185,196
185,197
186,190
186,192
186,193
186,194
186,195
186,199
187,188
187,189
187,190
187,191
187,192
187,193
187,194
187,195
187,196
187,197
187,199
188,189
188,190
188,192
188,193
188,196
188,197
189,190
189,191
189,192
189,194
189,195
189,196
189,197
190,191
190,192
190,193
190,194
190,195
190,196
190,197
190,199
191,192
191,193
191,194
191,195
191,196
191,197
191,198
192,194
192,195
192,196
192,197
193,198
194,195
194,196
194,197
194,199
195,196
195,197
196,197
