0,1
0,2
0,3
0,4
0,5
0,6
0,7
0,8
0,9
0,10
0,11
0,12
0,13
0,14
0,15
0,16
0,17
0,18
0,19
0,20
0,21
0,22
0,23
0,24
0,25
0,26
0,27
0,28
0,29
0,30
0,31
0,32
0,33
0,34
0,35
0,36
0,37
0,38
0,39
0,40
0,41
0,42
0,43
0,44
0,45
0,46
0,47
0,48
0,49
0,50
0,53
0,54
0,61
0,65
0,73
0,77
0,78
0,80
0,82
0,86
0,88
0,91
0,92
0,95
0,99
0,102
0,104
0,121
0,122
0,128
0,136
0,139
0,142
0,145
0,146
0,151
0,153
0,156
0,159
0,161
0,162
0,167
0,173
0,176
0,181
0,184
0,186
0,193
0,194
1,2
1,3
1,4
1,5
1,6
1,7
1,8
1,9
1,10
1,11
1,12
1,13
1,14
1,15
1,16
1,17
1,18
1,19
1,20
1,21
1,22
1,23
1,24
1,25
1,26
1,27
1,28
1,29
1,30
1,31
1,32
1,33
1,34
1,35
1,36
1,37
1,38
1,39
1,40
1,41
1,42
1,43
1,44
1,45
1,46
1,47
1,48
1,49
1,50
2,3
2,4
2,5
2,6
2,7
2,8
2,9
2,10
2,11
2,12
2,13
2,14
2,15
2,16
2,17
2,18
2,19
2,20
2,21
2,22
2,23
2,24
2,25
2,26
2,27
2,28
2,29
2,30
2,31
2,32
2,33
2,34
2,35
2,36
2,37
2,38
2,39
2,40
2,41
2,42
2,43
2,44
2,45
2,46
2,47
2,48
2,49
2,50
3,4
3,5
3,6
3,7
3,8
3,9
3,10
3,11
3,12
3,13
3,14
3,15
3,16
3,17
3,18
3,19
3,20
3,21
3,22
3,23
3,24
3,25
3,26
3,27
3,28
3,29
3,30
3,31
3,32
3,33
3,34
3,35
3,36
3,37
3,38
3,39
3,40
3,41
3,42
3,43
3,44
3,45
3,46
3,47
3,48
3,49
3,50
4,5
4,6
4,7
4,8
4,9
4,10
4,11
4,12
4,13
4,14
4,15
4,16
4,17
4,18
4,19
4,20
4,21
4,22
4,23
4,24
4,25
4,26
4,27
4,28
4,29
4,30
4,31
4,32
4,33
4,34
4,35
4,36
4,37
4,38
4,39
4,40
4,41
4,42
4,43
4,44
4,45
4,46
4,47
4,48
4,49
4,50
5,6
5,7
5,8
5,9
5,10
5,11
5,12
5,13
5,14
5,15
5,16
5,17
5,18
5,19
5,20
5,21
5,22
5,23
5,24
5,25
5,26
5,27
5,28
5,29
5,30
5,31
5,32
5,33
5,34
5,35
5,36
5,37
5,38
5,39
5,40
5,41
5,42
5,43
5,44
5,45
5,46
5,47
5,48
5,49
5,50
6,7
6,8
6,9
6,10
6,11
6,12
6,13
6,14
6,15
6,16
6,17
6,18
6,19
6,20
6,21
6,22
6,23
6,24
6,25
6,26
6,27
6,28
6,29
6,30
6,31
6,32
6,33
6,34
6,35
6,36
6,37
6,38
6,39
6,40
6,41
6,42
6,43
6,44
6,45
6,46
6,47
6,48
6,49
6,50
7,8
7,9
7,10
7,11
7,12
7,13
7,14
7,15
7,16
7,17
7,18
7,19
7,20
7,21
7,22
7,23
7,24
7,25
7,26
7,27
7,28
7,29
7,30
7,31
7,32
7,33
7,34
7,35
7,36
7,37
7,38
7,39
7,40
7,41
7,42
7,43
7,44
7,45
7,46
7,47
7,48
7,49
7,50
8,9
8,10
8,11
8,12
8,13
8,14
8,15
8,16
8,17
8,18
8,19
8,20
8,21
8,22
8,23
8,24
8,25
8,26
8,27
8,28
8,29
8,30
8,31
8,32
8,33
8,34
8,35
8,36
8,37
8,38
8,39
8,40
8,41
8,42
8,43
8,44
8,45
8,46
8,47
8,48
8,49
8,50
8,53
8,54
8,61
8,65
8,73
8,77
8,78
8,80
8,82
8,86
8,88
8,91
8,92
8,95
8,99
8,102
8,104
8,121
8,122
8,128
8,136
8,139
8,142
8,145
8,146
8,151
8,153
8,156
8,159
8,161
8,162
8,167
8,173
8,176
8,181
8,184
8,186
8,193
8,194
9,10
9,11
9,12
9,13
9,14
9,15
9,16
9,17
9,18
9,19
9,20
9,21
9,22
9,23
9,24
9,25
9,26
9,27
9,28
9,29
9,30
9,31
9,32
9,33
9,34
9,35
9,36
9,37
9,38
9,39
9,40
9,41
9,42
9,43
9,44
9,45
9,46
9,47
9,48
9,49
9,50
10,11
10,12
10,13
10,14
10,15
10,16
10,17
10,18
10,19
10,20
10,21
10,22
10,23
10,24
10,25
10,26
10,27
10,28
10,29
10,30
10,31
10,32
10,33
10,34
10,35
10,36
10,37
10,38
10,39
10,40
10,41
10,42
10,43
10,44
10,45
10,46
10,47
10,48
10,49
10,50
11,12
11,13
11,14
11,15
11,16
11,17
11,18
11,19
11,20
11,21
11,22
11,23
11,24
11,25
11,26
11,27
11,28
11,29
11,30
11,31
11,32
11,33
11,34
11,35
11,36
11,37
11,38
11,39
11,40
11,41
11,42
11,43
11,44
11,45
11,46
11,47
11,48
11,49
11,50
12,13
12,14
12,15
12,16
12,17
12,18
12,19
12,20
12,21
12,22
12,23
12,24
12,25
12,26
12,27
12,28
12,29
12,30
12,31
12,32
12,33
12,34
12,35
12,36
12,37
12,38
12,39
12,40
12,41
12,42
12,43
12,44
12,45
12,46
12,47
12,48
12,49
12,50
13,14
13,15
13,16
13,17
13,18
13,19
13,20
13,21
13,22
13,23
13,24
13,25
13,26
13,27
13,28
13,29
13,30
13,31
13,32
13,33
13,34
13,35
13,36
13,37
13,38
13,39
13,40
13,41
13,42
13,43
13,44
13,45
13,46
13,47
13,48
13,49
13,50
14,15
14,16
14,17
14,18
14,19
14,20
14,21
14,22
14,23
14,24
14,25
14,26
14,27
14,28
14,29
14,30
14,31
14,32
14,33
14,34
14,35
14,36
14,37
14,38
14,39
14,40
14,41
14,42
14,43
14,44
14,45
14,46
14,47
14,48
14,49
14,50
15,16
15,17
15,18
15,19
15,20
15,21
15,22
15,23
15,24
15,25
15,26
15,27
15,28
15,29
15,30
15,31
15,32
15,33
15,34
15,35
15,36
15,37
15,38
15,39
15,40
15,41
15,42
15,43
15,44
15,45
15,46
15,47
15,48
15,49
15,50
16,17
16,18
16,19
16,20
16,21
16,22
16,23
16,24
16,25
16,26
16,27
16,28
16,29
16,30
16,31
16,32
16,33
16,34
16,35
16,36
16,37
16,38
16,39
16,40
16,41
16,42
16,43
16,44
16,45
16,46
16,47
16,48
16,49
16,50
16,53
16,54
16,61
16,65
16,73
16,77
16,78
16,80
16,82
16,86
16,88
16,91
16,92
16,95
16,99
16,102
16,104
16,121
16,122
16,128
16,136
16,139
16,142
16,145
16,146
16,151
16,153
16,156
16,159
16,161
16,162
16,167
16,173
16,176
16,181
16,184
16,186
16,193
16,194
17,18
17,19
17,20
17,21
17,22
17,23
17,24
17,25
17,26
17,27
17,28
17,29
17,30
17,31
17,32
17,33
17,34
17,35
17,36
17,37
17,38
17,39
17,40
17,41
17,42
17,43
17,44
17,45
17,46
17,47
17,48
17,49
17,50
17,53
17,54
17,61
17,65
17,73
17,77
17,78
17,80
17,82
17,86
17,88
17,91
17,92
17,95
17,99
17,102
17,104
17,121
17,122
17,128
17,136
17,139
17,142
17,145
17,146
17,151
17,153
17,156
17,159
17,161
17,162
17,167
17,173
17,176
17,181
17,184
17,186
17,193
17,194
18,19
18,20
18,21
18,22
18,23
18,24
18,25
18,26
18,27
18,28
18,29
18,30
18,31
18,32
18,33
18,34
18,35
18,36
18,37
18,38
18,39
18,40
18,41
18,42
18,43
18,44
18,45
18,46
18,47
18,48
18,49
18,50
19,20
19,21
19,22
19,23
19,24
19,25
19,26
19,27
19,28
19,29
19,30
19,31
19,32
19,33
19,34
19,35
19,36
19,37
19,38
19,39
19,40
19,41
19,42
19,43
19,44
19,45
19,46
19,47
19,48
19,49
19,50
20,21
20,22
20,23
20,24
20,25
20,26
20,27
20,28
20,29
20,30
20,31
20,32
20,33
20,34
20,35
20,36
20,37
20,38
20,39
20,40
20,41
20,42
20,43
20,44
20,45
20,46
20,47
20,48
20,49
20,50
20,53
20,54
20,61
20,65
20,73
20,77
20,78
20,80
20,82
20,86
20,88
20,91
20,92
20,95
20,99
20,102
20,104
20,121
20,122
20,128
20,136
20,139
20,142
20,145
20,146
20,151
20,153
20,156
20,159
20,161
20,162
20,167
20,173
20,176
20,181
20,184
20,186
20,193
20,194
21,22
21,23
21,24
21,25
21,26
21,27
21,28
21,29
21,30
21,31
21,32
21,33
21,34
21,35
21,36
21,37
21,38
21,39
21,40
21,41
21,42
21,43
21,44
21,45
21,46
21,47
21,48
21,49
21,50
21,53
21,54
21,61
21,65
21,73
21,77
21,78
21,80
21,82
21,86
21,88
21,91
21,92
21,95
21,99
21,102
21,104
21,121
21,122
21,128
21,136
21,139
21,142
21,145
21,146
21,151
21,153
21,156
21,159
21,161
21,162
21,167
21,173
21,176
21,181
21,184
21,186
21,193
21,194
22,23
22,24
22,25
22,26
22,27
22,28
22,29
22,30
22,31
22,32
22,33
22,34
22,35
22,36
22,37
22,38
22,39
22,40
22,41
22,42
22,43
22,44
22,45
22,46
22,47
22,48
22,49
22,50
23,24
23,25
23,26
23,27
23,28
23,29
23,30
23,31
23,32
23,33
23,34
23,35
23,36
23,37
23,38
23,39
23,40
23,41
23,42
23,43
23,44
23,45
23,46
23,47
23,48
23,49
23,50
24,25
24,26
24,27
24,28
24,29
24,30
24,31
24,32
24,33
24,34
24,35
24,36
24,37
24,38
24,39
24,40
24,41
24,42
24,43
24,44
24,45
24,46
24,47
24,48
24,49
24,50
25,26
25,27
25,28
25,29
25,30
25,31
25,32
25,33
25,34
25,35
25,36
25,37
25,38
25,39
25,40
25,41
25,42
25,43
25,44
25,45
25,46
25,47
25,48
25,49
25,50
26,27
26,28
26,29
26,30
26,31
26,32
26,33
26,34
26,35
26,36
26,37
26,38
26,39
26,40
26,41
26,42
26,43
26,44
26,45
26,46
26,47
26,48
26,49
26,50
27,28
27,29
27,30
27,31
27,32
27,33
27,34
27,35
27,36
27,37
27,38
27,39
27,40
27,41
27,42
27,43
27,44
27,45
27,46
27,47
27,48
27,49
27,50
28,29
28,30
28,31
28,32
28,33
28,34
28,35
28,36
28,37
28,38
28,39
28,40
28,41
28,42
28,43
28,44
28,45
28,46
28,47
28,48
28,49
28,50
29,30
29,31
29,32
29,33
29,34
29,35
29,36
29,37
29,38
29,39
29,40
29,41
29,42
29,43
29,44
29,45
29,46
29,47
29,48
29,49
29,50
29,53
29,54
29,61
29,65
29,73
29,77
29,78
29,80
29,82
29,86
29,88
29,91
29,92
29,95
29,99
29,102
29,104
29,121
29,122
29,128
29,136
29,139
29,142
29,145
29,146
29,151
29,153
29,156
29,159
29,161
29,162
29,167
29,173
29,176
29,181
29,184
29,186
29,193
29,194
30,31
30,32
30,33
30,34
30,35
30,36
30,37
30,38
30,39
30,40
30,41
30,42
30,43
30,44
30,45
30,46
30,47
30,48
30,49
30,50
31,32
31,33
31,34
31,35
31,36
31,37
31,38
31,39
31,40
31,41
31,42
31,43
31,44
31,45
31,46
31,47
31,48
31,49
31,53
31,54
31,61
31,65
31,73
31,77
31,78
31,80
31,82
31,86
31,88
31,91
31,92
31,95
31,99
31,102
31,104
31,121
31,122
31,128
31,136
31,139
31,142
31,145
31,146
31,151
31,153
31,156
31,159
31,161
31,162
31,167
31,173
31,176
31,181
31,184
31,186
31,193
31,194
32,33
32,34
32,35
32,36
32,37
32,38
32,39
32,40
32,41
32,42
32,43
32,44
32,45
32,46
32,47
32,48
32,49
32,50
33,34
33,35
33,36
33,37
33,38
33,39
33,40
33,41
33,42
33,43
33,44
33,45
33,46
33,47
33,48
33,49
33,50
33,53
33,54
33,61
33,65
33,73
33,77
33,78
33,80
33,82
33,86
33,88
33,91
33,92
33,95
33,99
33,102
33,104
33,121
33,122
33,128
33,136
33,139
33,142
33,145
33,146
33,151
33,153
33,156
33,159
33,161
33,162
33,167
33,173
33,176
33,181
33,184
33,186
33,193
33,194
34,35
34,36
34,37
34,38
34,39
34,40
34,41
34,42
34,43
34,44
34,45
34,46
34,47
34,48
34,49
34,50
35,36
35,37
35,38
35,39
35,40
35,41
35,42
35,43
35,44
35,45
35,46
35,47
35,48
35,49
35,50
36,37
36,38
36,39
36,40
36,41
36,42
36,43
36,44
36,45
36,46
36,47
36,48
36,49
36,50
36,53
36,54
36,61
36,65
36,73
36,77
36,78
36,80
36,82
36,86
36,88
36,91
36,92
36,95
36,99
36,102
36,104
36,121
36,122
36,128
36,136
36,139
36,142
36,145
36,146
36,151
36,153
36,156
36,159
36,161
36,162
36,167
36,173
36,176
36,181
36,184
36,186
36,193
36,194
37,38
37,39
37,40
37,41
37,42
37,43
37,44
37,45
37,46
37,47
37,48
37,49
37,50
38,39
38,40
38,41
38,42
38,43
38,44
38,45
38,46
38,47
38,48
38,49
38,50
39,40
39,41
39,42
39,43
39,44
39,45
39,46
39,47
39,48
39,49
39,50
40,41
40,42
40,43
40,44
40,45
40,46
40,47
40,48
40,49
40,50
40,53
40,54
40,61
40,65
40,73
40,77
40,78
40,80
40,82
40,86
40,88
40,91
40,92
40,95
40,99
40,102
40,104
40,121
40,122
40,128
40,136
40,139
40,142
40,145
40,146
40,151
40,153
40,156
40,159
40,161
40,162
40,167
40,173
40,176
40,181
40,184
40,186
40,193
40,194
41,42
41,43
41,44
41,45
41,46
41,47
41,48
41,49
41,50
41,53
41,54
41,61
41,65
41,73
41,77
41,78
41,80
41,82
41,86
41,88
41,91
41,92
41,95
41,99
41,102
41,104
41,121
41,122
41,128
41,136
41,139
41,142
41,145
41,146
41,151
41,153
41,156
41,159
41,161
41,162
41,167
41,173
41,176
41,181
41,184
41,186
41,193
41,194
42,43
42,44
42,45
42,46
42,47
42,48
42,49
42,50
43,44
43,45
43,46
43,47
43,48
43,49
43,50
44,45
44,46
44,47
44,48
44,49
44,50
45,46
45,47
45,48
45,49
45,50
46,47
46,48
46,49
46,50
47,48
47,49
47,50
48,49
48,50
49,50
53,54
53,61
53,65
53,73
53,77
53,78
53,80
53,82
53,86
53,88
53,91
53,92
53,95
53,99
53,102
53,104
53,121
53,122
53,128
53,136
53,139
53,142
53,145
53,146
53,151
53,153
53,156
53,159
53,161
53,162
53,167
53,173
53,176
53,181
53,184
53,186
53,193
53,194
54,61
54,65
54,73
54,77
54,78
54,80
54,82
54,86
54,88
54,91
54,92
54,95
54,99
54,102
54,104
54,121
54,122
54,128
54,136
54,139
54,142
54,145
54,146
54,151
54,153
54,156
54,159
54,161
54,162
54,167
54,173
54,176
54,181
54,184
54,186
54,193
54,194
61,65
61,73
61,77
61,78
61,80
61,82
61,86
61,88
61,91
61,92
61,95
61,99
61,102
61,104
61,121
61,122
61,128
61,136
61,139
61,142
61,145
61,146
61,151
61,153
61,156
61,159
61,161
61,162
61,167
61,173
61,176
61,181
61,184
61,186
61,193
61,194
65,73
65,77
65,78
65,80
65,82
65,86
65,88
65,91
65,92
65,95
65,99
65,102
65,104
65,121
65,122
65,128
65,136
65,139
65,142
65,145
65,146
65,151
65,153
65,156
65,159
65,161
65,162
65,167
65,173
65,176
65,181
65,184
65,186
65,193
65,194
73,77
73,78
73,80
73,82
73,86
73,88
73,91
73,92
73,95
73,99
73,102
73,104
73,121
73,122
73,128
73,136
73,139
73,142
73,145
73,146
73,151
73,153
73,156
73,159
73,161
73,162
73,167
73,173
73,176
73,181
73,184
73,186
73,193
73,194
77,78
77,80
77,82
77,86
77,88
77,91
77,92
77,95
77,99
77,102
77,104
77,121
77,122
77,128
77,136
77,139
77,142
77,145
77,146
77,151
77,153
77,156
77,159
77,161
77,162
77,167
77,173
77,176
77,181
77,184
77,186
77,193
77,194
78,80
78,82
78,86
78,88
78,91
78,92
78,95
78,99
78,102
78,104
78,121
78,122
78,128
78,136
78,139
78,142
78,145
78,146
78,151
78,153
78,156
78,159
78,161
78,162
78,167
78,173
78,176
78,181
78,184
78,186
78,193
78,194
80,82
80,86
80,88
80,91
80,92
80,95
80,99
80,102
80,104
80,121
80,122
80,128
80,136
80,139
80,142
80,145
80,146
80,151
80,153
80,156
80,159
80,161
80,162
80,167
80,173
80,176
80,181
80,184
80,186
80,193
80,194
82,86
82,88
82,91
82,92
82,95
82,99
82,102
82,104
82,121
82,122
82,128
82,136
82,139
82,142
82,145
82,146
82,151
82,153
82,156
82,159
82,161
82,162
82,167
82,173
82,176
82,181
82,184
82,186
82,193
82,194
86,88
86,91
86,92
86,95
86,99
86,102
86,104
86,121
86,122
86,128
86,136
86,139
86,142
86,145
86,146
86,151
86,153
86,156
86,159
86,161
86,162
86,167
86,173
86,176
86,181
86,184
86,186
86,193
86,194
88,91
88,92
88,95
88,99
88,102
88,104
88,121
88,122
88,128
88,136
88,139
88,142
88,145
88,146
88,151
88,153
88,156
88,159
88,161
88,162
88,167
88,173
88,176
88,181
88,184
88,186
88,193
88,194
91,92
91,95
91,99
91,102
91,104
91,121
91,122
91,128
91,136
91,139
91,142
91,145
91,146
91,151
91,153
91,156
91,159
91,161
91,162
91,167
91,173
91,176
91,181
91,184
91,186
91,193
91,194
92,95
92,99
92,102
92,104
92,121
92,122
92,128
92,136
92,139
92,142
92,145
92,146
92,151
92,153
92,156
92,159
92,161
92,162
92,167
92,173
92,176
92,181
92,184
92,186
92,193
92,194
95,99
95,102
95,104
95,121
95,122
95,128
95,136
95,139
95,142
95,145
95,146
95,151
95,153
95,156
95,159
95,161
95,162
95,167
95,173
95,176
95,181
95,184
95,186
95,193
95,194
99,102
99,104
99,121
99,122
99,128
99,136
99,139
99,142
99,145
99,146
99,151
99,153
99,156
99,159
99,161
99,162
99,167
99,173
99,176
99,181
99,184
99,186
99,193
99,194
102,104
102,121
102,122
102,128
102,136
102,139
102,142
102,145
102,146
102,151
102,153
102,156
102,159
102,161
102,162
102,167
102,173
102,176
102,181
102,184
102,186
102,193
102,194
104,121
104,122
104,128
104,136
104,139
104,142
104,145
104,146
104,151
104,153
104,156
104,159
104,161
104,162
104,167
104,173
104,176
104,181
104,184
104,186
104,193
104,194
114,135
114,141
114,149
115,118
115,119
115,120
115,123
115,128
115,129
115,130
115,133
115,134
115,137
115,138
115,140
115,141
115,143
115,148
115,155
115,163
115,164
115,169
117,118
117,119
117,120
117,122
117,123
117,125
117,126
117,128
117,129
117,130
117,132
117,133
117,134
117,137
117,138
117,139
117,140
117,141
117,143
117,144
117,148
117,155
117,158
117,163
117,164
118,119
119,122
120,122
120,125
120,130
120,132
120,137
120,139
120,140
120,144
120,148
120,149
120,153
121,122
121,124
121,126
121,127
121,128
121,129
121,132
121,136
121,137
121,138
121,139
121,140
121,141
121,142
121,144
121,145
121,146
121,148
121,149
121,151
121,153
121,156
121,159
121,161
121,162
121,167
121,173
121,176
121,181
121,184
121,186
121,193
121,194
122,126
122,127
122,128
122,129
122,132
122,134
122,135
122,136
122,138
122,139
122,140
122,141
122,142
122,145
122,146
122,148
122,149
122,151
122,153
122,154
122,156
122,159
122,161
122,162
122,167
122,169
122,173
122,176
122,181
122,184
122,186
122,193
122,194
123,124
123,125
123,126
123,127
123,129
123,130
123,132
123,134
123,135
123,138
123,139
123,141
123,148
123,163
123,164
123,168
123,169
124,125
124,126
124,127
124,128
124,129
124,130
124,131
124,132
124,133
124,134
124,135
124,137
124,139
124,141
124,143
124,148
124,149
124,155
124,158
124,163
124,168
124,169
124,182
125,126
125,127
125,128
125,129
125,130
125,131
125,133
125,134
125,135
125,138
125,139
125,140
125,144
126,127
126,128
126,129
126,130
126,131
126,132
126,134
126,135
126,137
126,138
126,148
126,149
126,158
126,163
126,164
126,165
127,129
127,131
127,133
127,134
127,135
127,138
127,139
127,140
127,143
127,148
127,153
127,154
127,155
127,158
127,160
127,163
127,165
127,168
128,130
128,134
128,135
128,136
128,138
128,139
128,140
128,141
128,142
128,145
128,146
128,148
128,151
128,153
128,156
128,158
128,159
128,160
128,161
128,162
128,163
128,164
128,165
128,167
128,168
128,169
128,173
128,176
128,181
128,182
128,184
128,185
128,186
128,193
128,194
129,131
129,132
129,134
129,135
129,137
129,139
129,140
129,141
130,131
130,132
130,133
130,135
130,137
130,138
130,139
130,140
130,141
130,143
130,144
130,148
130,149
130,154
131,132
131,135
131,137
131,138
131,140
131,141
131,144
131,149
131,154
131,160
131,163
131,168
131,169
132,133
132,134
132,138
132,141
132,144
132,148
132,151
132,153
132,154
132,155
132,157
132,158
132,163
132,164
132,168
132,169
132,182
132,185
132,190
133,137
133,138
133,143
133,144
133,147
133,148
133,149
133,151
133,153
133,155
133,157
133,158
133,160
133,164
133,166
133,168
133,169
133,172
135,140
135,141
135,143
135,144
135,147
135,148
135,149
135,150
135,153
135,154
135,155
135,157
135,158
135,166
135,169
136,138
136,139
136,140
136,141
136,142
136,143
136,144
136,145
136,146
136,149
136,150
136,151
136,153
136,156
136,159
136,161
136,162
136,167
136,173
136,176
136,181
136,184
136,186
136,193
136,194
137,138
137,139
137,140
137,141
137,144
138,140
139,140
139,142
139,143
139,144
139,145
139,146
139,151
139,153
139,156
139,159
139,161
139,162
139,167
139,173
139,176
139,181
139,184
139,186
139,193
139,194
140,141
140,143
140,144
140,147
140,149
140,150
140,151
140,155
140,158
140,165
141,142
141,143
141,144
141,146
141,147
141,148
141,149
141,150
141,151
141,154
141,155
141,160
141,162
141,170
141,182
142,144
142,145
142,146
142,151
142,153
142,156
142,159
142,161
142,162
142,167
142,173
142,176
142,181
142,184
142,186
142,193
142,194
143,144
143,146
143,149
143,151
143,152
143,153
143,154
143,155
143,157
144,145
144,146
144,147
144,148
144,149
144,154
144,157
144,158
144,160
144,162
144,163
144,169
144,170
144,173
144,179
144,189
145,146
145,148
145,149
145,150
145,151
145,152
145,153
145,155
145,156
145,158
145,159
145,161
145,162
145,163
145,164
145,165
145,167
145,168
145,169
145,170
145,173
145,176
145,179
145,181
145,184
145,185
145,186
145,193
145,194
146,147
146,148
146,149
146,150
146,151
146,152
146,153
146,155
146,156
146,157
146,159
146,161
146,162
146,167
146,173
146,176
146,181
146,184
146,186
146,193
146,194
147,148
147,149
147,150
147,151
148,149
148,151
148,152
148,153
149,150
149,151
149,152
149,153
149,154
149,155
149,160
149,163
149,170
149,182
149,185
150,151
150,152
150,153
150,154
150,157
150,158
150,160
150,163
150,165
150,166
150,168
150,170
150,171
150,172
150,182
151,152
151,153
151,154
151,155
151,156
151,157
151,158
151,159
151,160
151,161
151,162
151,163
151,165
151,166
151,167
151,168
151,169
151,170
151,171
151,172
151,173
151,176
151,179
151,181
151,184
151,186
151,189
151,190
151,193
151,194
152,154
152,155
152,157
152,158
153,156
153,158
153,159
153,160
153,161
153,162
153,163
153,164
153,167
153,168
153,169
153,170
153,171
153,173
153,176
153,178
153,179
153,180
153,181
153,184
153,186
153,187
153,189
153,193
153,194
153,195
154,155
154,158
154,160
154,161
154,163
154,164
154,169
154,171
154,172
154,173
154,174
155,156
155,158
155,160
155,162
155,163
155,166
155,168
155,169
155,171
155,172
155,173
155,178
155,179
155,180
155,182
155,183
155,185
155,189
155,195
155,197
156,159
156,161
156,162
156,167
156,173
156,176
156,181
156,184
156,186
156,193
156,194
157,158
157,159
157,160
157,161
157,162
157,163
157,165
157,166
157,167
157,168
157,169
157,171
157,172
157,173
157,174
157,179
157,180
158,160
158,161
158,162
158,163
158,164
158,165
158,166
158,167
158,169
158,170
158,171
158,173
158,174
158,179
158,180
158,182
158,183
158,185
158,189
158,191
158,195
158,198
159,161
159,162
159,163
159,164
159,166
159,167
159,168
159,169
159,171
159,173
159,174
159,176
159,178
159,181
159,183
159,184
159,185
159,186
159,187
159,193
159,194
160,162
160,164
160,165
160,168
160,170
160,173
160,180
161,162
161,167
161,173
161,176
161,181
161,184
161,186
161,193
161,194
162,167
162,170
162,171
162,172
162,173
162,174
162,176
162,180
162,181
162,182
162,183
162,184
162,185
162,186
162,187
162,193
162,194
162,198
162,199
163,166
163,167
163,168
163,169
163,170
163,171
163,172
163,173
163,174
163,178
163,180
163,182
163,183
163,185
163,187
164,168
165,167
166,168
166,170
166,173
166,174
166,178
166,180
166,182
166,183
166,197
166,198
167,168
167,169
167,170
167,173
167,176
167,181
167,184
167,186
167,193
167,194
168,173
168,174
168,180
168,181
168,183
168,187
168,191
168,195
168,197
168,198
169,171
170,171
170,187
170,189
170,191
170,195
171,172
171,177
171,180
171,181
171,183
171,190
171,191
171,198
171,199
172,174
172,178
172,180
172,185
172,189
172,190
172,191
172,192
172,195
172,199
173,175
173,176
173,177
173,178
173,179
173,180
173,181
173,184
173,185
173,186
173,189
173,190
173,192
173,193
173,194
173,197
174,175
174,177
174,178
174,179
174,180
174,181
174,182
174,183
174,187
174,191
174,195
174,197
174,198
175,178
175,179
175,180
175,182
175,183
176,178
176,179
176,181
176,182
176,183
176,184
176,186
176,193
176,194
177,178
177,179
177,182
177,183
177,189
177,190
177,193
178,179
178,182
178,183
178,185
178,189
178,190
178,191
178,192
178,193
179,181
179,182
179,183
179,185
179,189
179,190
180,182
180,183
180,185
180,192
180,195
180,198
180,199
181,183
181,184
181,185
181,186
181,191
181,192
181,193
181,194
181,195
181,198
182,183
182,185
182,187
182,188
182,189
182,190
182,191
182,195
182,199
183,187
183,188
183,189
183,190
183,197
183,198
183,199
184,186
184,190
184,193
184,194
185,187
185,188
185,190
185,191
185,193
185,197
185,198
185,199
186,193
186,194
187,188
187,189
187,190
187,193
187,195
187,197
188,189
188,192
188,195
188,197
189,190
189,191
189,195
189,197
189,199
191,192
191,193
191,198
191,199
192,195
193,194
193,197
193,198
193,199
195,197
195,198
195,199
196,198
197,198
198,199
