0,1
0,2
0,3
0,4
0,5
0,6
0,7
0,8
0,9
0,10
0,11
0,12
0,13
0,14
0,15
0,16
0,17
0,18
0,19
0,20
0,21
0,22
0,23
0,24
0,25
0,26
0,27
0,28
0,29
0,30
0,31
0,32
0,33
0,34
0,35
0,36
0,37
0,38
0,39
0,40
0,41
0,42
0,43
0,44
0,45
0,46
0,47
0,48
0,49
1,2
1,3
1,4
1,5
1,6
1,7
1,8
1,9
1,10
1,11
1,12
1,13
1,14
1,15
1,16
1,17
1,18
1,19
1,20
1,21
1,22
1,23
1,24
1,25
1,26
1,27
1,28
1,29
1,30
1,31
1,32
1,33
1,34
1,35
1,36
1,37
1,38
1,39
1,40
1,41
1,42
1,43
1,44
1,45
1,46
1,47
1,48
1,49
2,3
2,4
2,5
2,6
2,7
2,8
2,9
2,10
2,11
2,12
2,13
2,14
2,15
2,16
2,17
2,18
2,19
2,20
2,21
2,22
2,23
2,24
2,25
2,26
2,27
2,28
2,29
2,30
2,31
2,32
2,33
2,34
2,35
2,36
2,37
2,38
2,39
2,40
2,41
2,42
2,43
2,44
2,45
2,46
2,47
2,48
2,49
3,4
3,5
3,6
3,7
3,8
3,9
3,10
3,11
3,12
3,13
3,14
3,15
3,16
3,17
3,18
3,19
3,20
3,21
3,22
3,23
3,24
3,25
3,26
3,27
3,28
3,29
3,30
3,31
3,32
3,33
3,34
3,35
3,36
3,37
3,38
3,39
3,40
3,41
3,42
3,43
3,44
3,45
3,46
3,47
3,48
3,49
4,5
4,6
4,7
4,8
4,9
4,10
4,11
4,12
4,13
4,14
4,15
4,16
4,17
4,18
4,19
4,20
4,21
4,22
4,23
4,24
4,25
4,26
4,27
4,28
4,29
4,30
4,31
4,32
4,33
4,34
4,35
4,36
4,37
4,38
4,39
4,40
4,41
4,42
4,43
4,44
4,45
4,46
4,47
4,48
4,49
5,6
5,7
5,8
5,9
5,10
5,11
5,12
5,13
5,14
5,15
5,16
5,17
5,18
5,19
5,20
5,21
5,22
5,23
5,24
5,25
5,26
5,27
5,28
5,29
5,30
5,31
5,32
5,33
5,34
5,35
5,36
5,37
5,38
5,39
5,40
5,41
5,42
5,43
5,44
5,45
5,46
5,47
5,48
5,49
6,7
6,8
6,9
6,10
6,11
6,12
6,13
6,14
6,15
6,16
6,17
6,18
6,19
6,20
6,21
6,22
6,23
6,24
6,25
6,26
6,27
6,28
6,29
6,30
6,31
6,32
6,33
6,34
6,35
6,36
6,37
6,38
6,39
6,40
6,41
6,42
6,43
6,44
6,45
6,46
6,47
6,48
6,49
7,8
7,9
7,10
7,11
7,12
7,13
7,14
7,15
7,16
7,17
7,18
7,19
7,20
7,21
7,22
7,23
7,24
7,25
7,26
7,27
7,28
7,29
7,30
7,31
7,32
7,33
7,34
7,35
7,36
7,37
7,38
7,39
7,40
7,41
7,42
7,43
7,44
7,45
7,46
7,47
7,48
7,49
8,9
8,10
8,11
8,12
8,13
8,14
8,15
8,16
8,17
8,18
8,19
8,20
8,21
8,22
8,23
8,24
8,25
8,26
8,27
8,28
8,29
8,30
8,31
8,32
8,33
8,34
8,35
8,36
8,37
8,38
8,39
8,40
8,41
8,42
8,43
8,44
8,45
8,46
8,47
8,48
8,49
8,51
8,53
8,60
8,61
8,62
8,65
8,66
8,69
8,73
8,75
8,78
8,86
8,92
8,96
8,98
8,104
8,109
8,125
8,131
8,136
8,139
8,143
8,145
8,146
8,147
8,149
8,150
8,151
8,158
8,160
8,163
8,165
8,168
8,170
8,171
8,173
8,176
8,187
8,192
9,10
9,11
9,12
9,13
9,14
9,15
9,16
9,17
9,18
9,19
9,20
9,21
9,22
9,23
9,24
9,25
9,26
9,27
9,28
9,29
9,30
9,31
9,32
9,33
9,34
9,35
9,36
9,37
9,38
9,39
9,40
9,41
9,42
9,43
9,44
9,45
9,46
9,47
9,48
9,49
10,11
10,12
10,13
10,14
10,15
10,16
10,17
10,18
10,19
10,20
10,21
10,22
10,23
10,24
10,25
10,26
10,27
10,28
10,29
10,30
10,31
10,32
10,33
10,34
10,35
10,36
10,37
10,38
10,39
10,40
10,41
10,42
10,43
10,44
10,45
10,46
10,47
10,48
10,49
11,12
11,13
11,14
11,15
11,16
11,17
11,18
11,19
11,20
11,21
11,22
11,23
11,24
11,25
11,26
11,27
11,28
11,29
11,30
11,31
11,32
11,33
11,34
11,35
11,36
11,37
11,38
11,39
11,40
11,41
11,42
11,43
11,44
11,45
11,46
11,47
11,48
11,49
11,51
11,53
11,60
11,61
11,62
11,65
11,66
11,69
11,73
11,75
11,78
11,86
11,92
11,96
11,98
11,104
11,109
11,125
11,131
11,136
11,139
11,143
11,145
11,146
11,147
11,149
11,150
11,151
11,158
11,160
11,163
11,165
11,168
11,170
11,171
11,173
11,176
11,187
11,192
12,13
12,14
12,15
12,16
12,17
12,18
12,19
12,20
12,21
12,22
12,23
12,24
12,25
12,26
12,27
12,28
12,29
12,30
12,31
12,32
12,33
12,34
12,35
12,36
12,37
12,38
12,39
12,40
12,41
12,42
12,43
12,44
12,45
12,46
12,47
12,48
12,49
13,14
13,15
13,16
13,17
13,18
13,19
13,20
13,21
13,22
13,23
13,24
13,25
13,26
13,27
13,28
13,29
13,30
13,31
13,32
13,33
13,34
13,35
13,36
13,37
13,38
13,39
13,40
13,41
13,42
13,43
13,44
13,45
13,46
13,47
13,48
13,49
14,15
14,16
14,17
14,18
14,19
14,20
14,21
14,22
14,23
14,24
14,25
14,26
14,27
14,28
14,29
14,30
14,31
14,32
14,33
14,34
14,35
14,36
14,37
14,38
14,39
14,40
14,41
14,42
14,43
14,44
14,45
14,46
14,47
14,48
14,49
14,51
14,53
14,60
14,61
14,62
14,65
14,66
14,69
14,73
14,75
14,78
14,86
14,92
14,96
14,98
14,104
14,109
14,125
14,131
14,136
14,139
14,143
14,145
14,146
14,147
14,149
14,150
14,151
14,158
14,160
14,163
14,165
14,168
14,170
14,171
14,173
14,176
14,187
14,192
15,16
15,17
15,18
15,19
15,20
15,21
15,22
15,23
15,24
15,25
15,26
15,27
15,28
15,29
15,30
15,31
15,32
15,33
15,34
15,35
15,36
15,37
15,38
15,39
15,40
15,41
15,42
15,43
15,44
15,45
15,46
15,47
15,48
15,49
15,51
15,53
15,60
15,61
15,62
15,65
15,66
15,69
15,73
15,75
15,78
15,86
15,92
15,96
15,98
15,104
15,109
15,125
15,131
15,136
15,139
15,143
15,145
15,146
15,147
15,149
15,150
15,151
15,158
15,160
15,163
15,165
15,168
15,170
15,171
15,173
15,176
15,187
15,192
16,17
16,18
16,19
16,20
16,21
16,22
16,23
16,24
16,25
16,26
16,27
16,28
16,29
16,30
16,31
16,32
16,33
16,34
16,35
16,36
16,37
16,38
16,39
16,40
16,41
16,42
16,43
16,44
16,45
16,46
16,47
16,48
16,49
17,18
17,19
17,20
17,21
17,22
17,23
17,24
17,25
17,26
17,27
17,28
17,29
17,30
17,31
17,32
17,33
17,34
17,35
17,36
17,37
17,38
17,39
17,40
17,41
17,42
17,43
17,44
17,45
17,46
17,47
17,48
17,49
18,19
18,20
18,21
18,22
18,23
18,24
18,25
18,26
18,27
18,28
18,29
18,30
18,31
18,32
18,33
18,34
18,35
18,36
18,37
18,38
18,39
18,40
18,41
18,42
18,43
18,44
18,45
18,46
18,47
18,48
18,49
19,20
19,21
19,22
19,23
19,24
19,25
19,26
19,27
19,28
19,29
19,30
19,31
19,32
19,33
19,34
19,35
19,36
19,37
19,38
19,39
19,40
19,41
19,42
19,43
19,44
19,45
19,46
19,47
19,48
19,49
20,21
20,22
20,23
20,24
20,25
20,26
20,27
20,28
20,29
20,30
20,31
20,32
20,33
20,34
20,35
20,36
20,37
20,38
20,39
20,40
20,41
20,42
20,43
20,44
20,45
20,46
20,47
20,48
21,22
21,23
21,24
21,25
21,26
21,27
21,28
21,29
21,30
21,31
21,32
21,33
21,34
21,35
21,36
21,37
21,38
21,39
21,40
21,41
21,42
21,43
21,44
21,45
21,46
21,47
21,48
21,49
22,23
22,24
22,25
22,26
22,27
22,28
22,29
22,30
22,31
22,32
22,33
22,34
22,35
22,36
22,37
22,38
22,39
22,40
22,41
22,42
22,43
22,44
22,45
22,46
22,47
22,48
22,49
23,24
23,25
23,26
23,27
23,28
23,29
23,30
23,31
23,32
23,33
23,34
23,35
23,36
23,37
23,38
23,39
23,40
23,41
23,42
23,43
23,44
23,45
23,46
23,47
23,48
23,49
24,25
24,26
24,27
24,28
24,29
24,30
24,31
24,32
24,33
24,34
24,35
24,36
24,37
24,38
24,39
24,40
24,41
24,42
24,43
24,44
24,45
24,46
24,47
24,48
24,49
25,26
25,27
25,28
25,29
25,30
25,31
25,32
25,33
25,34
25,35
25,36
25,37
25,38
25,39
25,40
25,41
25,42
25,43
25,44
25,45
25,46
25,47
25,48
25,49
26,27
26,28
26,29
26,30
26,31
26,32
26,33
26,34
26,35
26,36
26,37
26,38
26,39
26,40
26,41
26,42
26,43
26,44
26,45
26,46
26,47
26,48
26,49
27,28
27,29
27,30
27,31
27,32
27,33
27,34
27,35
27,36
27,37
27,38
27,39
27,40
27,41
27,42
27,43
27,44
27,45
27,46
27,47
27,48
27,49
28,29
28,30
28,31
28,32
28,33
28,34
28,35
28,36
28,37
28,38
28,39
28,40
28,41
28,42
28,43
28,44
28,45
28,46
28,47
28,48
28,49
29,30
29,31
29,32
29,33
29,34
29,35
29,36
29,37
29,38
29,39
29,40
29,41
29,42
29,43
29,44
29,45
29,46
29,47
29,48
29,49
29,51
29,53
29,60
29,61
29,62
29,65
29,66
29,69
29,73
29,75
29,78
29,86
29,92
29,96
29,98
29,104
29,109
29,125
29,131
29,136
29,139
29,143
29,145
29,146
29,147
29,149
29,150
29,151
29,158
29,160
29,163
29,165
29,168
29,170
29,171
29,173
29,176
29,187
29,192
30,31
30,32
30,33
30,34
30,35
30,36
30,37
30,38
30,39
30,40
30,41
30,42
30,43
30,44
30,45
30,46
30,47
30,48
30,49
30,51
30,53
30,60
30,61
30,62
30,65
30,66
30,69
30,73
30,75
30,78
30,86
30,92
30,96
30,98
30,104
30,109
30,125
30,131
30,136
30,139
30,143
30,145
30,146
30,147
30,149
30,150
30,151
30,158
30,160
30,163
30,165
30,168
30,170
30,171
30,173
30,176
30,187
30,192
31,32
31,33
31,34
31,35
31,36
31,37
31,38
31,39
31,40
31,41
31,42
31,43
31,44
31,45
31,46
31,47
31,48
31,49
31,51
31,53
31,60
31,61
31,62
31,65
31,66
31,69
31,73
31,75
31,78
31,86
31,92
31,96
31,98
31,104
31,109
31,125
31,131
31,136
31,139
31,143
31,145
31,146
31,147
31,149
31,150
31,151
31,158
31,160
31,163
31,165
31,168
31,170
31,171
31,173
31,176
31,187
31,192
32,33
32,34
32,35
32,36
32,37
32,38
32,39
32,40
32,41
32,42
32,43
32,44
32,45
32,46
32,47
32,48
32,49
33,34
33,35
33,36
33,37
33,38
33,39
33,40
33,41
33,42
33,43
33,44
33,45
33,46
33,47
33,48
33,49
34,35
34,36
34,37
34,38
34,39
34,40
34,41
34,42
34,43
34,44
34,45
34,46
34,47
34,48
34,49
35,36
35,37
35,38
35,39
35,40
35,41
35,42
35,43
35,44
35,45
35,46
35,47
35,48
35,49
36,37
36,38
36,39
36,40
36,41
36,42
36,43
36,44
36,45
36,46
36,47
36,48
36,49
37,38
37,39
37,40
37,41
37,42
37,43
37,44
37,45
37,46
37,47
37,48
37,49
37,51
37,53
37,60
37,61
37,62
37,65
37,66
37,69
37,73
37,75
37,78
37,86
37,92
37,96
37,98
37,104
37,109
37,125
37,131
37,136
37,139
37,143
37,145
37,146
37,147
37,149
37,150
37,151
37,158
37,160
37,163
37,165
37,168
37,170
37,171
37,173
37,176
37,187
37,192
38,39
38,40
38,41
38,42
38,43
38,44
38,45
38,46
38,47
38,48
38,49
38,51
38,53
38,60
38,61
38,62
38,65
38,66
38,69
38,73
38,75
38,78
38,86
38,92
38,96
38,98
38,104
38,109
38,125
38,131
38,136
38,139
38,143
38,145
38,146
38,147
38,149
38,150
38,151
38,158
38,160
38,163
38,165
38,168
38,170
38,171
38,173
38,176
38,187
38,192
39,40
39,41
39,42
39,43
39,44
39,45
39,46
39,47
39,48
39,49
40,41
40,42
40,43
40,44
40,45
40,46
40,47
40,48
40,49
41,42
41,43
41,44
41,45
41,46
41,47
41,48
41,49
41,51
41,53
41,60
41,61
41,62
41,65
41,66
41,69
41,73
41,75
41,78
41,86
41,92
41,96
41,98
41,104
41,109
41,125
41,131
41,136
41,139
41,143
41,145
41,146
41,147
41,149
41,150
41,151
41,158
41,160
41,163
41,165
41,168
41,170
41,171
41,173
41,176
41,187
41,192
42,43
42,44
42,45
42,46
42,47
42,48
42,49
43,44
43,45
43,46
43,47
43,48
43,49
43,51
43,53
43,60
43,61
43,62
43,65
43,66
43,69
43,73
43,75
43,78
43,86
43,92
43,96
43,98
43,104
43,109
43,125
43,131
43,136
43,139
43,143
43,145
43,146
43,147
43,149
43,150
43,151
43,158
43,160
43,163
43,165
43,168
43,170
43,171
43,173
43,176
43,187
43,192
44,45
44,46
44,47
44,48
44,49
45,46
45,47
45,48
45,49
46,47
46,48
46,49
47,48
47,49
48,49
51,53
51,60
51,61
51,62
51,65
51,66
51,69
51,73
51,75
51,78
51,86
51,92
51,96
51,98
51,104
51,109
51,125
51,131
51,136
51,139
51,143
51,145
51,146
51,147
51,149
51,150
51,151
51,158
51,160
51,163
51,165
51,168
51,170
51,171
51,173
51,176
51,187
51,192
53,60
53,61
53,62
53,65
53,66
53,69
53,73
53,75
53,78
53,86
53,92
53,96
53,98
53,104
53,109
53,125
53,131
53,136
53,139
53,143
53,145
53,146
53,147
53,149
53,150
53,151
53,158
53,160
53,163
53,165
53,168
53,170
53,171
53,173
53,176
53,187
53,192
60,61
60,62
60,65
60,66
60,69
60,73
60,75
60,78
60,86
60,92
60,96
60,98
60,104
60,109
60,125
60,131
60,136
60,139
60,143
60,145
60,146
60,147
60,149
60,150
60,151
60,158
60,160
60,163
60,165
60,168
60,170
60,171
60,173
60,176
60,187
60,192
61,62
61,65
61,66
61,69
61,73
61,75
61,78
61,86
61,92
61,96
61,98
61,104
61,109
61,125
61,131
61,136
61,139
61,143
61,145
61,146
61,147
61,149
61,150
61,151
61,158
61,160
61,163
61,165
61,168
61,170
61,171
61,173
61,176
61,187
61,192
62,65
62,66
62,69
62,73
62,75
62,78
62,86
62,92
62,96
62,98
62,104
62,109
62,125
62,131
62,136
62,139
62,143
62,145
62,146
62,147
62,149
62,150
62,151
62,158
62,160
62,163
62,165
62,168
62,170
62,171
62,173
62,176
62,187
62,192
65,66
65,69
65,73
65,75
65,78
65,86
65,92
65,96
65,98
65,104
65,109
65,125
65,131
65,136
65,139
65,143
65,145
65,146
65,147
65,149
65,150
65,151
65,158
65,160
65,163
65,165
65,168
65,170
65,171
65,173
65,176
65,187
65,192
66,69
66,73
66,75
66,78
66,86
66,92
66,96
66,98
66,104
66,109
66,125
66,131
66,136
66,139
66,143
66,145
66,146
66,147
66,149
66,150
66,151
66,158
66,160
66,163
66,165
66,168
66,170
66,171
66,173
66,176
66,187
66,192
69,73
69,75
69,78
69,86
69,92
69,96
69,98
69,104
69,109
69,125
69,131
69,136
69,139
69,143
69,145
69,146
69,147
69,149
69,150
69,151
69,158
69,160
69,163
69,165
69,168
69,170
69,171
69,173
69,176
69,187
69,192
73,75
73,78
73,86
73,92
73,96
73,98
73,104
73,109
73,125
73,131
73,136
73,139
73,143
73,145
73,146
73,147
73,149
73,150
73,151
73,158
73,160
73,163
73,165
73,168
73,170
73,171
73,173
73,176
73,187
73,192
75,78
75,86
75,92
75,96
75,98
75,104
75,109
75,125
75,131
75,136
75,139
75,143
75,145
75,146
75,147
75,149
75,150
75,151
75,158
75,160
75,163
75,165
75,168
75,170
75,171
75,173
75,176
75,187
75,192
78,86
78,92
78,96
78,98
78,104
78,109
78,125
78,131
78,136
78,139
78,143
78,145
78,146
78,147
78,149
78,150
78,151
78,158
78,160
78,163
78,165
78,168
78,170
78,171
78,173
78,176
78,187
78,192
86,92
86,96
86,98
86,104
86,109
86,125
86,131
86,136
86,139
86,143
86,145
86,146
86,147
86,149
86,150
86,151
86,158
86,160
86,163
86,165
86,168
86,170
86,171
86,173
86,176
86,187
86,192
92,96
92,98
92,104
92,109
92,125
92,131
92,136
92,139
92,143
92,145
92,146
92,147
92,149
92,150
92,151
92,158
92,160
92,163
92,165
92,168
92,170
92,171
92,173
92,176
92,187
92,192
96,98
96,104
96,109
96,125
96,131
96,136
96,139
96,143
96,145
96,146
96,147
96,149
96,150
96,151
96,158
96,160
96,163
96,165
96,168
96,170
96,171
96,173
96,176
96,187
96,192
98,104
98,109
98,125
98,131
98,136
98,139
98,143
98,145
98,146
98,147
98,149
98,150
98,151
98,158
98,160
98,163
98,165
98,168
98,170
98,171
98,173
98,176
98,187
98,192
104,109
104,125
104,131
104,136
104,139
104,143
104,145
104,146
104,147
104,149
104,150
104,151
104,158
104,160
104,163
104,165
104,168
104,170
104,171
104,173
104,176
104,187
104,192
109,125
109,131
109,136
109,139
109,143
109,145
109,146
109,147
109,149
109,150
109,151
109,158
109,160
109,163
109,165
109,168
109,170
109,171
109,173
109,176
109,187
109,192
111,116
111,120
111,121
111,122
111,123
111,125
111,126
111,127
111,128
111,132
111,138
111,141
111,155
111,156
111,157
112,113
112,114
112,117
112,118
112,121
112,122
112,123
112,124
112,125
112,128
112,129
112,132
113,119
113,120
113,121
113,124
113,126
113,128
114,115
114,116
114,117
114,118
114,119
114,120
114,121
114,122
114,124
114,125
114,126
114,127
114,128
114,130
114,131
114,134
114,136
114,137
114,141
115,116
115,118
115,119
115,120
115,121
115,122
115,125
115,126
115,127
115,128
115,130
115,131
115,134
115,135
115,136
115,137
115,155
115,156
116,118
116,119
116,120
116,122
116,125
118,119
118,120
118,121
118,125
118,127
118,131
118,133
118,135
118,136
118,138
118,139
118,141
118,142
118,144
118,153
118,156
119,120
119,121
119,122
119,123
119,126
119,129
119,130
119,133
119,134
119,135
119,136
119,137
119,138
119,139
119,142
119,144
120,121
120,122
120,125
120,126
120,129
120,130
120,131
120,132
120,133
120,136
120,137
120,138
120,139
120,140
120,141
120,142
120,144
120,156
120,157
121,123
121,126
121,128
121,129
121,130
121,131
121,132
121,133
121,134
121,136
121,137
121,138
121,139
121,140
121,141
121,142
121,155
121,156
121,157
121,175
121,178
121,182
121,184
122,126
122,127
122,132
122,135
122,137
122,138
122,139
122,140
122,141
122,142
123,125
123,126
123,127
123,128
123,129
123,130
123,131
123,132
123,135
123,136
123,140
123,141
123,142
123,143
123,144
123,145
123,148
123,155
123,157
123,161
123,175
123,178
123,184
124,127
124,128
124,129
124,130
124,131
124,132
124,133
124,134
124,135
124,136
124,139
124,140
124,141
124,142
124,143
124,144
124,145
124,153
124,155
124,157
124,178
124,182
124,184
124,196
125,126
125,128
125,129
125,130
125,131
125,133
125,136
125,137
125,139
125,140
125,142
125,143
125,144
125,145
125,146
125,147
125,148
125,149
125,150
125,151
125,154
125,156
125,157
125,158
125,160
125,163
125,165
125,168
125,170
125,171
125,173
125,175
125,176
125,180
125,182
125,184
125,187
125,192
126,129
126,130
126,132
126,133
126,134
126,135
126,136
126,139
126,140
126,141
126,142
126,143
126,144
126,147
126,153
126,154
126,156
126,157
126,163
126,166
126,175
126,177
127,129
127,130
127,131
127,132
127,133
128,130
128,131
128,132
128,133
128,137
128,138
128,139
128,141
128,142
128,143
128,144
128,145
128,147
128,153
128,156
128,157
129,130
129,131
130,131
130,132
130,134
130,135
130,137
130,141
130,142
130,144
130,146
130,147
130,153
130,156
130,157
130,161
130,163
130,174
130,175
130,177
130,184
131,132
131,133
131,134
131,135
131,136
131,137
131,139
131,142
131,143
131,144
131,145
131,146
131,147
131,148
131,149
131,150
131,151
131,153
131,155
131,156
131,157
131,158
131,160
131,163
131,164
131,165
131,166
131,168
131,170
131,171
131,173
131,174
131,175
131,176
131,177
131,178
131,180
131,181
131,182
131,186
131,187
131,192
131,196
132,134
132,135
132,136
132,137
132,140
132,141
132,142
132,143
132,144
132,145
132,146
132,148
133,134
133,135
133,136
135,137
135,139
135,140
135,141
135,145
135,147
135,155
135,177
135,178
135,181
135,184
136,137
136,138
136,139
136,140
136,141
136,143
136,145
136,146
136,147
136,149
136,150
136,151
136,158
136,160
136,163
136,165
136,168
136,170
136,171
136,173
136,176
136,187
136,192
138,140
138,143
138,145
138,146
138,150
138,153
138,166
138,182
138,194
139,140
139,141
139,142
139,143
139,144
139,145
139,146
139,147
139,149
139,150
139,151
139,158
139,160
139,163
139,165
139,168
139,170
139,171
139,173
139,176
139,187
139,192
140,141
140,142
140,143
140,147
140,148
140,149
140,153
140,154
140,155
140,156
140,166
140,174
140,177
140,180
140,182
140,184
140,186
140,194
141,142
141,143
141,144
141,145
141,147
141,148
141,149
141,153
141,154
141,155
141,156
141,164
141,166
141,168
141,174
141,177
141,178
142,144
142,146
142,147
142,150
142,153
142,154
142,155
142,156
142,161
142,163
143,145
143,146
143,147
143,149
143,150
143,151
143,153
143,154
143,158
143,160
143,163
143,165
143,168
143,170
143,171
143,173
143,176
143,187
143,192
144,147
144,148
144,149
144,151
144,153
144,155
144,156
144,161
144,162
144,163
144,164
144,166
144,175
144,177
144,181
144,184
144,186
144,194
144,198
145,146
145,147
145,149
145,150
145,151
145,155
145,158
145,160
145,163
145,165
145,168
145,170
145,171
145,173
145,176
145,187
145,192
146,147
146,149
146,150
146,151
146,158
146,160
146,163
146,165
146,168
146,170
146,171
146,173
146,176
146,187
146,192
147,148
147,149
147,150
147,151
147,158
147,160
147,163
147,165
147,168
147,170
147,171
147,173
147,176
147,187
147,192
148,149
148,150
148,154
148,155
148,157
148,161
148,163
148,164
148,166
148,168
148,174
148,175
148,180
148,184
148,186
149,150
149,151
149,153
149,154
149,155
149,156
149,157
149,158
149,160
149,161
149,163
149,164
149,165
149,166
149,168
149,170
149,171
149,173
149,175
149,176
149,181
149,182
149,184
149,187
149,190
149,192
149,194
150,151
150,154
150,156
150,158
150,160
150,163
150,165
150,168
150,170
150,171
150,173
150,176
150,187
150,192
151,153
151,154
151,155
151,156
151,157
151,158
151,160
151,163
151,165
151,168
151,170
151,171
151,173
151,176
151,177
151,178
151,180
151,182
151,184
151,187
151,192
151,193
151,198
151,199
152,153
152,155
152,156
152,166
152,168
153,154
153,156
153,157
153,162
153,163
153,169
153,178
153,182
153,184
153,193
153,198
153,199
154,156
154,157
154,162
154,164
154,166
154,168
154,173
154,174
154,178
154,179
154,180
154,181
154,182
154,184
154,190
154,193
154,194
154,198
154,199
155,156
155,157
155,159
155,161
155,163
155,168
155,172
155,174
156,157
156,159
156,161
156,163
156,164
156,169
156,172
156,175
156,177
156,179
156,180
156,181
156,182
156,184
156,187
156,191
156,192
156,193
156,199
157,159
157,162
157,163
157,164
157,166
157,168
157,169
157,172
157,173
157,175
157,177
157,178
157,179
157,181
157,182
157,184
157,186
157,187
157,193
157,194
157,196
157,198
157,199
158,159
158,160
158,163
158,165
158,168
158,170
158,171
158,173
158,175
158,176
158,178
158,179
158,181
158,183
158,186
158,187
158,190
158,192
158,193
158,194
158,196
158,198
159,162
159,164
159,166
160,163
160,164
160,165
160,166
160,168
160,169
160,170
160,171
160,173
160,176
160,187
160,192
161,163
161,164
161,166
161,169
161,172
161,175
161,177
161,178
161,179
161,181
161,182
161,183
161,184
161,186
161,187
162,163
162,164
162,166
162,168
163,164
163,165
163,166
163,167
163,168
163,170
163,171
163,173
163,176
163,178
163,179
163,180
163,181
163,182
163,183
163,184
163,186
163,187
163,190
163,191
163,192
163,193
163,194
163,199
164,166
164,169
164,170
164,172
164,176
164,178
164,180
165,168
165,170
165,171
165,173
165,176
165,187
165,192
166,168
166,169
166,170
166,175
166,176
166,177
167,168
167,169
167,170
167,173
167,174
168,169
168,170
168,171
168,173
168,174
168,175
168,176
168,177
168,179
168,181
168,182
168,183
168,184
168,186
168,187
168,191
168,192
168,193
168,194
168,199
169,170
169,173
169,174
169,175
169,177
169,180
169,181
169,182
169,183
169,184
169,185
169,186
169,187
169,190
169,191
169,193
169,194
169,198
169,199
170,171
170,173
170,174
170,175
170,176
170,177
170,178
170,180
170,181
170,182
170,184
170,186
170,187
170,190
170,191
170,192
170,193
171,173
171,174
171,175
171,176
171,178
171,179
171,181
171,182
171,183
171,184
171,185
171,186
171,187
171,188
171,189
171,190
171,191
171,192
171,194
171,195
171,196
171,198
173,174
173,176
173,187
173,192
174,175
174,177
174,179
174,180
174,182
174,183
174,184
174,185
174,186
174,194
174,195
174,196
174,198
175,176
175,178
175,179
175,181
175,182
175,183
175,188
175,191
175,194
175,195
175,196
175,198
175,199
176,187
176,192
177,179
177,185
177,186
177,189
177,190
177,193
177,195
177,196
177,198
177,199
178,182
178,183
178,185
179,180
179,182
179,183
179,184
179,187
179,188
179,190
179,193
179,198
179,199
180,182
180,185
180,186
180,187
180,188
180,190
180,191
181,183
181,184
181,185
181,186
181,187
181,188
181,189
181,191
181,195
181,196
181,197
181,199
183,185
183,186
184,185
184,186
184,188
184,193
184,194
184,195
184,196
184,197
184,199
185,186
185,187
185,188
185,189
185,190
186,188
186,189
186,190
187,188
187,189
187,191
187,192
187,193
187,194
187,195
187,196
187,199
189,190
190,191
190,192
190,193
190,199
191,192
191,197
191,198
191,199
192,194
192,195
192,197
192,199
193,194
194,195
194,196
194,197
194,198
194,199
195,197
195,198
195,199
196,197
196,199
198,199
