0,1
0,2
0,3
0,4
0,5
0,6
0,7
0,8
0,9
0,10
0,11
0,12
0,13
0,14
0,15
0,16
0,17
0,18
0,19
0,20
0,21
0,22
0,23
0,24
0,25
0,26
0,27
0,28
0,29
0,30
0,31
0,32
0,33
0,34
0,35
1,2
1,3
1,4
1,5
1,6
1,7
1,8
1,9
1,10
1,11
1,12
1,13
1,14
1,15
1,16
1,17
1,18
1,19
1,20
1,21
1,22
1,23
1,24
1,25
1,26
1,27
1,28
1,29
1,30
1,31
1,32
1,33
1,34
1,35
1,41
1,43
1,44
1,46
1,55
1,56
1,57
1,67
1,73
1,87
1,94
1,103
1,109
1,112
1,132
1,134
1,135
1,140
1,142
1,145
1,157
1,160
1,163
1,168
1,169
1,178
1,181
1,184
1,188
1,193
2,3
2,4
2,5
2,6
2,7
2,8
2,9
2,10
2,11
2,12
2,13
2,14
2,15
2,16
2,17
2,18
2,19
2,20
2,21
2,22
2,23
2,24
2,25
2,26
2,27
2,28
2,29
2,30
2,31
2,32
2,33
2,34
2,35
3,4
3,5
3,6
3,7
3,8
3,9
3,10
3,11
3,12
3,13
3,14
3,15
3,16
3,17
3,18
3,19
3,20
3,21
3,22
3,23
3,24
3,25
3,26
3,27
3,28
3,29
3,30
3,31
3,32
3,33
3,34
3,35
4,5
4,6
4,7
4,8
4,9
4,10
4,11
4,12
4,13
4,14
4,15
4,16
4,17
4,18
4,19
4,20
4,21
4,22
4,23
4,24
4,25
4,26
4,27
4,28
4,29
4,30
4,31
4,32
4,33
4,34
4,35
5,6
5,7
5,8
5,9
5,10
5,11
5,12
5,13
5,14
5,15
5,16
5,17
5,18
5,19
5,20
5,21
5,22
5,23
5,24
5,25
5,26
5,27
5,28
5,29
5,30
5,31
5,32
5,33
5,34
5,35
6,7
6,8
6,9
6,10
6,11
6,12
6,13
6,14
6,15
6,16
6,17
6,18
6,19
6,20
6,21
6,22
6,23
6,24
6,25
6,26
6,27
6,28
6,29
6,30
6,31
6,32
6,33
6,34
7,8
7,9
7,10
7,11
7,12
7,13
7,14
7,15
7,16
7,17
7,18
7,19
7,20
7,21
7,22
7,23
7,24
7,25
7,26
7,27
7,28
7,29
7,30
7,31
7,32
7,33
7,34
7,35
8,9
8,10
8,11
8,12
8,13
8,14
8,15
8,16
8,17
8,18
8,19
8,20
8,21
8,22
8,23
8,24
8,25
8,26
8,27
8,28
8,29
8,30
8,31
8,32
8,33
8,34
8,35
9,10
9,11
9,12
9,13
9,14
9,15
9,16
9,17
9,18
9,19
9,20
9,21
9,22
9,23
9,24
9,25
9,26
9,27
9,28
9,29
9,30
9,31
9,32
9,33
9,34
9,35
9,41
9,43
9,44
9,46
9,55
9,56
9,57
9,67
9,73
9,87
9,94
9,103
9,109
9,112
9,132
9,134
9,135
9,140
9,142
9,145
9,157
9,160
9,163
9,168
9,169
9,178
9,181
9,184
9,188
9,193
10,11
10,12
10,13
10,14
10,15
10,16
10,17
10,18
10,19
10,20
10,21
10,22
10,23
10,24
10,25
10,26
10,27
10,28
10,29
10,30
10,31
10,32
10,33
10,34
10,35
11,12
11,13
11,14
11,15
11,16
11,17
11,18
11,19
11,20
11,21
11,22
11,23
11,24
11,25
11,26
11,27
11,28
11,29
11,30
11,31
11,32
11,33
11,34
11,35
12,13
12,14
12,15
12,16
12,17
12,18
12,19
12,20
12,21
12,22
12,23
12,24
12,25
12,26
12,27
12,28
12,29
12,30
12,31
12,32
12,33
12,34
12,35
13,14
13,15
13,16
13,17
13,18
13,19
13,20
13,21
13,22
13,23
13,24
13,25
13,26
13,27
13,28
13,29
13,30
13,31
13,32
13,33
13,34
13,35
14,15
14,16
14,17
14,18
14,19
14,20
14,21
14,22
14,23
14,24
14,25
14,26
14,27
14,28
14,29
14,30
14,31
14,32
14,33
14,34
14,35
15,16
15,17
15,18
15,19
15,20
15,21
15,22
15,23
15,24
15,25
15,26
15,27
15,28
15,29
15,30
15,31
15,32
15,33
15,34
15,35
15,41
15,43
15,44
15,46
15,55
15,56
15,57
15,67
15,73
15,87
15,94
15,103
15,109
15,112
15,132
15,134
15,135
15,140
15,142
15,145
15,157
15,160
15,163
15,168
15,169
15,178
15,181
15,184
15,188
15,193
16,17
16,18
16,19
16,20
16,21
16,22
16,23
16,24
16,25
16,26
16,27
16,28
16,29
16,30
16,31
16,32
16,33
16,34
16,35
17,18
17,19
17,20
17,21
17,22
17,23
17,24
17,25
17,26
17,27
17,28
17,29
17,30
17,31
17,32
17,33
17,34
17,35
18,19
18,20
18,21
18,22
18,23
18,24
18,25
18,26
18,27
18,28
18,29
18,30
18,31
18,32
18,33
18,34
18,35
19,20
19,21
19,22
19,23
19,24
19,25
19,26
19,27
19,28
19,29
19,30
19,31
19,32
19,33
19,34
19,35
20,21
20,22
20,23
20,24
20,25
20,26
20,27
20,28
20,29
20,30
20,31
20,32
20,33
20,34
20,35
21,22
21,23
21,24
21,25
21,26
21,27
21,28
21,29
21,30
21,31
21,32
21,33
21,34
21,35
22,23
22,24
22,25
22,26
22,27
22,28
22,29
22,30
22,31
22,32
22,33
22,34
22,35
23,24
23,25
23,26
23,27
23,28
23,29
23,30
23,31
23,32
23,33
23,34
23,35
24,25
24,26
24,27
24,28
24,29
24,30
24,31
24,32
24,33
24,34
24,35
25,26
25,27
25,28
25,29
25,30
25,31
25,32
25,33
25,34
25,35
26,27
26,28
26,29
26,30
26,31
26,32
26,33
26,34
26,35
27,28
27,29
27,30
27,31
27,32
27,33
27,34
27,35
28,29
28,30
28,31
28,32
28,33
28,34
28,35
29,30
29,31
29,32
29,33
29,34
29,35
30,31
30,32
30,33
30,34
30,35
30,41
30,43
30,44
30,46
30,55
30,56
30,57
30,67
30,73
30,87
30,94
30,103
30,109
30,112
30,132
30,134
30,135
30,140
30,142
30,145
30,157
30,160
30,163
30,168
30,169
30,178
30,181
30,184
30,188
30,193
31,32
31,33
31,34
31,35
32,33
32,34
32,35
33,34
33,35
34,35
34,41
34,43
34,44
34,46
34,55
34,56
34,57
34,67
34,73
34,87
34,94
34,103
34,109
34,112
34,132
34,134
34,135
34,140
34,142
34,145
34,157
34,160
34,163
34,168
34,169
34,178
34,181
34,184
34,188
34,193
35,41
35,43
35,44
35,46
35,55
35,56
35,57
35,67
35,73
35,87
35,94
35,103
35,109
35,112
35,132
35,134
35,135
35,140
35,142
35,145
35,157
35,160
35,163
35,168
35,169
35,178
35,181
35,184
35,188
35,193
41,43
41,44
41,46
41,55
41,56
41,57
41,67
41,73
41,87
41,94
41,103
41,109
41,112
41,132
41,134
41,135
41,140
41,142
41,145
41,157
41,160
41,163
41,168
41,169
41,178
41,181
41,184
41,188
41,193
43,44
43,46
43,55
43,56
43,57
43,67
43,73
43,87
43,94
43,103
43,109
43,112
43,132
43,134
43,135
43,140
43,142
43,145
43,157
43,160
43,163
43,168
43,169
43,178
43,181
43,184
43,188
43,193
44,46
44,55
44,56
44,57
44,67
44,73
44,87
44,94
44,103
44,109
44,112
44,132
44,134
44,135
44,140
44,142
44,145
44,157
44,160
44,163
44,168
44,169
44,178
44,181
44,184
44,188
44,193
46,55
46,56
46,57
46,67
46,73
46,87
46,94
46,103
46,109
46,112
46,132
46,134
46,135
46,140
46,142
46,145
46,157
46,160
46,163
46,168
46,169
46,178
46,181
46,184
46,188
46,193
55,56
55,57
55,67
55,73
55,87
55,94
55,103
55,109
55,112
55,132
55,134
55,135
55,140
55,142
55,145
55,157
55,160
55,163
55,168
55,169
55,178
55,181
55,184
55,188
55,193
56,57
56,67
56,73
56,87
56,94
56,103
56,109
56,112
56,132
56,134
56,135
56,140
56,142
56,145
56,157
56,160
56,163
56,168
56,169
56,178
56,181
56,184
56,188
56,193
57,67
57,69
57,73
57,74
57,75
57,76
57,77
57,78
57,82
57,87
57,94
57,103
57,109
57,112
57,132
57,134
57,135
57,140
57,142
57,145
57,157
57,160
57,163
57,168
57,169
57,178
57,181
57,184
57,188
57,193
58,60
58,62
58,64
58,70
58,71
58,74
58,76
58,77
58,78
58,79
58,80
58,82
58,84
58,85
58,89
59,62
59,65
59,68
59,69
59,70
59,71
59,72
59,74
59,75
59,76
59,77
59,78
59,79
59,81
59,82
59,84
59,85
59,88
59,89
59,91
59,99
59,138
59,155
60,61
60,62
60,63
60,64
60,65
60,66
60,71
60,72
60,74
60,75
60,76
60,79
60,81
60,82
60,84
60,85
60,87
60,88
61,62
61,63
61,64
61,65
61,66
61,68
61,69
61,72
61,76
61,77
61,78
61,79
61,80
61,82
61,84
61,85
61,87
61,89
61,91
61,93
61,99
61,102
61,106
62,64
62,66
62,67
62,68
62,69
62,70
62,72
62,75
62,76
62,77
62,78
62,79
62,80
62,81
62,82
62,83
62,85
62,86
62,87
62,88
62,89
62,91
64,65
64,66
64,67
64,68
64,69
64,70
64,72
64,76
64,79
64,80
64,82
64,83
64,84
65,66
65,67
65,69
65,70
65,71
65,72
65,74
65,75
65,76
65,79
65,80
65,82
65,83
65,84
65,89
65,91
65,99
66,67
66,68
66,69
67,68
67,69
67,70
67,71
67,73
67,77
67,78
67,79
67,80
67,81
67,82
67,83
67,84
67,86
67,87
67,89
67,91
67,93
67,94
67,95
67,97
67,99
67,103
67,109
67,112
67,132
67,134
67,135
67,140
67,142
67,145
67,157
67,160
67,163
67,168
67,169
67,178
67,181
67,184
67,188
67,193
68,69
68,71
68,74
68,76
68,77
68,78
68,80
68,81
68,82
68,83
68,87
68,88
68,89
68,91
68,92
68,93
68,95
68,97
68,99
68,123
68,148
69,70
69,72
69,75
69,76
69,77
69,78
69,80
69,81
69,82
69,83
69,85
69,86
69,87
69,88
69,89
69,91
69,92
69,93
69,95
70,71
70,72
70,74
70,75
70,76
70,77
70,78
70,79
70,80
70,81
70,82
70,83
70,84
70,85
70,86
70,87
70,88
70,90
70,91
70,92
70,93
70,97
70,98
70,99
70,102
70,106
70,118
70,119
70,130
70,139
70,147
70,148
70,149
70,155
72,74
72,76
72,77
72,78
72,79
72,81
72,82
72,83
72,86
72,87
72,88
72,89
73,74
73,75
73,87
73,94
73,103
73,109
73,112
73,132
73,134
73,135
73,140
73,142
73,145
73,157
73,160
73,163
73,168
73,169
73,178
73,181
73,184
73,188
73,193
74,76
74,77
74,79
74,80
74,81
74,83
74,84
74,85
74,86
74,87
74,88
74,93
74,95
74,96
74,97
74,98
74,99
74,101
74,102
76,77
76,78
76,79
76,80
76,81
76,83
76,84
76,85
76,86
76,87
76,88
76,89
76,90
76,91
76,92
76,93
76,95
76,97
76,98
76,99
76,101
76,102
76,109
76,116
77,78
77,79
77,80
77,81
77,84
77,85
77,86
77,87
77,88
77,89
77,90
77,91
77,92
77,93
77,95
77,96
77,97
77,98
77,99
78,79
78,80
78,81
78,82
78,83
78,84
78,85
78,86
78,87
78,88
78,92
78,95
78,96
78,97
78,98
78,99
78,101
78,102
78,106
78,107
78,109
78,116
78,119
78,121
78,123
79,80
79,81
79,82
79,83
79,85
79,86
79,87
79,88
79,89
79,90
79,91
79,92
79,93
79,95
79,96
79,97
79,98
79,99
79,101
79,102
79,104
79,106
79,107
79,116
80,81
80,82
80,83
80,84
80,87
80,88
80,89
80,90
80,92
80,93
80,96
80,97
80,98
80,101
80,106
80,107
80,109
81,83
81,84
81,86
82,83
82,84
82,85
82,86
82,87
82,88
82,89
82,90
82,92
82,93
82,95
82,96
82,97
82,98
82,99
82,100
82,101
83,84
83,86
83,87
83,88
83,90
83,91
83,96
83,97
83,98
83,99
83,100
83,101
83,102
83,106
83,107
83,109
83,113
83,119
83,121
83,130
84,86
84,87
84,88
84,89
84,91
85,88
85,89
85,90
85,91
85,92
85,93
85,95
85,97
85,98
85,99
85,100
85,101
85,102
85,104
85,106
85,107
85,109
85,110
85,113
85,118
85,121
85,123
85,130
85,139
86,87
86,88
86,89
86,90
86,91
86,93
86,94
86,95
86,96
87,88
87,89
87,90
87,91
87,92
87,94
87,95
87,96
87,97
87,98
87,99
87,100
87,101
87,102
87,103
87,106
87,107
87,109
87,110
87,112
87,118
87,119
87,123
87,130
87,131
87,132
87,134
87,135
87,139
87,140
87,142
87,145
87,157
87,160
87,163
87,168
87,169
87,178
87,181
87,184
87,188
87,193
88,90
88,91
88,92
88,93
88,94
88,95
88,96
88,98
88,99
88,100
88,102
88,104
88,106
88,107
88,109
88,110
88,111
88,114
88,116
88,118
88,119
88,121
88,123
88,130
88,131
88,132
88,147
88,149
88,152
88,155
88,158
89,92
89,93
89,94
89,95
89,96
89,97
89,98
89,99
89,100
89,102
89,104
89,106
89,107
89,109
89,110
89,111
89,112
89,114
89,115
89,116
89,118
89,119
89,121
89,122
89,123
89,127
89,130
89,131
90,93
90,94
90,95
90,96
90,97
90,98
90,100
90,101
90,102
90,103
90,104
90,106
90,109
90,110
90,111
90,112
90,114
90,115
90,116
91,92
91,93
91,94
91,95
91,96
91,99
91,100
91,101
91,102
91,103
91,104
91,105
91,106
92,94
92,96
92,98
92,101
93,94
93,96
93,97
93,98
93,99
93,100
93,101
93,102
93,103
93,105
93,106
93,110
93,111
93,113
93,114
93,115
93,116
93,119
93,121
93,122
93,123
93,126
93,127
93,128
93,132
93,139
93,147
93,148
93,149
93,152
93,158
94,95
94,97
94,99
94,100
94,101
94,102
94,103
94,104
94,105
94,109
94,112
94,132
94,134
94,135
94,140
94,142
94,145
94,157
94,160
94,163
94,168
94,169
94,178
94,181
94,184
94,188
94,193
95,96
95,97
95,98
95,99
95,100
95,103
95,104
95,105
95,106
95,107
95,110
95,111
95,112
95,113
95,114
95,115
95,116
95,118
95,122
95,123
95,124
95,126
95,127
95,131
95,132
95,138
95,141
95,142
95,148
95,151
95,152
95,153
95,155
95,156
96,97
96,99
96,100
96,101
96,102
96,103
96,104
96,105
96,106
96,107
96,109
96,110
96,111
96,112
97,98
97,99
97,100
97,102
97,104
97,105
97,106
97,107
97,109
97,110
97,112
97,113
97,115
97,118
97,119
97,121
97,122
97,123
97,124
97,126
97,128
97,130
97,131
97,132
97,139
97,141
97,144
97,145
97,147
97,148
97,153
97,155
98,99
98,100
98,101
98,103
98,104
98,105
98,106
98,107
99,100
99,101
99,102
99,103
99,104
99,105
99,106
99,107
99,108
99,113
99,115
99,116
99,118
99,119
99,120
99,121
99,123
99,126
99,127
99,130
99,131
99,136
99,139
99,142
99,144
99,145
99,147
99,148
99,151
99,153
99,155
99,156
99,158
100,101
100,102
100,103
100,104
100,106
100,107
100,108
100,109
100,110
100,111
100,112
100,115
100,116
100,118
100,121
100,122
100,124
100,126
100,127
100,128
100,131
100,132
100,136
101,102
101,103
101,104
101,105
101,106
101,107
101,108
101,109
101,111
101,112
101,113
101,114
101,115
101,116
101,118
101,123
101,124
101,127
101,128
102,104
102,105
102,106
102,107
102,108
102,109
102,110
102,111
102,112
102,113
102,114
102,115
102,116
102,118
102,119
102,120
102,122
102,123
102,124
102,125
102,126
102,127
102,128
102,130
102,131
102,136
102,141
102,142
102,144
102,145
102,147
102,148
102,151
102,152
102,155
102,158
102,164
103,104
103,105
103,106
103,107
103,108
103,109
103,111
103,112
103,114
103,115
103,116
103,117
103,118
103,119
103,120
103,121
103,122
103,123
103,124
103,126
103,127
103,130
103,131
103,132
103,134
103,135
103,138
103,140
103,141
103,142
103,144
103,145
103,147
103,148
103,149
103,151
103,152
103,153
103,155
103,156
103,157
103,158
103,160
103,161
103,162
103,163
103,164
103,168
103,169
103,173
103,178
103,181
103,184
103,188
103,193
104,105
104,106
104,107
104,108
104,109
104,110
104,112
105,106
105,107
105,108
105,109
105,110
105,111
105,112
105,113
105,114
105,116
105,117
105,118
105,119
105,122
105,123
105,124
105,125
105,126
105,127
105,128
105,129
105,130
106,108
106,109
106,110
106,111
106,112
106,113
106,114
106,115
106,116
106,117
106,118
106,119
106,120
106,121
106,122
106,123
106,126
106,127
106,128
106,129
106,130
106,135
106,136
106,138
106,139
106,144
106,147
106,148
106,149
106,151
106,153
106,156
106,161
106,162
107,109
107,110
107,111
107,112
107,113
107,114
107,115
107,116
107,117
107,118
107,122
107,123
107,124
107,125
109,111
109,112
109,113
109,114
109,115
109,116
109,117
109,118
109,120
109,121
109,132
109,134
109,135
109,140
109,142
109,145
109,157
109,160
109,163
109,168
109,169
109,178
109,181
109,184
109,188
109,193
110,112
110,114
110,115
111,112
111,113
111,114
111,117
111,118
111,121
111,122
111,123
111,127
112,113
112,114
112,132
112,134
112,135
112,140
112,142
112,145
112,157
112,160
112,163
112,168
112,169
112,178
112,181
112,184
112,188
112,193
113,116
113,117
113,118
113,119
113,121
113,122
113,123
113,125
113,126
113,127
113,129
113,131
113,135
113,139
113,148
113,152
113,153
113,156
114,115
114,116
114,117
114,118
114,119
114,121
114,122
114,123
115,116
115,117
115,118
115,119
115,120
115,121
115,122
115,124
115,126
115,127
115,129
116,117
116,118
116,119
116,120
116,121
116,122
116,123
116,124
116,126
116,127
116,128
117,118
117,119
117,120
117,121
117,122
117,123
117,124
117,125
117,126
117,127
117,128
117,129
117,130
117,131
117,132
117,135
117,137
117,139
117,144
118,121
118,122
118,123
118,124
118,125
118,126
118,127
118,128
118,129
118,131
118,132
118,134
118,135
118,136
118,137
118,138
118,139
119,120
119,121
119,122
119,123
119,124
119,125
119,126
119,127
119,128
119,129
119,130
119,131
119,132
119,133
119,134
119,136
119,137
119,138
120,121
120,122
121,122
121,123
121,124
121,125
121,126
121,127
121,128
121,130
121,132
121,133
121,134
121,135
121,136
121,137
121,138
121,139
121,141
121,142
121,144
121,145
121,147
121,148
121,149
121,152
121,153
121,156
121,162
122,123
122,126
122,127
122,129
122,130
122,132
122,134
122,135
122,136
122,137
122,138
122,139
122,140
122,141
122,142
122,145
122,147
122,148
122,149
122,152
122,153
122,156
122,158
122,168
123,124
123,125
123,126
123,127
123,128
123,130
123,131
123,132
123,133
123,134
123,135
123,136
123,137
123,138
123,140
124,125
124,126
125,126
125,127
125,128
125,129
125,130
126,128
126,130
126,131
126,133
127,128
127,129
127,130
127,131
127,132
127,133
127,137
127,139
127,142
127,143
127,147
127,148
127,151
127,152
128,129
128,130
128,132
128,133
128,134
128,137
128,138
128,140
128,141
128,142
128,143
128,144
128,145
128,148
128,149
129,130
129,132
129,133
129,135
129,136
129,137
129,138
130,132
130,133
130,134
130,135
130,137
130,138
130,139
130,140
130,141
130,142
130,143
130,144
130,145
130,148
130,149
130,150
130,151
130,156
130,158
130,162
130,168
131,132
131,134
131,135
131,136
131,137
131,138
131,139
131,140
131,141
131,142
131,143
131,147
131,148
131,150
131,151
131,152
131,153
131,156
131,158
132,133
132,134
132,135
132,137
132,138
132,139
132,140
132,141
132,142
132,143
132,145
132,147
132,148
132,149
132,150
132,151
132,152
132,153
132,155
132,156
132,157
132,160
132,161
132,162
132,163
132,168
132,169
132,173
132,178
132,181
132,184
132,188
132,193
133,135
133,136
133,137
133,138
133,139
133,140
133,141
133,142
133,143
133,144
133,146
133,148
134,135
134,136
134,137
134,140
134,141
134,142
134,144
134,145
134,146
134,147
134,148
134,149
134,152
134,153
134,154
134,155
134,156
134,157
134,160
134,161
134,162
134,163
134,168
134,169
134,173
134,178
134,181
134,184
134,188
134,193
135,136
135,140
135,142
135,145
135,157
135,160
135,163
135,168
135,169
135,178
135,181
135,184
135,188
135,193
136,138
136,139
136,140
136,141
136,142
136,143
136,144
136,145
136,146
136,147
137,138
137,139
137,140
137,141
137,143
137,145
137,146
137,147
137,148
137,149
137,150
137,151
137,152
137,154
137,155
137,158
137,162
138,139
138,140
138,141
138,142
138,143
138,144
139,141
139,142
139,143
139,144
139,145
139,147
139,148
139,150
139,151
139,152
139,153
139,154
139,155
139,156
139,158
139,163
140,142
140,145
140,157
140,160
140,163
140,168
140,169
140,178
140,181
140,184
140,188
140,193
141,142
141,143
141,144
141,145
141,147
141,149
141,150
141,151
141,152
141,153
141,154
141,155
141,156
141,158
141,161
142,145
142,147
142,148
142,149
142,150
142,151
142,154
142,155
142,156
142,157
142,160
142,161
142,163
142,165
142,168
142,169
142,172
142,178
142,181
142,184
142,188
142,190
142,193
143,144
143,145
143,146
143,147
143,149
143,150
143,151
143,152
143,153
143,154
144,145
144,147
144,149
144,150
144,151
144,152
144,153
144,154
144,155
144,158
144,161
144,162
144,163
144,166
144,167
144,171
144,172
144,173
144,177
145,146
145,157
145,160
145,163
145,168
145,169
145,178
145,181
145,184
145,188
145,193
146,150
146,153
146,154
146,155
146,156
146,158
146,161
146,162
146,163
146,164
146,165
146,167
146,168
146,171
146,172
146,173
147,149
147,150
147,151
147,152
147,153
148,149
148,150
148,151
148,153
148,154
148,156
148,158
148,161
148,162
148,164
148,165
148,166
148,168
148,170
148,172
148,173
149,150
149,151
149,152
149,153
149,154
149,155
149,156
149,158
149,160
149,162
149,164
149,165
149,166
149,168
149,170
149,171
149,172
149,174
149,175
149,177
149,179
149,180
149,185
149,190
150,151
150,152
150,153
150,154
150,155
150,156
150,160
150,161
151,152
151,153
151,154
151,155
151,156
151,158
151,161
151,162
151,163
152,153
152,154
152,156
152,158
152,159
152,160
152,161
152,162
152,163
152,164
152,166
152,168
152,170
152,172
152,173
152,174
152,177
153,154
153,156
153,158
153,159
153,160
153,161
153,163
153,165
153,166
153,167
153,168
153,170
153,171
153,172
153,173
153,174
153,175
154,155
154,156
154,157
154,158
154,159
154,160
155,156
155,158
155,159
155,160
155,162
155,163
155,165
155,166
155,167
155,168
155,170
155,171
155,172
155,177
155,178
155,180
155,185
156,158
156,159
156,160
156,161
156,162
156,164
156,165
156,166
156,167
156,168
156,169
156,170
156,171
156,172
156,173
156,174
156,175
156,176
156,177
156,178
156,180
157,160
157,161
157,162
157,163
157,164
157,166
157,168
157,169
157,170
157,172
157,173
157,174
157,175
157,176
157,178
157,179
157,180
157,181
157,184
157,185
157,188
157,193
158,159
158,160
158,161
158,162
158,163
158,164
158,165
158,166
158,167
158,168
158,169
158,170
158,172
158,173
158,174
158,175
158,176
158,177
158,178
159,160
159,161
159,162
159,163
159,164
159,165
159,166
159,167
159,168
159,169
159,170
159,171
159,172
159,173
159,174
159,176
159,177
159,178
159,179
159,180
159,185
160,161
160,162
160,163
160,164
160,165
160,166
160,167
160,168
160,169
160,170
160,171
160,172
160,173
160,174
160,175
160,176
160,178
160,181
160,184
160,188
160,193
161,163
161,164
161,165
161,166
161,167
161,168
161,169
161,170
161,171
161,172
161,173
161,174
161,176
161,177
161,178
161,179
161,180
161,185
162,163
162,166
162,170
162,171
162,172
162,173
162,174
162,175
162,176
162,177
162,179
162,180
162,197
163,164
163,166
163,168
163,169
163,178
163,181
163,184
163,188
163,193
164,167
164,168
164,169
164,170
164,171
164,172
164,174
164,175
164,176
164,177
164,178
164,180
164,183
164,185
164,189
164,190
165,167
165,168
165,169
165,170
165,171
165,172
165,173
165,174
165,175
165,176
165,177
165,178
165,179
165,182
165,183
165,185
165,188
165,190
166,167
167,168
167,169
167,170
167,172
167,173
167,174
167,176
167,177
167,178
167,179
167,180
167,181
167,182
167,185
167,188
167,190
168,169
168,170
168,171
168,172
168,173
168,174
168,175
168,177
168,178
168,180
168,181
168,182
168,183
168,184
168,185
168,188
168,189
168,190
168,191
168,193
169,170
169,171
169,172
169,173
169,174
169,175
169,176
169,177
169,178
169,179
169,181
169,182
169,184
169,185
169,188
169,193
170,171
170,172
170,173
170,174
170,175
170,177
170,178
170,179
170,180
170,181
170,182
170,183
170,185
170,188
170,189
170,190
170,191
171,172
171,174
171,177
171,178
171,179
171,180
171,181
171,182
171,183
171,184
172,173
172,174
172,176
172,177
172,178
172,179
172,180
172,181
172,182
172,183
172,184
172,185
172,188
172,189
172,190
172,192
172,193
172,197
173,174
173,176
173,177
173,178
173,179
173,180
173,181
173,182
173,183
173,184
173,185
173,188
173,189
173,190
173,191
173,192
173,193
173,194
173,197
173,198
174,176
174,177
174,178
174,180
174,181
174,182
174,183
174,184
174,186
174,188
174,189
174,190
174,191
174,192
174,193
174,196
175,176
175,177
175,178
175,179
176,178
176,179
176,180
176,181
176,182
176,184
176,185
176,186
176,189
176,190
176,191
176,192
176,193
177,178
177,180
177,181
177,182
177,183
177,184
177,185
177,186
177,187
177,188
177,189
177,190
178,181
178,182
178,183
178,184
178,185
178,186
178,187
178,188
178,189
178,190
178,191
178,192
178,193
178,195
178,198
179,180
179,181
179,182
179,183
179,184
179,185
179,186
179,187
179,188
179,189
179,190
179,191
179,192
179,193
179,194
179,195
179,196
179,198
179,199
180,181
180,182
180,183
180,185
180,186
181,182
181,183
181,184
181,185
181,186
181,187
181,188
181,189
181,193
182,185
182,186
182,187
182,188
182,189
182,192
182,195
182,197
182,198
182,199
183,184
183,185
183,186
183,187
183,188
183,189
183,190
183,191
183,192
183,193
183,194
183,195
183,196
183,197
183,198
183,199
184,185
184,186
184,187
184,188
184,189
184,190
184,191
184,192
184,193
184,194
184,195
184,196
184,197
184,198
185,186
185,187
185,189
185,190
185,191
185,192
185,193
185,194
185,195
185,196
185,197
185,198
185,199
186,187
186,188
186,190
186,191
186,195
186,198
186,199
187,188
187,189
187,190
187,191
187,192
187,195
188,189
188,191
188,192
188,193
188,195
188,196
188,197
188,198
188,199
189,190
189,191
189,192
189,194
189,195
189,196
189,197
189,198
189,199
190,191
190,192
190,194
190,196
190,197
190,198
190,199
191,192
191,193
191,194
191,195
191,196
191,197
191,198
191,199
192,194
192,195
192,196
192,197
192,199
193,194
193,195
193,196
193,197
193,198
193,199
194,195
194,196
194,197
194,198
194,199
195,197
195,198
196,197
197,198
197,199
