0,1
0,2
0,3
0,4
0,5
0,6
0,7
0,8
0,9
0,10
0,11
0,12
0,13
0,14
0,15
0,16
0,17
0,18
0,19
0,20
0,21
0,22
0,23
0,24
0,25
0,26
0,27
0,28
0,29
0,30
0,31
0,32
0,33
0,34
0,35
0,36
0,37
0,38
0,39
0,40
0,41
0,42
0,43
0,44
0,45
0,46
0,47
0,48
0,49
0,50
0,51
0,52
0,53
0,54
0,55
0,56
0,57
0,58
0,59
0,60
0,61
0,62
0,63
0,64
0,65
0,66
0,67
0,68
0,69
0,70
0,71
0,72
0,73
0,74
0,75
0,76
0,77
0,78
0,79
0,80
0,81
0,82
0,83
0,84
0,85
0,86
0,87
0,88
0,89
0,90
0,91
0,92
0,93
0,94
0,95
0,96
0,97
0,98
0,99
0,100
0,103
0,104
0,105
0,109
0,111
0,116
0,118
0,123
0,124
0,126
0,127
0,129
0,130
0,131
0,133
0,134
0,135
0,136
0,138
0,144
0,145
0,146
0,152
0,154
0,155
0,160
0,163
0,171
0,172
0,173
0,175
0,182
0,183
0,185
0,186
0,187
0,188
0,189
0,191
0,193
0,196
0,198
0,199
1,2
1,3
1,4
1,5
1,6
1,7
1,8
1,9
1,10
1,11
1,12
1,13
1,14
1,15
1,16
1,17
1,18
1,19
1,20
1,21
1,22
1,23
1,24
1,25
1,26
1,27
1,28
1,29
1,30
1,31
1,32
1,33
1,34
1,35
1,36
1,37
1,38
1,39
1,40
1,41
1,42
1,43
1,44
1,45
1,46
1,47
1,48
1,49
1,50
1,51
1,52
1,53
1,54
1,55
1,56
1,57
1,58
1,59
1,60
1,61
1,62
1,63
1,64
1,65
1,66
1,67
1,68
1,69
1,70
1,71
1,72
1,73
1,74
1,75
1,76
1,77
1,78
1,79
1,80
1,81
1,82
1,83
1,84
1,85
1,86
1,87
1,88
1,89
1,90
1,91
1,92
1,93
1,94
1,95
1,96
1,97
1,98
1,99
1,100
1,103
1,104
1,105
1,109
1,111
1,116
1,118
1,123
1,124
1,126
1,127
1,129
1,130
1,131
1,133
1,134
1,135
1,136
1,138
1,144
1,145
1,146
1,152
1,154
1,155
1,160
1,163
1,171
1,172
1,173
1,175
1,182
1,183
1,185
1,186
1,187
1,188
1,189
1,191
1,193
1,196
1,198
1,199
2,3
2,4
2,5
2,6
2,7
2,8
2,9
2,10
2,11
2,12
2,13
2,14
2,15
2,16
2,17
2,18
2,19
2,20
2,21
2,22
2,23
2,24
2,25
2,26
2,27
2,28
2,29
2,30
2,31
2,32
2,33
2,34
2,35
2,36
2,37
2,38
2,39
2,40
2,41
2,42
2,43
2,44
2,45
2,46
2,47
2,48
2,49
2,50
2,51
2,52
2,53
2,54
2,55
2,56
2,57
2,58
2,59
2,60
2,61
2,62
2,63
2,64
2,65
2,66
2,67
2,68
2,69
2,70
2,71
2,72
2,73
2,74
2,75
2,76
2,77
2,78
2,79
2,80
2,81
2,82
2,83
2,84
2,85
2,86
2,87
2,88
2,89
2,90
2,91
2,92
2,93
2,94
2,95
2,96
2,97
2,98
2,99
2,100
2,103
2,104
2,105
2,109
2,111
2,116
2,118
2,123
2,124
2,126
2,127
2,129
2,130
2,131
2,133
2,134
2,135
2,136
2,138
2,144
2,145
2,146
2,152
2,154
2,155
2,160
2,163
2,171
2,172
2,173
2,175
2,182
2,183
2,185
2,186
2,187
2,188
2,189
2,191
2,193
2,196
2,198
2,199
3,4
3,5
3,6
3,7
3,8
3,9
3,10
3,11
3,12
3,13
3,14
3,15
3,16
3,17
3,18
3,19
3,20
3,21
3,22
3,23
3,24
3,25
3,26
3,27
3,28
3,29
3,30
3,31
3,32
3,33
3,34
3,35
3,36
3,37
3,38
3,39
3,40
3,41
3,42
3,43
3,44
3,45
3,46
3,47
3,48
3,49
3,50
3,51
3,52
3,53
3,54
3,55
3,56
3,57
3,58
3,59
3,60
3,61
3,62
3,63
3,64
3,65
3,66
3,67
3,68
3,69
3,70
3,71
3,72
3,73
3,74
3,75
3,76
3,77
3,78
3,79
3,80
3,81
3,82
3,83
3,84
3,85
3,86
3,87
3,88
3,89
3,90
3,91
3,92
3,93
3,94
3,95
3,96
3,97
3,98
4,5
4,6
4,7
4,8
4,9
4,10
4,11
4,12
4,13
4,14
4,15
4,16
4,17
4,18
4,19
4,20
4,21
4,22
4,23
4,24
4,25
4,26
4,27
4,28
4,29
4,30
4,31
4,32
4,33
4,34
4,35
4,36
4,37
4,38
4,39
4,40
4,41
4,42
4,43
4,44
4,45
4,46
4,47
4,48
4,49
4,50
4,51
4,52
4,53
4,54
4,55
4,56
4,57
4,58
4,59
4,60
4,61
4,62
4,63
4,64
4,65
4,66
4,67
4,68
4,69
4,70
4,71
4,72
4,73
4,74
4,75
4,76
4,77
4,78
4,79
4,80
4,81
4,82
4,83
4,84
4,85
4,86
4,87
4,88
4,89
4,90
4,91
4,92
4,93
4,94
4,95
4,96
4,97
4,98
4,99
4,100
4,103
4,104
4,105
4,109
4,111
4,116
4,118
4,123
4,124
4,126
4,127
4,129
4,130
4,131
4,133
4,134
4,135
4,136
4,138
4,144
4,145
4,146
4,152
4,154
4,155
4,160
4,163
4,171
4,172
4,173
4,175
4,182
4,183
4,185
4,186
4,187
4,188
4,189
4,191
4,193
4,196
4,198
4,199
5,6
5,7
5,8
5,9
5,10
5,11
5,12
5,13
5,14
5,15
5,16
5,17
5,18
5,19
5,20
5,21
5,22
5,23
5,24
5,25
5,26
5,27
5,28
5,29
5,30
5,31
5,32
5,33
5,34
5,35
5,36
5,37
5,38
5,39
5,40
5,41
5,42
5,43
5,44
5,45
5,46
5,47
5,48
5,49
5,50
5,51
5,52
5,53
5,54
5,55
5,56
5,57
5,58
5,59
5,60
5,61
5,62
5,63
5,64
5,65
5,66
5,67
5,68
5,69
5,70
5,71
5,72
5,73
5,74
5,75
5,76
5,77
5,78
5,79
5,80
5,81
5,82
5,83
5,84
5,85
5,86
5,87
5,88
5,89
5,90
5,91
5,92
5,93
5,94
5,95
5,96
5,97
5,98
5,99
5,100
5,103
5,104
5,105
5,109
5,111
5,116
5,118
5,123
5,124
5,126
5,127
5,129
5,130
5,131
5,133
5,134
5,135
5,136
5,138
5,144
5,145
5,146
5,152
5,154
5,155
5,160
5,163
5,171
5,172
5,173
5,175
5,182
5,183
5,185
5,186
5,187
5,188
5,189
5,191
5,193
5,196
5,198
5,199
6,7
6,8
6,9
6,10
6,11
6,12
6,13
6,14
6,15
6,16
6,17
6,18
6,19
6,20
6,21
6,22
6,23
6,24
6,25
6,26
6,27
6,28
6,29
6,30
6,31
6,32
6,33
6,34
6,35
6,36
6,37
6,38
6,39
6,40
6,41
6,42
6,43
6,44
6,45
6,46
6,47
6,48
6,49
6,50
6,51
6,52
6,53
6,54
6,55
6,56
6,57
6,58
6,59
6,60
6,61
6,62
6,63
6,64
6,65
6,66
6,67
6,68
6,69
6,70
6,71
6,72
6,73
6,74
6,75
6,76
6,77
6,78
6,79
6,80
6,81
6,82
6,83
6,84
6,85
6,86
6,87
6,88
6,89
6,90
6,91
6,92
6,93
6,94
6,95
6,96
6,97
6,98
6,99
7,8
7,9
7,10
7,11
7,12
7,13
7,14
7,15
7,16
7,17
7,18
7,19
7,20
7,21
7,22
7,23
7,24
7,25
7,26
7,27
7,28
7,29
7,30
7,31
7,32
7,33
7,34
7,35
7,36
7,37
7,38
7,39
7,40
7,41
7,42
7,43
7,44
7,45
7,46
7,47
7,48
7,49
7,50
7,51
7,52
7,53
7,54
7,55
7,56
7,57
7,58
7,59
7,60
7,61
7,62
7,63
7,64
7,65
7,66
7,67
7,68
7,69
7,70
7,71
7,72
7,73
7,74
7,75
7,76
7,77
7,78
7,79
7,80
7,81
7,82
7,83
7,84
7,85
7,86
7,87
7,88
7,89
7,90
7,91
7,92
7,93
7,94
7,95
7,96
7,97
7,98
7,99
8,9
8,10
8,11
8,12
8,13
8,14
8,15
8,16
8,17
8,18
8,19
8,20
8,21
8,22
8,23
8,24
8,25
8,26
8,27
8,28
8,29
8,30
8,31
8,32
8,33
8,34
8,35
8,36
8,37
8,38
8,39
8,40
8,41
8,42
8,43
8,44
8,45
8,46
8,47
8,48
8,49
8,50
8,51
8,52
8,53
8,54
8,55
8,56
8,57
8,58
8,59
8,60
8,61
8,62
8,63
8,64
8,65
8,66
8,67
8,68
8,69
8,70
8,71
8,72
8,73
8,74
8,75
8,76
8,77
8,78
8,79
8,80
8,81
8,82
8,83
8,84
8,85
8,86
8,87
8,88
8,89
8,90
8,91
8,92
8,93
8,94
8,95
8,96
8,97
8,98
8,99
9,10
9,11
9,12
9,13
9,14
9,15
9,16
9,17
9,18
9,19
9,20
9,21
9,22
9,23
9,24
9,25
9,26
9,27
9,28
9,29
9,30
9,31
9,32
9,33
9,34
9,35
9,36
9,37
9,38
9,39
9,40
9,41
9,42
9,43
9,44
9,45
9,46
9,47
9,48
9,49
9,50
9,51
9,52
9,53
9,54
9,55
9,56
9,57
9,58
9,59
9,60
9,61
9,62
9,63
9,64
9,65
9,66
9,67
9,68
9,69
9,70
9,71
9,72
9,73
9,74
9,75
9,76
9,77
9,78
9,79
9,80
9,81
9,82
9,83
9,84
9,85
9,86
9,87
9,88
9,89
9,90
9,91
9,92
9,93
9,94
9,95
9,96
9,97
9,98
9,99
10,11
10,12
10,13
10,14
10,15
10,16
10,17
10,18
10,19
10,20
10,21
10,22
10,23
10,24
10,25
10,26
10,27
10,28
10,29
10,30
10,31
10,32
10,33
10,34
10,35
10,36
10,37
10,38
10,39
10,40
10,41
10,42
10,43
10,44
10,45
10,46
10,47
10,48
10,49
10,50
10,51
10,52
10,53
10,54
10,55
10,56
10,57
10,58
10,59
10,60
10,61
10,62
10,63
10,64
10,65
10,66
10,67
10,68
10,69
10,70
10,71
10,72
10,73
10,74
10,75
10,76
10,77
10,78
10,79
10,80
10,81
10,82
10,83
10,84
10,85
10,86
10,87
10,88
10,89
10,90
10,91
10,92
10,93
10,94
10,95
10,96
10,97
10,98
10,99
11,12
11,13
11,14
11,15
11,16
11,17
11,18
11,19
11,20
11,21
11,22
11,23
11,24
11,25
11,26
11,27
11,28
11,29
11,30
11,31
11,32
11,33
11,34
11,35
11,36
11,37
11,38
11,39
11,40
11,41
11,42
11,43
11,44
11,45
11,46
11,47
11,48
11,49
11,50
11,51
11,52
11,53
11,54
11,55
11,56
11,57
11,58
11,59
11,60
11,61
11,62
11,63
11,64
11,65
11,66
11,67
11,68
11,69
11,70
11,71
11,72
11,73
11,74
11,75
11,76
11,77
11,78
11,79
11,80
11,81
11,82
11,83
11,84
11,85
11,86
11,87
11,88
11,89
11,90
11,91
11,92
11,93
11,94
11,95
11,96
11,97
11,98
11,99
12,13
12,14
12,15
12,16
12,17
12,18
12,19
12,20
12,21
12,22
12,23
12,24
12,25
12,26
12,27
12,28
12,29
12,30
12,31
12,32
12,33
12,34
12,35
12,36
12,37
12,38
12,39
12,40
12,41
12,42
12,43
12,44
12,45
12,46
12,47
12,48
12,49
12,50
12,51
12,52
12,53
12,54
12,55
12,56
12,57
12,58
12,59
12,60
12,61
12,62
12,63
12,64
12,65
12,66
12,67
12,68
12,69
12,70
12,71
12,72
12,73
12,74
12,75
12,76
12,77
12,78
12,79
12,80
12,81
12,82
12,83
12,84
12,85
12,86
12,87
12,88
12,89
12,90
12,91
12,92
12,93
12,94
12,95
12,96
12,97
12,98
12,99
12,100
12,103
12,104
12,105
12,109
12,111
12,116
12,118
12,123
12,124
12,126
12,127
12,129
12,130
12,131
12,133
12,134
12,135
12,136
12,138
12,144
12,145
12,146
12,152
12,154
12,155
12,160
12,163
12,171
12,172
12,173
12,175
12,182
12,183
12,185
12,186
12,187
12,188
12,189
12,191
12,193
12,196
12,198
12,199
13,14
13,15
13,16
13,17
13,18
13,19
13,20
13,21
13,22
13,23
13,24
13,25
13,26
13,27
13,28
13,29
13,30
13,31
13,32
13,33
13,34
13,35
13,36
13,37
13,38
13,39
13,40
13,41
13,42
13,43
13,44
13,45
13,46
13,47
13,48
13,49
13,50
13,51
13,52
13,53
13,54
13,55
13,56
13,57
13,58
13,59
13,60
13,61
13,62
13,63
13,64
13,65
13,66
13,67
13,68
13,69
13,70
13,71
13,72
13,73
13,74
13,75
13,76
13,77
13,78
13,79
13,80
13,81
13,82
13,83
13,84
13,85
13,86
13,87
13,88
13,89
13,90
13,91
13,92
13,93
13,94
13,95
13,96
13,97
13,98
13,99
14,15
14,16
14,17
14,18
14,19
14,20
14,21
14,22
14,23
14,24
14,25
14,26
14,27
14,28
14,29
14,30
14,31
14,32
14,33
14,34
14,35
14,36
14,37
14,38
14,39
14,40
14,41
14,42
14,43
14,44
14,45
14,46
14,47
14,48
14,49
14,50
14,51
14,52
14,53
14,54
14,55
14,56
14,57
14,58
14,59
14,60
14,61
14,62
14,63
14,64
14,65
14,66
14,67
14,68
14,69
14,70
14,71
14,72
14,73
14,74
14,75
14,76
14,77
14,78
14,79
14,80
14,81
14,82
14,83
14,84
14,85
14,86
14,87
14,88
14,89
14,90
14,91
14,92
14,93
14,94
14,95
14,96
14,97
14,98
14,99
14,100
14,103
14,104
14,105
14,109
14,111
14,116
14,118
14,123
14,124
14,126
14,127
14,129
14,130
14,131
14,133
14,134
14,135
14,136
14,138
14,144
14,145
14,146
14,152
14,154
14,155
14,160
14,163
14,171
14,172
14,173
14,175
14,182
14,183
14,185
14,186
14,187
14,188
14,189
14,191
14,193
14,196
14,198
14,199
15,16
15,17
15,18
15,19
15,20
15,21
15,22
15,23
15,24
15,25
15,26
15,27
15,28
15,29
15,30
15,31
15,32
15,33
15,34
15,35
15,36
15,37
15,38
15,39
15,40
15,41
15,42
15,43
15,44
15,45
15,46
15,47
15,48
15,49
15,50
15,51
15,52
15,53
15,54
15,55
15,56
15,57
15,58
15,59
15,60
15,61
15,62
15,63
15,64
15,65
15,66
15,67
15,68
15,69
15,70
15,71
15,72
15,73
15,74
15,75
15,76
15,77
15,78
15,79
15,80
15,81
15,82
15,83
15,84
15,85
15,86
15,87
15,88
15,89
15,90
15,91
15,92
15,93
15,94
15,95
15,96
15,97
15,98
15,99
16,17
16,18
16,19
16,20
16,21
16,22
16,23
16,24
16,25
16,26
16,27
16,28
16,29
16,30
16,31
16,32
16,33
16,34
16,35
16,36
16,37
16,38
16,39
16,40
16,41
16,42
16,43
16,44
16,45
16,46
16,47
16,48
16,49
16,50
16,51
16,52
16,53
16,54
16,55
16,56
16,57
16,58
16,59
16,60
16,61
16,62
16,63
16,64
16,65
16,66
16,67
16,68
16,69
16,70
16,71
16,72
16,73
16,74
16,75
16,76
16,77
16,78
16,79
16,80
16,81
16,82
16,83
16,84
16,85
16,86
16,87
16,88
16,89
16,90
16,91
16,92
16,93
16,94
16,95
16,96
16,97
16,98
16,99
16,100
16,103
16,104
16,105
16,109
16,111
16,116
16,118
16,123
16,124
16,126
16,127
16,129
16,130
16,131
16,133
16,134
16,135
16,136
16,138
16,144
16,145
16,146
16,152
16,154
16,155
16,160
16,163
16,171
16,172
16,173
16,175
16,182
16,183
16,185
16,186
16,187
16,188
16,189
16,191
16,193
16,196
16,198
16,199
17,18
17,19
17,20
17,21
17,22
17,23
17,24
17,25
17,26
17,27
17,28
17,29
17,30
17,31
17,32
17,33
17,34
17,35
17,36
17,37
17,38
17,39
17,40
17,41
17,42
17,43
17,44
17,45
17,46
17,47
17,48
17,49
17,50
17,51
17,52
17,53
17,54
17,55
17,56
17,57
17,58
17,59
17,60
17,61
17,62
17,63
17,64
17,65
17,66
17,67
17,68
17,69
17,70
17,71
17,72
17,73
17,74
17,75
17,76
17,77
17,78
17,79
17,80
17,81
17,82
17,83
17,84
17,85
17,86
17,87
17,88
17,89
17,90
17,91
17,92
17,93
17,94
17,95
17,96
17,97
17,98
17,99
17,100
17,103
17,104
17,105
17,109
17,111
17,116
17,118
17,123
17,124
17,126
17,127
17,129
17,130
17,131
17,133
17,134
17,135
17,136
17,138
17,144
17,145
17,146
17,152
17,154
17,155
17,160
17,163
17,171
17,172
17,173
17,175
17,182
17,183
17,185
17,186
17,187
17,188
17,189
17,191
17,193
17,196
17,198
17,199
18,19
18,20
18,21
18,22
18,23
18,24
18,25
18,26
18,27
18,28
18,29
18,30
18,31
18,32
18,33
18,34
18,35
18,36
18,37
18,38
18,39
18,40
18,41
18,42
18,43
18,44
18,45
18,46
18,47
18,48
18,49
18,50
18,51
18,52
18,53
18,54
18,55
18,56
18,57
18,58
18,59
18,60
18,61
18,62
18,63
18,64
18,65
18,66
18,67
18,68
18,69
18,70
18,71
18,72
18,73
18,74
18,75
18,76
18,77
18,78
18,79
18,80
18,81
18,82
18,83
18,84
18,85
18,86
18,87
18,88
18,89
18,90
18,91
18,92
18,93
18,94
18,95
18,96
18,97
18,98
18,99
19,20
19,21
19,22
19,23
19,24
19,25
19,26
19,27
19,28
19,29
19,30
19,31
19,32
19,33
19,34
19,35
19,36
19,37
19,38
19,39
19,40
19,41
19,42
19,43
19,44
19,45
19,46
19,47
19,48
19,49
19,50
19,51
19,52
19,53
19,54
19,55
19,56
19,57
19,58
19,59
19,60
19,61
19,62
19,63
19,64
19,65
19,66
19,67
19,68
19,69
19,70
19,71
19,72
19,73
19,74
19,75
19,76
19,77
19,78
19,79
19,80
19,81
19,82
19,83
19,84
19,85
19,86
19,87
19,88
19,89
19,90
19,91
19,92
19,93
19,94
19,95
19,96
19,97
19,98
19,99
19,100
19,103
19,104
19,105
19,109
19,111
19,116
19,118
19,123
19,124
19,126
19,127
19,129
19,130
19,131
19,133
19,134
19,135
19,136
19,138
19,144
19,145
19,146
19,152
19,154
19,155
19,160
19,163
19,171
19,172
19,173
19,175
19,182
19,183
19,185
19,186
19,187
19,188
19,189
19,191
19,193
19,196
19,198
19,199
20,21
20,22
20,23
20,24
20,25
20,26
20,27
20,28
20,29
20,30
20,31
20,32
20,33
20,34
20,35
20,36
20,37
20,38
20,39
20,40
20,41
20,42
20,43
20,44
20,45
20,46
20,47
20,48
20,49
20,50
20,51
20,52
20,53
20,54
20,55
20,56
20,57
20,58
20,59
20,60
20,61
20,62
20,63
20,64
20,65
20,66
20,67
20,68
20,69
20,70
20,71
20,72
20,73
20,74
20,75
20,76
20,77
20,78
20,79
20,80
20,81
20,82
20,83
20,84
20,85
20,86
20,87
20,88
20,89
20,90
20,91
20,92
20,93
20,94
20,95
20,96
20,97
20,98
20,99
20,100
20,103
20,104
20,105
20,109
20,111
20,116
20,118
20,123
20,124
20,126
20,127
20,129
20,130
20,131
20,133
20,134
20,135
20,136
20,138
20,144
20,145
20,146
20,152
20,154
20,155
20,160
20,163
20,171
20,172
20,173
20,175
20,182
20,183
20,185
20,186
20,187
20,188
20,189
20,191
20,193
20,196
20,198
20,199
21,22
21,23
21,24
21,25
21,26
21,27
21,28
21,29
21,30
21,31
21,32
21,33
21,34
21,35
21,36
21,37
21,38
21,39
21,40
21,41
21,42
21,43
21,44
21,45
21,46
21,47
21,48
21,49
21,50
21,51
21,52
21,53
21,54
21,55
21,56
21,57
21,58
21,59
21,60
21,61
21,62
21,63
21,64
21,65
21,66
21,67
21,68
21,69
21,70
21,71
21,72
21,73
21,74
21,75
21,76
21,77
21,78
21,79
21,80
21,81
21,82
21,83
21,84
21,85
21,86
21,87
21,88
21,89
21,90
21,91
21,92
21,93
21,94
21,95
21,96
21,97
21,98
21,99
21,100
21,103
21,104
21,105
21,109
21,111
21,116
21,118
21,123
21,124
21,126
21,127
21,129
21,130
21,131
21,133
21,134
21,135
21,136
21,138
21,144
21,145
21,146
21,152
21,154
21,155
21,160
21,163
21,171
21,172
21,173
21,175
21,182
21,183
21,185
21,186
21,187
21,188
21,189
21,191
21,193
21,196
21,198
21,199
22,23
22,24
22,25
22,26
22,27
22,28
22,29
22,30
22,31
22,32
22,33
22,34
22,35
22,36
22,37
22,38
22,39
22,40
22,41
22,42
22,43
22,44
22,45
22,46
22,47
22,48
22,49
22,50
22,51
22,52
22,53
22,54
22,55
22,56
22,57
22,58
22,59
22,60
22,61
22,62
22,63
22,64
22,65
22,66
22,67
22,68
22,69
22,70
22,71
22,72
22,73
22,74
22,75
22,76
22,77
22,78
22,79
22,80
22,81
22,82
22,83
22,84
22,85
22,86
22,87
22,88
22,89
22,90
22,91
22,92
22,93
22,94
22,95
22,96
22,97
22,98
22,99
22,100
22,103
22,104
22,105
22,109
22,111
22,116
22,118
22,123
22,124
22,126
22,127
22,129
22,130
22,131
22,133
22,134
22,135
22,136
22,138
22,144
22,145
22,146
22,152
22,154
22,155
22,160
22,163
22,171
22,172
22,173
22,175
22,182
22,183
22,185
22,186
22,187
22,188
22,189
22,191
22,193
22,196
22,198
22,199
23,24
23,25
23,26
23,27
23,28
23,29
23,30
23,31
23,32
23,33
23,34
23,35
23,36
23,37
23,38
23,39
23,40
23,41
23,42
23,43
23,44
23,45
23,46
23,47
23,48
23,49
23,50
23,51
23,52
23,53
23,54
23,55
23,56
23,57
23,58
23,59
23,60
23,61
23,62
23,63
23,64
23,65
23,66
23,67
23,68
23,69
23,70
23,71
23,72
23,73
23,74
23,75
23,76
23,77
23,78
23,79
23,80
23,81
23,82
23,83
23,84
23,85
23,86
23,87
23,88
23,89
23,90
23,91
23,92
23,93
23,94
23,95
23,96
23,97
23,98
23,99
23,100
23,103
23,104
23,105
23,109
23,111
23,116
23,118
23,123
23,124
23,126
23,127
23,129
23,130
23,131
23,133
23,134
23,135
23,136
23,138
23,144
23,145
23,146
23,152
23,154
23,155
23,160
23,163
23,171
23,172
23,173
23,175
23,182
23,183
23,185
23,186
23,187
23,188
23,189
23,191
23,193
23,196
23,198
23,199
24,25
24,26
24,27
24,28
24,29
24,30
24,31
24,32
24,33
24,34
24,35
24,36
24,37
24,38
24,39
24,40
24,41
24,42
24,43
24,44
24,45
24,46
24,47
24,48
24,49
24,50
24,51
24,52
24,53
24,54
24,55
24,56
24,57
24,58
24,59
24,60
24,61
24,62
24,63
24,64
24,65
24,66
24,67
24,68
24,69
24,70
24,71
24,72
24,73
24,74
24,75
24,76
24,77
24,78
24,79
24,80
24,81
24,82
24,83
24,84
24,85
24,86
24,87
24,88
24,89
24,90
24,91
24,92
24,93
24,94
24,95
24,96
24,97
24,98
24,99
25,26
25,27
25,28
25,29
25,30
25,31
25,32
25,33
25,34
25,35
25,36
25,37
25,38
25,39
25,40
25,41
25,42
25,43
25,44
25,45
25,46
25,47
25,48
25,49
25,50
25,51
25,52
25,53
25,54
25,55
25,56
25,57
25,58
25,59
25,60
25,61
25,62
25,63
25,64
25,65
25,66
25,67
25,68
25,69
25,70
25,71
25,72
25,73
25,74
25,75
25,76
25,77
25,78
25,79
25,80
25,81
25,82
25,83
25,84
25,85
25,86
25,87
25,88
25,89
25,90
25,91
25,92
25,93
25,94
25,95
25,96
25,97
25,98
25,99
26,27
26,28
26,29
26,30
26,31
26,32
26,33
26,34
26,35
26,36
26,37
26,38
26,39
26,40
26,41
26,42
26,43
26,44
26,45
26,46
26,47
26,48
26,49
26,50
26,51
26,52
26,53
26,54
26,55
26,56
26,57
26,58
26,59
26,60
26,61
26,62
26,63
26,64
26,65
26,66
26,67
26,68
26,69
26,70
26,71
26,72
26,73
26,74
26,75
26,76
26,77
26,78
26,79
26,80
26,81
26,82
26,83
26,84
26,85
26,86
26,87
26,88
26,89
26,90
26,91
26,92
26,93
26,94
26,95
26,96
26,97
26,98
26,99
26,100
26,103
26,104
26,105
26,109
26,111
26,116
26,118
26,123
26,124
26,126
26,127
26,129
26,130
26,131
26,133
26,134
26,135
26,136
26,138
26,144
26,145
26,146
26,152
26,154
26,155
26,160
26,163
26,171
26,172
26,173
26,175
26,182
26,183
26,185
26,186
26,187
26,188
26,189
26,191
26,193
26,196
26,198
26,199
27,28
27,29
27,30
27,31
27,32
27,33
27,34
27,35
27,36
27,37
27,38
27,39
27,40
27,41
27,42
27,43
27,44
27,45
27,46
27,47
27,48
27,49
27,50
27,51
27,52
27,53
27,54
27,55
27,56
27,57
27,58
27,59
27,60
27,61
27,62
27,63
27,64
27,65
27,66
27,67
27,68
27,69
27,70
27,71
27,72
27,73
27,74
27,75
27,76
27,77
27,78
27,79
27,80
27,81
27,82
27,83
27,84
27,85
27,86
27,87
27,88
27,89
27,90
27,91
27,92
27,93
27,94
27,95
27,96
27,97
27,98
27,99
27,100
27,103
27,104
27,105
27,109
27,111
27,116
27,118
27,123
27,124
27,126
27,127
27,129
27,130
27,131
27,133
27,134
27,135
27,136
27,138
27,144
27,145
27,146
27,152
27,154
27,155
27,160
27,163
27,171
27,172
27,173
27,175
27,182
27,183
27,185
27,186
27,187
27,188
27,189
27,191
27,193
27,196
27,198
27,199
28,29
28,30
28,31
28,32
28,33
28,34
28,35
28,36
28,37
28,38
28,39
28,40
28,41
28,42
28,43
28,44
28,45
28,46
28,47
28,48
28,49
28,50
28,51
28,52
28,53
28,54
28,55
28,56
28,57
28,58
28,59
28,60
28,61
28,62
28,63
28,64
28,65
28,66
28,67
28,68
28,69
28,70
28,71
28,72
28,73
28,74
28,75
28,76
28,77
28,78
28,79
28,80
28,81
28,82
28,83
28,84
28,85
28,86
28,87
28,88
28,89
28,90
28,91
28,92
28,93
28,94
28,95
28,96
28,97
28,98
28,99
28,100
28,103
28,104
28,105
28,109
28,111
28,116
28,118
28,123
28,124
28,126
28,127
28,129
28,130
28,131
28,133
28,134
28,135
28,136
28,138
28,144
28,145
28,146
28,152
28,154
28,155
28,160
28,163
28,171
28,172
28,173
28,175
28,182
28,183
28,185
28,186
28,187
28,188
28,189
28,191
28,193
28,196
28,198
28,199
29,30
29,31
29,32
29,33
29,34
29,35
29,36
29,37
29,38
29,39
29,40
29,41
29,42
29,43
29,44
29,45
29,46
29,47
29,48
29,49
29,50
29,51
29,52
29,53
29,54
29,55
29,56
29,57
29,58
29,59
29,60
29,61
29,62
29,63
29,64
29,65
29,66
29,67
29,68
29,69
29,70
29,71
29,72
29,73
29,74
29,75
29,76
29,77
29,78
29,79
29,80
29,81
29,82
29,83
29,84
29,85
29,86
29,87
29,88
29,89
29,90
29,91
29,92
29,93
29,94
29,95
29,96
29,97
29,98
29,99
29,100
29,103
29,104
29,105
29,109
29,111
29,116
29,118
29,123
29,124
29,126
29,127
29,129
29,130
29,131
29,133
29,134
29,135
29,136
29,138
29,144
29,145
29,146
29,152
29,154
29,155
29,160
29,163
29,171
29,172
29,173
29,175
29,182
29,183
29,185
29,186
29,187
29,188
29,189
29,191
29,193
29,196
29,198
29,199
30,31
30,32
30,33
30,34
30,35
30,36
30,37
30,38
30,39
30,40
30,41
30,42
30,43
30,44
30,45
30,46
30,47
30,48
30,49
30,50
30,51
30,52
30,53
30,54
30,55
30,56
30,57
30,58
30,59
30,60
30,61
30,62
30,63
30,64
30,65
30,66
30,67
30,68
30,69
30,70
30,71
30,72
30,73
30,74
30,75
30,76
30,77
30,78
30,79
30,80
30,81
30,82
30,83
30,84
30,85
30,86
30,87
30,88
30,89
30,90
30,91
30,92
30,93
30,94
30,95
30,96
30,97
30,98
30,99
30,100
30,103
30,104
30,105
30,109
30,111
30,116
30,118
30,123
30,124
30,126
30,127
30,129
30,130
30,131
30,133
30,134
30,135
30,136
30,138
30,144
30,145
30,146
30,152
30,154
30,155
30,160
30,163
30,171
30,172
30,173
30,175
30,182
30,183
30,185
30,186
30,187
30,188
30,189
30,191
30,193
30,196
30,198
30,199
31,32
31,33
31,34
31,35
31,36
31,37
31,38
31,39
31,40
31,41
31,42
31,43
31,44
31,45
31,46
31,47
31,48
31,49
31,50
31,51
31,52
31,53
31,54
31,55
31,56
31,57
31,58
31,59
31,60
31,61
31,62
31,63
31,64
31,65
31,66
31,67
31,68
31,69
31,70
31,71
31,72
31,73
31,74
31,75
31,76
31,77
31,78
31,79
31,80
31,81
31,82
31,83
31,84
31,85
31,86
31,87
31,88
31,89
31,90
31,91
31,92
31,93
31,94
31,95
31,96
31,97
31,98
31,99
31,100
31,103
31,104
31,105
31,109
31,111
31,116
31,118
31,123
31,124
31,126
31,127
31,129
31,130
31,131
31,133
31,134
31,135
31,136
31,138
31,144
31,145
31,146
31,152
31,154
31,155
31,160
31,163
31,171
31,172
31,173
31,175
31,182
31,183
31,185
31,186
31,187
31,188
31,189
31,191
31,193
31,196
31,198
31,199
32,33
32,34
32,35
32,36
32,37
32,38
32,39
32,40
32,41
32,42
32,43
32,44
32,45
32,46
32,47
32,48
32,49
32,50
32,51
32,52
32,53
32,54
32,55
32,56
32,57
32,58
32,59
32,60
32,61
32,62
32,63
32,64
32,65
32,66
32,67
32,68
32,69
32,70
32,71
32,72
32,73
32,74
32,75
32,76
32,77
32,78
32,79
32,80
32,81
32,82
32,83
32,84
32,85
32,86
32,87
32,88
32,89
32,90
32,91
32,92
32,93
32,94
32,95
32,96
32,97
32,98
32,99
33,34
33,35
33,36
33,37
33,38
33,39
33,40
33,41
33,42
33,43
33,44
33,45
33,46
33,47
33,48
33,49
33,50
33,51
33,52
33,53
33,54
33,55
33,56
33,57
33,58
33,59
33,60
33,61
33,62
33,63
33,64
33,65
33,66
33,67
33,68
33,69
33,70
33,71
33,72
33,73
33,74
33,75
33,76
33,77
33,78
33,79
33,80
33,81
33,82
33,83
33,84
33,85
33,86
33,87
33,88
33,89
33,90
33,91
33,92
33,93
33,94
33,95
33,96
33,97
33,98
33,99
34,35
34,36
34,37
34,38
34,39
34,40
34,41
34,42
34,43
34,44
34,45
34,46
34,47
34,48
34,49
34,50
34,51
34,52
34,53
34,54
34,55
34,56
34,57
34,58
34,59
34,60
34,61
34,62
34,63
34,64
34,65
34,66
34,67
34,68
34,69
34,70
34,71
34,72
34,73
34,74
34,75
34,76
34,77
34,78
34,79
34,80
34,81
34,82
34,83
34,84
34,85
34,86
34,87
34,88
34,89
34,90
34,91
34,92
34,93
34,94
34,95
34,96
34,97
34,98
34,99
34,100
34,103
34,104
34,105
34,109
34,111
34,116
34,118
34,123
34,124
34,126
34,127
34,129
34,130
34,131
34,133
34,134
34,135
34,136
34,138
34,144
34,145
34,146
34,152
34,154
34,155
34,160
34,163
34,171
34,172
34,173
34,175
34,182
34,183
34,185
34,186
34,187
34,188
34,189
34,191
34,193
34,196
34,198
34,199
35,36
35,37
35,38
35,39
35,40
35,41
35,42
35,43
35,44
35,45
35,46
35,47
35,48
35,49
35,50
35,51
35,52
35,53
35,54
35,55
35,56
35,57
35,58
35,59
35,60
35,61
35,62
35,63
35,64
35,65
35,66
35,67
35,68
35,69
35,70
35,71
35,72
35,73
35,74
35,75
35,76
35,77
35,78
35,79
35,80
35,81
35,82
35,83
35,84
35,85
35,86
35,87
35,88
35,89
35,90
35,91
35,92
35,93
35,94
35,95
35,96
35,97
35,98
35,99
36,37
36,38
36,39
36,40
36,41
36,42
36,43
36,44
36,45
36,46
36,47
36,48
36,49
36,50
36,51
36,52
36,53
36,54
36,55
36,56
36,57
36,58
36,59
36,60
36,61
36,62
36,63
36,64
36,65
36,66
36,67
36,68
36,69
36,70
36,71
36,72
36,73
36,74
36,75
36,76
36,77
36,78
36,79
36,80
36,81
36,82
36,83
36,84
36,85
36,86
36,87
36,88
36,89
36,90
36,91
36,92
36,93
36,94
36,95
36,96
36,97
36,98
36,99
36,100
36,103
36,104
36,105
36,109
36,111
36,116
36,118
36,123
36,124
36,126
36,127
36,129
36,130
36,131
36,133
36,134
36,135
36,136
36,138
36,144
36,145
36,146
36,152
36,154
36,155
36,160
36,163
36,171
36,172
36,173
36,175
36,182
36,183
36,185
36,186
36,187
36,188
36,189
36,191
36,193
36,196
36,198
36,199
37,38
37,39
37,40
37,41
37,42
37,43
37,44
37,45
37,46
37,47
37,48
37,49
37,50
37,51
37,52
37,53
37,54
37,55
37,56
37,57
37,58
37,59
37,60
37,61
37,62
37,63
37,64
37,65
37,66
37,67
37,68
37,69
37,70
37,71
37,72
37,73
37,74
37,75
37,76
37,77
37,78
37,79
37,80
37,81
37,82
37,83
37,84
37,85
37,86
37,87
37,88
37,89
37,90
37,91
37,92
37,93
37,94
37,95
37,96
37,97
37,98
37,99
38,39
38,40
38,41
38,42
38,43
38,44
38,45
38,46
38,47
38,48
38,49
38,50
38,51
38,52
38,53
38,54
38,55
38,56
38,57
38,58
38,59
38,60
38,61
38,62
38,63
38,64
38,65
38,66
38,67
38,68
38,69
38,70
38,71
38,72
38,73
38,74
38,75
38,76
38,77
38,78
38,79
38,80
38,81
38,82
38,83
38,84
38,85
38,86
38,87
38,88
38,89
38,90
38,91
38,92
38,93
38,94
38,95
38,96
38,97
38,98
38,99
38,169
38,171
38,172
38,174
38,176
38,192
39,40
39,41
39,42
39,43
39,44
39,45
39,46
39,47
39,48
39,49
39,50
39,51
39,52
39,53
39,54
39,55
39,56
39,57
39,58
39,59
39,60
39,61
39,62
39,63
39,64
39,65
39,66
39,67
39,68
39,69
39,70
39,71
39,72
39,73
39,74
39,75
39,76
39,77
39,78
39,79
39,80
39,81
39,82
39,83
39,84
39,85
39,86
39,87
39,88
39,89
39,90
39,91
39,92
39,93
39,94
39,95
39,96
39,97
39,98
39,99
39,100
39,103
39,104
39,105
39,109
39,111
39,116
39,118
39,123
39,124
39,126
39,127
39,129
39,130
39,131
39,133
39,134
39,135
39,136
39,138
39,144
39,145
39,146
39,149
39,151
39,152
39,153
39,154
39,155
39,156
39,159
39,160
39,162
39,163
39,164
39,165
39,166
39,169
39,170
39,171
39,172
39,173
39,174
39,175
39,176
39,177
39,180
39,181
39,182
39,183
39,185
39,186
39,187
39,188
39,189
39,190
39,191
39,193
39,194
39,195
39,196
39,197
39,198
39,199
40,41
40,42
40,43
40,44
40,45
40,46
40,47
40,48
40,49
40,50
40,51
40,52
40,53
40,54
40,55
40,56
40,57
40,58
40,59
40,60
40,61
40,62
40,63
40,64
40,65
40,66
40,67
40,68
40,69
40,70
40,71
40,72
40,73
40,74
40,75
40,76
40,77
40,78
40,79
40,80
40,81
40,82
40,83
40,84
40,85
40,86
40,87
40,88
40,89
40,90
40,91
40,92
40,93
40,94
40,95
40,96
40,97
40,98
40,99
40,142
40,143
40,145
40,148
40,149
40,150
40,151
40,156
40,157
40,158
40,159
40,161
40,166
40,170
40,171
40,172
40,173
41,42
41,43
41,44
41,45
41,46
41,47
41,48
41,49
41,50
41,51
41,52
41,53
41,54
41,55
41,56
41,57
41,58
41,59
41,60
41,61
41,62
41,63
41,64
41,65
41,66
41,67
41,68
41,69
41,70
41,71
41,72
41,73
41,74
41,75
41,76
41,77
41,78
41,79
41,80
41,81
41,82
41,83
41,84
41,85
41,86
41,87
41,88
41,89
41,90
41,91
41,92
41,93
41,94
41,95
41,96
41,97
41,98
41,99
42,43
42,44
42,45
42,46
42,47
42,48
42,49
42,50
42,51
42,52
42,53
42,54
42,55
42,56
42,57
42,58
42,59
42,60
42,61
42,62
42,63
42,64
42,65
42,66
42,67
42,68
42,69
42,70
42,71
42,72
42,73
42,74
42,75
42,76
42,77
42,78
42,79
42,80
42,81
42,82
42,83
42,84
42,85
42,86
42,87
42,88
42,89
42,90
42,91
42,92
42,93
42,94
42,95
42,96
42,97
42,98
42,99
43,44
43,45
43,46
43,47
43,48
43,49
43,50
43,51
43,52
43,53
43,54
43,55
43,56
43,57
43,58
43,59
43,60
43,61
43,62
43,63
43,64
43,65
43,66
43,67
43,68
43,69
43,70
43,71
43,72
43,73
43,74
43,75
43,76
43,77
43,78
43,79
43,80
43,81
43,82
43,83
43,84
43,85
43,86
43,87
43,88
43,89
43,90
43,91
43,92
43,93
43,94
43,95
43,96
43,97
43,98
43,99
44,45
44,46
44,47
44,48
44,49
44,50
44,51
44,52
44,53
44,54
44,55
44,56
44,57
44,58
44,59
44,60
44,61
44,62
44,63
44,64
44,65
44,66
44,67
44,68
44,69
44,70
44,71
44,72
44,73
44,74
44,75
44,76
44,77
44,78
44,79
44,80
44,81
44,82
44,83
44,84
44,85
44,86
44,87
44,88
44,89
44,90
44,91
44,92
44,93
44,94
44,95
44,96
44,97
44,98
44,99
44,100
44,103
44,104
44,105
44,109
44,111
44,116
44,118
44,123
44,124
44,126
44,127
44,129
44,130
44,131
44,133
44,134
44,135
44,136
44,138
44,144
44,145
44,146
44,152
44,154
44,155
44,160
44,163
44,171
44,172
44,173
44,175
44,182
44,183
44,185
44,186
44,187
44,188
44,189
44,191
44,193
44,196
44,198
44,199
45,46
45,47
45,48
45,49
45,50
45,51
45,52
45,53
45,54
45,55
45,56
45,57
45,58
45,59
45,60
45,61
45,62
45,63
45,64
45,65
45,66
45,67
45,68
45,69
45,70
45,71
45,72
45,73
45,74
45,75
45,76
45,77
45,78
45,79
45,80
45,81
45,82
45,83
45,84
45,85
45,86
45,87
45,88
45,89
45,90
45,91
45,92
45,93
45,94
45,95
45,96
45,97
45,98
45,99
46,47
46,48
46,49
46,50
46,51
46,52
46,53
46,54
46,55
46,56
46,57
46,58
46,59
46,60
46,61
46,62
46,63
46,64
46,65
46,66
46,67
46,68
46,69
46,70
46,71
46,72
46,73
46,74
46,75
46,76
46,77
46,78
46,79
46,80
46,81
46,82
46,83
46,84
46,85
46,86
46,87
46,88
46,89
46,90
46,91
46,92
46,93
46,94
46,95
46,96
46,97
46,98
46,99
46,100
46,103
46,104
46,105
46,109
46,111
46,116
46,118
46,123
46,124
46,126
46,127
46,129
46,130
46,131
46,133
46,134
46,135
46,136
46,138
46,144
46,145
46,146
46,152
46,154
46,155
46,160
46,163
46,171
46,172
46,173
46,175
46,182
46,183
46,185
46,186
46,187
46,188
46,189
46,191
46,193
46,196
46,198
46,199
47,48
47,49
47,50
47,51
47,52
47,53
47,54
47,55
47,56
47,57
47,58
47,59
47,60
47,61
47,62
47,63
47,64
47,65
47,66
47,67
47,68
47,69
47,70
47,71
47,72
47,73
47,74
47,75
47,76
47,77
47,78
47,79
47,80
47,81
47,82
47,83
47,84
47,85
47,86
47,87
47,88
47,89
47,90
47,91
47,92
47,93
47,94
47,95
47,96
47,97
47,98
47,99
48,49
48,50
48,51
48,52
48,53
48,54
48,55
48,56
48,57
48,58
48,59
48,60
48,61
48,62
48,63
48,64
48,65
48,66
48,67
48,68
48,69
48,70
48,71
48,72
48,73
48,74
48,75
48,76
48,77
48,78
48,79
48,80
48,81
48,82
48,83
48,84
48,85
48,86
48,87
48,88
48,89
48,90
48,91
48,92
48,93
48,94
48,95
48,96
48,97
48,98
48,99
48,153
48,157
48,158
48,159
48,164
48,165
48,166
48,167
48,168
48,170
48,173
48,174
48,176
48,197
49,50
49,51
49,52
49,53
49,54
49,55
49,56
49,57
49,58
49,59
49,60
49,61
49,62
49,63
49,64
49,65
49,66
49,67
49,68
49,69
49,70
49,71
49,72
49,73
49,74
49,75
49,76
49,77
49,78
49,79
49,80
49,81
49,82
49,83
49,84
49,85
49,86
49,87
49,88
49,89
49,90
49,91
49,92
49,93
49,94
49,95
49,96
49,97
49,98
49,99
49,141
49,145
50,51
50,52
50,53
50,54
50,55
50,56
50,57
50,58
50,59
50,60
50,61
50,62
50,63
50,64
50,65
50,66
50,67
50,68
50,69
50,70
50,71
50,72
50,73
50,74
50,75
50,76
50,77
50,78
50,79
50,80
50,81
50,82
50,83
50,84
50,85
50,86
50,87
50,88
50,89
50,90
50,91
50,92
50,93
50,94
50,95
50,96
50,97
50,98
50,99
50,100
50,103
50,104
50,105
50,109
50,111
50,116
50,118
50,123
50,124
50,126
50,127
50,129
50,130
50,131
50,133
50,134
50,135
50,136
50,138
50,144
50,145
50,146
50,152
50,154
50,155
50,160
50,163
50,170
50,171
50,172
50,173
50,175
50,182
50,183
50,185
50,186
50,187
50,188
50,189
50,191
50,193
50,196
50,198
50,199
51,52
51,53
51,54
51,55
51,56
51,57
51,58
51,59
51,60
51,61
51,62
51,63
51,64
51,65
51,66
51,67
51,68
51,69
51,70
51,71
51,72
51,73
51,74
51,75
51,76
51,77
51,78
51,79
51,80
51,81
51,82
51,83
51,84
51,85
51,86
51,87
51,88
51,89
51,90
51,91
51,92
51,93
51,94
51,95
51,96
51,97
51,98
51,99
51,100
51,103
51,104
51,105
51,109
51,111
51,116
51,118
51,123
51,124
51,126
51,127
51,129
51,130
51,131
51,133
51,134
51,135
51,136
51,138
51,144
51,145
51,146
51,152
51,154
51,155
51,160
51,163
51,171
51,172
51,173
51,175
51,182
51,183
51,185
51,186
51,187
51,188
51,189
51,191
51,193
51,196
51,198
51,199
52,53
52,54
52,55
52,56
52,57
52,58
52,59
52,60
52,61
52,62
52,63
52,64
52,65
52,66
52,67
52,68
52,69
52,70
52,71
52,72
52,73
52,74
52,75
52,76
52,77
52,78
52,79
52,80
52,81
52,82
52,83
52,84
52,85
52,86
52,87
52,88
52,89
52,90
52,91
52,92
52,93
52,94
52,95
52,96
52,97
52,98
52,99
52,100
52,103
52,104
52,105
52,109
52,111
52,116
52,118
52,123
52,124
52,126
52,127
52,129
52,130
52,131
52,133
52,134
52,135
52,136
52,138
52,144
52,145
52,146
52,152
52,154
52,155
52,160
52,163
52,171
52,172
52,173
52,175
52,182
52,183
52,185
52,186
52,187
52,188
52,189
52,191
52,193
52,196
52,198
52,199
53,54
53,55
53,56
53,57
53,58
53,59
53,60
53,61
53,62
53,63
53,64
53,65
53,66
53,67
53,68
53,69
53,70
53,71
53,72
53,73
53,74
53,75
53,76
53,77
53,78
53,79
53,80
53,81
53,82
53,83
53,84
53,85
53,86
53,87
53,88
53,89
53,90
53,91
53,92
53,93
53,94
53,95
53,96
53,97
53,98
53,99
53,100
53,103
53,104
53,105
53,109
53,111
53,116
53,118
53,123
53,124
53,126
53,127
53,129
53,130
53,131
53,133
53,134
53,135
53,136
53,138
53,144
53,145
53,146
53,152
53,154
53,155
53,160
53,163
53,171
53,172
53,173
53,175
53,182
53,183
53,185
53,186
53,187
53,188
53,189
53,191
53,193
53,196
53,198
53,199
54,55
54,56
54,57
54,58
54,59
54,60
54,61
54,62
54,63
54,64
54,65
54,66
54,67
54,68
54,69
54,70
54,71
54,72
54,73
54,74
54,75
54,76
54,77
54,78
54,79
54,80
54,81
54,82
54,83
54,84
54,85
54,86
54,87
54,88
54,89
54,90
54,91
54,92
54,93
54,94
54,95
54,96
54,97
54,98
54,99
54,100
54,103
54,104
54,105
54,109
54,111
54,116
54,118
54,123
54,124
54,126
54,127
54,129
54,130
54,131
54,133
54,134
54,135
54,136
54,138
54,144
54,145
54,146
54,152
54,154
54,155
54,160
54,163
54,171
54,172
54,173
54,175
54,182
54,183
54,185
54,186
54,187
54,188
54,189
54,191
54,193
54,196
54,198
54,199
55,56
55,57
55,58
55,59
55,60
55,61
55,62
55,63
55,64
55,65
55,66
55,67
55,68
55,69
55,70
55,71
55,72
55,73
55,74
55,75
55,76
55,77
55,78
55,79
55,80
55,81
55,82
55,83
55,84
55,85
55,86
55,87
55,88
55,89
55,90
55,91
55,92
55,93
55,94
55,95
55,96
55,97
55,98
55,99
55,100
55,103
55,104
55,105
55,109
55,111
55,116
55,118
55,123
55,124
55,126
55,127
55,129
55,130
55,131
55,133
55,134
55,135
55,136
55,138
55,144
55,145
55,146
55,152
55,154
55,155
55,160
55,163
55,171
55,172
55,173
55,175
55,182
55,183
55,185
55,186
55,187
55,188
55,189
55,191
55,193
55,196
55,198
55,199
56,57
56,58
56,59
56,60
56,61
56,62
56,63
56,64
56,65
56,66
56,67
56,68
56,69
56,70
56,71
56,72
56,73
56,74
56,75
56,76
56,77
56,78
56,79
56,80
56,81
56,82
56,83
56,84
56,85
56,86
56,87
56,88
56,89
56,90
56,91
56,92
56,93
56,94
56,95
56,96
56,97
56,98
56,99
56,100
56,103
56,104
56,105
56,109
56,111
56,116
56,118
56,123
56,124
56,126
56,127
56,129
56,130
56,131
56,133
56,134
56,135
56,136
56,138
56,144
56,145
56,146
56,152
56,154
56,155
56,160
56,163
56,171
56,172
56,173
56,175
56,182
56,183
56,185
56,186
56,187
56,188
56,189
56,191
56,193
56,196
56,198
56,199
57,58
57,59
57,60
57,61
57,62
57,63
57,64
57,65
57,66
57,67
57,68
57,69
57,70
57,71
57,72
57,73
57,74
57,75
57,76
57,77
57,78
57,79
57,80
57,81
57,82
57,83
57,84
57,85
57,86
57,87
57,88
57,89
57,90
57,91
57,92
57,93
57,94
57,95
57,96
57,97
57,98
57,99
58,59
58,60
58,61
58,62
58,63
58,64
58,65
58,66
58,67
58,68
58,69
58,70
58,71
58,72
58,73
58,74
58,75
58,76
58,77
58,78
58,79
58,80
58,81
58,82
58,83
58,84
58,85
58,86
58,87
58,88
58,89
58,90
58,91
58,92
58,93
58,94
58,95
58,96
58,97
58,98
58,99
58,100
58,103
58,104
58,105
58,109
58,111
58,116
58,118
58,123
58,124
58,126
58,127
58,129
58,130
58,131
58,133
58,134
58,135
58,136
58,138
58,144
58,145
58,146
58,152
58,154
58,155
58,160
58,163
58,171
58,172
58,173
58,175
58,182
58,183
58,185
58,186
58,187
58,188
58,189
58,191
58,193
58,196
58,198
58,199
59,60
59,61
59,62
59,63
59,64
59,65
59,66
59,67
59,68
59,69
59,70
59,71
59,72
59,73
59,74
59,75
59,76
59,77
59,78
59,79
59,80
59,81
59,82
59,83
59,84
59,85
59,86
59,87
59,88
59,89
59,90
59,91
59,92
59,93
59,94
59,95
59,96
59,97
59,98
59,99
59,100
59,103
59,104
59,105
59,109
59,111
59,116
59,118
59,123
59,124
59,126
59,127
59,129
59,130
59,131
59,133
59,134
59,135
59,136
59,138
59,144
59,145
59,146
59,152
59,154
59,155
59,160
59,163
59,171
59,172
59,173
59,175
59,182
59,183
59,185
59,186
59,187
59,188
59,189
59,191
59,193
59,196
59,198
59,199
60,61
60,62
60,63
60,64
60,65
60,66
60,67
60,68
60,69
60,70
60,71
60,72
60,73
60,74
60,75
60,76
60,77
60,78
60,79
60,80
60,81
60,82
60,83
60,84
60,85
60,86
60,87
60,88
60,89
60,90
60,91
60,92
60,93
60,94
60,95
60,96
60,97
60,98
60,99
60,100
60,103
60,104
60,105
60,109
60,111
60,116
60,118
60,123
60,124
60,126
60,127
60,129
60,130
60,131
60,133
60,134
60,135
60,136
60,138
60,144
60,145
60,146
60,152
60,154
60,155
60,160
60,163
60,171
60,172
60,173
60,175
60,182
60,183
60,185
60,186
60,187
60,188
60,189
60,191
60,193
60,196
60,198
60,199
61,62
61,63
61,64
61,65
61,66
61,67
61,68
61,69
61,70
61,71
61,72
61,73
61,74
61,75
61,76
61,77
61,78
61,79
61,80
61,81
61,82
61,83
61,84
61,85
61,86
61,87
61,88
61,89
61,90
61,91
61,92
61,93
61,94
61,95
61,96
61,97
61,98
61,99
61,100
61,103
61,104
61,105
61,109
61,111
61,116
61,118
61,123
61,124
61,126
61,127
61,129
61,130
61,131
61,133
61,134
61,135
61,136
61,138
61,144
61,145
61,146
61,152
61,154
61,155
61,160
61,163
61,171
61,172
61,173
61,175
61,182
61,183
61,185
61,186
61,187
61,188
61,189
61,191
61,193
61,196
61,198
61,199
62,63
62,64
62,65
62,66
62,67
62,68
62,69
62,70
62,71
62,72
62,73
62,74
62,75
62,76
62,77
62,78
62,79
62,80
62,81
62,82
62,83
62,84
62,85
62,86
62,87
62,88
62,89
62,90
62,91
62,92
62,93
62,94
62,95
62,96
62,97
62,98
62,99
62,100
62,103
62,104
62,105
62,109
62,111
62,116
62,118
62,123
62,124
62,126
62,127
62,129
62,130
62,131
62,133
62,134
62,135
62,136
62,138
62,144
62,145
62,146
62,152
62,154
62,155
62,160
62,163
62,171
62,172
62,173
62,175
62,182
62,183
62,185
62,186
62,187
62,188
62,189
62,191
62,193
62,196
62,198
62,199
63,64
63,65
63,66
63,67
63,68
63,69
63,70
63,71
63,72
63,73
63,74
63,75
63,76
63,77
63,78
63,79
63,80
63,81
63,82
63,83
63,84
63,85
63,86
63,87
63,88
63,89
63,90
63,91
63,92
63,93
63,94
63,95
63,96
63,97
63,98
63,99
63,100
63,103
63,104
63,105
63,109
63,111
63,116
63,118
63,123
63,124
63,126
63,127
63,129
63,130
63,131
63,133
63,134
63,135
63,136
63,138
63,144
63,145
63,146
63,152
63,154
63,155
63,160
63,163
63,171
63,172
63,173
63,175
63,182
63,183
63,185
63,186
63,187
63,188
63,189
63,191
63,193
63,196
63,198
63,199
64,65
64,66
64,67
64,68
64,69
64,70
64,71
64,72
64,73
64,74
64,75
64,76
64,77
64,78
64,79
64,80
64,81
64,82
64,83
64,84
64,85
64,86
64,87
64,88
64,89
64,90
64,91
64,92
64,93
64,94
64,95
64,96
64,97
64,98
64,99
64,100
64,103
64,104
64,105
64,109
64,111
64,116
64,118
64,123
64,124
64,126
64,127
64,129
64,130
64,131
64,133
64,134
64,135
64,136
64,138
64,144
64,145
64,146
64,152
64,154
64,155
64,160
64,163
64,171
64,172
64,173
64,175
64,182
64,183
64,185
64,186
64,187
64,188
64,189
64,191
64,193
64,196
64,198
64,199
65,66
65,67
65,68
65,69
65,70
65,71
65,72
65,73
65,74
65,75
65,76
65,77
65,78
65,79
65,80
65,81
65,82
65,83
65,84
65,85
65,86
65,87
65,88
65,89
65,90
65,91
65,92
65,93
65,94
65,95
65,96
65,97
65,98
65,99
66,67
66,68
66,69
66,70
66,71
66,72
66,73
66,74
66,75
66,76
66,77
66,78
66,79
66,80
66,81
66,82
66,83
66,84
66,85
66,86
66,87
66,88
66,89
66,90
66,91
66,92
66,93
66,94
66,95
66,96
66,97
66,98
66,99
66,100
66,103
66,104
66,105
66,109
66,111
66,116
66,118
66,123
66,124
66,126
66,127
66,129
66,130
66,131
66,133
66,134
66,135
66,136
66,138
66,144
66,145
66,146
66,152
66,154
66,155
66,160
66,163
66,171
66,172
66,173
66,175
66,182
66,183
66,185
66,186
66,187
66,188
66,189
66,191
66,193
66,196
66,198
66,199
67,68
67,69
67,70
67,71
67,72
67,73
67,74
67,75
67,76
67,77
67,78
67,79
67,80
67,81
67,82
67,83
67,84
67,85
67,86
67,87
67,88
67,89
67,90
67,91
67,92
67,93
67,94
67,95
67,96
67,97
67,98
67,99
68,69
68,70
68,71
68,72
68,73
68,74
68,75
68,76
68,77
68,78
68,79
68,80
68,81
68,82
68,83
68,84
68,85
68,86
68,87
68,88
68,89
68,90
68,91
68,92
68,93
68,94
68,95
68,96
68,97
68,98
68,99
69,70
69,71
69,72
69,73
69,74
69,75
69,76
69,77
69,78
69,79
69,80
69,81
69,82
69,83
69,84
69,85
69,86
69,87
69,88
69,89
69,90
69,91
69,92
69,93
69,94
69,95
69,96
69,97
69,98
69,99
70,71
70,72
70,73
70,74
70,75
70,76
70,77
70,78
70,79
70,80
70,81
70,82
70,83
70,84
70,85
70,86
70,87
70,88
70,89
70,90
70,91
70,92
70,93
70,94
70,95
70,96
70,97
70,98
70,99
71,72
71,73
71,74
71,75
71,76
71,77
71,78
71,79
71,80
71,81
71,82
71,83
71,84
71,85
71,86
71,87
71,88
71,89
71,90
71,91
71,92
71,93
71,94
71,95
71,96
71,97
71,98
71,99
71,100
71,103
71,104
71,105
71,109
71,111
71,116
71,118
71,123
71,124
71,126
71,127
71,129
71,130
71,131
71,133
71,134
71,135
71,136
71,138
71,144
71,145
71,146
71,152
71,154
71,155
71,160
71,163
71,171
71,172
71,173
71,175
71,182
71,183
71,185
71,186
71,187
71,188
71,189
71,191
71,193
71,196
71,198
71,199
72,73
72,74
72,75
72,76
72,77
72,78
72,79
72,80
72,81
72,82
72,83
72,84
72,85
72,86
72,87
72,88
72,89
72,90
72,91
72,92
72,93
72,94
72,95
72,96
72,97
72,98
72,99
72,100
72,103
72,104
72,105
72,109
72,111
72,116
72,118
72,123
72,124
72,126
72,127
72,129
72,130
72,131
72,133
72,134
72,135
72,136
72,138
72,144
72,145
72,146
72,152
72,154
72,155
72,160
72,163
72,171
72,172
72,173
72,175
72,182
72,183
72,185
72,186
72,187
72,188
72,189
72,191
72,193
72,196
72,198
72,199
73,74
73,75
73,76
73,77
73,78
73,79
73,80
73,81
73,82
73,83
73,84
73,85
73,86
73,87
73,88
73,89
73,90
73,91
73,92
73,93
73,94
73,95
73,96
73,97
73,98
73,99
74,75
74,76
74,77
74,78
74,79
74,80
74,81
74,82
74,83
74,84
74,85
74,86
74,87
74,88
74,89
74,90
74,91
74,92
74,93
74,94
74,95
74,96
74,97
74,98
74,99
74,100
74,103
74,104
74,105
74,109
74,111
74,116
74,118
74,123
74,124
74,126
74,127
74,129
74,130
74,131
74,133
74,134
74,135
74,136
74,138
74,144
74,145
74,146
74,152
74,154
74,155
74,160
74,163
74,171
74,172
74,173
74,175
74,182
74,183
74,185
74,186
74,187
74,188
74,189
74,191
74,193
74,196
74,198
74,199
75,76
75,77
75,78
75,79
75,80
75,81
75,82
75,83
75,84
75,85
75,86
75,87
75,88
75,89
75,90
75,91
75,92
75,93
75,94
75,95
75,96
75,97
75,98
75,99
76,77
76,78
76,79
76,80
76,81
76,82
76,83
76,84
76,85
76,86
76,87
76,88
76,89
76,90
76,91
76,92
76,93
76,94
76,95
76,96
76,97
76,98
76,99
76,100
76,103
76,104
76,105
76,109
76,111
76,116
76,118
76,123
76,124
76,126
76,127
76,129
76,130
76,131
76,133
76,134
76,135
76,136
76,138
76,144
76,145
76,146
76,152
76,154
76,155
76,160
76,163
76,171
76,172
76,173
76,175
76,182
76,183
76,185
76,186
76,187
76,188
76,189
76,191
76,193
76,196
76,198
76,199
77,78
77,79
77,80
77,81
77,82
77,83
77,84
77,85
77,86
77,87
77,88
77,89
77,90
77,91
77,92
77,93
77,94
77,95
77,96
77,97
77,98
77,99
77,100
77,103
77,104
77,105
77,109
77,111
77,116
77,118
77,123
77,124
77,126
77,127
77,129
77,130
77,131
77,133
77,134
77,135
77,136
77,138
77,144
77,145
77,146
77,152
77,154
77,155
77,160
77,163
77,171
77,172
77,173
77,175
77,182
77,183
77,185
77,186
77,187
77,188
77,189
77,191
77,193
77,196
77,198
77,199
78,79
78,80
78,81
78,82
78,83
78,84
78,85
78,86
78,87
78,88
78,89
78,90
78,91
78,92
78,93
78,94
78,95
78,96
78,97
78,98
78,99
79,80
79,81
79,82
79,83
79,84
79,85
79,86
79,87
79,88
79,89
79,90
79,91
79,92
79,93
79,94
79,95
79,96
79,97
79,98
79,99
79,100
79,103
79,104
79,105
79,109
79,111
79,116
79,118
79,123
79,124
79,126
79,127
79,129
79,130
79,131
79,133
79,134
79,135
79,136
79,138
79,144
79,145
79,146
79,152
79,154
79,155
79,160
79,163
79,171
79,172
79,173
79,175
79,182
79,183
79,185
79,186
79,187
79,188
79,189
79,191
79,193
79,196
79,198
79,199
80,81
80,82
80,83
80,84
80,85
80,86
80,87
80,88
80,89
80,90
80,91
80,92
80,93
80,94
80,95
80,96
80,97
80,98
80,99
81,82
81,83
81,84
81,85
81,86
81,87
81,88
81,89
81,90
81,91
81,92
81,93
81,94
81,95
81,96
81,97
81,98
81,99
81,100
81,103
81,104
81,105
81,109
81,111
81,116
81,118
81,123
81,124
81,126
81,127
81,129
81,130
81,131
81,133
81,134
81,135
81,136
81,138
81,144
81,145
81,146
81,152
81,154
81,155
81,160
81,163
81,171
81,172
81,173
81,175
81,182
81,183
81,185
81,186
81,187
81,188
81,189
81,191
81,193
81,196
81,198
81,199
82,83
82,84
82,85
82,86
82,87
82,88
82,89
82,90
82,91
82,92
82,93
82,94
82,95
82,96
82,97
82,98
82,99
82,100
82,103
82,104
82,105
82,109
82,111
82,116
82,118
82,123
82,124
82,126
82,127
82,129
82,130
82,131
82,133
82,134
82,135
82,136
82,138
82,144
82,145
82,146
82,152
82,154
82,155
82,160
82,163
82,171
82,172
82,173
82,175
82,182
82,183
82,185
82,186
82,187
82,188
82,189
82,191
82,193
82,196
82,198
82,199
83,84
83,85
83,86
83,87
83,88
83,89
83,90
83,91
83,92
83,93
83,94
83,95
83,96
83,97
83,98
83,99
84,85
84,86
84,87
84,88
84,89
84,90
84,91
84,92
84,93
84,94
84,95
84,96
84,97
84,98
84,99
84,100
84,103
84,104
84,105
84,109
84,111
84,116
84,118
84,123
84,124
84,126
84,127
84,129
84,130
84,131
84,133
84,134
84,135
84,136
84,138
84,144
84,145
84,146
84,152
84,154
84,155
84,160
84,163
84,171
84,172
84,173
84,175
84,182
84,183
84,185
84,186
84,187
84,188
84,189
84,191
84,193
84,196
84,198
84,199
85,86
85,87
85,88
85,89
85,90
85,91
85,92
85,93
85,94
85,95
85,96
85,97
85,98
85,99
86,87
86,88
86,89
86,90
86,91
86,92
86,93
86,94
86,95
86,96
86,97
86,98
86,99
86,100
86,103
86,104
86,105
86,109
86,111
86,116
86,118
86,123
86,124
86,126
86,127
86,129
86,130
86,131
86,133
86,134
86,135
86,136
86,138
86,144
86,145
86,146
86,152
86,154
86,155
86,160
86,163
86,171
86,172
86,173
86,175
86,182
86,183
86,185
86,186
86,187
86,188
86,189
86,191
86,193
86,196
86,198
86,199
87,88
87,89
87,90
87,91
87,92
87,93
87,94
87,95
87,96
87,97
87,98
87,99
87,100
87,103
87,104
87,105
87,109
87,111
87,116
87,118
87,123
87,124
87,126
87,127
87,129
87,130
87,131
87,133
87,134
87,135
87,136
87,138
87,144
87,145
87,146
87,152
87,154
87,155
87,160
87,163
87,171
87,172
87,173
87,175
87,182
87,183
87,185
87,186
87,187
87,188
87,189
87,191
87,193
87,196
87,198
87,199
88,89
88,90
88,91
88,92
88,93
88,94
88,95
88,96
88,97
88,98
88,99
88,100
88,103
88,104
88,105
88,109
88,111
88,116
88,118
88,123
88,124
88,126
88,127
88,129
88,130
88,131
88,133
88,134
88,135
88,136
88,138
88,144
88,145
88,146
88,152
88,154
88,155
88,160
88,163
88,171
88,172
88,173
88,175
88,182
88,183
88,185
88,186
88,187
88,188
88,189
88,191
88,193
88,196
88,198
88,199
89,90
89,91
89,92
89,93
89,94
89,95
89,96
89,97
89,98
89,99
90,91
90,92
90,93
90,94
90,95
90,96
90,97
90,98
90,99
91,92
91,93
91,94
91,95
91,96
91,97
91,98
91,99
91,100
91,103
91,104
91,105
91,109
91,111
91,116
91,118
91,123
91,124
91,126
91,127
91,129
91,130
91,131
91,133
91,134
91,135
91,136
91,138
91,144
91,145
91,146
91,152
91,154
91,155
91,160
91,163
91,171
91,172
91,173
91,175
91,182
91,183
91,185
91,186
91,187
91,188
91,189
91,191
91,193
91,196
91,198
91,199
92,93
92,94
92,95
92,96
92,97
92,98
92,99
93,94
93,95
93,96
93,97
93,98
93,99
94,95
94,96
94,97
94,98
94,99
95,96
95,97
95,98
95,99
96,97
96,98
96,99
96,100
96,103
96,104
96,105
96,109
96,111
96,116
96,118
96,123
96,124
96,126
96,127
96,129
96,130
96,131
96,133
96,134
96,135
96,136
96,138
96,144
96,145
96,146
96,152
96,154
96,155
96,160
96,163
96,171
96,172
96,173
96,175
96,182
96,183
96,185
96,186
96,187
96,188
96,189
96,191
96,193
96,196
96,198
96,199
97,98
97,99
98,99
98,100
98,103
98,104
98,105
98,109
98,111
98,116
98,118
98,123
98,124
98,126
98,127
98,129
98,130
98,131
98,133
98,134
98,135
98,136
98,138
98,144
98,145
98,146
98,152
98,154
98,155
98,160
98,163
98,171
98,172
98,173
98,175
98,182
98,183
98,185
98,186
98,187
98,188
98,189
98,191
98,193
98,196
98,198
98,199
99,100
99,103
99,104
99,105
99,109
99,111
99,116
99,118
99,123
99,124
99,126
99,127
99,129
99,130
99,131
99,133
99,134
99,135
99,136
99,138
99,144
99,145
99,146
99,152
99,154
99,155
99,160
99,163
99,171
99,172
99,173
99,175
99,182
99,183
99,185
99,186
99,187
99,188
99,189
99,191
99,193
99,196
99,198
99,199
100,103
100,104
100,105
100,109
100,111
100,116
100,118
100,123
100,124
100,126
100,127
100,129
100,130
100,131
100,133
100,134
100,135
100,136
100,138
100,144
100,145
100,146
100,152
100,154
100,155
100,160
100,163
100,171
100,172
100,173
100,175
100,182
100,183
100,185
100,186
100,187
100,188
100,189
100,191
100,193
100,196
100,198
100,199
103,104
103,105
103,109
103,111
103,116
103,118
103,123
103,124
103,126
103,127
103,129
103,130
103,131
103,133
103,134
103,135
103,136
103,138
103,144
103,145
103,146
103,152
103,154
103,155
103,160
103,163
103,171
103,172
103,173
103,175
103,182
103,183
103,185
103,186
103,187
103,188
103,189
103,191
103,193
103,196
103,198
103,199
104,105
104,109
104,111
104,116
104,118
104,123
104,124
104,126
104,127
104,129
104,130
104,131
104,133
104,134
104,135
104,136
104,138
104,144
104,145
104,146
104,152
104,154
104,155
104,160
104,163
104,171
104,172
104,173
104,175
104,182
104,183
104,185
104,186
104,187
104,188
104,189
104,191
104,193
104,196
104,198
104,199
105,109
105,111
105,116
105,118
105,123
105,124
105,126
105,127
105,129
105,130
105,131
105,133
105,134
105,135
105,136
105,138
105,144
105,145
105,146
105,152
105,154
105,155
105,160
105,163
105,171
105,172
105,173
105,175
105,182
105,183
105,185
105,186
105,187
105,188
105,189
105,191
105,193
105,196
105,198
105,199
109,111
109,116
109,118
109,123
109,124
109,126
109,127
109,129
109,130
109,131
109,133
109,134
109,135
109,136
109,138
109,144
109,145
109,146
109,152
109,154
109,155
109,160
109,163
109,171
109,172
109,173
109,175
109,182
109,183
109,185
109,186
109,187
109,188
109,189
109,191
109,193
109,196
109,198
109,199
111,116
111,118
111,123
111,124
111,126
111,127
111,129
111,130
111,131
111,133
111,134
111,135
111,136
111,138
111,144
111,145
111,146
111,152
111,154
111,155
111,160
111,163
111,171
111,172
111,173
111,175
111,182
111,183
111,185
111,186
111,187
111,188
111,189
111,191
111,193
111,196
111,198
111,199
116,118
116,123
116,124
116,126
116,127
116,129
116,130
116,131
116,133
116,134
116,135
116,136
116,138
116,144
116,145
116,146
116,152
116,154
116,155
116,160
116,163
116,171
116,172
116,173
116,175
116,182
116,183
116,185
116,186
116,187
116,188
116,189
116,191
116,193
116,196
116,198
116,199
118,123
118,124
118,126
118,127
118,129
118,130
118,131
118,133
118,134
118,135
118,136
118,138
118,144
118,145
118,146
118,152
118,154
118,155
118,160
118,163
118,171
118,172
118,173
118,175
118,182
118,183
118,185
118,186
118,187
118,188
118,189
118,191
118,193
118,196
118,198
118,199
123,124
123,126
123,127
123,129
123,130
123,131
123,133
123,134
123,135
123,136
123,138
123,144
123,145
123,146
123,152
123,154
123,155
123,160
123,163
123,171
123,172
123,173
123,175
123,182
123,183
123,185
123,186
123,187
123,188
123,189
123,191
123,193
123,196
123,198
123,199
124,126
124,127
124,129
124,130
124,131
124,133
124,134
124,135
124,136
124,138
124,144
124,145
124,146
124,152
124,154
124,155
124,160
124,163
124,171
124,172
124,173
124,175
124,182
124,183
124,185
124,186
124,187
124,188
124,189
124,191
124,193
124,196
124,198
124,199
126,127
126,129
126,130
126,131
126,133
126,134
126,135
126,136
126,138
126,144
126,145
126,146
126,152
126,154
126,155
126,160
126,163
126,171
126,172
126,173
126,175
126,182
126,183
126,185
126,186
126,187
126,188
126,189
126,191
126,193
126,196
126,198
126,199
127,129
127,130
127,131
127,133
127,134
127,135
127,136
127,138
127,144
127,145
127,146
127,152
127,154
127,155
127,160
127,163
127,171
127,172
127,173
127,174
127,175
127,178
127,179
127,182
127,183
127,185
127,186
127,187
127,188
127,189
127,191
127,193
127,196
127,198
127,199
128,141
128,142
128,143
128,147
128,148
128,151
128,152
128,154
128,155
128,158
128,159
128,162
128,165
128,167
128,169
128,176
128,177
128,178
128,179
128,181
128,183
128,185
128,194
128,197
129,130
129,131
129,133
129,134
129,135
129,136
129,138
129,142
129,143
129,144
129,145
129,146
129,152
129,154
129,155
129,160
129,163
129,171
129,172
129,173
129,175
129,182
129,183
129,185
129,186
129,187
129,188
129,189
129,191
129,193
129,196
129,198
129,199
130,131
130,133
130,134
130,135
130,136
130,137
130,138
130,142
130,143
130,144
130,145
130,146
130,148
130,150
130,152
130,153
130,154
130,155
130,156
130,158
130,160
130,161
130,162
130,163
130,164
130,165
130,170
130,171
130,172
130,173
130,174
130,175
130,178
130,179
130,182
130,183
130,185
130,186
130,187
130,188
130,189
130,191
130,193
130,196
130,198
130,199
131,133
131,134
131,135
131,136
131,138
131,144
131,145
131,146
131,152
131,154
131,155
131,160
131,163
131,171
131,172
131,173
131,175
131,182
131,183
131,185
131,186
131,187
131,188
131,189
131,191
131,193
131,196
131,198
131,199
132,139
132,140
132,141
132,147
132,151
132,153
132,156
132,157
132,158
132,162
132,164
132,165
132,166
132,169
132,173
132,174
132,177
132,179
132,184
133,134
133,135
133,136
133,138
133,142
133,143
133,144
133,145
133,146
133,147
133,148
133,149
133,151
133,152
133,153
133,154
133,155
133,159
133,160
133,163
133,164
133,165
133,170
133,171
133,172
133,173
133,175
133,177
133,178
133,181
133,182
133,183
133,184
133,185
133,186
133,187
133,188
133,189
133,191
133,193
133,196
133,197
133,198
133,199
134,135
134,136
134,138
134,139
134,140
134,141
134,142
134,144
134,145
134,146
134,148
134,149
134,150
134,151
134,152
134,153
134,154
134,155
134,156
134,159
134,160
134,163
134,164
134,165
134,166
134,169
134,170
134,171
134,172
134,173
134,175
134,177
134,178
134,182
134,183
134,185
134,186
134,187
134,188
134,189
134,191
134,193
134,195
134,196
134,197
134,198
134,199
135,136
135,138
135,144
135,145
135,146
135,151
135,152
135,154
135,155
135,160
135,163
135,171
135,172
135,173
135,175
135,182
135,183
135,185
135,186
135,187
135,188
135,189
135,191
135,193
135,196
135,198
135,199
136,138
136,144
136,145
136,146
136,152
136,154
136,155
136,160
136,163
136,171
136,172
136,173
136,175
136,182
136,183
136,185
136,186
136,187
136,188
136,189
136,191
136,193
136,196
136,198
136,199
137,142
137,143
137,149
137,150
137,151
137,157
137,161
137,164
137,165
137,177
137,178
137,195
138,141
138,143
138,144
138,145
138,146
138,147
138,148
138,150
138,151
138,152
138,153
138,154
138,155
138,158
138,160
138,163
138,164
138,165
138,167
138,168
138,170
138,171
138,172
138,173
138,175
138,176
138,177
138,178
138,179
138,182
138,183
138,185
138,186
138,187
138,188
138,189
138,191
138,193
138,195
138,196
138,197
138,198
138,199
139,140
139,141
139,142
139,143
139,147
139,148
139,149
139,151
139,153
139,154
139,159
139,160
139,165
139,166
139,167
139,170
139,173
139,177
139,178
139,188
139,194
139,195
139,197
140,142
140,143
140,145
141,143
141,151
141,152
141,153
141,156
141,157
141,158
141,159
141,160
141,161
141,169
141,170
141,173
141,176
141,178
141,179
141,183
141,184
141,185
141,188
141,195
141,197
142,145
142,148
142,150
142,151
142,153
142,154
142,155
142,157
142,158
142,159
142,161
142,165
142,168
142,169
142,170
142,176
142,177
142,178
142,179
142,183
142,186
142,195
142,197
143,144
143,145
143,148
143,149
143,150
143,152
143,153
143,155
143,156
143,157
143,158
143,159
143,160
143,161
143,164
143,165
143,167
143,168
143,169
143,170
143,173
143,176
143,177
143,178
143,179
143,181
143,183
143,185
143,186
143,194
143,195
143,197
144,145
144,146
144,148
144,149
144,150
144,151
144,152
144,153
144,154
144,155
144,156
144,157
144,158
144,159
144,160
144,161
144,162
144,163
144,164
144,165
144,167
144,169
144,170
144,171
144,172
144,173
144,175
144,177
144,178
144,181
144,182
144,183
144,185
144,186
144,187
144,188
144,189
144,191
144,193
144,196
144,198
144,199
145,146
145,148
145,149
145,152
145,153
145,154
145,155
145,157
145,158
145,159
145,160
145,161
145,163
145,166
145,167
145,169
145,170
145,171
145,172
145,173
145,175
145,176
145,177
145,179
145,180
145,182
145,183
145,185
145,186
145,187
145,188
145,189
145,191
145,192
145,193
145,196
145,197
145,198
145,199
146,147
146,149
146,151
146,152
146,154
146,155
146,156
146,160
146,162
146,163
146,169
146,170
146,171
146,172
146,173
146,174
146,175
146,177
146,179
146,180
146,181
146,182
146,183
146,185
146,186
146,187
146,188
146,189
146,191
146,192
146,193
146,194
146,195
146,196
146,198
146,199
147,149
147,151
147,160
147,161
147,162
147,164
147,165
147,166
147,168
147,169
147,170
147,174
147,176
147,178
147,180
147,181
147,184
147,185
147,192
147,194
147,195
148,150
148,151
148,152
148,155
148,158
148,159
148,161
148,162
148,163
148,164
148,165
148,168
148,177
148,179
148,180
148,183
148,185
148,189
148,192
148,194
148,195
149,150
149,151
149,152
150,151
150,155
150,156
150,157
150,161
150,162
150,164
150,170
151,152
151,154
151,157
151,158
151,159
151,160
151,161
151,162
151,163
151,164
151,168
151,175
151,180
151,189
151,192
151,194
151,195
152,154
152,155
152,156
152,157
152,160
152,161
152,162
152,163
152,164
152,167
152,168
152,169
152,170
152,171
152,172
152,173
152,175
152,176
152,178
152,179
152,180
152,182
152,183
152,185
152,186
152,187
152,188
152,189
152,191
152,193
152,196
152,197
152,198
152,199
153,154
153,156
153,157
153,158
153,161
153,162
153,163
153,164
154,155
154,156
154,157
154,158
154,159
154,160
154,161
154,162
154,163
154,165
154,166
154,168
154,169
154,170
154,171
154,172
154,173
154,175
154,177
154,179
154,180
154,181
154,182
154,183
154,184
154,185
154,186
154,187
154,188
154,189
154,191
154,193
154,196
154,197
154,198
154,199
155,156
155,157
155,158
155,160
155,162
155,163
155,164
155,165
155,167
155,169
155,170
155,171
155,172
155,173
155,175
155,179
155,180
155,181
155,182
155,183
155,185
155,186
155,187
155,188
155,189
155,190
155,191
155,192
155,193
155,196
155,197
155,198
155,199
156,157
156,159
156,160
156,161
156,162
156,163
156,165
156,166
156,167
156,169
156,174
156,176
156,177
156,178
156,179
156,180
156,181
157,158
157,159
157,160
157,161
157,164
157,165
157,166
157,170
157,172
157,176
157,177
157,179
157,180
157,181
157,197
158,159
158,160
158,161
158,162
158,163
158,164
158,165
158,166
158,167
158,168
158,169
158,170
158,172
158,173
158,174
158,177
158,181
158,182
158,185
158,186
158,190
158,197
159,160
159,161
159,162
159,164
159,167
159,168
159,169
159,170
159,171
159,173
159,174
159,177
159,178
159,179
159,182
159,185
159,189
159,190
159,194
159,197
160,161
160,163
160,164
160,165
160,167
160,168
160,170
160,171
160,172
160,173
160,175
160,177
160,179
160,180
160,182
160,183
160,185
160,186
160,187
160,188
160,189
160,191
160,193
160,195
160,196
160,198
160,199
161,166
161,168
161,169
161,170
161,171
161,172
161,173
161,174
161,176
161,178
161,180
161,181
162,163
162,164
162,168
163,164
163,165
163,167
163,168
163,169
163,171
163,172
163,173
163,174
163,175
163,176
163,177
163,179
163,180
163,182
163,183
163,184
163,185
163,186
163,187
163,188
163,189
163,191
163,193
163,196
163,198
163,199
164,168
164,169
164,173
164,174
164,179
164,185
164,194
164,195
165,167
165,169
165,171
165,172
165,175
165,176
165,177
165,179
165,180
165,186
165,190
165,192
165,194
165,195
165,197
166,169
166,170
166,173
166,174
166,175
166,176
166,177
166,179
167,168
167,170
167,171
167,177
167,179
167,180
167,188
167,193
167,194
167,197
168,170
168,171
168,172
168,173
168,174
168,177
168,178
168,180
168,182
168,184
168,186
168,188
168,189
168,190
168,192
168,193
168,195
168,197
169,170
169,173
169,176
169,177
169,178
169,179
169,180
169,182
169,185
169,186
169,188
169,190
169,192
169,194
169,195
169,197
169,198
170,174
170,176
170,178
170,179
170,180
170,182
170,184
170,186
170,188
170,189
170,190
170,197
170,198
171,172
171,173
171,175
171,176
171,177
171,178
171,179
171,182
171,183
171,185
171,186
171,187
171,188
171,189
171,191
171,192
171,193
171,195
171,196
171,197
171,198
171,199
172,173
172,175
172,179
172,180
172,182
172,183
172,185
172,186
172,187
172,188
172,189
172,191
172,192
172,193
172,194
172,195
172,196
172,197
172,198
172,199
173,175
173,178
173,179
173,180
173,181
173,182
173,183
173,185
173,186
173,187
173,188
173,189
173,191
173,192
173,193
173,194
173,195
173,196
173,197
173,198
173,199
174,176
174,177
174,178
174,181
174,185
174,192
174,194
174,197
174,198
174,199
175,176
175,177
175,178
175,179
175,180
175,181
175,182
175,183
175,184
175,185
175,186
175,187
175,188
175,189
175,191
175,192
175,193
175,194
175,196
175,198
175,199
176,177
176,178
176,179
176,186
176,188
176,189
176,192
176,194
176,195
176,197
176,199
177,180
177,182
177,183
177,184
177,185
177,186
177,187
177,190
177,193
177,194
177,195
177,196
177,197
177,198
178,179
178,180
178,181
178,182
178,183
178,184
178,185
178,188
178,189
178,190
178,192
178,193
178,195
178,196
178,198
178,199
179,180
179,181
179,182
179,187
179,189
179,190
179,193
179,194
179,195
180,181
180,182
180,183
180,184
180,185
180,187
180,188
180,189
180,190
180,191
180,193
180,196
180,197
180,198
180,199
181,182
181,183
181,186
181,187
181,188
181,189
181,191
181,192
181,193
181,194
181,195
181,196
181,197
181,198
182,183
182,185
182,186
182,187
182,188
182,189
182,191
182,193
182,194
182,195
182,196
182,197
182,198
182,199
183,185
183,186
183,187
183,188
183,189
183,191
183,192
183,193
183,194
183,195
183,196
183,197
183,198
183,199
184,185
184,186
184,189
184,191
184,192
184,194
184,196
185,186
185,187
185,188
185,189
185,191
185,192
185,193
185,194
185,195
185,196
185,197
185,198
185,199
186,187
186,188
186,189
186,191
186,193
186,195
186,196
186,197
186,198
186,199
187,188
187,189
187,190
187,191
187,193
187,195
187,196
187,198
187,199
188,189
188,191
188,193
188,194
188,195
188,196
188,198
188,199
189,191
189,193
189,194
189,195
189,196
189,197
189,198
189,199
190,192
190,193
190,194
190,195
190,196
190,197
190,199
191,192
191,193
191,194
191,195
191,196
191,197
191,198
191,199
192,193
192,194
192,195
192,197
192,199
193,194
193,196
193,198
193,199
194,195
194,196
194,197
194,199
195,196
195,197
195,198
195,199
196,198
196,199
197,199
198,199
