0,1
0,2
0,3
0,4
0,5
0,6
0,7
0,8
0,9
0,10
0,11
0,12
0,13
0,14
0,15
0,16
0,17
0,18
0,19
0,30
0,41
0,43
0,45
1,2
1,3
1,4
1,5
1,6
1,7
1,8
1,9
1,10
1,11
1,12
1,13
1,14
1,15
1,16
1,17
1,18
2,3
2,4
2,5
2,6
2,7
2,8
2,9
2,10
2,11
2,12
2,13
2,14
2,15
2,16
2,17
2,18
2,19
2,27
2,29
2,30
2,31
2,33
3,4
3,5
3,6
3,7
3,8
3,9
3,10
3,11
3,12
3,13
3,14
3,15
3,16
3,17
3,18
3,19
3,23
3,25
3,26
3,27
3,29
4,5
4,6
4,7
4,8
4,9
4,10
4,11
4,12
4,13
4,14
4,15
4,16
4,17
4,18
4,19
4,23
4,24
4,25
4,26
4,27
4,28
4,29
4,30
4,31
4,32
4,33
4,34
4,35
4,36
4,37
4,38
4,41
4,42
4,43
4,45
4,46
4,49
4,51
4,52
4,54
4,57
4,59
4,61
4,62
4,64
4,66
4,71
4,75
4,76
4,79
4,80
4,83
4,91
5,6
5,7
5,8
5,9
5,10
5,11
5,12
5,13
5,14
5,15
5,16
5,17
5,18
5,19
5,23
5,24
6,7
6,8
6,9
6,10
6,11
6,12
6,13
6,14
6,15
6,16
6,17
6,18
6,19
6,22
6,23
6,24
6,25
6,26
6,27
6,28
6,29
6,30
6,31
6,32
6,33
6,34
6,35
6,36
6,37
6,38
6,39
6,40
6,41
6,42
6,43
6,45
6,46
6,47
6,49
6,51
6,52
6,54
6,55
6,57
6,58
6,59
7,8
7,9
7,10
7,11
7,12
7,13
7,14
7,15
7,16
7,17
7,18
7,19
7,24
7,26
7,27
7,28
7,29
8,9
8,10
8,11
8,12
8,13
8,14
8,15
8,16
8,17
8,18
8,19
8,22
8,23
8,24
8,25
8,26
8,27
8,28
8,29
8,30
8,31
8,32
8,33
8,34
8,35
8,36
8,37
8,38
8,39
8,40
8,41
9,10
9,11
9,12
9,13
9,14
9,15
9,16
9,17
9,18
9,19
10,11
10,12
10,13
10,14
10,15
10,16
10,17
10,18
10,19
10,22
11,12
11,13
11,14
11,15
11,16
11,17
11,18
11,19
11,22
11,23
11,24
11,25
11,26
11,27
11,28
11,29
11,30
11,31
11,32
11,33
11,34
12,13
12,14
12,15
12,16
12,17
12,18
12,19
13,14
13,15
13,16
13,17
13,18
13,19
13,24
13,25
13,26
13,27
13,28
13,29
13,30
13,31
13,32
13,33
13,34
13,35
13,36
13,37
13,38
13,39
13,40
14,15
14,16
14,17
14,18
14,19
14,21
14,22
14,23
15,16
15,17
15,18
15,19
15,21
15,22
15,23
15,24
15,25
15,26
15,27
15,28
16,17
16,18
16,19
16,21
16,22
16,23
16,24
16,25
16,26
16,27
16,28
16,29
16,30
16,31
16,32
16,33
16,34
16,35
16,36
16,37
16,38
16,39
16,40
16,41
16,42
16,43
16,44
16,45
16,46
16,47
16,48
16,49
16,50
16,51
16,52
17,18
17,19
17,24
17,25
17,26
17,27
17,28
17,29
17,30
17,31
17,32
17,33
17,34
17,35
17,36
17,37
18,19
18,23
18,24
18,25
18,26
18,27
18,31
18,41
18,43
18,62
18,65
18,67
18,80
18,92
18,93
18,94
18,126
18,146
18,153
18,158
18,162
18,166
18,178
18,190
18,198
20,21
20,22
20,23
20,24
20,25
20,26
21,22
21,23
21,24
21,25
21,26
21,27
21,28
21,29
21,30
21,31
22,23
22,24
22,25
22,26
22,27
22,28
22,29
22,30
22,31
22,32
22,33
22,34
22,35
22,36
22,37
22,38
22,39
22,40
22,41
22,42
23,24
24,25
24,26
24,27
24,28
24,29
24,30
24,31
24,32
24,33
24,34
24,35
24,36
24,37
24,38
24,39
24,40
24,41
24,42
24,43
24,44
24,45
24,46
24,47
24,48
24,50
24,51
24,52
24,53
24,54
24,55
24,57
24,58
24,59
24,61
24,62
24,63
25,26
25,27
25,28
25,29
25,30
25,31
25,32
25,33
25,34
25,35
25,36
25,37
25,38
25,39
25,40
25,41
25,42
25,43
25,44
25,45
25,46
25,47
25,49
25,50
25,51
25,52
25,53
26,27
26,28
26,29
26,30
26,31
26,32
26,33
26,34
26,35
27,28
27,29
27,30
27,31
27,32
27,33
27,34
27,35
27,36
27,37
27,38
27,39
27,40
27,41
27,42
27,43
27,44
27,45
27,46
27,47
27,48
27,49
27,50
27,51
27,52
27,53
27,54
27,55
27,57
27,58
27,59
27,60
27,61
27,62
27,63
27,64
27,66
27,73
27,74
28,29
28,30
28,31
28,32
28,33
29,30
29,31
29,32
29,33
29,34
29,35
29,36
29,37
29,39
29,40
29,41
29,42
29,43
29,44
29,45
29,46
29,47
29,48
29,49
29,50
29,51
29,52
29,53
29,54
29,55
29,56
29,57
29,58
29,59
29,60
29,61
29,62
29,63
29,64
29,65
29,66
29,67
29,68
29,70
29,71
29,72
29,73
29,74
29,75
29,79
29,80
29,81
29,82
29,83
29,84
29,85
29,86
29,89
30,31
30,32
30,33
30,34
30,35
30,36
30,38
30,39
30,40
30,41
30,42
30,43
30,44
30,45
30,46
30,47
30,48
30,49
30,50
30,51
30,53
30,54
30,55
30,56
30,57
30,58
30,59
30,60
30,61
30,62
30,63
30,64
30,65
30,66
30,67
30,68
30,69
30,70
30,71
30,72
30,73
30,74
30,75
30,76
30,77
30,78
30,79
30,80
30,81
30,82
30,83
30,84
31,32
31,34
31,35
31,36
31,37
31,38
31,39
31,40
31,41
31,42
31,43
31,44
31,45
31,46
31,47
31,48
31,49
31,50
31,51
31,52
31,53
31,54
31,55
31,56
31,57
31,58
31,59
31,60
31,61
31,62
31,63
31,64
31,65
31,66
31,67
31,68
31,69
31,70
31,71
31,72
31,73
31,74
31,75
31,76
31,77
31,78
31,79
31,80
31,81
31,82
31,83
31,84
31,85
31,86
31,87
31,88
31,89
31,91
31,92
31,93
31,94
31,96
31,98
31,101
31,102
31,103
31,106
31,107
31,112
31,126
31,146
31,153
31,158
31,162
31,166
31,178
31,190
31,198
33,34
33,35
33,36
33,37
33,38
33,39
33,40
33,41
33,42
33,43
33,44
33,45
33,46
33,47
33,48
33,49
33,50
33,51
33,52
33,53
33,54
34,36
34,37
34,38
34,39
34,40
34,41
34,43
35,36
35,37
35,38
35,39
35,40
35,41
35,43
35,44
35,45
35,46
36,37
36,38
37,38
37,39
37,40
37,41
37,42
37,43
37,44
37,45
37,46
37,47
37,48
37,50
37,51
37,52
37,53
37,54
37,55
37,56
37,57
38,39
39,40
39,41
39,42
39,43
39,44
39,45
39,46
39,47
39,48
39,49
39,50
39,51
39,52
39,53
39,54
39,55
39,56
39,57
39,58
39,59
39,60
39,61
39,62
39,64
39,65
39,66
39,67
40,41
40,42
40,43
40,44
40,45
40,46
40,47
40,48
41,42
41,43
41,44
41,45
41,46
41,47
41,48
41,62
41,65
41,67
41,80
41,92
41,93
41,94
41,126
41,146
41,153
41,158
41,162
41,166
41,178
41,190
41,198
42,44
43,44
43,45
43,46
43,47
43,48
43,49
43,50
43,51
43,62
43,65
43,67
43,80
43,92
43,93
43,94
43,126
43,146
43,153
43,158
43,162
43,166
43,178
43,190
43,198
44,45
45,46
45,47
46,47
46,48
46,49
46,50
47,48
47,49
47,50
47,51
47,52
47,53
47,54
47,56
47,58
47,59
47,60
47,61
47,62
47,63
47,64
47,65
47,66
47,67
47,68
47,69
47,70
47,71
48,49
48,50
48,51
48,52
48,53
48,54
48,55
48,56
48,57
48,58
48,59
48,60
48,61
49,50
49,51
49,52
49,53
49,54
49,55
49,56
50,51
50,52
50,53
50,54
50,55
50,56
50,57
50,58
50,59
50,60
50,61
50,62
50,63
50,64
50,65
50,66
50,67
50,68
50,69
50,70
50,71
50,72
50,73
50,74
50,75
50,76
50,78
50,79
50,81
50,82
50,84
50,85
50,86
50,89
50,90
50,96
50,98
50,99
50,100
50,101
50,102
50,103
50,104
50,106
50,107
50,110
51,52
51,53
51,54
51,55
51,56
51,57
51,58
51,59
51,60
51,61
51,62
51,63
51,64
51,65
51,66
51,67
51,68
51,69
51,70
51,71
51,72
51,73
51,74
51,75
51,76
51,77
51,78
51,79
51,80
51,81
51,82
51,83
51,84
51,85
51,86
51,87
52,53
52,54
52,55
53,54
53,55
53,56
53,57
53,58
53,59
53,60
54,55
54,56
54,57
54,58
54,59
54,60
54,61
54,62
54,63
54,64
54,65
54,66
54,67
54,68
54,69
54,70
54,71
54,72
54,73
55,56
55,57
55,58
55,59
55,60
55,62
55,63
55,64
55,65
55,66
55,67
55,68
55,69
55,70
55,71
55,72
55,73
55,74
55,75
55,76
55,77
55,79
55,80
55,81
55,82
55,83
55,84
55,85
56,57
56,58
56,59
56,60
56,61
56,62
56,63
56,64
56,65
56,66
56,67
56,68
56,69
56,70
56,71
56,72
56,73
56,74
56,75
56,76
56,78
56,79
56,80
56,81
56,82
56,83
56,84
56,85
56,86
56,87
56,88
56,89
56,90
56,91
56,92
56,96
57,58
58,59
58,60
58,61
58,62
58,63
58,64
58,65
58,66
58,67
58,68
58,69
58,70
58,71
58,72
58,73
58,74
58,75
58,76
58,77
58,78
58,79
58,80
58,81
58,82
58,83
58,84
58,85
58,86
58,87
58,88
58,89
58,90
58,91
58,92
58,93
58,94
59,60
59,61
59,62
59,63
59,64
59,65
59,66
59,67
59,68
60,61
60,62
60,63
60,64
60,65
61,62
61,63
61,64
62,63
62,64
62,65
62,67
62,68
62,69
62,70
62,71
62,72
62,73
62,74
62,75
62,76
62,77
62,78
62,80
62,92
62,93
62,94
62,126
62,146
62,153
62,158
62,162
62,166
62,178
62,190
62,198
63,64
63,65
63,66
63,67
63,68
63,69
64,65
64,66
64,67
64,68
64,69
64,70
64,71
65,66
65,67
65,80
65,92
65,93
65,94
65,126
65,146
65,153
65,158
65,162
65,166
65,178
65,190
65,198
66,67
66,68
66,69
66,70
67,68
67,69
67,70
67,71
67,72
67,73
67,74
67,76
67,77
67,78
67,79
67,80
67,81
67,82
67,83
67,92
67,93
67,94
67,126
67,146
67,153
67,158
67,162
67,166
67,178
67,190
67,198
68,69
68,70
68,71
68,72
68,73
68,74
68,75
68,76
68,77
68,78
68,79
68,81
69,70
69,71
69,72
69,73
69,74
69,75
69,76
69,77
69,78
69,79
69,80
69,81
69,82
69,83
69,84
69,85
69,86
69,88
69,89
70,71
70,72
70,73
70,74
70,75
71,72
71,73
71,74
71,75
71,76
71,78
71,79
71,80
71,81
71,82
71,83
71,84
71,85
71,86
71,87
71,88
71,89
71,90
71,91
71,92
71,93
71,94
71,95
71,96
71,98
71,99
71,100
71,101
71,102
71,104
71,105
71,106
71,107
71,110
71,111
71,112
71,114
71,115
71,122
71,129
71,130
71,131
71,132
71,137
71,141
71,144
72,73
72,75
72,76
73,74
73,75
73,76
73,77
73,78
73,79
74,75
74,76
74,77
74,78
74,79
74,80
74,81
74,82
74,83
74,84
74,85
74,86
74,87
74,88
74,89
74,90
74,91
74,93
74,94
74,95
74,96
74,98
74,99
74,100
74,101
74,102
74,103
74,104
74,105
74,107
74,110
75,77
76,77
76,78
76,79
76,80
76,81
76,82
76,83
76,84
76,85
76,86
77,78
77,79
77,80
77,81
77,82
77,83
77,84
77,85
77,86
77,87
77,88
77,89
77,90
77,91
77,92
77,93
78,79
78,80
78,81
78,82
78,83
78,84
78,85
78,86
78,87
78,88
78,89
78,90
78,91
78,92
78,93
78,94
78,95
78,97
78,98
78,99
78,100
78,101
78,102
78,103
78,104
78,105
78,106
78,107
78,108
78,109
78,110
78,111
78,112
78,113
78,114
78,115
78,116
78,119
78,122
78,123
79,80
79,81
79,82
79,83
79,84
79,86
79,87
79,88
79,89
79,90
79,91
79,92
79,93
79,94
79,95
79,96
79,97
79,98
79,99
79,100
79,101
79,102
79,103
79,104
79,105
79,106
80,92
80,93
80,94
80,126
80,146
80,153
80,158
80,162
80,166
80,178
80,190
80,198
81,82
81,83
81,84
81,85
81,86
81,87
81,88
81,89
81,90
81,91
81,92
83,84
83,85
83,86
83,87
83,88
84,85
84,86
84,87
84,88
84,89
84,90
84,91
84,92
84,93
84,94
84,95
84,96
84,97
84,98
84,99
84,100
84,101
84,102
85,86
85,87
85,88
85,89
85,90
85,91
85,92
85,93
85,94
85,95
85,96
85,97
85,98
85,99
85,100
85,102
85,103
85,104
85,105
86,87
86,88
86,89
86,90
86,91
86,92
86,94
86,95
86,96
86,97
86,98
86,99
86,100
86,101
86,102
86,103
86,104
86,105
86,106
86,107
86,108
87,88
87,89
87,90
87,91
87,92
87,93
87,94
87,95
87,96
87,98
87,99
87,100
87,101
87,102
87,103
87,104
87,105
87,106
87,107
87,108
87,109
87,110
87,111
87,112
87,113
87,114
88,89
88,90
88,91
88,92
88,93
88,94
88,95
88,96
88,97
88,98
88,99
89,90
89,91
89,92
89,93
89,94
89,95
89,96
89,97
89,98
89,99
89,100
89,101
89,102
89,103
90,91
90,92
90,93
90,94
90,95
90,96
90,97
90,98
90,99
90,100
90,101
90,102
90,103
90,104
91,92
91,93
91,94
91,95
91,96
91,97
91,98
91,99
91,100
91,101
91,102
91,103
91,104
91,105
91,106
91,107
91,108
91,109
91,110
91,111
91,112
91,113
91,114
91,115
91,116
91,117
91,119
91,120
91,121
91,123
91,124
91,125
91,129
91,130
91,131
91,132
91,134
91,137
91,138
91,139
91,141
91,142
91,148
91,150
91,158
92,93
92,94
92,96
92,97
92,126
92,146
92,153
92,158
92,162
92,166
92,178
92,190
92,198
93,94
93,95
93,96
93,97
93,98
93,126
93,146
93,153
93,158
93,162
93,166
93,178
93,190
93,198
94,95
94,126
94,146
94,153
94,158
94,162
94,166
94,178
94,190
94,198
95,96
95,97
95,98
95,99
95,100
96,97
96,98
96,99
96,100
96,101
96,102
96,103
96,104
96,105
96,106
96,107
96,108
96,109
96,110
96,111
96,112
96,113
96,114
96,116
97,98
97,99
97,100
97,101
98,99
98,100
98,101
98,102
98,103
98,104
98,105
98,106
98,107
99,100
99,101
99,102
99,103
99,104
99,105
99,106
99,107
99,108
99,109
99,110
99,111
99,112
99,113
99,114
99,115
99,116
99,117
99,119
99,120
99,121
99,122
99,123
99,125
99,126
99,129
99,131
99,132
99,133
99,134
99,135
99,136
99,137
99,138
99,141
100,101
100,102
100,103
100,104
100,105
100,106
100,107
100,108
100,109
100,110
100,111
100,112
100,113
101,102
101,103
101,104
101,105
101,106
101,107
101,108
101,109
101,110
101,111
101,112
101,113
101,114
101,115
101,116
101,117
101,118
101,119
101,120
101,121
101,122
101,123
101,124
101,125
101,126
101,129
101,130
102,103
102,104
102,105
102,106
102,107
102,108
102,109
102,110
102,111
102,112
102,113
102,114
102,115
102,116
102,117
102,118
102,119
102,120
102,121
102,122
102,123
102,124
102,125
102,126
102,127
102,128
102,129
102,130
102,131
102,132
102,133
102,134
102,135
102,136
102,137
102,138
103,104
103,105
103,106
103,107
103,108
103,109
103,110
103,111
103,112
103,113
103,114
103,115
103,116
103,117
103,118
103,119
104,105
104,106
104,107
104,108
104,109
104,110
104,111
104,112
104,113
104,114
104,115
104,116
104,117
104,118
104,119
104,120
104,121
104,122
104,123
104,124
104,125
104,126
104,127
104,128
104,129
104,130
104,131
104,132
104,133
105,106
105,107
105,108
105,109
106,107
106,108
106,109
106,110
106,111
106,112
106,113
106,114
106,115
106,116
106,117
107,108
107,109
107,110
107,111
107,112
107,113
107,114
107,115
107,116
107,117
107,118
107,119
107,120
107,121
107,122
107,123
107,124
107,125
107,126
107,127
107,128
107,129
107,130
107,131
107,132
107,133
107,134
107,135
107,136
107,137
107,138
107,139
107,140
107,141
107,142
108,109
108,110
108,111
108,112
108,113
108,114
108,115
108,116
108,117
108,118
108,119
108,120
108,121
108,122
108,123
108,124
108,125
108,126
109,110
109,111
109,112
110,111
110,112
110,113
110,114
110,115
110,116
110,117
110,118
110,119
110,120
110,121
110,122
110,123
110,124
110,125
110,126
110,127
110,128
111,112
111,113
111,114
111,115
111,116
111,117
111,118
111,119
111,120
111,121
112,113
112,114
112,115
112,116
112,117
112,118
112,119
112,120
113,114
113,115
113,116
113,117
113,118
114,115
114,116
114,117
114,118
114,119
114,120
114,121
114,122
114,123
114,124
114,125
114,126
114,127
114,128
114,129
114,130
114,131
114,132
114,133
114,134
114,135
114,136
114,137
114,138
114,139
114,140
114,141
114,142
114,144
114,146
114,147
114,148
114,150
114,154
114,167
115,116
115,117
115,118
115,119
115,120
115,121
115,122
115,123
115,124
115,125
115,126
115,127
115,128
115,129
115,130
115,131
115,132
115,133
115,134
115,135
115,136
115,137
115,138
115,139
115,140
115,141
115,142
115,143
116,117
116,118
116,119
116,120
116,121
116,122
116,123
116,125
116,126
116,127
116,128
116,129
116,130
116,131
116,132
116,133
116,134
116,135
117,118
117,119
117,120
117,121
117,122
117,123
117,124
117,125
117,126
117,127
117,128
117,129
117,130
117,131
117,132
117,133
117,134
117,135
117,136
117,137
117,138
117,139
117,140
117,141
117,142
117,143
117,144
117,145
118,119
118,120
118,121
118,122
118,123
118,124
118,125
118,126
118,127
118,128
118,129
118,130
118,131
118,132
118,133
118,134
118,135
118,136
118,138
118,139
118,140
118,141
118,142
118,143
118,144
118,145
118,146
118,147
118,148
118,149
118,150
118,151
118,152
118,154
118,156
118,157
118,158
118,160
118,163
118,164
118,165
118,167
118,168
118,169
119,120
119,121
119,122
119,123
119,124
119,125
119,126
119,127
119,129
119,130
119,131
119,132
119,133
119,134
119,135
119,136
119,137
119,138
119,139
119,140
120,121
120,122
120,123
120,124
121,122
122,123
122,124
122,125
123,124
123,125
123,126
123,127
123,128
123,129
123,130
123,131
123,132
123,133
123,134
123,135
123,136
123,137
123,138
123,139
123,140
123,141
123,142
123,143
123,144
123,146
123,147
123,148
123,149
123,150
123,152
123,154
123,156
123,157
123,158
123,160
123,163
123,164
123,165
123,167
123,168
123,169
123,172
123,173
123,178
123,184
123,185
123,188
123,191
123,192
124,125
124,126
124,127
124,129
124,130
124,131
124,132
124,134
124,135
124,136
124,137
125,126
125,127
125,128
125,129
125,130
125,131
125,132
125,133
125,134
125,135
125,136
125,137
125,138
125,139
125,140
125,141
125,142
125,143
125,144
125,145
125,146
125,147
125,148
125,149
125,150
125,151
125,152
125,154
125,155
125,156
125,157
125,158
126,127
126,146
126,153
126,158
126,162
126,166
126,178
126,190
126,198
127,128
127,129
127,131
128,129
129,130
129,131
129,132
129,133
129,134
129,135
129,136
129,137
129,138
129,140
129,141
129,142
129,143
129,144
129,145
129,146
129,147
129,148
129,149
129,150
129,151
129,152
129,154
129,155
129,156
129,157
129,158
129,160
129,162
129,163
129,164
129,165
129,167
129,168
129,169
129,170
129,172
129,173
129,176
129,178
129,179
129,180
129,184
129,185
129,188
129,189
129,190
129,191
129,192
129,197
129,198
130,131
130,132
130,133
130,134
130,135
130,137
130,138
130,139
130,140
130,141
130,142
130,143
130,144
130,145
130,146
130,147
130,148
130,149
130,151
130,152
130,154
130,155
130,156
130,157
130,158
130,159
130,160
130,162
130,163
130,164
131,132
131,133
131,134
131,135
131,136
133,134
134,135
134,136
134,137
134,138
134,139
134,140
134,141
134,142
134,143
134,144
134,145
134,146
134,147
134,148
134,149
134,150
134,151
134,152
134,153
134,154
134,155
134,156
134,157
134,158
134,159
134,160
134,161
134,162
134,163
135,136
135,137
135,138
135,139
135,140
135,141
135,142
135,143
135,144
135,145
135,146
136,137
136,138
136,139
136,140
136,141
136,142
136,143
136,144
136,145
136,146
136,147
136,148
136,149
136,150
136,151
136,152
136,153
136,154
136,155
136,156
137,138
137,139
137,140
137,141
137,142
137,143
137,144
138,139
139,140
139,141
139,142
139,143
139,145
139,146
139,147
139,148
139,149
139,150
139,151
139,152
139,153
139,154
139,155
139,156
140,141
140,142
140,143
140,144
140,145
140,146
140,147
141,143
141,144
141,145
141,146
141,147
141,148
141,149
141,150
141,151
141,152
141,153
141,154
141,155
141,156
141,157
141,158
141,159
141,161
141,162
141,163
141,164
141,165
141,166
141,168
141,170
141,171
141,172
141,173
141,176
141,177
141,178
141,179
141,180
141,182
141,183
141,184
141,185
141,187
141,188
141,189
142,143
142,144
142,145
142,146
142,147
142,148
142,149
142,150
142,151
142,152
142,153
142,154
142,155
142,156
142,157
142,158
142,159
142,160
142,161
142,162
142,163
142,164
142,165
142,166
142,167
142,168
142,169
142,170
142,171
142,172
142,173
142,174
142,175
142,176
142,177
142,178
142,179
142,180
142,181
142,182
142,183
142,184
142,185
142,186
142,187
142,188
142,189
142,190
142,191
142,192
142,193
142,194
142,195
142,196
142,197
142,198
142,199
143,144
143,145
143,146
143,147
143,148
143,149
143,150
143,151
144,145
144,146
144,147
144,148
144,149
144,150
144,151
144,152
144,153
144,154
144,155
144,156
144,158
144,159
144,160
144,161
144,162
144,163
144,164
144,165
144,166
144,167
144,168
144,169
144,170
144,171
145,146
145,147
145,148
145,149
145,150
146,147
146,148
146,149
146,150
146,151
146,152
146,153
146,154
146,155
146,156
146,157
146,158
146,159
146,160
146,161
146,162
146,163
146,164
146,165
146,166
146,167
146,168
146,170
146,171
146,172
146,173
146,174
146,175
146,176
146,177
146,178
146,179
146,180
146,181
146,182
146,183
146,184
146,185
146,186
146,187
146,190
146,198
147,148
147,149
148,149
148,150
148,151
148,152
148,153
148,154
148,155
148,156
148,157
148,158
148,159
148,160
148,161
148,162
148,163
148,164
148,165
148,167
148,168
148,169
148,170
148,171
148,172
148,173
148,174
148,175
148,176
148,177
148,178
148,179
148,180
148,181
148,182
148,183
148,184
148,185
148,186
148,187
148,188
148,189
148,190
148,191
148,192
148,193
148,194
148,195
148,196
148,197
148,198
149,150
149,151
149,152
149,153
149,154
149,155
149,156
149,157
149,158
149,159
149,160
149,161
149,162
150,151
150,152
151,152
151,153
151,154
152,153
153,154
153,158
153,162
153,166
153,178
153,190
153,198
154,155
154,156
154,157
154,158
154,159
154,160
154,161
154,162
154,163
154,164
154,165
154,166
154,167
154,168
154,169
154,170
154,171
154,172
154,173
154,174
154,175
154,176
154,177
154,178
154,180
154,181
155,156
155,157
155,158
155,159
155,160
155,161
155,162
155,163
155,164
155,165
155,166
155,167
155,168
155,169
155,170
155,171
155,172
155,173
155,174
155,175
155,176
155,177
155,178
155,179
155,180
155,181
155,182
155,183
155,184
156,157
156,158
156,159
156,160
156,163
156,164
156,165
156,166
156,167
156,168
156,169
156,170
156,171
156,172
156,173
156,174
156,175
156,176
156,177
156,178
156,179
156,180
156,181
156,182
156,183
157,158
157,159
157,160
157,161
158,159
158,160
158,161
158,162
158,163
158,164
158,165
158,166
158,178
158,190
158,198
159,160
160,161
160,162
160,163
160,164
160,165
160,166
160,168
160,169
160,170
160,171
160,172
161,162
161,163
161,164
161,165
161,166
161,167
162,164
162,165
162,166
162,167
162,168
162,169
162,170
162,171
162,172
162,173
162,174
162,178
162,190
162,198
163,164
163,165
163,166
163,167
163,168
163,169
163,170
163,171
163,172
163,173
163,174
163,175
163,176
163,177
163,178
163,179
163,181
163,182
163,183
163,185
163,186
163,188
163,189
163,192
163,193
163,194
163,195
163,196
163,197
163,198
163,199
164,165
164,166
165,166
165,167
165,168
165,169
165,170
165,171
165,172
165,173
165,174
165,175
165,176
165,177
165,178
165,179
165,180
165,181
165,182
165,183
165,184
165,185
165,186
165,187
165,188
165,189
165,190
165,191
165,192
165,193
165,194
165,195
165,196
165,197
165,198
165,199
166,167
166,168
166,169
166,170
166,171
166,173
166,174
166,175
166,176
166,177
166,178
166,179
166,180
166,181
166,182
166,183
166,184
166,185
166,186
166,187
166,188
166,189
166,190
166,191
166,192
166,193
166,194
166,195
166,196
166,198
167,168
167,169
168,169
168,170
168,171
168,172
168,173
168,174
168,175
168,176
169,170
169,171
169,172
169,173
169,174
169,175
170,171
170,172
170,173
171,172
171,173
171,174
171,175
171,176
171,177
172,173
172,174
172,175
172,176
172,177
172,178
173,174
173,175
173,176
173,178
174,175
174,176
174,177
174,178
174,179
174,180
175,176
175,177
175,178
175,179
175,180
175,181
175,182
175,183
175,184
175,185
175,186
175,187
175,188
176,177
176,178
176,179
176,180
176,181
176,182
177,178
177,179
177,180
177,181
177,182
177,183
177,184
177,185
177,186
178,179
178,180
178,181
178,182
178,183
178,184
178,185
178,186
178,187
178,188
178,189
178,190
178,191
178,192
178,193
178,194
178,198
179,180
179,181
179,182
179,183
179,184
179,185
179,186
179,187
179,188
179,189
179,190
179,191
179,192
179,193
179,194
179,195
179,196
179,197
179,198
179,199
180,181
180,182
180,183
180,184
180,185
180,186
180,187
180,188
180,189
180,190
180,191
180,192
180,193
180,194
180,195
180,196
180,197
180,198
180,199
181,182
181,183
181,184
181,185
181,186
181,187
181,188
181,189
181,190
181,191
181,192
181,193
181,194
181,195
181,197
181,198
181,199
182,183
182,184
182,185
182,186
182,187
182,188
182,189
182,190
182,191
182,192
182,193
182,194
182,195
182,196
182,197
182,198
182,199
183,184
183,185
183,186
183,187
183,188
183,189
183,190
184,185
185,186
185,187
185,188
185,189
185,190
185,191
185,192
185,193
185,194
185,195
185,196
185,197
185,198
185,199
186,188
186,189
186,190
186,191
186,192
186,193
187,188
187,189
187,190
187,191
187,192
187,194
187,195
188,189
188,190
188,191
188,192
188,193
188,194
188,195
188,196
188,197
188,198
188,199
189,190
189,191
189,192
189,193
189,194
189,195
189,196
189,197
189,198
189,199
190,191
190,198
191,192
191,193
191,194
191,195
191,196
191,197
191,198
192,193
192,194
192,195
192,196
192,197
192,198
192,199
193,194
193,195
193,196
193,197
193,198
193,199
194,195
194,196
194,197
195,196
195,197
195,198
195,199
196,197
196,198
196,199
197,198
197,199
198,199
