0,1
0,2
0,3
0,4
0,5
0,6
0,7
0,8
0,9
0,10
0,11
0,12
0,13
0,14
0,15
0,16
0,17
0,18
0,19
0,20
0,21
0,22
0,23
0,24
0,25
0,26
0,27
0,28
0,29
0,30
0,31
0,32
0,33
0,34
0,35
0,36
0,37
0,38
0,39
0,40
0,41
0,42
0,43
0,48
0,58
0,66
0,68
0,75
0,76
0,77
0,79
0,82
0,87
0,94
0,97
0,99
0,100
0,102
0,103
0,106
0,112
0,117
0,119
0,127
0,129
0,131
0,159
0,163
0,164
0,168
0,175
0,176
0,179
0,188
0,193
0,194
0,196
1,2
1,3
1,4
1,5
1,6
1,7
1,8
1,9
1,10
1,11
1,12
1,13
1,14
1,15
1,16
1,17
1,18
1,19
1,20
1,21
1,22
1,23
1,24
1,25
1,26
1,27
1,28
1,29
1,30
1,31
1,32
1,33
1,34
1,35
1,36
1,37
1,38
1,39
1,40
1,41
1,42
1,43
1,48
1,58
1,66
1,68
1,75
1,82
1,94
1,97
1,99
1,100
1,102
1,103
1,106
1,112
1,117
1,119
1,127
1,129
1,131
1,159
1,163
1,164
1,168
1,175
1,176
1,179
1,188
1,193
1,194
1,196
2,3
2,4
2,5
2,6
2,7
2,8
2,9
2,10
2,11
2,12
2,13
2,14
2,15
2,16
2,17
2,18
2,19
2,20
2,21
2,22
2,23
2,24
2,25
2,26
2,27
2,28
2,29
2,30
2,31
2,32
2,33
2,34
2,35
2,36
2,37
2,38
2,39
2,40
2,41
2,42
3,4
3,5
3,6
3,7
3,8
3,9
3,10
3,11
3,12
3,13
3,14
3,15
3,16
3,17
3,18
3,19
3,20
3,21
3,22
3,23
3,24
3,25
3,26
3,27
3,28
3,29
3,30
3,31
3,32
3,33
3,34
3,35
3,36
3,37
3,38
3,39
3,40
3,41
3,42
3,43
3,48
3,58
3,66
3,68
3,75
3,82
3,94
3,97
3,99
3,100
3,102
3,103
3,106
3,112
3,117
3,119
3,127
3,129
3,131
3,159
3,163
3,164
3,168
3,175
3,176
3,179
3,188
3,193
3,194
3,196
4,5
4,6
4,7
4,8
4,9
4,10
4,11
4,12
4,13
4,14
4,15
4,16
4,17
4,18
4,19
4,20
4,21
4,22
4,23
4,24
4,25
4,26
4,27
4,28
4,29
4,30
4,31
4,32
4,33
4,34
4,35
4,36
4,37
4,38
4,39
4,40
4,41
4,42
4,87
4,92
5,6
5,7
5,8
5,9
5,10
5,11
5,12
5,13
5,14
5,15
5,16
5,17
5,18
5,19
5,20
5,21
5,22
5,23
5,24
5,25
5,26
5,27
5,28
5,29
5,30
5,31
5,32
5,33
5,34
5,35
5,36
5,37
5,38
5,39
5,40
5,41
5,42
5,43
5,48
5,58
5,66
5,68
5,75
5,82
5,94
5,97
5,99
5,100
5,102
5,103
5,106
5,112
5,117
5,119
5,127
5,129
5,131
5,159
5,163
5,164
5,168
5,175
5,176
5,179
5,188
5,193
5,194
5,196
6,7
6,8
6,9
6,10
6,11
6,12
6,13
6,14
6,15
6,16
6,17
6,18
6,19
6,20
6,21
6,22
6,23
6,24
6,25
6,26
6,27
6,28
6,29
6,30
6,31
6,32
6,33
6,34
6,35
6,36
6,37
6,38
6,39
6,40
6,41
6,42
7,8
7,9
7,10
7,11
7,12
7,13
7,14
7,15
7,16
7,17
7,18
7,19
7,20
7,21
7,22
7,23
7,24
7,25
7,26
7,27
7,28
7,29
7,30
7,31
7,32
7,33
7,34
7,35
7,36
7,37
7,38
7,39
7,40
7,41
7,42
8,9
8,10
8,11
8,12
8,13
8,14
8,15
8,16
8,17
8,18
8,19
8,20
8,21
8,22
8,23
8,24
8,25
8,26
8,27
8,28
8,29
8,30
8,31
8,32
8,33
8,34
8,35
8,36
8,37
8,38
8,39
8,40
8,41
8,42
8,83
8,86
8,87
8,91
8,92
8,103
8,115
8,130
9,10
9,11
9,12
9,13
9,14
9,15
9,16
9,17
9,18
9,19
9,20
9,21
9,22
9,23
9,24
9,25
9,26
9,27
9,28
9,29
9,30
9,31
9,32
9,33
9,34
9,35
9,36
9,37
9,38
9,39
9,40
9,41
9,42
9,43
9,48
9,51
9,53
9,56
9,58
9,66
9,67
9,68
9,72
9,74
9,75
9,76
9,77
9,79
9,80
9,82
9,83
9,85
9,86
9,87
9,91
9,92
9,94
9,97
9,99
9,100
9,102
9,103
9,104
9,106
9,107
9,112
9,114
9,115
9,117
9,118
9,119
9,124
9,127
9,129
9,130
9,131
9,151
9,153
9,156
9,158
9,159
9,163
9,164
9,165
9,166
9,168
9,172
9,173
9,174
9,175
9,176
9,179
9,181
9,184
9,186
9,187
9,188
9,192
9,193
9,194
9,196
9,199
10,11
10,12
10,13
10,14
10,15
10,16
10,17
10,18
10,19
10,20
10,21
10,22
10,23
10,24
10,25
10,26
10,27
10,28
10,29
10,30
10,31
10,32
10,33
10,34
10,35
10,36
10,37
10,38
10,39
10,40
10,41
10,43
10,48
10,58
10,66
10,68
10,75
10,82
10,94
10,97
10,99
10,100
10,102
10,103
10,106
10,112
10,117
10,119
10,127
10,129
10,131
10,159
10,163
10,164
10,168
10,175
10,176
10,179
10,188
10,193
10,194
10,196
11,12
11,13
11,14
11,15
11,16
11,17
11,18
11,19
11,20
11,21
11,22
11,23
11,24
11,25
11,26
11,27
11,28
11,29
11,30
11,31
11,32
11,33
11,34
11,35
11,36
11,37
11,38
11,39
11,40
11,41
11,42
11,68
11,70
11,71
11,72
11,73
11,74
12,13
12,14
12,15
12,16
12,17
12,18
12,19
12,20
12,21
12,22
12,23
12,24
12,25
12,26
12,27
12,28
12,29
12,30
12,31
12,32
12,33
12,34
12,35
12,36
12,37
12,38
12,39
12,40
12,41
12,42
13,14
13,15
13,16
13,17
13,18
13,19
13,20
13,21
13,22
13,23
13,24
13,25
13,26
13,27
13,28
13,29
13,30
13,31
13,32
13,33
13,34
13,35
13,36
13,37
13,38
13,39
13,40
13,41
13,42
14,15
14,16
14,17
14,18
14,19
14,20
14,21
14,22
14,23
14,24
14,25
14,26
14,27
14,28
14,29
14,30
14,31
14,32
14,33
14,34
14,35
14,36
14,37
14,38
14,39
14,40
14,41
14,42
14,62
14,63
14,65
14,68
14,69
14,70
14,71
15,16
15,17
15,18
15,19
15,20
15,21
15,22
15,23
15,24
15,25
15,26
15,27
15,28
15,29
15,30
15,31
15,32
15,33
15,34
15,35
15,36
15,37
15,38
15,39
15,40
15,41
15,42
16,17
16,18
16,19
16,20
16,21
16,22
16,23
16,24
16,25
16,26
16,27
16,28
16,29
16,30
16,31
16,32
16,33
16,34
16,35
16,36
16,37
16,38
16,39
16,40
16,41
16,42
16,43
16,48
16,58
16,66
16,68
16,75
16,82
16,94
16,97
16,99
16,100
16,102
16,103
16,106
16,112
16,117
16,119
16,127
16,129
16,131
16,159
16,163
16,164
16,168
16,175
16,176
16,179
16,188
16,193
16,194
16,196
17,18
17,19
17,20
17,21
17,22
17,23
17,24
17,25
17,26
17,27
17,28
17,29
17,30
17,31
17,32
17,33
17,34
17,35
17,36
17,37
17,38
17,39
17,40
17,41
17,42
17,62
17,63
17,64
17,66
17,69
17,70
17,71
17,72
17,73
17,76
17,77
17,80
18,19
18,20
18,21
18,22
18,23
18,24
18,25
18,26
18,27
18,28
18,29
18,30
18,31
18,32
18,33
18,34
18,35
18,36
18,37
18,38
18,39
18,40
18,41
18,42
18,46
18,49
18,50
18,51
18,53
18,54
18,55
18,56
18,57
18,58
19,20
19,21
19,22
19,23
19,24
19,25
19,26
19,27
19,28
19,29
19,30
19,31
19,32
19,33
19,34
19,35
19,36
19,37
19,38
19,39
19,40
19,41
19,42
19,45
19,46
19,48
19,49
19,50
19,51
19,52
19,53
19,56
19,57
19,58
19,59
19,60
19,61
19,62
19,63
19,65
19,66
19,69
19,70
19,71
19,72
19,73
19,74
19,76
19,77
19,80
19,81
19,83
19,85
19,87
19,91
19,104
19,105
19,107
19,113
19,114
19,134
19,138
19,151
19,153
19,156
19,157
19,158
19,161
19,167
19,168
19,169
19,170
19,173
19,176
19,177
19,178
19,180
19,182
19,184
19,185
19,188
19,194
19,195
19,198
20,21
20,22
20,23
20,24
20,25
20,26
20,27
20,28
20,29
20,30
20,31
20,32
20,33
20,34
20,35
20,36
20,37
20,38
20,39
20,40
20,41
20,42
21,22
21,23
21,24
21,25
21,26
21,27
21,28
21,29
21,30
21,31
21,32
21,33
21,34
21,35
21,36
21,37
21,38
21,39
21,40
21,41
21,42
21,45
21,46
21,48
21,49
21,50
21,51
21,53
21,54
21,55
21,56
21,57
21,58
21,59
21,60
21,61
21,62
21,63
21,64
21,65
21,66
21,68
21,69
21,71
21,72
21,73
21,74
21,76
21,77
21,78
21,82
21,83
21,85
21,86
21,87
22,23
22,24
22,25
22,26
22,27
22,28
22,29
22,30
22,31
22,32
22,33
22,34
22,35
22,36
22,37
22,38
22,39
22,40
22,41
22,42
22,52
22,53
22,54
22,55
22,56
22,57
22,58
22,59
22,60
22,61
22,62
22,63
22,64
22,65
22,66
22,67
22,68
22,69
22,70
22,71
22,72
22,73
22,74
22,75
22,76
22,77
22,78
22,79
23,24
23,25
23,26
23,27
23,28
23,29
23,30
23,31
23,32
23,33
23,34
23,35
23,36
23,37
23,38
23,39
23,40
23,41
23,42
23,50
23,54
23,55
23,56
23,57
23,59
23,60
23,62
23,63
23,65
23,66
23,67
23,68
23,69
23,70
23,71
23,72
23,73
23,74
23,76
23,77
23,78
23,79
23,80
23,81
23,82
23,83
23,84
23,85
23,86
24,25
24,26
24,27
24,28
24,29
24,30
24,31
24,32
24,33
24,34
24,35
24,36
24,37
24,38
24,39
24,40
24,41
24,42
24,43
24,48
24,58
24,66
24,68
24,75
24,82
24,94
24,97
24,99
24,100
24,102
24,103
24,106
24,112
24,117
24,119
24,127
24,129
24,131
24,159
24,163
24,164
24,168
24,175
24,176
24,179
24,188
24,193
24,194
24,196
25,26
25,27
25,28
25,29
25,30
25,31
25,32
25,33
25,34
25,35
25,36
25,37
25,38
25,39
25,40
25,41
25,42
26,27
26,28
26,29
26,30
26,31
26,32
26,33
26,34
26,35
26,36
26,37
26,38
26,39
26,40
26,41
26,42
26,43
26,48
26,58
26,66
26,67
26,68
26,69
26,71
26,72
26,75
26,76
26,77
26,79
26,80
26,81
26,82
26,84
26,94
26,97
26,99
26,100
26,102
26,103
26,106
26,112
26,117
26,119
26,127
26,129
26,131
26,159
26,163
26,164
26,168
26,175
26,176
26,179
26,188
26,193
26,194
26,196
27,28
27,29
27,30
27,31
27,32
27,33
27,34
27,35
27,36
27,37
27,38
27,39
27,40
27,41
27,42
27,47
27,48
27,49
27,50
27,51
27,52
27,55
27,56
27,57
27,60
27,63
27,64
27,65
27,66
27,67
27,68
27,69
27,70
27,71
27,72
27,73
27,74
27,75
27,76
27,77
27,78
27,79
27,80
27,81
27,82
27,84
27,85
27,87
27,92
27,96
27,105
27,107
27,108
27,111
27,113
27,115
27,116
27,143
27,145
27,146
27,147
27,148
27,151
27,155
27,156
27,157
27,158
27,161
27,165
27,169
27,170
28,29
28,30
28,31
28,32
28,33
28,34
28,35
28,36
28,37
28,38
28,39
28,40
28,41
28,42
28,43
28,48
28,50
28,51
28,52
28,53
28,54
28,55
28,56
28,57
28,58
28,59
28,60
28,62
28,63
28,66
28,68
28,75
28,82
28,94
28,97
28,99
28,100
28,102
28,103
28,106
28,112
28,117
28,119
28,127
28,129
28,131
28,159
28,163
28,164
28,168
28,175
28,176
28,179
28,188
28,193
28,194
28,196
29,30
29,31
29,32
29,33
29,34
29,35
29,36
29,37
29,38
29,39
29,40
29,41
29,42
29,47
29,48
29,49
29,50
29,51
29,52
29,54
29,55
29,56
29,57
29,58
29,59
29,60
29,61
29,62
29,63
29,64
29,65
29,66
29,69
29,70
29,72
29,73
29,74
29,75
29,76
29,77
29,78
29,79
29,80
29,81
29,82
29,84
29,85
29,86
29,87
29,89
30,31
30,32
30,33
30,34
30,35
30,36
30,37
30,38
30,39
30,40
30,41
30,42
30,43
30,48
30,54
30,55
30,56
30,57
30,58
30,59
30,60
30,61
30,63
30,64
30,66
30,68
30,75
30,82
30,94
30,97
30,99
30,100
30,102
30,103
30,106
30,112
30,117
30,119
30,127
30,129
30,131
30,159
30,163
30,164
30,168
30,175
30,176
30,179
30,188
30,193
30,194
30,196
31,32
31,33
31,34
31,35
31,36
31,37
31,38
31,39
31,40
31,41
31,42
32,33
32,34
32,35
32,36
32,37
32,38
32,39
32,40
32,41
32,42
32,45
32,46
32,47
32,48
32,50
32,51
32,52
32,54
32,55
32,56
32,57
32,58
32,59
32,60
32,61
32,62
32,63
32,64
32,65
32,66
32,67
32,68
32,70
32,71
32,72
32,74
32,75
32,76
32,78
32,79
32,81
32,82
32,84
32,85
32,86
32,87
32,89
32,91
32,92
32,93
32,95
32,96
32,99
32,103
32,104
32,105
32,109
32,110
33,34
33,35
33,36
33,37
33,38
33,39
33,40
33,41
33,42
33,43
33,48
33,58
33,66
33,68
33,75
33,82
33,94
33,97
33,99
33,100
33,102
33,103
33,106
33,112
33,117
33,119
33,127
33,129
33,131
33,159
33,163
33,164
33,168
33,175
33,176
33,179
33,188
33,193
33,194
33,196
34,35
34,36
34,37
34,38
34,39
34,40
34,41
34,42
34,56
34,57
34,58
34,59
35,36
35,37
35,38
35,39
35,40
35,41
35,42
35,49
35,50
35,51
35,52
35,53
35,54
35,55
35,56
35,57
35,58
35,59
35,60
35,61
35,62
35,63
35,64
35,65
35,66
35,67
35,71
35,72
35,73
35,74
35,75
35,76
35,77
35,78
35,79
35,80
35,81
35,82
35,84
35,85
35,86
35,87
35,89
35,91
35,92
35,93
35,99
35,103
35,105
35,107
36,37
36,38
36,39
36,40
36,41
36,42
36,47
36,48
36,49
36,50
36,51
36,53
36,54
36,55
36,56
36,57
36,58
36,59
36,61
36,62
36,63
36,64
36,65
36,66
36,67
36,68
36,69
36,70
36,71
36,72
36,73
36,74
36,75
36,76
36,77
36,78
36,79
36,80
36,81
36,82
36,83
36,84
36,85
36,86
36,87
36,89
36,91
36,92
36,93
36,95
36,96
36,97
36,98
36,99
36,103
36,104
36,105
36,107
36,108
36,109
36,110
36,111
36,112
36,113
36,114
36,116
36,117
36,121
36,124
36,125
36,128
36,130
36,133
36,134
36,138
36,141
37,38
37,39
37,40
37,41
37,42
37,53
37,54
37,55
37,56
37,57
37,58
37,59
37,60
37,61
37,62
37,63
37,64
37,65
37,66
37,67
37,68
37,69
37,70
37,71
37,72
37,73
37,74
37,76
37,77
37,78
37,79
37,80
37,81
37,82
37,83
37,84
37,85
37,86
37,87
37,88
37,89
37,91
37,92
37,93
38,39
38,40
38,41
38,42
38,45
38,46
38,48
38,49
38,50
38,51
38,52
38,53
38,54
38,55
38,56
38,57
38,58
38,59
38,60
38,61
38,62
38,63
38,65
38,66
38,67
38,69
38,70
38,72
38,73
38,74
38,75
38,76
38,77
38,78
38,79
38,80
38,81
38,82
38,83
38,84
38,85
38,86
38,87
38,88
38,89
38,90
38,91
38,92
38,93
38,95
38,97
38,99
38,103
38,104
38,105
38,106
38,107
38,108
38,110
38,111
38,113
38,114
38,115
38,116
38,118
38,121
38,124
38,125
38,126
38,128
38,129
38,130
38,133
38,134
38,135
38,139
38,141
38,143
38,145
38,146
38,148
38,150
38,156
38,157
38,158
38,161
38,165
38,166
38,167
38,169
38,170
38,172
38,177
38,179
38,181
38,184
38,185
38,187
38,188
38,189
39,40
39,41
39,42
39,49
39,50
39,51
39,52
39,53
39,54
39,55
39,56
39,57
39,58
39,60
39,61
39,62
39,63
39,64
39,65
39,69
39,70
39,71
39,72
39,73
39,74
39,75
39,76
39,78
39,79
39,80
39,81
39,82
40,41
40,42
40,51
40,52
41,42
41,50
41,52
41,53
41,54
41,55
41,57
41,58
41,59
41,60
41,61
41,62
41,63
41,64
41,65
41,66
41,68
41,69
41,70
41,71
41,72
41,74
41,76
41,77
41,78
41,79
41,81
41,82
41,83
41,85
42,54
42,55
42,56
42,57
42,58
42,59
42,60
42,61
42,62
42,63
42,64
42,65
42,66
42,67
42,68
42,69
42,71
42,72
42,73
42,74
43,45
43,46
43,47
43,48
43,49
43,50
43,51
43,52
43,53
43,54
43,55
43,56
43,57
43,58
43,59
43,60
43,61
43,62
43,63
43,64
43,65
43,66
43,67
43,68
43,69
43,70
43,71
43,72
43,73
43,74
43,75
43,76
43,77
43,78
43,79
43,81
43,82
43,83
43,84
43,85
43,87
43,88
43,89
43,90
43,92
43,94
43,96
43,97
43,98
43,99
43,100
43,102
43,103
43,106
43,107
43,108
43,110
43,111
43,112
43,117
43,119
43,127
43,129
43,131
43,159
43,163
43,164
43,168
43,175
43,176
43,179
43,188
43,193
43,194
43,196
44,46
44,47
44,50
44,52
44,53
44,54
44,55
44,56
44,58
44,59
44,60
44,61
44,62
44,64
44,67
44,68
44,69
45,46
45,47
45,48
45,49
45,50
45,52
45,53
45,54
45,55
45,56
45,57
45,58
45,59
45,60
45,61
45,62
45,63
45,64
45,65
45,66
45,68
45,69
45,70
45,71
45,72
45,73
45,74
45,75
45,76
45,77
45,78
45,79
45,80
45,81
45,82
45,83
45,84
45,85
45,86
45,87
45,88
45,89
45,90
45,91
45,92
45,93
45,96
45,97
45,99
45,101
45,104
45,105
45,106
45,107
45,108
45,109
45,110
45,111
45,113
45,114
45,115
45,116
45,117
45,118
45,120
45,125
45,126
45,128
45,129
45,130
45,131
45,133
45,134
45,135
45,137
45,138
45,139
45,142
45,143
45,145
45,146
45,147
45,148
45,149
45,153
45,156
45,159
45,160
45,163
45,164
45,166
46,47
46,48
46,49
46,50
46,51
46,52
46,54
46,55
46,56
46,57
46,58
46,59
46,60
46,62
46,63
46,64
46,65
46,66
46,67
46,69
46,70
46,71
46,72
46,73
46,74
46,75
46,76
46,77
46,78
46,79
46,80
46,81
46,82
46,83
46,84
46,85
46,86
46,87
46,88
46,89
46,95
46,96
46,97
46,98
46,99
46,101
46,103
46,104
46,105
46,106
46,108
46,110
46,111
46,112
46,113
46,114
46,115
46,116
46,117
46,118
46,120
46,121
46,123
46,124
46,125
46,126
46,127
46,128
46,129
46,131
46,132
46,133
46,134
46,135
46,137
46,138
46,139
46,141
46,142
46,143
46,145
46,147
46,148
46,149
46,150
46,151
46,153
46,156
46,157
46,158
46,159
46,160
46,163
46,164
46,166
46,168
46,170
46,174
46,175
46,180
46,182
46,183
46,185
46,187
46,189
46,193
46,194
47,48
47,49
47,50
47,51
47,52
47,53
47,54
48,49
48,51
48,53
48,54
48,55
48,56
48,57
48,58
48,59
48,60
48,61
48,62
48,63
48,64
48,65
48,66
48,68
48,75
48,82
48,94
48,97
48,99
48,100
48,102
48,103
48,106
48,112
48,117
48,119
48,127
48,129
48,131
48,159
48,163
48,164
48,168
48,175
48,176
48,179
48,188
48,193
48,194
48,196
49,50
49,51
49,52
49,54
49,55
49,56
49,57
49,58
49,60
49,61
49,63
49,64
49,65
49,66
49,68
49,69
49,70
49,71
49,73
49,74
49,75
49,76
49,77
49,79
49,80
49,81
49,84
49,85
49,86
49,87
49,88
49,89
49,91
49,92
49,93
49,95
49,96
50,51
50,52
50,53
50,54
50,55
50,56
50,57
50,58
50,59
50,60
51,52
51,53
51,54
51,55
51,56
51,57
51,58
51,60
51,61
51,62
51,63
51,64
51,65
51,66
51,67
51,68
51,69
51,70
51,71
51,72
51,73
51,74
51,75
51,76
51,77
51,78
51,79
51,80
51,81
51,82
51,83
51,84
51,85
51,86
51,87
51,89
51,90
51,91
51,92
51,93
51,95
51,96
51,97
51,98
51,99
51,100
51,101
51,102
51,104
51,106
51,107
51,109
51,110
51,111
51,112
51,113
51,115
51,116
51,117
51,118
51,119
51,120
51,122
51,123
51,124
51,125
51,127
51,128
51,129
51,130
51,132
51,134
51,135
52,53
52,55
52,56
52,57
52,58
52,59
52,60
52,61
52,62
52,63
52,64
52,65
52,66
52,67
52,68
52,69
52,70
52,71
52,72
52,73
52,74
52,76
52,77
52,78
52,79
52,80
52,81
52,83
52,84
52,85
52,86
52,88
52,89
52,90
52,91
52,92
52,93
52,94
52,95
52,96
52,97
52,98
53,54
53,55
53,56
53,57
53,58
53,60
53,61
53,62
53,63
53,64
53,65
53,66
53,67
53,68
53,69
53,70
53,71
53,72
53,73
53,74
53,75
53,76
53,77
53,78
53,79
53,80
53,81
53,83
53,84
53,85
53,86
53,87
53,88
53,89
53,90
53,91
53,92
53,93
53,94
53,95
53,96
53,97
53,98
53,99
54,55
54,56
54,57
54,58
54,59
54,60
54,61
54,63
54,64
54,65
56,57
56,59
56,61
56,62
56,63
56,64
56,65
56,66
56,67
56,68
56,69
56,70
56,71
56,75
56,76
56,78
56,79
56,81
56,82
56,83
56,84
56,85
56,86
56,87
56,88
56,89
56,90
56,91
56,92
56,93
56,94
56,95
56,96
56,97
56,99
56,101
56,102
56,104
56,107
56,108
56,110
56,111
56,113
56,114
56,115
56,117
56,119
56,120
56,121
56,122
56,123
57,58
57,60
57,61
57,62
57,63
57,64
57,65
57,66
57,68
57,70
58,59
58,60
58,61
58,66
58,68
58,75
58,82
58,94
58,97
58,99
58,100
58,102
58,103
58,106
58,112
58,117
58,119
58,127
58,129
58,131
58,159
58,163
58,164
58,168
58,175
58,176
58,179
58,188
58,193
58,194
58,196
59,61
59,62
59,63
59,66
59,67
60,61
60,62
61,62
61,63
61,64
61,65
61,66
61,68
61,69
61,70
61,72
61,73
61,74
61,75
61,76
61,77
61,79
61,80
61,84
61,85
61,87
61,88
61,89
61,90
61,91
61,92
61,93
61,94
61,97
61,98
61,101
61,103
61,104
61,107
61,108
61,109
61,110
61,112
61,113
61,114
61,115
61,116
61,118
61,120
61,122
61,123
61,124
61,125
61,126
61,127
61,129
62,63
62,64
62,65
62,66
62,67
62,68
63,64
63,65
63,66
63,67
63,68
63,69
63,70
63,72
63,73
64,65
64,66
64,67
64,68
64,69
64,70
64,71
64,72
64,73
64,74
64,75
64,76
64,77
64,78
64,79
64,80
64,81
65,66
65,67
65,68
65,69
65,70
65,71
65,72
65,73
65,74
65,75
65,76
65,77
65,78
65,79
65,80
65,81
65,84
65,85
65,86
65,87
65,88
65,89
65,90
65,91
65,92
65,94
65,95
65,97
65,98
65,99
65,100
65,101
65,103
65,104
65,105
65,106
65,108
65,109
65,110
65,111
65,112
65,113
65,114
65,116
65,117
65,118
65,119
65,120
65,121
65,122
65,123
65,124
65,125
65,126
65,127
65,128
66,67
66,68
66,69
66,70
66,72
66,73
66,74
66,75
66,76
66,77
66,78
66,80
66,81
66,82
66,83
66,84
66,86
66,87
66,88
66,89
66,91
66,92
66,93
66,94
66,95
66,97
66,98
66,99
66,100
66,102
66,103
66,106
66,112
66,117
66,119
66,127
66,129
66,131
66,159
66,163
66,164
66,168
66,175
66,176
66,179
66,188
66,193
66,194
66,196
67,68
67,69
67,70
67,71
67,73
67,74
67,75
67,76
67,77
67,78
67,79
67,80
67,81
67,82
67,83
67,84
67,85
67,86
67,87
67,88
67,89
67,90
67,91
67,92
67,93
67,94
67,95
67,97
67,98
67,99
67,101
67,102
67,103
67,104
67,106
67,107
67,108
67,109
67,110
67,111
67,113
67,114
67,115
67,117
67,118
67,119
67,120
67,121
67,122
67,123
67,124
67,125
67,126
67,132
67,134
68,69
68,70
68,71
68,72
68,74
68,75
68,76
68,77
68,78
68,79
68,80
68,81
68,82
68,83
68,84
68,85
68,86
68,87
68,89
68,90
68,91
68,92
68,93
68,94
68,95
68,96
68,97
68,98
68,99
68,100
68,101
68,102
68,103
68,104
68,105
68,106
68,107
68,108
68,109
68,110
68,111
68,112
68,114
68,116
68,117
68,118
68,119
68,121
68,122
68,123
68,124
68,125
68,126
68,127
68,128
68,129
68,130
68,131
68,132
68,133
68,134
68,135
68,136
68,137
68,138
68,139
68,141
68,142
68,146
68,150
68,152
68,156
68,157
68,159
68,163
68,164
68,168
68,175
68,176
68,179
68,188
68,193
68,194
68,196
69,70
69,71
69,72
69,74
69,75
69,76
69,77
70,71
70,72
70,73
70,74
70,75
70,76
70,77
70,78
70,79
70,80
70,81
70,82
70,83
70,84
70,86
70,87
70,88
70,89
70,90
70,91
70,92
70,93
70,94
70,95
70,96
70,97
70,98
70,99
70,100
70,101
70,104
70,105
70,107
70,109
70,110
70,111
70,112
70,113
70,115
70,116
70,118
70,119
70,120
70,121
70,122
70,123
70,124
70,125
70,126
70,127
70,128
70,130
70,131
70,132
70,133
71,72
71,73
71,75
71,76
71,77
71,78
71,79
71,80
71,81
71,82
71,84
71,86
71,87
71,88
71,89
71,90
71,91
71,92
71,94
71,95
71,96
71,97
71,98
71,99
71,100
71,102
71,103
71,104
71,105
71,107
71,108
71,109
73,74
73,75
73,76
73,77
73,78
73,79
73,80
73,81
73,84
73,85
73,86
73,89
73,90
73,91
73,92
73,93
73,94
73,95
73,97
73,98
73,99
73,100
73,101
73,102
74,75
74,77
74,78
75,76
75,77
75,78
75,80
75,81
75,82
75,83
75,84
75,85
75,86
75,88
75,94
75,97
75,99
75,100
75,102
75,103
75,106
75,112
75,117
75,119
75,127
75,129
75,131
75,159
75,163
75,164
75,168
75,175
75,176
75,179
75,188
75,193
75,194
75,196
76,77
76,78
76,79
76,80
76,81
76,82
76,83
76,84
76,85
76,86
76,87
76,88
76,89
76,92
76,93
76,96
76,97
76,98
76,100
76,102
76,103
76,104
76,107
76,109
76,110
76,111
76,112
76,114
76,116
76,119
76,122
76,124
76,127
76,129
76,130
76,132
76,133
76,134
76,136
76,137
76,138
76,139
76,142
76,143
76,144
76,145
76,146
76,148
76,149
76,151
76,155
76,156
76,157
76,158
76,159
76,163
76,172
76,177
76,181
76,182
76,183
76,184
76,197
77,78
77,79
77,80
77,81
77,82
77,83
77,84
77,85
77,86
77,87
77,88
77,89
77,90
77,91
77,92
77,93
77,94
77,96
77,97
77,98
77,99
77,100
77,101
77,102
77,103
77,104
77,105
77,106
77,107
77,108
77,109
77,110
77,111
77,112
77,113
77,114
77,116
77,117
77,119
77,120
77,121
77,122
77,124
77,125
77,127
77,128
77,129
77,130
77,131
77,132
77,133
77,134
77,135
77,137
77,138
77,139
77,140
77,141
77,142
77,143
77,144
77,146
77,149
77,150
77,151
77,152
77,155
77,156
77,157
77,158
77,159
77,161
77,163
77,165
77,167
77,170
77,173
77,174
77,176
77,177
77,179
77,181
77,182
77,183
77,184
77,186
77,188
77,189
77,191
77,192
77,194
77,195
77,197
78,79
78,80
78,81
78,82
78,83
78,84
78,85
78,86
78,88
78,89
78,90
79,80
79,82
79,83
79,84
79,85
79,86
79,87
79,88
79,89
79,90
79,91
79,92
79,93
79,95
79,97
79,98
79,99
79,100
79,101
79,102
79,104
79,105
79,106
79,107
79,108
79,109
79,110
79,111
79,112
79,113
79,114
79,115
79,116
79,117
79,119
79,120
79,121
79,122
79,124
79,125
79,126
79,127
79,128
79,129
79,130
79,131
79,132
79,133
79,134
79,135
79,136
79,137
79,139
79,140
79,142
79,143
79,144
79,145
79,146
79,148
79,149
79,151
79,152
79,153
79,155
79,156
79,157
79,158
79,159
79,161
79,162
79,163
79,164
79,165
79,167
79,169
79,170
79,171
79,172
79,173
79,174
79,175
79,176
79,177
79,179
79,180
79,181
79,182
79,183
79,184
79,186
79,188
79,189
79,190
79,191
79,192
79,194
79,195
79,197
80,81
80,82
80,83
80,84
80,85
80,86
80,87
80,88
80,89
80,90
80,91
80,92
80,93
80,94
80,95
80,96
80,97
80,98
80,99
80,100
80,102
80,103
80,104
80,105
80,106
80,107
80,108
80,111
80,112
80,113
80,114
80,115
80,116
80,117
80,118
80,120
80,121
80,123
80,124
80,125
80,126
80,127
80,128
80,129
80,130
80,131
80,132
80,133
80,134
80,135
80,136
80,137
80,138
80,139
80,140
80,141
80,142
80,143
80,144
80,145
80,146
80,147
80,148
80,149
80,150
80,151
80,152
80,153
80,155
80,156
80,157
81,82
81,84
81,85
81,86
81,87
81,88
81,89
81,90
81,91
81,92
81,95
81,96
81,97
81,98
81,99
81,100
81,101
81,102
81,103
81,104
81,105
81,106
81,107
81,108
81,109
81,110
81,111
81,112
81,113
81,114
81,115
81,116
81,117
81,118
81,119
81,120
81,121
81,122
81,123
81,124
81,125
81,126
81,127
82,83
82,84
82,85
82,86
82,87
82,88
82,89
82,90
82,91
82,92
82,93
82,94
82,96
82,97
82,98
82,99
82,100
82,102
82,103
82,104
82,105
82,106
82,107
82,108
82,109
82,110
82,112
82,113
82,114
82,115
82,116
82,117
82,118
82,119
82,120
82,121
82,122
82,123
82,124
82,125
82,126
82,127
82,128
82,129
82,130
82,131
82,132
82,133
82,134
82,136
82,137
82,138
82,139
82,140
82,141
82,142
82,144
82,145
82,146
82,147
82,148
82,149
82,151
82,152
82,153
82,155
82,156
82,157
82,158
82,159
82,160
82,162
82,163
82,164
82,165
82,166
82,168
82,169
82,171
82,172
82,174
82,175
82,176
82,177
82,179
82,180
82,181
82,182
82,183
82,184
82,185
82,186
82,188
82,190
82,191
82,192
82,193
82,194
82,196
82,197
83,84
83,85
83,86
83,87
83,88
83,89
83,90
83,91
83,92
83,93
83,94
83,95
83,96
83,97
83,98
83,99
83,100
83,101
83,102
83,103
84,85
84,86
84,87
84,88
84,89
84,90
84,91
84,92
84,93
84,94
84,95
84,97
84,98
84,99
84,100
84,101
85,86
85,87
85,88
85,89
85,90
85,92
85,93
85,94
85,95
85,96
85,97
85,98
85,99
85,100
85,102
85,103
85,104
85,105
85,107
86,87
86,88
86,89
86,90
86,91
86,92
86,93
86,94
86,95
86,96
86,97
86,98
86,99
86,100
86,101
86,102
86,103
86,104
86,105
86,106
86,107
86,108
86,109
86,110
86,111
86,112
86,113
86,115
86,116
86,118
86,121
86,122
86,123
86,124
86,125
86,127
86,128
86,129
86,130
86,132
86,133
86,134
86,135
86,136
86,137
86,138
86,139
86,140
86,141
86,142
86,143
86,145
86,146
86,147
86,148
86,149
86,151
86,152
86,153
86,154
86,155
86,156
86,157
86,158
86,159
86,161
86,162
86,163
86,164
86,165
86,166
86,167
86,168
86,169
86,170
86,171
86,172
86,173
86,175
86,177
86,180
86,181
86,182
86,184
86,186
86,188
86,189
86,190
86,194
86,195
86,196
86,197
87,88
87,89
87,90
87,91
87,92
87,94
87,95
87,96
87,97
87,98
87,99
87,100
87,102
87,103
87,104
87,105
87,106
87,107
87,109
87,110
87,111
87,112
87,113
87,114
87,115
88,89
88,90
88,91
88,92
88,93
88,94
88,95
88,96
88,97
88,98
88,99
88,100
88,101
88,102
88,103
88,104
88,105
88,106
89,90
89,91
89,92
89,93
89,94
89,95
89,96
89,97
90,91
90,92
90,93
90,94
91,92
91,94
91,96
91,97
91,98
91,99
91,100
91,101
91,102
91,103
91,104
91,105
91,106
91,108
91,109
91,110
91,111
91,113
91,114
91,116
91,117
91,118
91,119
91,120
91,121
91,122
91,123
91,126
91,127
91,129
91,130
91,131
91,133
91,138
91,139
91,140
91,142
91,143
91,144
91,145
91,148
91,151
91,152
91,153
91,155
91,158
91,159
91,160
91,161
91,162
91,163
91,165
91,166
91,167
91,170
91,171
91,172
91,173
91,174
91,175
91,176
91,177
91,179
91,180
91,181
91,182
91,183
91,184
91,185
91,186
91,187
91,188
91,190
91,191
91,195
91,196
92,93
92,94
92,95
92,96
92,97
92,98
92,99
92,100
92,101
92,102
92,103
92,104
92,105
92,106
92,107
92,108
92,109
92,111
92,112
92,113
92,114
92,115
92,116
92,117
92,118
92,119
92,120
92,121
92,122
92,123
92,124
92,126
92,127
92,128
92,129
92,130
92,131
92,132
92,133
92,134
92,135
92,137
92,138
92,139
92,140
92,141
92,142
92,143
92,144
92,145
92,147
92,149
92,153
92,154
92,155
92,156
92,157
92,158
92,159
92,160
92,161
92,162
92,163
92,164
92,165
92,166
92,167
92,168
92,169
92,170
92,171
92,172
92,173
93,94
93,95
93,96
93,97
93,98
93,99
93,100
93,101
93,102
93,103
93,104
93,105
93,107
93,108
93,109
93,110
93,111
93,112
93,113
93,114
93,115
93,116
93,117
93,118
93,119
93,120
93,121
93,122
93,123
93,124
93,125
93,126
93,127
93,128
93,129
93,130
93,131
93,132
93,133
93,134
93,135
93,136
93,137
93,139
93,140
93,141
93,142
93,143
93,144
93,145
93,146
93,147
93,148
93,149
93,150
93,151
93,152
93,153
93,154
93,155
93,156
93,157
93,158
93,159
93,160
93,161
93,162
94,95
94,97
94,99
94,100
94,102
94,103
94,106
94,112
94,117
94,119
94,127
94,129
94,131
94,159
94,163
94,164
94,168
94,175
94,176
94,179
94,188
94,193
94,194
94,196
95,96
95,97
95,98
95,99
95,101
95,102
95,103
95,104
95,105
96,97
96,98
96,99
96,100
96,101
96,102
96,103
96,104
96,105
96,106
96,107
96,108
96,109
96,110
96,111
96,112
96,113
96,114
96,115
96,116
97,98
97,99
97,100
97,101
97,102
97,103
97,104
97,106
97,107
97,108
97,109
97,110
97,111
97,112
97,113
97,114
97,115
97,116
97,117
97,118
97,119
97,120
97,121
97,122
97,124
97,125
97,126
97,127
97,129
97,130
97,131
97,132
97,135
97,136
97,137
97,138
97,139
97,140
97,142
97,143
97,144
97,145
97,146
97,147
97,149
97,150
97,151
97,152
97,153
97,154
97,156
97,159
97,163
97,164
97,168
97,175
97,176
97,179
97,188
97,193
97,194
97,196
98,99
98,100
98,101
98,102
98,104
98,105
98,106
98,107
98,108
98,109
98,110
98,111
98,112
98,113
98,114
98,115
98,116
98,117
98,118
98,119
98,120
98,121
98,122
99,100
99,101
99,102
99,103
99,104
99,106
99,107
99,108
99,109
99,110
99,111
99,112
99,113
99,114
99,115
99,116
99,117
99,119
99,120
99,121
99,122
99,123
99,124
99,125
99,126
99,127
99,128
99,129
99,130
99,131
99,133
99,137
99,138
99,139
99,159
99,163
99,164
99,168
99,175
99,176
99,179
99,188
99,193
99,194
99,196
100,101
100,102
100,103
100,104
100,105
100,106
100,107
100,108
100,109
100,111
100,112
100,117
100,119
100,127
100,129
100,131
100,159
100,163
100,164
100,168
100,175
100,176
100,179
100,188
100,193
100,194
100,196
101,102
101,104
102,103
102,104
102,105
102,106
102,108
102,109
102,110
102,111
102,112
102,113
102,114
102,117
102,119
102,127
102,129
102,131
102,159
102,163
102,164
102,168
102,175
102,176
102,179
102,188
102,193
102,194
102,196
103,105
103,106
103,107
103,108
103,109
103,110
103,111
103,112
103,113
103,114
103,115
103,116
103,117
103,118
103,119
103,120
103,121
103,122
103,124
103,125
103,126
103,127
103,128
103,129
103,130
103,131
103,132
103,133
103,134
103,135
103,136
103,137
103,139
103,140
103,142
103,144
103,145
103,146
103,147
103,148
103,159
103,163
103,164
103,168
103,175
103,176
103,179
103,188
103,193
103,194
103,196
104,105
104,106
104,108
104,109
104,110
104,111
104,114
104,115
104,116
104,117
104,118
104,119
104,120
104,121
104,122
104,123
104,124
104,125
104,126
104,128
104,129
105,106
105,107
105,108
105,110
105,111
105,112
105,113
105,114
105,115
105,116
105,117
105,118
105,119
105,121
105,122
105,123
105,124
105,125
105,126
105,128
105,130
105,132
105,133
105,134
105,135
105,137
106,107
106,108
106,109
106,111
106,112
106,113
106,117
106,119
106,127
106,129
106,131
106,159
106,163
106,164
106,168
106,175
106,176
106,179
106,188
106,193
106,194
106,196
107,108
107,109
107,110
107,111
107,112
107,113
107,114
107,115
107,116
107,117
107,121
107,122
107,124
107,126
107,127
107,128
107,129
107,130
107,132
107,133
107,134
107,135
107,136
107,137
107,138
107,139
107,141
107,142
107,144
107,145
107,146
107,147
107,148
107,151
107,152
107,153
107,154
107,155
107,156
107,157
107,158
107,159
107,161
107,162
107,163
107,165
107,167
107,168
107,169
107,170
107,172
107,173
107,175
107,176
107,179
107,181
107,184
107,186
107,187
107,188
107,189
107,190
107,194
107,196
108,109
108,110
108,111
108,113
108,114
108,115
108,116
108,117
108,118
108,119
108,120
108,121
108,122
108,123
108,124
108,130
109,110
109,111
109,112
109,113
109,114
109,115
109,117
109,118
109,119
109,120
109,121
109,122
109,123
109,125
109,126
109,127
109,128
109,130
109,131
109,132
109,133
109,134
109,135
109,136
109,137
109,138
109,139
109,140
109,141
109,142
109,143
109,144
109,145
109,148
109,151
109,152
109,153
109,154
109,155
109,156
109,157
109,158
109,159
109,160
109,161
110,111
110,112
110,113
110,114
110,115
110,116
110,117
110,118
111,112
111,113
111,114
111,115
111,116
112,113
112,114
112,115
112,116
112,117
112,118
112,119
112,120
112,127
112,129
112,131
112,159
112,163
112,164
112,168
112,175
112,176
112,179
112,188
112,193
112,194
112,196
113,114
113,115
113,116
113,117
113,119
113,120
113,121
113,122
113,124
113,126
113,127
113,128
113,129
113,131
113,132
113,133
113,134
113,135
113,136
113,137
114,115
114,116
114,117
114,118
114,119
114,120
114,121
114,122
114,125
114,126
114,127
114,128
114,130
114,131
114,132
114,133
114,134
114,135
114,136
114,137
114,138
114,140
114,142
114,143
114,144
114,146
114,147
114,148
114,150
114,151
114,152
114,154
114,158
114,159
114,160
114,164
114,165
114,167
114,169
114,173
114,176
114,177
114,178
114,179
114,180
114,181
114,182
115,116
115,117
115,119
115,120
115,121
115,122
115,123
115,124
115,125
115,126
115,128
115,130
115,131
115,132
115,133
115,134
115,135
115,136
115,137
115,138
115,139
115,140
115,141
115,143
115,144
115,145
115,146
115,147
115,148
115,149
115,150
115,151
115,152
115,154
115,155
115,156
115,157
115,158
115,160
115,161
115,162
115,163
115,164
115,165
115,166
115,167
115,168
115,169
115,171
115,173
115,175
115,176
115,177
115,178
115,179
115,180
115,181
115,182
115,183
115,184
115,186
115,188
115,192
115,194
115,197
115,198
116,117
116,118
116,119
116,120
116,122
116,123
116,125
116,126
116,127
116,128
116,129
116,130
116,131
116,132
116,134
116,135
116,136
116,137
116,138
116,140
116,141
116,142
116,143
116,144
116,145
116,146
117,118
117,119
117,120
117,121
117,122
117,123
117,124
117,125
117,126
117,127
117,129
117,130
117,131
117,132
117,133
117,134
117,135
117,136
117,138
117,139
117,140
117,141
117,143
117,159
117,163
117,164
117,168
117,175
117,176
117,179
117,188
117,193
117,194
117,196
119,120
119,121
119,127
119,129
119,131
119,159
119,163
119,164
119,168
119,175
119,176
119,179
119,188
119,193
119,194
119,196
120,121
120,122
120,123
120,124
121,122
121,123
121,124
121,125
122,123
122,124
122,125
122,126
122,127
122,128
122,129
122,130
122,131
122,132
122,133
122,134
122,135
122,136
122,137
122,139
122,140
122,141
122,142
123,124
123,125
123,126
123,127
123,128
123,129
123,130
123,131
123,132
123,133
123,134
123,135
123,136
123,137
123,138
123,139
123,140
123,141
123,142
123,143
123,145
123,147
123,148
123,150
123,151
123,152
123,153
123,154
123,156
123,158
123,160
124,125
124,126
124,127
124,128
124,129
124,130
124,131
124,132
124,133
124,134
124,135
124,136
124,137
124,138
124,139
124,140
124,141
124,142
124,143
124,144
124,146
124,147
124,148
124,149
124,150
124,152
124,154
124,155
124,156
124,157
124,158
124,159
124,160
124,161
124,162
124,164
124,167
124,168
124,169
124,170
124,171
124,173
124,174
124,175
124,176
124,178
124,179
124,180
124,181
124,186
124,187
124,188
124,189
124,192
124,199
125,126
125,127
125,128
125,129
125,130
125,131
127,129
127,130
127,131
127,132
127,136
127,139
127,140
127,141
127,142
127,146
127,147
127,149
127,150
127,153
127,154
127,155
127,157
127,158
127,159
127,160
127,161
127,162
127,163
127,164
127,165
127,166
127,167
127,168
127,169
127,170
127,171
127,173
127,174
127,175
127,176
127,179
127,188
127,193
127,194
127,196
128,129
128,130
128,131
128,132
128,134
128,135
128,136
128,137
128,138
128,139
128,141
128,142
128,144
128,146
128,147
128,149
128,151
129,130
129,131
129,132
129,133
129,134
129,135
129,136
129,137
129,140
129,141
129,142
129,144
129,145
129,146
129,147
129,148
129,149
129,151
129,152
129,153
129,154
129,155
129,156
129,157
129,159
129,160
129,161
129,162
129,163
129,164
129,165
129,166
129,167
129,168
129,175
129,176
129,179
129,188
129,193
129,194
129,196
130,131
130,132
130,133
130,134
130,135
130,136
130,137
130,138
130,139
130,140
130,141
130,142
130,143
130,144
130,145
130,146
130,148
130,149
130,150
130,151
130,152
130,153
130,154
130,155
130,156
130,157
130,158
130,159
130,160
130,161
130,163
130,165
130,167
130,169
130,170
130,171
130,172
130,173
130,174
130,175
130,176
130,177
130,178
130,179
130,180
130,181
130,182
130,184
130,185
130,186
130,188
130,189
130,191
130,192
130,194
130,196
130,197
130,198
130,199
131,132
131,133
131,134
131,135
131,136
131,137
131,138
131,139
131,140
131,159
131,163
131,164
131,168
131,175
131,176
131,179
131,188
131,193
131,194
131,196
132,133
132,134
132,135
132,136
132,139
132,140
132,143
132,144
132,146
132,147
132,148
132,150
132,151
132,152
132,153
132,154
132,155
132,156
132,157
132,158
132,159
132,160
132,161
132,162
132,163
132,164
132,165
132,166
132,167
132,168
132,169
132,170
132,171
132,172
132,173
132,174
132,175
132,176
133,134
133,135
133,137
133,138
133,139
133,140
133,141
133,142
133,143
133,144
133,145
133,146
133,147
134,135
134,136
134,137
134,138
134,139
134,140
134,141
134,142
134,143
134,144
134,145
134,146
134,147
134,148
134,149
134,150
134,151
134,152
134,153
134,154
134,155
134,156
134,157
134,158
134,159
134,160
134,161
134,162
134,163
134,164
134,166
134,167
134,168
134,169
134,170
134,171
135,136
135,137
135,138
135,140
135,141
135,142
135,143
135,144
135,145
135,146
135,147
135,148
135,149
136,137
136,138
136,139
136,140
136,141
136,142
136,143
136,144
136,145
136,146
136,147
136,148
136,149
136,150
136,151
136,152
136,153
136,154
136,155
136,156
136,157
136,158
136,159
136,160
136,161
136,163
136,164
137,138
137,139
137,140
137,141
137,142
137,143
137,144
137,145
137,146
137,147
137,148
137,149
137,150
137,151
137,152
137,153
137,155
137,156
137,157
137,158
137,159
137,160
137,161
137,162
137,163
137,164
137,165
137,166
137,167
137,169
137,171
137,172
137,173
137,174
137,175
137,176
137,177
137,178
137,179
137,180
137,181
137,182
137,184
137,186
138,140
138,141
138,142
138,144
138,145
138,146
138,147
138,148
138,150
138,151
138,152
138,153
138,154
138,156
138,157
138,158
138,159
138,160
138,162
138,163
138,164
138,165
138,166
138,167
138,168
138,169
138,170
138,171
138,173
138,174
138,175
138,176
138,177
138,178
138,179
138,180
138,181
138,182
138,183
138,184
138,187
138,188
138,189
138,190
138,191
138,193
138,194
138,196
138,197
138,198
139,140
139,141
139,142
139,143
139,144
139,145
139,147
139,148
139,149
139,150
139,151
139,152
139,153
140,141
140,142
140,143
140,144
141,142
141,143
141,144
141,146
141,147
141,148
141,149
141,150
141,151
141,152
141,153
141,154
141,155
141,157
141,158
141,159
141,160
141,162
141,163
141,164
141,167
141,168
141,170
142,143
142,144
142,146
142,147
142,148
142,149
142,150
142,151
142,152
142,154
142,155
142,156
142,157
142,158
142,159
142,160
142,161
142,162
143,144
143,145
143,146
143,147
143,148
143,149
143,150
144,145
145,146
145,147
145,148
145,151
145,153
145,154
145,155
145,156
145,157
145,158
145,159
145,163
145,164
145,165
145,167
145,168
145,169
145,170
145,171
145,172
145,173
145,176
145,177
145,178
145,179
146,147
146,148
146,149
146,150
146,151
146,152
146,153
146,154
146,155
146,156
146,158
146,160
146,161
146,162
146,163
146,164
146,165
146,166
146,167
147,148
147,149
147,150
147,151
147,152
147,153
147,154
147,155
147,156
147,157
147,158
147,159
147,160
147,161
147,162
147,164
147,165
147,166
147,167
147,168
147,169
147,170
147,171
147,172
147,173
147,174
147,175
147,176
147,177
147,178
147,180
147,181
147,182
147,183
147,184
147,185
147,186
147,187
147,188
147,189
147,190
148,149
148,150
148,151
148,152
148,154
148,155
148,156
148,157
148,159
148,160
148,161
148,162
148,163
148,164
148,165
148,166
148,167
148,168
148,169
148,170
148,171
148,172
148,174
148,176
148,177
148,178
148,179
148,180
148,182
148,183
148,184
148,187
148,188
148,189
148,190
149,150
149,151
149,152
149,153
149,154
151,152
151,153
151,154
151,155
151,156
151,157
151,159
151,160
151,161
151,162
151,163
151,164
151,165
151,166
151,167
151,168
151,169
151,170
151,171
151,172
151,174
151,175
151,176
151,177
151,178
151,179
151,181
151,182
151,184
151,185
151,186
151,187
151,190
151,191
151,192
151,194
151,195
151,197
152,153
152,155
152,156
152,157
152,158
152,160
152,161
152,163
152,164
152,165
152,166
152,167
152,168
152,169
152,170
152,171
152,172
152,173
152,174
152,175
152,176
152,177
152,178
152,179
152,180
152,181
152,182
152,183
152,184
153,155
153,156
153,157
153,158
153,159
153,160
153,161
153,163
153,164
153,165
153,166
153,167
153,168
153,170
153,171
153,172
153,173
153,174
153,175
153,176
153,177
153,178
153,179
153,180
153,181
153,182
153,183
153,184
153,185
153,186
153,187
154,156
154,157
154,158
156,158
156,159
156,160
156,161
156,162
156,163
156,164
156,165
156,166
156,167
156,168
156,169
156,170
156,171
156,173
156,174
156,175
156,176
157,158
157,159
157,160
157,161
157,163
157,164
157,165
157,166
157,167
157,168
157,169
157,170
157,171
157,173
157,174
157,175
157,176
157,177
157,178
157,180
157,181
157,182
157,183
157,184
157,185
157,186
157,187
157,190
157,191
157,192
157,193
157,194
157,197
157,198
157,199
158,159
158,160
158,161
158,162
158,164
158,165
158,166
158,167
158,168
158,169
158,170
158,171
158,172
158,173
158,174
158,175
158,176
158,177
158,178
158,179
158,180
158,181
158,182
158,183
158,184
158,185
158,186
158,187
158,188
158,189
158,190
158,191
158,193
158,194
158,195
158,196
158,197
158,198
158,199
159,160
159,161
159,162
159,163
159,164
159,165
159,168
159,175
159,176
159,179
159,188
159,193
159,194
159,196
160,161
160,162
160,164
160,165
160,166
160,167
160,169
160,170
160,171
160,173
160,174
160,176
160,177
160,178
160,179
160,180
161,162
161,164
161,165
161,166
161,167
161,168
161,169
161,170
161,171
161,172
161,173
161,174
162,163
162,164
162,165
162,166
162,167
162,169
163,164
163,165
163,168
163,169
163,170
163,171
163,172
163,173
163,174
163,175
163,176
163,178
163,179
163,180
163,181
163,184
163,185
163,187
163,188
163,193
163,194
163,195
163,196
163,197
163,198
163,199
164,165
164,166
164,168
164,169
164,170
164,171
164,172
164,173
164,174
164,175
164,176
164,177
164,178
164,179
164,180
164,181
164,182
164,183
164,184
164,185
164,187
164,188
164,189
164,190
164,192
164,193
164,194
164,195
164,196
164,197
164,198
164,199
165,166
165,167
165,169
165,171
165,172
165,173
165,174
165,177
165,178
165,179
165,180
165,182
165,183
165,184
165,185
165,186
165,187
165,189
165,190
165,191
165,192
165,194
165,195
165,197
165,198
165,199
166,168
166,170
166,171
166,172
166,173
166,174
166,176
166,177
166,178
166,179
166,180
166,182
166,183
166,184
166,185
166,186
166,187
166,188
166,189
166,191
166,192
166,196
166,198
166,199
167,168
167,169
167,170
167,171
167,172
167,173
167,174
167,175
167,176
167,177
167,178
167,180
167,181
167,182
167,184
167,185
168,169
168,170
168,172
168,173
168,174
168,175
168,176
168,177
168,178
168,179
168,180
168,181
168,182
168,184
168,185
168,186
168,187
168,188
168,189
168,190
168,191
168,192
168,193
168,194
168,196
168,197
168,198
168,199
169,171
169,172
169,173
169,174
169,175
169,176
169,177
169,178
169,179
169,180
169,181
169,182
169,183
169,184
169,185
169,188
169,189
169,190
169,191
169,192
169,193
169,196
169,197
169,198
169,199
170,171
170,172
170,173
170,174
170,175
170,176
170,177
170,178
170,179
170,180
170,181
170,182
170,183
170,184
170,185
170,186
170,187
170,188
170,189
170,190
170,191
170,192
170,193
170,194
170,195
170,196
170,197
170,198
170,199
171,172
171,173
171,174
171,175
172,173
172,174
172,175
172,176
172,177
172,178
172,180
172,181
172,182
172,183
172,184
172,185
172,187
172,188
172,189
172,191
172,192
172,193
172,194
172,195
172,196
172,198
172,199
173,174
173,175
173,176
173,177
173,178
174,175
174,176
174,178
174,179
174,181
174,182
174,183
174,184
174,185
174,186
174,187
174,188
174,189
174,190
174,191
174,192
174,194
174,195
174,196
174,197
174,198
175,176
175,177
175,178
175,179
175,180
175,181
175,182
175,183
175,184
175,185
175,186
175,187
175,188
175,189
175,190
175,191
175,192
175,193
175,194
175,196
175,197
175,198
175,199
176,177
176,178
176,179
176,181
176,182
176,183
176,184
176,186
176,187
176,188
176,189
176,190
176,191
176,192
176,193
176,194
176,196
177,179
177,180
177,181
177,182
177,183
177,184
177,185
177,187
177,188
177,189
177,190
177,192
177,193
177,194
177,195
177,198
177,199
178,179
178,180
178,181
178,182
178,183
178,184
178,185
178,186
178,187
178,188
178,189
178,190
178,191
178,192
178,193
178,194
178,195
178,196
178,197
178,198
178,199
179,181
179,183
179,184
179,185
179,186
179,187
179,188
179,189
179,190
179,191
179,192
179,193
179,194
179,196
179,199
180,181
180,182
180,183
180,184
180,185
180,186
180,187
180,189
180,190
180,191
180,192
180,193
180,195
180,196
180,197
180,198
180,199
181,182
181,183
181,184
181,185
181,186
181,187
181,188
182,183
182,184
182,185
182,186
182,187
182,188
182,189
184,185
184,186
184,187
184,188
184,192
184,193
184,195
184,196
184,197
184,198
185,186
185,187
185,188
185,189
185,190
185,191
185,192
185,193
185,194
185,195
185,198
185,199
186,188
186,189
186,190
186,191
186,192
186,193
186,194
186,195
186,197
186,198
186,199
187,191
187,192
187,193
187,194
187,195
187,196
187,197
187,198
187,199
188,189
188,190
188,191
188,193
188,194
188,195
188,196
188,197
188,198
188,199
189,190
189,191
189,192
189,193
190,191
190,192
190,193
190,194
190,195
190,196
190,197
190,198
192,193
192,194
192,197
192,198
192,199
193,194
193,195
193,196
193,197
193,198
193,199
194,195
194,196
194,197
194,198
195,196
195,197
195,199
196,197
196,198
196,199
197,198
197,199
198,199
