0,1
0,2
0,3
0,4
0,5
0,6
0,7
0,8
0,9
0,10
0,11
0,12
0,13
0,14
0,15
0,16
0,17
0,18
0,19
0,20
0,21
0,22
0,23
0,24
0,25
0,26
0,27
0,28
0,29
0,30
0,31
0,32
0,33
0,34
0,35
0,36
0,37
0,38
0,39
0,40
0,41
0,42
0,43
0,44
0,45
0,46
0,47
0,48
0,49
0,50
0,51
0,52
0,53
0,54
0,55
0,56
0,57
0,58
0,59
0,60
0,61
0,62
0,101
0,103
0,111
0,112
0,114
0,117
0,121
0,124
0,126
0,128
0,129
0,132
0,135
0,137
0,138
0,140
0,142
0,143
0,144
0,145
0,146
0,149
0,151
0,152
0,153
0,155
0,156
0,157
0,159
0,160
0,161
0,162
0,163
0,166
0,167
0,170
0,171
0,172
0,175
0,176
0,177
0,178
0,179
0,180
0,182
0,183
0,184
0,185
0,186
0,187
0,188
0,189
0,190
1,2
1,3
1,4
1,5
1,6
1,7
1,8
1,9
1,10
1,11
1,12
1,13
1,14
1,15
1,16
1,17
1,18
1,19
1,20
1,21
1,22
1,23
1,24
1,25
1,26
1,27
1,28
1,29
1,30
1,31
1,32
1,33
1,34
1,35
1,36
1,37
1,38
1,39
1,40
1,41
1,42
1,43
1,44
1,45
1,46
1,47
1,48
1,49
1,50
1,51
1,52
1,53
1,54
1,55
1,56
1,57
1,58
1,59
1,60
1,61
1,62
1,68
1,69
1,72
1,74
1,76
1,80
1,81
1,82
1,85
1,87
1,88
1,90
1,91
1,92
1,93
1,94
1,95
1,97
1,104
1,115
1,116
1,118
1,119
1,120
1,125
1,126
1,130
1,132
1,155
1,160
1,168
1,169
1,172
1,175
1,180
1,183
1,188
1,189
1,196
2,3
2,4
2,5
2,6
2,7
2,8
2,9
2,10
2,11
2,12
2,13
2,14
2,15
2,16
2,17
2,18
2,19
2,20
2,21
2,22
2,23
2,24
2,25
2,26
2,27
2,28
2,29
2,30
2,31
2,32
2,33
2,34
2,35
2,36
2,37
2,38
2,39
2,40
2,41
2,42
2,43
2,44
2,45
2,46
2,47
2,48
2,49
2,50
2,51
2,52
2,53
2,54
2,55
2,56
2,57
2,58
2,59
2,60
2,61
2,62
3,4
3,5
3,6
3,7
3,8
3,9
3,10
3,11
3,12
3,13
3,14
3,15
3,16
3,17
3,18
3,19
3,20
3,21
3,22
3,23
3,24
3,25
3,26
3,27
3,28
3,29
3,30
3,31
3,32
3,33
3,34
3,35
3,36
3,37
3,38
3,39
3,40
3,41
3,42
3,43
3,44
3,45
3,46
3,47
3,48
3,49
3,50
3,51
3,52
3,53
3,54
3,55
3,56
3,57
3,58
3,59
3,60
3,61
3,62
4,5
4,6
4,7
4,8
4,9
4,10
4,11
4,12
4,13
4,14
4,15
4,16
4,17
4,18
4,19
4,20
4,21
4,22
4,23
4,24
4,25
4,26
4,27
4,28
4,29
4,30
4,31
4,32
4,33
4,34
4,35
4,36
4,37
4,38
4,39
4,40
4,41
4,42
4,43
4,44
4,45
4,46
4,47
4,48
4,49
4,50
4,51
4,52
4,53
4,54
4,55
4,56
4,57
4,58
4,59
4,60
4,61
4,62
5,6
5,7
5,8
5,9
5,10
5,11
5,12
5,13
5,14
5,15
5,16
5,17
5,18
5,19
5,20
5,21
5,22
5,23
5,24
5,25
5,26
5,27
5,28
5,29
5,30
5,31
5,32
5,33
5,34
5,35
5,36
5,37
5,38
5,39
5,40
5,41
5,42
5,43
5,44
5,45
5,46
5,47
5,48
5,49
5,50
5,51
5,52
5,53
5,54
5,55
5,56
5,57
5,58
5,59
5,60
5,61
5,62
6,7
6,8
6,9
6,10
6,11
6,12
6,13
6,14
6,15
6,16
6,17
6,18
6,19
6,20
6,21
6,22
6,23
6,24
6,25
6,26
6,27
6,28
6,29
6,30
6,31
6,32
6,33
6,34
6,35
6,36
6,37
6,38
6,39
6,40
6,41
6,42
6,43
6,44
6,45
6,46
6,47
6,48
6,49
6,50
6,51
6,52
6,53
6,54
6,55
6,56
6,57
6,58
6,59
6,60
6,61
6,62
6,68
6,69
6,72
6,74
6,76
6,80
6,81
6,82
6,85
6,87
6,88
6,90
6,91
6,92
6,93
6,94
6,95
6,97
6,104
6,115
6,116
6,118
6,119
6,120
6,125
6,126
6,130
6,132
6,155
6,160
6,168
6,169
6,172
6,175
6,180
6,183
6,188
6,189
6,196
7,8
7,9
7,10
7,11
7,12
7,13
7,14
7,15
7,16
7,17
7,18
7,19
7,20
7,21
7,22
7,23
7,24
7,25
7,26
7,27
7,28
7,29
7,30
7,31
7,32
7,33
7,34
7,35
7,36
7,37
7,38
7,39
7,40
7,41
7,42
7,43
7,44
7,45
7,46
7,47
7,48
7,49
7,50
7,51
7,52
7,53
7,54
7,55
7,56
7,57
7,58
7,59
7,60
7,61
7,62
7,68
7,69
7,72
7,74
7,76
7,80
7,81
7,82
7,85
7,87
7,88
7,90
7,91
7,92
7,93
7,94
7,95
7,97
7,104
7,115
7,116
7,118
7,119
7,120
7,125
7,126
7,130
7,132
7,155
7,160
7,168
7,169
7,172
7,175
7,180
7,183
7,188
7,189
7,196
8,9
8,10
8,11
8,12
8,13
8,14
8,15
8,16
8,17
8,18
8,19
8,20
8,21
8,22
8,23
8,24
8,25
8,26
8,27
8,28
8,29
8,30
8,31
8,32
8,33
8,34
8,35
8,36
8,37
8,38
8,39
8,40
8,41
8,42
8,43
8,44
8,45
8,46
8,47
8,48
8,49
8,50
8,51
8,52
8,53
8,54
8,55
8,56
8,57
8,58
8,59
8,60
8,61
8,62
8,68
8,69
8,72
8,74
8,76
8,80
8,81
8,82
8,85
8,87
8,88
8,90
8,91
8,92
8,93
8,94
8,95
8,97
8,104
8,111
8,115
8,116
8,118
8,119
8,120
8,124
8,125
8,126
8,129
8,130
8,131
8,132
8,135
8,137
8,143
8,144
8,145
8,151
8,152
8,153
8,155
8,157
8,160
8,161
8,162
8,163
8,164
8,167
8,168
8,169
8,172
8,175
8,180
8,183
8,188
8,189
8,196
9,10
9,11
9,12
9,13
9,14
9,15
9,16
9,17
9,18
9,19
9,20
9,21
9,22
9,23
9,24
9,25
9,26
9,27
9,28
9,29
9,30
9,31
9,32
9,33
9,34
9,35
9,36
9,37
9,38
9,39
9,40
9,41
9,42
9,43
9,44
9,45
9,46
9,47
9,48
9,49
9,50
9,51
9,52
9,53
9,54
9,55
9,56
9,57
9,58
9,59
9,60
9,61
9,62
9,68
9,69
9,72
9,74
9,76
9,80
9,81
9,82
9,85
9,87
9,88
9,90
9,91
9,92
9,93
9,94
9,95
9,97
9,104
9,115
9,116
9,118
9,119
9,120
9,125
9,126
9,130
9,132
9,155
9,160
9,168
9,169
9,172
9,175
9,180
9,183
9,188
9,189
9,196
10,11
10,12
10,13
10,14
10,15
10,16
10,17
10,18
10,19
10,20
10,21
10,22
10,23
10,24
10,25
10,26
10,27
10,28
10,29
10,30
10,31
10,32
10,33
10,34
10,35
10,36
10,37
10,38
10,39
10,40
10,41
10,42
10,43
10,44
10,45
10,46
10,47
10,48
10,49
10,50
10,51
10,52
10,53
10,54
10,55
10,56
10,57
10,58
10,59
10,60
10,61
10,62
10,73
10,75
11,12
11,13
11,14
11,15
11,16
11,17
11,18
11,19
11,20
11,21
11,22
11,23
11,24
11,25
11,26
11,27
11,28
11,29
11,30
11,31
11,32
11,33
11,34
11,35
11,36
11,37
11,38
11,39
11,40
11,41
11,42
11,43
11,44
11,45
11,46
11,47
11,48
11,49
11,50
11,51
11,52
11,53
11,54
11,55
11,56
11,57
11,58
11,59
11,60
11,61
11,62
11,68
11,69
11,71
11,72
11,73
11,74
11,75
11,76
11,77
11,79
11,80
11,81
11,82
11,83
11,85
11,87
11,88
11,89
11,90
11,91
11,92
11,93
11,94
11,95
11,97
11,99
11,101
11,104
11,106
11,107
11,110
11,111
11,112
11,114
11,115
11,116
11,117
11,118
11,119
11,120
11,124
11,125
11,126
11,129
11,130
11,132
11,135
11,155
11,160
11,168
11,169
11,172
11,175
11,180
11,183
11,188
11,189
11,196
12,13
12,14
12,15
12,16
12,17
12,18
12,19
12,20
12,21
12,22
12,23
12,24
12,25
12,26
12,27
12,28
12,29
12,30
12,31
12,32
12,33
12,34
12,35
12,36
12,37
12,38
12,39
12,40
12,41
12,42
12,43
12,44
12,45
12,46
12,47
12,48
12,49
12,50
12,51
12,52
12,53
12,54
12,55
12,56
12,57
12,58
12,59
12,60
12,61
12,62
12,65
12,67
12,68
12,69
12,71
12,73
12,75
12,77
12,78
12,79
12,81
12,83
12,85
12,86
12,88
12,89
12,95
12,96
12,99
12,101
12,104
12,105
12,106
12,107
12,108
12,110
12,111
12,112
12,114
12,121
12,124
12,128
12,129
12,130
12,131
12,135
12,139
12,140
12,143
12,145
12,149
12,152
12,153
12,154
12,155
12,156
12,157
12,159
12,160
12,161
12,162
12,163
12,165
12,169
12,170
12,171
12,172
12,173
12,178
12,179
12,186
12,189
12,193
12,198
13,14
13,15
13,16
13,17
13,18
13,19
13,20
13,21
13,22
13,23
13,24
13,25
13,26
13,27
13,28
13,29
13,30
13,31
13,32
13,33
13,34
13,35
13,36
13,37
13,38
13,39
13,40
13,41
13,42
13,43
13,44
13,45
13,46
13,47
13,48
13,49
13,50
13,51
13,52
13,53
13,54
13,55
13,56
13,57
13,58
13,59
13,60
13,61
13,62
13,65
13,66
13,67
13,68
13,69
13,70
13,71
13,73
13,75
13,76
13,77
13,78
13,79
13,81
13,82
13,83
13,85
13,86
13,92
13,96
13,99
13,101
13,102
13,103
13,105
13,106
13,108
13,109
13,110
13,112
13,114
13,117
13,121
13,122
13,124
13,126
13,127
13,128
13,129
13,130
13,131
13,135
13,137
13,138
13,139
13,140
13,141
13,143
13,144
13,145
13,146
13,147
13,148
13,149
13,151
13,152
13,153
13,156
13,157
13,160
13,161
13,162
13,163
13,164
13,165
13,166
13,167
13,168
13,169
13,170
13,171
13,172
13,173
13,174
13,176
13,177
13,178
13,180
13,181
13,182
13,183
13,184
13,185
13,187
13,188
13,192
13,193
13,194
13,195
13,197
13,198
14,15
14,16
14,17
14,18
14,19
14,20
14,21
14,22
14,23
14,24
14,25
14,26
14,27
14,28
14,29
14,30
14,31
14,32
14,33
14,34
14,35
14,36
14,37
14,38
14,39
14,40
14,41
14,42
14,43
14,44
14,45
14,46
14,47
14,48
14,49
14,50
14,51
14,52
14,53
14,54
14,55
14,56
14,57
14,58
14,59
14,60
14,61
14,62
14,67
14,68
14,69
14,72
14,74
14,76
14,80
14,81
14,82
14,85
14,87
14,88
14,90
14,91
14,92
14,93
14,94
14,95
14,97
14,104
14,115
14,116
14,118
14,119
14,120
14,125
14,126
14,130
14,132
14,155
14,160
14,168
14,169
14,172
14,175
14,180
14,183
14,188
14,189
14,196
15,16
15,17
15,18
15,19
15,20
15,21
15,22
15,23
15,24
15,25
15,26
15,27
15,28
15,29
15,30
15,31
15,32
15,33
15,34
15,35
15,36
15,37
15,38
15,39
15,40
15,41
15,42
15,43
15,44
15,45
15,46
15,47
15,48
15,49
15,50
15,51
15,52
15,53
15,54
15,55
15,56
15,57
15,58
15,59
15,60
15,61
15,62
15,68
15,69
15,72
15,74
15,76
15,78
15,79
15,80
15,81
15,82
15,85
15,87
15,88
15,90
15,91
15,92
15,93
15,94
15,95
15,97
15,104
15,115
15,116
15,118
15,119
15,120
15,125
15,126
15,130
15,132
15,155
15,160
15,168
15,169
15,172
15,175
15,180
15,183
15,188
15,189
15,196
16,17
16,18
16,19
16,20
16,21
16,22
16,23
16,24
16,25
16,26
16,27
16,28
16,29
16,30
16,31
16,32
16,33
16,34
16,35
16,36
16,37
16,38
16,39
16,40
16,41
16,42
16,43
16,44
16,45
16,46
16,47
16,48
16,49
16,50
16,51
16,52
16,53
16,54
16,55
16,56
16,57
16,58
16,59
16,60
16,61
16,62
16,66
16,67
16,68
16,69
16,70
16,71
16,72
16,73
16,75
16,76
16,77
16,78
16,79
16,81
16,82
16,85
16,88
16,89
16,92
16,94
16,95
16,96
16,98
16,99
16,100
16,101
16,102
16,103
16,104
16,106
16,109
16,110
16,111
16,112
16,114
16,117
16,118
16,120
16,121
16,122
16,123
16,126
16,127
16,128
16,130
16,131
16,134
16,135
16,137
16,138
16,140
16,141
16,142
16,143
16,144
16,145
16,146
16,147
16,148
16,151
16,152
16,153
16,154
16,155
16,156
17,18
17,19
17,20
17,21
17,22
17,23
17,24
17,25
17,26
17,27
17,28
17,29
17,30
17,31
17,32
17,33
17,34
17,35
17,36
17,37
17,38
17,39
17,40
17,41
17,42
17,43
17,44
17,45
17,46
17,47
17,48
17,49
17,50
17,51
17,52
17,53
17,54
17,55
17,56
17,57
17,58
17,59
17,60
17,61
17,62
17,72
17,73
17,74
17,76
17,77
17,78
17,79
17,81
17,82
17,83
17,85
17,86
17,89
17,90
17,93
17,94
17,95
17,96
17,99
17,100
17,101
17,102
17,103
17,104
18,19
18,20
18,21
18,22
18,23
18,24
18,25
18,26
18,27
18,28
18,29
18,30
18,31
18,32
18,33
18,34
18,35
18,36
18,37
18,38
18,39
18,40
18,41
18,42
18,43
18,44
18,45
18,46
18,47
18,48
18,49
18,50
18,51
18,52
18,53
18,54
18,55
18,56
18,57
18,58
18,59
18,60
18,61
18,62
18,68
18,69
18,70
18,71
18,72
18,73
18,74
18,75
18,76
18,78
18,79
18,81
18,82
18,83
18,84
18,85
18,86
18,88
18,89
18,90
18,91
18,92
18,93
18,94
18,95
18,96
18,97
18,98
18,101
18,103
18,104
18,105
18,107
18,109
18,110
18,112
18,114
18,117
18,118
18,121
18,122
18,124
18,127
18,128
18,130
18,132
18,134
18,135
18,136
18,137
18,140
18,143
18,144
18,146
18,147
18,148
18,150
18,151
18,155
18,156
18,157
18,158
18,159
18,160
18,162
18,163
18,164
18,165
18,166
18,167
18,168
18,169
18,170
18,171
18,172
18,173
18,177
18,178
18,179
18,180
18,181
18,182
18,185
18,187
18,190
18,191
18,192
18,194
18,195
18,196
18,197
18,198
19,20
19,21
19,22
19,23
19,24
19,25
19,26
19,27
19,28
19,29
19,30
19,31
19,32
19,33
19,34
19,35
19,36
19,37
19,38
19,39
19,40
19,41
19,42
19,43
19,44
19,45
19,46
19,47
19,48
19,49
19,50
19,51
19,52
19,53
19,54
19,55
19,56
19,57
19,58
19,59
19,60
19,61
19,62
19,68
19,69
19,72
19,74
19,76
19,80
19,81
19,82
19,85
19,87
19,88
19,90
19,91
19,92
19,93
19,94
19,95
19,97
19,104
19,115
19,116
19,118
19,119
19,120
19,125
19,126
19,130
19,132
19,155
19,160
19,168
19,169
19,172
19,175
19,180
19,183
19,188
19,189
19,196
20,21
20,22
20,23
20,24
20,25
20,26
20,27
20,28
20,29
20,30
20,31
20,32
20,33
20,34
20,35
20,36
20,37
20,38
20,39
20,40
20,41
20,42
20,43
20,44
20,45
20,46
20,47
20,48
20,49
20,50
20,51
20,52
20,53
20,54
20,55
20,56
20,57
20,58
20,59
20,60
20,61
20,62
21,22
21,23
21,24
21,25
21,26
21,27
21,28
21,29
21,30
21,31
21,32
21,33
21,34
21,35
21,36
21,37
21,38
21,39
21,40
21,41
21,42
21,43
21,44
21,45
21,46
21,47
21,48
21,49
21,50
21,51
21,52
21,53
21,54
21,55
21,56
21,57
21,58
21,59
21,60
21,61
21,62
21,68
21,69
21,71
21,72
21,73
21,74
21,75
21,76
21,78
21,79
21,80
21,81
21,82
21,83
21,84
21,85
21,86
21,87
21,88
21,90
21,91
21,92
21,93
21,94
21,95
21,96
21,97
21,98
21,99
21,101
21,103
21,104
21,105
21,106
21,107
21,108
21,111
21,112
21,113
21,114
21,115
21,116
21,117
21,118
21,119
21,120
21,121
21,122
21,123
21,124
21,125
21,126
21,127
21,129
21,130
21,131
21,132
21,135
21,136
21,137
21,139
21,140
21,141
21,143
21,144
21,145
21,146
21,147
21,154
21,155
21,156
21,157
21,158
21,159
21,160
21,161
21,162
21,163
21,165
21,166
21,167
21,168
21,169
21,170
21,171
21,172
21,174
21,175
21,178
21,179
21,180
21,181
21,182
21,183
21,188
21,189
21,196
22,23
22,24
22,25
22,26
22,27
22,28
22,29
22,30
22,31
22,32
22,33
22,34
22,35
22,36
22,37
22,38
22,39
22,40
22,41
22,42
22,43
22,44
22,45
22,46
22,47
22,48
22,49
22,50
22,51
22,52
22,53
22,54
22,55
22,56
22,57
22,58
22,59
22,60
22,61
22,62
22,72
22,73
22,74
22,75
22,77
22,78
22,79
22,81
22,83
22,84
22,86
22,87
22,88
22,89
22,92
22,93
22,96
22,97
22,98
22,99
22,100
22,101
22,102
22,103
22,105
22,107
22,108
22,109
22,110
22,111
22,112
22,113
22,114
22,117
22,120
22,121
22,122
22,123
22,124
22,126
22,127
22,128
22,129
22,130
22,131
22,132
22,133
22,134
22,135
22,136
22,137
22,138
22,139
22,140
22,141
22,142
23,24
23,25
23,26
23,27
23,28
23,29
23,30
23,31
23,32
23,33
23,34
23,35
23,36
23,37
23,38
23,39
23,40
23,41
23,42
23,43
23,44
23,45
23,46
23,47
23,48
23,49
23,50
23,51
23,52
23,53
23,54
23,55
23,56
23,57
23,58
23,59
23,60
23,61
23,62
23,68
23,69
23,70
23,71
23,72
23,73
23,74
23,76
23,77
23,79
23,80
23,82
23,83
23,84
23,85
23,86
23,87
23,88
23,89
23,90
23,92
23,93
23,95
23,96
23,97
23,98
23,99
23,101
23,102
23,103
23,105
23,106
23,107
23,108
23,109
23,110
23,112
23,113
23,114
23,115
23,116
23,117
23,118
23,120
23,121
23,122
23,123
23,124
23,126
23,127
23,128
23,129
23,131
23,132
23,133
23,134
23,135
23,136
23,137
23,138
23,139
23,141
23,142
23,143
23,144
23,145
23,146
23,147
24,25
24,26
24,27
24,28
24,29
24,30
24,31
24,32
24,33
24,34
24,35
24,36
24,37
24,38
24,39
24,40
24,41
24,42
24,43
24,44
24,45
24,46
24,47
24,48
24,49
24,50
24,51
24,52
24,53
24,54
24,55
24,56
24,57
24,58
24,59
24,60
24,61
24,62
24,70
24,71
24,72
24,73
24,74
24,75
24,76
24,77
24,79
24,80
24,81
24,82
24,83
24,84
24,85
24,86
24,87
24,88
24,89
24,90
24,91
24,92
24,93
24,94
24,96
24,97
24,98
24,99
24,100
24,101
24,103
24,104
24,105
24,106
24,109
24,110
24,111
24,113
24,114
24,115
24,116
24,117
24,118
24,120
25,26
25,27
25,28
25,29
25,30
25,31
25,32
25,33
25,34
25,35
25,36
25,37
25,38
25,39
25,40
25,41
25,42
25,43
25,44
25,45
25,46
25,47
25,48
25,49
25,50
25,51
25,52
25,53
25,54
25,55
25,56
25,57
25,58
25,59
25,60
25,61
25,62
25,68
25,69
25,72
25,74
25,76
25,80
25,81
25,82
25,85
25,87
25,88
25,90
25,91
25,92
25,93
25,94
25,95
25,97
25,104
25,115
25,116
25,118
25,119
25,120
25,125
25,126
25,130
25,132
25,155
25,160
25,168
25,169
25,172
25,175
25,180
25,183
25,188
25,189
25,196
26,27
26,28
26,29
26,30
26,31
26,32
26,33
26,34
26,35
26,36
26,37
26,38
26,39
26,40
26,41
26,42
26,43
26,44
26,45
26,46
26,47
26,48
26,49
26,50
26,51
26,52
26,53
26,54
26,55
26,56
26,57
26,58
26,59
26,60
26,61
26,62
26,67
26,68
26,69
26,70
26,71
26,72
26,73
26,74
26,75
26,76
26,77
26,78
26,79
26,80
26,81
26,82
26,83
26,84
26,85
26,86
26,87
26,88
26,89
26,90
26,91
26,92
26,93
26,94
26,95
26,97
26,101
26,103
26,104
26,108
26,109
26,110
26,111
26,112
26,113
26,115
26,116
26,117
26,118
26,119
26,120
26,122
26,123
26,124
26,125
26,126
26,127
26,129
26,130
26,132
26,133
26,134
26,135
26,136
26,137
26,139
26,141
26,142
26,143
26,144
26,145
26,146
26,147
26,150
26,153
26,154
26,155
26,157
26,158
26,159
26,160
26,162
26,163
26,165
26,166
26,168
26,169
26,171
26,172
26,173
26,174
26,175
26,176
26,177
26,178
26,179
26,180
26,181
26,182
26,183
26,184
26,186
26,187
26,188
26,189
26,190
26,191
26,192
26,193
26,194
26,195
26,196
26,198
26,199
27,28
27,29
27,30
27,31
27,32
27,33
27,34
27,35
27,36
27,37
27,38
27,39
27,40
27,41
27,42
27,43
27,44
27,45
27,46
27,47
27,48
27,49
27,50
27,51
27,52
27,53
27,54
27,55
27,56
27,57
27,58
27,59
27,60
27,61
27,62
27,68
27,69
27,72
27,74
27,76
27,77
27,79
27,80
27,81
27,82
27,84
27,85
27,86
27,87
27,88
27,89
27,90
27,91
27,92
27,93
27,94
27,95
27,96
27,97
27,98
27,99
27,101
27,102
27,103
27,104
27,105
27,106
27,107
27,108
27,109
27,110
27,111
27,112
27,115
27,116
27,118
27,119
27,120
27,125
27,126
27,130
27,132
27,155
27,160
27,168
27,169
27,172
27,175
27,180
27,183
27,188
27,189
27,196
28,29
28,30
28,31
28,32
28,33
28,34
28,35
28,36
28,37
28,38
28,39
28,40
28,41
28,42
28,43
28,44
28,45
28,46
28,47
28,48
28,49
28,50
28,51
28,52
28,53
28,54
28,55
28,56
28,57
28,58
28,59
28,60
28,61
28,62
28,68
28,69
28,72
28,74
28,76
28,79
28,80
28,81
28,82
28,83
28,84
28,85
28,87
28,88
28,90
28,91
28,92
28,93
28,94
28,95
28,97
28,98
28,99
28,100
28,101
28,104
28,115
28,116
28,118
28,119
28,120
28,125
28,126
28,130
28,132
28,155
28,160
28,168
28,169
28,172
28,175
28,180
28,183
28,188
28,189
28,196
29,30
29,31
29,32
29,33
29,34
29,35
29,36
29,37
29,38
29,39
29,40
29,41
29,42
29,43
29,44
29,45
29,46
29,47
29,48
29,49
29,50
29,51
29,52
29,53
29,54
29,55
29,56
29,57
29,58
29,59
29,60
29,61
29,62
29,77
29,78
29,79
29,80
29,81
29,82
29,83
29,84
29,86
29,87
29,88
29,90
29,91
29,93
30,31
30,32
30,33
30,34
30,35
30,36
30,37
30,38
30,39
30,40
30,41
30,42
30,43
30,44
30,45
30,46
30,47
30,48
30,49
30,50
30,51
30,52
30,53
30,54
30,55
30,56
30,57
30,58
30,59
30,60
30,61
30,62
30,68
30,69
30,72
30,74
30,76
30,80
30,81
30,82
30,85
30,87
30,88
30,90
30,91
30,92
30,93
30,94
30,95
30,97
30,104
30,115
30,116
30,118
30,119
30,120
30,125
30,126
30,130
30,132
30,155
30,160
30,168
30,169
30,172
30,175
30,180
30,183
30,188
30,189
30,196
31,32
31,33
31,34
31,35
31,36
31,37
31,38
31,39
31,40
31,41
31,42
31,43
31,44
31,45
31,46
31,47
31,48
31,49
31,50
31,51
31,52
31,53
31,54
31,55
31,56
31,57
31,58
31,59
31,60
31,61
31,62
31,68
31,69
31,72
31,74
31,76
31,80
31,81
31,82
31,85
31,87
31,88
31,89
31,90
31,91
31,92
31,93
31,94
31,95
31,97
31,99
31,100
31,101
31,102
31,104
31,115
31,116
31,118
31,119
31,120
31,125
31,126
31,130
31,132
31,155
31,160
31,168
31,169
31,172
31,175
31,180
31,183
31,188
31,189
31,196
32,33
32,34
32,35
32,36
32,37
32,38
32,39
32,40
32,41
32,42
32,43
32,44
32,45
32,46
32,47
32,48
32,49
32,50
32,51
32,52
32,53
32,54
32,55
32,56
32,57
32,58
32,59
32,60
32,61
32,62
32,70
32,73
32,74
32,75
32,76
32,77
32,78
32,79
32,80
32,81
32,82
32,83
32,84
32,85
32,87
32,88
32,89
32,90
32,91
32,93
32,94
32,96
32,98
32,99
32,100
32,101
32,102
32,103
32,105
32,107
32,108
32,109
32,110
32,111
32,112
32,113
32,114
32,115
32,119
32,120
32,121
33,34
33,35
33,36
33,37
33,38
33,39
33,40
33,41
33,42
33,43
33,44
33,45
33,46
33,47
33,48
33,49
33,50
33,51
33,52
33,53
33,54
33,55
33,56
33,57
33,58
33,59
33,60
33,61
33,62
33,68
33,69
33,72
33,74
33,76
33,80
33,81
33,82
33,85
33,87
33,88
33,90
33,91
33,92
33,93
33,94
33,95
33,97
33,104
33,115
33,116
33,118
33,119
33,120
33,125
33,126
33,130
33,132
33,155
33,160
33,168
33,169
33,172
33,175
33,180
33,183
33,188
33,189
33,196
34,35
34,36
34,37
34,38
34,39
34,40
34,41
34,42
34,43
34,44
34,45
34,46
34,47
34,48
34,49
34,50
34,51
34,52
34,53
34,54
34,55
34,56
34,57
34,58
34,59
34,60
34,61
34,62
34,68
34,69
34,71
34,72
34,73
34,74
34,75
34,76
34,78
34,79
34,80
34,81
34,82
34,83
34,85
34,86
34,87
34,88
34,89
34,90
34,91
34,92
34,93
34,94
34,95
34,97
34,98
34,99
34,100
34,101
34,102
34,103
34,104
34,107
34,108
34,110
34,112
34,113
34,114
34,115
34,116
34,117
34,118
34,119
34,120
34,121
34,122
34,124
34,125
34,126
34,127
34,130
34,132
34,133
34,134
34,135
34,136
34,138
34,139
34,140
34,141
34,142
34,144
34,145
34,146
34,148
34,149
34,150
34,151
34,153
34,155
34,156
34,157
34,158
34,159
34,160
34,162
34,163
34,165
34,166
34,168
34,169
34,170
34,172
34,173
34,174
34,175
34,177
34,178
34,180
34,181
34,183
34,186
34,187
34,188
34,189
34,191
34,192
34,194
34,196
34,198
34,199
35,36
35,37
35,38
35,39
35,40
35,41
35,42
35,43
35,44
35,45
35,46
35,47
35,48
35,49
35,50
35,51
35,52
35,53
35,54
35,55
35,56
35,57
35,58
35,59
35,60
35,61
35,62
36,37
36,38
36,39
36,40
36,41
36,42
36,43
36,44
36,45
36,46
36,47
36,48
36,49
36,50
36,51
36,52
36,53
36,54
36,55
36,56
36,57
36,58
36,59
36,60
36,61
36,62
36,77
36,78
36,79
36,80
36,81
36,83
36,84
36,85
36,86
36,87
36,89
36,90
36,91
36,92
36,93
36,94
36,95
36,96
36,97
36,98
36,99
36,100
36,101
36,102
36,103
36,105
36,106
36,107
36,108
36,109
36,110
36,111
36,112
37,38
37,39
37,40
37,41
37,42
37,43
37,44
37,45
37,46
37,47
37,48
37,49
37,50
37,51
37,52
37,53
37,54
37,55
37,56
37,57
37,58
37,59
37,60
37,61
37,62
37,71
37,72
37,73
37,75
37,78
37,79
37,80
37,81
37,82
37,83
37,84
37,85
37,86
37,87
37,88
37,89
37,90
37,91
37,92
37,93
37,94
37,95
37,96
37,97
37,98
37,100
37,101
37,102
37,103
37,104
37,106
37,107
37,108
37,109
38,39
38,40
38,41
38,42
38,43
38,44
38,45
38,46
38,47
38,48
38,49
38,50
38,51
38,52
38,53
38,54
38,55
38,56
38,57
38,58
38,59
38,60
38,61
38,62
38,74
38,75
38,76
38,77
38,78
38,79
38,80
38,81
39,40
39,41
39,42
39,43
39,44
39,45
39,46
39,47
39,48
39,49
39,50
39,51
39,52
39,53
39,54
39,55
39,56
39,57
39,58
39,59
39,60
39,61
39,62
39,68
39,69
39,70
39,71
39,72
39,73
39,74
39,75
39,76
39,77
39,79
39,80
39,81
39,82
39,83
39,84
39,85
39,86
39,87
39,88
39,89
39,90
39,91
39,92
39,93
39,94
39,95
39,97
39,98
39,99
39,101
39,103
39,104
39,105
39,106
39,107
39,108
39,110
39,111
39,113
39,114
39,115
39,116
39,117
39,118
39,119
39,120
39,122
39,123
39,124
39,125
39,126
39,129
39,130
39,132
39,133
39,134
39,135
39,136
39,137
39,141
39,155
39,160
39,168
39,169
39,172
39,175
39,180
39,183
39,188
39,189
39,196
40,41
40,42
40,43
40,44
40,45
40,46
40,47
40,48
40,49
40,50
40,51
40,52
40,53
40,54
40,55
40,56
40,57
40,58
40,59
40,60
40,61
40,62
41,42
41,43
41,44
41,45
41,46
41,47
41,48
41,49
41,50
41,51
41,52
41,53
41,54
41,55
41,56
41,57
41,58
41,59
41,60
41,61
41,62
41,77
41,78
41,80
41,81
41,82
41,83
41,84
41,85
41,86
41,88
41,89
41,90
41,91
42,43
42,44
42,45
42,46
42,47
42,48
42,49
42,50
42,51
42,52
42,53
42,54
42,55
42,56
42,57
42,58
42,59
42,60
42,61
42,62
42,68
42,69
42,72
42,73
42,74
42,75
42,76
42,77
42,78
42,80
42,81
42,82
42,85
42,87
42,88
42,90
42,91
42,92
42,93
42,94
42,95
42,97
42,104
42,115
42,116
42,118
42,119
42,120
42,125
42,126
42,130
42,132
42,155
42,160
42,168
42,169
42,172
42,175
42,180
42,183
42,188
42,189
42,196
43,44
43,45
43,46
43,47
43,48
43,49
43,50
43,51
43,52
43,53
43,54
43,55
43,56
43,57
43,58
43,59
43,60
43,61
43,62
43,68
43,69
43,70
43,71
43,72
43,73
43,75
43,77
43,78
43,79
43,80
43,81
43,82
43,84
43,85
43,86
43,87
43,88
43,89
43,90
43,92
43,93
43,94
43,98
43,99
43,101
43,102
43,103
43,105
43,107
43,109
43,110
43,111
43,112
43,113
43,114
43,115
43,117
43,121
43,122
43,123
43,124
43,129
43,131
43,133
43,134
43,135
43,136
43,137
43,138
43,139
43,143
43,144
43,145
43,146
43,148
43,151
43,152
43,156
43,157
43,158
43,159
43,160
43,162
43,164
43,165
43,166
43,167
43,169
43,170
43,172
43,174
43,178
43,179
43,181
43,182
44,45
44,46
44,47
44,48
44,49
44,50
44,51
44,52
44,53
44,54
44,55
44,56
44,57
44,58
44,59
44,60
44,61
44,62
44,71
44,72
44,73
44,74
44,75
44,76
44,77
44,78
44,79
44,80
44,81
44,82
44,83
44,84
44,85
44,86
44,87
44,88
44,89
44,90
44,91
44,92
44,93
44,94
44,95
44,96
44,98
44,99
44,101
44,102
44,104
44,105
44,106
44,107
44,108
44,109
44,110
44,111
44,114
44,115
44,116
44,117
44,118
44,119
44,120
44,121
44,122
44,123
44,124
45,46
45,47
45,48
45,49
45,50
45,51
45,52
45,53
45,54
45,55
45,56
45,57
45,58
45,59
45,60
45,61
45,62
45,68
45,69
45,72
45,74
45,76
45,80
45,81
45,82
45,85
45,87
45,88
45,90
45,91
45,92
45,93
45,94
45,95
45,97
45,104
45,115
45,116
45,118
45,119
45,120
45,125
45,126
45,130
45,132
45,155
45,160
45,168
45,169
45,172
45,175
45,180
45,183
45,188
45,189
45,196
46,47
46,48
46,49
46,50
46,51
46,52
46,53
46,54
46,55
46,56
46,57
46,58
46,59
46,60
46,61
46,62
46,66
46,67
46,68
46,69
46,70
46,73
46,74
46,75
46,76
46,77
46,78
46,79
46,80
46,82
46,83
46,84
46,85
46,86
46,88
46,89
46,90
46,91
46,92
46,93
46,94
46,96
46,98
46,99
47,48
47,49
47,50
47,51
47,52
47,53
47,54
47,55
47,56
47,57
47,58
47,59
47,60
47,61
47,62
47,68
47,69
47,72
47,74
47,76
47,80
47,81
47,82
47,85
47,87
47,88
47,90
47,91
47,92
47,93
47,94
47,95
47,97
47,104
47,115
47,116
47,118
47,119
47,120
47,125
47,126
47,130
47,132
47,155
47,160
47,168
47,169
47,172
47,175
47,180
47,183
47,188
47,189
47,196
48,49
48,50
48,51
48,52
48,53
48,54
48,55
48,56
48,57
48,58
48,59
48,60
48,61
48,62
48,72
48,73
48,74
48,75
48,76
48,77
48,79
48,80
48,81
48,82
48,83
48,84
48,85
48,86
48,88
48,89
48,90
48,91
48,92
48,93
48,95
48,96
48,98
48,99
48,100
48,101
48,104
48,106
48,107
48,108
48,110
48,112
48,113
48,114
48,115
48,117
48,118
48,119
48,120
48,122
48,123
48,124
48,125
48,127
48,128
48,131
48,134
48,135
48,136
48,137
49,50
49,51
49,52
49,53
49,54
49,55
49,56
49,57
49,58
49,59
49,60
49,61
49,62
49,69
49,70
49,71
49,72
49,73
49,74
49,75
49,76
49,77
49,78
49,79
49,80
49,81
49,82
49,84
49,85
49,86
49,87
49,88
49,89
50,51
50,52
50,53
50,54
50,55
50,56
50,57
50,58
50,59
50,60
50,61
50,62
50,70
50,71
50,72
50,73
50,74
50,75
50,76
50,77
50,78
50,79
50,81
50,82
50,83
50,84
50,85
50,86
50,87
50,88
50,89
50,90
50,91
50,92
50,93
50,94
50,95
50,96
50,97
50,98
50,99
50,102
50,103
50,104
50,105
50,106
50,107
50,108
50,109
50,110
50,112
50,113
50,114
50,115
50,116
50,117
50,118
50,119
51,52
51,53
51,54
51,55
51,56
51,57
51,58
51,59
51,60
51,61
51,62
51,68
51,69
51,70
51,71
51,72
51,73
51,74
51,75
51,76
51,77
51,78
51,79
51,80
51,81
51,82
51,83
51,84
51,85
51,86
51,87
51,88
51,89
51,90
51,91
51,92
51,93
51,94
51,95
51,97
51,98
51,99
51,100
51,101
51,102
51,103
51,104
51,105
51,106
51,107
51,108
51,109
51,110
51,111
51,112
51,113
51,114
51,115
51,116
51,117
51,118
51,119
51,123
51,125
51,127
51,128
51,129
51,131
51,133
51,134
51,135
51,137
51,138
51,140
51,141
51,148
51,150
51,155
51,156
51,157
51,159
51,162
51,163
51,164
51,165
51,166
51,167
51,170
51,171
51,173
51,174
51,175
51,176
51,177
51,181
51,182
51,190
51,191
51,192
51,199
52,53
52,54
52,55
52,56
52,57
52,58
52,59
52,60
52,61
52,62
53,54
53,55
53,56
53,57
53,58
53,59
53,60
53,61
53,62
54,55
54,56
54,57
54,58
54,59
54,60
54,61
54,62
55,56
55,57
55,58
55,59
55,60
55,61
55,62
56,57
56,58
56,59
56,60
56,61
56,62
56,68
56,69
56,72
56,74
56,76
56,80
56,81
56,82
56,85
56,87
56,88
56,90
56,91
56,92
56,93
56,94
56,95
56,97
56,104
56,115
56,116
56,118
56,119
56,120
56,125
56,126
56,130
56,132
56,155
56,160
56,168
56,169
56,172
56,175
56,180
56,183
56,188
56,189
56,196
57,58
57,59
57,60
57,61
57,62
57,74
57,75
57,77
57,78
57,79
57,80
57,81
57,83
57,84
57,87
57,88
57,89
57,90
57,92
57,93
57,94
57,97
57,98
57,99
57,101
57,102
57,103
57,104
57,106
57,107
57,108
57,109
57,110
57,111
57,112
57,113
57,114
57,115
57,117
57,119
57,120
57,121
57,122
57,123
57,125
57,126
57,127
57,128
57,129
57,131
57,132
57,133
57,135
57,136
57,139
57,140
58,59
58,60
58,61
58,62
58,66
58,69
58,70
58,71
58,72
58,73
58,74
58,75
58,76
58,77
58,79
58,80
58,81
58,84
58,85
58,86
58,87
58,88
58,89
58,90
58,91
58,92
58,93
58,94
58,95
58,96
58,97
58,98
58,99
58,100
58,101
58,102
58,103
58,104
58,105
58,106
58,107
58,108
58,109
58,110
58,111
58,112
58,113
58,114
58,116
58,117
58,118
58,120
58,121
58,122
58,123
58,124
58,125
58,126
58,127
58,128
58,129
58,130
58,131
58,132
58,133
58,134
58,135
58,136
58,137
58,138
58,139
58,140
58,141
58,143
58,144
58,146
58,147
58,148
58,149
58,150
58,155
58,156
58,157
58,159
58,162
58,163
58,164
58,165
58,166
58,167
58,170
58,171
58,172
58,174
58,175
58,176
58,178
58,179
58,181
58,182
58,185
58,186
59,60
59,61
60,61
60,62
61,62
61,69
61,70
61,72
61,73
61,74
61,75
61,77
61,78
61,79
61,80
61,81
61,82
61,83
61,84
61,85
61,86
61,87
61,88
61,89
61,90
61,91
61,92
61,94
61,95
61,96
61,97
61,98
61,99
61,100
61,101
61,102
61,103
61,106
61,107
61,108
61,109
61,110
61,111
61,112
61,113
61,114
61,115
61,116
61,117
61,118
61,119
61,120
61,122
61,124
61,126
61,127
61,128
62,68
62,69
62,72
62,74
62,76
62,80
62,81
62,82
62,83
62,85
62,86
62,87
62,88
62,90
62,91
62,92
62,93
62,94
62,95
62,96
62,97
62,98
62,99
62,100
62,101
62,102
62,104
62,115
62,116
62,118
62,119
62,120
62,125
62,126
62,130
62,132
62,155
62,160
62,168
62,169
62,172
62,175
62,180
62,183
62,188
62,189
62,196
63,66
63,67
63,68
63,69
63,70
63,71
63,72
63,73
63,74
63,76
63,77
63,78
63,79
63,80
63,82
63,83
63,84
63,85
63,86
63,88
63,89
63,90
63,91
63,92
63,93
63,95
63,97
63,98
63,99
63,100
63,101
63,102
63,103
63,104
63,105
63,106
63,108
63,109
63,110
63,111
63,112
63,114
63,115
63,116
63,117
63,118
63,119
63,120
63,121
63,122
63,124
63,125
63,126
63,128
63,130
63,131
63,135
63,138
63,140
63,142
63,143
63,144
63,146
63,147
63,148
63,149
63,150
63,151
63,153
63,154
63,155
63,156
63,157
63,159
63,160
63,161
63,162
63,164
63,165
63,166
63,167
63,170
63,171
63,172
63,173
63,174
63,178
63,179
63,180
63,181
63,182
63,183
63,185
63,186
63,187
63,190
63,199
64,66
64,67
64,68
64,69
64,70
64,71
64,72
64,73
64,74
64,75
64,76
64,77
64,80
64,81
64,83
64,84
64,85
64,86
64,87
64,88
64,89
64,90
64,93
64,94
64,95
64,97
64,98
64,100
64,101
64,102
64,105
64,106
64,108
64,109
64,110
64,111
64,112
64,114
64,115
64,116
64,117
65,66
65,67
65,68
65,69
65,70
65,71
65,72
65,73
65,74
65,75
65,77
65,78
65,79
65,80
65,81
65,83
65,84
65,85
65,86
65,87
65,89
65,90
65,91
65,92
65,93
65,94
65,95
65,97
65,98
65,99
65,100
65,101
65,102
65,103
65,104
65,105
65,106
65,107
65,108
65,109
65,110
65,111
65,112
65,113
65,114
65,115
65,116
65,117
65,118
65,119
65,120
65,121
65,122
65,123
65,124
65,125
65,126
65,127
65,128
65,129
65,130
65,131
65,132
65,133
65,134
65,135
65,136
65,137
65,138
65,140
65,142
65,143
65,144
65,145
65,146
65,147
65,148
65,149
65,151
65,152
65,153
65,154
65,155
65,156
65,157
65,159
65,160
65,161
66,67
66,68
66,69
66,70
66,71
66,73
66,74
66,75
66,76
66,77
66,78
66,79
66,80
66,81
66,82
66,83
66,84
66,85
66,86
66,87
66,89
66,90
66,91
66,92
66,93
66,94
66,95
66,96
66,97
66,98
66,100
66,101
66,102
66,103
66,104
66,105
66,106
66,107
66,108
66,109
66,110
66,111
66,112
66,113
66,114
66,115
66,116
66,117
66,118
66,119
66,120
66,121
66,123
66,124
66,126
66,127
66,129
66,130
66,131
66,132
66,133
66,134
66,135
66,137
66,139
66,140
66,141
66,142
66,143
66,144
66,145
66,146
66,147
66,148
66,149
66,150
66,151
66,152
66,154
66,155
66,156
66,158
66,159
66,161
66,162
66,163
66,164
66,165
66,166
66,167
66,169
66,171
66,173
67,70
67,71
67,73
67,74
67,75
67,76
67,77
67,78
67,79
67,80
67,81
67,82
67,83
67,84
67,85
67,86
67,87
67,90
67,91
67,92
67,93
67,94
67,95
67,96
67,97
67,98
67,99
67,100
67,101
67,102
67,103
67,104
67,105
67,106
67,107
67,108
67,109
67,110
67,111
67,112
67,114
67,115
67,116
67,117
67,118
67,119
67,120
67,121
67,122
67,123
67,125
67,126
67,127
67,129
67,130
67,131
67,132
67,133
67,134
67,136
67,137
67,138
67,139
67,140
67,141
67,142
67,143
67,144
67,145
67,147
67,148
67,149
67,150
67,151
67,152
67,154
67,155
67,156
67,157
67,158
67,159
67,161
67,162
68,69
68,71
68,72
68,73
68,74
68,75
68,76
68,77
68,78
68,79
68,80
68,81
68,82
68,83
68,84
68,85
68,86
68,87
68,88
68,90
68,91
68,92
68,93
68,94
68,95
68,96
68,97
68,98
68,99
68,100
68,101
68,103
68,104
68,105
68,106
68,107
68,108
68,110
68,112
68,113
68,114
68,115
68,116
68,117
68,118
68,119
68,120
68,121
68,122
68,123
68,124
68,125
68,126
68,127
68,129
68,130
68,132
68,134
68,135
68,136
68,137
68,138
68,139
68,141
68,142
68,143
68,144
68,145
68,146
68,148
68,149
68,150
68,151
68,152
68,153
68,154
68,155
68,156
68,157
68,160
68,168
68,169
68,172
68,175
68,180
68,183
68,188
68,189
68,196
69,71
69,72
69,73
69,74
69,75
69,76
69,77
69,78
69,79
69,80
69,81
69,82
69,83
69,84
69,85
69,86
69,87
69,88
69,89
69,90
69,91
69,92
69,93
69,94
69,95
69,96
69,97
69,98
69,99
69,100
69,101
69,102
69,103
69,104
69,105
69,106
69,107
69,108
69,109
69,110
69,111
69,112
69,113
69,114
69,115
69,116
69,117
69,118
69,119
69,120
69,121
69,122
69,123
69,124
69,125
69,126
69,127
69,128
69,129
69,130
69,131
69,132
69,133
69,135
69,136
69,137
69,138
69,139
69,140
69,141
69,142
69,143
69,144
69,145
69,146
69,147
69,148
69,149
69,151
69,152
69,153
69,154
69,155
69,156
69,157
69,159
69,160
69,168
69,169
69,172
69,175
69,180
69,183
69,188
69,189
69,196
70,71
70,72
70,73
70,74
70,75
70,76
70,77
70,78
70,79
70,80
70,83
70,84
70,86
70,88
70,89
70,90
71,72
71,73
72,73
72,74
72,75
72,76
72,77
72,79
72,80
72,81
72,82
72,84
72,85
72,86
72,87
72,88
72,89
72,90
72,91
72,92
72,93
72,94
72,95
72,96
72,97
72,98
72,99
72,100
72,101
72,102
72,103
72,104
72,105
72,107
72,108
72,109
72,110
72,111
72,112
72,114
72,115
72,116
72,117
72,118
72,119
72,120
72,121
72,122
72,123
72,124
72,125
72,126
72,128
72,130
72,132
72,155
72,160
72,168
72,169
72,172
72,175
72,180
72,183
72,188
72,189
72,196
73,75
73,76
73,77
73,79
73,80
73,81
73,82
73,84
73,86
73,90
73,91
73,93
73,94
73,95
73,96
73,97
73,98
73,99
73,100
73,101
73,102
73,103
73,104
73,105
73,106
73,107
73,108
73,109
73,110
73,111
73,112
73,113
73,114
73,116
74,76
74,78
74,79
74,80
74,81
74,82
74,84
74,85
74,86
74,87
74,88
74,89
74,90
74,91
74,92
74,93
74,94
74,95
74,96
74,97
74,98
74,100
74,101
74,102
74,103
74,104
74,105
74,107
74,108
74,109
74,110
74,112
74,113
74,114
74,115
74,116
74,117
74,118
74,119
74,120
74,121
74,122
74,123
74,124
74,125
74,126
74,128
74,129
74,130
74,131
74,132
74,133
74,155
74,160
74,168
74,169
74,172
74,175
74,180
74,183
74,188
74,189
74,196
75,76
75,77
75,78
75,79
75,81
75,82
75,83
75,84
75,85
75,86
75,87
76,79
76,80
76,81
76,82
76,83
76,84
76,85
76,86
76,87
76,88
76,90
76,91
76,92
76,93
76,94
76,95
76,97
76,104
76,115
76,116
76,118
76,119
76,120
76,125
76,126
76,130
76,132
76,155
76,160
76,168
76,169
76,172
76,175
76,180
76,183
76,188
76,189
76,196
77,79
77,80
77,81
77,82
77,83
77,84
77,85
77,86
77,88
77,89
77,92
77,93
77,94
77,95
77,97
77,98
77,100
77,101
77,102
77,103
77,104
77,105
77,107
77,108
77,110
77,111
77,112
77,114
77,115
77,116
77,117
77,121
77,122
77,125
77,127
77,128
77,129
77,130
77,131
77,132
77,133
77,135
77,138
77,139
77,143
77,144
77,145
77,147
77,148
77,149
77,150
78,79
78,80
78,81
78,82
78,83
78,84
78,85
78,87
78,88
78,89
78,90
78,91
78,92
78,93
78,94
78,97
78,98
78,99
78,100
78,101
78,102
78,103
78,104
78,106
78,107
78,108
78,109
78,111
78,112
78,114
78,115
78,116
78,117
78,118
78,119
78,120
78,121
78,122
78,123
78,124
78,125
78,127
78,128
78,129
78,130
78,131
78,132
78,133
78,134
78,135
78,137
78,138
78,139
78,140
78,141
78,142
78,143
78,144
79,80
79,83
79,84
79,85
79,86
79,87
79,88
79,89
79,90
79,91
79,93
79,94
79,95
79,96
79,97
79,98
79,99
79,100
79,101
79,102
79,103
79,104
79,105
79,106
79,107
79,108
79,109
79,110
79,111
79,112
79,115
79,117
79,118
79,119
79,120
79,121
79,123
79,124
79,125
79,126
79,127
79,128
79,130
79,131
79,132
79,133
79,134
79,135
79,136
79,138
79,139
79,140
79,141
79,142
79,143
79,144
79,145
79,146
79,147
79,148
79,149
79,151
79,152
79,153
79,154
79,155
79,156
79,160
79,161
79,162
79,164
79,166
79,171
79,173
80,81
80,82
80,83
80,84
80,85
80,87
80,88
80,90
80,91
80,92
80,93
80,94
80,95
80,96
80,97
80,98
80,99
80,100
80,101
80,102
80,103
80,104
80,115
80,116
80,118
80,119
80,120
80,125
80,126
80,130
80,132
80,155
80,160
80,168
80,169
80,172
80,175
80,180
80,183
80,188
80,189
80,196
81,82
81,83
81,84
81,85
81,86
81,87
81,88
81,90
81,91
81,92
81,93
81,94
81,95
81,96
81,97
81,98
81,99
81,100
81,101
81,102
81,103
81,104
81,105
81,106
81,107
81,108
81,109
81,110
81,111
81,112
81,113
81,114
81,115
81,116
81,118
81,119
81,120
81,122
81,123
81,124
81,125
81,126
81,128
81,130
81,131
81,132
81,133
81,134
81,137
81,138
81,139
81,141
81,142
81,143
81,145
81,146
81,147
81,148
81,149
81,150
81,152
81,153
81,154
81,155
81,157
81,158
81,160
81,161
81,162
81,163
81,164
81,165
81,166
81,168
81,169
81,170
81,171
81,172
81,173
81,175
81,176
81,178
81,179
81,180
81,182
81,183
81,185
81,186
81,187
81,188
81,189
81,191
81,194
81,195
81,196
81,198
82,83
82,84
82,85
82,86
82,87
82,88
82,90
82,91
82,92
82,93
82,94
82,95
82,96
82,97
82,98
82,99
82,100
82,101
82,102
82,103
82,104
82,105
82,106
82,107
82,108
82,109
82,110
82,111
82,112
82,113
82,114
82,115
82,116
82,118
82,119
82,120
82,125
82,126
82,130
82,132
82,155
82,160
82,168
82,169
82,172
82,175
82,180
82,183
82,188
82,189
82,196
83,84
83,85
83,86
83,87
83,89
83,90
83,91
83,92
83,93
83,94
83,95
83,96
83,98
83,99
83,100
83,101
83,102
83,103
83,104
83,105
83,106
83,107
83,108
83,109
83,110
83,111
83,113
83,114
83,115
83,116
83,117
83,120
83,121
83,122
83,123
83,124
83,127
83,128
83,129
83,130
83,131
83,132
83,136
83,137
83,138
83,139
83,140
83,141
83,142
83,143
83,144
83,145
83,146
83,147
83,148
83,150
83,151
83,152
83,153
83,155
83,156
83,157
83,158
83,159
83,160
83,161
83,163
83,164
83,166
83,167
83,168
83,170
83,171
83,172
83,173
83,175
83,176
83,178
83,179
83,180
83,181
83,182
83,185
83,186
84,85
84,86
84,87
84,88
84,89
84,91
84,92
84,93
84,94
84,95
84,96
84,97
84,98
84,99
84,100
84,101
84,102
84,104
84,105
84,106
84,108
84,109
84,110
85,86
85,87
85,88
85,89
85,90
85,91
85,92
85,93
85,94
85,95
85,97
85,98
85,99
85,100
85,102
85,104
85,105
85,106
85,107
85,109
85,110
85,111
85,112
85,113
85,114
85,115
85,116
85,118
85,119
85,120
85,121
85,122
85,124
85,125
85,126
85,127
85,130
85,132
85,155
85,160
85,168
85,169
85,172
85,175
85,180
85,183
85,188
85,189
85,196
86,87
86,88
86,89
86,90
86,91
86,93
86,95
86,96
86,98
86,99
86,100
86,101
86,102
86,103
86,104
86,105
86,106
87,88
87,89
87,90
87,91
87,92
87,93
87,94
87,95
87,96
87,97
87,98
87,100
87,101
87,102
87,103
87,104
87,105
87,106
87,107
87,108
87,109
87,110
87,111
87,112
87,113
87,114
87,115
87,116
87,118
87,119
87,120
87,125
87,126
87,130
87,132
87,155
87,160
87,168
87,169
87,172
87,175
87,180
87,183
87,188
87,189
87,196
88,89
88,90
88,91
88,92
88,93
88,94
88,95
88,97
88,104
88,115
88,116
88,118
88,119
88,120
88,125
88,126
88,130
88,132
88,155
88,160
88,168
88,169
88,172
88,175
88,180
88,183
88,188
88,189
88,196
89,90
89,91
89,92
89,94
89,95
89,96
89,97
89,99
89,101
89,102
89,103
89,104
89,105
89,106
89,107
89,108
89,109
89,110
89,111
89,112
89,113
89,116
89,117
89,120
89,121
89,122
89,123
89,124
89,127
89,128
89,130
89,132
89,133
89,134
89,136
89,137
89,138
89,139
89,141
89,142
89,145
89,146
89,147
89,148
89,149
89,150
89,151
89,153
89,154
89,155
89,156
89,157
89,158
89,160
89,161
89,162
89,163
89,164
89,166
89,167
89,169
89,170
89,171
89,172
89,174
89,175
89,176
89,180
89,182
89,185
89,186
89,187
89,188
89,194
89,199
90,91
90,92
90,93
90,94
90,95
90,96
90,97
90,98
90,99
90,100
90,101
90,102
90,104
90,105
90,106
90,107
90,108
90,109
90,110
90,111
90,115
90,116
90,118
90,119
90,120
90,125
90,126
90,130
90,132
90,155
90,160
90,168
90,169
90,172
90,175
90,180
90,183
90,188
90,189
90,196
91,92
91,93
91,94
91,95
91,96
91,97
91,98
91,99
91,101
91,102
91,103
91,104
91,105
91,106
91,107
91,108
91,109
91,110
91,111
91,113
91,115
91,116
91,117
91,118
91,119
91,120
91,121
91,125
91,126
91,130
91,132
91,155
91,160
91,168
91,169
91,172
91,175
91,180
91,183
91,188
91,189
91,196
92,93
92,94
92,95
92,97
92,98
92,99
92,100
92,101
92,102
92,103
92,104
92,105
92,106
92,107
92,108
92,109
92,110
92,111
92,112
92,113
92,114
92,115
92,116
92,117
92,118
92,119
92,120
92,121
92,122
92,123
92,124
92,125
92,126
92,127
92,128
92,130
92,132
92,133
92,134
92,136
92,137
92,138
92,139
92,141
92,142
92,144
92,145
92,146
92,147
92,148
92,149
92,150
92,151
92,153
92,154
92,155
92,160
92,168
92,169
92,172
92,175
92,180
92,183
92,188
92,189
92,196
93,94
93,95
93,96
93,97
93,99
93,100
93,101
93,102
93,103
93,104
93,105
93,106
93,107
93,108
93,115
93,116
93,118
93,119
93,120
93,125
93,126
93,130
93,132
93,155
93,160
93,168
93,169
93,172
93,175
93,180
93,183
93,188
93,189
93,196
94,95
94,96
94,97
94,104
94,115
94,116
94,118
94,119
94,120
94,125
94,126
94,130
94,132
94,155
94,160
94,168
94,169
94,172
94,175
94,180
94,183
94,188
94,189
94,196
95,97
95,98
95,99
95,100
95,101
95,102
95,104
95,105
95,106
95,107
95,108
95,109
95,110
95,111
95,112
95,113
95,115
95,116
95,117
95,118
95,119
95,120
95,122
95,123
95,125
95,126
95,130
95,132
95,155
95,160
95,168
95,169
95,172
95,175
95,180
95,183
95,188
95,189
95,196
96,98
96,101
96,102
96,103
96,104
96,105
97,104
97,115
97,116
97,118
97,119
97,120
97,125
97,126
97,130
97,132
97,155
97,160
97,168
97,169
97,172
97,175
97,180
97,183
97,188
97,189
97,196
98,99
98,100
98,101
98,103
98,104
98,106
98,107
98,109
98,111
98,112
98,113
98,116
98,117
98,120
98,121
98,123
98,124
98,125
98,126
98,127
98,128
98,131
98,133
98,134
98,135
98,136
98,137
98,142
98,143
98,148
98,149
98,150
98,152
98,154
98,156
98,157
98,161
98,162
98,163
99,100
99,101
99,102
99,103
99,104
99,106
99,107
99,109
99,110
99,111
99,112
99,114
99,115
99,116
99,117
99,118
99,120
99,121
99,122
99,123
99,124
99,125
99,126
99,128
99,130
99,131
99,132
99,134
99,135
99,136
99,137
99,138
99,139
99,140
99,141
99,142
99,143
99,144
99,145
99,147
99,148
99,149
99,150
99,153
99,154
99,156
99,157
99,158
99,159
99,160
99,161
99,162
99,163
99,165
99,166
99,169
99,170
99,172
99,176
99,178
99,180
99,181
99,183
99,184
99,185
99,187
99,188
99,191
99,194
99,195
99,199
101,103
101,104
101,105
101,106
101,107
101,108
101,109
101,110
101,111
101,112
101,114
101,115
101,116
101,117
101,118
101,119
101,120
101,121
101,122
101,123
101,124
101,125
101,126
101,127
101,128
101,129
101,130
101,131
101,132
101,133
101,134
101,135
101,136
101,137
101,138
101,139
101,140
101,141
101,142
101,143
101,144
101,145
101,146
101,148
101,149
101,150
101,151
101,153
101,154
101,155
101,156
101,157
101,159
101,160
101,161
101,162
101,163
101,164
101,165
101,166
101,167
101,169
101,170
101,172
101,173
101,174
101,175
101,176
101,178
101,179
101,180
101,181
101,182
101,183
101,184
101,185
101,187
101,188
101,190
101,191
101,192
101,194
101,197
101,198
101,199
102,103
102,104
102,105
102,106
102,108
102,109
102,111
102,112
102,113
102,115
102,116
102,117
102,118
102,120
102,121
102,122
102,123
102,124
102,125
102,126
102,127
102,128
102,130
102,131
102,132
102,133
102,134
102,135
102,136
102,137
102,138
102,139
102,140
102,141
102,142
102,143
102,144
102,146
102,147
102,148
102,149
102,150
102,151
102,152
102,153
103,104
103,105
103,107
103,108
103,109
103,110
103,111
103,112
103,113
103,114
103,115
103,116
103,117
103,119
103,120
103,121
103,122
103,123
103,124
103,125
103,126
103,127
103,128
103,129
103,130
103,132
103,133
103,134
103,135
103,136
103,137
103,138
103,139
103,140
103,141
103,142
103,143
103,144
103,145
103,146
103,147
103,148
103,149
103,150
103,151
103,152
103,153
103,154
103,155
103,156
103,157
103,158
103,159
103,160
103,162
103,163
103,164
103,165
103,166
103,167
103,170
103,172
103,173
103,175
103,176
103,177
103,179
103,180
103,181
103,182
103,183
103,184
103,185
103,186
103,187
103,188
103,190
103,191
103,192
103,194
103,195
103,197
103,198
103,199
104,105
104,106
104,107
104,108
104,109
104,112
104,113
104,114
104,115
104,116
104,117
104,118
104,119
104,120
104,121
104,123
104,124
104,125
104,126
104,127
104,130
104,131
104,132
104,133
104,134
104,135
104,136
104,137
104,138
104,140
104,141
104,143
104,144
104,145
104,146
104,147
104,148
104,149
104,150
104,151
104,152
104,153
104,154
104,155
104,157
104,158
104,159
104,160
104,161
104,162
104,163
104,165
104,166
104,168
104,169
104,171
104,172
104,173
104,174
104,175
104,176
104,177
104,178
104,179
104,180
104,181
104,183
104,184
104,185
104,186
104,187
104,188
104,189
104,190
104,191
104,192
104,193
104,194
104,195
104,196
104,197
104,198
104,199
105,106
105,107
105,108
105,109
105,110
105,111
105,112
105,113
105,114
105,115
105,116
105,117
105,118
105,119
105,120
105,121
105,122
105,123
105,124
105,126
105,127
105,128
105,129
105,130
105,131
105,132
105,133
105,134
105,135
105,136
105,137
105,138
105,140
105,141
105,142
105,143
105,144
105,145
105,147
105,148
105,149
105,150
105,151
105,152
105,153
105,154
105,155
106,107
106,109
106,110
106,111
106,112
106,113
106,114
106,115
106,116
106,117
106,118
106,119
106,120
106,121
106,122
106,123
106,124
106,125
106,126
106,127
106,128
106,129
106,130
106,131
106,132
106,133
106,134
106,135
106,136
106,137
106,138
106,139
106,140
106,141
106,142
106,143
106,144
106,145
106,146
106,147
106,148
106,149
106,150
106,151
106,152
106,153
106,154
106,155
106,156
106,158
106,159
106,160
106,161
106,162
106,163
106,164
106,165
106,166
106,167
106,170
106,171
106,172
106,173
106,174
106,175
106,177
106,178
106,179
106,181
106,182
106,183
106,185
106,186
106,188
106,189
106,190
106,191
106,192
106,193
106,194
107,108
107,109
107,110
107,113
107,115
107,116
107,117
107,118
107,119
107,120
107,121
107,122
107,123
107,124
107,125
107,126
107,127
107,128
107,129
107,130
107,131
107,132
107,133
107,134
108,109
108,110
108,111
108,113
108,114
108,115
108,116
108,118
108,120
108,121
108,122
108,123
108,124
108,126
108,127
108,128
108,129
108,130
108,131
108,132
108,134
108,135
108,137
108,138
109,110
109,111
109,113
109,114
109,115
109,116
109,117
109,118
109,119
109,121
109,123
109,124
109,125
109,126
109,127
109,128
109,129
109,130
109,131
109,134
109,135
109,136
109,137
109,138
109,139
110,111
110,112
110,113
110,114
110,115
110,116
110,117
110,118
110,119
110,121
110,122
110,123
110,125
110,126
110,128
110,130
110,131
110,132
111,112
111,113
111,114
111,115
111,116
111,117
111,118
111,119
111,120
111,121
111,122
111,123
111,124
111,125
111,126
111,127
111,128
111,129
111,130
111,131
111,132
111,133
111,134
111,135
111,136
111,137
111,139
111,141
111,145
111,147
111,148
111,149
111,150
111,151
111,152
111,154
111,155
111,158
111,159
111,160
111,162
111,164
111,168
111,170
111,171
111,173
111,174
112,113
112,114
112,115
112,117
112,118
112,119
112,120
112,121
112,122
112,123
112,124
112,125
112,126
112,127
112,128
112,129
112,130
112,131
112,132
112,133
112,134
112,135
112,136
112,137
112,138
112,139
112,140
112,141
112,142
112,143
112,144
112,145
112,146
112,147
112,148
112,149
112,150
112,151
112,152
112,153
112,154
112,155
112,156
112,157
112,158
112,159
112,160
112,162
112,163
112,164
112,166
112,167
112,168
112,169
112,170
112,171
112,172
112,173
112,174
112,175
112,177
112,178
112,179
112,181
112,182
112,185
112,187
112,189
112,190
112,191
112,192
112,193
112,194
112,195
112,197
112,198
112,199
113,114
113,115
113,116
113,117
113,118
114,115
114,117
114,118
114,119
114,120
114,121
114,122
114,123
114,124
114,125
114,126
114,127
114,128
114,129
114,130
114,131
114,132
114,133
114,134
114,135
114,136
114,137
114,138
114,139
114,140
114,143
114,144
114,145
114,146
114,147
114,149
114,150
114,151
114,152
114,153
114,154
114,155
114,156
114,157
114,158
114,159
114,160
114,161
114,163
114,164
114,165
114,166
114,167
114,168
114,169
114,170
114,171
114,172
114,173
114,174
114,176
114,178
114,179
114,180
114,181
114,182
114,183
114,184
114,185
114,187
114,188
114,189
114,190
114,191
114,192
114,193
114,194
114,195
114,197
114,199
115,116
115,117
115,118
115,119
115,120
115,121
115,122
115,123
115,124
115,125
115,126
115,130
115,132
115,155
115,160
115,168
115,169
115,172
115,175
115,180
115,183
115,188
115,189
115,196
116,117
116,118
116,119
116,120
116,121
116,122
116,123
116,124
116,125
116,126
116,127
116,128
116,130
116,132
116,134
116,135
116,136
116,137
116,138
116,139
116,141
116,143
116,144
116,145
116,146
116,147
116,148
116,149
116,150
116,151
116,154
116,155
116,156
116,157
116,158
116,160
116,168
116,169
116,172
116,175
116,180
116,183
116,188
116,189
116,196
117,120
117,121
117,122
117,123
117,124
117,125
117,126
117,127
117,128
117,129
117,130
117,133
117,134
117,135
117,136
117,137
117,138
117,139
117,140
117,141
117,142
117,143
117,144
117,145
117,146
117,147
117,148
117,149
117,150
117,151
117,153
117,154
117,155
117,156
117,157
117,158
117,159
117,160
117,161
117,162
117,163
117,165
117,166
117,167
117,168
117,169
117,170
117,172
117,173
117,174
117,175
117,176
117,177
117,178
117,179
117,180
117,181
117,182
117,183
117,184
117,186
117,187
117,189
117,190
117,191
117,192
117,193
117,194
117,198
117,199
118,119
118,120
118,121
118,122
118,123
118,124
118,125
118,126
118,127
118,128
118,129
118,130
118,131
118,132
118,133
118,134
118,135
118,136
118,137
118,138
118,139
118,140
118,142
118,143
118,144
118,146
118,147
118,148
118,149
118,151
118,152
118,153
118,154
118,155
118,156
118,158
118,159
118,160
118,161
118,162
118,163
118,164
118,165
118,166
118,167
118,168
118,169
118,170
118,172
118,175
118,180
118,183
118,188
118,189
118,196
119,120
119,121
119,122
119,124
119,125
119,126
119,128
119,129
119,130
119,132
119,155
119,160
119,168
119,169
119,172
119,175
119,180
119,183
119,188
119,189
119,196
120,121
120,122
120,123
120,124
120,125
120,126
120,127
120,128
120,129
120,130
120,132
120,134
120,135
120,136
120,137
120,138
120,140
120,141
120,142
120,143
120,144
120,145
120,146
120,147
120,149
120,150
120,151
120,152
120,155
120,160
120,168
120,169
120,172
120,175
120,180
120,183
120,188
120,189
120,196
121,123
121,124
121,125
121,127
121,128
121,129
121,130
121,131
121,132
121,133
121,134
121,135
121,136
121,137
121,138
121,140
121,141
121,142
121,144
121,146
121,147
121,149
121,150
121,151
121,153
121,154
121,156
121,157
121,158
121,159
121,160
121,161
121,163
121,164
121,166
121,168
121,169
121,170
121,171
121,174
121,175
121,176
121,177
121,178
121,179
121,180
122,123
122,124
122,125
122,127
122,128
122,129
122,130
122,131
122,132
122,133
122,134
122,135
122,136
122,137
122,138
122,139
122,140
122,141
122,142
122,143
122,144
122,148
122,149
122,150
122,151
122,152
122,153
122,154
122,155
122,156
122,158
122,160
122,161
122,162
122,163
123,124
123,125
123,126
123,127
123,128
123,129
123,130
123,131
124,125
124,126
124,127
124,128
124,129
124,130
124,131
124,132
124,133
124,134
124,135
124,137
124,138
124,139
124,140
124,142
124,143
124,144
124,145
124,146
124,147
124,148
124,151
124,152
124,153
124,154
124,155
124,156
124,157
124,159
124,160
124,161
124,162
124,163
124,165
124,166
124,167
124,168
124,169
124,170
124,171
124,173
124,174
124,176
124,177
124,178
124,179
124,180
124,181
124,182
124,184
124,185
124,186
124,187
124,188
124,189
124,190
124,191
124,193
124,194
124,195
124,197
125,126
125,127
125,129
125,130
125,131
125,132
125,133
125,134
125,135
125,136
125,137
125,138
125,139
125,141
125,142
125,143
125,145
125,146
125,147
125,148
125,149
125,155
125,160
125,168
125,169
125,172
125,175
125,180
125,183
125,188
125,189
125,196
126,127
126,128
126,129
126,130
126,131
126,132
126,133
126,134
126,135
126,136
126,137
126,138
126,139
126,140
126,142
126,143
126,144
126,145
126,146
126,148
126,150
126,151
126,152
126,153
126,155
126,156
126,157
126,158
126,159
126,160
126,161
126,162
126,163
126,165
126,166
126,167
126,168
126,169
126,170
126,171
126,172
126,173
126,174
126,175
126,176
126,178
126,179
126,180
126,181
126,182
126,183
126,184
126,185
126,187
126,188
126,189
126,190
126,191
126,192
126,194
126,195
126,196
126,197
126,198
126,199
127,128
127,129
127,131
127,133
127,134
127,135
127,136
127,137
127,138
127,139
127,140
127,142
127,143
127,145
128,130
128,131
128,132
128,133
128,134
128,135
128,138
128,139
128,140
128,141
128,142
128,143
128,144
128,145
128,146
128,147
128,148
128,149
128,150
128,151
128,152
128,153
128,154
128,156
128,157
128,160
128,162
128,164
129,130
129,131
129,132
129,133
129,134
129,136
129,137
129,138
129,139
129,140
129,141
129,142
129,144
129,145
129,146
129,147
129,148
129,149
129,150
129,151
129,152
129,153
129,155
129,156
129,158
129,159
129,160
129,161
129,162
129,164
129,165
129,166
129,167
129,168
129,169
129,171
129,172
129,173
129,174
129,176
129,178
129,179
129,180
129,181
129,182
129,183
129,184
129,185
129,186
129,188
129,190
129,191
129,192
129,194
129,195
129,196
129,197
129,198
130,131
130,132
130,133
130,134
130,135
130,136
130,137
130,138
130,139
130,140
130,141
130,142
130,143
130,144
130,145
130,146
130,147
130,149
130,150
130,151
130,152
130,153
130,154
130,155
130,156
130,157
130,159
130,160
130,161
130,162
130,163
130,164
130,165
130,166
130,167
130,168
130,169
130,171
130,172
130,173
130,174
130,175
130,176
130,177
130,178
130,179
130,180
130,182
130,183
130,188
130,189
130,196
131,132
131,133
131,135
131,136
131,137
131,138
131,139
131,140
131,141
131,142
131,143
131,144
131,145
131,146
131,147
131,148
131,149
131,150
131,151
131,152
131,154
131,156
131,157
131,158
131,159
131,160
131,162
131,163
131,164
131,165
131,166
131,167
131,168
131,169
131,170
131,171
131,172
131,173
131,174
131,176
131,177
131,178
131,180
131,181
132,133
132,134
132,135
132,136
132,138
132,139
132,141
132,143
132,144
132,145
132,146
132,147
132,148
132,149
132,150
132,151
132,152
132,153
132,154
132,155
132,156
132,157
132,158
132,159
132,160
132,161
132,162
132,163
132,164
132,165
132,166
132,167
132,168
132,169
132,170
132,171
132,172
132,173
132,174
132,175
132,176
132,178
132,179
132,180
132,181
132,182
132,183
132,184
132,185
132,186
132,187
132,188
132,189
132,190
132,192
132,194
132,196
132,197
132,198
132,199
133,134
133,135
134,136
134,137
134,138
134,139
134,140
134,141
134,143
135,136
135,137
135,138
135,139
135,141
135,142
135,143
135,145
135,146
135,147
135,148
135,149
135,152
135,153
135,154
135,155
135,156
135,157
135,159
135,161
135,168
135,170
135,171
135,172
135,173
135,176
135,177
135,178
135,179
135,181
135,182
135,183
135,184
135,185
135,186
135,187
135,188
135,189
135,190
135,191
135,194
135,195
135,196
135,197
135,198
135,199
136,137
136,138
136,139
136,140
136,141
136,142
136,143
136,144
136,145
137,138
137,139
137,140
137,141
137,142
137,144
137,146
137,150
137,151
137,152
137,153
137,154
137,155
137,156
137,157
137,159
137,160
137,161
137,162
137,163
137,164
137,165
137,166
138,139
138,140
138,141
138,143
138,144
138,146
138,147
138,148
138,149
138,150
138,151
138,152
138,153
138,154
138,155
138,156
138,157
138,159
138,160
138,161
138,162
138,163
138,164
138,165
138,166
138,167
138,169
138,170
138,171
138,172
138,173
138,174
138,175
138,177
138,179
138,182
138,184
138,185
138,186
138,187
138,188
139,140
139,141
139,142
139,144
139,145
139,146
139,147
139,148
139,151
140,142
140,143
140,144
140,145
140,146
140,147
140,148
140,149
140,150
140,152
140,153
140,154
140,155
140,156
141,142
141,143
141,144
141,145
141,146
141,147
141,148
141,149
141,150
141,151
141,152
141,153
141,154
141,155
141,156
141,157
141,159
141,160
141,162
141,163
141,164
141,165
141,166
141,167
141,170
141,172
141,173
141,174
141,175
141,176
141,177
141,178
141,179
142,143
142,144
142,145
142,146
142,147
142,148
142,149
142,150
142,151
142,152
142,153
142,155
142,156
142,157
142,158
142,159
142,160
142,162
142,163
142,164
142,165
142,166
142,167
142,169
142,170
142,171
142,172
142,173
142,174
142,175
142,176
142,177
142,178
142,180
142,183
142,184
142,185
142,186
142,187
142,188
142,189
142,190
142,192
142,193
142,194
142,195
142,197
142,199
143,144
143,145
143,146
143,147
143,148
143,149
143,150
143,151
143,152
143,153
143,154
143,155
143,156
143,157
143,158
143,159
143,160
143,161
143,162
143,163
143,164
143,165
143,166
143,167
143,168
143,169
143,170
143,171
143,172
143,173
143,174
143,176
143,177
143,178
143,179
143,180
143,181
143,184
143,185
143,186
143,187
143,188
143,189
143,190
143,191
143,192
143,193
143,194
143,195
143,196
143,197
143,198
143,199
144,145
144,146
144,147
144,148
144,149
144,150
144,151
144,152
144,153
144,154
144,155
144,157
144,159
144,160
144,161
144,162
144,163
144,164
144,165
144,166
144,167
144,168
144,169
144,170
144,171
144,172
144,173
144,174
144,175
144,176
144,178
144,179
144,180
144,181
144,182
144,183
144,185
144,186
144,187
144,188
144,189
144,190
144,191
144,194
144,195
144,196
144,197
144,198
144,199
145,148
145,150
145,151
145,152
145,153
145,154
145,155
145,156
145,157
145,159
145,160
145,161
145,162
145,163
145,164
145,165
145,166
145,167
145,168
145,170
145,171
145,172
145,173
145,174
145,175
145,177
145,179
145,180
145,181
145,182
145,183
145,186
145,187
145,188
145,189
145,190
145,192
145,193
145,194
145,195
145,196
145,198
145,199
146,147
146,149
146,150
146,151
146,153
146,154
146,155
146,156
146,157
146,159
146,160
146,161
146,162
146,163
146,164
146,165
146,166
146,167
146,169
146,170
146,171
146,172
146,173
146,175
146,176
146,178
146,179
146,180
146,181
146,182
146,183
146,184
146,185
146,186
146,187
146,188
146,189
146,190
146,191
146,192
146,193
146,194
146,195
146,196
146,198
146,199
148,149
148,150
148,151
148,152
148,154
148,155
148,156
148,157
148,159
148,160
148,161
148,162
148,164
148,165
148,166
148,167
148,168
148,170
148,171
148,172
149,150
149,151
149,152
149,153
149,154
149,155
149,156
149,157
149,158
149,159
149,160
149,161
149,162
149,163
149,164
149,165
149,166
149,167
149,168
149,170
149,171
149,172
149,173
149,175
149,176
149,177
149,178
149,180
149,182
149,183
149,184
149,185
149,186
149,187
149,188
149,189
149,190
149,191
149,192
149,193
149,194
149,195
149,196
149,197
149,198
150,151
150,152
150,153
150,154
150,155
150,156
150,157
150,158
150,159
150,161
150,162
150,163
150,164
150,165
150,166
150,167
150,168
150,169
150,170
150,171
150,172
150,173
151,152
151,153
151,154
151,155
151,156
151,157
151,158
151,159
151,160
151,161
151,162
151,163
151,165
151,167
151,168
151,169
151,170
151,171
151,172
151,173
151,174
151,175
151,176
151,178
151,179
151,180
151,181
151,182
151,183
151,185
151,186
151,187
151,188
151,189
151,190
151,191
151,192
151,193
151,194
151,195
151,196
151,197
151,198
152,153
152,154
152,155
152,156
152,157
152,158
152,159
152,160
152,161
152,163
152,164
152,165
152,166
152,167
152,168
152,169
152,170
152,171
152,172
152,174
152,175
152,176
152,177
152,178
152,179
152,180
152,181
152,182
152,183
152,184
152,185
152,187
152,188
152,189
152,190
152,192
152,193
152,194
152,195
152,196
152,197
152,199
153,154
153,155
153,156
153,157
153,158
153,159
153,161
153,162
153,163
153,164
153,165
153,166
153,167
153,168
153,169
153,170
153,171
154,155
154,156
154,157
154,160
154,161
154,162
154,163
154,164
154,165
154,166
154,167
154,168
154,170
154,171
154,172
154,173
154,175
154,176
155,156
155,157
155,158
155,160
155,161
155,162
155,163
155,164
155,165
155,167
155,168
155,169
155,170
155,171
155,172
155,174
155,175
155,176
155,177
155,178
155,180
155,181
155,182
155,183
155,185
155,186
155,187
155,188
155,189
155,190
155,193
155,195
155,196
155,198
155,199
156,157
156,158
156,159
156,160
156,162
156,163
156,164
156,165
156,166
156,167
156,168
156,169
156,170
156,171
156,172
156,174
156,175
156,176
156,177
156,178
156,179
156,180
156,182
156,183
156,185
156,186
156,187
156,188
156,190
156,191
156,192
156,193
156,194
156,195
156,196
156,197
156,198
156,199
157,158
157,159
157,160
157,162
157,163
157,164
157,165
157,166
157,167
157,168
157,169
157,170
157,171
157,172
157,173
157,174
157,175
157,178
157,179
157,180
157,181
157,182
157,183
157,184
157,185
157,186
157,187
157,188
157,189
157,190
157,191
157,192
157,193
157,194
157,195
157,196
157,198
157,199
158,159
158,160
158,162
158,163
158,164
158,165
158,166
158,167
158,168
159,160
159,161
159,163
159,164
159,165
159,166
159,167
159,168
159,169
159,170
159,171
159,173
159,174
159,175
159,176
159,177
159,178
159,179
159,180
159,181
159,182
159,183
159,184
159,185
159,186
159,188
159,189
159,190
159,191
159,192
159,193
159,194
159,195
159,196
159,197
159,198
159,199
160,161
160,162
160,163
160,165
160,166
160,167
160,168
160,169
160,170
160,171
160,172
160,174
160,175
160,176
160,177
160,178
160,179
160,180
160,182
160,183
160,184
160,185
160,186
160,187
160,188
160,189
160,192
160,193
160,194
160,195
160,196
160,197
160,198
160,199
161,162
161,163
161,165
161,166
161,167
161,168
161,169
161,170
161,171
161,172
161,173
161,174
161,176
161,177
161,178
161,179
161,180
161,181
161,182
161,184
161,185
161,187
161,188
161,189
161,190
161,191
161,192
161,193
161,194
161,195
161,196
161,197
161,199
162,163
162,164
162,165
162,166
162,167
162,168
162,169
162,170
162,171
162,172
162,173
162,174
162,175
162,176
162,177
162,178
162,179
162,180
162,181
162,182
162,183
162,184
162,185
162,186
162,187
162,188
162,191
162,193
162,194
162,195
162,196
162,197
162,198
162,199
163,164
163,165
163,166
163,167
163,168
163,169
163,170
163,171
163,172
163,173
163,174
163,175
163,176
163,177
163,178
163,179
163,180
163,181
163,182
163,183
163,184
163,185
163,186
163,188
163,189
163,190
163,191
163,192
163,193
163,194
163,195
163,196
163,197
163,198
163,199
164,167
164,168
164,169
165,167
165,168
165,169
165,170
165,171
165,173
165,174
165,175
165,176
165,179
165,180
165,181
165,183
165,185
165,186
165,188
165,190
165,191
166,167
166,168
166,169
166,170
166,171
166,172
166,173
166,175
166,176
166,177
166,178
166,179
166,180
166,181
166,182
166,183
166,184
166,185
166,186
166,187
166,190
166,191
166,193
166,196
166,197
166,198
166,199
167,168
167,169
167,171
167,172
167,173
167,174
167,175
167,177
167,178
167,179
167,180
167,181
167,182
167,184
167,185
167,186
167,187
167,188
167,189
167,190
167,191
167,192
167,193
167,194
167,195
167,196
167,197
167,198
167,199
168,169
168,170
168,171
168,172
168,174
168,175
168,176
168,177
168,179
168,180
168,181
168,182
168,183
168,184
168,188
168,189
168,196
169,170
169,172
169,173
169,174
169,175
169,176
169,178
169,179
169,180
169,181
169,182
169,183
169,184
169,185
169,186
169,187
169,188
169,189
169,191
169,192
169,193
169,194
169,195
169,196
169,197
169,198
169,199
170,171
170,172
170,173
170,174
170,175
170,176
170,177
170,178
170,179
170,180
170,181
170,182
170,183
170,184
170,185
170,186
170,187
170,188
170,189
170,190
170,191
170,192
170,193
170,194
170,195
171,176
171,177
171,178
171,179
171,180
171,181
171,182
171,183
171,184
171,185
171,186
171,187
171,188
171,189
171,190
171,191
171,192
171,193
171,195
171,196
171,198
171,199
172,173
172,174
172,175
172,176
172,178
172,179
172,180
172,181
172,182
172,183
172,184
172,187
172,188
172,189
172,191
172,192
172,194
172,195
172,196
172,197
172,198
172,199
173,174
173,175
173,176
173,178
173,179
173,180
173,181
173,182
173,183
173,184
173,185
173,186
173,187
173,189
173,190
173,191
173,192
173,195
173,196
173,197
173,198
173,199
174,176
174,177
174,178
175,176
175,177
175,178
175,179
175,180
175,182
175,183
175,184
175,185
175,186
175,187
175,188
175,189
175,190
175,191
175,192
175,193
175,195
175,196
176,177
176,179
176,180
176,181
176,182
176,184
176,187
176,188
176,189
176,190
176,191
176,192
176,193
176,194
176,195
176,196
176,197
176,198
176,199
177,178
177,179
177,180
177,181
177,182
177,183
177,184
177,185
177,186
177,187
177,188
177,189
177,190
177,191
177,192
177,193
177,194
177,195
177,197
177,198
177,199
178,179
178,181
178,182
178,183
178,184
178,185
178,186
178,188
178,189
178,190
178,191
178,193
178,194
178,195
178,196
178,197
178,198
178,199
179,180
179,181
179,182
179,183
179,184
179,185
179,186
179,187
179,188
179,191
179,192
179,194
179,195
179,197
179,198
179,199
180,181
180,182
180,183
180,184
180,185
180,187
180,188
180,189
180,190
180,193
180,194
180,195
180,196
180,197
181,182
181,183
181,184
181,185
181,187
181,188
181,189
181,190
181,191
181,192
181,193
181,194
181,197
181,198
181,199
182,183
182,184
182,185
182,186
182,187
182,188
182,189
183,184
183,185
183,186
183,187
183,188
183,189
183,190
183,191
183,192
183,193
183,194
183,195
183,196
183,198
183,199
184,185
184,187
184,188
184,190
184,191
184,192
184,193
184,194
184,195
184,196
184,197
184,198
184,199
185,186
185,187
185,190
185,191
185,192
185,193
185,194
185,195
185,196
185,197
185,198
185,199
186,187
186,188
186,189
186,190
186,191
186,192
186,193
186,194
186,195
186,196
186,197
186,198
186,199
187,188
187,189
187,190
187,191
187,192
187,193
187,194
187,195
187,196
187,197
187,198
187,199
188,189
188,192
188,196
189,190
189,191
189,192
189,193
189,195
189,196
189,197
189,198
189,199
190,191
190,192
190,193
190,194
190,195
190,197
190,198
190,199
191,192
191,193
191,194
191,195
191,196
191,197
191,198
192,193
193,196
193,197
193,198
193,199
194,195
194,196
194,197
194,198
194,199
195,196
195,197
195,198
195,199
197,198
197,199
198,199
