0,1
0,2
0,3
0,4
0,5
0,6
0,7
0,8
0,9
0,10
0,11
0,12
0,13
0,14
0,15
0,16
0,17
0,18
0,19
0,20
0,21
0,22
0,23
0,24
0,25
0,26
0,27
0,28
0,29
0,30
0,31
0,32
0,33
0,34
0,35
0,36
0,37
0,38
0,39
0,40
0,41
0,42
0,43
0,44
0,45
0,46
0,47
0,48
0,49
0,50
0,51
0,52
0,53
0,54
0,55
0,56
0,58
0,68
0,70
0,74
0,76
0,80
0,81
0,84
0,96
0,98
0,100
0,105
0,108
0,109
0,110
0,111
0,113
0,119
0,124
0,126
0,129
0,131
0,146
0,148
0,150
0,154
0,156
0,157
0,159
0,162
0,175
0,183
0,189
0,190
0,191
0,194
1,2
1,3
1,4
1,5
1,6
1,7
1,8
1,9
1,10
1,11
1,12
1,13
1,14
1,15
1,16
1,17
1,18
1,19
1,20
1,21
1,22
1,23
1,24
1,25
1,26
1,27
1,28
1,29
1,30
1,31
1,32
1,33
1,34
1,35
1,36
1,37
1,38
1,39
1,40
1,41
1,42
1,43
1,44
1,45
1,46
1,47
1,48
1,49
1,50
1,51
1,52
1,53
1,54
1,55
1,56
2,3
2,4
2,5
2,6
2,7
2,8
2,9
2,10
2,11
2,12
2,13
2,14
2,15
2,16
2,17
2,18
2,19
2,20
2,21
2,22
2,23
2,24
2,25
2,26
2,27
2,28
2,29
2,30
2,31
2,32
2,33
2,34
2,35
2,36
2,37
2,38
2,39
2,40
2,41
2,42
2,43
2,44
2,45
2,46
2,47
2,48
2,49
2,50
2,51
2,52
2,53
2,54
2,55
2,56
3,4
3,5
3,6
3,7
3,8
3,9
3,10
3,11
3,12
3,13
3,14
3,15
3,16
3,17
3,18
3,19
3,20
3,21
3,22
3,23
3,24
3,25
3,26
3,27
3,28
3,29
3,30
3,31
3,32
3,33
3,34
3,35
3,36
3,37
3,38
3,39
3,40
3,41
3,42
3,43
3,44
3,45
3,46
3,47
3,48
3,49
3,50
3,51
3,52
3,53
3,54
3,55
3,56
4,5
4,6
4,7
4,8
4,9
4,10
4,11
4,12
4,13
4,14
4,15
4,16
4,17
4,18
4,19
4,20
4,21
4,22
4,23
4,24
4,25
4,26
4,27
4,28
4,29
4,30
4,31
4,32
4,33
4,34
4,35
4,36
4,37
4,38
4,39
4,40
4,41
4,42
4,43
4,44
4,45
4,46
4,47
4,48
4,49
4,50
4,51
4,52
4,53
4,54
4,55
4,56
4,58
4,68
4,70
4,74
4,76
4,80
4,81
4,84
4,96
4,98
4,100
4,105
4,108
4,109
4,110
4,111
4,113
4,119
4,124
4,126
4,129
4,131
4,146
4,148
4,150
4,154
4,156
4,157
4,159
4,162
4,175
4,183
4,189
4,190
4,191
4,194
5,6
5,7
5,8
5,9
5,10
5,11
5,12
5,13
5,14
5,15
5,16
5,17
5,18
5,19
5,20
5,21
5,22
5,23
5,24
5,25
5,26
5,27
5,28
5,29
5,30
5,31
5,32
5,33
5,34
5,35
5,36
5,37
5,38
5,39
5,40
5,41
5,42
5,43
5,44
5,45
5,46
5,47
5,48
5,49
5,50
5,51
5,52
5,53
5,54
5,55
5,56
6,7
6,8
6,9
6,10
6,11
6,12
6,13
6,14
6,15
6,16
6,17
6,18
6,19
6,20
6,21
6,22
6,23
6,24
6,25
6,26
6,27
6,28
6,29
6,30
6,31
6,32
6,33
6,34
6,35
6,36
6,37
6,38
6,39
6,40
6,41
6,42
6,43
6,44
6,45
6,46
6,47
6,48
6,49
6,50
6,51
6,52
6,53
6,54
6,55
6,56
7,8
7,9
7,10
7,11
7,12
7,13
7,14
7,15
7,16
7,17
7,18
7,19
7,20
7,21
7,22
7,23
7,24
7,25
7,26
7,27
7,28
7,29
7,30
7,31
7,32
7,33
7,34
7,35
7,36
7,37
7,38
7,39
7,40
7,41
7,42
7,43
7,44
7,45
7,46
7,47
7,48
7,49
7,50
7,51
7,52
7,53
7,54
7,55
7,56
8,9
8,10
8,11
8,12
8,13
8,14
8,15
8,16
8,17
8,18
8,19
8,20
8,21
8,22
8,23
8,24
8,25
8,26
8,27
8,28
8,29
8,30
8,31
8,32
8,33
8,34
8,35
8,36
8,37
8,38
8,39
8,40
8,41
8,42
8,43
8,44
8,45
8,46
8,47
8,48
8,49
8,50
8,51
8,52
8,53
8,54
8,55
8,56
8,58
8,68
8,70
8,74
8,76
8,80
8,81
8,84
8,96
8,98
8,100
8,105
8,108
8,109
8,110
8,111
8,113
8,119
8,124
8,126
8,129
8,131
8,146
8,148
8,150
8,154
8,156
8,157
8,159
8,162
8,175
8,183
8,189
8,190
8,191
8,194
9,10
9,11
9,12
9,13
9,14
9,15
9,16
9,17
9,18
9,19
9,20
9,21
9,22
9,23
9,24
9,25
9,26
9,27
9,28
9,29
9,30
9,31
9,32
9,33
9,34
9,35
9,36
9,37
9,38
9,39
9,40
9,41
9,42
9,43
9,44
9,45
9,46
9,47
9,48
9,49
9,50
9,51
9,52
9,53
9,54
9,55
9,56
9,58
9,68
9,70
9,74
9,76
9,80
9,81
9,84
9,96
9,98
9,100
9,105
9,108
9,109
9,110
9,111
9,113
9,119
9,124
9,126
9,129
9,131
9,146
9,148
9,150
9,154
9,156
9,157
9,159
9,162
9,175
9,183
9,189
9,190
9,191
9,194
10,11
10,12
10,13
10,14
10,15
10,16
10,17
10,18
10,19
10,20
10,21
10,22
10,23
10,24
10,25
10,26
10,27
10,28
10,29
10,30
10,31
10,32
10,33
10,34
10,35
10,36
10,37
10,38
10,39
10,40
10,41
10,42
10,43
10,44
10,45
10,46
10,47
10,48
10,49
10,50
10,51
10,52
10,53
10,54
10,55
10,56
11,12
11,13
11,14
11,15
11,16
11,17
11,18
11,19
11,20
11,21
11,22
11,23
11,24
11,25
11,26
11,27
11,28
11,29
11,30
11,31
11,32
11,33
11,34
11,35
11,36
11,37
11,38
11,39
11,40
11,41
11,42
11,43
11,44
11,45
11,46
11,47
11,48
11,49
11,50
11,51
11,52
11,53
11,54
11,55
11,56
11,58
11,68
11,70
11,74
11,76
11,80
11,81
11,84
11,96
11,98
11,100
11,105
11,108
11,109
11,110
11,111
11,113
11,119
11,124
11,126
11,129
11,131
11,146
11,148
11,150
11,154
11,156
11,157
11,159
11,162
11,175
11,183
11,189
11,190
11,191
11,194
12,13
12,14
12,15
12,16
12,17
12,18
12,19
12,20
12,21
12,22
12,23
12,24
12,25
12,26
12,27
12,28
12,29
12,30
12,31
12,32
12,33
12,34
12,35
12,36
12,37
12,38
12,39
12,40
12,41
12,42
12,43
12,44
12,45
12,46
12,47
12,48
12,49
12,50
12,51
12,52
12,53
12,54
12,55
12,56
12,58
12,68
12,70
12,74
12,76
12,80
12,81
12,84
12,96
12,98
12,100
12,105
12,108
12,109
12,110
12,111
12,113
12,119
12,124
12,126
12,129
12,131
12,146
12,148
12,150
12,154
12,156
12,157
12,159
12,162
12,175
12,183
12,189
12,190
12,191
12,194
13,14
13,15
13,16
13,17
13,18
13,19
13,20
13,21
13,22
13,23
13,24
13,25
13,26
13,27
13,28
13,29
13,30
13,31
13,32
13,33
13,34
13,35
13,36
13,37
13,38
13,39
13,40
13,41
13,42
13,43
13,44
13,45
13,46
13,47
13,48
13,49
13,50
13,51
13,52
13,53
13,54
13,55
13,56
13,58
13,68
13,70
13,74
13,76
13,80
13,81
13,84
13,96
13,98
13,100
13,105
13,108
13,109
13,110
13,111
13,113
13,119
13,124
13,126
13,129
13,131
13,146
13,148
13,150
13,154
13,156
13,157
13,159
13,162
13,175
13,183
13,189
13,190
13,191
13,194
14,15
14,16
14,17
14,18
14,19
14,20
14,21
14,22
14,23
14,24
14,25
14,26
14,27
14,28
14,29
14,30
14,31
14,32
14,33
14,34
14,35
14,36
14,37
14,38
14,39
14,40
14,41
14,42
14,43
14,44
14,45
14,46
14,47
14,48
14,49
14,50
14,51
14,52
14,53
14,54
14,55
14,56
14,58
14,68
14,70
14,74
14,76
14,80
14,81
14,84
14,96
14,98
14,100
14,105
14,108
14,109
14,110
14,111
14,113
14,119
14,124
14,126
14,129
14,131
14,146
14,148
14,150
14,154
14,156
14,157
14,159
14,162
14,175
14,183
14,189
14,190
14,191
14,194
15,16
15,17
15,18
15,19
15,20
15,21
15,22
15,23
15,24
15,25
15,26
15,27
15,28
15,29
15,30
15,31
15,32
15,33
15,34
15,35
15,36
15,37
15,38
15,39
15,40
15,41
15,42
15,43
15,44
15,45
15,46
15,47
15,48
15,49
15,50
15,51
15,52
15,53
15,54
15,55
15,56
16,17
16,18
16,19
16,20
16,21
16,22
16,23
16,24
16,25
16,26
16,27
16,28
16,29
16,30
16,31
16,32
16,33
16,34
16,35
16,36
16,37
16,38
16,39
16,40
16,41
16,42
16,43
16,44
16,45
16,46
16,47
16,48
16,49
16,50
16,51
16,52
16,53
16,54
16,55
16,56
17,18
17,19
17,20
17,21
17,22
17,23
17,24
17,25
17,26
17,27
17,28
17,29
17,30
17,31
17,32
17,33
17,34
17,35
17,36
17,37
17,38
17,39
17,40
17,41
17,42
17,43
17,44
17,45
17,46
17,47
17,48
17,49
17,50
17,51
17,52
17,53
17,54
17,55
17,56
18,19
18,20
18,21
18,22
18,23
18,24
18,25
18,26
18,27
18,28
18,29
18,30
18,31
18,32
18,33
18,34
18,35
18,36
18,37
18,38
18,39
18,40
18,41
18,42
18,43
18,44
18,45
18,46
18,47
18,48
18,49
18,50
18,51
18,52
18,53
18,54
18,55
18,56
18,58
18,68
18,70
18,74
18,76
18,80
18,81
18,84
18,96
18,98
18,100
18,105
18,108
18,109
18,110
18,111
18,113
18,119
18,124
18,126
18,129
18,131
18,146
18,148
18,150
18,154
18,156
18,157
18,159
18,162
18,175
18,183
18,189
18,190
18,191
18,194
19,20
19,21
19,22
19,23
19,24
19,25
19,26
19,27
19,28
19,29
19,30
19,31
19,32
19,33
19,34
19,35
19,36
19,37
19,38
19,39
19,40
19,41
19,42
19,43
19,44
19,45
19,46
19,47
19,48
19,49
19,50
19,51
19,52
19,53
19,54
19,55
19,56
20,21
20,22
20,23
20,24
20,25
20,26
20,27
20,28
20,29
20,30
20,31
20,32
20,33
20,34
20,35
20,36
20,37
20,38
20,39
20,40
20,41
20,42
20,43
20,44
20,45
20,46
20,47
20,48
20,49
20,50
20,51
20,52
20,53
20,54
20,55
20,56
21,22
21,23
21,24
21,25
21,26
21,27
21,28
21,29
21,30
21,31
21,32
21,33
21,34
21,35
21,36
21,37
21,38
21,39
21,40
21,41
21,42
21,43
21,44
21,45
21,46
21,47
21,48
21,49
21,50
21,51
21,52
21,53
21,54
21,55
21,56
22,23
22,24
22,25
22,26
22,27
22,28
22,29
22,30
22,31
22,32
22,33
22,34
22,35
22,36
22,37
22,38
22,39
22,40
22,41
22,42
22,43
22,44
22,45
22,46
22,47
22,48
22,49
22,50
22,51
22,52
22,53
22,54
22,55
22,56
22,58
22,68
22,70
22,74
22,76
22,80
22,81
22,84
22,96
22,98
22,100
22,105
22,108
22,109
22,110
22,111
22,113
22,119
22,124
22,126
22,129
22,131
22,146
22,148
22,150
22,154
22,156
22,157
22,159
22,162
22,175
22,183
22,189
22,190
22,191
22,194
23,24
23,25
23,26
23,27
23,28
23,29
23,30
23,31
23,32
23,33
23,34
23,35
23,36
23,37
23,38
23,39
23,40
23,41
23,42
23,43
23,44
23,45
23,46
23,47
23,48
23,49
23,50
23,51
23,52
23,53
23,54
23,55
23,56
24,25
24,26
24,27
24,28
24,29
24,30
24,31
24,32
24,33
24,34
24,35
24,36
24,37
24,38
24,39
24,40
24,41
24,42
24,43
24,44
24,45
24,46
24,47
24,48
24,49
24,50
24,51
24,52
24,53
24,54
24,55
24,56
25,26
25,27
25,28
25,29
25,30
25,31
25,32
25,33
25,34
25,35
25,36
25,37
25,38
25,39
25,40
25,41
25,42
25,43
25,44
25,45
25,46
25,47
25,48
25,49
25,50
25,51
25,52
25,53
25,54
25,55
25,56
25,58
25,68
25,70
25,74
25,76
25,80
25,81
25,84
25,96
25,98
25,100
25,105
25,108
25,109
25,110
25,111
25,113
25,119
25,124
25,126
25,129
25,131
25,146
25,148
25,150
25,154
25,156
25,157
25,159
25,162
25,175
25,183
25,189
25,190
25,191
25,194
26,27
26,28
26,29
26,30
26,31
26,32
26,33
26,34
26,35
26,36
26,37
26,38
26,39
26,40
26,41
26,42
26,43
26,44
26,45
26,46
26,47
26,48
26,49
26,50
26,51
26,52
26,53
26,54
26,55
26,56
26,58
26,68
26,70
26,74
26,76
26,80
26,81
26,84
26,96
26,98
26,100
26,105
26,108
26,109
26,110
26,111
26,113
26,119
26,124
26,126
26,129
26,131
26,146
26,148
26,150
26,154
26,156
26,157
26,159
26,162
26,175
26,183
26,189
26,190
26,191
26,194
27,28
27,29
27,30
27,31
27,32
27,33
27,34
27,35
27,36
27,37
27,38
27,39
27,40
27,41
27,42
27,43
27,44
27,45
27,46
27,47
27,48
27,49
27,50
27,51
27,52
27,53
27,54
27,55
27,56
28,29
28,30
28,31
28,32
28,33
28,34
28,35
28,36
28,37
28,38
28,39
28,40
28,41
28,42
28,43
28,44
28,45
28,46
28,47
28,48
28,49
28,50
28,51
28,52
28,53
28,54
28,55
28,56
29,30
29,31
29,32
29,33
29,34
29,35
29,36
29,37
29,38
29,39
29,40
29,41
29,42
29,43
29,44
29,45
29,46
29,47
29,48
29,49
29,50
29,51
29,52
29,53
29,54
29,55
29,56
30,31
30,32
30,33
30,34
30,35
30,36
30,37
30,38
30,39
30,40
30,41
30,42
30,43
30,44
30,45
30,46
30,47
30,48
30,49
30,50
30,51
30,52
30,53
30,54
30,55
30,56
30,58
30,68
30,70
30,74
30,76
30,80
30,81
30,84
30,96
30,98
30,100
30,105
30,108
30,109
30,110
30,111
30,113
30,119
30,124
30,126
30,129
30,131
30,146
30,148
30,150
30,154
30,156
30,157
30,159
30,162
30,175
30,183
30,189
30,190
30,191
30,194
31,32
31,33
31,34
31,35
31,36
31,37
31,38
31,39
31,40
31,41
31,42
31,43
31,44
31,45
31,46
31,47
31,48
31,49
31,50
31,51
31,52
31,53
31,54
31,55
31,56
32,33
32,34
32,35
32,36
32,37
32,38
32,39
32,40
32,41
32,42
32,43
32,44
32,45
32,46
32,47
32,48
32,49
32,50
32,51
32,52
32,53
32,54
32,55
32,56
32,58
32,68
32,70
32,74
32,76
32,80
32,81
32,84
32,96
32,98
32,100
32,105
32,108
32,109
32,110
32,111
32,113
32,119
32,124
32,126
32,129
32,131
32,146
32,148
32,150
32,154
32,156
32,157
32,159
32,162
32,175
32,183
32,189
32,190
32,191
32,194
33,34
33,35
33,36
33,37
33,38
33,39
33,40
33,41
33,42
33,43
33,44
33,45
33,46
33,47
33,48
33,49
33,50
33,51
33,52
33,53
33,54
33,55
34,35
34,36
34,37
34,38
34,39
34,40
34,41
34,42
34,43
34,44
34,45
34,46
34,47
34,48
34,49
34,50
34,51
34,52
34,53
34,54
34,55
34,56
35,36
35,37
35,38
35,39
35,40
35,41
35,42
35,43
35,44
35,45
35,46
35,47
35,48
35,49
35,50
35,51
35,52
35,53
35,54
35,55
35,56
36,37
36,38
36,39
36,40
36,41
36,42
36,43
36,44
36,45
36,46
36,47
36,48
36,49
36,50
36,51
36,52
36,53
36,54
36,55
36,56
37,38
37,39
37,40
37,41
37,42
37,43
37,44
37,45
37,46
37,47
37,48
37,49
37,50
37,51
37,52
37,53
37,54
37,55
37,56
37,130
37,131
37,136
37,143
37,145
37,150
37,165
37,167
37,192
38,39
38,40
38,41
38,42
38,43
38,44
38,45
38,46
38,47
38,48
38,49
38,50
38,51
38,52
38,53
38,54
38,55
38,56
38,58
38,68
38,70
38,74
38,76
38,77
38,79
38,80
38,81
38,84
38,86
38,91
38,93
38,94
38,95
38,96
38,98
38,99
38,100
38,104
38,105
38,106
38,107
38,108
38,109
38,110
38,111
38,113
38,119
38,124
38,126
38,129
38,131
38,146
38,148
38,150
38,154
38,156
38,157
38,159
38,162
38,175
38,183
38,189
38,190
38,191
38,194
39,40
39,41
39,42
39,43
39,44
39,45
39,46
39,47
39,48
39,49
39,50
39,51
39,52
39,53
39,54
39,55
39,56
40,41
40,42
40,43
40,44
40,45
40,46
40,47
40,48
40,49
40,50
40,51
40,52
40,53
40,54
40,55
40,56
40,58
40,68
40,70
40,74
40,76
40,80
40,81
40,84
40,96
40,98
40,100
40,105
40,108
40,109
40,110
40,111
40,113
40,119
40,124
40,126
40,129
40,131
40,146
40,148
40,150
40,154
40,156
40,157
40,159
40,162
40,175
40,183
40,189
40,190
40,191
40,194
41,42
41,43
41,44
41,45
41,46
41,47
41,48
41,49
41,50
41,51
41,52
41,53
41,54
41,55
41,56
41,95
41,96
41,99
41,101
41,105
41,106
41,115
41,117
41,125
41,131
41,134
41,135
41,136
41,137
41,141
41,148
41,149
41,163
41,164
41,165
42,43
42,44
42,45
42,46
42,47
42,48
42,49
42,50
42,51
42,52
42,53
42,54
42,55
42,56
42,82
42,83
42,85
42,86
42,89
43,44
43,45
43,46
43,47
43,48
43,49
43,50
43,51
43,52
43,53
43,54
43,55
43,56
43,79
43,80
43,82
43,83
43,86
43,87
43,89
43,90
43,93
43,95
43,98
43,99
43,103
43,105
43,107
43,109
43,112
43,115
43,117
43,121
43,124
43,130
43,131
43,134
43,135
43,137
43,139
43,141
43,143
43,145
43,148
43,149
43,150
43,154
43,155
44,45
44,46
44,47
44,48
44,49
44,50
44,51
44,52
44,53
44,54
44,55
44,56
45,46
45,47
45,48
45,49
45,50
45,51
45,52
45,53
45,54
45,55
45,56
45,58
45,68
45,70
45,74
45,76
45,80
45,81
45,84
45,96
45,98
45,100
45,105
45,107
45,108
45,109
45,110
45,111
45,113
45,119
45,124
45,126
45,129
45,131
45,146
45,148
45,150
45,154
45,156
45,157
45,159
45,162
45,175
45,183
45,189
45,190
45,191
45,194
46,47
46,48
46,49
46,50
46,51
46,52
46,53
46,54
46,55
46,56
46,74
46,77
46,78
46,79
46,80
46,83
46,85
46,86
46,87
46,89
46,90
46,94
46,95
46,96
46,98
46,99
46,101
47,48
47,49
47,50
47,51
47,52
47,53
47,54
47,55
47,56
47,70
47,71
47,73
47,74
47,75
47,76
47,80
47,81
47,82
47,83
47,85
47,86
47,87
47,89
47,93
47,94
47,95
47,96
47,102
47,106
47,107
47,109
47,113
47,117
47,121
47,122
47,123
47,124
47,130
47,131
47,135
47,136
47,137
47,141
47,145
47,146
47,148
47,149
47,151
47,153
47,160
47,161
47,165
47,183
48,49
48,50
48,51
48,52
48,53
48,54
48,55
48,56
48,77
48,78
48,79
49,50
49,51
49,52
49,53
49,54
49,55
49,56
50,51
50,52
50,53
50,54
50,55
50,56
50,73
50,75
50,76
50,77
50,78
50,79
50,80
50,82
50,85
50,86
50,87
50,88
50,89
50,90
50,91
50,92
50,93
50,97
50,98
50,99
50,101
50,102
50,103
50,104
50,109
50,111
50,113
50,115
50,122
50,123
50,126
50,130
50,131
50,133
50,135
50,136
50,137
50,140
50,141
50,145
50,146
50,148
50,149
50,150
50,151
50,152
50,167
50,175
50,178
50,183
50,190
50,191
50,194
51,52
51,53
51,54
51,55
51,56
51,76
51,77
51,78
51,80
51,82
51,85
51,87
51,89
51,90
51,95
51,96
51,97
51,98
51,99
51,100
51,101
51,102
51,103
51,104
51,105
51,106
51,107
51,109
51,111
51,112
51,113
51,116
51,117
52,53
52,54
52,55
52,56
53,54
53,55
53,56
53,58
53,68
53,70
53,74
53,76
53,80
53,81
53,84
53,96
53,98
53,100
53,105
53,108
53,109
53,110
53,111
53,113
53,119
53,124
53,126
53,129
53,131
53,146
53,148
53,150
53,154
53,156
53,157
53,159
53,162
53,175
53,183
53,189
53,190
53,191
53,194
54,55
54,56
54,58
54,68
54,70
54,74
54,76
54,80
54,81
54,84
54,96
54,98
54,100
54,105
54,108
54,109
54,110
54,111
54,113
54,119
54,124
54,126
54,129
54,131
54,146
54,148
54,150
54,154
54,156
54,157
54,159
54,162
54,175
54,183
54,189
54,190
54,191
54,194
55,56
55,58
55,68
55,70
55,74
55,76
55,80
55,81
55,84
55,96
55,98
55,100
55,105
55,108
55,109
55,110
55,111
55,113
55,119
55,124
55,126
55,129
55,131
55,132
55,134
55,139
55,145
55,146
55,148
55,150
55,152
55,153
55,154
55,156
55,157
55,159
55,162
55,175
55,183
55,189
55,190
55,191
55,194
56,58
56,68
56,70
56,71
56,73
56,74
56,76
56,79
56,80
56,81
56,82
56,83
56,84
56,86
56,87
56,88
56,89
56,90
56,92
56,94
56,95
56,96
56,98
56,100
56,102
56,103
56,104
56,105
56,107
56,108
56,109
56,110
56,111
56,113
56,116
56,117
56,119
56,122
56,123
56,124
56,125
56,126
56,128
56,129
56,130
56,131
56,139
56,140
56,145
56,146
56,147
56,148
56,150
56,154
56,156
56,157
56,159
56,162
56,175
56,183
56,189
56,190
56,191
56,194
57,71
57,73
57,74
57,75
57,76
57,78
57,79
57,80
57,82
57,83
57,85
57,86
57,87
57,89
57,90
57,91
57,93
57,94
57,95
57,97
57,101
57,102
57,103
57,104
57,105
57,106
57,107
57,109
57,111
57,112
57,114
57,117
57,118
57,121
57,122
57,123
57,125
57,127
57,128
57,130
57,131
57,132
57,133
57,134
57,135
57,136
57,137
57,139
57,140
57,141
57,143
57,145
57,147
57,149
57,151
57,152
57,154
57,155
57,161
57,162
57,165
57,183
57,189
57,190
57,195
58,68
58,70
58,74
58,76
58,80
58,81
58,84
58,96
58,98
58,100
58,105
58,108
58,109
58,110
58,111
58,113
58,119
58,124
58,126
58,129
58,131
58,146
58,148
58,150
58,154
58,156
58,157
58,159
58,162
58,175
58,183
58,189
58,190
58,191
58,194
59,84
59,85
59,86
59,88
59,89
59,93
59,94
59,97
59,98
59,99
59,100
59,103
60,71
60,72
60,73
60,74
60,75
60,77
60,78
60,79
60,80
60,82
60,83
60,84
60,85
60,86
60,87
60,89
60,92
60,94
60,95
60,96
60,97
60,98
60,99
60,100
60,101
60,102
60,103
60,105
60,106
60,108
60,109
60,111
60,112
60,114
60,115
60,117
60,118
60,121
60,122
60,123
60,124
60,128
60,130
60,133
60,134
60,135
60,137
60,138
60,140
60,141
61,70
61,71
61,72
61,73
61,74
61,75
61,76
62,69
62,70
62,71
62,72
62,73
62,74
62,75
62,76
62,78
62,79
62,82
62,83
62,84
62,87
62,91
62,92
62,93
62,94
62,95
62,96
62,97
62,98
62,99
62,100
62,101
62,102
62,103
62,104
62,105
62,106
62,107
62,108
63,73
63,74
63,75
63,77
63,78
63,79
63,82
63,83
64,72
64,73
64,75
64,77
64,78
64,79
64,81
64,82
64,83
64,85
64,86
64,87
64,88
64,91
64,92
64,93
64,94
64,95
64,97
64,98
64,99
64,100
64,101
64,103
64,105
64,106
64,108
64,109
64,111
64,112
64,114
64,115
64,116
64,117
64,122
64,124
64,125
64,126
64,127
64,128
64,130
64,133
64,134
65,71
65,73
65,74
65,75
65,76
65,77
65,78
65,80
65,81
66,68
66,70
66,71
66,73
66,74
66,75
66,77
66,78
66,79
66,83
66,84
66,85
66,86
66,87
66,88
66,89
66,91
66,92
66,94
66,96
66,97
67,72
67,73
67,74
67,75
67,76
67,77
67,78
67,79
67,82
67,83
67,84
67,85
67,86
67,87
67,88
67,89
67,90
67,91
67,92
67,94
67,95
67,96
67,98
67,99
67,100
67,101
67,104
67,105
67,106
67,108
67,111
67,114
67,115
67,122
68,69
68,70
68,71
68,72
68,73
68,74
68,75
68,76
68,78
68,79
68,80
68,81
68,82
68,83
68,84
68,85
68,86
68,87
68,88
68,89
68,90
68,92
68,93
68,96
68,97
68,98
68,99
68,100
68,101
68,102
68,103
68,105
68,106
68,108
68,109
68,110
68,111
68,113
68,114
68,115
68,116
68,117
68,118
68,119
68,122
68,123
68,124
68,126
68,127
68,129
68,131
68,134
68,137
68,140
68,142
68,143
68,146
68,147
68,148
68,150
68,151
68,153
68,154
68,156
68,157
68,159
68,161
68,162
68,167
68,172
68,174
68,175
68,183
68,189
68,190
68,191
68,194
69,70
69,71
69,72
69,75
69,76
69,77
69,78
69,79
69,80
69,81
69,82
69,83
69,84
69,85
69,86
69,87
69,88
69,90
69,91
69,92
69,93
69,94
69,95
69,96
70,71
70,72
70,73
70,74
70,75
70,76
70,78
70,79
70,80
70,81
70,82
70,83
70,84
70,85
70,86
70,88
70,89
70,90
70,91
70,92
70,93
70,94
70,96
70,98
70,100
70,105
70,108
70,109
70,110
70,111
70,113
70,119
70,124
70,126
70,129
70,131
70,146
70,148
70,150
70,154
70,156
70,157
70,159
70,162
70,175
70,183
70,189
70,190
70,191
70,194
71,72
71,73
71,74
71,75
71,76
71,77
71,79
71,80
71,81
71,84
71,85
71,87
71,88
71,89
71,90
71,91
71,92
71,93
71,94
71,95
71,97
71,98
71,100
71,101
71,102
71,103
71,105
71,106
71,113
71,116
71,120
71,124
71,125
71,127
71,130
71,135
71,136
71,138
71,143
71,144
71,147
71,149
71,151
71,153
71,155
71,161
71,162
71,163
71,164
71,174
71,179
72,74
72,75
73,74
73,75
73,76
73,78
73,79
73,80
73,81
73,82
73,83
73,84
73,85
73,86
73,87
73,88
73,89
73,90
73,91
73,93
73,95
73,96
73,99
73,101
73,103
73,105
73,106
73,113
73,114
73,115
73,117
73,118
73,120
73,121
73,122
73,123
73,124
73,125
73,127
73,130
73,131
73,134
73,135
73,137
73,138
73,141
73,142
73,143
73,144
73,147
73,149
73,153
73,159
73,162
73,164
73,166
73,170
73,171
74,75
74,76
74,77
74,78
74,79
74,80
74,81
74,83
74,84
74,85
74,86
74,88
74,90
74,91
74,92
74,93
74,95
74,96
74,97
74,98
74,99
74,100
74,101
74,102
74,103
74,104
74,105
74,106
74,107
74,108
74,109
74,110
74,111
74,112
74,113
74,115
74,116
74,117
74,118
74,119
74,120
74,121
74,122
74,123
74,124
74,125
74,126
74,128
74,129
74,130
74,131
74,146
74,148
74,150
74,154
74,156
74,157
74,159
74,162
74,175
74,183
74,189
74,190
74,191
74,194
75,77
75,78
75,79
75,81
75,82
75,83
75,84
75,85
75,86
75,88
75,90
75,91
75,92
75,93
75,94
75,96
75,97
75,98
75,100
75,101
75,104
75,106
75,111
75,112
75,113
75,114
75,116
75,117
75,118
75,120
76,79
76,80
76,81
76,82
76,83
76,84
76,86
76,87
76,89
76,96
76,98
76,100
76,105
76,108
76,109
76,110
76,111
76,113
76,119
76,124
76,126
76,129
76,131
76,146
76,148
76,150
76,154
76,156
76,157
76,159
76,162
76,175
76,183
76,189
76,190
76,191
76,194
77,78
77,79
77,80
77,81
77,82
77,85
77,87
77,91
77,92
77,93
77,95
77,96
77,99
77,100
77,101
77,102
77,103
77,104
77,105
77,106
77,107
77,111
77,117
77,118
77,120
77,121
77,123
77,124
77,125
77,126
77,130
77,131
77,135
77,137
77,138
77,139
77,140
77,141
77,142
77,143
77,144
77,145
77,147
77,148
77,149
77,151
77,152
77,153
77,154
77,155
78,79
78,80
78,81
78,82
78,86
78,87
78,88
78,90
78,91
78,93
78,94
78,96
78,97
78,98
78,99
78,100
78,101
78,102
78,103
78,104
78,105
78,106
78,107
78,108
78,109
78,111
78,112
78,114
78,115
78,116
78,117
78,118
78,121
78,123
78,124
78,125
78,126
79,80
79,81
79,82
79,83
79,84
79,85
79,90
79,91
79,92
79,94
79,95
79,96
79,97
79,98
79,99
79,100
79,101
79,103
79,104
79,105
79,106
79,107
79,109
79,110
79,111
79,112
79,113
79,115
80,81
80,82
80,84
80,85
80,86
80,88
80,89
80,90
80,91
80,92
80,93
80,95
80,96
80,97
80,98
80,99
80,100
80,102
80,103
80,104
80,105
80,108
80,109
80,110
80,111
80,113
80,119
80,124
80,126
80,129
80,131
80,146
80,148
80,150
80,154
80,156
80,157
80,159
80,162
80,175
80,183
80,189
80,190
80,191
80,194
81,82
81,83
81,84
81,85
81,86
81,87
81,88
81,90
81,91
81,92
81,93
81,94
81,95
81,96
81,98
81,99
81,100
81,101
81,102
81,103
81,104
81,105
81,106
81,107
81,108
81,109
81,110
81,111
81,113
81,119
81,124
81,126
81,129
81,131
81,146
81,148
81,150
81,154
81,156
81,157
81,159
81,162
81,175
81,183
81,189
81,190
81,191
81,194
82,83
82,84
82,85
82,86
82,87
82,88
82,90
82,95
82,96
82,97
82,100
83,84
83,85
83,86
83,87
84,86
84,96
84,98
84,100
84,105
84,108
84,109
84,110
84,111
84,113
84,119
84,124
84,126
84,129
84,131
84,146
84,148
84,150
84,154
84,156
84,157
84,159
84,162
84,175
84,183
84,189
84,190
84,191
84,194
85,87
85,88
85,89
85,90
85,92
85,93
85,95
85,96
85,97
85,99
85,107
85,108
85,109
85,116
85,118
85,124
85,129
85,140
85,142
85,144
85,148
85,149
85,154
85,155
85,160
85,161
85,163
85,171
85,188
86,87
86,88
86,90
86,91
86,93
86,94
86,95
86,96
86,98
86,99
86,100
86,102
86,105
86,106
86,107
86,108
86,109
86,112
86,114
86,115
86,116
86,118
86,119
86,120
86,121
86,123
86,124
86,125
86,126
86,128
86,129
86,130
86,131
86,132
86,133
86,135
86,138
86,139
86,140
86,141
86,142
86,145
86,147
86,148
86,149
86,151
86,152
86,154
86,155
86,160
86,162
86,163
86,165
86,172
86,174
86,181
87,89
87,90
87,91
87,93
87,94
87,95
87,98
87,99
87,100
87,102
87,104
87,105
87,107
87,108
87,109
87,111
87,112
87,113
87,114
87,115
87,118
87,119
87,123
87,124
87,125
87,126
87,127
87,128
87,129
87,130
87,131
87,132
87,133
87,134
87,136
87,137
87,139
87,140
87,141
87,142
87,144
87,145
87,147
87,149
87,152
87,154
87,155
87,159
87,160
87,162
87,164
87,167
87,168
87,171
87,172
87,173
87,174
87,179
87,180
87,185
87,195
88,91
88,92
88,93
88,94
88,95
88,96
88,97
88,98
88,99
88,100
88,101
88,102
88,103
88,104
88,105
88,106
88,107
88,108
89,91
89,92
89,93
89,94
89,98
90,91
90,92
90,93
90,94
90,95
90,98
90,99
90,101
90,102
90,104
90,105
90,107
90,108
90,111
90,114
90,115
90,122
90,123
90,124
90,125
90,126
90,127
90,128
90,130
90,131
90,132
90,136
90,137
90,138
90,140
90,141
90,144
91,93
91,94
91,95
91,96
91,97
91,98
91,99
91,100
91,101
91,102
91,105
91,106
91,107
91,108
91,109
91,110
91,111
91,112
91,114
91,115
91,116
91,118
91,119
91,120
91,121
91,122
91,124
91,127
91,128
91,129
91,130
91,131
91,134
91,135
91,136
91,138
91,139
91,140
91,143
91,146
91,147
91,149
91,150
91,151
92,94
92,97
92,98
92,99
92,101
92,103
92,104
92,105
92,108
92,109
92,110
92,111
92,112
92,113
92,114
92,115
92,116
92,117
92,119
92,120
92,121
92,122
92,123
92,124
92,125
92,130
92,131
92,132
92,133
92,134
92,135
92,136
92,137
92,138
92,139
92,140
92,141
92,142
93,95
93,97
93,98
93,100
93,102
93,103
93,104
93,105
93,107
93,108
93,109
93,110
93,111
93,113
93,114
93,115
93,116
93,118
93,119
93,120
93,121
93,122
93,123
93,124
93,125
93,127
93,129
93,131
93,132
93,133
93,134
93,135
93,136
93,137
93,138
93,139
93,140
93,141
93,144
93,145
93,146
93,147
93,148
93,149
93,150
93,151
94,95
94,96
94,97
94,98
95,96
95,97
95,99
95,100
95,102
95,103
95,104
95,105
95,106
95,107
95,109
95,113
95,117
95,118
95,119
95,120
95,121
95,122
95,123
95,124
95,126
95,127
95,128
95,129
95,130
95,131
95,132
95,134
95,135
95,136
95,138
95,139
95,141
95,142
95,144
95,145
95,146
95,148
95,149
95,150
95,151
95,152
95,153
96,97
96,98
96,99
96,100
96,101
96,102
96,103
96,104
96,105
96,107
96,108
96,109
96,110
96,111
96,113
96,114
96,119
96,124
96,126
96,129
96,131
96,146
96,148
96,150
96,154
96,156
96,157
96,159
96,162
96,175
96,183
96,189
96,190
96,191
96,194
97,98
97,99
97,103
97,104
97,105
97,106
97,107
97,109
97,110
97,111
97,112
97,113
97,114
97,115
98,99
98,100
98,101
98,102
98,103
98,105
98,106
98,107
98,108
98,109
98,110
98,111
98,112
98,113
98,114
98,116
98,117
98,119
98,121
98,122
98,124
98,126
98,127
98,128
98,129
98,131
98,133
98,135
98,137
98,138
98,139
98,141
98,146
98,148
98,150
98,154
98,156
98,157
98,159
98,162
98,175
98,183
98,189
98,190
98,191
98,194
99,100
99,101
99,102
99,103
99,104
99,106
99,107
99,108
99,110
99,111
99,112
99,113
99,114
99,116
99,117
99,119
99,120
99,121
99,122
99,123
99,124
99,125
99,126
99,127
100,101
100,102
100,103
100,104
100,105
100,106
100,108
100,109
100,110
100,111
100,112
100,113
100,114
100,115
100,117
100,119
100,120
100,121
100,122
100,123
100,124
100,125
100,126
100,127
100,128
100,129
100,131
100,132
100,134
100,135
100,137
100,138
100,139
100,141
100,142
100,146
100,148
100,150
100,153
100,154
100,155
100,156
100,157
100,159
100,162
100,175
100,183
100,189
100,190
100,191
100,194
101,102
102,104
102,106
102,107
102,108
102,109
102,111
103,104
103,105
103,106
103,107
103,108
103,109
103,110
103,111
103,113
103,114
103,115
103,118
103,119
103,120
103,122
103,123
103,124
103,126
103,128
104,106
104,107
104,108
104,109
104,110
104,111
104,112
104,113
104,114
104,115
104,116
104,117
104,118
104,119
104,120
104,121
104,124
104,125
104,126
104,128
104,129
104,130
104,134
104,135
104,136
104,137
104,138
104,139
104,143
104,145
104,147
104,153
104,155
105,106
105,107
105,108
105,109
105,110
105,111
105,112
105,113
105,116
105,119
105,120
105,121
105,123
105,124
105,125
105,126
105,127
105,128
105,129
105,130
105,131
105,132
105,133
105,135
105,136
105,137
105,138
105,139
105,143
105,144
105,145
105,146
105,147
105,148
105,150
105,152
105,153
105,154
105,155
105,156
105,157
105,159
105,162
105,163
105,164
105,168
105,175
105,180
105,183
105,189
105,190
105,191
105,194
106,107
106,108
106,109
106,110
106,112
106,113
106,114
106,115
106,116
106,117
106,119
106,120
106,121
106,122
106,123
106,124
106,125
106,127
106,128
106,129
106,131
106,132
106,133
106,134
106,135
106,136
106,137
106,138
106,139
106,140
106,142
106,144
106,145
106,146
106,147
107,108
107,109
107,110
107,111
107,112
107,114
107,115
107,116
107,117
107,120
107,125
107,127
107,129
107,130
107,131
107,132
107,133
107,134
107,135
107,136
107,137
107,138
107,139
107,140
107,144
107,145
107,146
107,147
107,149
107,152
107,153
107,154
108,109
108,110
108,111
108,112
108,113
108,114
108,115
108,118
108,119
108,120
108,122
108,123
108,124
108,125
108,126
108,127
108,128
108,129
108,131
108,132
108,133
108,134
108,135
108,136
108,137
108,138
108,139
108,140
108,141
108,142
108,143
108,144
108,145
108,146
108,147
108,148
108,149
108,150
108,152
108,153
108,154
108,155
108,156
108,157
108,158
108,159
108,162
108,165
108,172
108,173
108,175
108,183
108,189
108,190
108,191
108,194
109,110
109,111
109,113
109,114
109,115
109,116
109,117
109,118
109,119
109,120
109,121
109,123
109,124
109,125
109,126
109,127
109,128
109,129
109,130
109,131
109,133
109,134
109,135
109,136
109,138
109,139
109,140
109,142
109,143
109,145
109,146
109,147
109,148
109,149
109,150
109,151
109,152
109,153
109,154
109,155
109,156
109,157
109,158
109,159
109,162
109,165
109,166
109,172
109,173
109,175
109,183
109,189
109,190
109,191
109,194
110,111
110,113
110,114
110,115
110,116
110,117
110,119
110,120
110,124
110,126
110,129
110,131
110,146
110,148
110,150
110,154
110,156
110,157
110,159
110,162
110,175
110,183
110,189
110,190
110,191
110,194
111,113
111,114
111,117
111,118
111,119
111,120
111,124
111,126
111,127
111,129
111,130
111,131
111,132
111,133
111,137
111,138
111,139
111,140
111,143
111,144
111,145
111,146
111,148
111,149
111,150
111,151
111,152
111,153
111,154
111,155
111,156
111,157
111,159
111,160
111,162
111,175
111,183
111,189
111,190
111,191
111,194
112,114
112,115
112,116
112,117
112,118
112,120
112,121
112,122
112,123
112,125
112,127
112,128
112,129
112,131
112,132
112,134
112,135
112,136
112,137
112,138
112,139
112,140
112,141
112,142
112,143
112,144
112,145
112,146
112,147
112,149
113,115
113,116
113,117
113,119
113,120
113,121
113,122
113,123
113,124
113,125
113,126
113,127
113,128
113,129
113,131
113,132
113,134
113,135
113,136
113,138
113,139
113,140
113,146
113,148
113,150
113,154
113,156
113,157
113,159
113,162
113,175
113,183
113,189
113,190
113,191
113,194
114,115
115,116
115,118
115,121
115,122
115,123
115,124
116,118
116,119
116,120
116,121
116,122
116,123
116,124
116,125
116,127
116,128
116,129
116,130
116,131
116,132
116,133
116,135
116,136
116,137
116,138
116,139
116,140
116,141
116,143
117,118
117,119
117,120
117,121
117,122
117,123
117,124
117,125
117,127
117,128
117,129
117,131
117,132
117,133
117,134
117,135
117,137
117,138
117,139
117,140
117,141
117,142
117,143
117,144
117,147
117,149
117,152
117,153
117,156
117,170
117,173
117,178
117,180
118,120
118,121
118,122
118,123
118,124
118,125
118,127
118,128
118,129
118,131
118,132
118,133
118,134
119,124
119,126
119,129
119,131
119,146
119,148
119,150
119,154
119,156
119,157
119,159
119,162
119,175
119,183
119,189
119,190
119,191
119,194
120,124
120,125
120,126
120,127
121,122
121,123
121,124
121,125
121,126
121,127
121,128
121,129
121,130
121,131
121,132
121,133
121,135
121,136
121,137
121,141
121,142
121,143
121,145
121,147
121,152
121,153
121,160
121,170
121,171
121,173
121,178
121,180
121,185
122,123
122,124
122,125
122,126
122,127
122,128
122,129
122,131
122,132
122,133
122,134
122,135
122,136
122,137
122,138
123,124
123,125
123,126
123,127
123,129
123,130
123,131
123,132
123,133
124,125
124,126
124,127
124,128
124,129
124,131
124,132
124,133
124,134
124,137
124,139
124,142
124,146
124,147
124,148
124,149
124,150
124,152
124,153
124,154
124,155
124,156
124,157
124,158
124,159
124,161
124,162
124,165
124,170
124,175
124,176
124,178
124,180
124,183
124,189
124,190
124,191
124,194
125,126
125,127
125,129
125,133
125,134
125,135
125,136
125,137
125,138
125,139
125,140
125,142
125,143
125,144
125,145
125,149
125,151
125,152
125,153
125,155
125,156
125,158
125,160
125,161
125,164
125,165
125,166
125,169
125,170
125,171
125,173
125,174
125,176
125,178
125,179
125,180
125,185
125,192
126,128
126,129
126,130
126,131
126,132
126,133
126,134
126,135
126,137
126,138
126,139
126,140
126,141
126,142
126,143
126,144
126,145
126,146
126,147
126,148
126,149
126,150
126,151
126,152
126,153
126,154
126,155
126,156
126,157
126,158
126,159
126,160
126,161
126,162
126,164
126,165
126,166
126,167
126,169
126,170
126,171
126,172
126,173
126,174
126,175
126,178
126,183
126,184
126,189
126,190
126,191
126,194
127,128
127,129
127,130
127,133
127,134
127,139
127,140
127,141
127,142
127,143
127,144
127,145
127,147
127,148
127,149
128,129
128,131
128,132
128,133
128,134
128,135
128,137
128,138
128,140
128,141
128,142
128,143
128,144
128,147
128,148
128,152
128,153
128,156
128,158
128,161
128,163
128,166
128,169
128,170
128,171
128,172
128,173
128,174
128,178
128,179
128,180
128,181
128,184
128,188
129,130
129,131
129,132
129,133
129,134
129,136
129,146
129,148
129,150
129,154
129,156
129,157
129,159
129,162
129,175
129,183
129,189
129,190
129,191
129,194
130,132
130,133
130,134
130,135
130,137
130,138
130,140
130,141
130,142
130,143
130,145
130,147
130,148
130,150
130,155
130,156
130,160
130,163
130,166
130,167
130,168
130,169
130,172
130,173
130,178
130,179
130,180
130,181
130,184
130,185
130,187
131,132
131,133
131,134
131,135
131,137
131,138
131,139
131,140
131,142
131,143
131,144
131,145
131,146
131,147
131,148
131,149
131,150
131,151
131,152
131,153
131,154
131,155
131,156
131,157
131,158
131,159
131,160
131,162
131,163
131,165
131,166
131,167
131,175
131,183
131,189
131,190
131,191
131,194
132,133
132,134
132,135
132,136
132,137
132,138
132,139
132,140
132,141
132,142
132,143
132,144
132,147
132,148
132,149
132,150
132,151
132,152
132,153
132,154
132,155
132,156
132,160
132,161
132,165
132,166
132,167
132,168
133,134
133,135
133,136
133,137
133,138
133,140
133,141
133,142
133,143
133,144
133,145
133,146
134,137
134,138
134,139
134,141
134,142
134,143
134,145
134,146
134,149
134,152
134,155
134,156
134,157
134,158
134,161
134,162
134,163
134,164
134,165
134,166
134,167
134,168
134,170
134,171
134,172
134,173
134,175
134,178
134,179
134,181
134,183
134,185
134,187
134,192
135,136
135,138
135,139
135,140
135,141
135,142
135,143
135,144
135,145
135,146
135,147
135,149
135,150
135,151
135,152
135,153
135,155
135,156
135,157
135,158
135,160
135,162
135,163
135,164
135,165
135,166
135,167
135,169
135,170
135,171
135,172
135,173
135,175
135,176
135,179
135,180
135,181
135,182
135,183
135,185
135,187
135,188
135,189
135,192
135,194
135,195
135,197
136,137
136,138
136,139
136,140
136,141
136,142
136,143
136,144
136,145
136,146
136,148
136,149
136,150
136,151
136,152
136,153
136,155
136,156
136,157
136,160
136,161
136,162
136,163
136,165
136,166
136,167
136,168
136,169
136,171
136,172
136,173
136,174
136,175
136,176
136,177
136,178
136,179
136,182
136,183
136,184
136,185
136,187
136,189
137,138
137,139
137,140
137,141
137,142
137,143
137,144
137,145
137,146
137,149
137,150
137,151
137,152
137,153
137,154
137,155
137,156
137,157
137,158
137,160
137,161
137,162
137,163
137,164
137,165
137,167
137,168
137,172
137,173
139,141
139,142
139,146
139,147
139,151
139,152
139,153
139,154
139,157
139,160
139,161
139,162
139,163
139,164
139,165
139,167
139,168
139,170
139,171
139,172
139,173
139,174
139,175
139,176
139,177
139,178
139,179
139,180
139,181
139,182
139,183
139,184
139,185
139,187
139,188
139,189
139,192
139,194
139,197
140,141
140,142
140,143
140,145
140,147
140,148
140,149
140,150
140,151
140,152
140,154
140,156
140,157
140,158
140,160
140,161
140,163
140,164
140,165
140,167
140,170
140,171
140,172
140,173
140,174
140,175
140,176
140,177
140,178
140,179
140,180
140,181
140,182
140,183
140,184
140,185
140,187
140,188
140,189
140,190
140,194
140,197
140,199
141,142
141,143
141,144
141,145
141,146
141,147
141,148
141,149
141,150
141,152
141,155
141,156
141,157
141,158
141,159
141,160
141,161
141,162
141,163
141,164
141,165
141,166
141,167
141,168
141,169
141,170
141,172
141,173
141,174
141,175
141,176
141,177
141,179
141,181
141,182
141,183
141,185
141,192
141,199
142,145
142,146
142,147
143,144
143,145
143,146
143,147
143,148
143,149
143,150
143,151
143,152
143,153
143,154
143,156
143,157
143,159
143,160
143,161
144,146
144,147
144,148
144,150
144,151
144,152
144,153
144,154
144,155
144,156
144,158
144,159
144,160
144,161
144,163
144,166
144,167
144,169
144,170
144,172
144,176
144,178
144,179
144,180
144,181
144,182
144,183
144,184
144,185
144,187
144,188
144,189
144,190
144,191
144,192
144,194
144,199
145,146
145,147
145,150
145,151
145,152
145,153
145,154
145,155
145,156
145,157
145,159
145,162
145,164
145,165
145,166
145,167
145,168
145,169
145,170
145,172
145,173
145,174
145,175
145,176
145,177
145,178
145,179
145,180
145,181
145,182
145,183
145,184
145,185
145,186
145,189
145,190
145,191
145,192
145,194
145,197
146,148
146,150
146,153
146,154
146,155
146,156
146,157
146,158
146,159
146,162
146,163
146,164
146,165
146,166
146,167
146,168
146,169
146,170
146,171
146,172
146,173
146,174
146,175
146,177
146,178
146,179
146,180
146,181
146,182
146,183
146,185
146,186
146,187
146,188
146,189
146,190
146,191
146,192
146,194
146,195
146,197
146,198
146,199
147,149
147,150
147,152
147,153
147,154
147,155
147,156
147,157
147,158
147,159
147,160
147,162
147,163
147,164
147,165
147,166
147,167
147,168
147,169
147,171
147,172
147,173
147,174
147,176
147,177
147,178
147,179
147,180
147,181
147,182
147,183
147,184
147,185
147,186
147,188
147,189
147,190
147,191
147,193
147,196
147,197
147,198
147,199
148,150
148,152
148,154
148,155
148,156
148,157
148,158
148,159
148,160
148,161
148,162
148,164
148,165
148,166
148,167
148,169
148,170
148,171
148,172
148,173
148,174
148,175
148,177
148,183
148,189
148,190
148,191
148,194
149,150
149,151
149,152
149,153
149,154
149,155
149,156
149,157
149,158
149,159
149,160
149,161
149,163
149,164
149,165
149,166
149,167
149,168
149,171
149,172
149,173
149,175
149,176
149,177
149,178
149,179
149,180
149,181
149,182
149,183
149,187
149,188
149,189
149,191
149,192
149,193
149,194
149,196
149,197
150,151
150,152
150,153
150,154
150,155
150,156
150,157
150,159
150,160
150,162
150,163
150,164
150,165
150,166
150,167
150,169
150,170
150,171
150,172
150,173
150,174
150,175
150,176
150,177
150,179
150,180
150,181
150,182
150,183
150,184
150,185
150,186
150,187
150,188
150,189
150,190
150,191
150,193
150,194
150,196
150,197
150,199
151,153
151,156
151,157
152,153
152,154
152,155
152,156
152,157
152,158
152,159
152,160
152,161
152,162
152,165
152,166
152,167
152,168
152,169
152,170
152,171
152,172
152,174
152,175
152,176
152,177
152,181
152,183
152,184
153,156
153,157
153,158
153,159
153,160
153,161
153,162
153,164
153,165
153,166
153,168
153,169
154,155
154,156
154,157
154,159
154,160
154,162
154,166
154,168
154,169
154,170
154,171
154,172
154,173
154,175
154,177
154,179
154,180
154,181
154,182
154,183
154,184
154,186
154,187
154,189
154,190
154,191
154,194
155,156
155,157
155,158
155,159
155,160
155,162
155,163
155,164
155,165
155,167
155,169
155,170
155,171
155,173
155,174
155,175
155,176
155,178
155,179
155,180
155,181
155,182
155,183
155,186
155,187
155,188
155,189
155,192
155,194
155,196
155,197
155,198
155,199
156,157
156,159
156,160
156,161
156,162
156,163
156,165
156,166
156,168
156,169
156,175
156,183
156,189
156,190
156,191
156,194
157,158
157,159
157,162
157,165
157,166
157,167
157,169
157,170
157,172
157,173
157,174
157,175
157,176
157,177
157,178
157,180
157,182
157,183
157,185
157,186
157,188
157,189
157,190
157,191
157,193
157,194
157,197
157,199
158,159
158,160
158,162
158,163
158,164
158,165
158,166
159,160
159,161
159,162
159,163
159,164
159,165
159,166
159,167
159,168
159,169
159,170
159,171
159,172
159,173
159,174
159,175
159,176
159,177
159,178
159,179
159,180
159,181
159,182
159,183
159,184
159,185
159,186
159,187
159,188
159,189
159,190
159,191
159,194
160,163
160,164
160,165
160,166
160,167
160,168
160,170
160,171
160,172
160,173
160,174
160,175
160,176
160,177
160,178
160,181
160,182
160,183
160,185
160,186
160,187
160,188
160,189
160,190
160,191
160,192
160,193
160,194
160,195
160,198
160,199
161,162
161,164
161,165
161,166
161,169
161,170
161,171
161,172
161,173
161,174
161,175
161,177
161,180
161,181
161,182
161,184
161,185
161,186
161,187
161,188
161,189
161,193
161,194
161,195
161,196
161,197
161,198
161,199
162,175
162,183
162,189
162,190
162,191
162,194
163,166
163,167
163,169
163,170
163,171
163,172
163,173
163,174
163,176
163,177
163,178
163,180
163,181
163,183
163,184
163,185
163,186
164,165
164,166
164,167
164,168
164,169
164,170
164,171
164,172
164,173
164,174
164,175
164,176
164,177
164,178
164,179
164,180
164,182
164,183
164,184
164,186
164,190
164,191
164,193
164,197
164,198
164,199
165,167
165,169
165,170
165,171
165,173
165,174
165,176
165,177
165,178
165,179
165,181
165,182
165,183
165,184
165,185
165,186
165,187
165,188
165,191
165,192
165,194
165,195
165,196
165,197
165,198
166,167
166,168
166,169
166,170
166,171
166,172
166,173
166,174
166,175
166,176
166,177
166,178
166,179
167,169
167,170
167,173
167,174
167,175
167,176
167,177
167,178
167,180
167,181
167,182
167,183
167,184
167,186
167,187
167,188
167,189
167,190
167,191
167,192
167,193
167,196
167,197
167,198
167,199
168,169
168,171
168,172
168,173
168,174
168,176
168,177
168,178
168,179
168,180
169,170
169,172
169,173
169,174
169,175
169,176
169,177
169,178
169,179
169,181
169,187
169,189
169,190
169,191
169,192
169,194
169,197
169,198
169,199
170,171
170,173
170,174
170,175
170,176
170,177
170,178
170,179
170,180
170,182
170,183
171,173
171,174
171,175
171,176
171,177
171,179
171,180
171,181
171,182
171,183
171,184
171,185
171,187
171,188
171,189
171,190
171,191
171,192
171,194
171,195
171,196
171,198
171,199
173,174
173,175
173,176
173,177
173,178
173,179
173,180
173,181
173,182
173,183
174,175
174,176
174,177
174,178
174,179
174,180
174,181
174,182
174,183
174,184
174,185
174,187
174,189
174,190
174,191
174,193
174,195
174,197
174,199
175,183
175,189
175,190
175,191
175,194
176,178
176,182
176,183
176,184
176,188
176,189
176,190
176,191
176,192
176,193
176,195
176,196
176,197
176,198
177,178
177,179
177,184
177,185
178,180
178,181
178,182
178,183
178,184
178,185
178,186
178,187
178,188
178,189
178,190
178,191
178,192
178,193
178,194
178,195
178,196
178,199
179,180
179,183
179,185
179,187
179,189
179,190
179,191
179,192
179,194
179,195
179,196
179,197
179,198
180,181
180,183
180,184
180,185
180,187
180,188
180,189
181,183
181,184
181,185
181,186
181,187
181,188
181,189
181,190
181,192
181,193
181,194
181,195
182,183
182,184
182,185
182,186
182,187
182,188
182,189
182,190
182,192
182,193
182,195
182,196
182,198
182,199
183,184
183,185
183,186
183,187
183,188
183,189
183,190
183,191
183,192
183,193
183,194
183,195
183,196
183,197
183,198
184,185
184,186
184,187
184,188
184,189
184,190
184,191
184,192
184,193
184,194
184,195
184,196
184,197
184,198
185,186
185,187
185,188
185,190
185,191
185,192
185,193
185,194
185,195
185,196
185,197
185,199
186,187
186,188
186,189
186,190
186,191
186,192
186,193
186,194
186,195
186,196
186,197
186,198
186,199
187,189
187,190
187,191
187,192
187,193
187,194
187,195
187,198
187,199
188,189
188,190
188,191
188,193
188,194
188,195
188,196
188,197
188,198
188,199
189,190
189,191
189,194
190,191
190,193
190,194
190,195
190,196
190,197
190,198
190,199
191,192
191,193
191,194
191,195
191,197
191,198
192,193
192,195
192,197
192,198
193,194
193,197
193,199
194,195
194,196
194,197
194,198
194,199
195,196
196,199
