0,1
0,2
0,3
0,4
0,5
0,6
0,7
0,8
0,9
0,10
0,11
0,12
0,13
0,14
0,15
0,16
0,17
0,18
0,19
0,20
0,21
0,22
0,23
0,24
0,25
0,26
0,27
1,2
1,3
1,4
1,5
1,6
1,7
1,8
1,9
1,10
1,11
1,12
1,13
1,14
1,15
1,16
1,17
1,18
1,19
1,20
1,21
1,22
1,23
1,24
1,25
1,26
1,27
2,3
2,4
2,5
2,6
2,7
2,8
2,9
2,10
2,11
2,12
2,13
2,14
2,15
2,16
2,17
2,18
2,19
2,20
2,21
2,22
2,23
2,24
2,25
2,26
2,27
3,4
3,5
3,6
3,7
3,8
3,9
3,10
3,11
3,12
3,13
3,14
3,15
3,16
3,17
3,18
3,19
3,20
3,21
3,22
3,23
3,24
3,25
3,26
3,27
4,5
4,6
4,7
4,8
4,9
4,10
4,11
4,12
4,13
4,14
4,15
4,16
4,17
4,18
4,19
4,20
4,21
4,22
4,23
4,24
4,25
4,26
4,27
5,6
5,7
5,8
5,9
5,10
5,11
5,12
5,13
5,14
5,15
5,16
5,17
5,18
5,19
5,20
5,21
5,22
5,23
5,24
5,25
5,26
5,27
6,7
6,8
6,9
6,10
6,11
6,12
6,13
6,14
6,15
6,16
6,17
6,18
6,19
6,20
6,21
6,22
6,23
6,24
6,25
6,26
6,27
7,8
7,9
7,10
7,11
7,12
7,13
7,14
7,15
7,16
7,17
7,18
7,19
7,20
7,21
7,22
7,23
7,24
7,25
7,26
7,27
8,9
8,10
8,11
8,12
8,13
8,14
8,15
8,16
8,17
8,18
8,19
8,20
8,21
8,22
8,23
8,24
8,25
8,26
8,27
9,10
9,11
9,12
9,13
9,14
9,15
9,16
9,17
9,18
9,19
9,20
9,21
9,22
9,23
9,24
9,25
9,26
9,27
10,11
10,12
10,13
10,14
10,15
10,16
10,17
10,18
10,19
10,20
10,21
10,22
10,23
10,24
10,25
10,26
10,27
11,12
11,13
11,14
11,15
11,16
11,17
11,18
11,19
11,20
11,21
11,22
11,23
11,24
11,25
11,26
11,27
11,48
11,53
11,58
11,64
11,66
12,13
12,14
12,15
12,16
12,17
12,18
12,19
12,20
12,21
12,22
12,23
12,24
12,25
12,26
12,27
13,14
13,15
13,16
13,17
13,18
13,19
13,20
13,21
13,22
13,23
13,24
13,25
13,26
13,27
13,41
13,42
13,43
13,45
13,48
13,53
14,15
14,16
14,17
14,18
14,19
14,20
14,21
14,22
14,23
14,24
14,25
14,26
15,16
15,17
15,18
15,19
15,20
15,21
15,22
15,23
15,24
15,25
15,26
15,27
15,34
15,35
15,41
15,42
15,43
15,51
15,57
15,58
15,63
15,97
15,99
15,105
15,121
15,124
15,127
15,128
15,130
15,141
15,153
15,161
15,168
15,180
15,186
15,196
15,197
15,199
16,17
16,18
16,19
16,20
16,21
16,22
16,23
16,24
16,25
16,26
16,27
16,51
16,52
16,53
16,54
16,55
16,56
16,58
16,61
16,77
16,79
16,82
16,83
16,90
17,18
17,19
17,20
17,21
17,22
17,23
17,24
17,25
17,26
17,27
17,38
17,39
17,40
17,41
17,42
17,43
17,45
17,46
17,47
17,48
17,49
17,50
17,51
17,52
17,53
17,54
17,55
17,56
17,59
17,61
17,64
17,66
17,67
17,73
17,77
17,79
17,82
17,85
18,19
18,20
18,21
18,22
18,23
18,24
18,25
18,26
18,27
19,20
19,21
19,22
19,23
19,24
19,25
19,26
19,27
19,36
19,38
19,40
19,41
19,42
19,43
19,45
19,46
19,47
19,49
19,50
19,51
19,52
19,53
19,54
19,55
19,56
19,58
19,59
19,61
20,21
20,22
20,23
20,24
20,25
20,26
20,27
21,22
21,23
21,24
21,25
21,26
21,27
21,34
21,35
21,41
21,42
21,43
21,51
21,57
21,58
21,63
21,97
21,99
21,105
21,121
21,124
21,127
21,128
21,130
21,141
21,153
21,161
21,168
21,180
21,186
21,196
21,197
21,199
22,23
22,24
22,25
22,26
22,27
23,24
23,25
23,26
23,27
24,25
24,26
24,27
25,26
25,27
26,27
34,35
34,41
34,42
34,43
34,51
34,57
34,58
34,63
34,97
34,99
34,105
34,121
34,124
34,127
34,128
34,130
34,141
34,153
34,161
34,168
34,180
34,186
34,196
34,197
34,199
35,41
35,42
35,43
35,46
35,50
35,51
35,53
35,54
35,56
35,57
35,58
35,63
35,77
35,82
35,84
35,97
35,99
35,105
35,121
35,124
35,127
35,128
35,130
35,141
35,153
35,161
35,168
35,180
35,186
35,196
35,197
35,199
36,39
36,40
36,41
36,44
36,45
36,46
36,47
36,48
36,49
36,50
37,38
37,39
37,40
37,41
37,42
37,43
37,44
37,45
37,46
37,47
37,49
37,50
37,51
37,53
37,54
37,56
37,57
37,58
37,60
37,61
37,67
37,73
37,74
37,77
37,79
37,82
37,83
38,39
38,40
38,41
38,42
38,43
38,44
38,45
38,46
38,48
38,49
38,50
38,51
38,52
38,53
38,57
38,58
38,59
38,60
38,61
38,62
38,64
38,66
38,67
38,69
38,73
38,74
38,77
38,78
38,79
38,83
38,85
38,88
39,40
39,42
39,43
39,44
39,45
39,46
39,47
39,48
39,49
39,50
39,51
39,52
39,53
39,54
39,55
39,58
39,59
39,60
39,61
39,62
39,64
39,66
39,67
39,68
39,69
39,70
39,71
39,72
39,73
39,74
39,76
39,77
39,78
39,79
39,82
39,83
39,84
39,85
39,86
39,88
39,98
39,102
39,115
40,41
40,42
40,43
40,44
40,45
41,42
41,43
41,44
41,46
41,48
41,49
41,51
41,57
41,58
41,63
41,97
41,99
41,105
41,121
41,124
41,127
41,128
41,130
41,141
41,153
41,161
41,168
41,180
41,186
41,196
41,197
41,199
42,43
42,44
42,45
42,46
42,47
42,48
42,49
42,50
42,51
42,52
42,53
42,55
42,56
42,57
42,58
42,61
42,62
42,63
42,64
42,97
42,99
42,105
42,121
42,124
42,127
42,128
42,130
42,141
42,153
42,161
42,168
42,180
42,186
42,196
42,197
42,199
43,44
43,45
43,46
43,47
43,48
43,51
43,52
43,53
43,55
43,56
43,57
43,58
43,61
43,63
43,64
43,68
43,69
43,70
43,71
43,72
43,73
43,74
43,78
43,79
43,81
43,83
43,84
43,85
43,87
43,88
43,90
43,97
43,98
43,99
43,102
43,105
43,108
43,115
43,120
43,121
43,124
43,127
43,128
43,130
43,141
43,153
43,161
43,168
43,180
43,186
43,196
43,197
43,199
44,45
44,46
44,47
44,48
44,49
44,50
44,51
45,46
45,47
45,48
45,49
45,50
45,51
45,52
45,53
45,54
45,55
45,57
45,58
45,59
46,47
46,48
46,49
46,50
46,51
46,52
46,53
46,54
47,48
47,49
47,51
47,52
47,53
47,54
47,55
47,56
47,57
47,58
47,59
47,60
47,62
47,64
47,66
47,67
47,68
47,70
47,72
48,49
48,50
48,51
48,52
48,53
48,54
48,55
48,56
48,57
48,58
48,59
48,60
48,61
48,62
48,64
48,66
48,68
49,50
49,51
49,52
50,52
50,53
50,54
50,55
50,56
50,57
50,58
50,59
50,60
50,61
50,62
50,63
50,64
50,66
50,68
50,69
50,70
50,71
50,73
50,74
50,77
50,78
50,83
50,85
50,86
50,87
50,88
50,95
50,98
51,52
51,53
51,54
51,55
51,56
51,57
51,58
51,59
51,60
51,61
51,62
51,63
51,97
51,99
51,105
51,121
51,124
51,127
51,128
51,130
51,141
51,153
51,161
51,168
51,180
51,186
51,196
51,197
51,199
52,54
52,55
52,56
52,57
52,58
52,59
52,60
52,61
52,62
52,63
52,64
52,65
52,66
52,67
52,68
52,69
52,70
52,71
52,72
52,74
53,54
53,56
53,57
53,58
53,59
53,60
53,61
53,62
53,63
53,64
53,65
53,66
54,55
54,56
54,57
54,58
54,59
54,60
54,61
54,62
54,63
54,64
54,65
54,66
54,68
54,69
54,70
54,72
54,73
54,74
54,76
55,56
55,57
55,58
55,60
55,61
55,62
55,63
55,65
55,66
55,67
55,68
55,69
55,70
55,71
55,72
55,73
55,74
55,76
55,77
55,78
55,80
55,83
55,84
55,85
55,86
55,90
55,93
55,95
55,98
55,101
55,102
56,57
56,58
56,59
56,60
56,61
56,62
56,63
56,64
56,65
56,66
56,67
56,68
56,70
56,71
56,72
56,73
56,74
56,75
56,77
56,78
56,79
56,80
56,81
56,83
56,84
56,86
56,87
57,58
57,59
57,63
57,97
57,99
57,105
57,121
57,124
57,127
57,128
57,130
57,141
57,153
57,161
57,168
57,180
57,186
57,196
57,197
57,199
58,59
58,60
58,61
58,62
58,63
58,65
58,66
58,67
58,68
58,69
58,70
58,71
58,73
58,74
58,75
58,76
58,77
58,78
58,79
58,80
58,97
58,99
58,105
58,121
58,124
58,127
58,128
58,130
58,141
58,153
58,161
58,168
58,180
58,186
58,196
58,197
58,199
59,60
59,61
59,62
59,63
60,61
60,62
60,63
60,64
60,66
60,67
60,68
60,69
60,70
60,71
60,72
60,73
60,76
60,77
60,78
60,79
61,63
61,64
61,65
61,66
61,67
61,68
61,69
61,70
61,71
61,72
61,73
61,75
61,76
61,77
61,78
61,79
61,80
61,81
61,82
61,83
61,84
61,86
61,87
62,63
62,65
62,67
62,68
62,69
62,70
62,72
62,73
62,74
62,75
62,76
62,77
62,78
62,79
62,80
62,81
62,82
62,83
62,84
63,65
63,97
63,99
63,105
63,121
63,124
63,127
63,128
63,130
63,141
63,153
63,161
63,168
63,180
63,186
63,196
63,197
63,199
64,66
64,67
64,68
64,69
64,70
64,72
64,73
64,74
64,75
64,76
64,77
64,78
64,79
64,80
64,81
64,82
64,84
64,85
64,87
64,88
64,90
64,95
64,100
64,101
64,102
64,113
65,67
66,67
66,68
66,69
66,70
66,71
66,72
66,74
66,75
66,76
66,77
66,80
66,81
66,82
66,83
66,84
66,85
66,87
66,88
66,90
66,91
66,95
66,97
66,98
66,100
66,101
66,102
66,106
66,108
66,113
66,115
67,68
67,69
67,70
67,71
67,72
67,73
67,74
67,75
67,76
67,77
67,78
67,79
67,80
67,81
67,82
67,83
67,84
67,85
67,86
67,87
67,88
67,89
67,90
67,91
67,93
67,95
67,96
67,97
67,98
67,100
67,101
67,102
67,106
67,108
67,113
67,115
68,69
69,72
69,74
69,75
69,76
69,77
71,72
71,73
71,74
71,75
71,76
71,77
71,79
71,80
71,81
71,82
71,84
71,85
71,86
71,88
71,89
71,90
71,91
71,93
71,95
71,96
71,97
71,98
71,99
71,100
71,101
71,102
71,103
71,106
71,108
71,115
71,116
71,132
72,73
73,75
73,76
73,77
73,78
73,79
73,80
73,81
73,82
73,83
73,84
73,85
73,87
73,89
73,90
73,93
73,95
73,96
73,97
73,98
73,100
73,102
73,103
73,105
73,110
73,111
73,112
73,113
73,115
73,116
73,117
73,118
73,119
73,121
73,122
73,123
73,125
74,75
75,76
75,77
75,78
75,79
75,81
75,82
75,84
75,85
76,77
76,78
76,79
76,80
76,82
76,84
76,85
76,86
76,87
76,88
76,91
76,92
76,93
76,94
76,95
76,96
76,97
76,98
76,99
76,100
76,101
76,102
76,103
76,104
76,105
76,107
76,108
76,111
76,112
76,113
76,116
76,117
76,119
76,120
76,121
76,122
77,78
77,79
77,80
77,81
77,82
77,83
77,84
77,85
77,86
77,87
77,88
77,89
77,90
77,91
77,92
77,93
77,94
77,95
77,96
77,97
77,98
77,99
77,100
77,101
77,102
77,103
77,104
77,105
77,106
77,107
77,108
77,110
77,111
77,112
77,113
78,79
78,80
78,81
78,82
78,83
78,84
78,85
78,86
78,87
78,88
78,89
78,90
79,80
79,83
79,84
79,85
79,86
79,87
79,88
79,89
79,90
79,92
79,93
79,94
79,95
79,96
79,97
79,98
79,99
79,100
79,101
79,102
79,103
79,104
79,105
79,106
79,107
79,108
79,109
79,110
79,111
79,112
79,113
79,115
79,116
79,117
79,118
80,81
80,82
80,83
80,84
80,86
80,87
80,88
80,89
80,91
80,92
80,93
80,94
80,95
80,96
80,97
80,98
80,99
80,100
80,101
80,102
80,103
80,104
80,105
80,106
82,83
82,85
82,86
82,87
82,88
82,89
82,90
82,91
82,92
82,93
82,94
82,95
82,96
82,98
82,99
82,101
82,102
82,103
82,104
82,105
82,106
82,107
82,108
82,109
82,111
82,112
82,113
82,114
82,117
82,118
83,84
83,85
83,87
83,88
83,89
83,90
83,91
83,92
83,93
83,94
83,95
83,97
83,98
83,99
83,100
83,101
83,102
83,103
83,104
83,105
83,106
83,108
83,109
83,110
83,111
83,112
83,113
83,114
83,115
83,117
83,119
83,121
83,123
83,125
83,130
83,137
83,144
83,151
84,85
84,86
84,87
84,88
84,90
84,91
84,92
84,93
84,94
84,95
84,97
84,98
84,99
84,100
84,101
84,102
84,103
84,104
84,105
84,106
84,107
84,108
84,109
85,86
85,87
85,88
85,89
85,90
85,91
85,92
85,93
85,94
85,95
85,96
85,97
85,99
85,101
85,102
85,103
85,104
85,105
86,87
86,88
86,89
86,90
86,91
86,92
86,93
86,94
86,95
86,96
86,97
86,98
86,99
86,100
86,101
86,102
86,103
86,104
86,106
86,107
86,108
86,109
86,110
86,111
86,112
86,113
86,114
86,115
86,116
87,88
87,89
87,90
87,91
88,89
88,90
88,91
88,92
88,93
88,95
88,96
88,97
88,98
88,99
88,100
88,101
88,102
88,103
88,104
88,105
88,106
88,107
88,109
88,110
88,112
88,113
88,114
88,115
88,116
88,117
88,118
88,120
88,121
88,123
88,125
88,126
88,127
88,133
89,90
89,91
89,92
89,93
89,94
90,91
90,92
90,93
90,94
90,95
90,96
90,97
90,98
90,100
90,101
90,102
90,103
90,104
90,105
90,106
90,107
90,108
91,92
91,93
91,94
91,95
92,93
93,94
93,95
93,96
93,97
93,98
93,99
93,100
93,102
93,103
93,104
93,105
93,106
93,107
93,108
93,109
93,110
93,111
94,95
94,96
94,97
94,98
94,99
95,97
95,98
95,99
95,100
95,101
95,102
95,105
95,106
95,107
95,108
95,109
95,110
97,98
97,99
97,105
97,121
97,124
97,127
97,128
97,130
97,141
97,153
97,161
97,168
97,180
97,186
97,196
97,197
97,199
98,100
98,102
98,103
99,100
99,101
99,102
99,103
99,104
99,105
99,106
99,107
99,108
99,109
99,110
99,111
99,113
99,115
99,117
99,118
99,119
99,121
99,123
99,124
99,127
99,128
99,130
99,141
99,153
99,161
99,168
99,180
99,186
99,196
99,197
99,199
101,102
101,103
101,105
101,107
101,108
101,109
101,110
101,111
101,112
101,113
101,115
101,116
101,117
101,118
101,123
101,125
101,126
101,133
101,134
101,139
102,103
102,104
102,105
102,106
102,107
102,108
102,109
102,110
102,111
102,112
102,113
102,115
102,116
102,117
102,118
102,119
102,120
102,121
102,122
102,123
102,125
102,126
102,128
102,130
102,132
102,133
102,134
102,137
102,139
102,151
103,104
103,105
103,106
103,108
103,109
103,110
103,111
103,112
103,113
103,114
104,105
104,106
104,107
105,106
105,107
105,111
105,112
105,114
105,115
105,116
105,118
105,120
105,121
105,123
105,124
105,125
105,126
105,127
105,128
105,129
105,130
105,131
105,133
105,134
105,137
105,139
105,141
105,151
105,153
105,161
105,168
105,174
105,180
105,186
105,196
105,197
105,199
106,107
106,108
106,111
106,112
106,113
106,114
106,115
106,117
106,118
106,119
106,120
106,121
106,122
106,123
106,125
106,126
106,129
106,130
106,131
106,132
106,133
106,134
106,137
106,139
106,141
106,144
106,145
106,151
107,108
107,109
107,110
107,111
107,112
107,113
107,114
107,115
107,116
107,117
107,119
107,120
107,121
107,122
107,123
107,125
108,109
108,110
108,111
108,112
108,113
108,114
108,115
108,116
108,117
108,118
108,119
108,120
108,121
108,122
108,124
108,125
108,126
108,127
108,128
108,129
108,130
108,133
108,134
108,135
108,137
108,141
108,144
108,145
108,148
108,149
108,151
108,153
108,157
108,162
108,174
109,113
109,114
109,116
109,117
109,118
109,119
109,121
109,122
110,111
110,112
110,113
110,115
111,112
111,113
111,114
111,115
111,116
111,117
111,118
111,119
111,120
111,121
111,122
111,123
111,125
111,127
111,129
111,130
111,131
111,132
111,134
111,135
111,136
111,137
111,138
111,139
111,141
111,144
111,148
111,149
113,114
113,115
113,116
113,118
113,120
113,121
113,123
113,124
113,125
113,126
113,127
113,128
113,129
113,130
113,131
113,132
113,133
113,134
113,135
113,136
113,137
113,138
113,139
113,140
113,141
113,144
113,145
113,146
113,148
113,149
113,151
113,153
113,157
113,161
113,162
113,165
113,174
114,115
114,117
114,118
114,119
114,120
114,121
114,122
114,124
114,125
114,126
114,127
114,128
115,116
115,117
115,118
115,119
115,120
115,121
115,122
115,123
115,124
115,125
115,126
115,127
115,128
115,129
115,130
115,131
115,132
115,133
115,134
115,135
115,136
115,137
115,138
115,139
115,140
115,141
115,145
115,146
115,148
115,149
115,151
115,153
115,154
115,157
115,161
115,162
115,164
115,165
115,174
115,179
115,185
115,189
116,117
116,118
116,119
116,120
116,121
117,118
117,119
117,120
117,121
117,122
117,123
117,124
117,125
117,126
117,127
117,128
117,130
117,131
117,132
117,133
117,134
117,135
117,136
117,137
117,138
117,139
117,140
117,141
118,122
118,123
118,124
118,125
118,126
118,127
118,128
118,129
119,120
119,121
119,122
119,123
119,124
119,125
119,126
119,127
119,128
119,129
119,130
119,131
119,132
119,133
119,134
119,135
119,137
119,138
119,139
119,140
119,141
120,121
120,122
120,123
120,124
120,125
120,126
120,128
120,129
120,130
120,131
120,132
121,122
121,123
121,124
121,125
121,126
121,127
121,128
121,129
121,130
121,131
121,132
121,133
121,134
121,135
121,136
121,138
121,140
121,141
121,144
121,145
121,146
121,147
121,149
121,150
121,151
121,153
121,154
121,155
121,157
121,160
121,161
121,162
121,163
121,165
121,168
121,169
121,174
121,179
121,180
121,185
121,186
121,189
121,196
121,197
121,199
122,123
122,124
122,125
122,126
122,127
122,128
122,129
122,130
122,131
122,132
122,133
122,134
122,135
122,136
122,137
122,138
123,124
123,125
123,126
123,127
123,128
123,129
123,130
123,131
123,132
123,133
123,134
123,135
123,136
123,137
123,138
123,139
123,141
123,145
123,146
123,147
123,148
123,149
123,150
123,151
123,152
123,153
123,155
123,157
123,158
123,160
123,163
123,164
123,165
123,169
124,127
124,128
124,130
124,141
124,153
124,161
124,168
124,180
124,186
124,196
124,197
124,199
125,126
125,127
125,128
125,129
125,130
125,131
125,132
125,133
125,135
125,136
125,137
126,127
126,128
126,130
126,131
126,132
126,133
126,134
126,135
127,128
127,130
127,131
127,132
127,133
127,134
127,135
127,136
127,137
127,138
127,139
127,141
127,144
127,145
127,147
127,148
127,149
127,150
127,151
127,152
127,153
127,161
127,168
127,180
127,186
127,196
127,197
127,199
128,130
128,131
128,132
128,133
128,134
128,135
128,136
128,137
128,138
128,139
128,141
128,142
128,143
128,144
128,145
128,146
128,147
128,148
128,149
128,150
128,151
128,152
128,153
128,154
128,155
128,157
128,158
128,160
128,161
128,162
128,163
128,164
128,165
128,168
128,169
128,170
128,180
128,186
128,196
128,197
128,199
129,130
129,131
129,132
129,133
129,134
129,135
129,136
129,137
129,138
129,139
129,140
129,141
129,142
129,143
129,144
129,145
129,146
129,147
129,148
129,149
129,150
129,151
129,152
129,154
129,155
129,157
129,158
129,160
129,161
129,162
129,163
129,165
129,170
129,174
129,176
130,131
130,133
130,134
130,135
130,136
130,138
130,139
130,140
130,141
130,142
130,143
130,144
130,145
130,146
130,147
130,148
130,149
130,150
130,151
130,152
130,153
130,154
130,155
130,158
130,160
130,161
130,168
130,180
130,186
130,196
130,197
130,199
131,132
131,133
131,134
131,135
131,136
131,137
131,138
131,139
131,140
131,141
131,142
132,133
132,134
132,135
132,136
133,134
133,135
133,136
133,137
133,138
133,139
133,140
133,141
133,142
133,143
133,144
133,145
133,146
133,147
133,148
133,150
133,151
133,152
133,155
133,157
133,160
133,161
133,162
133,163
135,136
135,137
135,138
135,139
135,140
136,137
136,138
136,139
136,140
136,141
136,142
136,143
136,145
136,146
137,139
137,140
137,141
137,142
137,143
137,144
137,145
137,146
137,147
137,148
137,149
137,150
137,151
137,152
137,153
137,154
137,155
137,157
137,158
137,161
138,139
138,140
138,141
138,142
138,143
138,144
138,145
139,140
139,141
139,142
139,144
139,145
139,146
139,147
139,148
139,149
139,150
139,152
139,153
139,154
139,155
139,158
139,161
139,163
139,164
139,169
139,170
139,173
139,174
139,179
139,189
140,141
140,144
140,147
140,148
140,149
140,150
141,142
141,143
141,144
141,146
141,147
141,153
141,161
141,168
141,180
141,186
141,196
141,197
141,199
142,144
142,145
142,146
142,148
142,149
142,150
142,151
142,152
142,153
142,154
143,144
144,145
144,146
144,148
144,149
144,150
144,151
144,152
144,154
144,155
144,156
144,157
144,159
144,161
144,162
144,163
144,166
144,169
144,170
144,172
144,173
144,174
144,176
145,146
145,147
145,148
145,149
145,150
146,147
146,148
146,149
146,150
146,152
146,153
146,154
146,155
146,156
146,157
146,159
147,148
147,149
147,150
147,152
147,153
147,154
147,156
147,157
147,158
147,159
147,161
147,162
147,163
148,149
148,150
148,152
148,153
148,154
148,155
148,156
148,157
148,158
148,159
148,160
148,161
148,163
148,164
148,165
148,166
148,167
148,169
148,170
148,171
148,172
148,173
148,176
148,179
149,150
149,151
149,152
149,153
149,154
149,155
149,156
149,157
149,158
149,159
149,160
149,162
149,163
149,164
149,165
149,166
149,167
149,170
149,172
149,173
149,174
149,177
149,178
149,179
149,181
149,185
149,186
149,187
149,189
150,151
150,152
150,154
150,155
150,156
150,157
150,158
150,159
150,161
150,162
150,163
150,164
150,165
151,152
151,153
151,154
151,155
151,156
151,157
151,158
151,159
151,160
151,161
151,162
151,163
151,166
151,167
151,169
151,170
151,171
151,172
151,173
151,174
151,176
151,178
151,179
151,185
151,186
151,187
151,189
152,153
152,154
152,155
152,156
153,154
153,155
153,156
153,157
153,158
153,159
153,160
153,161
153,162
153,164
153,165
153,166
153,167
153,168
153,170
153,171
153,172
153,173
153,174
153,176
153,177
153,178
153,179
153,180
153,181
153,185
153,186
153,196
153,197
153,199
154,155
154,156
154,157
154,158
154,159
154,160
154,162
155,157
155,159
155,160
155,161
155,164
155,165
155,166
155,168
155,169
155,170
155,171
155,172
155,173
155,174
155,175
155,176
155,177
155,178
155,179
155,180
155,181
155,184
155,185
155,187
155,189
155,194
156,157
156,158
157,158
157,160
157,162
157,163
157,164
157,165
157,166
157,167
158,159
158,160
158,161
158,163
158,164
158,165
158,166
158,167
158,168
158,169
158,170
158,171
158,172
158,174
158,175
158,176
158,177
158,178
158,179
158,180
158,181
159,162
159,163
159,164
159,165
159,167
159,168
160,161
160,162
160,163
160,164
160,165
160,166
160,167
160,168
160,171
161,162
161,163
161,164
161,165
161,166
161,167
161,168
161,169
161,170
161,171
161,172
161,173
161,174
161,175
161,176
161,177
161,178
161,180
161,181
161,185
161,186
161,189
161,191
161,194
161,196
161,197
161,199
162,163
162,164
162,165
162,166
162,167
162,169
162,170
162,171
162,172
162,173
162,174
162,175
162,176
162,177
162,178
162,179
162,180
162,181
162,184
162,185
162,186
162,188
162,189
163,164
163,165
163,166
163,167
163,168
163,169
163,170
163,173
163,174
163,176
163,177
163,178
163,179
163,180
163,181
163,182
163,185
163,186
163,188
163,189
163,191
163,192
164,165
164,166
164,167
164,168
164,169
164,170
164,171
164,172
164,173
164,174
164,175
164,176
164,177
164,178
164,179
164,180
164,181
164,182
164,183
164,184
164,185
164,186
164,187
164,191
164,192
164,194
164,198
165,166
165,167
165,168
165,169
165,171
165,172
165,173
165,174
165,175
165,176
165,177
165,179
165,180
165,182
165,183
165,184
165,185
165,186
165,187
165,188
165,191
165,192
165,194
165,198
166,167
166,168
166,169
166,170
166,171
166,172
166,173
166,174
166,175
166,176
166,177
166,178
167,168
167,169
167,170
167,171
167,172
167,173
167,174
167,175
167,176
167,177
167,178
167,180
167,182
167,183
167,184
167,185
167,188
167,189
167,191
167,192
167,193
167,194
168,169
168,170
168,171
168,172
168,173
168,174
168,175
168,176
168,177
168,178
168,179
168,180
168,181
168,182
168,183
168,185
168,186
168,187
168,189
168,192
168,196
168,197
168,199
169,170
169,171
169,172
170,171
170,172
170,173
170,174
170,175
170,176
170,177
170,179
170,180
170,181
170,182
170,183
170,184
170,185
170,186
170,187
170,188
170,189
171,172
171,173
171,174
171,175
171,177
172,173
172,174
173,174
174,176
174,177
174,178
174,179
174,180
174,181
174,182
174,183
174,184
174,185
174,186
174,187
174,188
174,190
174,191
174,193
174,194
175,176
175,177
175,178
175,179
175,180
175,181
175,182
175,183
175,184
175,185
175,186
175,187
175,188
175,189
175,190
175,191
175,193
175,194
176,177
176,178
176,179
176,180
176,181
176,182
176,184
176,185
176,186
176,187
176,188
176,190
176,191
176,192
176,193
176,196
176,197
177,178
177,179
177,180
177,181
177,182
177,184
177,185
177,186
177,187
177,189
177,190
177,191
177,192
177,193
178,181
178,182
178,183
178,184
179,180
179,181
179,182
179,184
179,185
179,186
180,186
180,196
180,197
180,199
181,182
181,183
181,186
181,187
181,188
181,189
181,190
181,192
181,193
182,183
182,184
182,185
182,186
182,187
182,188
182,189
182,190
182,191
182,194
182,198
184,186
184,187
184,188
184,189
184,190
184,191
184,192
184,194
184,197
184,198
185,186
185,187
185,188
185,189
185,190
185,191
185,192
185,193
185,194
185,196
185,198
186,187
186,188
186,189
186,190
186,191
186,192
186,193
186,194
186,196
186,197
186,198
186,199
187,189
187,190
187,191
187,192
187,193
187,194
187,196
187,197
187,198
188,189
188,190
188,191
188,192
188,193
188,194
188,195
188,196
188,197
188,198
189,190
189,191
189,192
189,193
189,194
189,195
189,197
190,191
190,192
190,193
190,194
190,196
190,197
190,198
191,195
191,196
191,197
191,198
192,193
192,194
192,195
192,196
192,197
192,198
192,199
193,194
193,195
193,196
193,197
193,198
193,199
194,195
194,196
194,197
194,198
194,199
196,197
196,199
197,198
197,199
198,199
