0,1
0,2
0,3
0,4
0,5
0,6
0,7
0,8
0,9
0,10
0,11
0,12
0,13
0,14
0,15
0,16
0,17
0,18
0,19
0,20
0,21
0,22
0,23
0,24
0,25
0,26
0,27
0,28
0,29
0,30
0,31
0,32
0,33
0,34
0,35
0,36
0,37
0,38
0,39
0,40
0,41
0,42
0,43
0,44
0,45
0,46
0,47
0,48
0,49
0,50
0,51
0,52
0,53
0,54
0,55
0,56
0,57
0,58
0,59
0,60
0,61
0,62
0,63
0,64
0,65
0,66
0,67
0,68
0,69
0,70
0,71
0,72
0,76
0,78
0,82
0,84
0,86
0,87
0,89
0,90
0,91
0,92
0,94
0,96
0,97
0,98
0,99
0,101
0,104
0,107
0,114
0,115
0,120
0,122
0,123
0,125
0,127
0,129
0,133
0,135
0,140
0,144
0,150
0,157
0,160
0,162
0,163
0,164
0,165
0,166
0,167
0,168
0,169
0,171
0,173
0,174
0,175
0,177
0,179
0,184
0,185
0,186
0,188
0,189
0,190
0,192
0,193
0,194
0,195
0,196
0,198
0,199
1,2
1,3
1,4
1,5
1,6
1,7
1,8
1,9
1,10
1,11
1,12
1,13
1,14
1,15
1,16
1,17
1,18
1,19
1,20
1,21
1,22
1,23
1,24
1,25
1,26
1,27
1,28
1,29
1,30
1,31
1,32
1,33
1,34
1,35
1,36
1,37
1,38
1,39
1,40
1,41
1,42
1,43
1,44
1,45
1,46
1,47
1,48
1,49
1,50
1,51
1,52
1,53
1,54
1,55
1,56
1,57
1,58
1,59
1,60
1,61
1,62
1,63
1,64
1,65
1,66
1,67
1,68
1,69
1,70
1,71
1,72
2,3
2,4
2,5
2,6
2,7
2,8
2,9
2,10
2,11
2,12
2,13
2,14
2,15
2,16
2,17
2,18
2,19
2,20
2,21
2,22
2,23
2,24
2,25
2,26
2,27
2,28
2,29
2,30
2,31
2,32
2,33
2,34
2,35
2,36
2,37
2,38
2,39
2,40
2,41
2,42
2,43
2,44
2,45
2,46
2,47
2,48
2,49
2,50
2,51
2,52
2,53
2,54
2,55
2,56
2,57
2,58
2,59
2,60
2,61
2,62
2,63
2,64
2,65
2,66
2,67
2,68
2,69
2,70
2,71
2,72
3,4
3,5
3,6
3,7
3,8
3,9
3,10
3,11
3,12
3,13
3,14
3,15
3,16
3,17
3,18
3,19
3,20
3,21
3,22
3,23
3,24
3,25
3,26
3,27
3,28
3,29
3,30
3,31
3,32
3,33
3,34
3,35
3,36
3,37
3,38
3,39
3,40
3,41
3,42
3,43
3,44
3,45
3,46
3,47
3,48
3,49
3,50
3,51
3,52
3,53
3,54
3,55
3,56
3,57
3,58
3,59
3,60
3,61
3,62
3,63
3,64
3,65
3,66
3,67
3,68
3,69
3,70
3,71
3,72
3,134
3,136
3,142
3,145
3,154
3,158
3,160
3,161
3,162
3,163
3,164
3,165
3,175
3,176
3,180
3,184
3,187
3,188
3,192
3,194
3,197
4,5
4,6
4,7
4,8
4,9
4,10
4,11
4,12
4,13
4,14
4,15
4,16
4,17
4,18
4,19
4,20
4,21
4,22
4,23
4,24
4,25
4,26
4,27
4,28
4,29
4,30
4,31
4,32
4,33
4,34
4,35
4,36
4,37
4,38
4,39
4,40
4,41
4,42
4,43
4,44
4,45
4,46
4,47
4,48
4,49
4,50
4,51
4,52
4,53
4,54
4,55
4,56
4,57
4,58
4,59
4,60
4,61
4,62
4,63
4,64
4,65
4,66
4,67
4,68
4,69
4,70
4,71
4,72
4,76
4,78
4,82
4,84
4,86
4,87
4,89
4,90
4,91
4,92
4,94
4,96
4,97
4,98
4,99
4,101
4,104
4,107
4,114
4,115
4,120
4,122
4,123
4,125
4,127
4,129
4,133
4,135
4,140
4,144
4,150
4,157
4,164
4,165
4,166
4,168
4,169
4,171
4,173
4,174
4,175
4,177
4,179
4,185
4,188
4,193
4,198
4,199
5,6
5,7
5,8
5,9
5,10
5,11
5,12
5,13
5,14
5,15
5,16
5,17
5,18
5,19
5,20
5,21
5,22
5,23
5,24
5,25
5,26
5,27
5,28
5,29
5,30
5,31
5,32
5,33
5,34
5,35
5,36
5,37
5,38
5,39
5,40
5,41
5,42
5,43
5,44
5,45
5,46
5,47
5,48
5,49
5,50
5,51
5,52
5,53
5,54
5,55
5,56
5,57
5,58
5,59
5,60
5,61
5,62
5,63
5,64
5,65
5,66
5,67
5,68
5,69
5,70
5,71
5,72
5,76
5,78
5,82
5,84
5,86
5,87
5,89
5,90
5,91
5,92
5,94
5,96
5,97
5,98
5,99
5,101
5,104
5,107
5,114
5,115
5,120
5,122
5,123
5,125
5,127
5,129
5,133
5,135
5,140
5,144
5,150
5,157
5,164
5,165
5,166
5,168
5,169
5,171
5,173
5,174
5,175
5,177
5,179
5,185
5,188
5,193
5,198
5,199
6,7
6,8
6,9
6,10
6,11
6,12
6,13
6,14
6,15
6,16
6,17
6,18
6,19
6,20
6,21
6,22
6,23
6,24
6,25
6,26
6,27
6,28
6,29
6,30
6,31
6,32
6,33
6,34
6,35
6,36
6,37
6,38
6,39
6,40
6,41
6,42
6,43
6,44
6,45
6,46
6,47
6,48
6,49
6,50
6,51
6,52
6,53
6,54
6,55
6,56
6,57
6,58
6,59
6,60
6,61
6,62
6,63
6,64
6,65
6,66
6,67
6,68
6,69
6,70
6,71
6,72
7,8
7,9
7,10
7,11
7,12
7,13
7,14
7,15
7,16
7,17
7,18
7,19
7,20
7,21
7,22
7,23
7,24
7,25
7,26
7,27
7,28
7,29
7,30
7,31
7,32
7,33
7,34
7,35
7,36
7,37
7,38
7,39
7,40
7,41
7,42
7,43
7,44
7,45
7,46
7,47
7,48
7,49
7,50
7,51
7,52
7,53
7,54
7,55
7,56
7,57
7,58
7,59
7,60
7,61
7,62
7,63
7,64
7,65
7,66
7,67
7,68
7,69
7,70
7,71
7,72
8,9
8,10
8,11
8,12
8,13
8,14
8,15
8,16
8,17
8,18
8,19
8,20
8,21
8,22
8,23
8,24
8,25
8,26
8,27
8,28
8,29
8,30
8,31
8,32
8,33
8,34
8,35
8,36
8,37
8,38
8,39
8,40
8,41
8,42
8,43
8,44
8,45
8,46
8,47
8,48
8,49
8,50
8,51
8,52
8,53
8,54
8,55
8,56
8,57
8,58
8,59
8,60
8,61
8,62
8,63
8,64
8,65
8,66
8,67
8,68
8,69
8,70
8,71
8,72
9,10
9,11
9,12
9,13
9,14
9,15
9,16
9,17
9,18
9,19
9,20
9,21
9,22
9,23
9,24
9,25
9,26
9,27
9,28
9,29
9,30
9,31
9,32
9,33
9,34
9,35
9,36
9,37
9,38
9,39
9,40
9,41
9,42
9,43
9,44
9,45
9,46
9,47
9,48
9,49
9,50
9,51
9,52
9,53
9,54
9,55
9,56
9,57
9,58
9,59
9,60
9,61
9,62
9,63
9,64
9,65
9,66
9,67
9,68
9,69
9,70
9,71
9,72
10,11
10,12
10,13
10,14
10,15
10,16
10,17
10,18
10,19
10,20
10,21
10,22
10,23
10,24
10,25
10,26
10,27
10,28
10,29
10,30
10,31
10,32
10,33
10,34
10,35
10,36
10,37
10,38
10,39
10,40
10,41
10,42
10,43
10,44
10,45
10,46
10,47
10,48
10,49
10,50
10,51
10,52
10,53
10,54
10,55
10,56
10,57
10,58
10,59
10,60
10,61
10,62
10,63
10,64
10,65
10,66
10,67
10,68
10,69
10,70
10,71
10,72
10,76
10,78
10,82
10,84
10,86
10,87
10,89
10,90
10,91
10,92
10,94
10,96
10,97
10,98
10,99
10,101
10,104
10,107
10,114
10,115
10,120
10,122
10,123
10,125
10,127
10,129
10,133
10,135
10,140
10,144
10,150
10,157
10,164
10,165
10,166
10,168
10,169
10,171
10,173
10,174
10,175
10,177
10,179
10,185
10,188
10,193
10,198
10,199
11,12
11,13
11,14
11,15
11,16
11,17
11,18
11,19
11,20
11,21
11,22
11,23
11,24
11,25
11,26
11,27
11,28
11,29
11,30
11,31
11,32
11,33
11,34
11,35
11,36
11,37
11,38
11,39
11,40
11,41
11,42
11,43
11,44
11,45
11,46
11,47
11,48
11,49
11,50
11,51
11,52
11,53
11,54
11,55
11,56
11,57
11,58
11,59
11,60
11,61
11,62
11,63
11,64
11,65
11,66
11,67
11,68
11,69
11,70
11,71
11,72
12,13
12,14
12,15
12,16
12,17
12,18
12,19
12,20
12,21
12,22
12,23
12,24
12,25
12,26
12,27
12,28
12,29
12,30
12,31
12,32
12,33
12,34
12,35
12,36
12,37
12,38
12,39
12,40
12,41
12,42
12,43
12,44
12,45
12,46
12,47
12,48
12,49
12,50
12,51
12,52
12,53
12,54
12,55
12,56
12,57
12,58
12,59
12,60
12,61
12,62
12,63
12,64
12,65
12,66
12,67
12,68
12,69
12,70
12,71
12,72
13,14
13,15
13,16
13,17
13,18
13,19
13,20
13,21
13,22
13,23
13,24
13,25
13,26
13,27
13,28
13,29
13,30
13,31
13,32
13,33
13,34
13,35
13,36
13,37
13,38
13,39
13,40
13,41
13,42
13,43
13,44
13,45
13,46
13,47
13,48
13,49
13,50
13,51
13,52
13,53
13,54
13,55
13,56
13,57
13,58
13,59
13,60
13,61
13,62
13,63
13,64
13,65
13,66
13,67
13,68
13,69
13,70
13,71
13,72
14,15
14,16
14,17
14,18
14,19
14,20
14,21
14,22
14,23
14,24
14,25
14,26
14,27
14,28
14,29
14,30
14,31
14,32
14,33
14,34
14,35
14,36
14,37
14,38
14,39
14,40
14,41
14,42
14,43
14,44
14,45
14,46
14,47
14,48
14,49
14,50
14,51
14,52
14,53
14,54
14,55
14,56
14,57
14,58
14,59
14,60
14,61
14,62
14,63
14,64
14,65
14,66
14,67
14,68
14,69
14,70
14,71
14,72
15,16
15,17
15,18
15,19
15,20
15,21
15,22
15,23
15,24
15,25
15,26
15,27
15,28
15,29
15,30
15,31
15,32
15,33
15,34
15,35
15,36
15,37
15,38
15,39
15,40
15,41
15,42
15,43
15,44
15,45
15,46
15,47
15,48
15,49
15,50
15,51
15,52
15,53
15,54
15,55
15,56
15,57
15,58
15,59
15,60
15,61
15,62
15,63
15,64
15,65
15,66
15,67
15,68
15,69
15,70
15,71
15,72
16,17
16,18
16,19
16,20
16,21
16,22
16,23
16,24
16,25
16,26
16,27
16,28
16,29
16,30
16,31
16,32
16,33
16,34
16,35
16,36
16,37
16,38
16,39
16,40
16,41
16,42
16,43
16,44
16,45
16,46
16,47
16,48
16,49
16,50
16,51
16,52
16,53
16,54
16,55
16,56
16,57
16,58
16,59
16,60
16,61
16,62
16,63
16,64
16,65
16,66
16,67
16,68
16,69
16,70
16,71
16,72
16,76
16,78
16,82
16,84
16,86
16,87
16,89
16,90
16,91
16,92
16,94
16,96
16,97
16,98
16,99
16,101
16,104
16,107
16,114
16,115
16,120
16,122
16,123
16,125
16,127
16,129
16,133
16,135
16,140
16,144
16,150
16,157
16,164
16,165
16,166
16,168
16,169
16,171
16,173
16,174
16,175
16,177
16,179
16,185
16,188
16,193
16,198
16,199
17,18
17,19
17,20
17,21
17,22
17,23
17,24
17,25
17,26
17,27
17,28
17,29
17,30
17,31
17,32
17,33
17,34
17,35
17,36
17,37
17,38
17,39
17,40
17,41
17,42
17,43
17,44
17,45
17,46
17,47
17,48
17,49
17,50
17,51
17,52
17,53
17,54
17,55
17,56
17,57
17,58
17,59
17,60
17,61
17,62
17,63
17,64
17,65
17,66
17,67
17,68
17,69
17,70
17,71
18,19
18,20
18,21
18,22
18,23
18,24
18,25
18,26
18,27
18,28
18,29
18,30
18,31
18,32
18,33
18,34
18,35
18,36
18,37
18,38
18,39
18,40
18,41
18,42
18,43
18,44
18,45
18,46
18,47
18,48
18,49
18,50
18,51
18,52
18,53
18,54
18,55
18,56
18,57
18,58
18,59
18,60
18,61
18,62
18,63
18,64
18,65
18,66
18,67
18,68
18,69
18,70
18,71
18,72
19,20
19,21
19,22
19,23
19,24
19,25
19,26
19,27
19,28
19,29
19,30
19,31
19,32
19,33
19,34
19,35
19,36
19,37
19,38
19,39
19,40
19,41
19,42
19,43
19,44
19,45
19,46
19,47
19,48
19,49
19,50
19,51
19,52
19,53
19,54
19,55
19,56
19,57
19,58
19,59
19,60
19,61
19,62
19,63
19,64
19,65
19,66
19,67
19,68
19,69
19,70
19,71
19,72
20,21
20,22
20,23
20,24
20,25
20,26
20,27
20,28
20,29
20,30
20,31
20,32
20,33
20,34
20,35
20,36
20,37
20,38
20,39
20,40
20,41
20,42
20,43
20,44
20,45
20,46
20,47
20,48
20,49
20,50
20,51
20,52
20,53
20,54
20,55
20,56
20,57
20,58
20,59
20,60
20,61
20,62
20,63
20,64
20,65
20,66
20,67
20,68
20,69
20,70
20,71
20,72
20,76
20,78
20,82
20,84
20,86
20,87
20,89
20,90
20,91
20,92
20,94
20,96
20,97
20,98
20,99
20,101
20,104
20,107
20,114
20,115
20,120
20,122
20,123
20,125
20,127
20,129
20,133
20,135
20,140
20,144
20,150
20,157
20,164
20,165
20,166
20,168
20,169
20,171
20,173
20,174
20,175
20,177
20,179
20,185
20,188
20,193
20,198
20,199
21,22
21,23
21,24
21,25
21,26
21,27
21,28
21,29
21,30
21,31
21,32
21,33
21,34
21,35
21,36
21,37
21,38
21,39
21,40
21,41
21,42
21,43
21,44
21,45
21,46
21,47
21,48
21,49
21,50
21,51
21,52
21,53
21,54
21,55
21,56
21,57
21,58
21,59
21,60
21,61
21,62
21,63
21,64
21,65
21,66
21,67
21,68
21,69
21,70
21,71
21,72
22,23
22,24
22,25
22,26
22,27
22,28
22,29
22,30
22,31
22,32
22,33
22,34
22,35
22,36
22,37
22,38
22,39
22,40
22,41
22,42
22,43
22,44
22,45
22,46
22,47
22,48
22,49
22,50
22,51
22,52
22,53
22,54
22,55
22,56
22,57
22,58
22,59
22,60
22,61
22,62
22,63
22,64
22,65
22,66
22,67
22,68
22,69
22,70
22,71
22,72
22,76
22,78
22,82
22,84
22,86
22,87
22,89
22,90
22,91
22,92
22,94
22,96
22,97
22,98
22,99
22,101
22,104
22,107
22,114
22,115
22,120
22,122
22,123
22,125
22,127
22,129
22,133
22,135
22,140
22,144
22,150
22,157
22,164
22,165
22,166
22,168
22,169
22,171
22,173
22,174
22,175
22,177
22,179
22,185
22,188
22,193
22,198
22,199
23,24
23,25
23,26
23,27
23,28
23,29
23,30
23,31
23,32
23,33
23,34
23,35
23,36
23,37
23,38
23,39
23,40
23,41
23,42
23,43
23,44
23,45
23,46
23,47
23,48
23,49
23,50
23,51
23,52
23,53
23,54
23,55
23,56
23,57
23,58
23,59
23,60
23,61
23,62
23,63
23,64
23,65
23,66
23,67
23,68
23,69
23,70
23,71
23,72
24,25
24,26
24,27
24,28
24,29
24,30
24,31
24,32
24,33
24,34
24,35
24,36
24,37
24,38
24,39
24,40
24,41
24,42
24,43
24,44
24,45
24,46
24,47
24,48
24,49
24,50
24,51
24,52
24,53
24,54
24,55
24,56
24,57
24,58
24,59
24,60
24,61
24,62
24,63
24,64
24,65
24,66
24,67
24,68
24,69
24,70
24,71
24,72
25,26
25,27
25,28
25,29
25,30
25,31
25,32
25,33
25,34
25,35
25,36
25,37
25,38
25,39
25,40
25,41
25,42
25,43
25,44
25,45
25,46
25,47
25,48
25,49
25,50
25,51
25,52
25,53
25,54
25,55
25,56
25,57
25,58
25,59
25,60
25,61
25,62
25,63
25,64
25,65
25,66
25,67
25,68
25,69
25,70
25,71
25,72
25,76
25,78
25,82
25,84
25,86
25,87
25,89
25,90
25,91
25,92
25,94
25,96
25,97
25,98
25,99
25,101
25,104
25,107
25,114
25,115
25,120
25,122
25,123
25,125
25,127
25,129
25,133
25,135
25,140
25,144
25,150
25,157
25,164
25,165
25,166
25,168
25,169
25,171
25,173
25,174
25,175
25,177
25,179
25,185
25,188
25,193
25,198
25,199
26,27
26,28
26,29
26,30
26,31
26,32
26,33
26,34
26,35
26,36
26,37
26,38
26,39
26,40
26,41
26,42
26,43
26,44
26,45
26,46
26,47
26,48
26,49
26,50
26,51
26,52
26,53
26,54
26,55
26,56
26,57
26,58
26,59
26,60
26,61
26,62
26,63
26,64
26,65
26,66
26,67
26,68
26,69
26,70
26,71
26,72
27,28
27,29
27,30
27,31
27,32
27,33
27,34
27,35
27,36
27,37
27,38
27,39
27,40
27,41
27,42
27,43
27,44
27,45
27,46
27,47
27,48
27,49
27,50
27,51
27,52
27,53
27,54
27,55
27,56
27,57
27,58
27,59
27,60
27,61
27,62
27,63
27,64
27,65
27,66
27,67
27,68
27,69
27,70
27,71
27,72
28,29
28,30
28,31
28,32
28,33
28,34
28,35
28,36
28,37
28,38
28,39
28,40
28,41
28,42
28,43
28,44
28,45
28,46
28,47
28,48
28,49
28,50
28,51
28,52
28,53
28,54
28,55
28,56
28,57
28,58
28,59
28,60
28,61
28,62
28,63
28,64
28,65
28,66
28,67
28,68
28,69
28,70
28,71
28,72
29,30
29,31
29,32
29,33
29,34
29,35
29,36
29,37
29,38
29,39
29,40
29,41
29,42
29,43
29,44
29,45
29,46
29,47
29,48
29,49
29,50
29,51
29,52
29,53
29,54
29,55
29,56
29,57
29,58
29,59
29,60
29,61
29,62
29,63
29,64
29,65
29,66
29,67
29,68
29,69
29,70
29,71
29,72
30,31
30,32
30,33
30,34
30,35
30,36
30,37
30,38
30,39
30,40
30,41
30,42
30,43
30,44
30,45
30,46
30,47
30,48
30,49
30,50
30,51
30,52
30,53
30,54
30,55
30,56
30,57
30,58
30,59
30,60
30,61
30,62
30,63
30,64
30,65
30,66
30,67
30,68
30,69
30,70
30,71
30,72
31,32
31,33
31,34
31,35
31,36
31,37
31,38
31,39
31,40
31,41
31,42
31,43
31,44
31,45
31,46
31,47
31,48
31,49
31,50
31,51
31,52
31,53
31,54
31,55
31,56
31,57
31,58
31,59
31,60
31,61
31,62
31,63
31,64
31,65
31,66
31,67
31,68
31,69
31,70
31,71
31,72
31,76
31,78
31,82
31,84
31,86
31,87
31,89
31,90
31,91
31,92
31,94
31,96
31,97
31,98
31,99
31,101
31,104
31,107
31,114
31,115
31,120
31,122
31,123
31,125
31,127
31,129
31,133
31,135
31,140
31,144
31,150
31,157
31,164
31,165
31,166
31,168
31,169
31,171
31,173
31,174
31,175
31,177
31,179
31,185
31,188
31,193
31,198
31,199
32,33
32,34
32,35
32,36
32,37
32,38
32,39
32,40
32,41
32,42
32,43
32,44
32,45
32,46
32,47
32,48
32,49
32,50
32,51
32,52
32,53
32,54
32,55
32,56
32,57
32,58
32,59
32,60
32,61
32,62
32,63
32,64
32,65
32,66
32,67
32,68
32,69
32,70
32,71
32,72
33,34
33,35
33,36
33,37
33,38
33,39
33,40
33,41
33,42
33,43
33,44
33,45
33,46
33,47
33,48
33,49
33,50
33,51
33,52
33,53
33,54
33,55
33,56
33,57
33,58
33,59
33,60
33,61
33,62
33,63
33,64
33,65
33,66
33,67
33,68
33,69
33,70
33,71
33,72
33,76
33,78
33,82
33,84
33,86
33,87
33,89
33,90
33,91
33,92
33,94
33,96
33,97
33,98
33,99
33,101
33,104
33,107
33,114
33,115
33,120
33,122
33,123
33,125
33,127
33,129
33,133
33,135
33,140
33,144
33,150
33,157
33,164
33,165
33,166
33,168
33,169
33,171
33,173
33,174
33,175
33,177
33,179
33,185
33,188
33,193
33,198
33,199
34,35
34,36
34,37
34,38
34,39
34,40
34,41
34,42
34,43
34,44
34,45
34,46
34,47
34,48
34,49
34,50
34,51
34,52
34,53
34,54
34,55
34,56
34,57
34,58
34,59
34,60
34,61
34,62
34,63
34,64
34,65
34,66
34,67
34,68
34,69
34,70
34,71
34,72
34,76
34,78
34,82
34,84
34,86
34,87
34,89
34,90
34,91
34,92
34,94
34,96
34,97
34,98
34,99
34,101
34,104
34,107
34,114
34,115
34,120
34,122
34,123
34,125
34,127
34,129
34,133
34,135
34,140
34,144
34,150
34,157
34,164
34,165
34,166
34,168
34,169
34,171
34,173
34,174
34,175
34,177
34,179
34,185
34,188
34,193
34,198
34,199
35,36
35,37
35,38
35,39
35,40
35,41
35,42
35,43
35,44
35,45
35,46
35,47
35,48
35,49
35,50
35,51
35,52
35,53
35,54
35,55
35,56
35,57
35,58
35,59
35,60
35,61
35,62
35,63
35,64
35,65
35,66
35,67
35,68
35,69
35,70
35,71
35,72
35,76
35,78
35,82
35,84
35,86
35,87
35,89
35,90
35,91
35,92
35,94
35,96
35,97
35,98
35,99
35,101
35,104
35,107
35,114
35,115
35,120
35,122
35,123
35,125
35,127
35,129
35,133
35,135
35,140
35,144
35,150
35,157
35,164
35,165
35,166
35,168
35,169
35,171
35,173
35,174
35,175
35,177
35,179
35,185
35,188
35,193
35,198
35,199
36,37
36,38
36,39
36,40
36,41
36,42
36,43
36,44
36,45
36,46
36,47
36,48
36,49
36,50
36,51
36,52
36,53
36,54
36,55
36,56
36,57
36,58
36,59
36,60
36,61
36,62
36,63
36,64
36,65
36,66
36,67
36,68
36,69
36,70
36,71
36,72
37,38
37,39
37,40
37,41
37,42
37,43
37,44
37,45
37,46
37,47
37,48
37,49
37,50
37,51
37,52
37,53
37,54
37,55
37,56
37,57
37,58
37,59
37,60
37,61
37,62
37,63
37,64
37,65
37,66
37,67
37,68
37,69
37,70
37,71
37,72
38,39
38,40
38,41
38,42
38,43
38,44
38,45
38,46
38,47
38,48
38,49
38,50
38,51
38,52
38,53
38,54
38,55
38,56
38,57
38,58
38,59
38,60
38,61
38,62
38,63
38,64
38,65
38,66
38,67
38,68
38,69
38,70
38,71
38,72
38,76
38,78
38,82
38,84
38,86
38,87
38,89
38,90
38,91
38,92
38,94
38,96
38,97
38,98
38,99
38,101
38,104
38,107
38,114
38,115
38,120
38,122
38,123
38,125
38,127
38,129
38,133
38,135
38,140
38,144
38,150
38,157
38,164
38,165
38,166
38,168
38,169
38,171
38,173
38,174
38,175
38,177
38,179
38,185
38,188
38,193
38,198
38,199
39,40
39,41
39,42
39,43
39,44
39,45
39,46
39,47
39,48
39,49
39,50
39,51
39,52
39,53
39,54
39,55
39,56
39,57
39,58
39,59
39,60
39,61
39,62
39,63
39,64
39,65
39,66
39,67
39,68
39,69
39,70
39,71
39,72
39,76
39,78
39,82
39,84
39,86
39,87
39,89
39,90
39,91
39,92
39,94
39,96
39,97
39,98
39,99
39,101
39,104
39,107
39,114
39,115
39,120
39,122
39,123
39,125
39,127
39,129
39,133
39,135
39,140
39,144
39,150
39,157
39,164
39,165
39,166
39,168
39,169
39,171
39,173
39,174
39,175
39,177
39,179
39,185
39,188
39,193
39,198
39,199
40,41
40,42
40,43
40,44
40,45
40,46
40,47
40,48
40,49
40,50
40,51
40,52
40,53
40,54
40,55
40,56
40,57
40,58
40,59
40,60
40,61
40,62
40,63
40,64
40,65
40,66
40,67
40,68
40,69
40,70
40,71
40,72
40,76
40,78
40,82
40,84
40,86
40,87
40,89
40,90
40,91
40,92
40,94
40,96
40,97
40,98
40,99
40,101
40,104
40,107
40,114
40,115
40,120
40,122
40,123
40,125
40,127
40,129
40,133
40,135
40,140
40,144
40,150
40,157
40,164
40,165
40,166
40,168
40,169
40,171
40,173
40,174
40,175
40,177
40,179
40,185
40,188
40,193
40,198
40,199
41,42
41,43
41,44
41,45
41,46
41,47
41,48
41,49
41,50
41,51
41,52
41,53
41,54
41,55
41,56
41,57
41,58
41,59
41,60
41,61
41,62
41,63
41,64
41,65
41,66
41,67
41,68
41,69
41,70
41,71
41,72
42,43
42,44
42,45
42,46
42,47
42,48
42,49
42,50
42,51
42,52
42,53
42,54
42,55
42,56
42,57
42,58
42,59
42,60
42,61
42,62
42,63
42,64
42,65
42,66
42,67
42,68
42,69
42,70
42,71
42,72
42,76
42,78
42,82
42,84
42,86
42,87
42,89
42,90
42,91
42,92
42,94
42,96
42,97
42,98
42,99
42,101
42,104
42,107
42,114
42,115
42,120
42,122
42,123
42,125
42,127
42,129
42,133
42,135
42,140
42,144
42,150
42,157
42,164
42,165
42,166
42,168
42,169
42,171
42,173
42,174
42,175
42,177
42,179
42,185
42,188
42,193
42,198
42,199
43,44
43,45
43,46
43,47
43,48
43,49
43,50
43,51
43,52
43,53
43,54
43,55
43,56
43,57
43,58
43,59
43,60
43,61
43,62
43,63
43,64
43,65
43,66
43,67
43,68
43,69
43,70
43,71
43,72
44,45
44,46
44,47
44,48
44,49
44,50
44,51
44,52
44,53
44,54
44,55
44,56
44,57
44,58
44,59
44,60
44,61
44,62
44,63
44,64
44,65
44,66
44,67
44,68
44,69
44,70
44,71
44,72
45,46
45,47
45,48
45,49
45,50
45,51
45,52
45,53
45,54
45,55
45,56
45,57
45,58
45,59
45,60
45,61
45,62
45,63
45,64
45,65
45,66
45,67
45,68
45,69
45,70
45,71
45,72
46,47
46,48
46,49
46,50
46,51
46,52
46,53
46,54
46,55
46,56
46,57
46,58
46,59
46,60
46,61
46,62
46,63
46,64
46,65
46,66
46,67
46,68
46,69
46,70
46,71
46,72
46,76
46,78
46,82
46,84
46,86
46,87
46,89
46,90
46,91
46,92
46,94
46,96
46,97
46,98
46,99
46,101
46,104
46,107
46,114
46,115
46,120
46,122
46,123
46,125
46,127
46,129
46,133
46,135
46,140
46,144
46,150
46,157
46,164
46,165
46,166
46,168
46,169
46,171
46,173
46,174
46,175
46,177
46,179
46,185
46,188
46,193
46,198
46,199
47,48
47,49
47,50
47,51
47,52
47,53
47,54
47,55
47,56
47,57
47,58
47,59
47,60
47,61
47,62
47,63
47,64
47,65
47,66
47,67
47,68
47,69
47,70
47,71
47,72
48,49
48,50
48,51
48,52
48,53
48,54
48,55
48,56
48,57
48,58
48,59
48,60
48,61
48,62
48,63
48,64
48,65
48,66
48,67
48,68
48,69
48,70
48,71
48,72
49,50
49,51
49,52
49,53
49,54
49,55
49,56
49,57
49,58
49,59
49,60
49,61
49,62
49,63
49,64
49,65
49,66
49,67
49,68
49,69
49,70
49,71
49,72
50,51
50,52
50,53
50,54
50,55
50,56
50,57
50,58
50,59
50,60
50,61
50,62
50,63
50,64
50,65
50,66
50,67
50,68
50,69
50,70
50,71
50,72
51,52
51,53
51,54
51,55
51,56
51,57
51,58
51,59
51,60
51,61
51,62
51,63
51,64
51,65
51,66
51,67
51,68
51,69
51,70
51,71
51,72
52,53
52,54
52,55
52,56
52,57
52,58
52,59
52,60
52,61
52,62
52,63
52,64
52,65
52,66
52,67
52,68
52,69
52,70
52,71
52,72
53,54
53,55
53,56
53,57
53,58
53,59
53,60
53,61
53,62
53,63
53,64
53,65
53,66
53,67
53,68
53,69
53,70
53,71
53,72
53,76
53,78
53,82
53,84
53,86
53,87
53,89
53,90
53,91
53,92
53,94
53,96
53,97
53,98
53,99
53,101
53,104
53,107
53,114
53,115
53,120
53,122
53,123
53,125
53,127
53,129
53,133
53,135
53,140
53,144
53,150
53,157
53,164
53,165
53,166
53,168
53,169
53,171
53,173
53,174
53,175
53,177
53,179
53,185
53,188
53,193
53,198
53,199
54,55
54,56
54,57
54,58
54,59
54,60
54,61
54,62
54,63
54,64
54,65
54,66
54,67
54,68
54,69
54,70
54,71
54,72
54,76
54,78
54,82
54,84
54,86
54,87
54,89
54,90
54,91
54,92
54,94
54,96
54,97
54,98
54,99
54,101
54,104
54,107
54,114
54,115
54,120
54,122
54,123
54,125
54,127
54,129
54,133
54,135
54,140
54,144
54,150
54,157
54,164
54,165
54,166
54,168
54,169
54,171
54,173
54,174
54,175
54,177
54,179
54,185
54,188
54,193
54,198
54,199
55,56
55,57
55,58
55,59
55,60
55,61
55,62
55,63
55,64
55,65
55,66
55,67
55,68
55,69
55,70
55,71
55,72
55,76
55,78
55,82
55,84
55,86
55,87
55,89
55,90
55,91
55,92
55,94
55,96
55,97
55,98
55,99
55,101
55,104
55,107
55,114
55,115
55,120
55,122
55,123
55,125
55,127
55,129
55,133
55,135
55,140
55,144
55,150
55,157
55,164
55,165
55,166
55,168
55,169
55,171
55,173
55,174
55,175
55,177
55,179
55,185
55,188
55,193
55,198
55,199
56,57
56,58
56,59
56,60
56,61
56,62
56,63
56,64
56,65
56,66
56,67
56,68
56,69
56,70
56,71
56,72
57,58
57,59
57,60
57,61
57,62
57,63
57,64
57,65
57,66
57,67
57,68
57,69
57,70
57,71
57,72
57,76
57,78
57,82
57,84
57,86
57,87
57,89
57,90
57,91
57,92
57,94
57,96
57,97
57,98
57,99
57,101
57,104
57,107
57,114
57,115
57,120
57,122
57,123
57,125
57,127
57,129
57,133
57,135
57,140
57,144
57,150
57,157
57,164
57,165
57,166
57,168
57,169
57,171
57,173
57,174
57,175
57,177
57,179
57,185
57,188
57,193
57,198
57,199
58,59
58,60
58,61
58,62
58,63
58,64
58,65
58,66
58,67
58,68
58,69
58,70
58,71
58,72
59,60
59,61
59,62
59,63
59,64
59,65
59,66
59,67
59,68
59,69
59,70
59,71
59,72
60,61
60,62
60,63
60,64
60,65
60,66
60,67
60,68
60,69
60,70
60,71
60,72
61,62
61,63
61,64
61,65
61,66
61,67
61,68
61,69
61,70
61,71
61,72
61,76
61,78
61,82
61,84
61,86
61,87
61,89
61,90
61,91
61,92
61,94
61,96
61,97
61,98
61,99
61,101
61,104
61,107
61,114
61,115
61,120
61,122
61,123
61,125
61,127
61,129
61,133
61,135
61,140
61,144
61,150
61,157
61,164
61,165
61,166
61,168
61,169
61,171
61,173
61,174
61,175
61,177
61,179
61,185
61,188
61,193
61,198
61,199
62,63
62,64
62,65
62,66
62,67
62,68
62,69
62,70
62,71
62,72
63,64
63,65
63,66
63,67
63,68
63,69
63,70
63,71
63,72
64,65
64,66
64,67
64,68
64,69
64,70
64,71
64,72
65,66
65,67
65,68
65,69
65,70
65,71
65,72
66,67
66,68
66,69
66,70
66,71
66,72
67,68
67,69
67,70
67,71
67,72
68,69
68,70
68,71
68,72
69,70
69,71
69,72
69,76
69,78
69,82
69,84
69,86
69,87
69,89
69,90
69,91
69,92
69,94
69,96
69,97
69,98
69,99
69,101
69,104
69,107
69,114
69,115
69,120
69,122
69,123
69,125
69,127
69,129
69,133
69,135
69,140
69,144
69,150
69,157
69,164
69,165
69,166
69,168
69,169
69,171
69,173
69,174
69,175
69,177
69,179
69,185
69,188
69,193
69,198
69,199
70,71
70,72
70,76
70,78
70,82
70,84
70,86
70,87
70,89
70,90
70,91
70,92
70,94
70,96
70,97
70,98
70,99
70,101
70,104
70,107
70,114
70,115
70,120
70,122
70,123
70,125
70,127
70,129
70,133
70,135
70,140
70,144
70,150
70,157
70,164
70,165
70,166
70,168
70,169
70,171
70,173
70,174
70,175
70,177
70,179
70,185
70,188
70,193
70,198
70,199
71,72
71,76
71,78
71,82
71,84
71,86
71,87
71,89
71,90
71,91
71,92
71,94
71,96
71,97
71,98
71,99
71,101
71,104
71,107
71,114
71,115
71,120
71,122
71,123
71,125
71,127
71,129
71,133
71,135
71,140
71,144
71,150
71,157
71,164
71,165
71,166
71,168
71,169
71,171
71,173
71,174
71,175
71,177
71,179
71,185
71,188
71,193
71,198
71,199
76,78
76,82
76,84
76,86
76,87
76,89
76,90
76,91
76,92
76,94
76,96
76,97
76,98
76,99
76,101
76,104
76,107
76,114
76,115
76,120
76,122
76,123
76,125
76,127
76,129
76,133
76,135
76,140
76,144
76,150
76,157
76,164
76,165
76,166
76,168
76,169
76,171
76,173
76,174
76,175
76,177
76,179
76,185
76,188
76,193
76,198
76,199
78,82
78,84
78,86
78,87
78,89
78,90
78,91
78,92
78,94
78,96
78,97
78,98
78,99
78,101
78,104
78,107
78,114
78,115
78,120
78,122
78,123
78,125
78,127
78,129
78,133
78,135
78,140
78,144
78,150
78,157
78,164
78,165
78,166
78,168
78,169
78,171
78,173
78,174
78,175
78,177
78,179
78,185
78,188
78,193
78,198
78,199
82,84
82,86
82,87
82,89
82,90
82,91
82,92
82,94
82,96
82,97
82,98
82,99
82,101
82,104
82,107
82,114
82,115
82,120
82,122
82,123
82,125
82,127
82,129
82,133
82,135
82,140
82,144
82,150
82,157
82,164
82,165
82,166
82,168
82,169
82,171
82,173
82,174
82,175
82,177
82,179
82,185
82,188
82,193
82,198
82,199
84,86
84,87
84,89
84,90
84,91
84,92
84,94
84,96
84,97
84,98
84,99
84,101
84,104
84,107
84,114
84,115
84,120
84,122
84,123
84,125
84,127
84,129
84,133
84,135
84,140
84,144
84,150
84,157
84,164
84,165
84,166
84,168
84,169
84,171
84,173
84,174
84,175
84,177
84,179
84,185
84,188
84,193
84,198
84,199
86,87
86,89
86,90
86,91
86,92
86,94
86,96
86,97
86,98
86,99
86,101
86,104
86,107
86,114
86,115
86,120
86,122
86,123
86,125
86,127
86,129
86,133
86,135
86,140
86,144
86,150
86,157
86,164
86,165
86,166
86,168
86,169
86,171
86,173
86,174
86,175
86,177
86,179
86,185
86,188
86,193
86,198
86,199
87,89
87,90
87,91
87,92
87,94
87,96
87,97
87,98
87,99
87,101
87,104
87,107
87,114
87,115
87,120
87,122
87,123
87,125
87,127
87,129
87,133
87,135
87,140
87,144
87,150
87,157
87,164
87,165
87,166
87,168
87,169
87,171
87,173
87,174
87,175
87,177
87,179
87,185
87,188
87,193
87,198
87,199
89,90
89,91
89,92
89,94
89,96
89,97
89,98
89,99
89,101
89,104
89,107
89,114
89,115
89,120
89,122
89,123
89,125
89,127
89,129
89,133
89,135
89,140
89,144
89,150
89,157
89,164
89,165
89,166
89,168
89,169
89,171
89,173
89,174
89,175
89,177
89,179
89,185
89,188
89,193
89,198
89,199
90,91
90,92
90,94
90,96
90,97
90,98
90,99
90,101
90,104
90,107
90,114
90,115
90,120
90,122
90,123
90,125
90,127
90,129
90,133
90,135
90,140
90,144
90,150
90,157
90,164
90,165
90,166
90,168
90,169
90,171
90,173
90,174
90,175
90,177
90,179
90,185
90,188
90,193
90,198
90,199
91,92
91,94
91,96
91,97
91,98
91,99
91,101
91,104
91,107
91,114
91,115
91,120
91,122
91,123
91,125
91,127
91,129
91,133
91,135
91,140
91,144
91,150
91,157
91,164
91,165
91,166
91,168
91,169
91,171
91,173
91,174
91,175
91,177
91,179
91,185
91,188
91,193
91,198
91,199
92,94
92,96
92,97
92,98
92,99
92,101
92,104
92,107
92,114
92,115
92,120
92,122
92,123
92,125
92,127
92,129
92,133
92,135
92,140
92,144
92,150
92,157
92,164
92,165
92,166
92,168
92,169
92,171
92,173
92,174
92,175
92,177
92,179
92,185
92,188
92,193
92,198
92,199
94,96
94,97
94,98
94,99
94,101
94,104
94,107
94,114
94,115
94,120
94,122
94,123
94,125
94,127
94,129
94,133
94,135
94,140
94,144
94,150
94,157
94,164
94,165
94,166
94,168
94,169
94,171
94,173
94,174
94,175
94,177
94,179
94,185
94,188
94,193
94,198
94,199
96,97
96,98
96,99
96,101
96,104
96,107
96,114
96,115
96,120
96,122
96,123
96,125
96,127
96,129
96,133
96,135
96,140
96,144
96,150
96,157
96,164
96,165
96,166
96,168
96,169
96,171
96,173
96,174
96,175
96,177
96,179
96,185
96,188
96,193
96,198
96,199
97,98
97,99
97,101
97,104
97,107
97,114
97,115
97,120
97,122
97,123
97,125
97,127
97,129
97,133
97,135
97,140
97,144
97,150
97,157
97,164
97,165
97,166
97,168
97,169
97,171
97,173
97,174
97,175
97,177
97,179
97,185
97,188
97,193
97,198
97,199
98,99
98,101
98,104
98,107
98,114
98,115
98,120
98,122
98,123
98,125
98,127
98,129
98,133
98,135
98,140
98,144
98,150
98,157
98,164
98,165
98,166
98,168
98,169
98,171
98,173
98,174
98,175
98,177
98,179
98,185
98,188
98,193
98,198
98,199
99,101
99,104
99,107
99,114
99,115
99,120
99,122
99,123
99,125
99,127
99,129
99,133
99,135
99,140
99,144
99,150
99,157
99,164
99,165
99,166
99,168
99,169
99,171
99,173
99,174
99,175
99,177
99,179
99,185
99,188
99,193
99,198
99,199
101,104
101,107
101,114
101,115
101,120
101,122
101,123
101,125
101,127
101,129
101,133
101,135
101,140
101,144
101,150
101,157
101,164
101,165
101,166
101,168
101,169
101,171
101,173
101,174
101,175
101,177
101,179
101,185
101,188
101,193
101,198
101,199
104,107
104,114
104,115
104,120
104,122
104,123
104,125
104,127
104,129
104,133
104,135
104,140
104,144
104,150
104,157
104,164
104,165
104,166
104,168
104,169
104,171
104,173
104,174
104,175
104,177
104,179
104,185
104,188
104,193
104,198
104,199
107,114
107,115
107,120
107,122
107,123
107,125
107,127
107,129
107,133
107,135
107,140
107,144
107,150
107,157
107,164
107,165
107,166
107,168
107,169
107,171
107,173
107,174
107,175
107,177
107,179
107,185
107,188
107,193
107,198
107,199
111,119
111,121
111,122
111,124
111,125
111,126
111,130
111,131
111,143
111,149
111,151
112,113
112,115
112,116
112,117
112,118
112,119
112,122
112,124
112,125
112,126
112,131
112,132
112,135
112,140
112,142
112,143
112,146
112,148
112,151
112,152
112,156
112,160
112,167
112,178
113,114
113,115
113,116
113,117
113,121
113,122
113,124
113,130
113,131
113,132
113,135
113,138
113,139
113,140
113,143
113,146
113,147
113,149
113,152
113,153
113,155
113,156
113,161
113,164
113,167
113,178
114,115
114,120
114,122
114,123
114,125
114,127
114,129
114,133
114,135
114,140
114,144
114,150
114,157
114,164
114,165
114,166
114,168
114,169
114,171
114,173
114,174
114,175
114,177
114,179
114,185
114,188
114,193
114,198
114,199
115,117
115,118
115,120
115,121
115,122
115,123
115,125
115,126
115,127
115,129
115,132
115,133
115,135
115,136
115,137
115,138
115,139
115,140
115,144
115,145
115,146
115,150
115,153
115,157
115,160
115,161
115,164
115,165
115,166
115,168
115,169
115,171
115,173
115,174
115,175
115,177
115,179
115,185
115,188
115,193
115,198
115,199
116,121
116,124
116,130
116,132
116,135
116,136
116,137
116,139
117,122
117,125
117,128
117,130
117,132
117,136
118,119
118,123
118,125
118,126
119,124
119,125
119,128
120,122
120,123
120,125
120,126
120,127
120,128
120,129
120,132
120,133
120,135
120,137
120,140
120,144
120,145
120,147
120,148
120,150
120,157
120,159
120,164
120,165
120,166
120,168
120,169
120,171
120,173
120,174
120,175
120,177
120,179
120,185
120,188
120,193
120,198
120,199
121,123
121,125
121,132
121,133
121,136
121,139
121,143
121,145
121,146
121,147
121,148
121,153
121,156
121,159
121,160
121,161
122,123
122,125
122,126
122,127
122,129
122,130
122,131
122,132
122,133
122,135
122,136
122,137
122,138
122,139
122,140
122,144
122,146
122,147
122,148
122,149
122,150
122,153
122,155
122,156
122,157
122,160
122,161
122,164
122,165
122,166
122,168
122,169
122,171
122,173
122,174
122,175
122,177
122,179
122,185
122,188
122,193
122,198
122,199
123,125
123,127
123,129
123,130
123,131
123,132
123,133
123,135
123,140
123,144
123,150
123,157
123,164
123,165
123,166
123,168
123,169
123,171
123,173
123,174
123,175
123,177
123,179
123,185
123,188
123,193
123,198
123,199
124,126
124,128
124,130
124,131
124,132
124,136
124,137
124,138
124,139
124,140
124,142
124,146
124,147
124,148
124,149
124,151
124,156
124,159
124,160
124,164
124,167
125,126
125,127
125,128
125,129
125,130
125,131
125,132
125,133
125,134
125,135
125,136
125,137
125,138
125,139
125,140
125,141
125,142
125,144
125,145
125,146
125,147
125,150
125,153
125,155
125,157
125,159
125,160
125,161
125,162
125,163
125,164
125,165
125,166
125,167
125,168
125,169
125,171
125,173
125,174
125,175
125,177
125,179
125,185
125,188
125,193
125,198
125,199
126,128
126,137
126,138
126,139
126,143
126,144
126,145
126,146
126,147
126,148
126,149
126,152
126,153
126,155
126,156
126,161
126,162
126,163
126,178
126,183
126,184
126,190
127,129
127,133
127,134
127,135
127,136
127,137
127,139
127,140
127,142
127,144
127,146
127,147
127,150
127,152
127,153
127,155
127,157
127,162
127,164
127,165
127,166
127,168
127,169
127,171
127,173
127,174
127,175
127,177
127,179
127,185
127,188
127,193
127,198
127,199
128,130
128,131
128,132
128,133
128,134
128,135
128,137
128,138
128,147
128,148
128,150
128,152
128,153
128,156
128,159
128,160
128,162
128,163
128,164
128,166
128,176
128,178
128,183
128,184
129,132
129,133
129,135
129,137
129,140
129,141
129,142
129,144
129,148
129,149
129,150
129,153
129,155
129,156
129,157
129,160
129,162
129,163
129,164
129,165
129,166
129,168
129,169
129,171
129,173
129,174
129,175
129,177
129,178
129,179
129,185
129,188
129,193
129,198
129,199
130,132
130,133
130,135
130,137
130,138
130,142
130,143
130,144
130,147
130,148
130,149
130,151
130,152
130,155
130,156
130,161
130,162
130,163
130,166
130,172
130,176
130,183
130,184
131,135
131,136
131,139
131,141
131,142
131,145
131,146
131,148
131,150
131,151
132,133
132,134
132,135
132,136
132,137
132,138
132,139
132,140
132,141
132,142
132,143
132,144
132,147
132,148
132,149
132,150
132,151
132,153
132,156
132,157
132,160
132,172
132,183
133,134
133,135
133,140
133,141
133,142
133,143
133,144
133,146
133,147
133,148
133,149
133,150
133,151
133,152
133,153
133,157
133,164
133,165
133,166
133,167
133,168
133,169
133,171
133,173
133,174
133,175
133,177
133,179
133,181
133,183
133,184
133,185
133,188
133,193
133,198
133,199
134,136
134,137
134,139
134,145
134,146
134,147
134,148
134,149
134,152
134,153
134,155
134,156
134,157
134,159
134,160
134,164
134,170
134,176
134,181
134,182
134,184
134,190
135,139
135,140
135,141
135,143
135,144
135,145
135,146
135,147
135,148
135,149
135,150
135,151
135,157
135,164
135,165
135,166
135,168
135,169
135,171
135,173
135,174
135,175
135,177
135,179
135,185
135,188
135,193
135,198
135,199
136,137
136,138
136,139
136,140
136,141
136,143
136,145
136,146
136,148
136,149
136,152
136,153
136,154
136,156
136,158
136,159
136,162
136,163
136,164
136,174
136,176
136,178
136,184
137,138
137,139
137,141
137,142
137,145
137,146
137,148
137,149
137,150
137,151
137,152
137,153
137,155
137,157
137,158
137,162
137,163
137,164
137,165
137,169
137,170
137,172
137,174
137,177
137,178
137,184
137,187
137,189
137,190
138,140
138,141
138,142
138,143
138,144
138,145
138,147
138,148
138,149
138,153
138,156
138,157
138,159
138,160
138,161
139,140
139,141
139,142
139,143
139,145
139,146
139,149
139,150
139,151
139,152
139,153
139,154
139,157
139,158
139,159
139,160
139,161
139,162
139,165
139,167
139,169
139,170
139,174
139,177
139,178
140,141
140,142
140,143
140,144
140,146
140,147
140,148
140,149
140,150
140,151
140,152
140,153
140,155
140,156
140,157
140,164
140,165
140,166
140,168
140,169
140,171
140,173
140,174
140,175
140,177
140,179
140,185
140,188
140,193
140,198
140,199
141,142
141,148
141,149
141,152
141,153
141,154
141,155
141,157
141,158
141,159
141,162
141,164
141,165
141,166
141,167
141,169
141,170
141,171
141,178
141,184
141,187
141,189
142,143
142,144
142,147
142,148
142,149
142,150
142,153
142,155
142,156
142,158
142,159
142,160
142,161
142,162
142,163
142,164
142,166
142,169
142,170
142,172
142,178
142,182
142,187
142,189
143,146
143,147
143,148
143,149
143,150
143,152
143,155
143,157
143,158
143,159
143,162
143,163
143,164
143,166
143,167
143,168
143,169
143,170
143,171
143,172
143,173
143,174
143,178
143,180
143,182
143,183
143,184
144,145
144,146
144,149
144,150
144,152
144,153
144,154
144,155
144,157
144,158
144,161
144,162
144,164
144,165
144,166
144,168
144,169
144,171
144,172
144,173
144,174
144,175
144,177
144,178
144,179
144,180
144,182
144,183
144,184
144,185
144,186
144,188
144,189
144,193
144,194
144,198
144,199
145,146
145,147
145,148
145,149
145,151
145,153
145,154
145,155
145,156
145,157
145,158
145,159
145,160
145,161
145,162
145,163
145,166
145,168
145,169
145,171
145,172
145,180
145,181
145,182
145,184
145,186
145,187
145,189
145,190
145,194
146,147
147,148
147,150
147,151
147,152
147,153
147,154
147,155
147,156
147,157
147,159
147,165
147,170
148,149
148,150
148,151
148,152
148,153
148,155
148,156
148,157
148,159
148,161
148,163
148,165
148,166
148,167
148,169
148,170
148,171
148,178
148,181
148,184
148,187
148,188
148,189
148,190
149,150
149,152
149,153
149,154
149,156
149,157
149,158
149,159
149,160
149,161
149,163
149,166
149,167
149,168
149,170
149,171
149,174
149,176
149,178
149,181
149,182
149,184
149,186
149,187
149,188
149,189
149,195
149,196
150,151
150,153
150,155
150,157
150,160
150,161
150,163
150,164
150,165
150,166
150,167
150,168
150,169
150,170
150,171
150,172
150,173
150,174
150,175
150,176
150,177
150,178
150,179
150,180
150,181
150,182
150,183
150,184
150,185
150,186
150,188
150,190
150,193
150,194
150,195
150,196
150,197
150,198
150,199
151,153
151,155
151,158
151,159
151,160
151,164
151,166
151,167
151,168
151,169
151,170
151,171
151,172
151,178
151,181
151,183
151,184
151,186
151,188
151,189
151,190
151,191
152,154
152,157
152,158
152,159
152,160
152,161
152,163
152,164
152,166
152,167
152,168
152,169
152,170
152,171
152,174
152,176
152,182
152,184
152,185
152,188
152,194
153,158
153,159
153,160
153,161
153,164
153,165
153,167
153,168
153,171
153,172
153,173
153,177
153,178
153,180
153,181
153,182
153,183
153,184
153,186
153,187
153,188
153,189
153,190
153,191
153,193
153,194
153,197
154,155
154,158
154,161
154,162
154,163
154,165
154,167
154,168
154,169
154,170
154,171
154,173
154,178
154,183
154,184
154,185
154,190
154,191
154,192
154,193
154,194
154,196
156,157
156,159
156,163
156,165
156,166
156,167
156,168
156,169
156,170
156,171
156,173
156,177
156,178
156,181
156,183
156,184
156,185
156,186
156,187
156,188
156,189
156,190
156,191
156,192
156,194
156,195
156,196
156,197
157,158
157,159
157,160
157,161
157,163
157,164
157,165
157,166
157,167
157,168
157,169
157,170
157,171
157,172
157,173
157,174
157,175
157,176
157,177
157,178
157,179
157,180
157,181
157,183
157,185
157,186
157,187
157,188
157,189
157,190
157,191
157,192
157,193
157,194
157,195
157,197
157,198
157,199
158,160
158,161
158,162
158,163
158,165
158,166
158,167
158,169
158,171
158,172
158,173
158,176
158,178
158,182
158,183
158,184
158,186
158,187
158,188
158,189
158,190
158,191
158,192
158,193
158,194
158,195
158,196
158,197
159,163
159,166
159,167
159,169
159,170
159,171
159,172
159,173
159,174
159,176
159,178
159,180
159,182
159,183
159,184
159,185
159,186
159,187
159,188
159,190
159,195
159,196
159,197
160,162
160,165
160,166
160,167
160,169
160,170
160,174
160,176
160,177
160,178
160,180
160,182
160,183
160,185
160,186
160,189
160,190
160,192
160,193
160,194
160,195
160,196
160,197
161,163
161,164
161,165
161,166
161,171
161,173
161,174
161,175
161,176
161,177
161,178
161,180
161,181
161,182
161,183
161,184
161,188
161,190
161,191
161,192
161,194
161,195
161,197
161,198
162,163
162,164
162,165
162,166
162,168
162,170
162,171
162,172
162,175
162,176
162,180
162,182
162,183
162,187
162,189
162,191
162,192
162,194
162,195
162,196
162,197
162,198
163,164
163,166
163,167
163,168
163,171
163,173
163,175
163,176
163,177
163,178
163,181
163,183
163,186
163,187
163,189
163,191
163,193
163,195
163,196
163,197
163,198
164,165
164,166
164,168
164,169
164,171
164,173
164,174
164,175
164,177
164,178
164,179
164,180
164,181
164,183
164,184
164,185
164,186
164,188
164,192
164,193
164,195
164,196
164,197
164,198
164,199
165,166
165,167
165,168
165,169
165,171
165,172
165,173
165,174
165,175
165,177
165,179
165,184
165,185
165,186
165,188
165,190
165,191
165,192
165,193
165,194
165,196
165,198
165,199
166,167
166,168
166,169
166,170
166,171
166,172
166,173
166,174
166,175
166,177
166,179
166,182
166,184
166,185
166,186
166,188
166,189
166,191
166,192
166,193
166,195
166,198
166,199
167,169
167,170
167,171
167,172
167,173
167,175
167,176
167,177
167,178
167,181
167,182
167,183
167,184
167,186
167,187
167,188
167,189
167,190
167,191
167,192
167,194
167,195
167,196
167,197
168,169
168,171
168,173
168,174
168,175
168,177
168,179
168,180
168,183
168,184
168,185
168,186
168,188
168,193
168,198
168,199
169,171
169,173
169,174
169,175
169,177
169,179
169,181
169,182
169,183
169,184
169,185
169,186
169,187
169,188
169,189
169,190
169,192
169,193
169,194
169,198
169,199
170,171
170,172
171,172
171,173
171,174
171,175
171,177
171,179
171,182
171,183
171,185
171,186
171,188
171,189
171,190
171,193
171,194
171,195
171,196
171,198
171,199
172,173
172,174
172,175
172,176
172,178
172,180
172,183
172,184
172,186
172,187
172,195
172,196
172,197
172,198
173,174
173,175
173,177
173,178
173,179
173,182
173,184
173,185
173,187
173,188
173,189
173,190
173,191
173,193
173,195
173,196
173,197
173,198
173,199
174,175
174,176
174,177
174,178
174,179
174,185
174,188
174,193
174,198
174,199
175,176
175,177
175,179
175,182
175,185
175,188
175,191
175,193
175,194
175,195
175,198
175,199
176,177
176,178
176,179
176,180
176,181
176,182
176,186
176,187
176,188
176,190
176,191
176,192
176,193
176,195
176,196
176,197
176,198
177,178
177,179
177,181
177,182
177,183
177,184
177,185
177,186
177,187
177,188
177,189
177,190
177,191
177,192
177,193
177,195
177,197
177,198
177,199
178,180
178,181
178,183
178,184
178,186
178,189
178,190
178,191
178,192
178,193
178,194
178,195
178,197
179,180
179,181
179,183
179,184
179,185
179,188
179,190
179,192
179,193
179,198
179,199
180,182
180,184
180,185
180,189
180,190
180,191
180,192
180,193
180,197
180,198
180,199
181,182
181,184
181,185
181,186
181,187
181,189
181,191
182,183
182,184
183,185
183,186
183,188
183,189
183,190
183,192
183,193
183,194
183,195
183,196
183,197
183,198
183,199
184,185
184,186
184,187
184,190
184,192
184,193
184,194
184,195
184,196
184,197
184,198
185,188
185,189
185,191
185,192
185,193
185,196
185,197
185,198
185,199
186,188
186,189
186,190
186,192
186,193
186,194
186,195
186,196
187,188
187,189
187,190
187,191
187,192
187,193
187,194
187,195
187,196
187,197
187,198
188,189
188,190
188,192
188,193
188,194
188,195
188,196
188,197
188,198
188,199
189,190
190,192
190,194
190,196
190,197
191,196
191,197
191,198
192,193
192,194
192,195
192,196
192,197
192,198
192,199
193,196
193,197
193,198
193,199
194,195
194,196
194,197
194,199
195,196
195,197
195,198
195,199
196,199
197,198
198,199
