0,1
0,2
0,3
0,4
0,5
0,6
0,7
0,8
0,9
0,10
0,11
0,12
0,13
0,14
0,15
0,16
0,17
0,18
0,19
0,20
0,21
0,22
0,23
0,24
0,25
0,26
0,27
0,28
0,29
0,30
0,31
0,32
0,33
0,34
0,35
0,36
0,37
0,38
0,60
0,73
0,75
0,78
0,83
0,87
0,88
0,89
0,91
0,92
0,96
0,103
0,104
0,105
0,109
0,111
0,115
0,121
0,125
0,127
0,129
1,2
1,3
1,4
1,5
1,6
1,7
1,8
1,9
1,10
1,11
1,12
1,13
1,14
1,15
1,16
1,17
1,18
1,19
1,20
1,21
1,22
1,23
1,24
1,25
1,26
1,27
1,28
1,29
1,30
1,31
1,32
1,33
1,34
1,35
1,36
1,37
1,38
1,44
1,57
1,60
1,64
1,65
1,69
1,71
1,73
1,75
1,76
1,78
1,80
1,83
1,101
1,104
1,107
1,120
1,125
1,128
1,132
1,137
1,138
1,139
1,150
1,157
1,159
1,165
1,170
1,179
1,184
1,192
1,193
2,3
2,4
2,5
2,6
2,7
2,8
2,9
2,10
2,11
2,12
2,13
2,14
2,15
2,16
2,17
2,18
2,19
2,20
2,21
2,22
2,23
2,24
2,25
2,26
2,27
2,28
2,29
2,30
2,31
2,32
2,33
2,34
2,35
2,36
2,37
2,38
2,44
2,57
2,64
2,65
2,69
2,71
2,101
2,104
2,107
2,120
2,125
2,128
2,132
2,137
2,138
2,139
2,150
2,157
2,159
2,165
2,170
2,179
2,184
2,192
2,193
3,4
3,5
3,6
3,7
3,8
3,9
3,10
3,11
3,12
3,13
3,14
3,15
3,16
3,17
3,18
3,19
3,20
3,21
3,22
3,23
3,24
3,25
3,26
3,27
3,28
3,29
3,30
3,31
3,32
3,33
3,34
3,35
3,36
3,37
3,38
3,45
3,46
3,48
3,49
4,5
4,6
4,7
4,8
4,9
4,10
4,11
4,12
4,13
4,14
4,15
4,16
4,17
4,18
4,19
4,20
4,21
4,22
4,23
4,24
4,25
4,26
4,27
4,28
4,29
4,30
4,31
4,32
4,33
4,34
4,35
4,36
4,37
4,38
4,44
4,45
4,46
4,47
4,48
4,49
4,50
5,6
5,7
5,8
5,9
5,10
5,11
5,12
5,13
5,14
5,15
5,16
5,17
5,18
5,19
5,20
5,21
5,22
5,23
5,24
5,25
5,26
5,27
5,28
5,29
5,30
5,31
5,32
5,33
5,34
5,35
5,36
5,37
5,38
5,44
5,45
5,46
5,47
5,48
5,49
5,50
5,52
5,53
5,54
5,55
5,56
5,61
5,62
5,63
6,7
6,8
6,9
6,10
6,11
6,12
6,13
6,14
6,15
6,16
6,17
6,18
6,19
6,20
6,21
6,22
6,23
6,24
6,25
6,26
6,27
6,28
6,29
6,30
6,31
6,32
6,33
6,34
6,35
6,36
6,37
6,38
6,44
6,45
6,46
6,47
6,48
6,49
6,50
6,52
6,53
6,54
6,55
6,56
6,62
6,63
6,66
6,73
6,74
6,75
6,76
6,79
6,80
6,83
6,85
6,87
6,88
6,89
6,91
6,92
6,93
7,8
7,9
7,10
7,11
7,12
7,13
7,14
7,15
7,16
7,17
7,18
7,19
7,20
7,21
7,22
7,23
7,24
7,25
7,26
7,27
7,28
7,29
7,30
7,31
7,32
7,33
7,34
7,35
7,36
7,37
7,38
7,44
7,57
7,64
7,65
7,69
7,71
7,101
7,104
7,107
7,120
7,125
7,128
7,132
7,137
7,138
7,139
7,150
7,157
7,159
7,165
7,170
7,179
7,184
7,192
7,193
8,9
8,10
8,11
8,12
8,13
8,14
8,15
8,16
8,17
8,18
8,19
8,20
8,21
8,22
8,23
8,24
8,25
8,26
8,27
8,28
8,29
8,30
8,31
8,32
8,33
8,34
8,35
8,36
8,37
8,38
8,46
8,47
8,48
8,49
8,50
8,52
8,53
8,54
8,55
8,56
8,57
8,58
8,59
8,60
8,61
9,10
9,11
9,12
9,13
9,14
9,15
9,16
9,17
9,18
9,19
9,20
9,21
9,22
9,23
9,24
9,25
9,26
9,27
9,28
9,29
9,30
9,31
9,32
9,33
9,34
9,35
9,36
9,37
9,38
9,44
9,45
9,46
9,47
9,48
9,49
9,50
9,51
9,52
9,53
9,54
9,55
9,56
9,57
9,58
9,59
9,60
9,61
9,62
9,63
9,64
9,65
9,66
9,69
9,70
9,71
9,72
9,73
9,74
9,75
9,76
9,78
9,79
9,80
9,81
9,83
9,85
9,87
9,88
9,91
9,92
9,93
9,94
9,96
9,97
9,98
9,101
9,103
9,104
9,107
9,109
9,111
9,114
9,115
9,116
9,117
9,120
9,122
9,125
9,128
9,132
9,134
9,136
9,137
9,138
9,139
9,142
9,143
9,144
9,145
9,146
9,147
9,150
9,157
9,159
9,165
9,170
9,179
9,184
9,192
9,193
10,11
10,12
10,13
10,14
10,15
10,16
10,17
10,18
10,19
10,20
10,21
10,22
10,23
10,24
10,25
10,26
10,27
10,28
10,29
10,30
10,31
10,32
10,33
10,34
10,35
10,36
10,37
10,38
11,12
11,13
11,14
11,15
11,16
11,17
11,18
11,19
11,20
11,21
11,22
11,23
11,24
11,25
11,26
11,27
11,28
11,29
11,30
11,31
11,32
11,33
11,34
11,35
11,36
11,37
11,38
11,44
11,57
11,64
11,65
11,69
11,71
11,101
11,104
11,107
11,120
11,125
11,128
11,132
11,137
11,138
11,139
11,150
11,157
11,159
11,165
11,170
11,179
11,184
11,192
11,193
12,13
12,14
12,15
12,16
12,17
12,18
12,19
12,20
12,21
12,22
12,23
12,24
12,25
12,26
12,27
12,28
12,29
12,30
12,31
12,32
12,33
12,34
12,35
12,36
12,37
12,38
12,46
12,47
12,48
12,49
12,50
12,51
12,52
12,54
12,55
12,56
12,57
12,58
12,59
12,60
12,61
12,62
12,63
12,64
12,66
12,67
12,68
12,72
12,73
12,74
12,75
12,78
12,79
12,80
12,82
12,83
12,84
13,14
13,15
13,16
13,17
13,18
13,19
13,20
13,21
13,22
13,23
13,24
13,25
13,26
13,27
13,28
13,29
13,30
13,31
13,32
13,33
13,34
13,35
13,36
13,37
13,38
13,44
13,45
13,46
13,47
13,48
13,49
13,50
13,51
13,52
13,53
13,54
13,55
13,56
13,57
13,58
13,59
13,61
13,62
13,63
13,64
13,65
13,66
13,67
13,68
13,70
13,72
13,73
13,74
13,75
13,76
13,77
13,78
13,79
13,80
13,81
13,82
13,83
13,84
13,85
13,86
13,87
13,88
13,91
13,92
13,93
13,94
13,96
13,97
13,98
13,102
13,103
13,104
13,106
13,109
13,110
13,114
13,115
13,116
13,117
13,119
13,121
13,122
13,127
13,129
13,136
13,140
13,142
13,143
13,145
13,146
13,147
14,15
14,16
14,17
14,18
14,19
14,20
14,21
14,22
14,23
14,24
14,25
14,26
14,27
14,28
14,29
14,30
14,31
14,32
14,33
14,34
14,35
14,36
14,37
14,38
14,41
14,43
14,44
14,45
14,46
14,47
14,48
14,49
14,50
14,51
14,52
14,53
14,54
14,55
14,56
14,57
14,58
14,59
14,60
14,61
14,62
14,63
14,64
14,65
14,66
14,67
14,68
14,69
14,70
14,72
14,73
14,74
14,75
14,76
14,77
14,78
15,16
15,17
15,18
15,19
15,20
15,21
15,22
15,23
15,24
15,25
15,26
15,27
15,28
15,29
15,30
15,31
15,32
15,33
15,34
15,35
15,36
15,37
15,38
15,42
15,43
15,44
15,45
15,46
15,47
15,49
15,50
15,51
15,52
15,54
15,55
15,56
15,57
15,58
15,59
15,60
15,61
15,62
15,63
15,64
15,65
15,66
15,67
15,68
15,69
15,70
15,71
15,72
15,101
15,104
15,107
15,120
15,125
15,128
15,132
15,137
15,138
15,139
15,150
15,157
15,159
15,165
15,170
15,179
15,184
15,192
15,193
16,17
16,18
16,19
16,20
16,21
16,22
16,23
16,24
16,25
16,26
16,27
16,28
16,29
16,30
16,31
16,32
16,33
16,34
16,35
16,36
16,37
16,38
16,43
16,44
16,45
16,46
16,47
16,48
16,49
16,51
16,52
17,18
17,19
17,20
17,21
17,22
17,23
17,24
17,25
17,26
17,27
17,28
17,29
17,30
17,31
17,32
17,33
17,34
17,35
17,36
17,37
17,38
17,47
17,48
17,49
17,51
17,52
17,53
17,54
17,56
17,57
17,58
17,59
17,60
17,61
17,62
17,63
17,64
17,65
17,67
17,68
17,70
17,71
17,72
17,73
18,19
18,20
18,21
18,22
18,23
18,24
18,25
18,26
18,27
18,28
18,29
18,30
18,31
18,32
18,33
18,34
18,35
18,36
18,37
18,38
19,20
19,21
19,22
19,23
19,24
19,25
19,26
19,27
19,28
19,29
19,30
19,31
19,32
19,33
19,34
19,35
19,36
19,37
19,38
19,42
19,44
19,45
19,46
19,47
19,48
19,49
19,50
19,51
19,52
19,53
19,54
19,55
19,56
19,57
19,59
19,60
19,62
19,63
19,64
19,65
19,66
19,67
19,68
19,69
19,70
19,71
19,72
19,73
19,74
19,75
19,76
20,21
20,22
20,23
20,24
20,25
20,26
20,27
20,28
20,29
20,30
20,31
20,32
20,33
20,34
20,35
20,36
20,37
20,38
21,22
21,23
21,24
21,25
21,26
21,27
21,28
21,29
21,30
21,31
21,32
21,33
21,34
21,35
21,36
21,37
21,38
21,44
21,50
21,51
21,52
21,55
21,56
21,57
21,64
21,65
21,69
21,71
21,101
21,104
21,107
21,120
21,125
21,128
21,132
21,137
21,138
21,139
21,150
21,157
21,159
21,165
21,170
21,179
21,184
21,192
21,193
22,23
22,24
22,25
22,26
22,27
22,28
22,29
22,30
22,31
22,32
22,33
22,34
22,35
22,36
22,37
22,38
22,44
22,46
22,47
22,48
22,49
22,50
22,52
22,53
22,54
22,55
22,56
22,57
22,58
22,59
22,60
22,61
22,62
22,64
22,65
22,66
22,67
22,69
22,71
22,101
22,104
22,107
22,120
22,125
22,128
22,132
22,137
22,138
22,139
22,150
22,157
22,159
22,165
22,170
22,179
22,184
22,192
22,193
23,24
23,25
23,26
23,27
23,28
23,29
23,30
23,31
23,32
23,33
23,34
23,35
23,36
23,37
23,38
23,44
23,46
23,47
23,48
23,49
23,50
23,52
23,53
23,55
23,56
23,57
23,59
23,60
23,61
23,62
23,63
23,64
23,65
23,66
23,67
23,69
23,70
23,71
23,101
23,104
23,107
23,120
23,125
23,128
23,132
23,137
23,138
23,139
23,150
23,157
23,159
23,165
23,170
23,179
23,184
23,192
23,193
24,25
24,26
24,27
24,28
24,29
24,30
24,31
24,32
24,33
24,34
24,35
24,36
24,37
24,38
24,44
24,45
24,57
24,64
24,65
24,69
24,71
24,101
24,104
24,107
24,120
24,125
24,128
24,132
24,137
24,138
24,139
24,150
24,157
24,159
24,165
24,170
24,179
24,184
24,192
24,193
25,26
25,27
25,28
25,29
25,30
25,31
25,32
25,33
25,34
25,35
25,36
25,37
25,38
25,43
25,44
25,45
25,46
25,47
25,48
25,57
25,64
25,65
25,69
25,71
25,101
25,104
25,107
25,120
25,125
25,128
25,132
25,137
25,138
25,139
25,150
25,157
25,159
25,165
25,170
25,179
25,184
25,192
25,193
26,27
26,28
26,29
26,30
26,31
26,32
26,33
26,34
26,35
26,36
26,37
26,38
26,44
26,45
26,46
26,48
26,49
26,50
26,51
26,52
26,53
26,54
26,55
26,56
26,57
26,58
26,59
26,60
26,62
26,63
26,64
26,65
26,66
26,67
26,69
26,70
26,71
26,72
26,73
26,74
26,75
26,76
26,77
26,78
26,79
26,80
26,83
26,84
26,85
26,87
26,88
26,89
26,93
26,94
26,96
26,98
26,100
26,104
26,105
26,106
26,108
26,109
26,111
26,114
27,28
27,29
27,30
27,31
27,32
27,33
27,34
27,35
27,36
27,37
27,38
27,45
27,46
27,47
27,48
27,49
27,50
27,51
27,52
27,53
28,29
28,30
28,31
28,32
28,33
28,34
28,35
28,36
28,37
28,38
28,42
28,43
28,44
28,45
28,46
28,47
28,48
28,49
28,51
28,52
28,54
28,55
28,56
28,57
28,58
28,59
28,60
28,61
28,62
28,63
28,64
28,65
28,66
28,67
28,68
28,69
28,70
28,71
28,72
28,73
28,74
28,75
28,76
28,77
28,78
28,80
28,81
28,82
28,83
28,84
28,85
28,86
28,87
28,88
28,89
28,90
28,91
28,92
28,93
28,94
28,96
28,97
28,98
29,30
29,31
29,32
29,33
29,34
29,35
29,36
29,37
29,38
30,31
30,32
30,33
30,34
30,35
30,36
30,37
30,38
31,32
31,33
31,34
31,35
31,36
31,37
31,38
31,44
31,57
31,64
31,65
31,69
31,71
31,101
31,104
31,107
31,120
31,125
31,128
31,132
31,137
31,138
31,139
31,150
31,157
31,159
31,165
31,170
31,179
31,184
31,192
31,193
32,33
32,34
32,35
32,36
32,37
32,38
32,53
32,54
32,55
32,56
32,57
32,58
32,59
32,60
32,61
32,62
33,34
33,35
33,36
33,37
33,38
33,42
33,43
33,45
33,46
33,48
33,49
33,50
33,51
33,52
33,53
33,54
33,55
33,56
33,57
33,58
33,59
33,60
33,61
33,62
33,63
33,64
33,65
33,66
33,67
33,68
33,70
33,71
33,72
33,73
33,74
33,75
33,76
33,77
33,78
33,80
33,81
33,82
33,83
33,84
33,85
33,86
33,87
33,88
33,89
33,90
33,92
33,93
33,94
33,96
33,97
33,98
33,100
33,103
33,104
33,106
33,108
33,109
33,113
33,114
33,115
33,117
33,119
33,121
33,122
33,124
33,125
33,127
33,130
33,136
33,139
33,140
33,141
33,142
33,143
33,145
33,147
33,152
33,153
33,155
33,161
33,162
33,164
33,168
33,169
33,172
33,174
33,176
33,178
33,179
33,181
33,182
34,35
34,36
34,37
34,38
34,44
34,45
34,46
34,47
34,48
34,49
34,50
34,51
34,53
34,54
34,55
34,56
34,57
34,58
34,59
34,60
34,61
34,62
34,63
34,64
34,65
34,66
34,67
34,68
34,69
34,70
34,71
34,72
34,73
34,74
34,75
34,76
34,77
34,78
34,79
34,80
34,81
34,82
34,83
34,84
34,85
34,86
34,89
34,90
34,92
34,93
34,94
34,96
34,97
34,98
34,99
34,100
34,101
34,102
34,103
34,104
34,105
35,36
35,37
35,38
35,46
36,37
36,38
36,45
36,46
36,47
36,48
36,49
36,50
36,51
36,52
36,53
36,54
36,55
36,56
36,57
36,58
36,59
36,60
36,61
36,62
36,63
36,64
36,65
36,66
36,67
36,68
36,69
36,70
36,71
36,72
36,73
36,74
36,75
36,76
36,77
37,38
37,44
37,48
37,49
37,57
37,64
37,65
37,69
37,71
37,101
37,104
37,107
37,120
37,125
37,128
37,132
37,137
37,138
37,139
37,150
37,157
37,159
37,165
37,170
37,179
37,184
37,192
37,193
38,42
38,43
38,44
38,45
38,46
38,47
38,48
38,49
38,50
38,51
38,52
38,53
38,54
38,55
38,56
38,57
38,58
38,59
38,60
38,64
38,65
38,69
38,71
38,101
38,104
38,107
38,120
38,125
38,128
38,132
38,137
38,138
38,139
38,150
38,157
38,159
38,165
38,170
38,179
38,184
38,192
38,193
39,41
39,42
39,43
40,42
40,43
40,44
40,45
40,46
40,47
40,48
40,49
40,50
40,51
40,52
40,53
40,54
40,55
40,56
40,57
40,58
41,42
41,43
41,44
41,45
41,46
41,47
41,48
41,49
41,50
41,52
41,53
41,54
41,55
41,56
41,57
41,58
41,59
41,60
41,61
41,62
41,63
41,64
41,65
41,66
41,67
41,68
41,69
42,43
42,44
42,45
42,46
42,47
42,48
42,49
42,51
42,52
42,54
42,55
42,56
42,57
42,58
42,59
42,60
42,61
42,62
42,63
42,64
42,65
42,66
42,67
42,68
42,69
42,70
42,71
42,72
42,73
42,74
42,75
42,76
42,77
42,79
42,80
42,81
42,83
42,84
42,85
42,86
42,87
42,88
42,89
42,90
42,91
42,92
42,93
42,94
42,95
42,97
42,98
42,99
42,100
42,101
42,104
42,106
43,44
43,45
43,46
43,47
43,48
43,49
43,50
43,51
43,52
43,53
43,54
43,55
43,56
43,57
43,58
43,59
43,60
43,62
43,63
43,64
43,65
43,66
43,67
43,68
44,46
44,47
44,48
44,49
44,51
44,52
44,53
44,54
44,55
44,56
44,57
44,58
44,59
44,60
44,61
44,62
44,63
44,64
44,65
44,66
44,67
44,68
44,69
44,70
44,71
44,72
44,73
44,74
44,75
44,76
44,77
44,78
44,79
44,80
44,81
44,82
44,83
44,84
44,85
44,86
44,87
44,88
44,89
44,90
44,91
44,92
44,93
44,94
44,95
44,96
44,97
44,98
44,99
44,100
44,101
44,103
44,104
44,107
44,108
44,109
44,110
44,113
44,114
44,115
44,117
44,118
44,119
44,120
44,121
44,122
44,124
44,125
44,128
44,131
44,132
44,133
44,135
44,137
44,138
44,139
44,140
44,141
44,142
44,143
44,144
44,145
44,147
44,150
44,151
44,152
44,154
44,155
44,156
44,157
44,159
44,165
44,170
44,179
44,184
44,192
44,193
45,46
45,47
45,48
45,49
45,50
45,51
45,52
45,53
45,54
45,55
45,56
45,57
45,58
45,59
45,60
45,61
45,62
45,63
45,64
45,65
45,66
45,67
45,68
45,69
45,70
45,71
45,72
45,73
45,74
45,75
45,76
45,77
45,78
45,79
45,80
45,81
45,82
45,83
45,84
45,85
45,86
45,87
45,88
45,89
45,90
45,91
45,93
45,94
45,95
45,96
45,97
45,98
45,99
45,100
45,101
45,102
45,104
45,105
45,107
45,108
45,109
45,110
45,111
45,112
45,113
45,114
45,115
45,116
45,117
45,118
45,119
45,121
45,124
45,125
45,126
45,128
45,129
45,130
45,131
45,134
45,135
45,136
45,137
45,139
45,140
45,141
45,142
45,143
45,144
45,145
45,147
45,149
45,151
45,152
45,153
45,154
45,155
45,156
45,157
45,159
45,161
45,163
45,164
45,165
45,167
45,169
45,171
45,172
45,173
45,174
45,176
45,178
45,179
45,182
45,183
45,186
45,189
45,191
45,192
45,196
45,198
46,47
46,48
46,49
46,50
46,51
46,52
46,53
46,54
46,55
46,56
46,57
46,58
46,59
46,60
46,61
46,62
46,63
46,64
46,65
46,67
46,69
46,70
46,71
46,72
46,73
46,74
46,75
46,76
46,77
46,78
46,79
46,80
47,48
47,49
47,50
47,51
47,52
47,53
47,54
47,55
47,56
48,50
48,51
48,52
48,53
48,54
48,55
48,56
48,57
48,58
48,59
48,60
48,62
48,63
48,64
49,50
49,51
49,52
49,53
49,54
49,55
49,56
49,57
49,58
49,59
49,60
49,61
49,62
49,63
50,51
50,52
50,53
50,54
50,55
50,56
50,57
50,58
50,59
50,60
50,61
50,62
50,63
50,64
50,65
50,66
50,67
50,69
50,71
50,72
50,73
50,75
50,76
50,77
50,78
50,79
50,80
50,81
50,84
50,85
50,86
50,87
50,89
50,90
50,91
50,92
50,93
50,94
50,95
50,98
50,100
50,102
50,104
50,105
50,106
50,107
50,108
50,109
50,110
50,111
50,112
50,113
50,114
50,115
50,116
51,52
51,53
51,54
51,55
51,56
51,57
51,58
51,59
51,60
51,61
51,62
51,63
51,64
51,65
51,66
51,67
51,68
51,69
51,70
51,71
51,72
51,73
51,74
51,75
51,76
51,79
51,80
51,81
51,82
51,83
51,84
51,85
51,86
52,53
52,54
52,55
52,57
52,58
52,59
52,60
52,61
52,62
52,63
52,64
52,65
52,66
52,67
52,68
52,69
52,71
52,72
52,73
52,74
52,75
52,76
52,77
52,78
52,79
53,54
54,55
54,56
54,57
54,58
54,59
55,56
55,57
55,58
55,61
55,62
55,63
55,64
55,65
55,66
55,67
55,69
56,57
56,58
56,59
56,60
56,61
56,62
56,63
56,64
56,65
56,66
56,67
56,68
56,70
56,71
56,72
56,73
56,76
56,77
56,80
56,81
56,82
56,83
56,84
56,85
57,58
57,59
57,60
57,61
57,63
57,64
57,65
57,66
57,67
57,68
57,69
57,70
57,71
57,72
57,73
57,74
57,75
57,76
57,77
57,79
57,80
57,81
57,82
57,83
57,84
57,85
57,86
57,87
57,88
57,89
57,90
57,91
57,92
57,93
57,94
57,95
57,98
57,99
57,100
57,101
57,102
57,103
57,104
57,105
57,106
57,107
57,108
57,109
57,110
57,111
57,112
57,114
57,115
57,116
57,117
57,120
57,121
57,125
57,128
57,132
57,137
57,138
57,139
57,150
57,157
57,159
57,165
57,170
57,179
57,184
57,192
57,193
58,59
58,60
58,61
58,62
58,63
58,64
58,65
58,66
58,67
58,68
58,69
58,70
58,71
58,72
58,73
58,74
58,75
58,76
58,77
58,78
58,79
58,80
58,81
58,82
58,83
58,85
58,86
58,87
58,89
58,90
58,91
58,92
58,94
58,95
58,96
58,97
58,98
58,101
58,102
58,103
59,60
59,61
59,62
59,63
59,64
59,65
59,66
59,67
59,68
59,69
59,70
59,72
59,73
59,74
59,75
59,76
59,77
59,78
59,79
59,80
59,81
59,83
59,84
59,85
59,86
59,87
59,88
59,89
59,90
59,91
59,92
59,93
59,94
59,95
59,96
59,97
59,98
59,99
59,100
59,101
59,102
59,103
59,104
59,105
59,106
59,107
59,108
59,109
59,110
59,111
60,61
60,62
60,63
60,64
60,65
60,66
60,67
60,68
60,69
60,70
60,71
60,72
60,73
60,74
60,75
60,76
60,77
60,78
60,79
60,80
60,81
60,82
60,83
60,84
60,85
60,86
60,87
60,88
60,89
60,90
60,91
60,92
60,93
60,94
60,95
60,96
60,97
60,98
60,99
60,100
60,101
60,103
60,104
60,105
60,106
60,107
60,108
60,109
60,110
60,111
60,112
60,113
60,114
60,115
60,116
60,118
60,119
60,120
60,122
60,130
60,134
60,135
60,136
60,141
60,144
60,145
60,147
60,148
60,149
60,151
60,152
60,153
60,154
60,155
60,159
61,62
61,63
61,64
61,65
61,66
61,67
61,68
61,69
61,72
61,73
61,74
61,75
61,76
61,77
61,78
61,79
61,80
61,81
61,82
61,83
61,84
61,85
61,86
61,87
61,88
61,89
61,90
61,91
61,92
61,93
61,94
61,95
61,96
61,97
61,99
61,100
61,101
61,102
61,103
61,104
61,105
61,106
61,107
61,108
61,109
62,63
62,64
62,65
62,66
62,67
62,68
62,70
62,71
62,72
62,73
62,74
62,75
62,76
62,77
62,78
62,79
62,80
62,81
62,82
62,83
62,84
62,85
62,86
62,87
62,88
62,89
62,90
62,91
62,92
63,64
63,65
63,66
63,67
63,68
63,69
63,70
63,71
63,72
63,73
63,74
64,65
64,66
64,67
64,68
64,69
64,70
64,71
64,72
64,73
64,74
64,75
64,76
64,77
64,78
64,79
64,80
64,81
64,82
64,83
64,85
64,86
64,88
64,89
64,90
64,92
64,95
64,96
64,97
64,98
64,99
64,100
64,101
64,102
64,104
64,107
64,120
64,125
64,128
64,132
64,137
64,138
64,139
64,150
64,157
64,159
64,165
64,170
64,179
64,184
64,192
64,193
65,69
65,71
65,101
65,104
65,107
65,120
65,125
65,128
65,132
65,137
65,138
65,139
65,150
65,157
65,159
65,165
65,170
65,179
65,184
65,192
65,193
66,67
66,68
66,69
66,70
66,71
66,73
66,75
66,76
66,77
66,78
66,79
66,80
66,81
66,83
66,85
66,86
66,87
66,88
66,89
66,90
66,91
66,93
66,94
67,70
67,71
67,72
67,73
67,75
67,76
67,77
67,79
67,80
67,81
67,82
67,83
67,84
67,85
67,86
67,87
68,70
68,71
68,72
68,73
68,74
69,70
69,71
69,72
69,74
69,75
69,76
69,77
69,78
69,79
69,80
69,81
69,82
69,83
69,85
69,86
69,87
69,88
69,89
69,90
69,91
69,93
69,101
69,104
69,107
69,120
69,125
69,128
69,132
69,137
69,138
69,139
69,150
69,157
69,159
69,165
69,170
69,179
69,184
69,192
69,193
70,71
70,72
70,73
70,74
70,75
70,76
70,77
70,78
70,79
70,80
70,81
70,82
70,83
70,84
70,85
70,86
70,87
70,88
71,72
71,73
71,74
71,75
71,76
71,77
71,78
71,79
71,80
71,82
71,83
71,84
71,85
71,87
71,88
71,101
71,104
71,107
71,120
71,125
71,128
71,132
71,137
71,138
71,139
71,150
71,157
71,159
71,165
71,170
71,179
71,184
71,192
71,193
72,73
72,75
72,76
72,77
72,78
72,79
72,80
72,81
73,74
73,75
73,76
73,77
73,78
73,79
73,80
73,81
73,82
73,83
73,84
73,86
73,87
73,88
73,89
73,90
73,91
73,92
73,93
73,94
73,95
73,97
73,98
73,100
73,101
73,103
73,104
73,105
73,106
73,107
73,108
73,111
73,113
73,114
73,115
73,116
73,117
73,118
73,119
73,120
73,122
73,123
73,127
73,128
73,129
73,130
73,131
73,133
73,134
73,135
73,136
73,137
73,138
73,139
73,140
73,141
73,143
73,145
73,148
73,150
73,151
73,152
73,153
73,155
74,75
74,76
74,77
74,78
74,79
74,80
74,81
74,82
74,83
74,84
74,85
74,86
74,87
74,88
74,89
74,90
74,91
74,92
74,93
74,94
74,95
74,96
74,97
74,98
74,99
74,100
74,101
74,102
74,103
74,105
74,106
74,107
74,108
74,109
74,110
74,111
74,112
74,113
74,115
74,116
74,117
74,118
74,119
74,120
74,121
74,122
74,123
75,76
75,77
75,78
75,79
75,80
75,81
75,82
75,83
75,84
75,85
75,87
75,88
75,89
75,90
75,91
75,92
75,93
75,94
75,95
75,96
76,77
76,78
76,79
76,80
76,81
76,82
76,83
76,84
76,85
76,86
76,87
76,88
76,89
76,90
76,91
76,92
76,93
76,94
76,95
76,96
76,97
76,98
76,99
76,101
76,102
76,103
76,104
76,106
76,107
76,108
76,109
76,110
76,111
76,112
76,113
76,114
76,115
76,116
76,117
76,119
76,120
76,122
76,123
76,124
76,125
76,126
76,127
76,128
76,130
76,131
76,133
76,134
76,135
76,136
76,137
76,138
76,139
76,140
76,143
76,145
76,148
76,149
77,78
77,79
77,80
77,81
77,82
77,83
77,84
77,85
77,86
77,88
77,89
77,90
77,91
77,92
77,93
77,94
77,95
77,96
77,97
77,98
77,99
77,100
77,101
77,102
77,103
77,104
77,105
77,106
77,107
78,79
78,80
78,81
78,82
78,83
78,84
78,85
78,86
78,88
78,89
78,90
78,91
78,92
78,93
78,94
78,95
78,96
78,97
78,98
78,99
78,100
78,101
78,102
78,103
78,104
78,105
78,106
78,107
78,109
78,110
78,111
78,113
78,114
78,115
78,116
78,117
78,118
78,119
78,120
78,122
78,123
78,124
78,125
78,126
78,127
78,128
78,129
78,130
78,131
78,133
78,134
78,135
78,136
78,137
78,138
78,139
78,140
78,141
78,142
78,143
78,144
78,145
78,146
78,147
78,148
78,149
78,151
78,152
78,153
78,154
78,155
78,156
79,80
79,81
79,82
80,81
80,82
80,83
80,84
80,85
80,86
80,87
80,88
80,90
80,91
80,93
80,94
80,95
80,96
80,97
80,98
80,99
80,100
80,102
80,103
80,105
80,106
80,108
80,110
80,111
80,112
80,114
80,115
80,116
80,117
80,118
80,120
80,121
80,122
81,82
81,83
81,84
81,85
81,86
81,87
81,88
81,89
81,90
82,84
82,85
82,86
82,87
82,88
82,89
82,90
82,91
82,92
82,93
82,94
82,95
82,96
82,97
82,98
82,99
82,100
82,101
82,102
82,103
82,104
82,105
82,106
83,84
83,85
83,86
83,87
83,88
83,89
83,90
83,91
83,92
83,93
83,94
83,95
83,96
83,97
83,98
83,99
83,100
83,101
83,102
83,103
83,104
83,105
83,106
83,107
83,108
83,109
83,111
83,112
83,113
83,114
83,115
83,116
83,117
83,118
83,119
83,120
83,121
83,122
83,123
83,124
83,125
83,126
83,127
83,128
83,129
83,130
83,132
83,134
83,135
83,136
83,137
83,138
83,139
83,141
83,142
83,143
83,144
83,145
83,146
83,149
83,150
83,151
83,153
83,154
83,155
83,156
83,163
83,167
83,172
83,174
83,176
83,181
83,183
83,184
83,192
83,194
84,85
84,86
84,87
84,88
84,89
84,90
84,91
84,92
84,93
84,94
84,95
84,97
84,98
84,99
84,100
84,101
85,86
85,87
85,88
85,89
85,90
85,91
85,93
85,94
85,95
85,96
85,97
86,87
86,88
86,89
86,90
86,91
86,92
86,93
86,95
86,96
86,97
86,98
86,99
87,88
87,89
87,90
87,91
87,92
87,93
87,94
87,95
87,96
87,97
87,98
87,99
87,100
87,101
87,102
87,103
87,104
87,105
87,106
87,107
87,108
87,109
87,110
87,111
87,112
88,89
88,90
88,91
88,92
88,93
88,95
88,96
88,97
88,98
88,99
88,100
88,101
88,102
88,103
88,104
88,105
88,106
88,107
88,108
88,109
88,110
88,111
88,112
88,113
88,114
89,90
89,91
89,92
89,93
89,95
89,96
89,97
89,98
89,99
89,100
89,101
89,103
89,104
89,105
89,106
89,107
89,108
89,110
89,111
89,112
89,113
89,114
89,115
89,117
89,118
89,119
89,120
89,121
89,122
89,123
89,124
89,125
89,126
89,127
89,128
89,130
89,132
89,133
89,134
89,135
89,136
89,137
89,138
89,140
89,141
89,142
89,143
89,144
89,145
89,146
89,147
89,148
89,149
89,150
89,151
89,152
89,153
89,154
89,155
89,156
89,158
89,159
89,160
89,161
89,164
89,165
89,169
89,171
89,174
89,175
89,176
89,178
89,181
89,183
89,184
89,185
89,186
89,187
89,189
89,190
89,192
89,194
89,197
91,92
91,93
91,94
91,95
91,96
91,97
91,98
91,99
91,100
91,101
91,103
91,104
92,93
92,94
92,95
92,96
92,97
92,98
92,99
92,100
92,101
92,102
92,103
92,104
92,105
92,106
92,107
92,109
92,110
92,111
92,112
92,113
92,114
92,115
92,116
92,117
92,118
92,119
92,120
92,121
92,122
92,123
92,124
92,126
92,127
92,128
92,129
92,130
92,131
92,132
92,133
92,134
92,135
92,136
92,137
92,138
92,140
92,141
92,142
92,143
92,144
92,145
92,146
92,147
92,148
92,149
92,150
92,152
92,154
92,155
92,156
92,157
92,158
92,159
92,160
92,161
92,162
92,163
92,164
92,165
92,167
92,168
92,169
93,94
93,95
93,96
93,97
93,98
93,99
93,100
93,101
93,102
93,103
93,104
93,105
93,106
93,107
93,109
93,110
93,111
93,112
93,113
93,114
93,115
93,116
93,117
93,118
93,120
93,122
93,123
93,124
93,126
93,127
93,128
93,129
93,130
93,131
93,132
93,133
93,134
93,135
93,136
94,95
94,96
94,97
94,98
94,99
94,100
94,102
94,103
94,104
94,105
94,106
94,107
94,108
94,109
94,110
94,111
94,112
94,113
94,114
94,115
94,116
94,117
94,118
94,119
94,120
94,121
94,122
94,123
94,124
94,125
94,126
95,96
95,97
95,98
95,99
95,101
95,102
95,103
95,104
95,105
95,106
95,107
95,108
95,109
95,111
95,112
95,113
95,114
95,115
95,116
95,117
95,118
95,119
95,120
96,97
96,98
96,99
96,100
96,101
96,102
96,103
96,104
96,105
96,106
96,107
96,108
96,109
96,111
96,112
96,113
96,114
96,117
96,118
96,119
96,120
96,121
96,122
96,123
96,124
96,125
96,126
96,127
96,129
96,130
96,131
96,132
96,133
96,134
96,135
96,136
96,137
96,138
96,139
96,140
96,142
96,143
96,144
96,145
96,146
96,147
96,148
96,149
96,151
96,152
96,153
96,154
96,155
96,156
96,157
96,158
96,159
96,160
96,161
96,162
96,163
96,164
96,165
96,167
96,168
96,169
96,171
96,172
96,174
96,175
97,98
97,99
97,100
97,101
97,102
97,103
97,104
97,105
97,107
97,108
97,109
97,110
97,111
97,112
97,113
97,114
97,115
97,116
97,117
97,118
97,119
97,120
97,121
97,122
97,123
97,124
97,125
97,126
97,127
97,128
97,129
97,130
97,131
97,132
97,133
97,134
97,135
97,136
97,137
97,138
97,139
97,140
97,141
97,142
97,143
97,144
97,145
97,146
97,148
97,149
97,151
97,152
97,153
97,154
97,156
97,157
97,158
97,159
97,160
97,161
97,162
97,163
97,164
97,165
97,166
97,167
97,168
97,169
97,170
97,171
97,172
97,174
97,175
98,100
99,100
99,101
99,102
99,103
99,104
99,105
99,106
99,107
99,108
99,109
99,110
100,101
100,102
100,103
100,104
100,105
100,106
100,107
100,108
100,109
100,110
100,111
100,112
101,102
101,103
101,104
101,105
101,106
101,107
101,108
101,109
101,110
101,111
101,112
101,113
101,114
101,115
101,116
101,117
101,118
101,119
101,120
101,121
101,122
101,123
101,124
101,125
101,126
101,127
101,128
101,129
101,130
101,132
101,133
101,134
101,136
101,137
101,138
101,139
101,140
101,141
101,142
101,143
101,150
101,157
101,159
101,165
101,170
101,179
101,184
101,192
101,193
102,103
102,104
102,105
102,106
102,107
102,108
102,109
102,110
102,111
102,112
102,113
102,114
102,115
102,116
102,117
102,118
102,119
102,120
102,121
102,122
102,123
102,124
102,125
102,126
102,127
102,128
102,129
102,130
102,131
102,132
102,133
102,134
102,135
103,104
103,105
103,106
103,107
103,108
103,109
103,110
103,111
103,112
103,113
103,114
103,115
103,117
103,118
103,119
103,120
103,121
103,122
103,123
103,124
103,125
103,126
103,127
103,128
103,129
103,130
103,132
103,133
103,134
103,135
103,136
103,137
103,138
103,139
103,140
103,141
103,142
103,143
103,144
103,145
103,146
103,147
103,148
103,149
103,150
103,151
103,152
103,153
103,154
103,155
103,156
103,157
103,158
103,159
103,160
103,161
103,162
103,164
103,165
103,166
103,167
103,168
103,169
103,170
103,172
103,173
103,176
103,178
103,180
103,181
103,182
103,183
103,184
103,185
103,186
103,190
103,191
103,193
103,194
103,197
104,105
104,106
104,107
104,108
104,109
104,110
104,111
104,112
104,113
104,114
104,115
104,116
104,117
104,118
104,119
104,120
104,121
104,122
104,123
104,124
104,125
104,128
104,132
104,137
104,138
104,139
104,150
104,157
104,159
104,165
104,170
104,179
104,184
104,192
104,193
105,106
105,107
105,108
105,109
105,110
105,111
105,112
105,113
105,114
105,115
105,116
105,117
105,118
105,119
105,120
105,121
105,122
105,123
105,124
105,125
105,126
105,127
105,128
105,129
105,130
105,131
105,132
105,133
105,134
105,135
105,136
105,137
105,138
105,139
105,140
105,141
105,142
105,143
105,144
105,145
105,146
105,147
105,150
105,151
105,152
105,153
105,154
105,155
105,156
105,157
105,158
105,159
105,160
105,161
105,162
105,163
105,164
105,165
105,166
105,167
105,168
105,169
105,170
105,171
105,173
105,174
105,175
105,176
105,178
105,179
105,180
105,181
105,182
105,183
105,184
105,185
105,186
105,187
105,189
105,190
105,191
105,192
105,193
105,194
106,107
106,108
106,109
106,110
106,111
106,112
106,113
106,114
106,115
106,116
106,117
106,118
106,119
106,120
106,121
106,122
106,123
106,124
106,125
106,126
106,127
106,128
106,129
106,130
106,131
106,132
106,133
106,134
106,135
106,136
106,137
106,138
106,139
107,108
107,109
107,110
107,111
107,112
107,113
107,114
107,115
107,116
107,117
107,119
107,120
107,125
107,128
107,132
107,137
107,138
107,139
107,150
107,157
107,159
107,165
107,170
107,179
107,184
107,192
107,193
108,109
108,110
108,111
108,112
108,113
108,114
108,115
108,116
108,117
108,118
108,119
108,120
108,121
108,122
108,123
108,124
108,125
108,126
108,127
108,128
108,129
108,130
108,131
108,133
108,134
108,136
108,137
108,138
108,139
108,140
108,141
108,142
108,143
108,144
108,145
108,146
108,147
108,148
109,110
109,111
109,112
109,113
109,114
109,115
109,116
109,117
109,118
109,119
109,120
109,121
109,122
109,123
109,124
109,125
109,126
109,127
109,128
109,129
109,130
109,131
109,132
109,133
109,134
109,135
109,136
109,137
109,138
109,139
109,140
109,141
109,142
109,144
109,145
109,146
109,147
109,148
109,149
109,150
109,151
109,152
109,153
109,154
109,155
109,156
109,157
109,158
109,160
109,164
109,165
109,166
109,167
109,168
109,169
109,170
109,171
109,172
109,173
109,174
109,175
109,176
110,111
110,112
110,113
110,114
110,115
110,116
110,117
110,118
111,112
111,113
111,114
111,115
111,116
111,117
111,118
111,119
111,120
111,121
111,122
111,123
111,124
111,125
111,126
111,127
111,128
111,129
111,130
111,131
111,132
111,133
111,134
111,135
111,136
111,137
111,138
111,140
111,141
111,142
111,143
111,144
111,145
111,146
111,147
111,148
111,149
111,150
111,152
111,153
111,154
111,155
111,156
111,157
111,158
111,160
111,161
111,162
111,163
111,164
111,165
111,166
111,167
111,168
111,169
111,170
112,113
112,114
112,115
112,116
112,117
113,114
113,115
113,116
113,118
113,119
113,120
113,121
113,122
113,123
113,124
113,125
113,126
113,127
113,128
113,129
113,130
114,115
114,116
114,117
114,118
114,119
114,120
114,121
114,122
114,123
114,124
114,125
114,126
114,127
114,128
114,129
114,130
114,131
114,132
114,133
114,134
114,136
114,137
114,138
114,140
115,116
115,118
115,119
115,120
115,121
115,122
115,123
115,124
115,125
115,126
115,127
115,128
115,129
115,130
115,131
115,132
115,133
115,134
115,135
115,136
115,137
115,138
115,139
115,140
115,141
115,144
115,145
115,146
115,147
115,148
115,149
115,150
115,151
115,152
115,153
115,154
115,155
115,157
115,158
115,159
115,160
115,161
115,162
115,163
115,164
115,165
115,166
115,167
115,168
115,170
115,171
115,172
115,173
115,174
115,176
115,177
115,178
115,179
115,180
115,181
115,185
115,186
115,187
115,189
115,190
115,191
115,194
115,195
115,196
115,197
116,117
116,118
116,119
116,120
116,121
116,122
116,123
116,124
116,125
116,126
116,127
116,128
116,129
117,118
117,119
117,120
117,121
117,122
117,123
117,124
117,125
117,126
117,127
118,119
118,120
118,121
118,122
118,123
118,124
118,125
119,120
119,121
119,122
119,123
119,124
119,125
119,126
119,127
119,128
119,129
119,130
119,131
119,132
119,133
119,134
119,135
119,136
119,137
119,139
119,140
119,141
119,142
119,143
119,144
119,145
119,146
120,121
120,122
120,123
120,124
120,125
120,126
120,127
120,128
120,129
120,130
120,131
120,132
120,133
120,137
120,138
120,139
120,150
120,157
120,159
120,165
120,170
120,179
120,184
120,192
120,193
121,122
121,123
121,124
121,125
121,126
121,127
121,128
121,129
121,130
121,131
121,132
121,133
121,134
121,135
121,136
121,137
121,138
121,139
121,140
121,141
121,142
121,143
121,144
121,145
121,146
121,147
121,148
121,149
121,150
121,151
121,152
121,153
121,154
122,123
122,124
122,125
122,127
122,128
122,129
122,130
122,131
122,132
122,133
122,134
122,135
122,137
122,138
122,139
122,140
122,141
122,142
122,144
122,145
122,146
122,147
122,148
122,149
122,150
122,151
122,152
122,153
122,154
122,155
122,156
122,157
122,158
122,159
122,160
122,162
122,163
122,164
122,165
122,166
122,167
122,168
122,169
122,170
122,171
122,172
123,124
123,125
123,126
123,127
123,128
123,129
123,130
123,131
123,132
123,133
123,134
123,135
123,136
123,137
123,138
123,139
123,140
123,141
123,142
123,143
123,144
124,125
124,126
124,127
124,128
124,129
124,130
124,131
124,132
124,133
124,134
124,135
124,136
124,137
124,138
124,139
124,140
124,141
124,142
124,143
124,144
124,145
124,146
124,147
124,148
124,149
124,150
124,152
124,153
125,126
125,127
125,128
125,129
125,130
125,131
125,132
125,137
125,138
125,139
125,150
125,157
125,159
125,165
125,170
125,179
125,184
125,192
125,193
126,127
126,128
127,128
127,129
127,130
127,132
127,133
127,135
127,136
127,137
127,138
127,139
127,140
127,141
127,142
127,143
127,144
127,145
127,146
127,147
127,148
127,149
127,150
127,151
127,152
127,153
127,154
127,155
127,156
127,158
127,159
127,160
127,161
127,162
127,163
127,164
127,165
127,166
127,167
127,169
127,170
127,171
127,172
127,173
127,174
127,175
127,177
127,178
127,180
127,184
127,185
127,186
127,187
127,188
127,189
127,190
127,193
127,194
127,195
127,196
127,197
128,130
128,131
128,132
128,133
128,134
128,135
128,136
128,137
128,138
128,139
128,140
128,142
128,143
128,144
128,145
128,146
128,147
128,148
128,149
128,150
128,151
128,152
128,153
128,154
128,155
128,156
128,157
128,158
128,159
128,160
128,161
128,162
128,165
128,170
128,179
128,184
128,192
128,193
129,130
129,131
129,132
129,133
129,134
130,131
130,132
130,133
130,134
130,135
130,137
130,138
130,139
130,140
130,141
130,142
131,132
131,133
131,134
131,135
131,136
131,138
131,139
131,140
131,141
131,142
131,143
131,144
131,145
131,146
131,147
131,148
131,149
131,150
131,151
131,152
131,153
131,154
131,155
131,156
131,158
132,133
132,134
132,136
132,137
132,138
132,139
132,150
132,157
132,159
132,165
132,170
132,179
132,184
132,192
132,193
133,134
133,135
133,136
133,137
133,138
133,139
133,140
133,141
133,142
133,143
133,144
133,145
133,146
133,150
133,151
133,152
133,153
133,154
133,155
133,156
133,158
133,159
133,160
133,161
133,162
133,163
133,164
133,165
133,167
133,168
134,135
134,136
134,137
134,138
134,139
134,140
134,141
134,142
134,143
134,144
134,145
134,146
134,147
134,148
134,149
134,150
134,151
134,152
134,153
134,154
134,155
134,157
134,158
134,159
134,160
134,161
134,162
134,163
134,164
134,165
134,166
134,167
134,168
134,169
134,170
134,171
134,173
134,174
134,175
134,176
134,178
134,179
134,181
134,183
134,184
134,185
134,186
134,187
134,188
134,189
134,191
134,193
134,195
134,196
134,197
134,198
135,136
135,137
135,138
135,139
135,141
135,143
135,144
135,145
135,146
135,147
135,149
135,150
135,151
136,137
136,138
136,139
136,140
136,141
136,142
136,143
136,144
136,145
136,146
136,147
136,148
136,149
136,150
136,151
136,152
136,153
136,154
136,155
136,156
136,157
136,158
136,159
136,160
136,161
136,163
136,164
136,166
136,167
136,168
136,169
136,170
136,171
136,173
136,174
136,175
136,176
136,178
136,179
136,180
136,181
136,182
136,183
136,184
136,185
136,186
136,187
136,188
136,189
136,190
136,191
136,192
136,193
136,195
136,196
136,198
137,138
137,139
137,150
137,157
137,159
137,165
137,170
137,179
137,184
137,192
137,193
138,139
138,140
138,141
138,142
138,143
138,144
138,145
138,146
138,147
138,148
138,149
138,150
138,151
138,152
138,153
138,154
138,156
138,157
138,159
138,160
138,161
138,162
138,163
138,164
138,165
138,166
138,167
138,168
138,169
138,170
138,172
138,173
138,174
138,175
138,176
138,177
138,178
138,179
138,181
138,182
138,183
138,184
138,185
138,186
138,187
138,188
138,189
138,190
138,191
138,192
138,193
138,194
138,195
138,196
138,197
138,198
139,140
139,141
139,142
139,143
139,144
139,145
139,150
139,157
139,159
139,165
139,170
139,179
139,184
139,192
139,193
140,141
140,142
140,143
140,144
140,145
140,146
140,147
140,148
140,149
140,150
140,151
140,152
140,153
140,154
140,155
140,156
140,157
140,158
140,159
140,160
140,161
140,162
140,163
140,164
142,143
142,144
142,145
142,146
142,147
142,148
142,149
142,150
142,151
142,152
142,153
142,155
142,156
142,157
142,158
142,159
142,160
142,161
142,162
142,163
142,164
142,166
142,167
142,169
142,170
142,171
142,172
142,173
142,174
142,175
142,176
142,177
142,178
142,179
142,180
142,181
142,182
142,183
142,184
142,185
142,186
142,187
142,190
142,191
142,192
142,193
142,194
142,195
142,196
142,197
142,199
143,144
143,145
143,146
143,147
143,148
143,149
143,150
143,151
143,152
143,153
143,154
143,155
143,156
143,157
143,158
143,159
143,160
143,161
143,162
143,163
143,164
143,165
143,166
143,167
143,168
143,169
143,170
143,171
143,172
143,173
143,174
143,175
143,177
143,178
143,179
143,180
144,146
144,147
144,148
144,149
144,150
144,151
144,152
144,153
144,154
144,155
144,156
144,157
144,158
144,159
144,161
144,162
144,163
144,164
144,165
144,166
144,167
144,168
144,169
144,170
144,171
144,172
144,173
144,174
144,176
144,177
144,178
144,179
144,180
144,181
144,182
144,184
144,185
144,186
144,187
144,188
144,189
144,190
144,192
144,193
144,195
144,197
144,198
144,199
145,147
145,148
145,149
145,150
145,151
145,152
145,153
145,154
145,155
145,156
145,157
145,158
145,159
145,160
145,161
145,162
145,163
145,164
145,165
145,166
145,167
145,168
145,169
145,170
145,171
145,172
145,173
145,174
145,175
145,176
145,177
145,179
145,180
145,181
145,182
145,183
145,184
145,185
145,186
145,187
145,188
145,189
145,190
145,191
145,193
145,194
145,195
145,196
145,197
145,198
145,199
146,147
146,148
146,149
146,150
146,151
146,152
146,153
146,154
146,155
146,156
146,157
146,158
146,159
146,160
146,161
146,162
146,163
146,164
147,148
147,149
147,150
147,151
147,152
147,153
147,154
147,155
147,156
147,157
147,158
147,159
147,160
147,161
148,149
148,150
148,151
148,152
148,153
148,154
148,155
148,156
148,157
148,158
148,159
148,160
148,161
148,162
148,163
148,164
148,165
148,166
149,150
149,151
149,152
149,153
149,154
149,155
149,156
149,157
149,158
149,160
149,161
149,162
149,163
149,164
149,165
149,166
149,167
149,168
149,169
149,170
149,171
149,172
149,173
149,174
149,175
149,176
149,177
149,178
149,179
149,180
149,181
149,182
149,183
149,184
149,185
149,186
149,187
149,188
149,189
149,190
149,191
149,193
149,194
149,195
149,197
149,198
149,199
150,151
150,152
150,157
150,159
150,165
150,170
150,179
150,184
150,192
150,193
151,152
151,153
151,154
151,155
151,157
151,158
151,159
151,160
151,161
151,162
151,163
151,164
151,165
151,166
151,167
151,169
151,170
151,171
151,172
151,173
151,174
151,175
151,176
151,177
151,178
151,179
151,180
151,181
151,182
151,183
152,153
152,154
152,155
152,156
152,157
152,158
152,159
152,160
152,161
152,162
152,163
152,164
152,165
152,166
152,167
152,168
152,169
152,170
152,171
152,172
152,173
152,174
152,175
152,176
152,177
152,178
152,179
152,180
152,181
152,182
152,183
152,184
152,186
152,187
152,188
152,189
152,190
153,154
153,155
153,156
153,157
153,158
153,159
153,160
153,162
153,163
153,164
153,167
153,168
153,169
153,170
154,156
154,157
154,158
154,159
154,160
154,161
154,162
154,163
154,165
154,166
154,168
154,169
154,170
154,171
154,172
154,173
154,174
154,175
154,176
154,177
154,178
154,179
155,157
155,158
155,159
155,160
156,157
156,159
157,158
157,159
157,160
157,161
157,162
157,163
157,164
157,165
157,167
157,168
157,169
157,170
157,172
157,173
157,174
157,179
157,184
157,192
157,193
158,159
158,160
158,161
158,162
158,163
158,164
158,165
158,166
158,167
158,168
158,169
158,170
158,171
158,172
158,173
158,174
158,175
158,176
158,177
158,178
158,179
158,180
158,181
158,182
158,183
158,185
159,161
159,162
159,163
159,164
159,165
159,166
159,167
159,168
159,169
159,170
159,171
159,172
159,173
159,174
159,175
159,176
159,177
159,178
159,179
159,181
159,182
159,183
159,184
159,185
159,186
159,187
159,189
159,190
159,192
159,193
159,194
159,196
159,197
160,161
160,162
160,163
160,164
160,166
160,167
160,169
160,170
160,171
160,172
160,173
160,174
160,175
160,176
160,177
160,178
160,179
160,180
160,181
160,182
160,183
160,184
160,185
160,186
160,187
160,188
160,189
160,190
160,191
160,192
160,193
160,194
160,195
160,196
160,197
160,198
160,199
161,163
161,164
161,165
161,166
161,167
161,168
161,169
161,170
161,171
161,172
161,174
161,175
161,176
161,177
161,178
161,179
161,180
161,181
162,163
162,164
162,165
162,166
162,167
162,168
162,169
162,170
162,171
162,172
162,173
162,174
162,175
162,176
162,177
162,178
162,179
162,180
162,181
162,183
162,184
162,185
162,186
162,187
162,189
162,190
162,191
162,192
162,193
162,194
162,195
162,196
162,197
162,198
162,199
163,164
163,165
163,166
163,167
164,165
164,166
164,167
164,168
164,169
164,171
164,172
164,173
164,174
164,175
164,177
164,178
164,180
164,181
164,182
164,183
164,184
164,185
164,186
164,187
164,188
164,190
164,191
164,192
164,193
164,194
164,195
164,196
164,198
164,199
165,166
165,168
165,169
165,170
165,171
165,172
165,173
165,174
165,175
165,176
165,177
165,178
165,179
165,184
165,192
165,193
166,167
166,168
166,169
166,170
166,171
167,168
167,169
167,170
167,171
167,172
167,173
167,174
167,176
167,177
167,178
167,179
167,180
167,181
167,185
167,186
167,187
167,188
167,190
167,191
167,192
167,193
167,194
167,195
167,197
167,198
167,199
168,169
168,170
168,171
168,172
168,173
168,174
168,175
168,176
168,177
168,178
168,179
168,180
168,181
168,182
168,183
168,184
168,185
168,186
168,187
169,170
169,171
169,172
169,173
169,174
169,175
169,176
169,177
169,178
169,179
169,180
169,181
169,182
169,183
169,184
169,185
169,186
169,187
169,188
169,189
169,190
169,191
169,192
169,193
169,194
169,195
169,196
169,197
169,199
170,171
170,172
170,173
170,174
170,175
170,176
170,177
170,178
170,179
170,180
170,181
170,182
170,183
170,184
170,192
170,193
171,172
171,173
171,174
171,175
171,176
171,177
171,178
171,179
171,180
171,182
171,183
171,184
171,185
171,186
171,187
171,188
171,189
171,190
171,191
171,192
171,193
171,194
171,195
171,196
171,197
171,198
171,199
172,173
172,174
172,177
172,178
172,179
172,180
172,181
172,182
172,183
172,184
172,185
172,186
172,187
172,188
172,189
172,190
172,191
172,192
172,193
173,174
173,175
173,176
173,177
173,178
173,179
173,180
173,181
173,182
173,183
173,184
173,185
173,186
173,187
173,188
173,189
173,191
173,192
173,193
173,194
173,195
173,196
173,197
173,198
173,199
174,175
174,176
174,177
174,178
174,180
174,181
174,182
174,183
174,184
174,185
174,186
174,187
174,188
174,189
174,190
174,191
174,192
174,193
174,194
174,195
174,196
174,197
174,198
175,176
175,177
175,178
175,179
175,180
175,181
175,182
175,183
175,184
175,185
175,186
175,187
175,188
176,177
176,180
176,181
176,183
176,184
176,185
176,186
176,187
176,188
176,189
176,190
176,191
176,192
176,193
176,194
176,196
177,179
177,180
177,181
177,182
177,183
177,184
177,186
177,187
177,188
177,189
177,190
177,191
177,192
178,179
178,180
178,181
178,182
178,183
178,184
178,185
178,186
178,187
178,188
178,189
178,190
178,191
178,192
178,193
178,194
178,196
178,197
178,198
178,199
179,180
179,181
179,183
179,184
179,185
179,186
179,187
179,188
179,189
179,190
179,191
179,192
179,193
179,194
179,196
179,197
179,198
179,199
180,181
180,182
180,183
180,184
180,185
180,186
180,187
180,188
180,189
180,190
180,191
181,182
181,183
181,184
181,185
182,183
182,184
182,186
182,187
182,188
182,189
182,190
182,191
182,192
182,193
182,194
182,196
182,197
182,198
182,199
183,184
183,185
183,186
183,187
183,188
183,189
183,190
183,191
183,192
183,193
183,194
184,185
184,186
184,187
184,188
184,189
184,190
184,191
184,192
184,193
184,194
184,195
184,196
184,197
184,198
184,199
185,186
185,187
185,188
185,189
185,190
185,191
185,193
185,194
185,195
185,196
185,197
185,198
185,199
186,187
186,188
186,189
186,190
186,191
186,193
186,195
186,196
186,197
186,198
186,199
187,188
187,189
188,189
188,190
188,191
188,192
188,193
188,194
188,195
188,196
188,197
188,199
189,190
189,191
189,192
189,193
189,194
189,195
189,196
189,198
189,199
190,191
190,192
190,193
190,194
190,195
190,196
190,197
190,198
190,199
191,192
191,193
191,194
191,195
191,196
191,197
191,198
191,199
192,193
192,194
192,195
192,197
192,198
192,199
193,194
193,195
193,196
193,197
193,198
193,199
194,195
194,196
194,197
194,198
194,199
195,196
195,198
195,199
196,197
196,198
196,199
197,199
198,199
