0,1
0,2
0,3
0,4
0,5
0,6
0,7
0,8
0,9
0,10
0,11
0,12
0,13
0,14
0,15
0,16
0,17
0,18
0,19
0,20
0,21
0,22
0,23
0,24
0,25
0,26
0,27
0,28
0,29
0,30
0,31
0,32
0,33
0,34
0,35
0,36
0,37
0,38
0,39
0,40
0,41
0,42
0,43
0,44
0,45
0,46
0,47
0,48
0,49
0,50
0,51
0,52
0,55
0,56
0,58
0,64
0,68
0,70
0,77
0,83
0,85
0,91
0,92
0,96
0,100
0,102
0,103
0,105
0,106
0,108
0,115
0,117
0,123
0,129
0,132
0,133
0,136
0,155
0,156
0,157
0,160
0,161
0,163
0,165
0,175
0,192
0,198
1,2
1,3
1,4
1,5
1,6
1,7
1,8
1,9
1,10
1,11
1,12
1,13
1,14
1,15
1,16
1,17
1,18
1,19
1,20
1,21
1,22
1,23
1,24
1,25
1,26
1,27
1,28
1,29
1,30
1,31
1,32
1,33
1,34
1,35
1,36
1,37
1,38
1,39
1,40
1,41
1,42
1,43
1,44
1,45
1,46
1,47
1,48
1,49
1,50
1,51
1,57
1,58
1,59
1,60
1,61
2,3
2,4
2,5
2,6
2,7
2,8
2,9
2,10
2,11
2,12
2,13
2,14
2,15
2,16
2,17
2,18
2,19
2,20
2,21
2,22
2,23
2,24
2,25
2,26
2,27
2,28
2,29
2,30
2,31
2,32
2,33
2,34
2,35
2,36
2,37
2,38
2,39
2,40
2,41
2,42
2,43
2,44
2,45
2,46
2,47
2,48
2,49
2,50
2,51
2,53
2,54
2,55
2,56
2,57
2,58
2,59
2,60
2,61
2,63
2,65
2,69
2,70
2,73
2,74
2,75
2,76
2,77
2,78
2,80
3,4
3,5
3,6
3,7
3,8
3,9
3,10
3,11
3,12
3,13
3,14
3,15
3,16
3,17
3,18
3,19
3,20
3,21
3,22
3,23
3,24
3,25
3,26
3,27
3,28
3,29
3,30
3,31
3,32
3,33
3,34
3,35
3,36
3,37
3,38
3,39
3,40
3,41
3,42
3,43
3,44
3,45
3,46
3,47
3,48
3,49
3,50
3,51
3,53
3,54
3,55
3,56
3,57
3,58
3,59
3,60
3,61
3,63
3,65
3,67
3,68
3,69
3,70
3,71
3,73
3,74
3,75
3,76
4,5
4,6
4,7
4,8
4,9
4,10
4,11
4,12
4,13
4,14
4,15
4,16
4,17
4,18
4,19
4,20
4,21
4,22
4,23
4,24
4,25
4,26
4,27
4,28
4,29
4,30
4,31
4,32
4,33
4,34
4,35
4,36
4,37
4,38
4,39
4,40
4,41
4,42
4,43
4,44
4,45
4,46
4,47
4,48
4,49
4,50
4,51
4,53
4,54
4,55
4,56
4,57
4,58
4,59
4,60
4,61
4,62
4,63
4,65
4,67
4,68
4,69
4,70
4,71
4,72
4,73
4,74
4,75
4,76
4,77
4,78
4,79
4,80
4,82
4,84
4,85
4,86
4,87
4,88
4,89
4,90
4,91
4,93
4,95
4,96
4,97
4,98
4,99
4,100
4,101
4,102
4,103
4,104
4,106
4,107
4,109
4,110
4,111
4,113
4,114
4,115
4,116
4,117
4,118
4,119
4,120
4,121
4,124
4,125
4,126
4,127
4,128
4,129
4,130
4,132
4,134
4,135
4,136
4,137
4,138
4,139
4,140
4,142
4,145
4,146
4,147
4,148
4,149
4,150
4,151
4,152
4,153
4,154
4,155
4,156
4,157
4,158
4,159
4,160
4,161
4,163
4,164
4,165
4,167
4,168
4,169
4,170
4,171
4,172
4,173
4,174
4,175
4,176
4,177
4,178
4,179
4,180
4,181
4,183
4,184
4,185
4,186
4,187
4,188
4,189
4,190
4,191
4,192
4,193
4,194
4,195
5,6
5,7
5,8
5,9
5,10
5,11
5,12
5,13
5,14
5,15
5,16
5,17
5,18
5,19
5,20
5,21
5,22
5,23
5,24
5,25
5,26
5,27
5,28
5,29
5,30
5,31
5,32
5,33
5,34
5,35
5,36
5,37
5,38
5,39
5,40
5,41
5,42
5,43
5,44
5,45
5,46
5,47
5,48
5,49
5,50
5,51
5,52
5,53
5,54
5,55
5,56
5,57
5,58
5,59
5,60
5,61
5,62
5,63
5,64
5,65
5,66
5,67
5,68
5,69
5,70
5,71
5,72
6,7
6,8
6,9
6,10
6,11
6,12
6,13
6,14
6,15
6,16
6,17
6,18
6,19
6,20
6,21
6,22
6,23
6,24
6,25
6,26
6,27
6,28
6,29
6,30
6,31
6,32
6,33
6,34
6,35
6,36
6,37
6,38
6,39
6,40
6,41
6,42
6,43
6,44
6,45
6,46
6,47
6,48
6,49
6,50
6,51
6,52
6,53
6,54
6,55
6,56
6,57
6,58
6,59
6,60
6,61
6,62
6,63
6,64
6,65
6,66
6,67
6,68
6,69
6,70
6,71
6,72
6,73
6,74
6,75
6,76
6,77
6,78
6,79
6,80
6,81
6,82
6,83
6,84
6,85
6,86
6,87
6,88
6,89
6,90
6,91
6,92
6,93
6,95
6,96
6,97
6,98
6,99
6,100
6,101
6,102
7,8
7,9
7,10
7,11
7,12
7,13
7,14
7,15
7,16
7,17
7,18
7,19
7,20
7,21
7,22
7,23
7,24
7,25
7,26
7,27
7,28
7,29
7,30
7,31
7,32
7,33
7,34
7,35
7,36
7,37
7,38
7,39
7,40
7,41
7,42
7,43
7,44
7,45
7,46
7,47
7,48
7,49
7,50
7,51
7,52
7,53
7,54
7,55
7,56
7,57
7,58
7,59
7,60
7,61
7,62
7,63
7,64
7,65
7,66
7,67
7,68
7,69
7,70
7,71
7,72
7,73
7,74
7,75
7,76
7,77
7,78
7,79
7,80
7,81
7,82
7,83
7,84
7,85
7,86
7,87
7,88
7,89
7,90
7,91
7,92
7,93
7,95
7,96
7,97
7,98
7,99
7,100
7,101
7,102
7,103
7,104
7,105
7,106
7,107
7,108
7,109
7,110
7,111
7,113
7,114
7,115
7,116
7,117
7,118
7,119
7,120
7,121
7,122
7,123
7,124
7,125
7,126
7,127
7,128
7,129
7,130
7,131
7,132
7,133
7,134
7,135
8,9
8,10
8,11
8,12
8,13
8,14
8,15
8,16
8,17
8,18
8,19
8,20
8,21
8,22
8,23
8,24
8,25
8,26
8,27
8,28
8,29
8,30
8,31
8,32
8,33
8,34
8,35
8,36
8,37
8,38
8,39
8,40
8,41
8,42
8,43
8,44
8,45
8,46
8,47
8,48
8,49
8,50
8,51
8,52
8,53
8,54
8,55
8,56
8,57
8,58
8,59
8,60
8,61
8,62
8,63
8,64
8,65
8,66
8,67
8,68
8,69
8,70
8,71
8,72
8,73
8,74
8,75
8,76
8,77
8,78
8,79
8,80
8,81
8,82
8,83
8,84
8,85
9,10
9,11
9,12
9,13
9,14
9,15
9,16
9,17
9,18
9,19
9,20
9,21
9,22
9,23
9,24
9,25
9,26
9,27
9,28
9,29
9,30
9,31
9,32
9,33
9,34
9,35
9,36
9,37
9,38
9,39
9,40
9,41
9,42
9,43
9,44
9,45
9,46
9,47
9,48
9,49
9,50
9,51
9,52
9,53
9,54
9,55
9,56
9,57
9,58
9,59
9,60
9,61
9,62
9,63
9,64
9,65
9,66
9,67
9,68
9,69
9,70
9,71
9,72
9,73
9,74
9,75
9,76
9,77
9,78
9,79
9,80
9,81
9,82
9,83
9,84
9,85
9,86
9,88
9,89
9,90
9,91
9,92
9,93
9,95
9,96
9,97
9,98
9,99
9,100
9,101
9,102
9,103
9,104
9,105
9,106
9,107
9,108
9,109
9,110
9,111
9,112
9,113
9,114
9,115
9,116
9,117
9,118
9,119
9,120
9,121
9,122
9,123
9,124
9,125
9,126
9,127
9,128
9,129
9,130
9,131
9,132
9,133
9,134
9,135
9,136
9,137
9,138
9,139
9,140
9,141
9,142
9,143
9,144
9,146
9,147
9,148
9,149
9,150
9,151
9,152
9,153
9,154
9,156
9,157
9,158
9,159
9,160
9,161
9,162
9,163
9,164
9,165
9,166
9,167
9,168
9,169
9,170
9,171
9,172
9,173
9,174
9,175
9,176
9,177
9,178
9,179
9,180
9,182
9,183
9,184
9,185
9,186
9,187
9,188
9,189
9,190
9,191
9,192
9,193
9,194
9,195
9,196
9,197
9,199
10,11
10,12
10,13
10,14
10,15
10,16
10,17
10,18
10,19
10,20
10,21
10,22
10,23
10,24
10,25
10,26
10,27
10,28
10,29
10,30
10,31
10,32
10,33
10,34
10,35
10,36
10,37
10,38
10,39
10,40
10,41
10,42
10,43
10,44
10,45
10,46
10,47
10,48
10,49
10,50
10,51
10,52
10,53
10,54
10,55
10,56
10,57
10,58
10,59
10,60
10,61
10,62
10,63
10,64
10,65
11,12
11,13
11,14
11,15
11,16
11,17
11,18
11,19
11,20
11,21
11,22
11,23
11,24
11,25
11,26
11,27
11,28
11,29
11,30
11,31
11,32
11,33
11,34
11,35
11,36
11,37
11,38
11,39
11,40
11,41
11,42
11,43
11,44
11,45
11,46
11,47
11,48
11,49
11,50
11,51
11,54
11,55
11,56
11,57
11,58
11,59
11,60
11,61
11,62
11,63
11,64
11,65
11,66
11,67
11,68
11,69
11,70
11,71
11,72
11,73
11,74
11,75
11,76
11,77
11,78
11,79
11,80
11,81
11,82
11,83
11,84
11,85
11,86
11,88
11,89
11,90
11,91
11,92
11,93
11,95
11,96
11,97
12,13
12,14
12,15
12,16
12,17
12,18
12,19
12,20
12,21
12,22
12,23
12,24
12,25
12,26
12,27
12,28
12,29
12,30
12,31
12,32
12,33
12,34
12,35
12,36
12,37
12,38
12,39
12,40
12,41
12,42
12,43
12,44
12,45
12,46
12,47
12,48
12,49
12,50
12,51
12,52
12,53
12,54
12,55
12,56
12,57
12,58
12,59
12,60
12,61
12,62
12,63
12,64
12,65
12,66
12,67
12,68
12,69
12,70
12,71
12,72
12,73
12,74
12,75
12,76
12,77
12,78
12,79
12,80
12,81
12,82
12,83
12,84
12,85
12,86
12,87
12,88
13,14
13,15
13,16
13,17
13,18
13,19
13,20
13,21
13,22
13,23
13,24
13,25
13,26
13,27
13,28
13,29
13,30
13,31
13,32
13,33
13,34
13,35
13,36
13,37
13,38
13,39
13,40
13,41
13,42
13,43
13,44
13,45
13,46
13,47
13,48
13,49
13,50
13,51
13,52
13,54
13,55
13,56
13,57
13,58
13,59
13,60
13,61
13,62
13,63
13,64
13,65
13,66
13,67
13,68
13,69
13,70
13,71
13,72
13,73
13,74
13,75
13,76
13,77
13,78
13,79
13,80
13,81
13,82
13,83
13,84
13,85
13,86
13,87
13,88
13,89
13,90
13,91
13,92
13,93
13,94
13,95
13,96
13,97
13,98
13,99
13,100
13,101
13,102
13,103
13,104
13,105
13,106
13,107
13,108
13,109
13,110
13,111
13,112
13,113
13,114
13,115
13,116
13,117
13,118
13,119
13,120
13,121
13,122
13,123
13,124
13,125
13,126
13,127
13,128
13,129
13,132
13,133
13,136
13,155
13,156
13,157
13,160
13,161
13,163
13,165
13,175
13,192
13,198
14,15
14,16
14,17
14,18
14,19
14,20
14,21
14,22
14,23
14,24
14,25
14,26
14,27
14,28
14,29
14,30
14,31
14,32
14,33
14,34
14,35
14,36
14,37
14,38
14,39
14,40
14,41
14,42
14,43
14,44
14,45
14,46
14,47
14,48
14,49
14,50
14,51
14,52
14,53
14,54
14,55
14,56
14,57
14,58
14,59
14,60
14,61
14,62
14,63
14,64
14,65
14,66
14,67
14,68
14,69
14,70
14,71
14,72
14,73
14,74
14,75
14,76
14,77
14,78
14,79
14,80
14,81
14,82
14,83
14,84
14,85
14,86
14,87
14,88
14,89
14,90
14,91
14,92
14,93
14,94
14,95
14,96
14,97
14,98
14,99
14,100
14,102
14,103
14,105
14,106
14,108
14,115
14,117
14,123
14,129
14,132
14,133
14,136
14,155
14,156
14,157
14,160
14,161
14,163
14,165
14,175
14,192
14,198
15,16
15,17
15,18
15,19
15,20
15,21
15,22
15,23
15,24
15,25
15,26
15,27
15,28
15,29
15,30
15,31
15,32
15,33
15,34
15,35
15,36
15,37
15,38
15,39
15,40
15,41
15,42
15,43
15,44
15,45
15,46
15,47
15,48
15,49
15,50
15,51
15,52
15,53
15,54
15,55
15,56
15,57
15,58
15,59
15,60
15,61
15,62
15,63
15,64
15,65
15,66
15,67
15,68
15,69
15,70
15,71
15,72
15,73
15,74
15,75
15,76
15,77
15,78
15,79
15,80
15,81
15,82
15,83
15,84
15,85
15,86
15,87
15,88
15,89
15,90
15,91
15,92
15,93
15,94
15,95
15,96
15,97
15,98
15,99
15,100
15,101
15,102
15,103
15,104
15,105
15,106
15,107
15,108
15,109
15,110
15,111
15,112
15,113
15,114
15,115
15,116
15,117
15,118
15,119
15,120
15,121
15,122
15,123
15,124
15,125
15,126
15,127
15,128
15,129
15,130
15,131
15,132
15,133
15,134
15,136
15,137
15,139
15,140
15,141
15,142
15,143
15,144
15,145
15,146
15,147
15,148
15,149
15,150
15,151
15,152
15,153
15,154
15,155
15,156
15,157
15,158
15,159
15,160
15,161
15,162
15,163
15,164
15,165
15,166
15,167
15,168
15,175
15,192
15,198
16,17
16,18
16,19
16,20
16,21
16,22
16,23
16,24
16,25
16,26
16,27
16,28
16,29
16,30
16,31
16,32
16,33
16,34
16,35
16,36
16,37
16,38
16,39
16,40
16,41
16,42
16,43
16,44
16,45
16,46
16,47
16,48
16,49
16,50
16,51
16,53
16,54
16,55
16,56
16,57
16,58
16,59
16,60
16,61
16,62
16,63
16,64
16,65
16,66
16,67
16,68
16,69
16,70
16,71
16,72
16,73
16,74
16,75
16,76
16,77
16,78
16,79
16,80
16,81
16,82
16,83
16,84
16,85
16,86
16,87
16,88
16,89
16,90
16,91
16,92
16,93
16,94
16,95
16,96
16,97
16,98
16,99
16,100
16,101
16,102
16,103
16,104
16,107
16,108
16,109
16,110
16,111
17,18
17,19
17,20
17,21
17,22
17,23
17,24
17,25
17,26
17,27
17,28
17,29
17,30
17,31
17,32
17,33
17,34
17,35
17,36
17,37
17,38
17,39
17,40
17,41
17,42
17,43
17,44
17,45
17,46
17,47
17,48
17,49
17,50
17,51
17,52
17,55
17,56
17,57
17,58
17,59
17,60
17,61
17,62
17,63
17,64
17,65
17,66
17,67
17,68
17,69
17,70
17,71
17,72
17,73
17,74
17,75
17,77
17,83
17,85
17,91
17,92
17,96
17,100
17,102
17,103
17,105
17,106
17,108
17,115
17,117
17,123
17,129
17,132
17,133
17,136
17,155
17,156
17,157
17,160
17,161
17,163
17,165
17,175
17,192
17,198
18,19
18,20
18,21
18,22
18,23
18,24
18,25
18,26
18,27
18,28
18,29
18,30
18,31
18,32
18,33
18,34
18,35
18,36
18,37
18,38
18,39
18,40
18,41
18,42
18,43
18,44
18,45
18,46
18,47
18,48
18,49
18,50
18,51
18,52
18,53
18,54
18,55
18,56
18,58
18,60
18,61
18,62
18,63
18,64
18,65
18,66
18,67
18,68
18,69
18,70
18,71
18,72
18,73
18,74
18,75
18,76
18,77
18,78
18,79
18,81
18,82
18,83
18,84
18,85
18,86
18,87
18,88
18,89
18,90
18,91
18,92
18,93
18,94
18,95
18,96
18,97
18,98
18,99
18,100
18,101
18,102
18,103
18,104
18,105
18,106
18,107
18,108
18,109
18,110
18,111
18,112
18,113
18,114
18,115
18,116
18,117
18,118
18,119
18,120
18,121
18,122
18,123
18,124
18,126
18,127
18,128
18,129
18,130
18,131
18,132
18,133
18,134
18,135
18,136
18,137
18,138
18,139
18,140
18,141
18,142
18,143
18,144
18,145
18,146
18,147
18,148
18,149
18,150
18,151
18,152
18,153
18,154
18,155
18,156
18,157
18,160
18,161
18,163
18,165
18,175
18,192
18,198
19,20
19,21
19,22
19,23
19,24
19,25
19,26
19,27
19,28
19,29
19,30
19,31
19,32
19,33
19,34
19,35
19,36
19,37
19,38
19,39
19,40
19,41
19,42
19,43
19,44
19,45
19,46
19,47
19,48
19,49
19,50
19,51
19,54
19,55
19,56
19,57
19,58
19,59
19,60
19,61
19,62
19,63
19,64
19,65
19,66
19,67
19,68
19,69
19,70
19,71
19,72
19,73
19,74
19,75
19,76
19,77
19,78
19,79
19,80
19,81
19,82
19,83
19,84
19,85
19,86
19,87
19,88
19,89
19,90
19,91
19,92
19,93
19,94
19,95
19,96
19,97
19,98
19,99
19,100
19,101
19,102
19,104
19,105
19,106
19,107
19,108
19,109
19,110
19,111
19,112
19,113
19,114
19,115
19,116
19,117
19,118
19,119
19,120
19,121
19,122
19,123
19,124
19,125
19,126
19,127
19,128
19,129
19,131
19,132
19,133
19,134
19,135
19,136
20,21
20,22
20,23
20,24
20,25
20,26
20,27
20,28
20,29
20,30
20,31
20,32
20,33
20,34
20,35
20,36
20,37
20,38
20,39
20,40
20,41
20,42
20,43
20,44
20,45
20,46
20,47
20,48
20,49
20,50
20,51
20,52
20,53
20,54
20,55
20,56
20,57
20,58
20,59
21,22
21,23
21,24
21,25
21,26
21,27
21,28
21,29
21,30
21,31
21,32
21,33
21,34
21,35
21,36
21,37
21,38
21,39
21,40
21,41
21,42
21,43
21,44
21,45
21,46
21,47
21,48
21,49
21,50
21,51
21,54
21,55
21,56
21,57
21,58
21,59
21,60
21,61
21,62
21,63
21,64
21,65
21,66
21,67
21,68
21,69
21,70
21,71
21,72
21,73
21,74
21,75
21,76
21,77
21,78
21,79
21,80
21,81
21,82
21,83
21,84
21,85
21,86
21,87
21,88
21,89
21,90
21,91
21,92
21,93
22,23
22,24
22,25
22,26
22,27
22,28
22,29
22,30
22,31
22,32
22,33
22,34
22,35
22,36
22,37
22,38
22,39
22,40
22,41
22,42
22,43
22,44
22,45
22,46
22,47
22,48
22,49
22,50
22,51
22,52
22,55
22,56
22,57
22,58
22,59
22,60
22,61
22,62
22,63
22,64
22,65
22,66
22,67
22,68
22,69
22,70
22,71
22,72
22,73
22,74
22,75
22,76
22,77
22,78
22,79
22,80
22,81
22,82
22,83
22,84
22,85
22,91
22,92
22,96
22,100
22,102
22,103
22,105
22,106
22,108
22,115
22,117
22,123
22,129
22,132
22,133
22,136
22,155
22,156
22,157
22,160
22,161
22,163
22,165
22,175
22,192
22,198
23,24
23,25
23,26
23,27
23,28
23,29
23,30
23,31
23,32
23,33
23,34
23,35
23,36
23,37
23,38
23,39
23,40
23,41
23,42
23,43
23,44
23,45
23,46
23,47
23,48
23,49
23,50
23,51
23,52
23,53
23,54
23,55
23,56
23,57
23,58
23,59
23,60
23,61
23,62
23,63
23,64
23,65
23,66
23,67
23,68
23,69
23,70
23,71
23,72
23,73
23,74
23,75
23,76
23,77
23,78
23,79
23,80
23,81
23,82
23,83
23,84
23,85
23,86
23,87
23,88
23,89
23,90
23,91
23,92
23,93
23,94
23,96
23,97
23,98
23,99
23,100
23,101
23,102
23,103
23,104
23,105
23,106
23,107
23,108
23,109
23,110
23,111
23,112
23,114
23,115
23,116
23,117
23,118
23,119
23,120
23,121
23,122
23,123
23,124
23,125
23,126
23,127
23,128
23,129
23,130
23,131
23,132
23,134
23,135
23,136
23,137
23,138
23,139
23,140
23,141
23,143
23,144
23,145
23,146
23,147
23,148
23,149
23,150
23,151
23,152
23,153
23,154
23,155
23,156
23,157
23,158
23,159
23,160
23,161
23,162
23,163
23,164
23,165
23,166
23,167
23,168
23,169
23,170
23,171
23,172
23,173
23,174
23,175
23,176
23,178
23,180
23,181
23,182
23,183
23,184
23,185
23,186
23,188
23,189
23,190
23,191
23,192
23,193
23,194
23,195
23,196
23,197
23,199
24,25
24,26
24,27
24,28
24,29
24,30
24,31
24,32
24,33
24,34
24,35
24,36
24,37
24,38
24,39
24,40
24,41
24,42
24,43
24,44
24,45
24,46
24,47
24,48
24,49
24,50
24,51
24,52
24,53
24,54
24,55
24,56
24,57
24,58
24,59
24,60
24,61
24,62
24,63
24,64
24,65
24,66
24,67
24,68
24,69
24,70
24,71
24,73
24,74
24,75
24,76
24,77
24,78
24,79
24,80
24,81
24,82
24,83
24,84
24,85
24,86
24,87
25,26
25,27
25,28
25,29
25,30
25,31
25,32
25,33
25,34
25,35
25,36
25,37
25,38
25,39
25,40
25,41
25,42
25,43
25,44
25,45
25,46
25,47
25,48
25,49
25,50
25,51
25,52
25,53
25,54
25,55
25,56
25,57
25,58
25,59
25,60
25,61
25,62
25,63
25,64
25,65
25,67
25,68
25,69
25,70
25,71
25,72
25,73
25,74
25,75
25,76
25,77
25,78
25,79
25,80
25,81
25,82
25,83
25,84
25,85
25,86
25,87
25,88
25,89
25,90
25,91
25,92
25,93
25,94
25,95
25,96
25,97
25,98
25,99
25,100
25,101
25,102
25,103
25,104
25,105
25,106
25,107
25,108
25,109
25,110
25,111
25,112
25,113
25,114
25,115
25,117
25,118
25,119
25,120
25,121
25,122
25,123
25,124
25,125
25,126
25,127
25,128
25,129
25,130
25,131
25,132
25,133
25,136
25,155
25,156
25,157
25,160
25,161
25,163
25,165
25,175
25,192
25,198
26,27
26,28
26,29
26,30
26,31
26,32
26,33
26,34
26,35
26,36
26,37
26,38
26,39
26,40
26,41
26,42
26,43
26,44
26,45
26,46
26,47
26,48
26,49
26,50
26,51
26,52
26,55
26,56
26,57
26,58
26,59
26,60
26,61
26,62
26,63
26,64
26,65
26,66
26,67
26,68
26,69
26,70
26,71
26,72
26,73
26,74
26,75
26,76
26,77
26,78
26,79
26,80
26,81
26,82
26,83
26,84
26,85
26,86
26,87
26,88
26,89
26,90
26,91
26,92
26,93
26,94
26,95
26,96
26,97
26,98
26,99
26,100
26,101
26,102
26,103
26,104
26,105
26,106
26,107
26,108
26,109
26,110
26,111
26,112
26,113
26,114
26,115
26,116
26,117
26,118
26,119
26,120
26,121
26,122
26,123
26,125
26,126
26,127
26,128
26,129
26,130
26,131
26,132
26,133
26,134
26,135
26,136
26,137
26,138
26,139
26,140
26,141
26,142
26,143
26,144
26,145
26,146
26,147
26,148
26,149
26,150
26,151
26,152
26,153
26,154
26,155
26,156
26,157
26,158
26,159
26,160
26,161
26,163
26,164
26,165
26,166
26,167
26,169
26,171
26,172
26,173
26,174
26,175
26,176
26,177
26,178
26,179
26,180
26,181
26,182
26,183
26,184
26,185
26,186
26,187
26,188
26,189
26,190
26,191
26,192
26,193
26,194
26,195
26,196
26,197
26,198
27,28
27,29
27,30
27,31
27,32
27,33
27,34
27,35
27,36
27,37
27,38
27,39
27,40
27,41
27,42
27,43
27,44
27,45
27,46
27,47
27,48
27,49
27,50
27,51
27,52
27,54
27,55
27,56
27,57
27,58
27,59
27,60
27,61
27,62
27,63
27,64
27,65
27,66
27,67
27,68
27,69
27,70
27,77
27,83
27,85
27,91
27,92
27,96
27,100
27,102
27,103
27,105
27,106
27,108
27,115
27,117
27,123
27,129
27,132
27,133
27,136
27,155
27,156
27,157
27,160
27,161
27,163
27,165
27,175
27,192
27,198
28,29
28,30
28,31
28,32
28,33
28,34
28,35
28,36
28,37
28,38
28,39
28,40
28,41
28,42
28,43
28,44
28,45
28,46
28,47
28,48
28,49
28,50
28,51
28,53
28,54
28,55
28,56
29,30
29,31
29,32
29,33
29,34
29,35
29,36
29,37
29,38
29,39
29,40
29,41
29,42
29,43
29,44
29,45
29,46
29,47
29,48
29,49
29,50
29,51
29,52
29,54
29,55
29,56
29,58
29,59
29,60
29,61
29,62
29,63
29,64
29,68
29,70
29,77
29,83
29,85
29,91
29,92
29,96
29,100
29,102
29,103
29,105
29,106
29,108
29,115
29,117
29,123
29,129
29,132
29,133
29,136
29,155
29,156
29,157
29,160
29,161
29,163
29,165
29,175
29,192
29,198
30,31
30,32
30,33
30,34
30,35
30,36
30,37
30,38
30,39
30,40
30,41
30,42
30,43
30,44
30,45
30,46
30,47
30,48
30,49
30,50
30,51
30,53
30,54
30,55
31,32
31,33
31,34
31,35
31,36
31,37
31,38
31,39
31,40
31,41
31,42
31,43
31,44
31,45
31,46
31,47
31,48
31,49
31,50
31,51
31,52
31,53
31,54
31,55
31,56
31,57
31,58
31,59
31,60
31,61
31,62
31,63
31,64
31,65
31,66
31,67
31,68
31,69
31,70
31,71
31,72
31,73
31,74
31,75
31,76
31,77
31,78
31,79
31,80
31,81
31,82
31,83
31,84
31,85
31,86
31,87
31,88
31,89
31,90
31,91
31,92
31,93
31,94
31,95
31,96
31,97
31,98
31,99
31,100
31,101
31,102
31,103
31,104
31,105
31,106
31,107
31,108
31,109
31,110
31,111
31,112
31,113
31,114
31,115
31,116
31,117
31,118
31,119
31,120
31,121
31,122
31,123
31,124
31,125
31,126
31,127
31,128
31,129
31,130
31,131
31,132
31,134
31,135
31,136
31,137
31,138
32,33
32,34
32,35
32,36
32,37
32,38
32,39
32,40
32,41
32,42
32,43
32,44
32,45
32,46
32,47
32,48
32,49
32,50
32,51
32,55
32,56
32,57
32,58
32,59
32,60
33,34
33,35
33,36
33,37
33,38
33,39
33,40
33,41
33,42
33,43
33,44
33,45
33,46
33,47
33,48
33,49
33,50
33,51
33,56
33,57
33,58
33,59
33,60
33,61
33,62
33,63
33,64
33,65
33,66
34,35
34,36
34,37
34,38
34,39
34,40
34,41
34,42
34,43
34,44
34,45
34,46
34,47
34,48
34,49
34,50
34,51
34,52
34,53
34,54
34,55
34,56
34,57
34,58
34,59
34,60
34,61
34,62
34,63
34,64
34,65
34,66
34,67
34,68
34,69
34,70
34,71
34,72
34,73
34,74
34,75
34,76
34,77
34,78
34,79
34,80
34,81
34,82
34,83
34,84
34,85
34,86
34,87
34,88
34,89
34,90
34,91
34,92
34,93
34,94
34,95
34,96
34,97
34,98
34,99
34,100
34,101
34,102
34,103
34,104
34,105
34,106
34,108
34,115
34,117
34,123
34,129
34,132
34,133
34,136
34,155
34,156
34,157
34,160
34,161
34,163
34,165
34,175
34,192
34,198
35,36
35,37
35,38
35,39
35,40
35,41
35,42
35,43
35,44
35,45
35,46
35,47
35,48
35,49
35,50
35,51
35,52
35,53
35,54
35,55
35,56
35,57
35,58
35,59
35,60
35,61
35,62
35,63
35,64
35,65
35,66
35,67
35,68
35,69
35,70
35,71
35,72
35,73
35,74
35,75
35,76
35,77
35,78
35,79
35,80
35,81
35,82
35,83
35,84
35,85
35,86
35,87
35,88
35,89
35,90
35,91
35,92
35,93
35,94
35,95
35,96
35,97
35,98
35,99
35,100
35,101
35,102
35,103
35,104
35,105
35,106
35,107
35,108
35,109
35,110
35,111
35,112
35,113
35,114
35,115
35,116
35,117
35,118
35,119
35,120
35,121
35,123
35,129
35,132
35,133
35,136
35,155
35,156
35,157
35,160
35,161
35,163
35,165
35,175
35,192
35,198
36,37
36,38
36,39
36,40
36,41
36,42
36,43
36,44
36,45
36,46
36,47
36,48
36,49
36,50
36,51
36,53
36,54
36,55
36,56
36,57
36,58
36,59
36,60
36,61
36,62
36,63
36,64
36,65
36,66
36,67
36,68
36,69
36,70
36,71
36,72
36,73
36,74
37,38
37,39
37,40
37,41
37,42
37,43
37,44
37,45
37,46
37,47
37,48
37,49
37,50
37,51
37,52
37,55
37,56
37,58
37,64
37,68
37,70
37,77
37,83
37,85
37,91
37,92
37,96
37,100
37,102
37,103
37,105
37,106
37,108
37,115
37,117
37,123
37,129
37,132
37,133
37,136
37,155
37,156
37,157
37,160
37,161
37,163
37,165
37,175
37,192
37,198
38,39
38,40
38,41
38,42
38,43
38,44
38,45
38,46
38,47
38,48
38,49
38,50
38,51
38,55
38,56
38,57
38,58
38,59
38,60
38,61
39,40
39,41
39,42
39,43
39,44
39,45
39,46
39,47
39,48
39,49
39,50
40,41
40,42
40,43
40,44
40,45
40,46
40,47
40,48
40,49
40,50
40,51
40,52
40,53
40,54
40,55
40,56
40,57
40,58
40,59
40,60
40,61
40,62
40,63
40,64
40,65
40,66
40,67
40,68
40,69
40,70
40,71
40,72
40,73
40,74
40,75
40,76
40,77
40,78
40,79
40,80
40,81
40,82
40,83
40,84
40,85
40,86
40,87
40,88
40,89
40,90
40,91
40,92
40,93
40,94
40,95
40,96
41,42
41,43
41,44
41,45
41,46
41,47
41,48
41,49
41,50
41,51
41,53
41,54
41,55
41,56
41,57
41,58
41,59
41,60
41,61
41,62
41,63
41,64
41,65
41,66
41,67
41,68
41,69
41,70
41,71
41,72
41,73
41,74
41,75
41,76
41,77
41,78
41,79
41,80
41,81
41,82
41,83
41,84
41,85
41,86
41,87
41,88
41,89
41,90
41,91
41,92
41,93
41,94
41,95
41,96
41,97
41,98
41,99
41,101
41,102
41,103
41,104
41,105
41,106
41,107
41,109
41,110
42,43
42,44
42,45
42,46
42,47
42,48
42,49
42,50
42,51
42,52
42,53
42,54
42,55
42,56
42,57
42,58
42,59
42,60
42,61
42,62
42,63
42,64
42,65
42,66
42,67
42,68
42,69
42,70
42,71
42,72
42,73
42,74
42,75
42,76
42,77
42,78
42,79
42,80
42,81
42,82
42,83
42,84
42,85
42,86
42,87
42,88
42,89
42,90
42,91
42,92
42,93
42,94
42,95
42,96
42,97
42,98
42,99
42,100
42,101
42,102
42,103
42,104
42,105
42,106
43,44
43,45
43,46
43,47
43,48
43,49
43,50
43,51
43,53
43,54
43,55
43,56
43,57
43,58
43,59
43,60
43,61
43,62
43,63
43,64
43,65
43,66
43,67
43,68
43,69
43,70
43,71
43,72
43,73
43,74
43,75
43,76
43,77
43,80
43,81
43,82
43,83
43,84
43,85
43,86
43,87
43,88
43,89
43,90
43,91
43,92
43,93
43,94
43,95
43,96
43,97
43,98
43,99
43,100
43,101
43,102
43,103
43,104
43,105
43,106
43,107
43,108
43,109
43,110
43,111
43,112
43,113
43,114
43,115
43,116
43,117
43,118
43,119
44,45
44,46
44,47
44,48
44,49
44,50
44,51
44,53
44,54
44,55
44,56
44,57
44,58
44,59
44,60
44,61
44,62
44,63
44,64
45,46
45,47
45,48
45,49
45,50
45,51
45,52
45,55
45,56
45,58
45,64
45,68
45,70
45,77
45,83
45,85
45,91
45,92
45,96
45,100
45,102
45,103
45,105
45,106
45,108
45,115
45,117
45,123
45,129
45,132
45,133
45,136
45,155
45,156
45,157
45,160
45,161
45,163
45,165
45,175
45,192
45,198
46,47
46,48
46,49
46,50
46,51
46,55
46,57
46,58
46,59
46,60
46,61
46,62
46,64
46,65
46,66
46,67
46,68
46,69
47,48
47,49
47,50
47,51
47,52
47,53
47,54
47,55
47,56
47,57
47,58
48,49
48,50
48,51
48,53
48,54
48,55
48,56
48,57
48,58
48,59
48,60
48,61
48,62
48,63
48,64
48,65
48,66
48,67
48,68
48,69
48,70
48,71
48,72
48,73
48,74
48,75
48,76
48,77
48,78
48,79
48,80
48,81
48,82
48,83
48,84
48,85
48,86
48,87
48,88
48,89
48,90
48,91
48,92
48,93
48,94
48,95
48,96
48,97
48,98
48,99
48,100
48,101
48,102
48,103
48,104
48,105
48,106
48,107
48,108
48,109
48,110
48,111
48,112
48,113
48,114
48,115
48,116
49,50
49,51
49,54
49,55
49,56
49,57
49,58
49,59
49,60
49,61
49,62
49,63
49,64
49,65
49,66
49,67
49,68
49,69
49,70
49,71
49,72
49,73
49,74
49,75
49,76
49,77
49,78
49,79
49,80
49,81
49,82
49,84
49,85
49,86
49,87
49,88
49,89
49,90
49,91
49,92
49,93
49,94
49,95
49,96
49,97
49,98
49,99
49,100
49,101
49,102
49,103
49,104
49,105
49,106
49,107
49,108
49,109
49,110
49,111
49,112
49,113
49,114
50,51
51,52
51,55
51,56
51,57
51,58
51,59
51,60
51,61
51,62
51,63
51,64
51,65
51,66
51,67
51,68
51,69
51,70
51,71
51,72
51,73
51,74
51,75
51,76
51,77
51,78
51,79
51,80
51,81
51,82
51,83
51,84
51,85
51,86
51,87
51,88
51,89
51,90
51,91
51,92
51,96
51,100
51,102
51,103
51,105
51,106
51,108
51,115
51,117
51,123
51,129
51,132
51,133
51,136
51,155
51,156
51,157
51,160
51,161
51,163
51,165
51,175
51,192
51,198
52,53
52,54
52,55
52,56
52,58
52,59
52,60
52,61
52,62
52,63
52,64
52,65
52,66
52,67
52,68
52,69
52,70
52,71
52,72
52,74
52,76
52,77
52,78
52,79
52,80
52,81
52,82
52,83
52,85
52,86
52,87
52,88
52,89
52,90
52,91
52,92
52,93
52,94
52,95
52,96
52,97
52,98
52,99
52,100
52,101
52,102
52,103
52,104
52,105
52,106
52,107
52,108
52,109
52,110
52,111
52,112
52,113
52,114
52,115
52,116
52,117
52,118
52,119
52,120
52,123
52,129
52,132
52,133
52,136
52,155
52,156
52,157
52,160
52,161
52,163
52,165
52,175
52,192
52,198
53,54
53,55
53,56
53,57
54,55
54,56
54,57
54,58
54,59
54,60
54,61
54,62
54,63
54,64
54,65
54,66
54,67
54,68
54,69
54,70
54,71
54,72
54,73
54,74
54,75
54,76
54,77
54,78
54,79
54,80
54,81
54,82
54,83
54,84
54,85
54,86
54,87
54,88
54,89
54,90
54,91
54,92
54,93
54,94
54,95
54,96
54,97
54,98
54,99
54,100
54,101
54,102
54,103
54,104
54,105
55,56
55,57
55,58
55,59
55,60
55,61
55,62
55,63
55,64
55,65
55,66
55,67
55,68
55,70
55,77
55,83
55,85
55,91
55,92
55,96
55,100
55,102
55,103
55,105
55,106
55,108
55,115
55,117
55,123
55,129
55,132
55,133
55,136
55,155
55,156
55,157
55,160
55,161
55,163
55,165
55,175
55,192
55,198
56,57
56,58
56,59
56,60
56,61
56,62
56,63
56,64
56,65
56,66
56,67
56,68
56,70
56,77
56,83
56,85
56,91
56,92
56,96
56,100
56,102
56,103
56,105
56,106
56,108
56,115
56,117
56,123
56,129
56,132
56,133
56,136
56,155
56,156
56,157
56,160
56,161
56,163
56,165
56,175
56,192
56,198
57,58
57,59
57,60
57,61
57,62
57,63
57,64
57,66
57,67
57,68
57,69
57,70
57,71
57,72
57,73
57,74
57,75
57,76
57,77
57,78
57,79
57,80
57,81
57,82
57,83
57,84
57,85
57,86
57,87
57,88
57,89
57,90
57,91
57,92
57,93
57,94
57,95
57,96
57,97
57,98
57,99
57,100
57,101
57,102
57,103
57,104
57,106
57,107
57,108
57,109
57,110
57,111
57,112
57,113
57,114
57,115
57,116
57,117
57,118
57,119
57,120
57,121
57,122
57,123
57,124
57,125
57,126
57,127
57,128
57,130
57,131
57,132
57,133
57,134
57,135
57,136
57,137
57,138
57,139
57,140
57,141
57,142
57,144
57,146
57,147
57,148
57,149
57,150
57,151
57,152
57,153
57,154
57,156
57,157
57,158
57,159
57,160
57,161
57,162
57,163
57,164
57,165
57,167
57,168
57,169
57,170
57,171
57,172
57,173
57,174
57,175
57,177
57,178
57,179
57,180
57,182
57,183
57,184
57,185
57,186
57,187
57,188
57,189
57,190
57,191
57,192
57,194
57,195
57,198
57,199
58,59
58,60
58,61
58,62
58,63
58,64
58,65
58,66
58,67
58,68
58,69
58,70
58,71
58,72
58,73
58,74
58,75
58,76
58,77
58,78
58,79
58,80
58,83
58,85
58,91
58,92
58,96
58,100
58,102
58,103
58,105
58,106
58,108
58,115
58,117
58,123
58,129
58,132
58,133
58,136
58,155
58,156
58,157
58,160
58,161
58,163
58,165
58,175
58,192
58,198
59,60
59,61
59,62
59,63
59,64
59,65
59,66
59,67
59,68
59,69
59,70
59,71
59,72
59,73
59,74
59,75
59,76
59,77
59,78
59,79
59,80
59,81
59,82
59,83
59,84
59,85
59,86
59,87
59,88
59,89
59,90
59,91
59,92
59,93
59,94
59,95
59,96
59,97
59,98
59,99
59,100
59,101
59,102
59,103
59,104
59,105
59,106
59,107
59,108
59,109
59,110
59,111
59,112
59,113
59,114
59,115
59,116
59,117
59,118
59,119
59,120
59,121
59,122
59,123
59,124
59,125
59,126
59,128
59,129
59,130
59,131
59,132
59,133
59,134
59,135
59,136
59,137
59,138
59,139
59,140
59,141
59,142
59,143
59,144
59,145
59,146
59,147
59,148
59,149
59,150
59,151
59,152
59,153
59,156
59,157
59,158
59,159
59,160
59,161
59,162
59,163
59,164
59,165
59,166
59,167
59,168
59,169
59,170
59,171
59,172
59,173
59,174
59,175
59,176
59,177
59,178
59,179
59,180
59,181
59,182
59,183
59,184
59,185
59,186
59,187
59,188
59,189
59,190
59,191
59,192
59,194
59,195
59,196
59,198
59,199
60,61
60,62
60,63
60,64
60,65
60,66
60,67
60,68
60,69
60,70
60,71
60,72
60,73
60,74
60,75
60,76
60,77
60,78
60,79
60,80
60,81
60,82
60,83
60,84
60,85
60,86
60,87
60,88
60,89
60,90
60,91
60,92
60,93
60,94
60,95
60,96
60,97
60,98
60,99
60,100
60,101
60,102
60,103
60,104
60,105
60,106
60,107
60,108
60,109
60,110
60,111
60,112
60,113
60,114
60,115
60,116
60,117
60,118
61,62
61,63
61,64
61,65
61,66
61,67
61,68
61,69
61,70
61,71
61,72
61,73
61,74
61,75
61,76
61,77
61,78
61,79
61,80
61,81
61,82
61,83
61,84
61,85
61,86
61,87
61,88
61,89
61,90
61,91
61,92
61,93
61,94
61,95
61,96
61,97
61,98
61,99
61,100
61,101
61,102
61,103
61,104
61,105
61,106
61,107
61,108
61,109
61,110
61,111
61,112
61,113
61,114
61,115
61,116
61,117
61,118
61,119
61,120
61,121
61,122
61,123
61,124
61,125
61,126
61,127
61,128
61,129
61,130
61,131
61,132
61,133
61,134
61,135
61,136
61,137
61,138
61,139
61,140
61,141
61,142
61,144
61,145
61,146
61,147
61,148
61,149
61,150
61,151
61,152
61,153
61,154
61,155
61,156
61,157
61,158
61,159
61,160
61,161
61,162
61,163
61,164
61,165
61,166
61,167
61,168
61,169
61,170
61,171
61,172
61,173
61,174
61,175
61,176
61,177
61,178
61,179
61,180
61,181
61,182
61,183
61,184
62,64
62,65
62,66
62,67
62,68
62,69
62,70
62,71
63,64
63,65
63,66
63,67
63,68
63,69
63,70
63,71
63,72
63,73
63,74
63,75
63,76
63,77
63,78
63,79
64,65
64,66
64,67
64,68
64,69
64,70
64,71
64,72
64,73
64,74
64,75
64,76
64,77
64,78
64,79
64,80
64,81
64,82
64,83
64,84
64,85
64,86
64,87
64,88
64,89
64,90
64,91
64,92
64,94
64,95
64,96
64,97
64,98
64,99
64,100
64,102
64,103
64,105
64,106
64,108
64,115
64,117
64,123
64,129
64,132
64,133
64,136
64,155
64,156
64,157
64,160
64,161
64,163
64,165
64,175
64,192
64,198
65,66
65,67
65,68
65,69
65,70
65,71
65,72
65,73
65,74
65,75
65,76
65,77
66,67
66,68
66,69
66,70
66,71
66,72
66,73
66,74
66,75
66,76
66,77
66,78
66,79
66,80
66,81
66,82
66,83
66,84
66,85
66,86
66,87
66,88
66,89
66,90
66,92
67,68
67,69
67,70
67,71
67,72
67,73
67,74
67,75
67,76
67,77
67,78
67,79
67,80
67,81
67,82
67,83
67,84
67,85
67,86
67,87
67,88
67,89
67,90
67,91
68,69
68,70
68,71
68,72
68,73
68,74
68,75
68,76
68,77
68,78
68,79
68,80
68,81
68,82
68,83
68,84
68,85
68,86
68,91
68,92
68,96
68,100
68,102
68,103
68,105
68,106
68,108
68,115
68,117
68,123
68,129
68,132
68,133
68,136
68,155
68,156
68,157
68,160
68,161
68,163
68,165
68,175
68,192
68,198
69,70
69,71
69,72
69,73
69,74
69,75
69,76
69,77
69,78
69,79
69,80
69,81
69,82
69,83
69,84
69,85
69,86
69,87
69,88
69,89
69,90
69,91
69,92
69,93
69,94
69,95
69,98
69,99
69,100
69,101
69,102
69,103
69,104
69,105
69,106
69,107
69,108
69,109
69,110
69,111
69,112
69,113
69,114
69,115
69,116
69,118
69,119
69,120
69,121
69,122
69,124
69,125
69,126
69,127
69,128
69,129
69,131
69,132
69,133
69,135
69,137
69,138
69,139
69,140
69,141
69,142
69,143
69,144
69,145
69,146
69,147
69,148
69,149
69,150
69,151
69,152
69,153
69,154
69,155
69,156
69,157
69,158
69,159
69,160
69,161
69,162
69,163
69,164
69,165
69,166
69,167
69,168
69,169
69,170
69,171
69,172
69,173
69,174
69,175
69,176
69,177
69,178
69,179
69,180
69,182
69,183
69,184
69,185
69,186
69,187
69,188
69,189
69,190
69,191
69,192
69,193
69,195
69,196
69,197
69,198
69,199
70,71
70,72
70,73
70,74
70,75
70,76
70,77
70,78
70,79
70,80
70,81
70,82
70,83
70,84
70,85
70,86
70,87
70,88
70,89
70,90
70,91
70,92
70,93
70,94
70,96
70,100
70,102
70,103
70,105
70,106
70,108
70,115
70,117
70,123
70,129
70,132
70,133
70,136
70,155
70,156
70,157
70,160
70,161
70,163
70,165
70,175
70,192
70,198
71,72
71,73
72,73
72,74
72,75
72,76
72,77
72,78
72,79
72,80
72,81
72,82
72,83
72,84
72,85
72,86
72,87
72,88
72,89
72,90
72,91
72,92
72,93
72,94
72,95
72,96
72,97
72,98
72,99
72,100
72,101
72,102
72,103
73,74
73,75
73,76
73,77
73,78
73,79
73,80
73,81
73,82
73,83
73,84
73,85
73,86
73,87
73,88
73,89
73,90
73,91
73,92
73,93
73,94
73,95
73,96
73,97
73,98
73,99
73,100
73,101
73,102
73,103
73,104
73,105
73,106
73,107
73,108
73,109
73,110
73,111
73,112
73,113
73,114
73,115
73,116
73,117
73,118
73,119
73,120
73,121
73,122
73,123
73,124
73,125
73,126
73,127
73,128
73,129
73,130
73,131
73,133
73,134
73,135
73,136
73,137
73,138
73,139
73,140
73,141
73,142
73,143
73,144
73,145
73,146
73,147
73,148
73,149
73,150
73,151
73,152
73,153
73,155
73,156
73,157
73,158
73,159
73,160
73,161
73,162
73,163
73,164
73,165
73,166
73,167
73,168
73,170
73,171
73,172
73,174
73,175
73,176
73,177
73,178
73,179
73,180
73,181
73,182
73,183
73,184
73,185
73,186
73,187
73,188
73,189
73,190
73,191
73,192
73,193
73,194
73,195
73,196
73,197
73,198
73,199
74,75
74,76
74,77
74,78
74,79
74,80
74,81
74,82
74,83
74,84
74,85
74,86
74,87
74,88
74,89
74,90
74,91
74,92
74,93
74,94
74,95
74,96
74,97
74,98
74,99
74,100
74,101
74,102
74,103
74,104
74,105
74,106
74,107
74,108
74,109
74,110
74,111
74,113
74,114
74,115
74,116
74,117
74,118
74,119
74,120
74,121
74,122
74,123
74,124
74,125
74,126
74,127
74,128
74,129
74,130
74,131
74,133
74,134
74,135
74,136
74,137
74,138
74,139
74,140
74,141
74,142
74,143
74,144
74,145
74,146
74,147
74,149
74,150
74,151
74,152
74,153
74,154
74,155
74,156
74,157
74,158
75,76
75,77
75,78
76,77
76,78
76,79
76,80
76,81
76,82
76,83
76,84
76,85
76,86
76,87
76,88
76,89
76,90
76,91
76,92
76,93
76,94
76,95
76,96
76,97
76,98
76,99
76,100
76,101
76,102
76,103
76,104
76,105
76,106
76,107
76,108
76,109
76,110
76,111
76,112
76,113
76,114
76,115
76,116
76,117
76,118
76,119
76,120
76,121
76,122
76,123
76,124
76,125
76,126
76,127
76,128
76,129
76,130
76,131
76,132
76,133
76,134
76,135
76,136
76,137
76,138
76,139
76,140
76,141
76,142
76,143
76,144
76,145
76,146
76,147
76,148
76,149
76,150
76,151
76,152
76,153
76,154
76,155
76,156
76,157
76,158
76,159
76,160
76,161
76,162
76,163
76,164
76,165
76,166
76,167
76,168
76,169
76,170
76,171
76,172
76,173
76,174
76,175
76,176
76,178
76,179
76,180
76,181
76,182
76,183
76,184
76,185
76,186
76,187
76,188
76,189
76,190
76,191
76,192
76,193
76,194
76,195
76,196
76,197
76,198
76,199
77,78
77,79
77,80
77,81
77,82
77,83
77,84
77,85
77,86
77,87
77,88
77,89
77,90
77,91
77,92
77,93
77,94
77,95
77,96
77,97
77,98
77,99
77,100
77,101
77,102
77,103
77,104
77,105
77,106
77,107
77,108
77,109
77,110
77,111
77,112
77,113
77,114
77,115
77,116
77,117
77,118
77,119
77,120
77,121
77,123
77,124
77,125
77,126
77,127
77,128
77,129
77,130
77,131
77,132
77,133
77,134
77,135
77,136
77,137
77,138
77,139
77,140
77,141
77,142
77,143
77,144
77,145
77,146
77,147
77,148
77,149
77,155
77,156
77,157
77,160
77,161
77,163
77,165
77,175
77,192
77,198
78,79
78,80
78,81
78,82
78,83
78,84
78,85
78,86
78,87
78,88
78,89
78,90
78,91
78,92
78,93
78,94
78,95
78,96
78,97
78,98
78,99
78,100
78,101
78,102
78,103
78,104
78,105
78,106
78,107
78,108
78,109
78,110
78,111
78,112
78,113
78,114
78,115
78,116
78,117
78,118
78,119
78,120
78,121
78,122
78,123
78,124
78,125
78,126
78,127
78,128
78,129
78,130
78,131
78,132
78,133
78,134
78,135
78,136
78,137
78,138
78,139
78,140
78,141
78,142
78,143
78,144
78,145
78,146
78,147
78,148
78,149
78,150
78,152
78,153
78,154
78,155
78,156
78,157
78,158
78,159
78,160
78,161
78,162
78,163
78,164
78,165
78,166
78,167
78,168
78,169
78,170
78,171
78,172
78,173
78,174
78,175
78,176
78,177
78,178
78,179
78,180
78,181
78,182
78,184
78,185
78,186
78,187
78,188
78,189
78,190
78,191
78,192
78,193
78,194
78,195
78,196
78,197
78,199
79,80
79,81
79,82
79,83
79,84
79,85
79,86
79,87
79,88
79,89
79,90
79,91
79,92
79,93
79,94
79,95
79,96
79,97
79,98
79,99
79,100
79,101
79,102
79,103
79,105
79,106
79,107
79,108
79,109
79,110
79,111
79,112
79,113
79,114
79,115
79,116
79,117
79,118
79,119
79,120
79,121
79,122
79,123
79,124
79,125
79,126
80,81
80,82
80,83
80,84
80,85
80,86
80,87
80,88
80,89
80,90
80,91
80,92
80,93
80,94
80,95
80,96
80,97
80,98
80,99
80,100
80,101
80,102
80,103
80,104
80,105
80,106
80,107
80,108
80,109
80,110
80,111
80,112
80,113
80,114
80,115
80,116
80,117
80,118
80,119
80,120
80,121
80,122
80,123
80,124
80,125
80,126
80,127
81,82
82,83
82,84
82,85
82,86
82,87
82,88
82,89
82,90
82,91
82,92
82,93
82,94
82,95
82,96
82,97
82,98
82,99
82,100
82,101
82,102
82,104
82,105
82,106
82,107
82,108
82,109
83,85
83,91
83,92
83,96
83,100
83,102
83,103
83,105
83,106
83,108
83,115
83,117
83,123
83,129
83,132
83,133
83,136
83,155
83,156
83,157
83,160
83,161
83,163
83,165
83,175
83,192
83,198
84,85
84,86
84,87
84,88
84,89
84,90
84,92
84,93
84,94
84,95
84,96
84,97
84,98
84,99
84,100
84,101
84,102
84,103
84,104
84,105
84,106
84,107
84,108
84,109
84,110
84,111
84,112
84,113
84,114
84,115
84,116
84,117
84,118
84,119
84,120
84,121
84,122
84,123
84,124
84,125
84,126
84,127
84,128
84,129
84,130
84,131
84,132
84,133
84,134
84,135
84,136
84,137
84,138
84,139
85,86
85,87
85,88
85,89
85,91
85,92
85,96
85,100
85,102
85,103
85,105
85,106
85,108
85,115
85,117
85,123
85,129
85,132
85,133
85,136
85,155
85,156
85,157
85,160
85,161
85,163
85,165
85,175
85,192
85,198
86,87
86,88
86,89
86,90
86,91
86,92
86,93
86,94
86,95
86,96
86,97
86,98
87,88
87,89
87,90
87,91
87,92
87,93
87,94
87,95
87,96
87,97
87,98
87,99
87,100
87,101
87,102
87,103
87,104
87,105
87,106
87,107
87,108
87,109
87,110
87,111
87,112
87,113
87,114
87,115
87,116
87,117
87,118
87,119
87,120
87,121
87,122
87,123
88,89
88,90
88,91
88,92
88,93
88,94
88,95
88,96
88,97
88,98
88,99
88,100
88,101
88,102
88,103
88,104
88,105
88,106
88,107
88,108
88,109
88,110
88,111
88,112
88,113
88,114
88,115
88,116
88,117
88,118
88,119
88,120
88,121
88,122
88,123
88,124
88,125
88,126
88,127
88,128
88,129
88,130
88,131
88,132
88,133
88,134
88,135
88,136
88,137
88,138
88,139
88,140
88,141
89,90
89,91
89,92
89,93
89,94
89,95
89,96
89,97
89,98
89,99
89,100
89,101
89,102
89,103
89,104
89,105
89,106
89,107
89,108
89,109
89,110
89,111
89,112
89,113
89,114
89,115
89,116
89,117
89,118
89,119
89,120
89,121
89,122
89,123
89,124
89,125
89,126
89,127
89,128
89,129
89,130
89,131
89,132
89,133
89,134
89,135
89,136
89,137
89,138
89,139
89,140
89,141
89,142
89,143
89,144
89,145
89,146
89,147
90,91
90,92
90,93
90,94
90,95
90,96
90,97
90,98
90,99
90,100
90,101
90,102
90,103
90,104
90,105
90,106
90,107
90,108
90,109
90,110
90,111
90,112
90,113
90,114
90,115
90,116
90,117
90,118
90,119
90,120
90,121
90,122
90,123
90,124
90,125
90,126
90,127
90,128
90,129
90,130
90,131
90,132
90,133
90,134
90,135
90,136
90,137
90,138
90,139
90,140
90,141
90,142
90,143
90,144
90,145
90,146
90,147
90,148
90,149
90,150
90,151
90,152
90,153
90,154
90,155
90,156
90,157
90,158
90,159
90,160
90,162
90,163
90,164
90,165
90,166
90,167
90,169
90,170
90,171
90,172
90,173
90,174
90,175
90,176
90,177
90,178
90,179
90,180
90,181
90,182
90,183
90,184
90,185
90,186
90,187
90,188
90,189
90,190
90,191
90,192
90,193
90,194
90,195
90,196
90,197
90,198
90,199
91,92
91,93
91,94
91,95
91,96
91,97
91,98
91,99
91,100
91,101
91,102
91,103
91,104
91,105
91,106
91,107
91,108
91,109
91,110
91,111
91,112
91,113
91,114
91,115
91,116
91,117
91,118
91,119
91,120
91,121
91,122
91,123
91,124
91,125
91,126
91,127
91,128
91,129
91,130
91,131
91,132
91,133
91,134
91,135
91,136
91,137
91,138
91,139
91,140
91,141
91,142
91,143
91,144
91,145
91,146
91,147
91,148
91,149
91,151
91,152
91,153
91,154
91,155
91,156
91,157
91,158
91,159
91,160
91,161
91,162
91,163
91,164
91,165
91,166
91,167
91,168
91,169
91,170
91,171
91,172
91,173
91,174
91,175
91,176
91,177
91,178
91,179
91,180
91,181
91,182
91,183
91,184
91,185
91,186
91,192
91,198
92,93
92,94
92,95
92,96
92,100
92,102
92,103
92,105
92,106
92,108
92,115
92,117
92,123
92,129
92,132
92,133
92,136
92,155
92,156
92,157
92,160
92,161
92,163
92,165
92,175
92,192
92,198
93,94
93,95
93,96
93,97
93,98
93,99
93,100
93,101
93,102
93,103
93,104
93,105
93,106
93,107
93,108
93,109
93,110
93,111
93,112
93,113
93,114
93,115
93,116
93,117
93,118
93,119
93,120
93,121
93,122
93,123
93,124
93,125
93,126
93,127
93,128
93,129
93,130
93,131
93,132
93,133
93,134
93,135
93,136
93,137
93,138
93,139
93,140
93,141
93,142
93,143
93,144
93,145
93,146
93,148
93,149
93,150
93,151
93,152
93,153
93,154
93,155
93,156
93,157
93,158
93,159
93,160
93,161
93,162
93,163
93,164
94,95
94,96
94,97
94,98
94,99
94,100
94,101
95,96
95,97
95,98
95,99
95,100
95,101
95,102
95,103
95,104
95,105
95,106
95,107
95,108
95,109
95,110
95,111
95,112
95,113
95,114
95,115
95,116
95,117
95,118
95,119
95,120
95,121
95,122
95,123
95,124
95,125
95,126
95,127
95,128
95,129
95,130
95,131
95,132
95,133
95,134
95,135
95,136
95,137
95,138
95,139
95,140
95,141
95,142
95,143
95,144
95,145
95,146
95,147
95,148
95,149
95,150
95,151
95,152
95,153
95,154
95,155
95,156
95,157
95,158
95,159
95,160
95,161
95,162
95,163
95,164
95,165
95,166
96,97
96,98
96,99
96,100
96,101
96,102
96,103
96,104
96,105
96,106
96,107
96,108
96,115
96,117
96,123
96,129
96,132
96,133
96,136
96,155
96,156
96,157
96,160
96,161
96,163
96,165
96,175
96,192
96,198
97,98
97,99
97,100
97,101
97,102
97,103
97,104
97,105
97,106
97,107
97,108
97,109
97,110
97,111
97,112
97,113
97,114
97,115
97,116
97,117
97,118
97,119
97,120
97,121
97,122
97,123
97,124
97,125
97,126
97,127
97,128
97,129
97,130
97,131
97,132
97,133
97,134
97,135
97,136
97,137
97,138
97,139
97,140
97,141
97,142
97,143
97,144
97,145
97,146
97,147
97,148
97,149
97,150
97,151
97,152
97,153
97,154
97,155
97,156
97,157
97,158
97,159
97,160
97,161
97,162
97,163
97,164
97,165
97,166
97,167
97,168
97,169
97,170
97,171
97,172
97,173
97,174
97,175
97,176
97,177
97,178
97,180
97,181
97,182
97,183
97,184
97,185
97,186
97,187
97,188
97,189
97,190
97,191
97,192
97,193
97,194
97,195
97,196
97,197
97,198
97,199
98,99
98,100
98,101
98,102
98,103
98,104
98,105
98,106
98,107
99,100
99,101
99,102
99,103
99,104
99,105
99,106
99,107
99,108
99,109
99,110
99,111
99,113
99,115
99,117
99,118
99,119
99,120
99,121
99,122
100,101
100,102
100,103
100,104
100,105
100,106
100,107
100,108
100,109
100,110
100,111
100,112
100,113
100,114
100,115
100,116
100,117
100,118
100,119
100,120
100,121
100,122
100,123
100,124
100,125
100,126
100,127
100,128
100,129
100,130
100,131
100,132
100,133
100,134
100,135
100,136
100,137
100,138
100,139
100,140
100,141
100,142
100,143
100,144
100,146
100,147
100,148
100,149
100,150
100,151
100,152
100,153
100,155
100,156
100,157
100,158
100,159
100,160
100,161
100,162
100,163
100,165
100,166
100,167
100,168
100,169
100,170
100,172
100,173
100,174
100,175
100,176
100,177
100,178
100,179
100,180
100,181
100,182
100,183
100,184
100,185
100,186
100,187
100,188
100,189
100,190
100,191
100,192
100,193
100,194
100,195
100,196
100,197
100,198
100,199
101,102
101,103
101,104
101,105
101,106
101,107
101,108
101,109
101,110
101,111
101,112
102,103
102,104
102,105
102,106
102,107
102,108
102,109
102,110
102,111
102,112
102,113
102,114
102,115
102,116
102,117
102,118
102,119
102,120
102,121
102,122
102,123
102,124
102,125
102,126
102,127
102,128
102,129
102,130
102,131
102,132
102,133
102,134
102,135
102,136
102,137
102,138
102,139
102,140
102,141
102,142
102,143
102,144
102,145
102,146
102,147
102,148
102,149
102,150
102,151
102,152
102,153
102,154
102,155
102,156
102,157
102,158
102,159
102,160
102,161
102,162
102,163
102,164
102,165
102,175
102,192
102,198
103,104
103,105
103,106
103,107
103,108
103,109
103,110
103,111
103,112
103,113
103,114
103,115
103,116
103,117
103,118
103,119
103,120
103,121
103,122
103,123
103,124
103,125
103,126
103,127
103,128
103,129
103,130
103,131
103,132
103,133
103,134
103,135
103,136
103,137
103,138
103,139
103,140
103,141
103,142
103,143
103,144
103,145
103,146
103,147
103,148
103,149
103,150
103,151
103,152
103,153
103,154
103,155
103,156
103,157
103,158
103,159
103,160
103,161
103,162
103,163
103,164
103,165
103,166
103,167
103,168
103,169
103,170
103,171
103,172
103,173
103,174
103,175
103,176
103,177
103,178
103,179
103,180
103,181
103,182
103,184
103,185
103,186
103,187
103,188
103,189
103,190
103,191
103,192
103,193
103,194
103,195
103,196
103,197
103,198
103,199
104,105
104,106
104,107
104,108
104,109
104,110
104,111
104,112
104,113
104,114
104,115
104,116
104,117
105,106
105,107
105,108
105,109
105,110
105,111
105,112
105,113
105,114
105,115
105,116
105,117
105,119
105,120
105,121
105,122
105,123
105,124
105,125
105,126
105,127
105,128
105,129
105,130
105,131
105,132
105,133
105,134
105,135
105,136
105,137
105,138
105,140
105,141
105,142
105,143
105,144
105,145
105,146
105,147
105,148
105,149
105,150
105,151
105,152
105,153
105,154
105,155
105,156
105,157
105,160
105,161
105,163
105,165
105,175
105,192
105,198
106,107
106,108
106,109
106,110
106,111
106,112
106,113
106,114
106,115
106,116
106,117
106,118
106,119
106,120
106,121
106,122
106,123
106,124
106,125
106,126
106,127
106,128
106,129
106,130
106,131
106,132
106,133
106,134
106,135
106,136
106,137
106,138
106,139
106,140
106,141
106,142
106,143
106,144
106,145
106,146
106,147
106,148
106,155
106,156
106,157
106,160
106,161
106,163
106,165
106,175
106,192
106,198
107,108
107,109
107,110
107,111
107,112
107,113
107,114
107,115
108,109
108,110
108,111
108,112
108,113
108,114
108,115
108,116
108,117
108,118
108,119
108,120
108,121
108,122
108,123
108,124
108,125
108,126
108,127
108,128
108,129
108,130
108,131
108,132
108,133
108,134
108,135
108,136
108,137
108,138
108,139
108,140
108,141
108,142
108,143
108,144
108,145
108,146
108,147
108,148
108,149
108,150
108,151
108,152
108,153
108,154
108,155
108,156
108,157
108,158
108,159
108,160
108,161
108,162
108,163
108,164
108,165
108,166
108,167
108,168
108,169
108,170
108,171
108,172
108,173
108,174
108,175
108,176
108,177
108,178
108,179
108,181
108,182
108,184
108,185
108,192
108,198
109,110
109,111
109,112
109,113
109,114
109,115
109,116
109,117
109,118
109,119
109,120
109,121
109,122
109,123
109,124
109,125
109,126
109,127
109,128
109,130
109,131
109,132
109,133
109,134
109,135
109,136
109,137
109,138
109,139
109,140
109,141
109,142
109,143
109,144
109,145
109,146
109,147
109,148
109,149
109,150
109,151
109,152
109,153
109,155
109,156
109,157
109,158
109,159
109,160
109,161
110,111
110,112
110,113
110,114
110,115
110,116
110,117
110,118
110,119
110,120
110,121
110,122
110,123
110,124
110,125
110,126
110,127
110,128
110,129
110,130
110,131
110,132
110,133
110,134
110,135
110,136
110,137
110,138
110,139
110,140
110,141
110,142
110,143
110,144
110,145
110,146
110,147
110,148
110,149
110,150
110,151
110,152
110,153
110,154
110,155
110,156
110,157
110,158
110,159
110,160
110,161
110,162
110,163
110,164
110,165
110,166
110,167
110,168
110,169
110,170
110,171
110,172
110,173
110,174
110,175
110,176
110,177
110,178
110,179
110,180
110,181
110,182
110,183
110,184
110,185
110,186
110,187
110,188
110,189
110,191
110,192
110,193
110,194
110,195
110,196
110,197
110,198
110,199
111,112
111,113
111,114
111,115
111,116
111,117
111,118
111,119
111,120
111,121
111,122
111,123
111,124
111,125
111,126
111,127
111,128
111,129
111,130
111,131
111,132
111,133
111,134
111,135
111,136
111,137
111,138
111,139
111,140
111,141
111,142
111,143
111,144
111,145
111,146
111,147
111,148
111,149
111,150
111,151
111,152
111,153
111,154
111,155
111,156
111,157
111,158
111,159
111,160
111,161
111,162
111,163
111,164
111,165
111,166
111,167
111,168
111,169
111,170
111,171
111,172
111,173
111,174
111,175
111,176
111,177
111,178
111,179
111,180
111,181
111,182
112,113
113,114
113,115
113,116
113,117
113,118
113,119
113,120
113,121
113,122
113,123
113,124
113,125
113,126
113,127
113,128
113,129
113,130
113,131
113,132
113,133
113,134
113,135
113,136
113,137
113,138
113,139
113,140
113,141
113,142
113,143
113,144
113,145
113,146
113,147
113,148
113,149
113,150
113,151
113,152
113,153
114,115
114,116
114,117
114,118
114,119
114,120
114,121
114,122
114,123
114,124
114,125
114,126
114,127
114,128
114,129
114,130
114,131
114,132
114,133
114,134
114,135
114,136
114,137
114,138
114,139
114,140
114,141
114,142
114,143
114,144
114,145
114,146
114,147
114,148
114,149
114,150
114,151
114,152
114,153
114,154
114,155
114,156
114,157
114,158
114,159
114,160
114,161
114,162
114,164
114,165
114,166
114,167
114,168
114,169
114,170
114,171
114,172
114,173
114,174
114,175
114,177
114,178
114,179
114,180
114,181
114,182
114,183
114,184
114,185
114,186
114,187
114,188
114,189
114,190
114,191
114,192
114,193
114,194
114,195
114,196
114,197
114,198
114,199
115,116
115,117
115,118
115,119
115,120
115,121
115,122
115,123
115,124
115,125
115,126
115,127
115,128
115,129
115,130
115,131
115,132
115,133
115,134
115,135
115,136
115,137
115,138
115,139
115,140
115,141
115,142
115,143
115,144
115,146
115,147
115,148
115,149
115,150
115,151
115,153
115,154
115,155
115,156
115,157
115,158
115,159
115,160
115,161
115,162
115,163
115,165
115,175
115,192
115,198
116,117
116,118
116,119
116,120
116,121
116,122
116,123
116,124
116,125
116,126
116,127
116,128
116,129
116,130
116,131
116,132
116,133
116,134
116,135
116,136
116,137
116,138
116,139
116,140
116,141
116,142
116,143
116,144
116,145
116,146
116,147
116,148
116,149
116,150
116,151
116,152
117,118
117,119
117,120
117,121
117,122
117,123
117,124
117,125
117,129
117,132
117,133
117,136
117,155
117,156
117,157
117,160
117,161
117,163
117,165
117,175
117,192
117,198
118,119
118,120
118,121
118,122
118,123
118,124
119,120
119,121
119,122
119,123
119,124
119,125
119,126
119,127
119,128
119,129
119,130
119,131
119,132
119,133
119,134
119,135
119,136
119,137
119,138
119,139
119,140
119,141
119,142
119,143
119,144
119,145
119,146
119,147
119,149
119,150
119,151
119,152
119,153
119,154
119,155
119,156
119,157
119,158
119,159
119,160
119,161
119,162
119,163
119,165
119,166
119,167
119,168
119,169
119,170
119,171
119,172
119,173
119,174
119,175
119,176
119,177
119,178
119,179
119,180
120,121
120,122
120,123
120,124
120,125
120,126
120,127
120,128
120,129
120,130
120,131
120,132
120,133
120,134
120,135
120,136
120,137
120,138
120,139
120,140
120,141
120,142
120,143
120,144
120,145
120,146
120,147
120,148
120,149
120,150
120,151
120,152
120,153
120,154
120,155
120,156
120,157
120,158
120,159
120,160
120,161
120,162
120,163
120,164
120,165
120,166
120,167
120,169
120,171
120,172
120,173
120,174
120,175
120,176
120,177
120,178
120,179
120,180
120,181
120,182
120,183
120,184
120,185
120,186
120,187
120,188
120,189
120,190
120,191
120,192
120,194
120,195
120,196
120,197
120,199
121,122
121,123
121,124
121,125
121,126
121,127
121,128
121,129
121,130
121,131
121,132
121,133
122,123
122,124
122,125
122,126
122,127
122,128
122,129
122,130
122,131
122,132
122,133
122,134
122,135
122,136
122,137
122,138
122,139
122,140
122,141
122,142
122,143
122,144
122,145
122,146
122,147
122,148
122,149
122,150
122,151
123,124
123,125
123,126
123,127
123,128
123,129
123,130
123,131
123,132
123,133
123,134
123,135
123,136
123,137
123,138
123,139
123,140
123,141
123,142
123,143
123,144
123,145
123,146
123,147
123,148
123,149
123,150
123,151
123,152
123,153
123,154
123,155
123,156
123,157
123,158
123,159
123,160
123,161
123,162
123,163
123,164
123,165
123,166
123,167
123,168
123,175
123,192
123,198
124,125
124,126
124,127
124,128
124,129
124,130
124,131
124,132
124,133
124,134
124,135
124,136
124,137
124,138
124,139
124,140
124,141
124,142
124,143
124,144
124,145
124,146
124,147
124,148
124,149
124,150
124,151
124,152
124,153
124,154
124,155
124,156
124,157
124,158
124,159
124,160
124,161
124,162
124,163
124,164
124,165
124,166
124,167
124,168
124,169
124,170
124,171
124,172
124,173
124,174
124,175
124,176
124,177
124,178
124,179
124,180
124,181
124,182
124,183
124,184
124,185
124,186
124,187
124,188
124,190
124,191
124,192
124,193
124,194
124,195
124,196
124,197
124,198
124,199
125,126
125,127
125,128
125,129
125,130
126,127
126,128
126,129
126,130
126,131
126,132
126,133
126,134
126,135
126,136
126,137
126,138
126,139
126,140
126,141
126,142
126,143
127,128
128,129
128,130
128,131
128,132
128,133
128,134
128,135
128,136
128,137
128,138
128,139
128,140
129,130
129,131
129,132
129,133
129,134
129,135
129,136
129,137
129,138
129,139
129,140
129,141
129,142
129,143
129,144
129,145
129,146
129,147
129,148
129,149
129,150
129,151
129,152
129,153
129,154
129,155
129,156
129,157
129,159
129,160
129,161
129,162
129,163
129,164
129,165
129,166
129,167
129,168
129,170
129,171
129,172
129,173
129,174
129,175
129,176
129,177
129,178
129,179
129,180
129,181
129,182
129,183
129,185
129,186
129,187
129,188
129,189
129,190
129,191
129,192
129,193
129,194
129,195
129,196
129,197
129,198
129,199
130,131
130,132
130,133
130,134
130,135
130,136
130,137
130,138
130,139
130,140
130,141
130,142
130,143
130,144
130,145
130,146
130,147
130,148
130,149
130,150
130,151
130,152
130,153
130,154
130,155
130,156
130,157
130,158
130,159
130,160
130,161
130,162
130,163
130,164
130,165
130,166
130,167
130,168
130,169
130,170
130,171
130,172
130,173
130,174
130,175
130,176
130,177
130,178
131,132
132,133
132,134
132,135
132,136
132,137
132,138
132,139
132,140
132,141
132,142
132,143
132,144
132,145
132,146
132,147
132,148
132,149
132,150
132,155
132,156
132,157
132,160
132,161
132,163
132,165
132,175
132,192
132,198
133,134
133,136
133,155
133,156
133,157
133,160
133,161
133,163
133,165
133,175
133,192
133,198
134,135
134,136
134,137
134,138
134,139
134,140
134,141
134,142
134,143
134,144
134,145
134,146
134,147
134,148
134,149
134,150
134,151
134,152
134,153
134,154
134,155
134,156
134,157
134,158
134,159
134,160
134,161
134,162
134,163
134,164
134,165
134,166
134,167
134,168
134,169
134,170
134,171
134,172
134,173
134,174
134,175
134,176
134,177
134,178
134,179
134,180
134,181
134,182
134,183
134,184
134,185
134,186
134,187
134,188
134,189
134,190
134,191
134,192
134,193
134,194
134,195
134,196
134,197
134,198
134,199
135,136
135,137
135,138
135,139
135,140
135,141
135,142
135,143
135,144
135,145
135,146
135,147
135,148
135,149
135,150
135,151
135,152
135,153
135,154
135,155
135,156
135,157
135,158
135,159
135,160
135,161
135,163
135,164
135,165
135,166
135,167
135,168
135,169
135,170
135,171
135,172
135,173
135,174
135,175
135,176
135,177
135,178
135,179
135,180
135,181
135,182
135,183
135,184
135,185
135,186
135,187
135,188
135,189
135,190
135,191
135,192
135,193
135,194
135,195
135,196
135,197
135,198
135,199
136,137
136,155
136,156
136,157
136,160
136,161
136,163
136,165
136,175
136,192
136,198
137,138
137,139
137,140
137,141
137,142
137,143
137,144
137,145
137,146
137,147
137,148
137,149
137,150
137,151
137,152
137,153
137,154
138,139
138,140
138,141
138,142
138,143
138,144
138,145
138,146
138,147
138,148
138,149
138,150
138,151
138,152
138,153
138,154
138,155
138,156
138,157
138,158
138,159
138,160
138,161
138,162
138,163
138,164
138,165
138,166
138,167
138,168
138,169
138,170
138,171
138,172
138,173
138,174
138,175
139,140
139,141
139,142
139,143
139,144
139,145
139,146
139,147
139,148
139,149
139,150
139,151
139,152
139,153
139,154
139,155
139,156
139,157
139,158
139,159
140,141
140,142
141,142
141,143
141,144
141,145
142,143
142,144
142,145
142,146
142,147
142,148
142,149
142,150
142,151
142,152
142,153
142,154
142,155
142,156
142,157
142,158
142,159
142,160
142,161
142,162
142,163
142,164
142,165
142,166
142,167
142,168
142,169
142,170
142,171
142,172
142,174
142,176
142,177
142,178
142,179
142,180
142,181
142,182
142,183
142,184
142,185
142,186
142,187
142,188
142,189
142,190
142,191
142,192
142,193
142,194
142,195
142,196
142,197
142,198
142,199
143,144
143,145
143,146
145,146
145,147
145,148
145,149
145,150
145,151
145,152
145,153
145,154
145,155
145,156
145,157
145,158
145,159
145,160
145,161
145,162
145,163
145,164
145,165
145,166
145,167
145,168
145,169
145,170
145,171
145,172
145,173
146,147
146,148
146,149
146,150
146,151
146,152
146,153
146,154
146,155
147,148
147,149
147,150
147,151
147,152
147,153
147,154
147,155
147,156
147,157
147,158
147,159
147,160
147,161
147,162
147,163
147,164
147,165
147,166
147,167
147,168
147,169
147,170
147,171
147,172
147,173
147,174
148,149
148,150
148,152
148,153
148,154
148,155
148,156
148,157
148,158
148,159
148,160
148,161
148,162
148,163
148,164
148,165
148,166
148,167
148,168
148,169
148,170
148,171
148,172
148,173
148,174
148,175
148,176
149,150
149,151
149,152
149,153
149,154
149,155
149,156
149,157
149,158
149,159
149,161
149,162
149,163
149,164
149,165
149,166
149,167
149,168
149,169
149,170
149,171
149,172
149,173
149,174
149,175
149,176
149,177
149,178
149,179
149,180
149,181
149,182
149,183
149,184
149,185
149,187
149,188
149,189
149,191
149,192
149,193
149,194
149,195
149,196
149,197
149,198
149,199
150,151
150,152
150,153
150,154
150,155
150,156
150,157
150,158
150,159
150,160
151,152
151,153
151,154
151,155
151,156
151,157
151,158
151,159
151,161
151,162
151,163
151,164
151,165
151,166
151,167
152,153
152,154
152,155
152,156
152,157
152,158
152,159
152,160
152,161
152,162
152,163
152,164
152,165
152,166
152,167
152,168
152,169
152,170
152,171
152,172
152,173
152,174
152,175
152,176
152,177
152,178
152,179
152,180
152,181
152,182
152,183
152,184
152,185
152,186
152,187
152,188
152,189
152,190
152,191
152,192
152,193
152,194
152,195
152,196
152,197
152,198
152,199
153,154
153,155
153,156
153,157
153,158
153,159
153,160
153,161
153,162
153,163
153,164
153,165
153,166
153,167
153,168
153,169
153,170
153,171
153,172
153,173
153,174
153,175
153,176
153,177
153,178
153,179
153,180
153,181
153,182
153,183
153,184
153,185
153,186
153,187
153,188
153,189
153,190
153,191
153,192
153,193
153,194
153,195
153,196
153,198
153,199
154,155
154,156
154,157
154,158
154,159
154,160
154,162
154,163
154,164
154,165
154,166
154,167
154,168
154,169
154,170
154,171
154,172
154,173
154,174
154,175
154,176
154,177
154,178
154,179
154,180
154,181
154,182
154,183
154,184
154,185
154,186
154,187
154,188
154,189
155,156
155,157
155,158
155,159
155,160
155,161
155,162
155,163
155,164
155,165
155,166
155,167
155,168
155,169
155,170
155,175
155,192
155,198
156,157
156,158
156,159
156,160
156,161
156,162
156,163
156,164
156,165
156,166
156,167
156,168
156,169
156,170
156,171
156,172
156,173
156,174
156,175
156,176
156,177
156,178
156,179
156,180
156,181
156,182
156,183
156,184
156,185
156,186
156,187
156,188
156,189
156,190
156,191
156,192
156,193
156,194
156,195
156,196
156,197
156,198
156,199
157,158
157,159
157,160
157,161
157,162
157,163
157,164
157,165
157,166
157,167
157,168
157,169
157,170
157,171
157,172
157,173
157,174
157,175
157,176
157,177
157,178
157,179
157,180
157,181
157,182
157,183
157,184
157,185
157,186
157,187
157,188
157,189
157,190
157,191
157,192
157,193
157,194
157,195
157,196
157,197
157,198
158,159
158,160
158,161
158,162
159,160
159,161
159,162
159,163
159,164
159,165
159,166
159,167
159,168
159,169
159,170
159,171
159,172
159,173
159,174
159,175
159,176
159,177
159,178
159,179
159,180
159,181
159,182
159,183
159,184
159,185
159,186
159,187
159,188
159,189
159,190
159,191
159,192
159,193
159,194
159,195
159,196
159,197
159,198
159,199
160,161
160,162
160,163
160,164
160,165
160,166
160,167
160,168
160,169
160,170
160,171
160,172
160,173
160,174
160,175
160,176
160,177
160,178
160,179
160,180
160,181
160,182
160,183
160,184
160,185
160,186
160,187
160,188
160,189
160,190
160,191
160,192
160,193
160,194
160,195
160,196
160,197
160,198
160,199
161,162
161,163
161,164
161,165
161,166
161,167
161,168
161,169
161,170
161,171
161,172
161,173
161,174
161,175
161,176
161,177
161,178
161,179
161,192
161,198
162,163
162,164
162,165
162,166
162,167
162,168
162,169
162,170
163,164
163,165
163,166
163,167
163,168
163,169
163,170
163,171
163,172
163,173
163,174
163,175
163,176
163,177
163,178
163,179
163,180
163,181
163,182
163,183
163,184
163,186
163,187
163,188
163,192
163,198
164,165
164,166
164,167
164,168
164,169
164,170
164,171
164,172
164,173
164,174
164,175
164,176
164,177
164,178
164,179
164,180
164,181
164,182
164,183
164,184
164,185
164,186
164,187
164,188
164,189
164,190
164,191
164,192
164,193
164,194
164,195
164,196
164,199
165,166
165,167
165,168
165,169
165,170
165,171
165,172
165,173
165,174
165,175
165,176
165,177
165,178
165,179
165,180
165,181
165,182
165,183
165,184
165,185
165,186
165,187
165,188
165,189
165,190
165,191
165,192
165,193
165,198
166,167
166,168
166,169
166,170
166,171
166,172
166,173
166,174
166,175
166,176
166,177
166,178
166,179
166,180
166,181
166,182
166,183
167,168
167,170
167,171
167,172
167,173
167,174
167,175
167,176
167,177
167,178
167,179
167,180
167,181
167,182
167,183
167,184
167,185
167,186
167,187
167,188
167,189
167,190
167,191
167,192
167,193
167,194
167,195
167,196
167,197
167,198
167,199
168,169
168,170
168,171
168,172
168,173
168,174
168,175
168,176
168,177
168,178
168,179
168,180
168,181
168,182
168,183
168,184
168,185
168,187
168,188
168,189
168,190
168,191
168,192
168,193
168,194
168,195
168,196
168,197
168,198
168,199
169,170
169,171
169,172
169,173
169,174
169,175
169,176
169,177
169,178
169,179
169,180
169,181
169,182
169,183
169,184
169,185
169,186
169,187
169,188
169,189
169,190
169,191
169,192
169,193
169,194
169,195
169,196
169,197
169,198
169,199
170,171
170,172
170,173
170,174
170,175
170,176
170,177
171,172
171,173
171,174
171,175
171,176
171,177
171,178
171,179
171,180
171,181
171,182
171,183
171,184
171,185
171,186
171,187
171,188
171,189
171,190
171,191
171,192
173,174
173,175
173,176
173,177
173,178
173,179
173,180
173,182
173,183
173,184
173,185
173,186
173,187
173,188
173,189
173,190
173,191
173,192
173,193
173,194
174,175
174,176
174,177
174,178
174,179
174,180
174,181
174,182
174,183
174,184
174,185
174,186
174,187
174,188
174,189
174,190
174,191
174,192
174,193
174,194
174,195
174,196
175,176
175,177
175,178
175,179
175,180
175,181
175,182
175,183
175,184
175,185
175,186
175,187
175,188
175,189
175,190
175,191
175,192
175,193
175,194
175,195
175,196
175,197
175,198
175,199
176,177
176,178
176,179
176,180
176,181
176,182
176,184
176,185
176,186
176,187
176,188
176,189
176,190
176,191
176,192
176,193
176,194
176,195
176,196
176,197
176,198
176,199
177,178
177,179
177,180
177,181
177,182
177,183
177,184
177,185
177,186
177,187
177,188
177,189
177,190
177,191
177,192
177,193
177,194
177,195
177,196
177,197
177,198
177,199
178,179
178,180
178,181
178,182
178,183
178,184
178,185
178,186
178,187
178,188
178,189
178,190
178,191
178,192
178,193
178,194
178,195
178,196
178,197
178,198
178,199
179,180
179,181
179,182
179,183
179,184
179,185
179,186
179,187
179,188
179,189
179,190
179,191
179,192
179,193
179,194
179,195
179,196
179,197
179,198
179,199
180,181
180,182
180,183
180,184
180,185
180,186
180,187
180,188
180,189
180,190
180,191
180,192
180,193
180,194
180,195
180,196
180,197
180,198
180,199
182,183
182,184
182,185
182,186
182,187
182,188
182,189
182,190
183,184
183,185
183,186
183,187
183,188
183,189
183,190
183,191
184,185
184,186
184,187
184,188
184,189
184,190
184,191
184,192
184,193
184,194
184,195
184,196
184,197
184,198
184,199
185,186
185,187
186,187
186,188
186,189
186,190
186,191
186,192
186,193
186,194
186,195
186,196
186,197
186,198
186,199
187,188
187,189
187,190
187,191
187,192
187,193
187,194
187,195
187,196
187,197
187,198
187,199
188,190
188,191
188,192
188,193
188,194
188,195
188,196
188,197
188,198
188,199
189,190
189,191
189,192
189,194
189,195
189,196
189,197
189,198
189,199
190,191
190,192
190,193
190,194
190,195
190,196
190,197
190,198
190,199
191,192
191,193
191,194
191,195
191,196
191,197
191,198
191,199
192,193
192,194
192,195
192,196
192,197
192,198
192,199
193,194
193,195
193,196
193,197
193,198
193,199
194,195
194,196
194,197
194,198
194,199
195,196
195,197
195,198
195,199
196,197
196,198
196,199
197,198
197,199
198,199
