0,1
0,2
0,3
0,4
0,5
0,6
0,7
0,8
0,9
0,10
0,11
0,12
0,13
0,14
0,15
0,16
0,17
0,18
0,19
0,20
0,21
0,22
0,23
0,24
0,25
0,26
0,27
0,28
0,29
0,30
0,31
0,32
0,33
0,34
0,35
0,36
0,37
0,38
0,39
0,40
0,41
0,42
0,43
0,44
0,45
0,46
0,47
0,48
0,49
0,50
0,51
0,52
0,53
0,54
0,55
0,56
0,57
0,58
0,59
0,60
0,61
0,62
0,63
0,64
0,65
0,66
0,67
0,68
0,69
0,70
0,71
0,72
0,73
0,74
0,75
0,76
0,77
0,78
0,79
0,80
0,81
0,82
0,83
0,84
0,85
0,86
0,87
0,88
0,89
0,90
0,91
0,92
0,93
0,94
0,95
0,99
0,100
0,102
0,105
0,106
0,110
0,112
0,115
0,116
0,120
0,121
0,122
0,123
0,124
0,125
0,128
0,129
0,131
0,132
0,135
0,141
0,144
0,145
0,147
0,148
0,152
0,153
0,154
0,159
0,160
0,163
0,164
0,165
0,166
0,167
0,168
0,170
0,171
0,172
0,175
0,176
0,178
0,179
0,180
0,185
0,186
0,187
0,189
0,191
0,192
0,196
0,198
1,2
1,3
1,4
1,5
1,6
1,7
1,8
1,9
1,10
1,11
1,12
1,13
1,14
1,15
1,16
1,17
1,18
1,19
1,20
1,21
1,22
1,23
1,24
1,25
1,26
1,27
1,28
1,29
1,30
1,31
1,32
1,33
1,34
1,35
1,36
1,37
1,38
1,39
1,40
1,41
1,42
1,43
1,44
1,45
1,46
1,47
1,48
1,49
1,50
1,51
1,52
1,53
1,54
1,55
1,56
1,57
1,58
1,59
1,60
1,61
1,62
1,63
1,64
1,65
1,66
1,67
1,68
1,69
1,70
1,71
1,72
1,73
1,74
1,75
1,76
1,77
1,78
1,79
1,80
1,81
1,82
1,83
1,84
1,85
1,86
1,87
1,88
1,89
1,90
1,91
1,92
1,93
1,94
2,3
2,4
2,5
2,6
2,7
2,8
2,9
2,10
2,11
2,12
2,13
2,14
2,15
2,16
2,17
2,18
2,19
2,20
2,21
2,22
2,23
2,24
2,25
2,26
2,27
2,28
2,29
2,30
2,31
2,32
2,33
2,34
2,35
2,36
2,37
2,38
2,39
2,40
2,41
2,42
2,43
2,44
2,45
2,46
2,47
2,48
2,49
2,50
2,51
2,52
2,53
2,54
2,55
2,56
2,57
2,58
2,59
2,60
2,61
2,62
2,63
2,64
2,65
2,66
2,67
2,68
2,69
2,70
2,71
2,72
2,73
2,74
2,75
2,76
2,77
2,78
2,79
2,80
2,81
2,82
2,83
2,84
2,85
2,86
2,87
2,88
2,89
2,90
2,91
2,92
2,93
2,94
2,95
2,99
2,100
2,102
2,105
2,106
2,110
2,112
2,115
2,116
2,120
2,121
2,122
2,123
2,124
2,125
2,128
2,129
2,131
2,132
2,135
2,141
2,144
2,145
2,147
2,148
2,152
2,153
2,154
2,159
2,160
2,163
2,164
2,165
2,166
2,167
2,168
2,170
2,171
2,172
2,175
2,176
2,178
2,179
2,180
2,185
2,186
2,187
2,189
2,191
2,192
2,196
2,198
3,4
3,5
3,6
3,7
3,8
3,9
3,10
3,11
3,12
3,13
3,14
3,15
3,16
3,17
3,18
3,19
3,20
3,21
3,22
3,23
3,24
3,25
3,26
3,27
3,28
3,29
3,30
3,31
3,32
3,33
3,34
3,35
3,36
3,37
3,38
3,39
3,40
3,41
3,42
3,43
3,44
3,45
3,46
3,47
3,48
3,49
3,50
3,51
3,52
3,53
3,54
3,55
3,56
3,57
3,58
3,59
3,60
3,61
3,62
3,63
3,64
3,65
3,66
3,67
3,68
3,69
3,70
3,71
3,72
3,73
3,74
3,75
3,76
3,77
3,78
3,79
3,80
3,81
3,82
3,83
3,84
3,85
3,86
3,87
3,88
3,89
3,90
3,91
3,92
3,93
3,94
3,95
4,5
4,6
4,7
4,8
4,9
4,10
4,11
4,12
4,13
4,14
4,15
4,16
4,17
4,18
4,19
4,20
4,21
4,22
4,23
4,24
4,25
4,26
4,27
4,28
4,29
4,30
4,31
4,32
4,33
4,34
4,35
4,36
4,37
4,38
4,39
4,40
4,41
4,42
4,43
4,44
4,45
4,46
4,47
4,48
4,49
4,50
4,51
4,52
4,53
4,54
4,55
4,56
4,57
4,58
4,59
4,60
4,61
4,62
4,63
4,64
4,65
4,66
4,67
4,68
4,69
4,70
4,71
4,72
4,73
4,74
4,75
4,76
4,77
4,78
4,79
4,80
4,81
4,82
4,83
4,84
4,85
4,86
4,87
4,88
4,89
4,90
4,91
4,92
4,93
4,94
4,95
4,99
4,100
4,102
4,105
4,106
4,110
4,112
4,115
4,116
4,120
4,121
4,122
4,123
4,124
4,125
4,128
4,129
4,131
4,132
4,135
4,141
4,144
4,145
4,147
4,148
4,152
4,153
4,154
4,159
4,160
4,163
4,164
4,165
4,166
4,167
4,168
4,170
4,171
4,172
4,175
4,176
4,178
4,179
4,180
4,185
4,186
4,187
4,189
4,191
4,192
4,196
4,198
5,6
5,7
5,8
5,9
5,10
5,11
5,12
5,13
5,14
5,15
5,16
5,17
5,18
5,19
5,20
5,21
5,22
5,23
5,24
5,25
5,26
5,27
5,28
5,29
5,30
5,31
5,32
5,33
5,34
5,35
5,36
5,37
5,38
5,39
5,40
5,41
5,42
5,43
5,44
5,45
5,46
5,47
5,48
5,49
5,50
5,51
5,52
5,53
5,54
5,55
5,56
5,57
5,58
5,59
5,60
5,61
5,62
5,63
5,64
5,65
5,66
5,67
5,68
5,69
5,70
5,71
5,72
5,73
5,74
5,75
5,76
5,77
5,78
5,79
5,80
5,81
5,82
5,83
5,84
5,85
5,86
5,87
5,88
5,89
5,90
5,91
5,92
5,93
5,94
5,95
5,99
5,100
5,102
5,105
5,106
5,110
5,112
5,115
5,116
5,120
5,121
5,122
5,123
5,124
5,125
5,128
5,129
5,131
5,132
5,135
5,141
5,144
5,145
5,147
5,148
5,152
5,153
5,154
5,159
5,160
5,163
5,164
5,165
5,166
5,167
5,168
5,170
5,171
5,172
5,175
5,176
5,178
5,179
5,180
5,185
5,186
5,187
5,189
5,191
5,192
5,196
5,198
6,7
6,8
6,9
6,10
6,11
6,12
6,13
6,14
6,15
6,16
6,17
6,18
6,19
6,20
6,21
6,22
6,23
6,24
6,25
6,26
6,27
6,28
6,29
6,30
6,31
6,32
6,33
6,34
6,35
6,36
6,37
6,38
6,39
6,40
6,41
6,42
6,43
6,44
6,45
6,46
6,47
6,48
6,49
6,50
6,51
6,52
6,53
6,54
6,55
6,56
6,57
6,58
6,59
6,60
6,61
6,62
6,63
6,64
6,65
6,66
6,67
6,68
6,69
6,70
6,71
6,72
6,73
6,74
6,75
6,76
6,77
6,78
6,79
6,80
6,81
6,82
6,83
6,84
6,85
6,86
6,87
6,88
6,89
6,90
6,91
6,92
6,93
6,94
6,95
6,99
6,100
6,102
6,105
6,106
6,110
6,112
6,115
6,116
6,120
6,121
6,122
6,123
6,124
6,125
6,128
6,129
6,131
6,132
6,135
6,141
6,144
6,145
6,147
6,148
6,152
6,153
6,154
6,159
6,160
6,163
6,164
6,165
6,166
6,167
6,168
6,170
6,171
6,172
6,175
6,176
6,178
6,179
6,180
6,185
6,186
6,187
6,189
6,191
6,192
6,196
6,198
7,8
7,9
7,10
7,11
7,12
7,13
7,14
7,15
7,16
7,17
7,18
7,19
7,20
7,21
7,22
7,23
7,24
7,25
7,26
7,27
7,28
7,29
7,30
7,31
7,32
7,33
7,34
7,35
7,36
7,37
7,38
7,39
7,40
7,41
7,42
7,43
7,44
7,45
7,46
7,47
7,48
7,49
7,50
7,51
7,52
7,53
7,54
7,55
7,56
7,57
7,58
7,59
7,60
7,61
7,62
7,63
7,64
7,65
7,66
7,67
7,68
7,69
7,70
7,71
7,72
7,73
7,74
7,75
7,76
7,77
7,78
7,79
7,80
7,81
7,82
7,83
7,84
7,85
7,86
7,87
7,88
7,89
7,90
7,91
7,92
7,93
7,94
7,95
7,99
7,100
7,102
7,105
7,106
7,110
7,112
7,115
7,116
7,120
7,121
7,122
7,123
7,124
7,125
7,128
7,129
7,131
7,132
7,135
7,141
7,144
7,145
7,147
7,148
7,152
7,153
7,154
7,159
7,160
7,163
7,164
7,165
7,166
7,167
7,168
7,170
7,171
7,172
7,175
7,176
7,178
7,179
7,180
7,185
7,186
7,187
7,189
7,191
7,192
7,196
7,198
8,9
8,10
8,11
8,12
8,13
8,14
8,15
8,16
8,17
8,18
8,19
8,20
8,21
8,22
8,23
8,24
8,25
8,26
8,27
8,28
8,29
8,30
8,31
8,32
8,33
8,34
8,35
8,36
8,37
8,38
8,39
8,40
8,41
8,42
8,43
8,44
8,45
8,46
8,47
8,48
8,49
8,50
8,51
8,52
8,53
8,54
8,55
8,56
8,57
8,58
8,59
8,60
8,61
8,62
8,63
8,64
8,65
8,66
8,67
8,68
8,69
8,70
8,71
8,72
8,73
8,74
8,75
8,76
8,77
8,78
8,79
8,80
8,81
8,82
8,83
8,84
8,85
8,86
8,87
8,88
8,89
8,90
8,91
8,92
8,93
8,94
8,95
9,10
9,11
9,12
9,13
9,14
9,15
9,16
9,17
9,18
9,19
9,20
9,21
9,22
9,23
9,24
9,25
9,26
9,27
9,28
9,29
9,30
9,31
9,32
9,33
9,34
9,35
9,36
9,37
9,38
9,39
9,40
9,41
9,42
9,43
9,44
9,45
9,46
9,47
9,48
9,49
9,50
9,51
9,52
9,53
9,54
9,55
9,56
9,57
9,58
9,59
9,60
9,61
9,62
9,63
9,64
9,65
9,66
9,67
9,68
9,69
9,70
9,71
9,72
9,73
9,74
9,75
9,76
9,77
9,78
9,79
9,80
9,81
9,82
9,83
9,84
9,85
9,86
9,87
9,88
9,89
9,90
9,91
9,92
9,93
9,94
9,95
9,99
9,100
9,102
9,105
9,106
9,110
9,112
9,115
9,116
9,120
9,121
9,122
9,123
9,124
9,125
9,128
9,129
9,131
9,132
9,135
9,141
9,144
9,145
9,147
9,148
9,152
9,153
9,154
9,159
9,160
9,163
9,164
9,165
9,166
9,167
9,168
9,170
9,171
9,172
9,175
9,176
9,178
9,179
9,180
9,185
9,186
9,187
9,189
9,191
9,192
9,196
9,198
10,11
10,12
10,13
10,14
10,15
10,16
10,17
10,18
10,19
10,20
10,21
10,22
10,23
10,24
10,25
10,26
10,27
10,28
10,29
10,30
10,31
10,32
10,33
10,34
10,35
10,36
10,37
10,38
10,39
10,40
10,41
10,42
10,43
10,44
10,45
10,46
10,47
10,48
10,49
10,50
10,51
10,52
10,53
10,54
10,55
10,56
10,57
10,58
10,59
10,60
10,61
10,62
10,63
10,64
10,65
10,66
10,67
10,68
10,69
10,70
10,71
10,72
10,73
10,74
10,75
10,76
10,77
10,78
10,79
10,80
10,81
10,82
10,83
10,84
10,85
10,86
10,87
10,88
10,89
10,90
10,91
10,92
10,93
10,94
10,95
11,12
11,13
11,14
11,15
11,16
11,17
11,18
11,19
11,20
11,21
11,22
11,23
11,24
11,25
11,26
11,27
11,28
11,29
11,30
11,31
11,32
11,33
11,34
11,35
11,36
11,37
11,38
11,39
11,40
11,41
11,42
11,43
11,44
11,45
11,46
11,47
11,48
11,49
11,50
11,51
11,52
11,53
11,54
11,55
11,56
11,57
11,58
11,59
11,60
11,61
11,62
11,63
11,64
11,65
11,66
11,67
11,68
11,69
11,70
11,71
11,72
11,73
11,74
11,75
11,76
11,77
11,78
11,79
11,80
11,81
11,82
11,83
11,84
11,85
11,86
11,87
11,88
11,89
11,90
11,91
11,92
11,93
11,94
11,95
12,13
12,14
12,15
12,16
12,17
12,18
12,19
12,20
12,21
12,22
12,23
12,24
12,25
12,26
12,27
12,28
12,29
12,30
12,31
12,32
12,33
12,34
12,35
12,36
12,37
12,38
12,39
12,40
12,41
12,42
12,43
12,44
12,45
12,46
12,47
12,48
12,49
12,50
12,51
12,52
12,53
12,54
12,55
12,56
12,57
12,58
12,59
12,60
12,61
12,62
12,63
12,64
12,65
12,66
12,67
12,68
12,69
12,70
12,71
12,72
12,73
12,74
12,75
12,76
12,77
12,78
12,79
12,80
12,81
12,82
12,83
12,84
12,85
12,86
12,87
12,88
12,89
12,90
12,91
12,92
12,93
12,94
12,95
13,14
13,15
13,16
13,17
13,18
13,19
13,20
13,21
13,22
13,23
13,24
13,25
13,26
13,27
13,28
13,29
13,30
13,31
13,32
13,33
13,34
13,35
13,36
13,37
13,38
13,39
13,40
13,41
13,42
13,43
13,44
13,45
13,46
13,47
13,48
13,49
13,50
13,51
13,52
13,53
13,54
13,55
13,56
13,57
13,58
13,59
13,60
13,61
13,62
13,63
13,64
13,65
13,66
13,67
13,68
13,69
13,70
13,71
13,72
13,73
13,74
13,75
13,76
13,77
13,78
13,79
13,80
13,81
13,82
13,83
13,84
13,85
13,86
13,87
13,88
13,89
13,90
13,91
13,92
13,93
13,94
13,95
14,15
14,16
14,17
14,18
14,19
14,20
14,21
14,22
14,23
14,24
14,25
14,26
14,27
14,28
14,29
14,30
14,31
14,32
14,33
14,34
14,35
14,36
14,37
14,38
14,39
14,40
14,41
14,42
14,43
14,44
14,45
14,46
14,47
14,48
14,49
14,50
14,51
14,52
14,53
14,54
14,55
14,56
14,57
14,58
14,59
14,60
14,61
14,62
14,63
14,64
14,65
14,66
14,67
14,68
14,69
14,70
14,71
14,72
14,73
14,74
14,75
14,76
14,77
14,78
14,79
14,80
14,81
14,82
14,83
14,84
14,85
14,86
14,87
14,88
14,89
14,90
14,91
14,92
14,93
14,94
14,95
15,16
15,17
15,18
15,19
15,20
15,21
15,22
15,23
15,24
15,25
15,26
15,27
15,28
15,29
15,30
15,31
15,32
15,33
15,34
15,35
15,36
15,37
15,38
15,39
15,40
15,41
15,42
15,43
15,44
15,45
15,46
15,47
15,48
15,49
15,50
15,51
15,52
15,53
15,54
15,55
15,56
15,57
15,58
15,59
15,60
15,61
15,62
15,63
15,64
15,65
15,66
15,67
15,68
15,69
15,70
15,71
15,72
15,73
15,74
15,75
15,76
15,77
15,78
15,79
15,80
15,81
15,82
15,83
15,84
15,85
15,86
15,87
15,88
15,89
15,90
15,91
15,92
15,93
15,94
15,95
16,17
16,18
16,19
16,20
16,21
16,22
16,23
16,24
16,25
16,26
16,27
16,28
16,29
16,30
16,31
16,32
16,33
16,34
16,35
16,36
16,37
16,38
16,39
16,40
16,41
16,42
16,43
16,44
16,45
16,46
16,47
16,48
16,49
16,50
16,51
16,52
16,53
16,54
16,55
16,56
16,57
16,58
16,59
16,60
16,61
16,62
16,63
16,64
16,65
16,66
16,67
16,68
16,69
16,70
16,71
16,72
16,73
16,74
16,75
16,76
16,77
16,78
16,79
16,80
16,81
16,82
16,83
16,84
16,85
16,86
16,87
16,88
16,89
16,90
16,91
16,92
16,93
16,94
16,95
17,18
17,19
17,20
17,21
17,22
17,23
17,24
17,25
17,26
17,27
17,28
17,29
17,30
17,31
17,32
17,33
17,34
17,35
17,36
17,37
17,38
17,39
17,40
17,41
17,42
17,43
17,44
17,45
17,46
17,47
17,48
17,49
17,50
17,51
17,52
17,53
17,54
17,55
17,56
17,57
17,58
17,59
17,60
17,61
17,62
17,63
17,64
17,65
17,66
17,67
17,68
17,69
17,70
17,71
17,72
17,73
17,74
17,75
17,76
17,77
17,78
17,79
17,80
17,81
17,82
17,83
17,84
17,85
17,86
17,87
17,88
17,89
17,90
17,91
17,92
17,93
17,94
17,95
18,19
18,20
18,21
18,22
18,23
18,24
18,25
18,26
18,27
18,28
18,29
18,30
18,31
18,32
18,33
18,34
18,35
18,36
18,37
18,38
18,39
18,40
18,41
18,42
18,43
18,44
18,45
18,46
18,47
18,48
18,49
18,50
18,51
18,52
18,53
18,54
18,55
18,56
18,57
18,58
18,59
18,60
18,61
18,62
18,63
18,64
18,65
18,66
18,67
18,68
18,69
18,70
18,71
18,72
18,73
18,74
18,75
18,76
18,77
18,78
18,79
18,80
18,81
18,82
18,83
18,84
18,85
18,86
18,87
18,88
18,89
18,90
18,91
18,92
18,93
18,94
18,95
19,20
19,21
19,22
19,23
19,24
19,25
19,26
19,27
19,28
19,29
19,30
19,31
19,32
19,33
19,34
19,35
19,36
19,37
19,38
19,39
19,40
19,41
19,42
19,43
19,44
19,45
19,46
19,47
19,48
19,49
19,50
19,51
19,52
19,53
19,54
19,55
19,56
19,57
19,58
19,59
19,60
19,61
19,62
19,63
19,64
19,65
19,66
19,67
19,68
19,69
19,70
19,71
19,72
19,73
19,74
19,75
19,76
19,77
19,78
19,79
19,80
19,81
19,82
19,83
19,84
19,85
19,86
19,87
19,88
19,89
19,90
19,91
19,92
19,93
19,94
19,95
20,21
20,22
20,23
20,24
20,25
20,26
20,27
20,28
20,29
20,30
20,31
20,32
20,33
20,34
20,35
20,36
20,37
20,38
20,39
20,40
20,41
20,42
20,43
20,44
20,45
20,46
20,47
20,48
20,49
20,50
20,51
20,52
20,53
20,54
20,55
20,56
20,57
20,58
20,59
20,60
20,61
20,62
20,63
20,64
20,65
20,66
20,67
20,68
20,69
20,70
20,71
20,72
20,73
20,74
20,75
20,76
20,77
20,78
20,79
20,80
20,81
20,82
20,83
20,84
20,85
20,86
20,87
20,88
20,89
20,90
20,91
20,92
20,93
20,94
20,95
20,99
20,100
20,102
20,105
20,106
20,110
20,112
20,115
20,116
20,120
20,121
20,122
20,123
20,124
20,125
20,128
20,129
20,131
20,132
20,135
20,141
20,144
20,145
20,147
20,148
20,152
20,153
20,154
20,159
20,160
20,163
20,164
20,165
20,166
20,167
20,168
20,170
20,171
20,172
20,175
20,176
20,178
20,179
20,180
20,185
20,186
20,187
20,189
20,191
20,192
20,196
20,198
21,22
21,23
21,24
21,25
21,26
21,27
21,28
21,29
21,30
21,31
21,32
21,33
21,34
21,35
21,36
21,37
21,38
21,39
21,40
21,41
21,42
21,43
21,44
21,45
21,46
21,47
21,48
21,49
21,50
21,51
21,52
21,53
21,54
21,55
21,56
21,57
21,58
21,59
21,60
21,61
21,62
21,63
21,64
21,65
21,66
21,67
21,68
21,69
21,70
21,71
21,72
21,73
21,74
21,75
21,76
21,77
21,78
21,79
21,80
21,81
21,82
21,83
21,84
21,85
21,86
21,87
21,88
21,89
21,90
21,91
21,92
21,93
21,94
21,95
22,23
22,24
22,25
22,26
22,27
22,28
22,29
22,30
22,31
22,32
22,33
22,34
22,35
22,36
22,37
22,38
22,39
22,40
22,41
22,42
22,43
22,44
22,45
22,46
22,47
22,48
22,49
22,50
22,51
22,52
22,53
22,54
22,55
22,56
22,57
22,58
22,59
22,60
22,61
22,62
22,63
22,64
22,65
22,66
22,67
22,68
22,69
22,70
22,71
22,72
22,73
22,74
22,75
22,76
22,77
22,78
22,79
22,80
22,81
22,82
22,83
22,84
22,85
22,86
22,87
22,88
22,89
22,90
22,91
22,92
22,93
22,94
22,95
22,99
22,100
22,102
22,105
22,106
22,110
22,112
22,115
22,116
22,120
22,121
22,122
22,123
22,124
22,125
22,128
22,129
22,131
22,132
22,135
22,141
22,144
22,145
22,147
22,148
22,152
22,153
22,154
22,157
22,158
22,159
22,160
22,163
22,164
22,165
22,166
22,167
22,168
22,170
22,171
22,172
22,173
22,174
22,175
22,176
22,178
22,179
22,180
22,183
22,185
22,186
22,187
22,189
22,191
22,192
22,194
22,195
22,196
22,198
23,24
23,25
23,26
23,27
23,28
23,29
23,30
23,31
23,32
23,33
23,34
23,35
23,36
23,37
23,38
23,39
23,40
23,41
23,42
23,43
23,44
23,45
23,46
23,47
23,48
23,49
23,50
23,51
23,52
23,53
23,54
23,55
23,56
23,57
23,58
23,59
23,60
23,61
23,62
23,63
23,64
23,65
23,66
23,67
23,68
23,69
23,70
23,71
23,72
23,73
23,74
23,75
23,76
23,77
23,78
23,79
23,80
23,81
23,82
23,83
23,84
23,85
23,86
23,87
23,88
23,89
23,90
23,91
23,92
23,93
23,94
23,95
24,25
24,26
24,27
24,28
24,29
24,30
24,31
24,32
24,33
24,34
24,35
24,36
24,37
24,38
24,39
24,40
24,41
24,42
24,43
24,44
24,45
24,46
24,47
24,48
24,49
24,50
24,51
24,52
24,53
24,54
24,55
24,56
24,57
24,58
24,59
24,60
24,61
24,62
24,63
24,64
24,65
24,66
24,67
24,68
24,69
24,70
24,71
24,72
24,73
24,74
24,75
24,76
24,77
24,78
24,79
24,80
24,81
24,82
24,83
24,84
24,85
24,86
24,87
24,88
24,89
24,90
24,91
24,92
24,93
24,94
24,95
25,26
25,27
25,28
25,29
25,30
25,31
25,32
25,33
25,34
25,35
25,36
25,37
25,38
25,39
25,40
25,41
25,42
25,43
25,44
25,45
25,46
25,47
25,48
25,49
25,50
25,51
25,52
25,53
25,54
25,55
25,56
25,57
25,58
25,59
25,60
25,61
25,62
25,63
25,64
25,65
25,66
25,67
25,68
25,69
25,70
25,71
25,72
25,73
25,74
25,75
25,76
25,77
25,78
25,79
25,80
25,81
25,82
25,83
25,84
25,85
25,86
25,87
25,88
25,89
25,90
25,91
25,92
25,93
25,94
25,95
25,99
25,100
25,102
25,105
25,106
25,110
25,112
25,115
25,116
25,120
25,121
25,122
25,123
25,124
25,125
25,128
25,129
25,131
25,132
25,135
25,141
25,144
25,145
25,147
25,148
25,152
25,153
25,154
25,159
25,160
25,163
25,164
25,165
25,166
25,167
25,168
25,170
25,171
25,172
25,175
25,176
25,178
25,179
25,180
25,185
25,186
25,187
25,189
25,191
25,192
25,196
25,198
26,27
26,28
26,29
26,30
26,31
26,32
26,33
26,34
26,35
26,36
26,37
26,38
26,39
26,40
26,41
26,42
26,43
26,44
26,45
26,46
26,47
26,48
26,49
26,50
26,51
26,52
26,53
26,54
26,55
26,56
26,57
26,58
26,59
26,60
26,61
26,62
26,63
26,64
26,65
26,66
26,67
26,68
26,69
26,70
26,71
26,72
26,73
26,74
26,75
26,76
26,77
26,78
26,79
26,80
26,81
26,82
26,83
26,84
26,85
26,86
26,87
26,88
26,89
26,90
26,91
26,92
26,93
26,94
26,95
27,28
27,29
27,30
27,31
27,32
27,33
27,34
27,35
27,36
27,37
27,38
27,39
27,40
27,41
27,42
27,43
27,44
27,45
27,46
27,47
27,48
27,49
27,50
27,51
27,52
27,53
27,54
27,55
27,56
27,57
27,58
27,59
27,60
27,61
27,62
27,63
27,64
27,65
27,66
27,67
27,68
27,69
27,70
27,71
27,72
27,73
27,74
27,75
27,76
27,77
27,78
27,79
27,80
27,81
27,82
27,83
27,84
27,85
27,86
27,87
27,88
27,89
27,90
27,91
27,92
27,93
27,94
27,95
27,99
27,100
27,102
27,105
27,106
27,110
27,112
27,115
27,116
27,120
27,121
27,122
27,123
27,124
27,125
27,128
27,129
27,131
27,132
27,135
27,141
27,144
27,145
27,147
27,148
27,152
27,153
27,154
27,159
27,160
27,163
27,164
27,165
27,166
27,167
27,168
27,170
27,171
27,172
27,175
27,176
27,178
27,179
27,180
27,185
27,186
27,187
27,189
27,191
27,192
27,196
27,198
28,29
28,30
28,31
28,32
28,33
28,34
28,35
28,36
28,37
28,38
28,39
28,40
28,41
28,42
28,43
28,44
28,45
28,46
28,47
28,48
28,49
28,50
28,51
28,52
28,53
28,54
28,55
28,56
28,57
28,58
28,59
28,60
28,61
28,62
28,63
28,64
28,65
28,66
28,67
28,68
28,69
28,70
28,71
28,72
28,73
28,74
28,75
28,76
28,77
28,78
28,79
28,80
28,81
28,82
28,83
28,84
28,85
28,86
28,87
28,88
28,89
28,90
28,91
28,92
28,93
28,94
28,95
29,30
29,31
29,32
29,33
29,34
29,35
29,36
29,37
29,38
29,39
29,40
29,41
29,42
29,43
29,44
29,45
29,46
29,47
29,48
29,49
29,50
29,51
29,52
29,53
29,54
29,55
29,56
29,57
29,58
29,59
29,60
29,61
29,62
29,63
29,64
29,65
29,66
29,67
29,68
29,69
29,70
29,71
29,72
29,73
29,74
29,75
29,76
29,77
29,78
29,79
29,80
29,81
29,82
29,83
29,84
29,85
29,86
29,87
29,88
29,89
29,90
29,91
29,92
29,93
29,94
29,95
29,99
29,100
29,102
29,105
29,106
29,110
29,112
29,115
29,116
29,120
29,121
29,122
29,123
29,124
29,125
29,128
29,129
29,131
29,132
29,135
29,141
29,144
29,145
29,147
29,148
29,152
29,153
29,154
29,159
29,160
29,163
29,164
29,165
29,166
29,167
29,168
29,170
29,171
29,172
29,175
29,176
29,178
29,179
29,180
29,185
29,186
29,187
29,189
29,191
29,192
29,196
29,198
30,31
30,32
30,33
30,34
30,35
30,36
30,37
30,38
30,39
30,40
30,41
30,42
30,43
30,44
30,45
30,46
30,47
30,48
30,49
30,50
30,51
30,52
30,53
30,54
30,55
30,56
30,57
30,58
30,59
30,60
30,61
30,62
30,63
30,64
30,65
30,66
30,67
30,68
30,69
30,70
30,71
30,72
30,73
30,74
30,75
30,76
30,77
30,78
30,79
30,80
30,81
30,82
30,83
30,84
30,85
30,86
30,87
30,88
30,89
30,90
30,91
30,92
30,93
30,94
30,95
31,32
31,33
31,34
31,35
31,36
31,37
31,38
31,39
31,40
31,41
31,42
31,43
31,44
31,45
31,46
31,47
31,48
31,49
31,50
31,51
31,52
31,53
31,54
31,55
31,56
31,57
31,58
31,59
31,60
31,61
31,62
31,63
31,64
31,65
31,66
31,67
31,68
31,69
31,70
31,71
31,72
31,73
31,74
31,75
31,76
31,77
31,78
31,79
31,80
31,81
31,82
31,83
31,84
31,85
31,86
31,87
31,88
31,89
31,90
31,91
31,92
31,93
31,94
31,95
32,33
32,34
32,35
32,36
32,37
32,38
32,39
32,40
32,41
32,42
32,43
32,44
32,45
32,46
32,47
32,48
32,49
32,50
32,51
32,52
32,53
32,54
32,55
32,56
32,57
32,58
32,59
32,60
32,61
32,62
32,63
32,64
32,65
32,66
32,67
32,68
32,69
32,70
32,71
32,72
32,73
32,74
32,75
32,76
32,77
32,78
32,79
32,80
32,81
32,82
32,83
32,84
32,85
32,86
32,87
32,88
32,89
32,90
32,91
32,92
32,93
32,94
32,95
33,34
33,35
33,36
33,37
33,38
33,39
33,40
33,41
33,42
33,43
33,44
33,45
33,46
33,47
33,48
33,49
33,50
33,51
33,52
33,53
33,54
33,55
33,56
33,57
33,58
33,59
33,60
33,61
33,62
33,63
33,64
33,65
33,66
33,67
33,68
33,69
33,70
33,71
33,72
33,73
33,74
33,75
33,76
33,77
33,78
33,79
33,80
33,81
33,82
33,83
33,84
33,85
33,86
33,87
33,88
33,89
33,90
33,91
33,92
33,93
33,94
33,95
33,99
33,100
33,102
33,105
33,106
33,110
33,112
33,115
33,116
33,120
33,121
33,122
33,123
33,124
33,125
33,128
33,129
33,131
33,132
33,135
33,141
33,144
33,145
33,147
33,148
33,152
33,153
33,154
33,159
33,160
33,163
33,164
33,165
33,166
33,167
33,168
33,170
33,171
33,172
33,175
33,176
33,178
33,179
33,180
33,185
33,186
33,187
33,189
33,191
33,192
33,196
33,198
34,35
34,36
34,37
34,38
34,39
34,40
34,41
34,42
34,43
34,44
34,45
34,46
34,47
34,48
34,49
34,50
34,51
34,52
34,53
34,54
34,55
34,56
34,57
34,58
34,59
34,60
34,61
34,62
34,63
34,64
34,65
34,66
34,67
34,68
34,69
34,70
34,71
34,72
34,73
34,74
34,75
34,76
34,77
34,78
34,79
34,80
34,81
34,82
34,83
34,84
34,85
34,86
34,87
34,88
34,89
34,90
34,91
34,92
34,93
34,94
34,95
34,99
34,100
34,102
34,105
34,106
34,110
34,112
34,115
34,116
34,120
34,121
34,122
34,123
34,124
34,125
34,128
34,129
34,131
34,132
34,135
34,141
34,144
34,145
34,147
34,148
34,152
34,153
34,154
34,159
34,160
34,163
34,164
34,165
34,166
34,167
34,168
34,170
34,171
34,172
34,175
34,176
34,178
34,179
34,180
34,185
34,186
34,187
34,189
34,191
34,192
34,196
34,198
35,36
35,37
35,38
35,39
35,40
35,41
35,42
35,43
35,44
35,45
35,46
35,47
35,48
35,49
35,50
35,51
35,52
35,53
35,54
35,55
35,56
35,57
35,58
35,59
35,60
35,61
35,62
35,63
35,64
35,65
35,66
35,67
35,68
35,69
35,70
35,71
35,72
35,73
35,74
35,75
35,76
35,77
35,78
35,79
35,80
35,81
35,82
35,83
35,84
35,85
35,86
35,87
35,88
35,89
35,90
35,91
35,92
35,93
35,94
35,95
35,99
35,100
35,102
35,105
35,106
35,110
35,112
35,115
35,116
35,120
35,121
35,122
35,123
35,124
35,125
35,128
35,129
35,131
35,132
35,135
35,141
35,144
35,145
35,147
35,148
35,152
35,153
35,154
35,159
35,160
35,163
35,164
35,165
35,166
35,167
35,168
35,170
35,171
35,172
35,175
35,176
35,178
35,179
35,180
35,185
35,186
35,187
35,189
35,191
35,192
35,196
35,198
36,37
36,38
36,39
36,40
36,41
36,42
36,43
36,44
36,45
36,46
36,47
36,48
36,49
36,50
36,51
36,52
36,53
36,54
36,55
36,56
36,57
36,58
36,59
36,60
36,61
36,62
36,63
36,64
36,65
36,66
36,67
36,68
36,69
36,70
36,71
36,72
36,73
36,74
36,75
36,76
36,77
36,78
36,79
36,80
36,81
36,82
36,83
36,84
36,85
36,86
36,87
36,88
36,89
36,90
36,91
36,92
36,93
36,94
36,95
36,99
36,100
36,102
36,105
36,106
36,110
36,112
36,115
36,116
36,120
36,121
36,122
36,123
36,124
36,125
36,128
36,129
36,131
36,132
36,135
36,141
36,144
36,145
36,147
36,148
36,152
36,153
36,154
36,159
36,160
36,163
36,164
36,165
36,166
36,167
36,168
36,170
36,171
36,172
36,175
36,176
36,178
36,179
36,180
36,185
36,186
36,187
36,189
36,191
36,192
36,196
36,198
37,38
37,39
37,40
37,41
37,42
37,43
37,44
37,45
37,46
37,47
37,48
37,49
37,50
37,51
37,52
37,53
37,54
37,55
37,56
37,57
37,58
37,59
37,60
37,61
37,62
37,63
37,64
37,65
37,66
37,67
37,68
37,69
37,70
37,71
37,72
37,73
37,74
37,75
37,76
37,77
37,78
37,79
37,80
37,81
37,82
37,83
37,84
37,85
37,86
37,87
37,88
37,89
37,90
37,91
37,92
37,93
37,94
37,95
38,39
38,40
38,41
38,42
38,43
38,44
38,45
38,46
38,47
38,48
38,49
38,50
38,51
38,52
38,53
38,54
38,55
38,56
38,57
38,58
38,59
38,60
38,61
38,62
38,63
38,64
38,65
38,66
38,67
38,68
38,69
38,70
38,71
38,72
38,73
38,74
38,75
38,76
38,77
38,78
38,79
38,80
38,81
38,82
38,83
38,84
38,85
38,86
38,87
38,88
38,89
38,90
38,91
38,92
38,93
38,94
38,95
38,99
38,100
38,102
38,105
38,106
38,110
38,112
38,115
38,116
38,120
38,121
38,122
38,123
38,124
38,125
38,128
38,129
38,131
38,132
38,135
38,141
38,144
38,145
38,147
38,148
38,152
38,153
38,154
38,159
38,160
38,163
38,164
38,165
38,166
38,167
38,168
38,170
38,171
38,172
38,175
38,176
38,178
38,179
38,180
38,185
38,186
38,187
38,189
38,191
38,192
38,196
38,198
39,40
39,41
39,42
39,43
39,44
39,45
39,46
39,47
39,48
39,49
39,50
39,51
39,52
39,53
39,54
39,55
39,56
39,57
39,58
39,59
39,60
39,61
39,62
39,63
39,64
39,65
39,66
39,67
39,68
39,69
39,70
39,71
39,72
39,73
39,74
39,75
39,76
39,77
39,78
39,79
39,80
39,81
39,82
39,83
39,84
39,85
39,86
39,87
39,88
39,89
39,90
39,91
39,92
39,93
39,94
39,95
39,99
39,100
39,102
39,105
39,106
39,110
39,112
39,115
39,116
39,120
39,121
39,122
39,123
39,124
39,125
39,128
39,129
39,131
39,132
39,135
39,141
39,144
39,145
39,147
39,148
39,152
39,153
39,154
39,159
39,160
39,163
39,164
39,165
39,166
39,167
39,168
39,170
39,171
39,172
39,175
39,176
39,178
39,179
39,180
39,185
39,186
39,187
39,189
39,191
39,192
39,196
39,198
40,41
40,42
40,43
40,44
40,45
40,46
40,47
40,48
40,49
40,50
40,51
40,52
40,53
40,54
40,55
40,56
40,57
40,58
40,59
40,60
40,61
40,62
40,63
40,64
40,65
40,66
40,67
40,68
40,69
40,70
40,71
40,72
40,73
40,74
40,75
40,76
40,77
40,78
40,79
40,80
40,81
40,82
40,83
40,84
40,85
40,86
40,87
40,88
40,89
40,90
40,91
40,92
40,93
40,94
40,95
41,42
41,43
41,44
41,45
41,46
41,47
41,48
41,49
41,50
41,51
41,52
41,53
41,54
41,55
41,56
41,57
41,58
41,59
41,60
41,61
41,62
41,63
41,64
41,65
41,66
41,67
41,68
41,69
41,70
41,71
41,72
41,73
41,74
41,75
41,76
41,77
41,78
41,79
41,80
41,81
41,82
41,83
41,84
41,85
41,86
41,87
41,88
41,89
41,90
41,91
41,92
41,93
41,94
41,95
41,99
41,100
41,102
41,105
41,106
41,110
41,112
41,115
41,116
41,120
41,121
41,122
41,123
41,124
41,125
41,128
41,129
41,131
41,132
41,135
41,141
41,144
41,145
41,147
41,148
41,152
41,153
41,154
41,159
41,160
41,163
41,164
41,165
41,166
41,167
41,168
41,170
41,171
41,172
41,175
41,176
41,178
41,179
41,180
41,185
41,186
41,187
41,189
41,191
41,192
41,196
41,198
42,43
42,44
42,45
42,46
42,47
42,48
42,49
42,50
42,51
42,52
42,53
42,54
42,55
42,56
42,57
42,58
42,59
42,60
42,61
42,62
42,63
42,64
42,65
42,66
42,67
42,68
42,69
42,70
42,71
42,72
42,73
42,74
42,75
42,76
42,77
42,78
42,79
42,80
42,81
42,82
42,83
42,84
42,85
42,86
42,87
42,88
42,89
42,90
42,91
42,92
42,93
42,94
42,95
43,44
43,45
43,46
43,47
43,48
43,49
43,50
43,51
43,52
43,53
43,54
43,55
43,56
43,57
43,58
43,59
43,60
43,61
43,62
43,63
43,64
43,65
43,66
43,67
43,68
43,69
43,70
43,71
43,72
43,73
43,74
43,75
43,76
43,77
43,78
43,79
43,80
43,81
43,82
43,83
43,84
43,85
43,86
43,87
43,88
43,89
43,90
43,91
43,92
43,93
43,94
43,95
43,99
43,100
43,102
43,105
43,106
43,110
43,112
43,115
43,116
43,120
43,121
43,122
43,123
43,124
43,125
43,128
43,129
43,131
43,132
43,135
43,141
43,144
43,145
43,147
43,148
43,152
43,153
43,154
43,159
43,160
43,163
43,164
43,165
43,166
43,167
43,168
43,170
43,171
43,172
43,175
43,176
43,178
43,179
43,180
43,185
43,186
43,187
43,189
43,191
43,192
43,196
43,198
44,45
44,46
44,47
44,48
44,49
44,50
44,51
44,52
44,53
44,54
44,55
44,56
44,57
44,58
44,59
44,60
44,61
44,62
44,63
44,64
44,65
44,66
44,67
44,68
44,69
44,70
44,71
44,72
44,73
44,74
44,75
44,76
44,77
44,78
44,79
44,80
44,81
44,82
44,83
44,84
44,85
44,86
44,87
44,88
44,89
44,90
44,91
44,92
44,93
44,94
44,95
45,46
45,47
45,48
45,49
45,50
45,51
45,52
45,53
45,54
45,55
45,56
45,57
45,58
45,59
45,60
45,61
45,62
45,63
45,64
45,65
45,66
45,67
45,68
45,69
45,70
45,71
45,72
45,73
45,74
45,75
45,76
45,77
45,78
45,79
45,80
45,81
45,82
45,83
45,84
45,85
45,86
45,87
45,88
45,89
45,90
45,91
45,92
45,93
45,94
45,95
46,47
46,48
46,49
46,50
46,51
46,52
46,53
46,54
46,55
46,56
46,57
46,58
46,59
46,60
46,61
46,62
46,63
46,64
46,65
46,66
46,67
46,68
46,69
46,70
46,71
46,72
46,73
46,74
46,75
46,76
46,77
46,78
46,79
46,80
46,81
46,82
46,83
46,84
46,85
46,86
46,87
46,88
46,89
46,90
46,91
46,92
46,93
46,94
46,95
46,99
46,100
46,102
46,105
46,106
46,110
46,112
46,115
46,116
46,120
46,121
46,122
46,123
46,124
46,125
46,128
46,129
46,131
46,132
46,135
46,141
46,144
46,145
46,147
46,148
46,152
46,153
46,154
46,159
46,160
46,163
46,164
46,165
46,166
46,167
46,168
46,170
46,171
46,172
46,175
46,176
46,178
46,179
46,180
46,185
46,186
46,187
46,189
46,191
46,192
46,196
46,198
47,48
47,49
47,50
47,51
47,52
47,53
47,54
47,55
47,56
47,57
47,58
47,59
47,60
47,61
47,62
47,63
47,64
47,65
47,66
47,67
47,68
47,69
47,70
47,71
47,72
47,73
47,74
47,75
47,76
47,77
47,78
47,79
47,80
47,81
47,82
47,83
47,84
47,85
47,86
47,87
47,88
47,89
47,90
47,91
47,92
47,93
47,94
47,95
47,99
47,100
47,102
47,105
47,106
47,110
47,112
47,115
47,116
47,120
47,121
47,122
47,123
47,124
47,125
47,128
47,129
47,131
47,132
47,135
47,141
47,144
47,145
47,147
47,148
47,152
47,153
47,154
47,159
47,160
47,163
47,164
47,165
47,166
47,167
47,168
47,170
47,171
47,172
47,175
47,176
47,178
47,179
47,180
47,185
47,186
47,187
47,189
47,191
47,192
47,196
47,198
48,49
48,50
48,51
48,52
48,53
48,54
48,55
48,56
48,57
48,58
48,59
48,60
48,61
48,62
48,63
48,64
48,65
48,66
48,67
48,68
48,69
48,70
48,71
48,72
48,73
48,74
48,75
48,76
48,77
48,78
48,79
48,80
48,81
48,82
48,83
48,84
48,85
48,86
48,87
48,88
48,89
48,90
48,91
48,92
48,93
48,94
48,95
49,50
49,51
49,52
49,53
49,54
49,55
49,56
49,57
49,58
49,59
49,60
49,61
49,62
49,63
49,64
49,65
49,66
49,67
49,68
49,69
49,70
49,71
49,72
49,73
49,74
49,75
49,76
49,77
49,78
49,79
49,80
49,81
49,82
49,83
49,84
49,85
49,86
49,87
49,88
49,89
49,90
49,91
49,92
49,93
49,94
49,95
49,99
49,100
49,102
49,105
49,106
49,110
49,112
49,115
49,116
49,120
49,121
49,122
49,123
49,124
49,125
49,128
49,129
49,131
49,132
49,135
49,141
49,144
49,145
49,147
49,148
49,152
49,153
49,154
49,159
49,160
49,163
49,164
49,165
49,166
49,167
49,168
49,170
49,171
49,172
49,175
49,176
49,178
49,179
49,180
49,185
49,186
49,187
49,189
49,191
49,192
49,196
49,198
50,51
50,52
50,53
50,54
50,55
50,56
50,57
50,58
50,59
50,60
50,61
50,62
50,63
50,64
50,65
50,66
50,67
50,68
50,69
50,70
50,71
50,72
50,73
50,74
50,75
50,76
50,77
50,78
50,79
50,80
50,81
50,82
50,83
50,84
50,85
50,86
50,87
50,88
50,89
50,90
50,91
50,92
50,93
50,94
50,95
50,99
50,100
50,102
50,105
50,106
50,110
50,112
50,115
50,116
50,120
50,121
50,122
50,123
50,124
50,125
50,128
50,129
50,131
50,132
50,135
50,141
50,144
50,145
50,147
50,148
50,152
50,153
50,154
50,159
50,160
50,163
50,164
50,165
50,166
50,167
50,168
50,170
50,171
50,172
50,175
50,176
50,178
50,179
50,180
50,185
50,186
50,187
50,189
50,191
50,192
50,196
50,198
51,52
51,53
51,54
51,55
51,56
51,57
51,58
51,59
51,60
51,61
51,62
51,63
51,64
51,65
51,66
51,67
51,68
51,69
51,70
51,71
51,72
51,73
51,74
51,75
51,76
51,77
51,78
51,79
51,80
51,81
51,82
51,83
51,84
51,85
51,86
51,87
51,88
51,89
51,90
51,91
51,92
51,93
51,94
51,95
52,53
52,54
52,55
52,56
52,57
52,58
52,59
52,60
52,61
52,62
52,63
52,64
52,65
52,66
52,67
52,68
52,69
52,70
52,71
52,72
52,73
52,74
52,75
52,76
52,77
52,78
52,79
52,80
52,81
52,82
52,83
52,84
52,85
52,86
52,87
52,88
52,89
52,90
52,91
52,92
52,93
52,94
52,95
53,54
53,55
53,56
53,57
53,58
53,59
53,60
53,61
53,62
53,63
53,64
53,65
53,66
53,67
53,68
53,69
53,70
53,71
53,72
53,73
53,74
53,75
53,76
53,77
53,78
53,79
53,80
53,81
53,82
53,83
53,84
53,85
53,86
53,87
53,88
53,89
53,90
53,91
53,92
53,93
53,94
53,95
54,55
54,56
54,57
54,58
54,59
54,60
54,61
54,62
54,63
54,64
54,65
54,66
54,67
54,68
54,69
54,70
54,71
54,72
54,73
54,74
54,75
54,76
54,77
54,78
54,79
54,80
54,81
54,82
54,83
54,84
54,85
54,86
54,87
54,88
54,89
54,90
54,91
54,92
54,93
54,94
54,95
54,99
54,100
54,102
54,105
54,106
54,110
54,112
54,115
54,116
54,120
54,121
54,122
54,123
54,124
54,125
54,128
54,129
54,131
54,132
54,135
54,141
54,144
54,145
54,147
54,148
54,152
54,153
54,154
54,159
54,160
54,163
54,164
54,165
54,166
54,167
54,168
54,170
54,171
54,172
54,175
54,176
54,178
54,179
54,180
54,185
54,186
54,187
54,189
54,191
54,192
54,196
54,198
55,56
55,57
55,58
55,59
55,60
55,61
55,62
55,63
55,64
55,65
55,66
55,67
55,68
55,69
55,70
55,71
55,72
55,73
55,74
55,75
55,76
55,77
55,78
55,79
55,80
55,81
55,82
55,83
55,84
55,85
55,86
55,87
55,88
55,89
55,90
55,91
55,92
55,93
55,94
55,95
56,57
56,58
56,59
56,60
56,61
56,62
56,63
56,64
56,65
56,66
56,67
56,68
56,69
56,70
56,71
56,72
56,73
56,74
56,75
56,76
56,77
56,78
56,79
56,80
56,81
56,82
56,83
56,84
56,85
56,86
56,87
56,88
56,89
56,90
56,91
56,92
56,93
56,94
56,95
56,99
56,100
56,102
56,105
56,106
56,110
56,112
56,115
56,116
56,120
56,121
56,122
56,123
56,124
56,125
56,128
56,129
56,131
56,132
56,135
56,141
56,144
56,145
56,147
56,148
56,152
56,153
56,154
56,159
56,160
56,163
56,164
56,165
56,166
56,167
56,168
56,170
56,171
56,172
56,175
56,176
56,178
56,179
56,180
56,185
56,186
56,187
56,189
56,191
56,192
56,196
56,198
57,58
57,59
57,60
57,61
57,62
57,63
57,64
57,65
57,66
57,67
57,68
57,69
57,70
57,71
57,72
57,73
57,74
57,75
57,76
57,77
57,78
57,79
57,80
57,81
57,82
57,83
57,84
57,85
57,86
57,87
57,88
57,89
57,90
57,91
57,92
57,93
57,94
57,95
57,99
57,100
57,102
57,105
57,106
57,110
57,112
57,115
57,116
57,120
57,121
57,122
57,123
57,124
57,125
57,128
57,129
57,131
57,132
57,135
57,141
57,144
57,145
57,147
57,148
57,152
57,153
57,154
57,159
57,160
57,163
57,164
57,165
57,166
57,167
57,168
57,170
57,171
57,172
57,175
57,176
57,178
57,179
57,180
57,185
57,186
57,187
57,189
57,191
57,192
57,196
57,198
58,59
58,60
58,61
58,62
58,63
58,64
58,65
58,66
58,67
58,68
58,69
58,70
58,71
58,72
58,73
58,74
58,75
58,76
58,77
58,78
58,79
58,80
58,81
58,82
58,83
58,84
58,85
58,86
58,87
58,88
58,89
58,90
58,91
58,92
58,93
58,94
58,95
58,99
58,100
58,102
58,105
58,106
58,110
58,112
58,115
58,116
58,120
58,121
58,122
58,123
58,124
58,125
58,128
58,129
58,131
58,132
58,135
58,141
58,144
58,145
58,147
58,148
58,152
58,153
58,154
58,159
58,160
58,163
58,164
58,165
58,166
58,167
58,168
58,170
58,171
58,172
58,175
58,176
58,178
58,179
58,180
58,185
58,186
58,187
58,189
58,191
58,192
58,196
58,198
59,60
59,61
59,62
59,63
59,64
59,65
59,66
59,67
59,68
59,69
59,70
59,71
59,72
59,73
59,74
59,75
59,76
59,77
59,78
59,79
59,80
59,81
59,82
59,83
59,84
59,85
59,86
59,87
59,88
59,89
59,90
59,91
59,92
59,93
59,94
59,95
59,99
59,100
59,102
59,105
59,106
59,110
59,112
59,115
59,116
59,120
59,121
59,122
59,123
59,124
59,125
59,128
59,129
59,131
59,132
59,135
59,141
59,144
59,145
59,147
59,148
59,152
59,153
59,154
59,159
59,160
59,163
59,164
59,165
59,166
59,167
59,168
59,170
59,171
59,172
59,175
59,176
59,178
59,179
59,180
59,185
59,186
59,187
59,189
59,191
59,192
59,196
59,198
60,61
60,62
60,63
60,64
60,65
60,66
60,67
60,68
60,69
60,70
60,71
60,72
60,73
60,74
60,75
60,76
60,77
60,78
60,79
60,80
60,81
60,82
60,83
60,84
60,85
60,86
60,87
60,88
60,89
60,90
60,91
60,92
60,93
60,94
60,95
61,62
61,63
61,64
61,65
61,66
61,67
61,68
61,69
61,70
61,71
61,72
61,73
61,74
61,75
61,76
61,77
61,78
61,79
61,80
61,81
61,82
61,83
61,84
61,85
61,86
61,87
61,88
61,89
61,90
61,91
61,92
61,93
61,94
61,95
61,99
61,100
61,102
61,105
61,106
61,110
61,112
61,115
61,116
61,120
61,121
61,122
61,123
61,124
61,125
61,128
61,129
61,131
61,132
61,135
61,141
61,144
61,145
61,147
61,148
61,152
61,153
61,154
61,159
61,160
61,163
61,164
61,165
61,166
61,167
61,168
61,170
61,171
61,172
61,175
61,176
61,178
61,179
61,180
61,185
61,186
61,187
61,189
61,191
61,192
61,196
61,198
62,63
62,64
62,65
62,66
62,67
62,68
62,69
62,70
62,71
62,72
62,73
62,74
62,75
62,76
62,77
62,78
62,79
62,80
62,81
62,82
62,83
62,84
62,85
62,86
62,87
62,88
62,89
62,90
62,91
62,92
62,93
62,94
62,95
62,99
62,100
62,102
62,105
62,106
62,110
62,112
62,115
62,116
62,120
62,121
62,122
62,123
62,124
62,125
62,128
62,129
62,131
62,132
62,135
62,141
62,144
62,145
62,147
62,148
62,152
62,153
62,154
62,159
62,160
62,163
62,164
62,165
62,166
62,167
62,168
62,170
62,171
62,172
62,175
62,176
62,178
62,179
62,180
62,185
62,186
62,187
62,189
62,191
62,192
62,196
62,198
63,64
63,65
63,66
63,67
63,68
63,69
63,70
63,71
63,72
63,73
63,74
63,75
63,76
63,77
63,78
63,79
63,80
63,81
63,82
63,83
63,84
63,85
63,86
63,87
63,88
63,89
63,90
63,91
63,92
63,93
63,94
63,95
64,65
64,66
64,67
64,68
64,69
64,70
64,71
64,72
64,73
64,74
64,75
64,76
64,77
64,78
64,79
64,80
64,81
64,82
64,83
64,84
64,85
64,86
64,87
64,88
64,89
64,90
64,91
64,92
64,93
64,94
64,95
65,66
65,67
65,68
65,69
65,70
65,71
65,72
65,73
65,74
65,75
65,76
65,77
65,78
65,79
65,80
65,81
65,82
65,83
65,84
65,85
65,86
65,87
65,88
65,89
65,90
65,91
65,92
65,93
65,94
65,95
66,67
66,68
66,69
66,70
66,71
66,72
66,73
66,74
66,75
66,76
66,77
66,78
66,79
66,80
66,81
66,82
66,83
66,84
66,85
66,86
66,87
66,88
66,89
66,90
66,91
66,92
66,93
66,94
66,95
67,68
67,69
67,70
67,71
67,72
67,73
67,74
67,75
67,76
67,77
67,78
67,79
67,80
67,81
67,82
67,83
67,84
67,85
67,86
67,87
67,88
67,89
67,90
67,91
67,92
67,93
67,94
67,95
67,99
67,100
67,102
67,105
67,106
67,110
67,112
67,115
67,116
67,120
67,121
67,122
67,123
67,124
67,125
67,128
67,129
67,131
67,132
67,135
67,141
67,144
67,145
67,147
67,148
67,152
67,153
67,154
67,159
67,160
67,163
67,164
67,165
67,166
67,167
67,168
67,170
67,171
67,172
67,175
67,176
67,178
67,179
67,180
67,185
67,186
67,187
67,189
67,191
67,192
67,196
67,198
68,69
68,70
68,71
68,72
68,73
68,74
68,75
68,76
68,77
68,78
68,79
68,80
68,81
68,82
68,83
68,84
68,85
68,86
68,87
68,88
68,89
68,90
68,91
68,92
68,93
68,94
68,95
69,70
69,71
69,72
69,73
69,74
69,75
69,76
69,77
69,78
69,79
69,80
69,81
69,82
69,83
69,84
69,85
69,86
69,87
69,88
69,89
69,90
69,91
69,92
69,93
69,94
69,95
69,99
69,100
69,102
69,105
69,106
69,110
69,112
69,115
69,116
69,120
69,121
69,122
69,123
69,124
69,125
69,128
69,129
69,131
69,132
69,135
69,141
69,144
69,145
69,147
69,148
69,152
69,153
69,154
69,159
69,160
69,163
69,164
69,165
69,166
69,167
69,168
69,170
69,171
69,172
69,175
69,176
69,178
69,179
69,180
69,185
69,186
69,187
69,189
69,191
69,192
69,196
69,198
70,71
70,72
70,73
70,74
70,75
70,76
70,77
70,78
70,79
70,80
70,81
70,82
70,83
70,84
70,85
70,86
70,87
70,88
70,89
70,90
70,91
70,92
70,93
70,94
70,95
70,99
70,100
70,102
70,105
70,106
70,110
70,112
70,115
70,116
70,120
70,121
70,122
70,123
70,124
70,125
70,128
70,129
70,131
70,132
70,135
70,141
70,144
70,145
70,147
70,148
70,152
70,153
70,154
70,159
70,160
70,163
70,164
70,165
70,166
70,167
70,168
70,170
70,171
70,172
70,175
70,176
70,178
70,179
70,180
70,185
70,186
70,187
70,189
70,191
70,192
70,196
70,198
71,72
71,73
71,74
71,75
71,76
71,77
71,78
71,79
71,80
71,81
71,82
71,83
71,84
71,85
71,86
71,87
71,88
71,89
71,90
71,91
71,92
71,93
71,94
71,95
72,73
72,74
72,75
72,76
72,77
72,78
72,79
72,80
72,81
72,82
72,83
72,84
72,85
72,86
72,87
72,88
72,89
72,90
72,91
72,92
72,93
72,94
72,95
72,99
72,100
72,102
72,105
72,106
72,110
72,112
72,115
72,116
72,120
72,121
72,122
72,123
72,124
72,125
72,128
72,129
72,131
72,132
72,135
72,141
72,144
72,145
72,147
72,148
72,152
72,153
72,154
72,159
72,160
72,163
72,164
72,165
72,166
72,167
72,168
72,170
72,171
72,172
72,175
72,176
72,178
72,179
72,180
72,185
72,186
72,187
72,189
72,191
72,192
72,196
72,198
73,74
73,75
73,76
73,77
73,78
73,79
73,80
73,81
73,82
73,83
73,84
73,85
73,86
73,87
73,88
73,89
73,90
73,91
73,92
73,93
73,94
73,95
74,75
74,76
74,77
74,78
74,79
74,80
74,81
74,82
74,83
74,84
74,85
74,86
74,87
74,88
74,89
74,90
74,91
74,92
74,93
74,94
74,95
75,76
75,77
75,78
75,79
75,80
75,81
75,82
75,83
75,84
75,85
75,86
75,87
75,88
75,89
75,90
75,91
75,92
75,93
75,94
75,95
76,77
76,78
76,79
76,80
76,81
76,82
76,83
76,84
76,85
76,86
76,87
76,88
76,89
76,90
76,91
76,92
76,93
76,94
76,95
77,78
77,79
77,80
77,81
77,82
77,83
77,84
77,85
77,86
77,87
77,88
77,89
77,90
77,91
77,92
77,93
77,94
77,95
77,99
77,100
77,102
77,105
77,106
77,110
77,112
77,115
77,116
77,120
77,121
77,122
77,123
77,124
77,125
77,128
77,129
77,131
77,132
77,135
77,141
77,144
77,145
77,147
77,148
77,152
77,153
77,154
77,159
77,160
77,163
77,164
77,165
77,166
77,167
77,168
77,170
77,171
77,172
77,175
77,176
77,178
77,179
77,180
77,185
77,186
77,187
77,189
77,191
77,192
77,196
77,198
78,79
78,80
78,81
78,82
78,83
78,84
78,85
78,86
78,87
78,88
78,89
78,90
78,91
78,92
78,93
78,94
78,95
79,80
79,81
79,82
79,83
79,84
79,85
79,86
79,87
79,88
79,89
79,90
79,91
79,92
79,93
79,94
79,95
80,81
80,82
80,83
80,84
80,85
80,86
80,87
80,88
80,89
80,90
80,91
80,92
80,93
80,94
80,95
81,82
81,83
81,84
81,85
81,86
81,87
81,88
81,89
81,90
81,91
81,92
81,93
81,94
81,95
82,83
82,84
82,85
82,86
82,87
82,88
82,89
82,90
82,91
82,92
82,93
82,94
82,95
82,99
82,100
82,102
82,105
82,106
82,110
82,112
82,115
82,116
82,120
82,121
82,122
82,123
82,124
82,125
82,128
82,129
82,131
82,132
82,135
82,141
82,144
82,145
82,147
82,148
82,152
82,153
82,154
82,159
82,160
82,163
82,164
82,165
82,166
82,167
82,168
82,170
82,171
82,172
82,175
82,176
82,178
82,179
82,180
82,185
82,186
82,187
82,189
82,191
82,192
82,196
82,198
83,84
83,85
83,86
83,87
83,88
83,89
83,90
83,91
83,92
83,93
83,94
83,95
83,99
83,100
83,102
83,105
83,106
83,110
83,112
83,115
83,116
83,120
83,121
83,122
83,123
83,124
83,125
83,128
83,129
83,131
83,132
83,135
83,141
83,144
83,145
83,147
83,148
83,152
83,153
83,154
83,159
83,160
83,163
83,164
83,165
83,166
83,167
83,168
83,170
83,171
83,172
83,175
83,176
83,178
83,179
83,180
83,185
83,186
83,187
83,189
83,191
83,192
83,196
83,198
84,85
84,86
84,87
84,88
84,89
84,90
84,91
84,92
84,93
84,94
84,95
84,99
84,100
84,102
84,105
84,106
84,110
84,112
84,115
84,116
84,120
84,121
84,122
84,123
84,124
84,125
84,128
84,129
84,131
84,132
84,135
84,141
84,144
84,145
84,147
84,148
84,152
84,153
84,154
84,159
84,160
84,163
84,164
84,165
84,166
84,167
84,168
84,170
84,171
84,172
84,175
84,176
84,178
84,179
84,180
84,185
84,186
84,187
84,189
84,191
84,192
84,196
84,198
85,86
85,87
85,88
85,89
85,90
85,91
85,92
85,93
85,94
85,95
86,87
86,88
86,89
86,90
86,91
86,92
86,93
86,94
86,95
87,88
87,89
87,90
87,91
87,92
87,93
87,94
87,95
87,99
87,100
87,102
87,105
87,106
87,110
87,112
87,115
87,116
87,120
87,121
87,122
87,123
87,124
87,125
87,128
87,129
87,131
87,132
87,135
87,141
87,144
87,145
87,147
87,148
87,152
87,153
87,154
87,159
87,160
87,163
87,164
87,165
87,166
87,167
87,168
87,170
87,171
87,172
87,175
87,176
87,178
87,179
87,180
87,185
87,186
87,187
87,189
87,191
87,192
87,196
87,198
88,89
88,90
88,91
88,92
88,93
88,94
88,95
89,90
89,91
89,92
89,93
89,94
89,95
90,91
90,92
90,93
90,94
90,95
90,99
90,100
90,102
90,105
90,106
90,110
90,112
90,115
90,116
90,120
90,121
90,122
90,123
90,124
90,125
90,128
90,129
90,131
90,132
90,135
90,141
90,144
90,145
90,147
90,148
90,152
90,153
90,154
90,159
90,160
90,163
90,164
90,165
90,166
90,167
90,168
90,170
90,171
90,172
90,175
90,176
90,178
90,179
90,180
90,185
90,186
90,187
90,189
90,191
90,192
90,196
90,198
91,92
91,93
91,94
91,95
92,93
92,94
92,95
92,99
92,100
92,102
92,105
92,106
92,110
92,112
92,115
92,116
92,120
92,121
92,122
92,123
92,124
92,125
92,128
92,129
92,131
92,132
92,135
92,141
92,144
92,145
92,147
92,148
92,152
92,153
92,154
92,159
92,160
92,163
92,164
92,165
92,166
92,167
92,168
92,170
92,171
92,172
92,175
92,176
92,178
92,179
92,180
92,185
92,186
92,187
92,189
92,191
92,192
92,196
92,198
93,94
93,95
94,95
94,99
94,100
94,102
94,105
94,106
94,110
94,112
94,115
94,116
94,120
94,121
94,122
94,123
94,124
94,125
94,128
94,129
94,131
94,132
94,135
94,141
94,144
94,145
94,147
94,148
94,152
94,153
94,154
94,159
94,160
94,163
94,164
94,165
94,166
94,167
94,168
94,170
94,171
94,172
94,175
94,176
94,178
94,179
94,180
94,185
94,186
94,187
94,189
94,191
94,192
94,196
94,198
95,99
95,100
95,102
95,105
95,106
95,110
95,112
95,115
95,116
95,120
95,121
95,122
95,123
95,124
95,125
95,128
95,129
95,131
95,132
95,135
95,141
95,144
95,145
95,147
95,148
95,152
95,153
95,154
95,159
95,160
95,163
95,164
95,165
95,166
95,167
95,168
95,170
95,171
95,172
95,175
95,176
95,178
95,179
95,180
95,185
95,186
95,187
95,189
95,191
95,192
95,196
95,198
99,100
99,102
99,105
99,106
99,110
99,112
99,115
99,116
99,120
99,121
99,122
99,123
99,124
99,125
99,128
99,129
99,131
99,132
99,135
99,141
99,144
99,145
99,147
99,148
99,152
99,153
99,154
99,159
99,160
99,163
99,164
99,165
99,166
99,167
99,168
99,170
99,171
99,172
99,175
99,176
99,178
99,179
99,180
99,185
99,186
99,187
99,189
99,191
99,192
99,196
99,198
100,102
100,105
100,106
100,110
100,112
100,115
100,116
100,120
100,121
100,122
100,123
100,124
100,125
100,128
100,129
100,131
100,132
100,135
100,141
100,144
100,145
100,147
100,148
100,152
100,153
100,154
100,159
100,160
100,163
100,164
100,165
100,166
100,167
100,168
100,170
100,171
100,172
100,175
100,176
100,178
100,179
100,180
100,185
100,186
100,187
100,189
100,191
100,192
100,196
100,198
102,105
102,106
102,110
102,112
102,115
102,116
102,120
102,121
102,122
102,123
102,124
102,125
102,128
102,129
102,131
102,132
102,135
102,141
102,144
102,145
102,147
102,148
102,152
102,153
102,154
102,159
102,160
102,163
102,164
102,165
102,166
102,167
102,168
102,170
102,171
102,172
102,175
102,176
102,178
102,179
102,180
102,182
102,183
102,185
102,186
102,187
102,188
102,189
102,191
102,192
102,196
102,198
103,128
103,141
103,142
103,144
103,146
103,152
103,154
103,157
103,158
103,161
103,162
103,165
103,167
103,175
103,178
103,181
103,182
103,183
103,184
103,197
103,199
104,133
104,139
104,144
104,146
104,150
104,151
104,155
104,156
104,157
105,106
105,110
105,112
105,115
105,116
105,120
105,121
105,122
105,123
105,124
105,125
105,128
105,129
105,131
105,132
105,135
105,141
105,144
105,145
105,147
105,148
105,149
105,151
105,152
105,153
105,154
105,156
105,157
105,158
105,159
105,160
105,161
105,162
105,163
105,164
105,165
105,166
105,167
105,168
105,170
105,171
105,172
105,174
105,175
105,176
105,178
105,179
105,180
105,182
105,185
105,186
105,187
105,189
105,191
105,192
105,196
105,198
106,110
106,112
106,115
106,116
106,120
106,121
106,122
106,123
106,124
106,125
106,128
106,129
106,131
106,132
106,134
106,135
106,138
106,141
106,144
106,145
106,147
106,148
106,149
106,150
106,151
106,152
106,153
106,154
106,156
106,157
106,158
106,159
106,160
106,162
106,163
106,164
106,165
106,166
106,167
106,168
106,170
106,171
106,172
106,175
106,176
106,178
106,179
106,180
106,183
106,184
106,185
106,186
106,187
106,189
106,191
106,192
106,196
106,198
107,137
107,138
107,139
107,141
107,142
107,146
108,133
108,137
108,139
108,140
108,141
108,142
108,144
108,145
108,148
108,150
108,151
108,156
108,157
108,161
108,162
108,163
108,164
108,165
108,172
108,173
108,174
108,175
108,177
108,180
108,181
108,194
109,132
109,136
109,139
109,140
109,142
109,143
109,144
109,145
109,148
109,149
109,152
109,154
109,156
109,158
109,159
109,163
109,164
109,167
109,172
109,180
109,182
109,183
109,194
110,112
110,115
110,116
110,120
110,121
110,122
110,123
110,124
110,125
110,128
110,129
110,131
110,132
110,135
110,141
110,144
110,145
110,147
110,148
110,152
110,153
110,154
110,159
110,160
110,163
110,164
110,165
110,166
110,167
110,168
110,170
110,171
110,172
110,175
110,176
110,178
110,179
110,180
110,185
110,186
110,187
110,189
110,191
110,192
110,196
110,198
111,128
111,130
111,132
111,133
111,137
111,138
111,139
111,140
111,141
111,142
111,143
111,144
111,145
111,148
111,149
112,115
112,116
112,120
112,121
112,122
112,123
112,124
112,125
112,128
112,129
112,131
112,132
112,135
112,141
112,144
112,145
112,147
112,148
112,152
112,153
112,154
112,159
112,160
112,163
112,164
112,165
112,166
112,167
112,168
112,170
112,171
112,172
112,175
112,176
112,178
112,179
112,180
112,185
112,186
112,187
112,189
112,191
112,192
112,196
112,198
113,126
114,122
114,126
114,128
114,129
114,133
114,136
114,137
114,139
114,141
114,142
114,148
114,151
114,158
114,161
114,163
114,167
114,188
115,116
115,120
115,121
115,122
115,123
115,124
115,125
115,128
115,129
115,131
115,132
115,135
115,141
115,143
115,144
115,145
115,147
115,148
115,151
115,152
115,153
115,154
115,155
115,156
115,157
115,159
115,160
115,161
115,162
115,163
115,164
115,165
115,166
115,167
115,168
115,170
115,171
115,172
115,175
115,176
115,178
115,179
115,180
115,184
115,185
115,186
115,187
115,188
115,189
115,190
115,191
115,192
115,195
115,196
115,198
115,199
116,120
116,121
116,122
116,123
116,124
116,125
116,128
116,129
116,131
116,132
116,135
116,138
116,139
116,141
116,143
116,144
116,145
116,147
116,148
116,149
116,152
116,153
116,154
116,156
116,157
116,159
116,160
116,163
116,164
116,165
116,166
116,167
116,168
116,170
116,171
116,172
116,174
116,175
116,176
116,178
116,179
116,180
116,183
116,185
116,186
116,187
116,189
116,191
116,192
116,196
116,198
117,127
117,133
117,136
117,138
117,139
117,141
117,143
117,145
117,150
117,151
117,152
117,154
117,155
117,156
117,157
117,158
117,161
117,162
117,170
117,173
117,174
117,176
117,177
117,182
117,183
117,184
117,188
117,190
117,193
117,194
117,195
117,199
118,121
118,125
118,126
118,127
118,128
118,130
118,133
118,134
118,136
118,137
118,138
118,139
118,140
118,141
118,142
118,143
118,147
118,151
118,154
118,157
118,158
118,162
118,165
118,170
118,177
118,178
118,181
118,182
118,183
118,184
118,187
118,188
118,190
118,195
118,197
119,121
119,125
119,127
119,128
119,130
119,132
119,134
119,138
119,139
120,121
120,122
120,123
120,124
120,125
120,128
120,129
120,130
120,131
120,132
120,135
120,138
120,141
120,142
120,143
120,144
120,145
120,147
120,148
120,151
120,152
120,153
120,154
120,158
120,159
120,160
120,162
120,163
120,164
120,165
120,166
120,167
120,168
120,170
120,171
120,172
120,173
120,174
120,175
120,176
120,178
120,179
120,180
120,185
120,186
120,187
120,188
120,189
120,191
120,192
120,193
120,194
120,195
120,196
120,198
120,199
121,122
121,123
121,124
121,125
121,127
121,128
121,129
121,130
121,131
121,132
121,134
121,135
121,137
121,139
121,140
121,141
121,144
121,145
121,147
121,148
121,149
121,151
121,152
121,153
121,154
121,158
121,159
121,160
121,162
121,163
121,164
121,165
121,166
121,167
121,168
121,170
121,171
121,172
121,175
121,176
121,177
121,178
121,179
121,180
121,183
121,184
121,185
121,186
121,187
121,188
121,189
121,191
121,192
121,195
121,196
121,197
121,198
121,199
122,123
122,124
122,125
122,127
122,128
122,129
122,131
122,132
122,135
122,141
122,144
122,145
122,147
122,148
122,152
122,153
122,154
122,159
122,160
122,163
122,164
122,165
122,166
122,167
122,168
122,170
122,171
122,172
122,175
122,176
122,178
122,179
122,180
122,185
122,186
122,187
122,189
122,191
122,192
122,196
122,198
123,124
123,125
123,128
123,129
123,131
123,132
123,133
123,134
123,135
123,136
123,137
123,138
123,139
123,141
123,142
123,144
123,145
123,147
123,148
123,152
123,153
123,154
123,159
123,160
123,163
123,164
123,165
123,166
123,167
123,168
123,170
123,171
123,172
123,175
123,176
123,178
123,179
123,180
123,185
123,186
123,187
123,189
123,191
123,192
123,196
123,198
124,125
124,126
124,127
124,128
124,129
124,130
124,131
124,132
124,133
124,134
124,135
124,136
124,137
124,138
124,139
124,141
124,142
124,144
124,145
124,147
124,148
124,151
124,152
124,153
124,154
124,159
124,160
124,163
124,164
124,165
124,166
124,167
124,168
124,170
124,171
124,172
124,175
124,176
124,178
124,179
124,180
124,185
124,186
124,187
124,189
124,191
124,192
124,196
124,198
125,128
125,129
125,130
125,131
125,132
125,134
125,135
125,136
125,137
125,138
125,139
125,141
125,143
125,144
125,145
125,146
125,147
125,148
125,151
125,152
125,153
125,154
125,159
125,160
125,162
125,163
125,164
125,165
125,166
125,167
125,168
125,170
125,171
125,172
125,175
125,176
125,177
125,178
125,179
125,180
125,184
125,185
125,186
125,187
125,189
125,191
125,192
125,195
125,196
125,197
125,198
127,130
128,129
128,131
128,132
128,135
128,139
128,140
128,141
128,144
128,145
128,147
128,148
128,152
128,153
128,154
128,159
128,160
128,163
128,164
128,165
128,166
128,167
128,168
128,170
128,171
128,172
128,175
128,176
128,178
128,179
128,180
128,185
128,186
128,187
128,189
128,191
128,192
128,196
128,198
129,131
129,132
129,135
129,141
129,144
129,145
129,147
129,148
129,152
129,153
129,154
129,159
129,160
129,163
129,164
129,165
129,166
129,167
129,168
129,170
129,171
129,172
129,175
129,176
129,178
129,179
129,180
129,185
129,186
129,187
129,189
129,191
129,192
129,196
129,198
130,138
130,139
130,146
130,155
130,175
130,177
130,178
131,132
131,135
131,137
131,138
131,141
131,143
131,144
131,145
131,147
131,148
131,152
131,153
131,154
131,157
131,159
131,160
131,163
131,164
131,165
131,166
131,167
131,168
131,170
131,171
131,172
131,173
131,175
131,176
131,178
131,179
131,180
131,181
131,182
131,183
131,185
131,186
131,187
131,189
131,191
131,192
131,196
131,198
132,133
132,134
132,135
132,138
132,139
132,141
132,142
132,143
132,144
132,145
132,147
132,148
132,149
132,151
132,152
132,153
132,154
132,155
132,157
132,159
132,160
132,161
132,162
132,163
132,164
132,165
132,166
132,167
132,168
132,170
132,171
132,172
132,175
132,176
132,178
132,179
132,180
132,185
132,186
132,187
132,189
132,191
132,192
132,196
132,198
133,134
133,136
133,138
133,139
133,142
133,143
133,147
133,149
133,155
133,156
133,157
133,161
133,163
133,164
133,170
133,173
133,174
133,175
133,177
133,178
133,181
133,182
133,194
133,195
134,136
134,137
134,138
134,139
134,140
134,142
134,143
134,146
134,147
134,149
134,151
134,155
134,156
134,160
134,161
134,162
134,163
134,164
134,173
134,174
134,177
134,178
134,188
134,189
134,194
134,195
135,140
135,141
135,144
135,145
135,147
135,148
135,149
135,151
135,152
135,153
135,154
135,156
135,157
135,158
135,159
135,160
135,161
135,163
135,164
135,165
135,166
135,167
135,168
135,170
135,171
135,172
135,173
135,175
135,176
135,178
135,179
135,180
135,185
135,186
135,187
135,189
135,191
135,192
135,196
135,198
136,141
136,143
136,145
136,149
136,150
136,151
136,152
136,155
136,156
136,157
136,158
136,160
136,161
136,164
137,141
137,142
137,144
137,147
137,149
137,151
137,152
138,140
138,141
138,143
138,144
138,145
138,149
138,151
138,152
138,153
138,155
138,156
138,158
138,159
138,160
138,161
138,163
138,165
138,166
138,170
138,173
138,177
138,190
138,193
138,195
138,197
139,140
139,143
139,144
139,145
139,149
139,151
139,152
139,153
139,154
139,155
139,156
139,157
139,158
139,159
139,160
139,161
139,163
139,165
139,166
139,173
139,175
139,176
139,177
139,182
139,183
139,184
139,188
139,190
139,193
139,194
139,195
140,141
140,142
140,143
140,144
140,145
140,147
140,148
140,151
140,152
140,154
140,155
140,157
140,158
140,159
140,161
140,162
140,163
140,164
140,165
140,166
140,167
141,142
141,143
141,144
141,145
141,147
141,148
141,151
141,152
141,153
141,154
141,156
141,157
141,158
141,159
141,160
141,162
141,163
141,164
141,165
141,166
141,167
141,168
141,170
141,171
141,172
141,175
141,176
141,177
141,178
141,179
141,180
141,182
141,184
141,185
141,186
141,187
141,188
141,189
141,191
141,192
141,194
141,195
141,196
141,198
142,143
142,145
142,149
142,150
142,151
142,152
142,153
142,155
142,156
142,157
142,158
142,161
142,162
142,164
142,165
142,172
142,173
142,174
142,176
142,180
142,181
142,188
142,189
142,190
142,194
142,197
143,145
143,148
143,150
144,145
144,147
144,148
144,149
144,152
144,153
144,154
144,157
144,159
144,160
144,161
144,162
144,163
144,164
144,165
144,166
144,167
144,168
144,170
144,171
144,172
144,175
144,176
144,178
144,179
144,180
144,185
144,186
144,187
144,189
144,191
144,192
144,196
144,198
145,147
145,148
145,152
145,153
145,154
145,156
145,157
145,159
145,160
145,162
145,163
145,164
145,165
145,166
145,167
145,168
145,170
145,171
145,172
145,174
145,175
145,176
145,177
145,178
145,179
145,180
145,181
145,182
145,184
145,185
145,186
145,187
145,189
145,191
145,192
145,196
145,198
146,148
146,149
146,150
146,151
146,155
146,156
146,161
146,162
146,163
146,164
146,168
146,174
146,181
146,182
146,183
146,184
146,188
146,189
147,148
147,152
147,153
147,154
147,155
147,157
147,158
147,159
147,160
147,163
147,164
147,165
147,166
147,167
147,168
147,170
147,171
147,172
147,175
147,176
147,177
147,178
147,179
147,180
147,183
147,185
147,186
147,187
147,189
147,190
147,191
147,192
147,193
147,194
147,196
147,198
148,149
148,150
148,151
148,152
148,153
148,154
148,155
148,156
148,157
148,159
148,160
148,163
148,164
148,165
148,166
148,167
148,168
148,170
148,171
148,172
148,175
148,176
148,178
148,179
148,180
148,181
148,182
148,183
148,184
148,185
148,186
148,187
148,188
148,189
148,190
148,191
148,192
148,196
148,198
149,150
149,151
149,156
149,157
149,158
149,161
149,163
149,164
149,165
149,166
149,170
149,172
149,173
149,174
149,177
149,178
149,181
149,182
149,184
149,188
149,190
149,193
149,194
149,196
150,151
150,153
150,154
150,155
150,156
150,158
150,159
150,161
150,162
150,164
150,165
150,166
150,169
150,170
150,172
150,173
150,174
150,177
150,178
150,181
150,182
150,183
150,188
150,189
150,190
150,193
150,194
150,195
150,196
150,197
151,152
151,153
151,155
151,156
151,157
151,161
151,162
151,165
151,169
151,172
151,174
151,176
151,178
151,180
151,182
151,184
151,187
151,188
151,189
151,191
151,193
151,195
151,196
151,197
151,199
152,153
152,154
152,156
152,157
152,158
152,159
152,160
152,162
152,163
152,164
152,165
152,166
152,167
152,168
152,169
152,170
152,171
152,172
152,173
152,175
152,176
152,177
152,178
152,179
152,180
152,185
152,186
152,187
152,189
152,191
152,192
152,194
152,195
152,196
152,197
152,198
152,199
153,154
153,156
153,158
153,159
153,160
153,162
153,163
153,164
153,165
153,166
153,167
153,168
153,169
153,170
153,171
153,172
153,174
153,175
153,176
153,178
153,179
153,180
153,185
153,186
153,187
153,189
153,191
153,192
153,196
153,198
154,157
154,158
154,159
154,160
154,161
154,162
154,163
154,164
154,165
154,166
154,167
154,168
154,170
154,171
154,172
154,174
154,175
154,176
154,178
154,179
154,180
154,185
154,186
154,187
154,189
154,191
154,192
154,196
154,198
155,157
155,158
155,161
155,163
155,164
155,168
155,170
155,173
155,176
155,177
155,178
155,180
155,184
155,185
155,188
155,190
155,192
155,193
155,194
155,195
155,197
155,199
156,157
156,158
156,160
156,161
156,163
156,164
156,165
156,167
156,168
156,169
156,172
156,173
156,175
156,176
156,177
156,178
156,180
156,182
156,183
156,184
156,187
156,188
156,189
156,190
156,191
156,192
156,193
156,194
156,195
156,196
156,199
157,159
157,161
157,162
157,168
157,169
157,170
157,172
157,173
157,174
157,175
157,176
157,177
157,180
157,182
157,184
157,185
157,187
157,188
157,189
157,190
157,192
157,193
157,194
157,195
157,196
157,197
157,199
158,160
158,161
158,162
158,163
158,165
158,168
158,170
158,172
158,173
158,174
158,175
158,176
158,177
158,178
158,180
158,181
158,182
158,184
158,187
158,188
158,189
158,190
158,193
158,194
158,195
158,196
158,197
159,160
159,162
159,163
159,164
159,165
159,166
159,167
159,168
159,170
159,171
159,172
159,175
159,176
159,178
159,179
159,180
159,185
159,186
159,187
159,189
159,191
159,192
159,196
159,198
160,162
160,163
160,164
160,165
160,166
160,167
160,168
160,169
160,170
160,171
160,172
160,173
160,174
160,175
160,176
160,178
160,179
160,180
160,182
160,183
160,185
160,186
160,187
160,189
160,190
160,191
160,192
160,193
160,195
160,196
160,198
160,199
161,162
161,163
161,164
161,173
161,174
161,175
161,176
161,177
161,178
161,181
161,182
161,185
161,195
161,197
161,198
161,199
162,164
162,166
162,167
162,169
162,170
162,171
162,172
162,173
162,174
162,177
162,178
162,179
162,180
162,181
162,182
162,183
162,184
162,185
162,189
162,190
162,192
162,193
162,194
162,195
162,196
162,197
162,198
163,164
163,165
163,166
163,167
163,168
163,170
163,171
163,172
163,175
163,176
163,178
163,179
163,180
163,181
163,182
163,183
163,184
163,185
163,186
163,187
163,188
163,189
163,190
163,191
163,192
163,193
163,194
163,195
163,196
163,198
163,199
164,165
164,166
164,167
164,168
164,169
164,170
164,171
164,172
164,175
164,176
164,178
164,179
164,180
164,182
164,183
164,184
164,185
164,186
164,187
164,189
164,191
164,192
164,193
164,194
164,195
164,196
164,197
164,198
164,199
165,166
165,167
165,168
165,169
165,170
165,171
165,172
165,173
165,174
165,175
165,176
165,177
165,178
165,179
165,180
165,185
165,186
165,187
165,189
165,191
165,192
165,196
165,198
166,167
166,168
166,169
166,170
166,171
166,172
166,173
166,175
166,176
166,178
166,179
166,180
166,182
166,184
166,185
166,186
166,187
166,189
166,190
166,191
166,192
166,193
166,195
166,196
166,198
166,199
167,168
167,170
167,171
167,172
167,174
167,175
167,176
167,178
167,179
167,180
167,181
167,183
167,184
167,185
167,186
167,187
167,189
167,190
167,191
167,192
167,194
167,196
167,197
167,198
167,199
168,169
168,170
168,171
168,172
168,175
168,176
168,177
168,178
168,179
168,180
168,185
168,186
168,187
168,189
168,191
168,192
168,195
168,196
168,197
168,198
168,199
169,172
169,174
169,177
169,187
169,188
169,190
169,191
169,193
169,194
169,195
169,196
169,197
169,198
169,199
170,171
170,172
170,175
170,176
170,178
170,179
170,180
170,185
170,186
170,187
170,189
170,190
170,191
170,192
170,193
170,194
170,196
170,198
171,172
171,174
171,175
171,176
171,178
171,179
171,180
171,183
171,184
171,185
171,186
171,187
171,188
171,189
171,191
171,192
171,194
171,195
171,196
171,198
172,175
172,176
172,178
172,179
172,180
172,184
172,185
172,186
172,187
172,189
172,191
172,192
172,196
172,198
172,199
173,174
173,182
173,184
173,193
173,194
173,195
173,196
173,197
173,199
174,178
174,183
174,184
174,185
175,176
175,178
175,179
175,180
175,181
175,182
175,183
175,184
175,185
175,186
175,187
175,189
175,190
175,191
175,192
175,193
175,194
175,196
175,198
176,178
176,179
176,180
176,185
176,186
176,187
176,189
176,191
176,192
176,196
176,197
176,198
177,179
177,181
177,182
177,184
177,187
177,188
177,190
177,193
177,194
177,195
177,196
177,197
178,179
178,180
178,184
178,185
178,186
178,187
178,188
178,189
178,190
178,191
178,192
178,193
178,194
178,196
178,197
178,198
178,199
179,180
179,184
179,185
179,186
179,187
179,188
179,189
179,190
179,191
179,192
179,195
179,196
179,198
180,185
180,186
180,187
180,188
180,189
180,191
180,192
180,194
180,196
180,198
181,183
181,184
181,188
182,183
182,184
182,185
182,191
182,192
182,193
182,194
182,196
182,197
182,198
182,199
183,185
183,188
183,189
183,190
183,191
183,192
183,193
183,194
183,196
183,198
183,199
184,185
184,188
184,189
184,190
184,192
184,194
184,195
184,196
184,198
184,199
185,186
185,187
185,189
185,190
185,191
185,192
185,195
185,196
185,198
185,199
186,187
186,189
186,191
186,192
186,196
186,198
187,189
187,191
187,192
187,194
187,196
187,198
188,190
188,195
188,196
188,198
188,199
189,191
189,192
189,195
189,196
189,198
190,193
190,194
190,195
190,196
190,198
190,199
191,192
191,195
191,196
191,197
191,198
191,199
192,196
192,197
192,198
192,199
193,197
194,196
194,197
194,198
194,199
195,196
195,198
195,199
196,198
197,199
