0,1
0,2
0,3
0,4
0,5
0,6
0,7
0,8
0,9
0,10
0,11
0,12
0,13
0,14
0,15
0,16
0,17
0,18
0,20
0,21
0,25
0,28
0,29
0,31
0,32
0,34
0,35
0,38
0,39
0,41
0,44
0,47
0,49
0,52
0,53
0,56
0,57
1,2
1,3
1,4
1,5
1,6
1,7
1,8
1,9
1,10
1,11
1,12
1,13
1,14
1,15
1,16
1,17
1,18
1,19
2,3
2,4
2,5
2,6
2,7
2,8
2,9
2,10
2,11
2,12
2,13
2,14
2,15
2,16
2,17
2,18
3,4
3,5
3,6
3,7
3,8
3,9
3,10
3,11
3,12
3,13
3,14
3,15
3,16
3,17
4,5
4,6
4,7
4,8
4,9
4,10
4,11
4,12
4,13
4,14
4,15
4,16
4,17
4,18
4,20
4,21
4,25
4,27
4,28
4,29
4,30
4,31
4,32
4,33
4,34
4,35
4,36
4,38
4,39
4,41
4,42
4,43
4,44
4,45
4,46
4,47
4,49
4,50
4,51
4,52
4,53
4,54
4,55
4,56
4,57
4,58
4,60
4,61
4,62
4,63
4,68
4,69
4,71
4,73
4,74
5,6
5,7
5,8
5,9
5,10
5,11
5,12
5,13
5,14
5,15
5,16
5,17
5,18
5,25
5,26
6,7
6,8
6,9
6,10
6,11
6,12
6,13
6,14
6,15
6,16
6,17
6,18
6,19
6,20
6,21
6,22
6,23
6,25
6,26
6,27
6,28
6,29
6,30
6,31
6,32
6,33
6,34
6,35
6,36
6,37
6,38
6,39
6,40
6,41
6,42
6,43
6,44
6,45
6,46
6,47
6,48
6,49
6,50
6,51
6,52
6,53
6,54
6,55
6,56
6,57
6,58
6,59
6,60
6,61
6,62
6,63
6,64
7,8
7,9
7,10
7,11
7,12
7,13
7,14
7,15
7,16
7,17
7,18
7,19
7,20
7,21
7,22
7,23
7,25
7,26
7,27
7,28
7,29
7,30
7,31
7,32
7,33
7,34
7,35
7,36
7,37
7,38
7,39
7,40
7,41
7,42
7,43
7,44
7,45
7,46
7,47
7,48
7,49
7,50
7,51
7,52
7,53
7,54
7,55
7,56
7,57
7,58
7,59
7,60
7,61
7,62
7,63
7,80
7,81
7,84
7,93
7,94
7,103
7,107
7,114
7,117
7,130
7,149
7,158
7,174
7,179
7,184
8,9
8,10
8,11
8,12
8,13
8,14
8,15
8,16
8,17
8,18
8,19
8,20
8,21
8,22
8,23
8,24
9,10
9,11
9,12
9,13
9,14
9,15
9,16
9,17
9,18
9,19
9,20
9,21
9,22
9,24
9,25
9,26
9,27
9,28
10,11
10,12
10,13
10,14
10,15
10,16
10,17
10,18
10,20
10,21
10,22
10,23
11,12
11,13
11,14
11,15
11,16
11,17
11,18
11,21
11,22
11,23
11,24
11,25
11,26
11,27
11,28
11,29
11,30
12,13
12,14
12,15
12,16
12,17
12,18
12,21
13,14
13,15
13,16
13,17
13,18
13,19
13,20
13,21
13,22
13,23
13,24
13,25
13,26
13,27
13,28
13,29
13,30
13,31
13,32
13,33
13,34
14,15
14,16
14,17
14,18
14,19
14,20
14,21
14,22
14,23
14,24
14,25
14,26
14,27
14,28
14,29
14,30
14,31
14,32
14,33
14,34
14,35
14,36
14,37
14,38
14,39
14,40
14,41
14,42
14,43
14,44
14,45
15,16
15,17
15,18
15,20
15,21
15,22
15,23
15,24
15,25
15,26
15,27
16,17
16,18
16,19
16,20
17,18
17,19
17,20
17,21
17,22
17,23
17,24
17,25
17,26
17,27
17,28
17,29
17,30
17,31
17,32
17,33
17,34
17,35
17,36
17,37
17,38
18,19
18,20
18,21
18,22
18,23
18,24
18,25
18,26
18,27
18,28
18,29
18,30
18,31
18,32
18,33
18,34
18,35
18,36
18,37
18,38
18,39
18,40
18,41
18,42
18,43
18,44
18,45
18,46
18,47
18,48
18,49
18,50
18,51
18,52
18,53
19,20
19,21
19,22
19,23
19,24
19,25
19,26
19,27
19,28
19,29
19,30
19,31
19,37
19,47
19,80
19,81
19,84
19,93
19,94
19,103
19,107
19,114
19,117
19,130
19,149
19,158
19,174
19,179
19,184
20,21
20,22
20,23
20,24
20,25
20,26
20,27
20,28
20,29
20,30
20,31
20,32
20,33
20,34
20,35
20,36
20,37
20,38
20,39
20,40
20,41
20,42
20,43
20,44
20,45
20,46
20,47
20,48
20,49
20,50
20,51
20,52
20,53
20,54
20,55
20,56
20,57
20,58
20,59
20,60
20,61
20,62
20,63
20,64
20,65
20,66
20,67
20,68
20,69
20,71
20,72
20,73
20,74
20,75
20,76
20,77
20,78
20,79
20,83
21,22
22,23
22,24
22,25
22,27
22,28
22,29
22,30
22,31
22,32
22,33
22,34
22,35
23,24
23,25
24,25
24,26
24,27
24,28
24,29
24,30
24,31
24,32
24,33
24,34
24,35
24,36
24,37
24,38
24,39
24,40
24,41
24,42
24,43
25,26
25,27
25,28
25,29
26,27
26,28
26,29
26,30
26,31
26,32
26,33
26,34
26,35
26,36
26,37
26,38
26,39
26,40
26,41
26,42
26,43
26,44
26,45
26,46
26,47
26,48
26,49
26,50
26,52
26,53
26,55
26,56
27,28
27,29
27,30
27,31
27,32
27,33
27,34
27,35
27,36
27,37
27,38
27,39
27,40
27,41
27,42
27,43
27,44
27,45
27,46
27,47
27,48
27,49
27,50
27,51
27,52
27,53
27,54
27,55
27,56
27,57
27,58
27,59
27,60
27,61
27,62
27,64
27,65
27,66
27,67
27,68
27,69
28,29
28,30
28,31
28,32
28,33
28,34
28,35
28,36
28,37
29,30
29,31
29,32
29,33
29,34
29,35
29,36
29,37
29,38
29,39
29,40
29,41
29,42
29,43
29,44
29,45
29,46
29,47
29,48
29,49
29,50
29,51
29,52
29,53
29,54
29,55
29,56
29,57
29,58
29,59
29,60
29,61
29,62
30,31
30,32
30,33
31,32
31,33
31,34
31,35
31,36
31,37
31,38
31,39
31,40
33,34
33,35
33,36
33,37
33,38
33,39
33,40
33,41
33,42
34,35
34,37
34,38
34,39
34,40
34,41
34,42
34,43
34,44
34,45
34,46
34,47
34,48
34,49
34,50
34,51
35,36
36,37
36,38
36,39
36,40
36,41
36,42
36,43
36,45
36,46
36,47
36,48
36,49
36,50
37,38
37,39
37,40
37,41
37,42
37,43
37,44
37,45
37,46
37,47
37,48
37,49
37,50
37,51
37,52
37,53
37,54
37,55
37,57
37,58
37,59
37,60
37,61
37,63
37,64
37,65
37,66
37,67
37,68
37,69
37,71
37,72
37,73
37,74
37,75
37,76
37,77
37,80
37,81
37,84
37,93
37,94
37,103
37,107
37,114
37,117
37,130
37,149
37,158
37,174
37,179
37,184
38,39
38,40
38,41
40,41
40,42
40,43
40,44
40,45
40,46
40,47
40,48
40,49
40,50
40,51
40,52
40,53
40,54
40,55
40,56
40,57
40,58
40,59
40,60
40,61
40,62
40,63
40,64
40,65
40,66
41,42
41,43
41,44
41,45
41,46
42,43
42,44
42,45
42,46
42,47
42,48
42,49
43,44
44,45
44,46
44,47
44,48
45,46
45,47
45,48
45,49
45,50
45,51
45,52
45,53
45,54
45,55
45,56
45,57
45,58
45,59
45,60
45,61
46,47
47,48
47,50
47,51
47,52
47,80
47,81
47,84
47,93
47,94
47,103
47,107
47,114
47,117
47,130
47,149
47,158
47,174
47,179
47,184
48,49
48,50
48,51
48,52
48,53
48,54
49,50
49,51
49,52
49,53
49,54
49,55
49,56
49,57
50,51
50,52
50,53
50,54
50,55
50,56
50,57
50,58
50,59
50,60
50,62
50,63
50,64
50,65
50,66
50,67
50,68
50,69
50,70
50,71
50,72
50,73
50,74
50,75
50,76
50,77
50,78
50,79
50,80
50,81
50,82
50,83
50,84
50,87
50,89
50,93
50,94
50,95
50,97
50,98
50,99
50,100
50,104
50,105
50,109
50,111
50,112
50,114
50,115
50,116
50,117
50,123
50,124
50,126
50,127
50,128
50,130
51,52
51,53
51,54
51,55
51,56
51,57
51,58
51,59
51,60
51,61
51,62
51,63
51,65
51,66
51,67
51,68
51,69
51,70
51,71
51,72
51,73
51,74
51,75
51,76
51,77
51,78
51,79
52,53
52,55
52,56
52,57
52,58
52,59
52,60
52,61
52,62
52,63
52,64
52,65
52,66
52,67
52,68
52,69
52,70
52,71
52,72
52,73
52,74
52,75
52,76
52,77
52,78
52,79
52,80
52,81
52,82
52,83
52,84
52,85
52,86
52,87
52,88
52,89
52,93
52,94
52,95
52,96
52,97
52,98
52,99
52,100
52,102
52,103
52,104
52,105
52,106
52,107
52,108
52,109
52,110
52,111
52,112
53,54
53,55
54,55
54,56
54,57
54,58
54,59
54,60
54,61
54,62
54,63
54,64
54,65
54,66
54,67
54,68
54,69
54,70
55,56
55,57
55,58
55,59
55,60
55,61
55,62
55,63
55,64
55,65
55,66
55,67
55,68
55,69
55,70
55,71
55,72
55,73
55,74
56,57
56,58
56,59
56,60
56,61
56,62
56,63
56,64
56,65
57,58
57,59
59,60
59,61
59,62
59,63
59,65
59,66
59,67
59,68
59,69
59,70
59,71
59,72
59,73
59,74
59,75
60,61
60,62
60,63
60,64
60,65
60,66
60,67
60,68
60,69
60,70
60,71
61,62
61,63
61,64
61,65
61,66
61,67
62,63
62,64
62,65
62,66
62,67
62,68
62,69
62,70
62,71
62,72
62,73
63,64
63,65
63,66
63,67
63,68
63,69
63,70
63,71
63,72
63,73
63,74
63,75
63,76
63,77
63,79
63,80
63,81
64,65
64,66
64,67
64,68
64,69
64,70
64,71
64,72
64,73
64,74
64,75
64,76
64,77
64,78
64,79
64,80
64,81
64,82
64,83
64,85
64,86
64,87
64,88
64,89
64,90
64,91
64,93
64,94
64,95
64,96
64,97
64,98
64,99
64,100
64,102
64,104
64,105
64,106
64,107
64,108
65,66
65,67
65,68
65,69
65,70
65,71
65,72
65,73
65,74
65,75
65,76
65,77
65,78
65,79
65,80
65,81
65,82
65,83
65,84
65,85
65,86
65,87
65,88
65,89
65,90
65,91
65,92
65,93
66,67
66,68
66,69
66,70
66,71
66,72
66,73
66,74
66,75
66,76
66,77
66,78
66,79
66,80
66,81
66,82
66,83
66,84
66,85
66,86
66,87
66,88
66,89
66,90
66,91
66,92
66,93
66,94
66,95
66,96
66,97
66,98
67,68
67,69
67,70
67,71
67,72
67,73
67,74
67,75
67,76
67,77
67,78
67,79
67,80
67,81
67,82
69,70
69,71
69,72
69,73
69,74
69,75
69,76
69,77
69,78
69,79
69,80
69,81
69,82
69,83
69,84
69,85
69,86
69,87
69,88
69,89
69,90
69,91
70,71
70,72
70,73
70,74
70,75
70,76
70,77
70,78
70,79
70,80
70,81
70,82
70,83
70,84
70,85
70,86
70,87
70,88
70,89
71,72
71,73
71,74
71,75
71,76
71,77
71,78
71,79
71,80
71,81
71,82
71,83
71,84
71,85
71,86
71,87
71,88
71,89
71,90
71,91
71,92
71,93
71,94
71,95
71,96
71,98
71,99
71,100
71,102
71,103
71,104
71,105
71,106
71,107
71,108
71,109
71,110
71,111
71,114
71,115
71,116
71,117
73,74
73,75
73,76
73,77
73,78
73,80
73,81
73,82
73,83
73,84
73,85
73,86
73,87
73,88
73,89
73,90
73,91
73,92
73,93
73,95
73,96
73,97
73,98
73,99
73,100
73,102
73,103
73,104
74,75
74,76
74,77
74,78
75,76
75,77
75,78
75,79
75,80
75,81
75,82
75,83
75,84
75,85
76,77
76,78
76,79
76,80
77,78
77,79
77,80
77,81
77,82
77,83
77,84
77,85
77,86
77,87
77,88
77,89
77,90
77,91
77,92
77,93
77,95
78,79
78,80
78,81
78,82
78,83
78,84
78,85
78,86
78,87
78,88
78,89
78,90
78,91
78,92
78,93
78,94
78,95
78,96
78,97
78,98
78,99
78,100
78,102
78,103
79,80
79,81
79,82
79,83
79,84
79,85
79,86
79,87
79,88
79,89
79,90
79,91
79,92
79,93
79,94
80,81
80,82
80,83
80,84
80,85
80,86
80,87
80,88
80,93
80,94
80,103
80,107
80,114
80,117
80,130
80,149
80,158
80,174
80,179
80,184
81,82
81,83
81,84
81,85
81,86
81,87
81,89
81,90
81,91
81,92
81,93
81,94
81,95
81,96
81,97
81,103
81,107
81,114
81,117
81,130
81,149
81,158
81,174
81,179
81,184
82,83
82,84
82,85
82,86
82,87
83,84
83,85
83,86
83,87
83,88
83,89
83,90
83,91
83,92
83,93
83,94
83,95
83,96
83,97
83,98
83,99
83,100
83,101
83,102
83,103
83,104
83,105
83,106
83,107
83,109
83,110
83,111
83,112
83,113
83,114
83,115
83,116
83,117
83,118
83,120
83,121
83,123
84,93
84,94
84,103
84,107
84,114
84,117
84,130
84,149
84,158
84,174
84,179
84,184
85,86
86,87
86,88
86,89
86,90
86,91
86,92
86,93
86,94
86,95
86,96
86,97
86,98
86,99
86,100
87,88
87,89
87,90
87,91
87,92
87,93
87,94
87,95
87,96
87,97
87,98
87,99
87,100
87,101
87,102
87,103
87,104
87,105
87,106
87,107
88,89
88,90
88,91
88,92
88,93
88,94
88,95
88,96
89,90
89,91
89,92
89,93
89,94
89,95
89,96
89,97
89,98
89,99
89,100
89,101
89,102
91,92
92,93
92,94
92,95
92,96
92,97
92,98
92,99
92,100
92,101
92,102
92,103
92,104
92,105
92,106
92,107
92,108
92,109
92,110
93,94
93,95
93,96
93,97
93,98
93,99
93,100
93,101
93,102
93,103
93,104
93,105
93,106
93,107
93,108
93,109
93,110
93,111
93,112
93,113
93,114
93,115
93,116
93,117
93,118
93,119
93,120
93,121
93,122
93,123
93,124
93,125
93,127
93,128
93,130
93,136
93,137
93,139
93,140
93,144
93,145
93,149
93,158
93,174
93,179
93,184
94,95
94,96
94,97
94,98
94,99
94,100
94,101
94,102
94,103
94,104
94,105
94,106
94,107
94,108
94,109
94,110
94,111
94,112
94,113
94,114
94,117
94,130
94,149
94,158
94,174
94,179
94,184
95,96
95,97
95,98
95,99
95,100
95,101
95,102
95,103
95,104
95,105
95,106
95,107
95,108
95,109
95,110
95,111
95,112
95,113
95,114
95,115
95,116
95,117
95,119
95,120
95,121
95,122
95,123
95,124
95,125
95,126
96,97
96,98
96,99
97,98
97,99
97,100
97,101
97,102
97,103
97,104
97,105
97,106
97,107
97,108
97,109
97,110
97,111
97,112
97,113
97,114
97,115
97,116
97,117
97,118
97,119
97,120
97,121
97,122
97,123
97,124
97,125
97,126
97,127
97,128
97,129
97,130
97,131
97,133
97,134
97,135
98,99
98,100
98,101
98,102
98,103
98,104
98,105
98,106
98,107
98,108
98,109
98,110
98,111
98,112
98,113
98,114
98,115
99,100
99,101
99,102
99,103
99,104
99,105
99,106
99,107
99,108
99,109
99,110
99,111
99,112
99,113
99,114
99,115
99,116
99,117
99,118
99,119
99,120
99,121
99,122
99,124
99,125
99,126
99,127
99,128
99,129
99,130
99,131
99,133
99,134
99,135
99,136
99,137
99,138
99,139
100,101
100,102
100,103
100,104
100,105
100,106
102,103
102,104
102,105
102,106
102,107
102,108
102,109
102,110
102,111
103,104
103,105
103,107
103,114
103,117
103,130
103,149
103,158
103,174
103,179
103,184
104,105
104,106
104,107
104,108
104,109
104,110
104,111
104,112
104,113
104,114
104,115
104,117
104,118
104,119
104,120
104,121
104,122
105,107
105,108
105,109
105,110
105,111
105,112
106,107
106,108
107,108
107,109
107,110
107,111
107,112
107,113
107,114
107,115
107,116
107,117
107,118
107,119
107,130
107,149
107,158
107,174
107,179
107,184
108,109
108,110
108,111
108,112
108,113
108,114
108,115
108,116
108,117
108,118
108,119
108,120
108,121
108,122
108,123
108,124
108,125
108,126
108,127
108,128
108,129
108,130
108,131
108,133
108,134
108,135
108,137
108,138
108,139
108,140
108,141
108,142
108,143
108,144
108,145
108,146
108,147
108,148
108,149
108,151
109,110
109,111
109,112
109,113
109,114
109,115
109,116
109,117
109,118
109,119
109,120
109,121
109,122
109,123
109,124
109,125
109,126
109,127
109,128
109,129
109,130
109,131
109,132
109,133
109,134
109,135
109,136
109,137
109,138
109,139
109,140
109,141
109,142
110,111
110,112
110,113
110,114
110,115
110,116
110,117
110,118
110,119
110,120
110,121
110,122
110,123
110,124
110,125
110,126
110,127
110,128
111,112
111,113
111,114
111,115
111,116
111,117
112,113
112,114
112,115
112,116
112,117
112,118
112,119
112,120
112,121
112,122
112,123
112,124
112,125
112,126
112,127
112,128
112,129
112,130
112,131
112,132
112,133
112,134
112,135
112,136
112,137
112,138
112,139
112,140
112,141
112,142
112,143
112,144
112,145
112,146
112,147
112,148
112,149
112,150
112,151
112,152
112,159
112,160
112,161
113,114
113,115
113,116
113,117
113,118
113,119
113,120
113,121
113,122
113,123
113,124
113,125
114,115
114,116
114,117
114,118
114,119
114,120
114,121
114,122
114,123
114,124
114,125
114,126
114,127
114,128
114,129
114,130
114,131
114,132
114,133
114,134
114,135
114,136
114,137
114,138
114,139
114,140
114,141
114,142
114,143
114,144
114,145
114,146
114,147
114,148
114,149
114,150
114,158
114,174
114,179
114,184
115,116
115,117
115,118
115,119
115,120
117,118
117,119
117,120
117,121
117,122
117,123
117,124
117,125
117,126
117,127
117,128
117,129
117,130
117,149
117,158
117,174
117,179
117,184
118,119
118,120
118,121
118,122
118,123
118,124
118,125
118,126
118,127
118,128
118,129
118,130
118,131
118,132
118,133
118,134
118,135
118,136
118,137
118,138
118,139
118,140
118,141
118,142
118,143
118,144
118,145
118,146
118,147
118,148
119,120
119,121
120,121
120,122
120,123
120,124
120,125
120,126
120,127
120,128
120,129
120,130
120,131
121,122
121,123
121,124
121,125
121,126
121,127
121,128
121,129
121,130
121,131
121,132
121,133
121,134
121,135
121,136
121,137
121,138
121,139
121,140
121,141
121,142
121,143
121,144
121,145
121,146
121,147
121,148
121,149
121,150
121,151
121,152
121,153
121,154
121,156
121,158
121,159
121,160
122,123
122,124
123,124
123,125
123,126
123,127
123,128
123,129
123,130
123,131
123,132
123,133
123,134
123,135
123,136
123,137
123,138
123,139
123,140
123,141
123,142
123,143
123,144
123,145
123,146
124,125
124,126
124,127
124,128
124,129
124,130
124,131
124,132
124,133
124,134
124,135
124,136
124,137
124,138
124,139
124,140
124,141
124,142
124,143
124,144
124,145
124,146
124,147
124,148
124,149
124,150
124,151
125,126
125,127
126,127
126,128
126,129
126,130
126,131
126,132
126,133
126,134
127,128
127,129
127,130
127,131
127,132
127,133
127,134
127,135
127,136
128,129
128,130
128,131
128,132
128,133
129,130
129,131
129,132
129,133
129,134
129,135
129,136
129,137
129,138
129,139
129,140
129,141
129,142
129,143
129,144
129,145
129,146
129,147
129,148
129,149
129,150
129,151
129,152
129,153
129,154
129,155
129,156
129,158
129,159
129,160
129,163
129,165
129,168
129,169
129,170
129,172
129,174
129,175
129,179
130,131
130,132
130,133
130,134
130,135
130,136
130,137
130,138
130,149
130,158
130,174
130,179
130,184
131,132
132,133
132,134
132,135
132,136
132,137
133,134
133,135
133,136
133,137
133,138
133,140
133,141
134,135
134,136
134,137
134,138
134,139
135,136
135,137
135,138
135,139
135,140
135,141
135,142
135,143
136,137
136,138
136,139
136,140
136,141
136,142
136,143
136,144
136,145
136,146
136,147
136,148
136,149
136,150
136,151
136,152
136,153
136,154
136,155
136,156
136,157
136,158
136,159
136,160
136,161
136,162
136,163
136,164
136,165
136,166
136,167
136,168
136,169
137,138
137,139
137,140
137,141
137,142
137,143
137,144
137,145
137,146
137,147
137,148
137,149
137,150
137,151
137,152
138,139
138,140
138,141
138,142
138,143
138,144
138,145
138,146
138,147
138,148
138,149
138,150
138,151
138,152
138,153
138,154
138,155
138,156
138,157
138,158
139,140
139,141
139,142
139,143
139,144
140,141
140,142
140,143
140,144
140,145
140,146
140,147
140,148
140,149
140,150
140,151
140,152
140,153
140,154
140,155
140,156
141,142
141,143
141,144
141,145
141,146
141,147
141,148
141,149
142,143
142,144
142,145
143,144
143,145
143,146
143,147
143,148
143,149
143,150
143,151
143,152
143,153
143,154
143,155
143,156
143,157
143,158
143,159
143,160
143,161
143,162
143,163
144,145
144,146
144,147
144,148
144,149
144,150
144,151
144,152
144,153
144,154
144,155
145,146
145,147
145,148
145,149
145,150
145,151
145,152
145,153
145,154
145,155
145,156
145,157
145,158
145,159
145,160
145,161
145,162
145,163
145,164
145,165
145,166
145,167
145,168
145,169
145,170
145,172
145,173
145,174
145,175
145,176
145,177
145,178
145,179
145,181
146,147
146,148
146,149
146,150
146,151
146,152
146,153
146,154
146,155
146,156
146,157
146,158
146,159
146,160
146,161
146,162
146,163
146,164
146,165
146,166
146,167
146,168
146,169
146,170
146,171
146,172
146,173
147,148
147,149
147,150
147,151
147,152
147,153
147,154
147,155
147,156
147,157
147,158
147,159
147,160
147,161
147,162
147,163
147,164
147,165
147,166
147,167
147,168
147,169
147,170
147,171
147,172
147,173
147,174
147,175
147,176
147,177
147,178
148,149
148,150
148,151
148,152
148,153
148,154
148,155
148,156
148,157
148,158
148,159
148,160
148,161
148,162
148,163
148,164
148,165
148,166
148,167
148,168
148,169
148,170
148,172
148,173
148,174
148,175
148,176
148,177
148,178
148,179
148,180
148,181
148,183
148,184
148,186
148,187
148,188
148,189
148,193
148,195
148,196
148,197
149,150
149,151
149,152
149,153
149,154
149,155
149,156
149,157
149,158
149,159
149,160
149,161
149,174
149,179
149,184
150,151
150,152
150,153
150,154
150,155
150,156
150,157
150,158
150,159
151,152
151,153
151,154
152,153
152,154
152,155
152,156
152,157
152,158
152,159
152,160
152,161
152,162
152,163
152,164
152,165
153,154
153,155
153,156
153,157
153,158
153,159
153,160
153,161
153,162
153,163
153,164
153,165
153,166
153,167
153,168
153,169
153,170
153,171
153,172
153,173
153,174
153,175
153,176
154,155
154,156
154,157
154,158
154,159
154,160
154,161
154,162
154,163
154,164
154,165
154,166
154,167
154,168
154,169
154,170
154,171
154,172
154,173
154,174
154,175
154,176
154,178
154,180
154,181
154,182
154,183
154,184
154,185
154,186
154,187
154,188
154,189
154,190
154,191
154,193
154,195
154,196
154,197
154,198
154,199
155,156
155,157
155,158
155,159
155,161
155,162
155,163
155,164
155,165
155,166
155,167
155,168
155,169
155,170
155,171
155,172
155,173
155,174
155,175
155,176
155,177
155,178
155,179
155,180
155,181
155,182
155,183
155,184
155,185
155,186
156,157
157,158
157,159
157,160
157,161
157,162
157,163
157,164
157,165
157,166
157,167
157,168
157,169
157,171
157,172
157,173
157,174
157,175
157,176
157,177
157,178
157,179
157,180
157,181
157,182
157,183
157,184
157,185
158,159
158,160
158,161
158,162
158,163
158,164
158,165
158,166
158,167
158,168
158,169
158,170
158,171
158,172
158,173
158,174
158,175
158,176
158,177
158,178
158,179
158,180
158,181
158,182
158,183
158,184
158,185
158,186
158,187
158,188
158,189
158,190
158,191
158,192
158,193
158,194
158,195
158,196
158,197
158,198
158,199
159,160
159,161
159,162
159,163
159,164
159,165
159,166
159,167
159,168
160,161
160,162
160,163
160,164
161,162
161,163
161,164
161,165
161,166
161,167
161,168
161,169
161,170
161,171
161,172
161,173
161,174
161,175
161,176
161,177
161,178
161,179
161,180
161,181
161,182
161,183
161,184
161,185
161,186
161,187
161,188
161,189
161,190
161,191
161,192
161,193
161,194
161,195
161,196
161,197
161,198
161,199
162,163
162,164
162,165
162,166
162,167
162,168
162,169
162,170
162,171
162,172
162,173
162,174
163,164
163,165
163,166
163,167
163,168
163,169
163,170
163,171
164,165
164,166
164,167
165,167
165,168
165,169
165,170
165,171
165,172
165,173
165,174
165,175
165,176
165,177
165,178
165,179
165,180
165,181
165,182
165,184
165,185
165,186
165,187
165,188
165,189
165,190
165,191
165,192
165,193
165,194
165,195
165,196
165,197
165,198
165,199
167,168
167,169
167,170
167,171
167,172
167,173
167,174
167,175
167,176
167,177
167,178
167,179
167,180
167,181
167,182
168,169
168,170
168,171
168,172
168,173
168,174
168,175
169,170
170,171
170,172
170,173
170,174
170,175
170,176
170,177
170,178
170,179
170,180
170,181
170,182
170,183
170,184
170,185
170,186
170,187
170,188
170,189
170,190
170,191
170,192
170,193
170,194
170,195
170,196
170,197
170,198
170,199
171,172
171,173
171,174
171,175
171,177
171,178
171,179
171,180
171,181
171,182
171,183
171,184
171,185
171,186
171,187
171,188
171,189
171,190
171,191
171,192
171,193
171,194
171,195
171,196
171,197
171,198
171,199
173,174
173,175
173,176
173,177
173,178
173,179
173,180
173,181
173,182
173,183
173,184
173,185
173,186
173,187
173,188
173,189
173,190
173,191
173,192
173,193
173,194
173,195
173,196
173,197
173,198
173,199
174,175
174,176
174,177
174,178
174,179
174,180
174,181
174,182
174,183
174,184
175,176
175,177
175,178
175,179
175,180
175,181
175,182
175,183
175,184
175,185
175,186
175,187
175,188
175,189
175,190
175,191
175,192
176,177
177,178
177,179
177,180
177,181
177,182
177,183
178,179
179,180
179,181
179,182
179,183
179,184
179,185
179,186
179,187
179,188
179,189
179,190
179,191
179,192
179,193
179,194
179,195
179,196
179,197
179,198
179,199
180,181
180,182
180,183
180,184
180,185
180,186
180,187
181,182
181,183
181,184
181,185
181,186
181,187
181,188
181,189
181,190
181,191
181,192
181,193
181,194
181,195
181,196
181,197
181,198
181,199
182,183
182,184
182,185
182,186
182,187
182,188
182,189
182,190
182,191
182,192
182,193
182,194
182,195
182,196
183,184
183,185
183,186
183,187
183,188
183,189
183,190
184,185
184,186
184,187
184,188
184,189
184,190
184,191
184,192
184,193
184,194
184,195
184,196
184,197
184,198
184,199
185,186
185,187
185,188
185,189
185,190
185,191
185,192
185,193
185,194
185,195
185,196
185,197
185,198
185,199
186,187
186,188
187,188
187,189
188,189
188,190
188,191
188,192
188,193
188,194
188,195
188,196
188,197
188,198
188,199
189,190
189,191
189,192
189,193
190,191
190,192
190,193
190,194
190,195
192,193
192,194
192,195
192,197
193,194
194,195
194,196
194,197
194,198
194,199
195,196
195,197
195,198
196,197
196,198
196,199
197,198
197,199
198,199
