0,1
0,2
0,3
0,4
0,5
0,6
0,7
0,8
0,9
0,10
0,11
0,12
0,13
0,14
0,15
0,16
0,17
0,18
0,19
0,20
0,21
0,22
0,23
0,24
0,25
0,26
0,27
0,28
0,29
0,30
0,31
0,32
0,33
0,34
0,35
0,36
0,37
0,38
0,39
0,40
0,41
0,42
0,43
0,44
0,45
0,46
0,47
0,48
0,49
0,50
0,51
0,52
0,53
0,54
0,55
0,56
0,57
0,58
0,59
0,60
0,61
0,62
0,63
0,64
0,65
0,66
0,67
0,68
0,69
0,70
0,71
0,72
0,73
0,74
0,75
0,76
0,77
0,78
0,79
0,80
0,81
0,83
0,84
0,86
0,87
0,93
0,98
0,99
0,100
0,103
0,110
0,111
0,120
0,123
0,124
0,126
0,129
0,132
0,134
0,135
0,137
0,139
0,142
0,143
0,145
0,146
0,148
0,149
0,150
0,153
0,154
0,155
0,156
0,157
0,158
0,159
0,162
0,163
0,165
0,166
0,167
0,168
0,169
0,171
0,173
0,174
0,175
0,176
0,178
0,179
0,180
0,181
0,183
0,184
0,185
0,186
0,187
0,188
0,189
0,190
0,191
0,193
0,194
0,196
0,197
0,198
0,199
1,2
1,3
1,4
1,5
1,6
1,7
1,8
1,9
1,10
1,11
1,12
1,13
1,14
1,15
1,16
1,17
1,18
1,19
1,20
1,21
1,22
1,23
1,24
1,25
1,26
1,27
1,28
1,29
1,30
1,31
1,32
1,33
1,34
1,35
1,36
1,37
1,38
1,39
1,40
1,41
1,42
1,43
1,44
1,45
1,46
1,47
1,48
1,49
1,50
1,51
1,52
1,53
1,54
1,55
1,56
1,57
1,58
1,59
1,60
1,61
1,62
1,63
1,64
1,65
1,66
1,67
1,68
1,69
1,70
1,71
1,72
1,73
1,74
1,75
1,76
1,77
1,78
1,79
1,80
1,81
1,83
1,84
1,86
1,87
1,93
1,98
1,99
1,100
1,103
1,110
1,111
1,120
1,123
1,124
1,126
1,129
1,134
1,135
1,137
1,139
1,142
1,143
1,145
1,146
1,148
1,149
1,150
1,153
1,154
1,155
1,156
1,157
1,158
1,159
1,163
1,165
1,166
1,169
1,171
1,174
1,176
1,178
1,180
1,181
1,183
1,184
1,185
1,190
1,191
2,3
2,4
2,5
2,6
2,7
2,8
2,9
2,10
2,11
2,12
2,13
2,14
2,15
2,16
2,17
2,18
2,19
2,20
2,21
2,22
2,23
2,24
2,25
2,26
2,27
2,28
2,29
2,30
2,31
2,32
2,33
2,34
2,35
2,36
2,37
2,38
2,39
2,40
2,41
2,42
2,43
2,44
2,45
2,46
2,47
2,48
2,49
2,50
2,51
2,52
2,53
2,54
2,55
2,56
2,57
2,58
2,59
2,60
2,61
2,62
2,63
2,64
2,65
2,66
2,67
2,68
2,69
2,70
2,71
2,72
2,73
2,74
2,75
2,76
2,77
2,78
2,79
2,80
2,81
2,83
2,84
2,86
2,87
2,93
2,98
2,99
2,100
2,103
2,110
2,111
2,120
2,123
2,124
2,126
2,129
2,134
2,135
2,137
2,139
2,142
2,143
2,145
2,146
2,148
2,149
2,150
2,153
2,154
2,155
2,156
2,157
2,158
2,159
2,163
2,165
2,166
2,169
2,171
2,174
2,176
2,178
2,180
2,181
2,183
2,184
2,185
2,190
2,191
3,4
3,5
3,6
3,7
3,8
3,9
3,10
3,11
3,12
3,13
3,14
3,15
3,16
3,17
3,18
3,19
3,20
3,21
3,22
3,23
3,24
3,25
3,26
3,27
3,28
3,29
3,30
3,31
3,32
3,33
3,34
3,35
3,36
3,37
3,38
3,39
3,40
3,41
3,42
3,43
3,44
3,45
3,46
3,47
3,48
3,49
3,50
3,51
3,52
3,53
3,54
3,55
3,56
3,57
3,58
3,59
3,60
3,61
3,62
3,63
3,64
3,65
3,66
3,67
3,68
3,69
3,70
3,71
3,72
3,73
3,74
3,75
3,76
3,77
3,78
3,79
3,80
4,5
4,6
4,7
4,8
4,9
4,10
4,11
4,12
4,13
4,14
4,15
4,16
4,17
4,18
4,19
4,20
4,21
4,22
4,23
4,24
4,25
4,26
4,27
4,28
4,29
4,30
4,31
4,32
4,33
4,34
4,35
4,36
4,37
4,38
4,39
4,40
4,41
4,42
4,43
4,44
4,45
4,46
4,47
4,48
4,49
4,50
4,51
4,52
4,53
4,54
4,55
4,56
4,57
4,58
4,59
4,60
4,61
4,62
4,63
4,64
4,65
4,66
4,67
4,68
4,69
4,70
4,71
4,72
4,73
4,74
4,75
4,76
4,77
4,78
4,79
4,80
5,6
5,7
5,8
5,9
5,10
5,11
5,12
5,13
5,14
5,15
5,16
5,17
5,18
5,19
5,20
5,21
5,22
5,23
5,24
5,25
5,26
5,27
5,28
5,29
5,30
5,31
5,32
5,33
5,34
5,35
5,36
5,37
5,38
5,39
5,40
5,41
5,42
5,43
5,44
5,45
5,46
5,47
5,48
5,49
5,50
5,51
5,52
5,53
5,54
5,55
5,56
5,57
5,58
5,59
5,60
5,61
5,62
5,63
5,64
5,65
5,66
5,67
5,68
5,69
5,70
5,71
5,72
5,73
5,74
5,75
5,76
5,77
5,78
5,79
5,80
5,81
5,83
5,84
5,86
5,87
5,93
5,98
5,99
5,100
5,103
5,110
5,111
5,120
5,123
5,124
5,126
5,129
5,134
5,135
5,137
5,139
5,142
5,143
5,145
5,146
5,148
5,149
5,150
5,153
5,154
5,155
5,156
5,157
5,158
5,159
5,163
5,165
5,166
5,169
5,171
5,174
5,176
5,178
5,180
5,181
5,183
5,184
5,185
5,190
5,191
6,7
6,8
6,9
6,10
6,11
6,12
6,13
6,14
6,15
6,16
6,17
6,18
6,19
6,20
6,21
6,22
6,23
6,24
6,25
6,26
6,27
6,28
6,29
6,30
6,31
6,32
6,33
6,34
6,35
6,36
6,37
6,38
6,39
6,40
6,41
6,42
6,43
6,44
6,45
6,46
6,47
6,48
6,49
6,50
6,51
6,52
6,53
6,54
6,55
6,56
6,57
6,58
6,59
6,60
6,61
6,62
6,63
6,64
6,65
6,66
6,67
6,68
6,69
6,70
6,71
6,72
6,73
6,74
6,75
6,76
6,77
6,78
6,79
6,80
7,8
7,9
7,10
7,11
7,12
7,13
7,14
7,15
7,16
7,17
7,18
7,19
7,20
7,21
7,22
7,23
7,24
7,25
7,26
7,27
7,28
7,29
7,30
7,31
7,32
7,33
7,34
7,35
7,36
7,37
7,38
7,39
7,40
7,41
7,42
7,43
7,44
7,45
7,46
7,47
7,48
7,49
7,50
7,51
7,52
7,53
7,54
7,55
7,56
7,57
7,58
7,59
7,60
7,61
7,62
7,63
7,64
7,65
7,66
7,67
7,68
7,69
7,70
7,71
7,72
7,73
7,74
7,75
7,76
7,77
7,78
7,79
7,80
8,9
8,10
8,11
8,12
8,13
8,14
8,15
8,16
8,17
8,18
8,19
8,20
8,21
8,22
8,23
8,24
8,25
8,26
8,27
8,28
8,29
8,30
8,31
8,32
8,33
8,34
8,35
8,36
8,37
8,38
8,39
8,40
8,41
8,42
8,43
8,44
8,45
8,46
8,47
8,48
8,49
8,50
8,51
8,52
8,53
8,54
8,55
8,56
8,57
8,58
8,59
8,60
8,61
8,62
8,63
8,64
8,65
8,66
8,67
8,68
8,69
8,70
8,71
8,72
8,73
8,74
8,75
8,76
8,77
8,78
8,79
8,80
8,81
8,83
8,84
8,86
8,87
8,93
8,98
8,99
8,100
8,103
8,110
8,111
8,120
8,123
8,124
8,126
8,129
8,134
8,135
8,137
8,139
8,142
8,143
8,145
8,146
8,148
8,149
8,150
8,153
8,154
8,155
8,156
8,157
8,158
8,159
8,163
8,165
8,166
8,169
8,171
8,174
8,176
8,178
8,180
8,181
8,183
8,184
8,185
8,190
8,191
9,10
9,11
9,12
9,13
9,14
9,15
9,16
9,17
9,18
9,19
9,20
9,21
9,22
9,23
9,24
9,25
9,26
9,27
9,28
9,29
9,30
9,31
9,32
9,33
9,34
9,35
9,36
9,37
9,38
9,39
9,40
9,41
9,42
9,43
9,44
9,45
9,46
9,47
9,48
9,49
9,50
9,51
9,52
9,53
9,54
9,55
9,56
9,57
9,58
9,59
9,60
9,61
9,62
9,63
9,64
9,65
9,66
9,67
9,68
9,69
9,70
9,71
9,72
9,73
9,74
9,75
9,76
9,77
9,78
9,79
9,80
10,11
10,12
10,13
10,14
10,15
10,16
10,17
10,18
10,19
10,20
10,21
10,22
10,23
10,24
10,25
10,26
10,27
10,28
10,29
10,30
10,31
10,32
10,33
10,34
10,35
10,36
10,37
10,38
10,39
10,40
10,41
10,42
10,43
10,44
10,45
10,46
10,47
10,48
10,49
10,50
10,51
10,52
10,53
10,54
10,55
10,56
10,57
10,58
10,59
10,60
10,61
10,62
10,63
10,64
10,65
10,66
10,67
10,68
10,69
10,70
10,71
10,72
10,73
10,74
10,75
10,76
10,77
10,78
10,79
10,80
11,12
11,13
11,14
11,15
11,16
11,17
11,18
11,19
11,20
11,21
11,22
11,23
11,24
11,25
11,26
11,27
11,28
11,29
11,30
11,31
11,32
11,33
11,34
11,35
11,36
11,37
11,38
11,39
11,40
11,41
11,42
11,43
11,44
11,45
11,46
11,47
11,48
11,49
11,50
11,51
11,52
11,53
11,54
11,55
11,56
11,57
11,58
11,59
11,60
11,61
11,62
11,63
11,64
11,65
11,66
11,67
11,68
11,69
11,70
11,71
11,72
11,73
11,74
11,75
11,76
11,77
11,78
11,79
11,80
12,13
12,14
12,15
12,16
12,17
12,18
12,19
12,20
12,21
12,22
12,23
12,24
12,25
12,26
12,27
12,28
12,29
12,30
12,31
12,32
12,33
12,34
12,35
12,36
12,37
12,38
12,39
12,40
12,41
12,42
12,43
12,44
12,45
12,46
12,47
12,48
12,49
12,50
12,51
12,52
12,53
12,54
12,55
12,56
12,57
12,58
12,59
12,60
12,61
12,62
12,63
12,64
12,65
12,66
12,67
12,68
12,69
12,70
12,71
12,72
12,73
12,74
12,75
12,76
12,77
12,78
12,79
12,80
13,14
13,15
13,16
13,17
13,18
13,19
13,20
13,21
13,22
13,23
13,24
13,25
13,26
13,27
13,28
13,29
13,30
13,31
13,32
13,33
13,34
13,35
13,36
13,37
13,38
13,39
13,40
13,41
13,42
13,43
13,44
13,45
13,46
13,47
13,48
13,49
13,50
13,51
13,52
13,53
13,54
13,55
13,56
13,57
13,58
13,59
13,60
13,61
13,62
13,63
13,64
13,65
13,66
13,67
13,68
13,69
13,70
13,71
13,72
13,73
13,74
13,75
13,76
13,77
13,78
13,79
13,80
14,15
14,16
14,17
14,18
14,19
14,20
14,21
14,22
14,23
14,24
14,25
14,26
14,27
14,28
14,29
14,30
14,31
14,32
14,33
14,34
14,35
14,36
14,37
14,38
14,39
14,40
14,41
14,42
14,43
14,44
14,45
14,46
14,47
14,48
14,49
14,50
14,51
14,52
14,53
14,54
14,55
14,56
14,57
14,58
14,59
14,60
14,61
14,62
14,63
14,64
14,65
14,66
14,67
14,68
14,69
14,70
14,71
14,72
14,73
14,74
14,75
14,76
14,77
14,78
14,79
14,80
15,16
15,17
15,18
15,19
15,20
15,21
15,22
15,23
15,24
15,25
15,26
15,27
15,28
15,29
15,30
15,31
15,32
15,33
15,34
15,35
15,36
15,37
15,38
15,39
15,40
15,41
15,42
15,43
15,44
15,45
15,46
15,47
15,48
15,49
15,50
15,51
15,52
15,53
15,54
15,55
15,56
15,57
15,58
15,59
15,60
15,61
15,62
15,63
15,64
15,65
15,66
15,67
15,68
15,69
15,70
15,71
15,72
15,73
15,74
15,75
15,76
15,77
15,78
15,79
15,80
16,17
16,18
16,19
16,20
16,21
16,22
16,23
16,24
16,25
16,26
16,27
16,28
16,29
16,30
16,31
16,32
16,33
16,34
16,35
16,36
16,37
16,38
16,39
16,40
16,41
16,42
16,43
16,44
16,45
16,46
16,47
16,48
16,49
16,50
16,51
16,52
16,53
16,54
16,55
16,56
16,57
16,58
16,59
16,60
16,61
16,62
16,63
16,64
16,65
16,66
16,67
16,68
16,69
16,70
16,71
16,72
16,73
16,74
16,75
16,76
16,77
16,78
16,79
16,80
17,18
17,19
17,20
17,21
17,22
17,23
17,24
17,25
17,26
17,27
17,28
17,29
17,30
17,31
17,32
17,33
17,34
17,35
17,36
17,37
17,38
17,39
17,40
17,41
17,42
17,43
17,44
17,45
17,46
17,47
17,48
17,49
17,50
17,51
17,52
17,53
17,54
17,55
17,56
17,57
17,58
17,59
17,60
17,61
17,62
17,63
17,64
17,65
17,66
17,67
17,68
17,69
17,70
17,71
17,72
17,73
17,74
17,75
17,76
17,77
17,78
17,79
17,80
17,132
17,133
17,134
17,136
17,140
17,141
17,149
17,150
17,192
17,197
17,199
18,19
18,20
18,21
18,22
18,23
18,24
18,25
18,26
18,27
18,28
18,29
18,30
18,31
18,32
18,33
18,34
18,35
18,36
18,37
18,38
18,39
18,40
18,41
18,42
18,43
18,44
18,45
18,46
18,47
18,48
18,49
18,50
18,51
18,52
18,53
18,54
18,55
18,56
18,57
18,58
18,59
18,60
18,61
18,62
18,63
18,64
18,65
18,66
18,67
18,68
18,69
18,70
18,71
18,72
18,73
18,74
18,75
18,76
18,77
18,78
18,79
18,80
19,20
19,21
19,22
19,23
19,24
19,25
19,26
19,27
19,28
19,29
19,30
19,31
19,32
19,33
19,34
19,35
19,36
19,37
19,38
19,39
19,40
19,41
19,42
19,43
19,44
19,45
19,46
19,47
19,48
19,49
19,50
19,51
19,52
19,53
19,54
19,55
19,56
19,57
19,58
19,59
19,60
19,61
19,62
19,63
19,64
19,65
19,66
19,67
19,68
19,69
19,70
19,71
19,72
19,73
19,74
19,75
19,76
19,77
19,78
19,79
19,80
19,109
19,110
19,112
19,114
19,115
19,118
19,123
19,130
19,131
19,132
19,133
19,134
19,140
19,148
19,149
19,150
19,151
19,152
19,163
19,164
19,165
19,167
19,169
19,175
19,180
19,183
20,21
20,22
20,23
20,24
20,25
20,26
20,27
20,28
20,29
20,30
20,31
20,32
20,33
20,34
20,35
20,36
20,37
20,38
20,39
20,40
20,41
20,42
20,43
20,44
20,45
20,46
20,47
20,48
20,49
20,50
20,51
20,52
20,53
20,54
20,55
20,56
20,57
20,58
20,59
20,60
20,61
20,62
20,63
20,64
20,65
20,66
20,67
20,68
20,69
20,70
20,71
20,72
20,73
20,74
20,75
20,76
20,77
20,78
20,79
20,80
20,81
20,83
20,84
20,86
20,87
20,93
20,98
20,99
20,100
20,103
20,110
20,111
20,112
20,115
20,117
20,118
20,119
20,120
20,123
20,124
20,125
20,126
20,127
20,129
20,131
20,133
20,134
20,135
20,137
20,138
20,139
20,140
20,141
20,142
20,143
20,145
20,146
20,148
20,149
20,150
20,153
20,154
20,155
20,156
20,157
20,158
20,159
20,163
20,164
20,165
20,166
20,167
20,169
20,171
20,174
20,176
20,178
20,180
20,181
20,183
20,184
20,185
20,190
20,191
21,22
21,23
21,24
21,25
21,26
21,27
21,28
21,29
21,30
21,31
21,32
21,33
21,34
21,35
21,36
21,37
21,38
21,39
21,40
21,41
21,42
21,43
21,44
21,45
21,46
21,47
21,48
21,49
21,50
21,51
21,52
21,53
21,54
21,55
21,56
21,57
21,58
21,59
21,60
21,61
21,62
21,63
21,64
21,65
21,66
21,67
21,68
21,69
21,70
21,71
21,72
21,73
21,74
21,75
21,76
21,77
21,78
21,79
21,80
21,81
21,83
21,84
21,86
21,87
21,93
21,98
21,99
21,100
21,103
21,110
21,111
21,117
21,118
21,119
21,120
21,123
21,124
21,125
21,126
21,127
21,128
21,129
21,131
21,134
21,135
21,137
21,138
21,139
21,140
21,141
21,142
21,143
21,145
21,146
21,148
21,149
21,150
21,153
21,154
21,155
21,156
21,157
21,158
21,159
21,163
21,165
21,166
21,169
21,171
21,174
21,176
21,178
21,180
21,181
21,183
21,184
21,185
21,190
21,191
22,23
22,24
22,25
22,26
22,27
22,28
22,29
22,30
22,31
22,32
22,33
22,34
22,35
22,36
22,37
22,38
22,39
22,40
22,41
22,42
22,43
22,44
22,45
22,46
22,47
22,48
22,49
22,50
22,51
22,52
22,53
22,54
22,55
22,56
22,57
22,58
22,59
22,60
22,61
22,62
22,63
22,64
22,65
22,66
22,67
22,68
22,69
22,70
22,71
22,72
22,73
22,74
22,75
22,76
22,77
22,78
22,79
22,80
22,81
22,83
22,84
22,86
22,87
22,93
22,98
22,99
22,100
22,103
22,110
22,111
22,117
22,118
22,119
22,120
22,123
22,124
22,126
22,129
22,134
22,135
22,137
22,139
22,142
22,143
22,145
22,146
22,148
22,149
22,150
22,153
22,154
22,155
22,156
22,157
22,158
22,159
22,163
22,165
22,166
22,169
22,171
22,174
22,176
22,178
22,180
22,181
22,183
22,184
22,185
22,190
22,191
23,24
23,25
23,26
23,27
23,28
23,29
23,30
23,31
23,32
23,33
23,34
23,35
23,36
23,37
23,38
23,39
23,40
23,41
23,42
23,43
23,44
23,45
23,46
23,47
23,48
23,49
23,50
23,51
23,52
23,53
23,54
23,55
23,56
23,57
23,58
23,59
23,60
23,61
23,62
23,63
23,64
23,65
23,66
23,67
23,68
23,69
23,70
23,71
23,72
23,73
23,74
23,75
23,76
23,77
23,78
23,79
23,80
24,25
24,26
24,27
24,28
24,29
24,30
24,31
24,32
24,33
24,34
24,35
24,36
24,37
24,38
24,39
24,40
24,41
24,42
24,43
24,44
24,45
24,46
24,47
24,48
24,49
24,50
24,51
24,52
24,53
24,54
24,55
24,56
24,57
24,58
24,59
24,60
24,61
24,62
24,63
24,64
24,65
24,66
24,67
24,68
24,69
24,70
24,71
24,72
24,73
24,74
24,75
24,76
24,77
24,78
24,79
24,80
24,81
24,83
24,84
24,86
24,87
24,93
24,98
24,99
24,100
24,103
24,110
24,111
24,113
24,115
24,118
24,120
24,123
24,124
24,126
24,127
24,129
24,130
24,132
24,134
24,135
24,137
24,139
24,141
24,142
24,143
24,145
24,146
24,147
24,148
24,149
24,150
24,152
24,153
24,154
24,155
24,156
24,157
24,158
24,159
24,163
24,165
24,166
24,169
24,171
24,174
24,176
24,178
24,180
24,181
24,183
24,184
24,185
24,190
24,191
25,26
25,27
25,28
25,29
25,30
25,31
25,32
25,33
25,34
25,35
25,36
25,37
25,38
25,39
25,40
25,41
25,42
25,43
25,44
25,45
25,46
25,47
25,48
25,49
25,50
25,51
25,52
25,53
25,54
25,55
25,56
25,57
25,58
25,59
25,60
25,61
25,62
25,63
25,64
25,65
25,66
25,67
25,68
25,69
25,70
25,71
25,72
25,73
25,74
25,75
25,76
25,77
25,78
25,79
25,80
25,101
25,105
25,106
25,107
25,112
25,114
25,115
25,118
25,121
25,122
25,124
25,125
25,128
25,129
25,130
25,132
25,133
25,134
25,138
25,140
25,141
25,142
25,143
25,147
25,150
25,151
25,156
25,160
25,163
25,167
25,168
25,172
25,173
25,178
25,180
25,181
25,188
25,191
25,192
25,193
25,196
25,197
26,27
26,28
26,29
26,30
26,31
26,32
26,33
26,34
26,35
26,36
26,37
26,38
26,39
26,40
26,41
26,42
26,43
26,44
26,45
26,46
26,47
26,48
26,49
26,50
26,51
26,52
26,53
26,54
26,55
26,56
26,57
26,58
26,59
26,60
26,61
26,62
26,63
26,64
26,65
26,66
26,67
26,68
26,69
26,70
26,71
26,72
26,73
26,74
26,75
26,76
26,77
26,78
26,79
26,80
27,28
27,29
27,30
27,31
27,32
27,33
27,34
27,35
27,36
27,37
27,38
27,39
27,40
27,41
27,42
27,43
27,44
27,45
27,46
27,47
27,48
27,49
27,50
27,51
27,52
27,53
27,54
27,55
27,56
27,57
27,58
27,59
27,60
27,61
27,62
27,63
27,64
27,65
27,66
27,67
27,68
27,69
27,70
27,71
27,72
27,73
27,74
27,75
27,76
27,77
27,78
27,79
27,80
28,29
28,30
28,31
28,32
28,33
28,34
28,35
28,36
28,37
28,38
28,39
28,40
28,41
28,42
28,43
28,44
28,45
28,46
28,47
28,48
28,49
28,50
28,51
28,52
28,53
28,54
28,55
28,56
28,57
28,58
28,59
28,60
28,61
28,62
28,63
28,64
28,65
28,66
28,67
28,68
28,69
28,70
28,71
28,72
28,73
28,74
28,75
28,76
28,77
28,78
28,79
28,80
28,139
28,140
28,141
28,143
28,146
28,147
28,148
28,150
28,151
28,152
28,156
28,157
28,160
28,161
28,162
28,169
28,173
28,180
28,181
28,183
28,188
28,193
28,195
28,196
28,197
29,30
29,31
29,32
29,33
29,34
29,35
29,36
29,37
29,38
29,39
29,40
29,41
29,42
29,43
29,44
29,45
29,46
29,47
29,48
29,49
29,50
29,51
29,52
29,53
29,54
29,55
29,56
29,57
29,58
29,59
29,60
29,61
29,62
29,63
29,64
29,65
29,66
29,67
29,68
29,69
29,70
29,71
29,72
29,73
29,74
29,75
29,76
29,77
29,78
29,79
29,80
30,31
30,32
30,33
30,34
30,35
30,36
30,37
30,38
30,39
30,40
30,41
30,42
30,43
30,44
30,45
30,46
30,47
30,48
30,49
30,50
30,51
30,52
30,53
30,54
30,55
30,56
30,57
30,58
30,59
30,60
30,61
30,62
30,63
30,64
30,65
30,66
30,67
30,68
30,69
30,70
30,71
30,72
30,73
30,74
30,75
30,76
30,77
30,78
30,79
30,80
30,109
30,110
30,112
30,114
30,115
30,116
30,117
30,118
30,120
30,121
30,122
30,124
30,125
30,126
30,130
30,132
30,133
30,138
30,139
30,140
30,141
30,142
30,143
30,146
30,148
30,151
30,153
30,160
30,161
30,164
30,167
30,168
30,169
30,170
30,172
30,173
30,175
30,178
30,182
30,183
30,184
30,186
30,190
30,192
30,194
31,32
31,33
31,34
31,35
31,36
31,37
31,38
31,39
31,40
31,41
31,42
31,43
31,44
31,45
31,46
31,47
31,48
31,49
31,50
31,51
31,52
31,53
31,54
31,55
31,56
31,57
31,58
31,59
31,60
31,61
31,62
31,63
31,64
31,65
31,66
31,67
31,68
31,69
31,70
31,71
31,72
31,73
31,74
31,75
31,76
31,77
31,78
31,79
31,80
31,81
31,83
31,84
31,86
31,87
31,93
31,98
31,99
31,100
31,103
31,105
31,106
31,107
31,109
31,110
31,111
31,112
31,113
31,114
31,115
31,118
31,119
31,120
31,121
31,123
31,124
31,125
31,126
31,129
31,134
31,135
31,137
31,139
31,142
31,143
31,145
31,146
31,148
31,149
31,150
31,153
31,154
31,155
31,156
31,157
31,158
31,159
31,163
31,165
31,166
31,169
31,171
31,174
31,176
31,178
31,180
31,181
31,183
31,184
31,185
31,190
31,191
32,33
32,34
32,35
32,36
32,37
32,38
32,39
32,40
32,41
32,42
32,43
32,44
32,45
32,46
32,47
32,48
32,49
32,50
32,51
32,52
32,53
32,54
32,55
32,56
32,57
32,58
32,59
32,60
32,61
32,62
32,63
32,64
32,65
32,66
32,67
32,68
32,69
32,70
32,71
32,72
32,73
32,74
32,75
32,76
32,77
32,78
32,79
32,80
32,81
32,83
32,84
32,86
32,87
32,93
32,98
32,99
32,100
32,103
32,109
32,110
32,111
32,112
32,113
32,114
32,120
32,123
32,124
32,126
32,128
32,129
32,132
32,133
32,134
32,135
32,137
32,138
32,139
32,140
32,141
32,142
32,143
32,144
32,145
32,146
32,147
32,148
32,149
32,150
32,151
32,153
32,154
32,155
32,156
32,157
32,158
32,159
32,162
32,163
32,164
32,165
32,166
32,168
32,169
32,170
32,171
32,173
32,174
32,175
32,176
32,178
32,179
32,180
32,181
32,182
32,183
32,184
32,185
32,187
32,190
32,191
32,193
32,195
32,196
32,198
32,199
33,34
33,35
33,36
33,37
33,38
33,39
33,40
33,41
33,42
33,43
33,44
33,45
33,46
33,47
33,48
33,49
33,50
33,51
33,52
33,53
33,54
33,55
33,56
33,57
33,58
33,59
33,60
33,61
33,62
33,63
33,64
33,65
33,66
33,67
33,68
33,69
33,70
33,71
33,72
33,73
33,74
33,75
33,76
33,77
33,78
33,79
33,80
34,35
34,36
34,37
34,38
34,39
34,40
34,41
34,42
34,43
34,44
34,45
34,46
34,47
34,48
34,49
34,50
34,51
34,52
34,53
34,54
34,55
34,56
34,57
34,58
34,59
34,60
34,61
34,62
34,63
34,64
34,65
34,66
34,67
34,68
34,69
34,70
34,71
34,72
34,73
34,74
34,75
34,76
34,77
34,78
34,79
34,80
34,112
34,113
34,114
34,115
34,117
34,118
34,119
34,120
34,122
34,123
34,124
34,125
34,128
34,130
34,131
34,132
35,36
35,37
35,38
35,39
35,40
35,41
35,42
35,43
35,44
35,45
35,46
35,47
35,48
35,49
35,50
35,51
35,52
35,53
35,54
35,55
35,56
35,57
35,58
35,59
35,60
35,61
35,62
35,63
35,64
35,65
35,66
35,67
35,68
35,69
35,70
35,71
35,72
35,73
35,74
35,75
35,76
35,77
35,78
35,79
35,80
35,103
35,107
35,108
35,109
35,110
35,112
35,113
35,114
35,116
35,117
35,118
35,121
35,124
35,125
35,127
35,128
35,130
35,131
35,132
35,134
35,138
35,140
35,141
35,147
35,148
35,153
35,162
36,37
36,38
36,39
36,40
36,41
36,42
36,43
36,44
36,45
36,46
36,47
36,48
36,49
36,50
36,51
36,52
36,53
36,54
36,55
36,56
36,57
36,58
36,59
36,60
36,61
36,62
36,63
36,64
36,65
36,66
36,67
36,68
36,69
36,70
36,71
36,72
36,73
36,74
36,75
36,76
36,77
36,78
36,79
36,80
36,106
36,107
36,109
36,110
36,111
36,112
36,113
36,114
36,115
36,116
36,117
36,118
36,119
36,124
36,125
36,127
36,128
36,131
36,132
36,133
36,134
36,138
36,141
36,142
36,144
36,147
36,148
36,149
36,150
36,153
36,155
36,157
36,158
36,159
36,160
36,162
36,164
36,168
36,170
36,172
36,178
36,179
36,180
36,182
36,183
36,184
36,186
36,187
37,38
37,39
37,40
37,41
37,42
37,43
37,44
37,45
37,46
37,47
37,48
37,49
37,50
37,51
37,52
37,53
37,54
37,55
37,56
37,57
37,58
37,59
37,60
37,61
37,62
37,63
37,64
37,65
37,66
37,67
37,68
37,69
37,70
37,71
37,72
37,73
37,74
37,75
37,76
37,77
37,78
37,79
37,80
37,81
37,83
37,84
37,86
37,87
37,93
37,97
37,98
37,99
37,100
37,103
37,104
37,105
37,106
37,107
37,109
37,110
37,111
37,114
37,115
37,116
37,117
37,118
37,119
37,120
37,123
37,124
37,126
37,128
37,129
37,131
37,134
37,135
37,137
37,139
37,140
37,141
37,142
37,143
37,145
37,146
37,148
37,149
37,150
37,151
37,152
37,153
37,154
37,155
37,156
37,157
37,158
37,159
37,163
37,165
37,166
37,169
37,170
37,171
37,172
37,174
37,175
37,176
37,177
37,178
37,180
37,181
37,183
37,184
37,185
37,186
37,187
37,190
37,191
37,192
37,193
37,196
37,198
37,199
38,39
38,40
38,41
38,42
38,43
38,44
38,45
38,46
38,47
38,48
38,49
38,50
38,51
38,52
38,53
38,54
38,55
38,56
38,57
38,58
38,59
38,60
38,61
38,62
38,63
38,64
38,65
38,66
38,67
38,68
38,69
38,70
38,71
38,72
38,73
38,74
38,75
38,76
38,77
38,78
38,79
38,80
39,40
39,41
39,42
39,43
39,44
39,45
39,46
39,47
39,48
39,49
39,50
39,51
39,52
39,53
39,54
39,55
39,56
39,57
39,58
39,59
39,60
39,61
39,62
39,63
39,64
39,65
39,66
39,67
39,68
39,69
39,70
39,71
39,72
39,73
39,74
39,75
39,76
39,77
39,78
39,79
39,80
39,81
39,83
39,84
39,86
39,87
39,93
39,98
39,99
39,100
39,103
39,110
39,111
39,120
39,123
39,124
39,126
39,129
39,134
39,135
39,137
39,139
39,142
39,143
39,145
39,146
39,148
39,149
39,150
39,153
39,154
39,155
39,156
39,157
39,158
39,159
39,163
39,165
39,166
39,169
39,171
39,174
39,176
39,178
39,180
39,181
39,183
39,184
39,185
39,190
39,191
40,41
40,42
40,43
40,44
40,45
40,46
40,47
40,48
40,49
40,50
40,51
40,52
40,53
40,54
40,55
40,56
40,57
40,58
40,59
40,60
40,61
40,62
40,63
40,64
40,65
40,66
40,67
40,68
40,69
40,70
40,71
40,72
40,73
40,74
40,75
40,76
40,77
40,78
40,79
40,80
40,81
40,83
40,84
40,86
40,87
40,93
40,98
40,99
40,100
40,103
40,110
40,111
40,120
40,123
40,124
40,126
40,129
40,134
40,135
40,137
40,139
40,142
40,143
40,145
40,146
40,148
40,149
40,150
40,153
40,154
40,155
40,156
40,157
40,158
40,159
40,163
40,165
40,166
40,169
40,171
40,174
40,176
40,178
40,180
40,181
40,183
40,184
40,185
40,190
40,191
41,42
41,43
41,44
41,45
41,46
41,47
41,48
41,49
41,50
41,51
41,52
41,53
41,54
41,55
41,56
41,57
41,58
41,59
41,60
41,61
41,62
41,63
41,64
41,65
41,66
41,67
41,68
41,69
41,70
41,71
41,72
41,73
41,74
41,75
41,76
41,77
41,78
41,79
41,80
42,43
42,44
42,45
42,46
42,47
42,48
42,49
42,50
42,51
42,52
42,53
42,54
42,55
42,56
42,57
42,58
42,59
42,60
42,61
42,62
42,63
42,64
42,65
42,66
42,67
42,68
42,69
42,70
42,71
42,72
42,73
42,74
42,75
42,76
42,77
42,78
42,79
42,80
42,81
42,83
42,84
42,86
42,87
42,93
42,98
42,99
42,100
42,103
42,110
42,111
42,120
42,123
42,124
42,126
42,129
42,134
42,135
42,137
42,139
42,142
42,143
42,145
42,146
42,148
42,149
42,150
42,153
42,154
42,155
42,156
42,157
42,158
42,159
42,163
42,165
42,166
42,169
42,171
42,174
42,176
42,178
42,180
42,181
42,183
42,184
42,185
42,190
42,191
43,44
43,45
43,46
43,47
43,48
43,49
43,50
43,51
43,52
43,53
43,54
43,55
43,56
43,57
43,58
43,59
43,60
43,61
43,62
43,63
43,64
43,65
43,66
43,67
43,68
43,69
43,70
43,71
43,72
43,73
43,74
43,75
43,76
43,77
43,78
43,79
43,80
44,45
44,46
44,47
44,48
44,49
44,50
44,51
44,52
44,53
44,54
44,55
44,56
44,57
44,58
44,59
44,60
44,61
44,62
44,63
44,64
44,65
44,66
44,67
44,68
44,69
44,70
44,71
44,72
44,73
44,74
44,75
44,76
44,77
44,78
44,79
44,80
44,81
44,83
44,84
44,86
44,87
44,93
44,98
44,99
44,100
44,103
44,110
44,111
44,120
44,123
44,124
44,126
44,129
44,134
44,135
44,137
44,139
44,142
44,143
44,145
44,146
44,148
44,149
44,150
44,153
44,154
44,155
44,156
44,157
44,158
44,159
44,163
44,165
44,166
44,169
44,171
44,174
44,176
44,178
44,180
44,181
44,183
44,184
44,185
44,190
44,191
45,46
45,47
45,48
45,49
45,50
45,51
45,52
45,53
45,54
45,55
45,56
45,57
45,58
45,59
45,60
45,61
45,62
45,63
45,64
45,65
45,66
45,67
45,68
45,69
45,70
45,71
45,72
45,73
45,74
45,75
45,76
45,77
45,78
45,79
45,80
45,81
45,83
45,84
45,86
45,87
45,93
45,98
45,99
45,100
45,103
45,110
45,111
45,120
45,123
45,124
45,126
45,129
45,134
45,135
45,137
45,139
45,142
45,143
45,145
45,146
45,148
45,149
45,150
45,153
45,154
45,155
45,156
45,157
45,158
45,159
45,163
45,165
45,166
45,169
45,171
45,174
45,176
45,178
45,180
45,181
45,183
45,184
45,185
45,190
45,191
46,47
46,48
46,49
46,50
46,51
46,52
46,53
46,54
46,55
46,56
46,57
46,58
46,59
46,60
46,61
46,62
46,63
46,64
46,65
46,66
46,67
46,68
46,69
46,70
46,71
46,72
46,73
46,74
46,75
46,76
46,77
46,78
46,79
46,80
46,81
46,83
46,84
46,86
46,87
46,93
46,98
46,99
46,100
46,103
46,110
46,111
46,120
46,123
46,124
46,126
46,129
46,134
46,135
46,137
46,139
46,142
46,143
46,145
46,146
46,148
46,149
46,150
46,153
46,154
46,155
46,156
46,157
46,158
46,159
46,163
46,165
46,166
46,169
46,171
46,174
46,176
46,178
46,180
46,181
46,183
46,184
46,185
46,190
46,191
47,48
47,49
47,50
47,51
47,52
47,53
47,54
47,55
47,56
47,57
47,58
47,59
47,60
47,61
47,62
47,63
47,64
47,65
47,66
47,67
47,68
47,69
47,70
47,71
47,72
47,73
47,74
47,75
47,76
47,77
47,78
47,79
47,80
48,49
48,50
48,51
48,52
48,53
48,54
48,55
48,56
48,57
48,58
48,59
48,60
48,61
48,62
48,63
48,64
48,65
48,66
48,67
48,68
48,69
48,70
48,71
48,72
48,73
48,74
48,75
48,76
48,77
48,78
48,79
48,80
48,81
48,83
48,84
48,86
48,87
48,93
48,98
48,99
48,100
48,103
48,110
48,111
48,120
48,123
48,124
48,126
48,129
48,134
48,135
48,137
48,139
48,142
48,143
48,145
48,146
48,148
48,149
48,150
48,153
48,154
48,155
48,156
48,157
48,158
48,159
48,163
48,165
48,166
48,169
48,171
48,174
48,176
48,178
48,180
48,181
48,183
48,184
48,185
48,190
48,191
49,50
49,51
49,52
49,53
49,54
49,55
49,56
49,57
49,58
49,59
49,60
49,61
49,62
49,63
49,64
49,65
49,66
49,67
49,68
49,69
49,70
49,71
49,72
49,73
49,74
49,75
49,76
49,77
49,78
49,79
49,80
50,51
50,52
50,53
50,54
50,55
50,56
50,57
50,58
50,59
50,60
50,61
50,62
50,63
50,64
50,65
50,66
50,67
50,68
50,69
50,70
50,71
50,72
50,73
50,74
50,75
50,76
50,77
50,78
50,79
50,80
50,118
50,119
50,120
50,121
50,123
50,124
50,126
50,128
50,130
50,131
50,134
50,138
50,140
50,141
50,148
51,52
51,53
51,54
51,55
51,56
51,57
51,58
51,59
51,60
51,61
51,62
51,63
51,64
51,65
51,66
51,67
51,68
51,69
51,70
51,71
51,72
51,73
51,74
51,75
51,76
51,77
51,78
51,79
51,80
51,99
51,105
51,107
51,110
51,111
51,112
51,113
51,114
51,115
51,117
51,118
51,119
51,120
51,121
51,123
51,124
51,126
51,127
51,128
51,130
51,132
51,133
51,134
51,136
51,137
51,138
51,140
51,141
51,142
51,143
51,144
51,146
51,147
51,151
51,152
51,153
51,155
51,160
51,169
51,171
51,175
51,185
51,187
51,197
51,199
52,53
52,54
52,55
52,56
52,57
52,58
52,59
52,60
52,61
52,62
52,63
52,64
52,65
52,66
52,67
52,68
52,69
52,70
52,71
52,72
52,73
52,74
52,75
52,76
52,77
52,78
52,79
52,80
52,103
52,104
52,105
52,106
52,107
52,108
52,109
52,111
52,113
52,114
52,115
52,116
52,117
52,118
52,119
52,120
52,121
52,122
52,123
52,125
52,126
52,127
52,128
52,130
52,131
52,132
52,138
52,139
52,140
52,145
52,146
52,147
52,149
52,151
52,152
52,153
52,154
52,155
52,156
52,157
52,159
52,160
52,162
52,168
52,169
52,171
52,175
52,180
52,182
52,183
52,185
52,186
52,187
52,192
52,195
52,196
52,197
52,198
52,199
53,54
53,55
53,56
53,57
53,58
53,59
53,60
53,61
53,62
53,63
53,64
53,65
53,66
53,67
53,68
53,69
53,70
53,71
53,72
53,73
53,74
53,75
53,76
53,77
53,78
53,79
53,80
53,102
53,103
53,104
53,105
53,109
53,110
54,55
54,56
54,57
54,58
54,59
54,60
54,61
54,62
54,63
54,64
54,65
54,66
54,67
54,68
54,69
54,70
54,71
54,72
54,73
54,74
54,75
54,76
54,77
54,78
54,79
54,80
54,112
54,113
54,114
54,115
54,116
54,118
54,120
54,121
54,122
54,124
54,125
54,128
54,141
54,143
54,144
54,146
54,147
54,148
54,149
54,150
54,153
54,156
54,157
54,159
54,160
54,161
54,163
54,164
54,166
54,167
54,169
54,170
54,172
54,177
54,178
54,179
54,181
54,182
54,183
54,184
54,185
54,186
54,187
54,190
54,193
54,195
54,196
54,197
54,198
54,199
55,56
55,57
55,58
55,59
55,60
55,61
55,62
55,63
55,64
55,65
55,66
55,67
55,68
55,69
55,70
55,71
55,72
55,73
55,74
55,75
55,76
55,77
55,78
55,79
55,80
55,97
55,98
55,99
55,101
55,102
55,103
55,104
55,106
55,107
55,108
55,109
55,110
55,111
55,113
55,114
55,115
55,117
55,118
55,121
55,122
55,123
55,124
55,125
55,126
55,128
55,131
55,132
55,133
55,136
55,137
55,138
55,141
55,142
55,143
55,144
55,145
55,146
55,148
55,149
55,150
55,151
55,152
55,153
55,154
55,156
55,157
55,159
55,160
55,161
55,162
55,163
55,164
55,166
55,169
55,170
55,171
55,172
55,174
55,178
55,179
55,180
55,181
55,182
55,183
55,184
55,185
55,186
55,187
55,189
55,190
55,192
55,193
55,194
55,195
55,196
55,197
55,198
55,199
56,57
56,58
56,59
56,60
56,61
56,62
56,63
56,64
56,65
56,66
56,67
56,68
56,69
56,70
56,71
56,72
56,73
56,74
56,75
56,76
56,77
56,78
56,79
56,80
56,98
56,99
56,101
56,102
56,103
56,104
56,105
56,106
56,107
56,108
56,109
56,110
56,111
56,112
56,113
56,114
56,116
56,119
56,120
56,121
56,122
56,123
56,124
56,125
56,126
56,127
56,129
56,130
56,131
56,132
56,137
56,138
56,139
56,140
56,142
56,143
56,145
56,146
56,147
56,148
56,149
56,150
56,151
56,152
56,153
56,154
56,157
56,158
56,159
56,160
56,161
56,162
56,165
56,166
56,167
56,168
56,169
56,170
56,171
56,172
56,174
56,178
56,179
56,181
56,182
56,183
56,184
56,185
56,186
56,187
56,188
56,189
56,192
56,193
56,194
56,195
56,197
56,198
56,199
57,58
57,59
57,60
57,61
57,62
57,63
57,64
57,65
57,66
57,67
57,68
57,69
57,70
57,71
57,72
57,73
57,74
57,75
57,76
57,77
57,78
57,79
57,80
58,59
58,60
58,61
58,62
58,63
58,64
58,65
58,66
58,67
58,68
58,69
58,70
58,71
58,72
58,73
58,74
58,75
58,76
58,77
58,78
58,79
58,80
58,105
58,107
58,108
58,109
58,110
58,111
58,112
58,113
58,114
58,118
58,119
58,120
58,122
58,123
58,125
58,126
58,127
58,128
58,129
58,131
58,136
58,137
58,138
58,139
58,140
58,141
58,142
58,144
58,145
58,147
58,149
58,150
58,151
58,153
58,155
58,156
58,157
58,158
58,160
58,164
58,166
58,168
58,171
58,172
58,173
58,174
58,177
58,178
58,179
58,180
58,181
58,183
58,184
58,185
58,188
58,189
58,190
58,193
58,195
58,197
58,199
59,60
59,61
59,62
59,63
59,64
59,65
59,66
59,67
59,68
59,69
59,70
59,71
59,72
59,73
59,74
59,75
59,76
59,77
59,78
59,79
59,80
59,81
59,83
59,84
59,86
59,87
59,93
59,97
59,98
59,99
59,100
59,101
59,102
59,103
59,105
59,106
59,107
59,108
59,109
59,110
59,111
59,112
59,113
59,115
59,116
59,117
59,118
59,120
59,121
59,122
59,123
59,124
59,125
59,126
59,128
59,129
59,130
59,131
59,132
59,133
59,134
59,135
59,136
59,137
59,138
59,139
59,140
59,141
59,142
59,143
59,145
59,146
59,148
59,149
59,150
59,153
59,154
59,155
59,156
59,157
59,158
59,159
59,162
59,163
59,164
59,165
59,166
59,168
59,169
59,171
59,172
59,173
59,174
59,175
59,176
59,177
59,178
59,180
59,181
59,183
59,184
59,185
59,190
59,191
59,193
59,196
60,61
60,62
60,63
60,64
60,65
60,66
60,67
60,68
60,69
60,70
60,71
60,72
60,73
60,74
60,75
60,76
60,77
60,78
60,79
60,80
60,105
60,106
60,107
60,108
60,109
60,110
60,111
60,112
60,113
60,114
60,118
60,119
60,121
60,122
60,123
60,124
60,125
60,127
60,128
60,129
60,130
60,131
61,62
61,63
61,64
61,65
61,66
61,67
61,68
61,69
61,70
61,71
61,72
61,73
61,74
61,75
61,76
61,77
61,78
61,79
61,80
61,81
61,83
61,84
61,86
61,87
61,93
61,98
61,99
61,100
61,103
61,110
61,111
61,120
61,123
61,124
61,126
61,129
61,134
61,135
61,137
61,139
61,142
61,143
61,145
61,146
61,148
61,149
61,150
61,153
61,154
61,155
61,156
61,157
61,158
61,159
61,163
61,165
61,166
61,169
61,171
61,174
61,176
61,178
61,180
61,181
61,183
61,184
61,185
61,190
61,191
62,63
62,64
62,65
62,66
62,67
62,68
62,69
62,70
62,71
62,72
62,73
62,74
62,75
62,76
62,77
62,78
62,79
62,80
62,81
62,83
62,84
62,86
62,87
62,93
62,98
62,99
62,100
62,103
62,110
62,111
62,115
62,116
62,117
62,118
62,120
62,121
62,122
62,123
62,124
62,125
62,126
62,127
62,129
62,134
62,135
62,137
62,139
62,142
62,143
62,145
62,146
62,148
62,149
62,150
62,153
62,154
62,155
62,156
62,157
62,158
62,159
62,163
62,165
62,166
62,169
62,171
62,174
62,176
62,178
62,180
62,181
62,183
62,184
62,185
62,190
62,191
62,195
62,196
62,198
62,199
63,64
63,65
63,66
63,67
63,68
63,69
63,70
63,71
63,72
63,73
63,74
63,75
63,76
63,77
63,78
63,79
63,80
63,102
63,104
63,105
63,108
63,109
63,110
63,111
63,112
63,114
63,119
63,120
63,121
63,122
63,123
63,124
63,125
63,127
63,128
63,132
63,133
63,139
63,140
63,141
63,142
63,143
63,145
63,146
63,149
64,65
64,66
64,67
64,68
64,69
64,70
64,71
64,72
64,73
64,74
64,75
64,76
64,77
64,78
64,79
64,80
64,81
64,83
64,84
64,86
64,87
64,93
64,98
64,99
64,100
64,103
64,110
64,111
64,112
64,113
64,114
64,115
64,116
64,117
64,118
64,119
64,120
64,121
64,122
64,123
64,124
64,126
64,127
64,129
64,130
64,131
64,132
64,133
64,134
64,135
64,137
64,139
64,142
64,143
64,145
64,146
64,148
64,149
64,150
64,153
64,154
64,155
64,156
64,157
64,158
64,159
64,163
64,165
64,166
64,169
64,171
64,174
64,176
64,178
64,180
64,181
64,183
64,184
64,185
64,190
64,191
65,66
65,67
65,68
65,69
65,70
65,71
65,72
65,73
65,74
65,75
65,76
65,77
65,78
65,79
65,80
65,103
65,107
65,108
65,109
65,110
65,111
65,113
65,114
65,116
65,117
65,118
65,119
65,121
65,122
65,123
65,125
65,127
65,128
65,131
65,132
65,133
66,67
66,68
66,69
66,70
66,71
66,72
66,73
66,74
66,75
66,76
66,77
66,78
66,79
66,80
66,113
66,114
66,115
66,116
66,117
67,68
67,69
67,70
67,71
67,72
67,73
67,74
67,75
67,76
67,77
67,78
67,79
67,80
67,104
67,107
68,69
68,70
68,71
68,72
68,73
68,74
68,75
68,76
68,77
68,78
68,79
68,80
68,101
68,102
68,103
68,104
68,106
68,107
68,108
68,109
68,111
68,112
68,113
68,114
68,115
68,116
68,117
68,119
68,122
68,123
68,126
68,127
68,128
68,130
68,131
68,132
68,136
68,137
68,141
68,147
68,148
68,151
68,154
68,164
68,165
68,168
68,169
68,171
68,180
68,181
68,186
68,189
68,190
68,192
68,195
68,196
68,198
69,70
69,71
69,72
69,73
69,74
69,75
69,76
69,77
69,78
69,79
69,80
70,71
70,72
70,73
70,74
70,75
70,76
70,77
70,78
70,79
70,80
70,81
70,83
70,84
70,86
70,87
70,93
70,98
70,99
70,100
70,103
70,110
70,111
70,120
70,123
70,124
70,126
70,129
70,134
70,135
70,137
70,139
70,142
70,143
70,145
70,146
70,148
70,149
70,150
70,153
70,154
70,155
70,156
70,157
70,158
70,159
70,163
70,165
70,166
70,169
70,171
70,174
70,176
70,178
70,180
70,181
70,183
70,184
70,185
70,190
70,191
71,72
71,73
71,74
71,75
71,76
71,77
71,78
71,79
71,80
71,81
71,83
71,84
71,86
71,87
71,93
71,98
71,99
71,100
71,103
71,110
71,111
71,120
71,123
71,124
71,126
71,129
71,134
71,135
71,137
71,139
71,142
71,143
71,145
71,146
71,148
71,149
71,150
71,153
71,154
71,155
71,156
71,157
71,158
71,159
71,163
71,165
71,166
71,169
71,171
71,174
71,176
71,178
71,180
71,181
71,183
71,184
71,185
71,190
71,191
72,73
72,74
72,75
72,76
72,77
72,78
72,79
72,80
72,81
72,83
72,84
72,86
72,87
72,93
72,98
72,99
72,100
72,103
72,110
72,111
72,120
72,123
72,124
72,126
72,129
72,134
72,135
72,137
72,139
72,142
72,143
72,145
72,146
72,148
72,149
72,150
72,153
72,154
72,155
72,156
72,157
72,158
72,159
72,163
72,165
72,166
72,169
72,171
72,174
72,176
72,178
72,180
72,181
72,183
72,184
72,185
72,190
72,191
73,74
73,75
73,76
73,77
73,78
73,79
73,80
73,81
73,83
73,84
73,86
73,87
73,93
73,98
73,99
73,100
73,103
73,110
73,111
73,120
73,121
73,122
73,123
73,124
73,126
73,129
73,134
73,135
73,137
73,139
73,142
73,143
73,145
73,146
73,148
73,149
73,150
73,153
73,154
73,155
73,156
73,157
73,158
73,159
73,163
73,165
73,166
73,169
73,171
73,174
73,176
73,178
73,180
73,181
73,183
73,184
73,185
73,190
73,191
74,75
74,76
74,77
74,78
74,79
74,80
74,102
74,103
74,105
74,107
74,110
74,111
74,113
74,114
74,115
74,116
74,118
74,119
74,122
74,127
74,128
74,129
74,130
74,131
74,132
74,133
74,134
74,136
74,137
74,140
74,141
74,144
74,145
74,148
74,149
74,154
75,76
75,77
75,78
75,79
75,80
75,81
75,83
75,84
75,86
75,87
75,93
75,98
75,99
75,100
75,103
75,110
75,111
75,120
75,123
75,124
75,126
75,129
75,134
75,135
75,137
75,139
75,142
75,143
75,145
75,146
75,148
75,149
75,150
75,153
75,154
75,155
75,156
75,157
75,158
75,159
75,163
75,165
75,166
75,169
75,171
75,174
75,176
75,178
75,180
75,181
75,183
75,184
75,185
75,190
75,191
76,77
76,78
76,79
76,80
77,78
77,79
77,80
77,81
77,83
77,84
77,86
77,87
77,93
77,98
77,99
77,100
77,103
77,110
77,111
77,120
77,123
77,124
77,126
77,129
77,134
77,135
77,137
77,139
77,142
77,143
77,145
77,146
77,148
77,149
77,150
77,153
77,154
77,155
77,156
77,157
77,158
77,159
77,163
77,165
77,166
77,169
77,171
77,174
77,176
77,178
77,180
77,181
77,183
77,184
77,185
77,190
77,191
78,79
78,80
78,102
78,103
78,106
78,107
78,108
78,110
78,111
78,112
78,114
78,115
78,117
78,118
78,120
78,133
78,136
78,137
78,140
78,141
78,144
78,147
78,168
78,169
78,177
78,194
78,197
79,80
79,81
79,83
79,84
79,86
79,87
79,93
79,98
79,99
79,100
79,102
79,103
79,105
79,106
79,107
79,109
79,110
79,111
79,113
79,114
79,115
79,116
79,117
79,118
79,119
79,120
79,123
79,124
79,126
79,129
79,134
79,135
79,137
79,139
79,142
79,143
79,145
79,146
79,148
79,149
79,150
79,153
79,154
79,155
79,156
79,157
79,158
79,159
79,163
79,165
79,166
79,169
79,171
79,174
79,176
79,178
79,180
79,181
79,183
79,184
79,185
79,190
79,191
80,81
80,83
80,84
80,86
80,87
80,93
80,98
80,99
80,100
80,103
80,110
80,111
80,120
80,123
80,124
80,126
80,129
80,134
80,135
80,137
80,139
80,142
80,143
80,145
80,146
80,148
80,149
80,150
80,153
80,154
80,155
80,156
80,157
80,158
80,159
80,163
80,165
80,166
80,169
80,171
80,174
80,176
80,178
80,180
80,181
80,183
80,184
80,185
80,190
80,191
81,83
81,84
81,86
81,87
81,93
81,98
81,99
81,100
81,103
81,110
81,111
81,114
81,116
81,117
81,120
81,123
81,124
81,126
81,129
81,131
81,133
81,134
81,135
81,137
81,139
81,141
81,142
81,143
81,144
81,145
81,146
81,147
81,148
81,149
81,150
81,151
81,152
81,153
81,154
81,155
81,156
81,157
81,158
81,159
81,163
81,165
81,166
81,169
81,171
81,174
81,176
81,178
81,180
81,181
81,183
81,184
81,185
81,190
81,191
82,99
82,101
82,102
82,103
82,104
82,107
82,108
82,109
82,110
82,111
82,114
82,115
82,116
82,117
82,119
82,120
82,121
82,124
82,126
82,127
82,128
82,129
82,130
82,131
82,133
82,136
82,137
82,138
82,141
82,142
83,84
83,86
83,87
83,93
83,98
83,99
83,100
83,103
83,110
83,111
83,120
83,123
83,124
83,126
83,129
83,134
83,135
83,137
83,139
83,142
83,143
83,145
83,146
83,148
83,149
83,150
83,153
83,154
83,155
83,156
83,157
83,158
83,159
83,163
83,165
83,166
83,169
83,171
83,174
83,176
83,178
83,180
83,181
83,183
83,184
83,185
83,190
83,191
84,86
84,87
84,93
84,98
84,99
84,100
84,103
84,110
84,111
84,120
84,123
84,124
84,126
84,127
84,128
84,129
84,130
84,134
84,135
84,137
84,138
84,139
84,140
84,141
84,142
84,143
84,145
84,146
84,147
84,148
84,149
84,150
84,151
84,152
84,153
84,154
84,155
84,156
84,157
84,158
84,159
84,163
84,165
84,166
84,169
84,171
84,174
84,176
84,178
84,180
84,181
84,183
84,184
84,185
84,190
84,191
85,101
85,102
85,103
85,109
85,110
85,112
85,113
85,114
85,116
85,117
85,119
85,120
85,121
85,122
85,124
85,127
85,128
85,129
85,130
85,131
85,132
85,133
85,135
85,136
85,137
85,140
85,141
85,145
85,146
85,147
85,148
85,149
85,151
86,87
86,93
86,98
86,99
86,100
86,103
86,109
86,110
86,111
86,113
86,114
86,116
86,117
86,118
86,119
86,120
86,122
86,123
86,124
86,125
86,126
86,127
86,128
86,129
86,130
86,131
86,132
86,133
86,134
86,135
86,136
86,137
86,139
86,141
86,142
86,143
86,144
86,145
86,146
86,148
86,149
86,150
86,153
86,154
86,155
86,156
86,157
86,158
86,159
86,163
86,165
86,166
86,169
86,171
86,174
86,176
86,178
86,180
86,181
86,183
86,184
86,185
86,190
86,191
87,93
87,97
87,98
87,99
87,100
87,101
87,102
87,103
87,104
87,106
87,107
87,109
87,110
87,111
87,113
87,114
87,115
87,117
87,120
87,122
87,123
87,124
87,126
87,127
87,128
87,129
87,130
87,131
87,132
87,133
87,134
87,135
87,136
87,137
87,138
87,139
87,140
87,142
87,143
87,144
87,145
87,146
87,147
87,148
87,149
87,150
87,151
87,152
87,153
87,154
87,155
87,156
87,157
87,158
87,159
87,163
87,165
87,166
87,169
87,171
87,172
87,173
87,174
87,176
87,178
87,180
87,181
87,183
87,184
87,185
87,190
87,191
88,97
88,99
88,100
88,102
88,103
88,104
88,105
88,106
88,107
88,108
88,109
88,110
88,113
88,114
88,115
88,116
88,118
88,119
88,123
88,124
88,125
88,126
88,127
88,130
88,131
88,132
88,134
88,137
88,138
88,140
88,141
88,142
88,143
88,147
88,148
88,151
88,152
88,153
88,155
88,164
88,167
88,168
88,172
88,173
90,96
90,98
90,99
90,101
90,104
90,105
90,107
90,111
90,112
90,113
90,114
90,115
90,116
90,117
90,118
90,119
90,121
90,122
90,123
90,125
90,126
90,128
90,129
90,130
90,131
90,132
90,134
90,135
90,136
90,137
90,138
90,139
90,140
90,141
90,143
90,144
90,145
90,146
90,150
90,152
90,153
90,155
90,156
90,167
90,168
90,169
90,176
90,177
90,186
90,189
90,194
90,198
90,199
91,96
91,98
91,100
91,101
91,103
91,105
91,108
91,109
91,110
91,111
91,112
92,98
92,99
92,100
92,101
92,102
92,103
92,105
92,106
92,107
92,108
92,109
93,96
93,98
93,99
93,100
93,102
93,103
93,104
93,105
93,107
93,108
93,109
93,110
93,111
93,112
93,113
93,114
93,120
93,123
93,124
93,126
93,129
93,134
93,135
93,137
93,139
93,142
93,143
93,145
93,146
93,148
93,149
93,150
93,153
93,154
93,155
93,156
93,157
93,158
93,159
93,163
93,165
93,166
93,169
93,171
93,174
93,176
93,178
93,180
93,181
93,183
93,184
93,185
93,190
93,191
94,96
94,97
94,100
94,101
94,103
94,104
94,105
94,108
94,109
94,110
94,111
94,112
94,113
94,114
94,119
94,121
94,122
94,125
94,126
94,128
94,129
94,130
94,132
94,134
94,135
94,137
94,138
94,140
94,143
94,144
94,146
94,148
94,150
94,151
94,152
94,153
94,154
94,159
94,168
94,169
94,170
94,178
94,186
94,198
95,98
95,99
95,102
95,103
95,104
96,98
96,101
96,102
96,103
96,105
96,107
96,108
96,109
96,110
96,111
96,112
96,113
96,114
96,116
96,117
96,122
96,123
96,125
96,126
96,127
97,98
97,100
97,101
97,102
98,99
98,100
98,101
98,102
98,103
98,105
98,106
98,107
98,108
98,110
98,111
98,113
98,114
98,115
98,116
98,117
98,118
98,119
98,120
98,121
98,122
98,123
98,124
98,126
98,127
98,128
98,129
98,130
98,134
98,135
98,137
98,139
98,142
98,143
98,145
98,146
98,148
98,149
98,150
98,153
98,154
98,155
98,156
98,157
98,158
98,159
98,163
98,165
98,166
98,169
98,171
98,174
98,176
98,178
98,180
98,181
98,183
98,184
98,185
98,190
98,191
99,100
99,101
99,102
99,103
99,105
99,106
99,108
99,109
99,110
99,111
99,112
99,113
99,114
99,116
99,117
99,120
99,122
99,123
99,124
99,126
99,128
99,129
99,133
99,134
99,135
99,137
99,139
99,142
99,143
99,144
99,145
99,146
99,148
99,149
99,150
99,151
99,153
99,154
99,155
99,156
99,157
99,158
99,159
99,163
99,165
99,166
99,169
99,171
99,174
99,176
99,178
99,180
99,181
99,183
99,184
99,185
99,190
99,191
100,101
100,102
100,103
100,104
100,105
100,106
100,107
100,108
100,109
100,110
100,111
100,113
100,114
100,115
100,116
100,117
100,118
100,120
100,121
100,122
100,123
100,124
100,125
100,126
100,127
100,128
100,129
100,131
100,133
100,134
100,135
100,137
100,139
100,140
100,142
100,143
100,145
100,146
100,148
100,149
100,150
100,153
100,154
100,155
100,156
100,157
100,158
100,159
100,163
100,165
100,166
100,169
100,171
100,174
100,176
100,178
100,180
100,181
100,183
100,184
100,185
100,190
100,191
101,102
101,103
101,104
101,105
101,106
101,107
101,108
101,112
101,113
101,114
101,116
101,117
101,119
101,120
101,121
101,122
101,123
101,127
101,128
101,130
101,132
101,133
101,135
101,139
101,140
101,141
101,144
101,145
101,153
101,154
101,155
102,103
102,104
102,105
102,106
102,107
102,108
102,110
102,111
103,105
103,106
103,107
103,108
103,109
103,110
103,111
103,112
103,114
103,116
103,117
103,118
103,120
103,122
103,123
103,124
103,126
103,128
103,129
103,130
103,134
103,135
103,137
103,139
103,142
103,143
103,145
103,146
103,148
103,149
103,150
103,153
103,154
103,155
103,156
103,157
103,158
103,159
103,163
103,165
103,166
103,169
103,171
103,174
103,176
103,178
103,180
103,181
103,183
103,184
103,185
103,190
103,191
104,105
104,106
104,107
104,108
104,109
104,110
104,112
104,113
104,114
104,115
104,116
104,117
104,118
104,119
104,120
104,121
104,123
104,125
104,128
104,129
104,130
104,131
104,132
104,133
104,134
104,135
104,136
104,139
104,141
104,143
104,147
104,148
104,150
105,106
105,107
105,108
105,109
105,110
105,112
105,113
105,114
105,115
105,119
105,122
105,123
105,124
105,125
105,126
105,128
105,129
105,130
105,131
105,132
105,133
105,134
105,135
105,136
105,138
105,139
105,141
105,142
105,143
105,144
105,147
105,148
105,150
105,151
105,153
105,161
105,168
105,169
105,170
105,172
105,178
106,107
106,108
106,110
106,111
106,112
106,113
106,114
106,115
106,116
106,117
106,119
106,120
106,121
106,122
106,123
106,124
106,125
106,126
106,128
106,129
106,130
106,131
106,132
106,133
106,134
106,135
106,136
106,138
106,139
106,141
106,142
106,144
106,145
106,146
106,147
106,148
106,149
106,150
106,153
106,154
106,159
106,161
107,110
107,111
107,112
107,113
107,114
107,115
107,116
107,117
107,118
107,121
107,123
107,124
107,126
107,129
107,131
107,132
107,135
107,136
107,138
107,139
107,140
107,141
107,142
107,143
107,144
107,146
107,149
107,152
107,154
107,155
107,159
107,169
107,172
107,175
107,178
107,183
107,185
107,186
107,190
107,191
107,196
107,199
108,109
108,110
108,111
108,112
108,115
108,117
108,118
108,119
108,122
108,123
108,124
108,125
108,126
108,127
108,128
108,129
108,132
108,133
108,136
108,137
108,138
108,139
108,140
108,142
108,143
108,144
108,145
108,146
108,147
108,149
108,151
108,152
108,153
108,154
108,155
109,112
109,114
109,115
109,117
109,118
109,119
109,120
109,121
109,122
109,123
109,124
109,125
109,126
109,127
109,128
109,129
109,130
109,131
109,135
109,136
109,137
109,138
109,139
109,140
109,141
109,145
109,146
109,147
109,148
109,149
109,151
109,152
109,153
109,154
109,156
109,158
109,161
109,165
109,166
109,169
109,170
109,172
109,175
109,176
109,177
109,179
109,180
109,183
109,185
109,186
109,187
109,190
109,191
109,192
109,196
109,198
109,199
110,111
110,112
110,113
110,115
110,119
110,120
110,121
110,122
110,123
110,124
110,125
110,126
110,128
110,129
110,130
110,131
110,132
110,133
110,134
110,135
110,136
110,137
110,138
110,139
110,140
110,141
110,142
110,143
110,145
110,146
110,148
110,149
110,150
110,151
110,152
110,153
110,154
110,155
110,156
110,157
110,158
110,159
110,163
110,164
110,165
110,166
110,168
110,169
110,171
110,174
110,176
110,178
110,180
110,181
110,183
110,184
110,185
110,190
110,191
111,112
111,113
111,114
111,115
111,116
111,117
111,118
111,119
111,120
111,121
111,122
111,123
111,124
111,126
111,129
111,134
111,135
111,137
111,139
111,142
111,143
111,145
111,146
111,148
111,149
111,150
111,153
111,154
111,155
111,156
111,157
111,158
111,159
111,163
111,165
111,166
111,169
111,171
111,174
111,176
111,178
111,180
111,181
111,183
111,184
111,185
111,190
111,191
112,113
112,114
112,116
112,117
112,118
112,119
112,121
112,122
112,124
112,127
112,129
112,130
112,131
112,132
112,133
112,137
112,140
112,141
112,142
112,143
112,148
112,153
112,154
112,155
112,156
112,158
112,159
112,161
112,170
112,172
113,115
113,117
113,118
113,119
113,121
113,122
113,123
113,124
113,125
113,127
113,128
113,129
113,130
113,131
113,133
113,134
113,135
113,136
113,141
113,142
113,143
113,144
113,145
113,146
113,148
113,149
113,150
113,152
113,153
113,154
113,155
113,156
113,158
113,161
113,164
113,165
113,168
113,170
113,172
113,173
113,176
113,179
113,180
113,185
113,192
113,194
113,198
114,116
114,117
114,120
114,122
114,124
114,125
114,126
114,127
114,128
114,131
114,133
114,134
114,135
114,137
114,138
114,139
114,141
114,142
114,143
114,144
114,146
115,116
115,118
115,119
115,120
115,121
115,122
115,123
115,124
115,125
115,126
115,127
115,128
115,129
115,131
115,132
115,133
115,134
115,135
115,136
115,137
115,138
115,139
115,140
115,141
115,142
115,143
115,144
115,145
115,148
115,149
115,150
115,151
115,152
115,153
115,154
115,155
115,156
115,157
115,158
115,164
115,166
115,168
115,169
115,170
115,171
115,172
115,173
115,174
115,176
115,178
115,180
115,185
115,186
115,187
115,188
115,189
115,191
115,194
115,196
115,198
115,199
116,117
116,118
116,119
116,120
116,121
116,122
116,123
116,124
116,125
116,127
116,128
116,129
117,118
117,119
117,120
117,121
117,123
117,124
117,125
117,126
117,127
117,128
117,129
117,130
117,131
117,132
117,133
117,134
117,135
117,136
117,141
117,142
117,143
117,144
117,145
117,146
117,148
117,150
117,153
117,154
117,155
117,156
117,157
117,161
117,164
117,165
117,166
117,167
117,168
117,169
117,170
117,171
117,172
117,173
117,174
117,176
117,185
117,186
117,187
117,188
117,189
117,191
117,194
117,196
117,198
117,199
118,119
118,120
118,121
118,122
118,124
118,125
118,126
118,129
118,131
118,133
118,134
118,135
118,136
118,138
118,139
118,141
118,142
118,143
118,144
118,146
118,148
118,149
118,150
118,151
118,152
118,153
118,155
118,156
118,158
118,159
118,162
118,164
118,165
118,166
118,168
118,169
118,170
118,171
118,172
118,173
118,175
118,177
118,178
118,179
118,180
118,181
118,185
118,188
118,189
118,193
118,194
118,196
118,198
118,199
119,122
119,123
120,121
120,122
120,123
120,124
120,125
120,126
120,127
120,128
120,129
120,131
120,133
120,134
120,135
120,137
120,139
120,142
120,143
120,145
120,146
120,148
120,149
120,150
120,152
120,153
120,154
120,155
120,156
120,157
120,158
120,159
120,161
120,163
120,165
120,166
120,167
120,168
120,169
120,171
120,172
120,174
120,176
120,178
120,180
120,181
120,183
120,184
120,185
120,189
120,190
120,191
120,194
120,195
120,196
121,128
121,130
121,131
121,132
121,133
121,134
121,135
121,136
121,137
121,138
121,140
121,141
122,123
122,124
122,126
122,127
123,124
123,125
123,126
123,127
123,129
123,130
123,132
123,133
123,134
123,135
123,136
123,137
123,138
123,139
123,140
123,141
123,142
123,143
123,144
123,145
123,146
123,148
123,149
123,150
123,153
123,154
123,155
123,156
123,157
123,158
123,159
123,161
123,163
123,165
123,166
123,169
123,171
123,172
123,174
123,176
123,177
123,178
123,180
123,181
123,183
123,184
123,185
123,190
123,191
124,125
124,126
124,127
124,129
124,130
124,131
124,132
124,133
124,134
124,135
124,136
124,137
124,139
124,141
124,142
124,143
124,144
124,145
124,146
124,147
124,148
124,149
124,150
124,151
124,152
124,153
124,154
124,155
124,156
124,157
124,158
124,159
124,162
124,163
124,164
124,165
124,166
124,169
124,171
124,173
124,174
124,175
124,176
124,178
124,180
124,181
124,183
124,184
124,185
124,186
124,188
124,189
124,190
124,191
124,193
124,194
124,196
124,197
124,198
125,127
125,128
125,134
125,136
125,137
125,138
125,139
125,140
125,141
125,144
125,147
125,149
125,151
125,152
125,153
125,154
125,160
125,161
125,162
125,164
125,166
125,169
125,170
125,172
125,174
125,177
125,179
125,180
125,181
125,187
125,188
125,189
125,190
125,192
125,194
125,195
125,196
125,197
125,198
125,199
126,127
126,128
126,129
126,131
126,133
126,134
126,135
126,137
126,138
126,139
126,140
126,141
126,142
126,143
126,144
126,145
126,146
126,148
126,149
126,150
126,151
126,153
126,154
126,155
126,156
126,157
126,158
126,159
126,162
126,163
126,164
126,165
126,166
126,167
126,168
126,169
126,171
126,174
126,175
126,176
126,178
126,180
126,181
126,183
126,184
126,185
126,186
126,188
126,189
126,190
126,191
126,193
126,196
126,198
127,130
127,131
127,134
127,135
127,136
127,137
127,139
127,141
127,144
127,147
127,148
127,150
127,153
127,154
127,155
127,159
127,161
127,162
127,164
127,167
127,168
127,170
127,171
127,173
127,175
127,177
127,178
127,179
127,183
127,186
127,187
127,189
127,190
127,192
127,193
127,194
127,195
127,196
127,197
127,198
128,129
128,131
129,130
129,131
129,132
129,133
129,134
129,135
129,136
129,137
129,139
129,140
129,142
129,143
129,144
129,145
129,146
129,147
129,148
129,149
129,150
129,151
129,153
129,154
129,155
129,156
129,157
129,158
129,159
129,163
129,165
129,166
129,169
129,171
129,174
129,176
129,178
129,180
129,181
129,183
129,184
129,185
129,190
129,191
130,131
130,132
130,133
130,134
130,135
130,136
130,137
130,139
130,140
130,141
130,142
130,144
130,147
130,149
130,151
130,152
130,153
130,155
130,156
130,157
130,158
130,159
130,166
130,168
130,169
130,171
130,172
130,174
130,175
130,177
130,180
130,183
130,186
130,187
130,189
130,192
130,193
130,195
130,197
131,132
131,133
131,135
131,136
131,137
131,138
131,139
131,141
131,142
131,143
131,144
131,145
131,148
131,149
131,150
131,152
131,153
131,154
131,157
131,159
131,161
131,162
131,164
131,168
131,169
131,171
131,172
131,173
131,174
131,175
131,176
131,177
131,178
131,179
131,180
131,182
131,183
131,184
131,186
131,187
131,188
131,189
131,190
131,191
131,192
131,195
131,196
131,197
132,133
132,134
132,135
132,137
132,140
132,141
132,142
132,143
132,144
132,145
132,146
132,147
132,148
132,149
132,150
132,152
132,154
132,155
132,156
132,158
132,162
132,163
132,164
132,165
132,167
132,168
132,169
132,170
132,172
132,173
132,174
132,175
132,176
132,177
132,178
132,180
132,181
132,183
132,184
132,186
132,187
132,188
132,189
132,190
132,191
132,193
132,194
132,195
132,196
132,197
133,134
133,135
133,136
133,137
133,138
133,139
133,140
133,141
133,144
133,145
133,146
133,147
133,149
133,150
133,151
133,152
133,153
133,155
133,156
133,157
133,158
133,159
133,161
133,162
133,163
133,164
133,165
133,167
133,168
133,169
133,170
133,172
133,173
133,174
134,135
134,136
134,137
134,138
134,139
134,140
134,141
134,142
134,143
134,144
134,145
134,146
134,148
134,149
134,150
134,151
134,152
134,153
134,154
134,155
134,156
134,157
134,158
134,159
134,160
134,162
134,163
134,164
134,165
134,166
134,167
134,168
134,169
134,170
134,171
134,173
134,174
134,175
134,176
134,178
134,180
134,181
134,183
134,184
134,185
134,187
134,188
134,190
134,191
134,193
134,194
134,195
134,196
134,197
134,198
135,137
135,139
135,142
135,143
135,145
135,146
135,148
135,149
135,150
135,153
135,154
135,155
135,156
135,157
135,158
135,159
135,163
135,165
135,166
135,169
135,171
135,174
135,176
135,178
135,180
135,181
135,183
135,184
135,185
135,190
135,191
136,137
136,138
136,140
136,144
136,145
136,149
136,150
136,151
136,152
136,155
136,156
136,157
136,159
136,160
136,162
136,165
136,166
136,167
136,168
136,169
136,170
136,171
136,173
136,174
136,175
136,176
136,179
136,180
136,181
136,183
136,184
136,188
136,189
136,190
136,192
136,193
136,195
136,196
136,197
137,138
137,139
137,140
137,141
137,142
137,143
137,144
137,145
137,146
137,147
137,148
137,149
137,150
137,151
137,152
137,153
137,154
137,155
137,156
137,157
137,158
137,159
137,163
137,165
137,166
137,169
137,171
137,174
137,176
137,178
137,180
137,181
137,183
137,184
137,185
137,190
137,191
138,139
138,140
138,141
138,143
138,144
138,146
138,147
138,149
138,150
138,151
138,152
138,154
138,155
138,156
138,157
138,158
138,159
138,160
138,163
138,164
138,165
138,166
138,171
138,172
138,173
138,174
138,176
138,177
138,180
138,181
138,182
138,183
138,184
138,185
138,187
138,188
138,190
138,191
138,192
138,193
138,194
138,195
138,197
138,198
139,140
139,141
139,142
139,143
139,144
139,145
139,146
139,148
139,149
139,150
139,151
139,153
139,154
139,155
139,156
139,157
139,158
139,159
139,161
139,162
139,163
139,164
139,165
139,166
139,168
139,169
139,170
139,171
139,173
139,174
139,175
139,176
139,177
139,178
139,180
139,181
139,183
139,184
139,185
139,186
139,187
139,188
139,189
139,190
139,191
139,192
139,193
139,194
139,195
139,197
139,198
140,141
140,143
140,144
140,145
140,146
140,149
140,151
140,152
140,153
140,154
140,155
140,156
140,157
140,158
140,159
140,160
140,161
140,162
140,163
140,164
140,166
140,169
140,170
140,171
140,172
140,174
140,175
140,179
140,180
140,181
140,183
140,184
140,186
140,187
140,188
140,189
140,191
140,192
140,193
140,195
140,196
140,197
140,198
141,143
141,144
141,145
141,146
141,147
141,148
141,149
141,151
141,152
141,153
141,154
141,156
141,157
141,158
141,159
141,160
141,161
141,162
141,163
141,164
141,165
141,166
141,167
141,168
141,171
141,172
141,174
141,175
141,176
141,178
141,179
141,180
141,181
141,182
141,183
141,184
141,185
141,186
141,187
141,188
141,189
141,190
141,191
141,192
141,193
141,196
141,197
141,198
142,143
142,144
142,145
142,146
142,148
142,149
142,150
142,152
142,153
142,154
142,155
142,156
142,157
142,158
142,159
142,162
142,163
142,164
142,165
142,166
142,167
142,168
142,169
142,170
142,171
142,172
142,173
142,174
142,175
142,176
142,177
142,178
142,179
142,180
142,181
142,182
142,183
142,184
142,185
142,186
142,187
142,189
142,190
142,191
142,192
142,194
142,196
142,197
142,198
143,145
143,146
143,148
143,149
143,150
143,151
143,153
143,154
143,155
143,156
143,157
143,158
143,159
143,161
143,162
143,163
143,164
143,165
143,166
143,167
143,168
143,169
143,171
143,174
143,176
143,178
143,180
143,181
143,183
143,184
143,185
143,190
143,191
145,146
145,148
145,149
145,150
145,151
145,152
145,153
145,154
145,155
145,156
145,157
145,158
145,159
145,161
145,163
145,165
145,166
145,167
145,169
145,171
145,174
145,176
145,178
145,180
145,181
145,183
145,184
145,185
145,190
145,191
146,147
146,148
146,149
146,150
146,152
146,153
146,154
146,155
146,156
146,157
146,158
146,159
146,161
146,163
146,165
146,166
146,167
146,168
146,169
146,171
146,172
146,173
146,174
146,175
146,176
146,178
146,180
146,181
146,183
146,184
146,185
146,187
146,188
146,189
146,190
146,191
146,193
146,195
146,196
146,197
146,198
146,199
147,149
147,150
147,151
147,152
147,153
147,160
147,161
147,163
147,167
147,168
147,170
147,171
147,172
147,173
147,175
147,177
147,178
147,180
147,187
147,188
147,189
147,193
147,194
147,195
147,197
147,198
148,149
148,150
148,151
148,152
148,153
148,154
148,155
148,156
148,157
148,158
148,159
148,160
148,161
148,162
148,163
148,165
148,166
148,167
148,168
148,169
148,170
148,171
148,172
148,174
148,175
148,176
148,177
148,178
148,180
148,181
148,183
148,184
148,185
148,187
148,188
148,189
148,190
148,191
148,196
148,197
148,198
149,150
149,151
149,152
149,153
149,154
149,155
149,156
149,157
149,158
149,159
149,162
149,163
149,165
149,166
149,167
149,168
149,169
149,170
149,171
149,172
149,173
149,174
149,175
149,176
149,177
149,178
149,180
149,181
149,183
149,184
149,185
149,186
149,187
149,188
149,189
149,190
149,191
149,192
149,193
149,194
149,196
149,198
150,151
150,152
150,153
150,154
150,155
150,156
150,157
150,158
150,159
150,163
150,165
150,166
150,167
150,168
150,169
150,170
150,171
150,172
150,173
150,174
150,175
150,176
150,177
150,178
150,180
150,181
150,182
150,183
150,184
150,185
150,186
150,187
150,189
150,190
150,191
150,192
150,193
150,194
150,198
150,199
151,152
151,159
151,160
151,161
151,163
151,164
151,168
151,169
151,170
151,172
151,174
151,175
151,177
151,178
151,182
151,185
151,186
151,189
151,190
152,153
152,155
152,157
152,159
152,160
152,161
152,162
152,163
152,164
152,167
152,168
152,169
152,172
152,173
152,174
152,175
152,176
152,177
152,178
152,179
152,182
152,183
152,184
152,186
152,187
152,188
152,189
152,191
152,192
152,194
152,196
152,198
152,199
153,154
153,155
153,156
153,157
153,158
153,159
153,160
153,161
153,162
153,163
153,164
153,165
153,166
153,167
153,168
153,169
153,170
153,171
153,172
153,174
153,176
153,177
153,178
153,179
153,180
153,181
153,182
153,183
153,184
153,185
153,186
153,190
153,191
154,155
154,156
154,157
154,158
154,159
154,161
154,162
154,163
154,164
154,165
154,166
154,168
154,169
154,170
154,171
154,172
154,173
154,174
154,176
154,177
154,178
154,179
154,180
154,181
154,182
154,183
154,184
154,185
154,190
154,191
155,156
155,157
155,158
155,159
155,161
155,162
155,163
155,164
155,165
155,166
155,167
155,169
155,170
155,171
155,172
155,173
155,174
155,175
155,176
155,177
155,178
155,179
155,180
155,181
155,182
155,183
155,184
155,185
155,186
155,188
155,189
155,190
155,191
155,194
155,195
155,196
155,197
155,198
156,157
156,158
156,159
156,161
156,162
156,163
156,165
156,166
156,168
156,169
156,170
156,171
156,172
156,173
156,174
156,175
156,176
156,178
156,179
156,180
156,181
156,182
156,183
156,184
156,185
156,188
156,190
156,191
156,192
156,193
157,158
157,159
157,161
157,162
157,163
157,165
157,166
157,168
157,169
157,170
157,171
157,172
157,173
157,174
157,175
157,176
157,177
157,178
157,179
157,180
157,181
157,183
157,184
157,185
157,190
157,191
157,197
157,198
158,159
158,163
158,165
158,166
158,167
158,168
158,169
158,170
158,171
158,172
158,173
158,174
158,176
158,178
158,179
158,180
158,181
158,183
158,184
158,185
158,190
158,191
159,160
159,161
159,163
159,164
159,165
159,166
159,167
159,168
159,169
159,170
159,171
159,172
159,173
159,174
159,176
159,177
159,178
159,179
159,180
159,181
159,183
159,184
159,185
159,187
159,189
159,190
159,191
159,192
159,195
160,162
160,163
160,164
160,167
160,170
160,171
160,172
160,173
160,175
160,176
160,179
160,182
160,183
160,188
160,189
160,190
160,191
160,192
160,193
160,194
160,196
160,197
161,162
161,164
162,164
162,166
162,168
162,170
162,171
162,172
162,173
162,176
162,177
162,179
162,181
162,182
162,185
162,187
162,189
162,191
162,192
162,197
162,199
163,164
163,165
163,166
163,169
163,170
163,171
163,172
163,173
163,174
163,175
163,176
163,178
163,179
163,180
163,181
163,182
163,183
163,184
163,185
163,186
163,187
163,188
163,189
163,190
163,191
163,192
163,193
163,194
163,195
163,198
163,199
164,165
164,168
164,169
164,170
164,171
164,172
164,173
164,176
164,180
164,183
164,184
164,185
164,186
164,188
164,189
164,191
164,192
164,194
164,195
164,196
164,197
164,198
164,199
165,166
165,168
165,169
165,171
165,172
165,174
165,175
165,176
165,178
165,179
165,180
165,181
165,183
165,184
165,185
165,187
165,188
165,189
165,190
165,191
165,194
165,195
165,196
165,197
165,198
165,199
166,168
166,169
166,170
166,171
166,173
166,174
166,175
166,176
166,178
166,180
166,181
166,182
166,183
166,184
166,185
166,186
166,187
166,188
166,189
166,190
166,191
166,192
166,193
166,194
166,195
166,196
166,198
166,199
167,169
167,170
167,172
167,173
167,175
167,177
167,179
167,180
167,182
167,184
167,186
167,187
167,188
167,189
167,190
167,191
167,192
167,193
167,194
167,195
167,196
167,197
167,198
167,199
168,172
168,173
168,175
168,176
168,177
168,181
168,182
168,183
168,184
168,185
168,186
168,187
168,188
168,189
168,190
168,191
168,192
168,193
168,194
168,195
168,196
168,197
168,198
168,199
169,170
169,171
169,172
169,173
169,174
169,176
169,178
169,179
169,180
169,181
169,183
169,184
169,185
169,190
169,191
170,171
170,172
170,175
170,176
170,177
170,178
171,172
171,173
171,174
171,175
171,176
171,177
171,178
171,179
171,180
171,181
171,182
171,183
171,184
171,185
171,189
171,190
171,191
171,192
171,194
171,195
172,173
172,175
173,175
173,177
173,179
173,182
173,185
173,187
173,188
173,189
173,191
173,192
173,193
173,194
173,195
173,197
174,175
174,176
174,178
174,179
174,180
174,181
174,182
174,183
174,184
174,185
174,188
174,189
174,190
174,191
174,193
174,194
174,195
174,198
175,177
175,178
175,179
175,180
175,182
175,183
175,184
175,186
175,187
175,188
175,189
175,190
175,191
175,192
176,177
176,178
176,180
176,181
176,182
176,183
176,184
176,185
176,188
176,190
176,191
176,193
176,194
176,195
176,198
177,180
177,182
177,185
177,186
177,187
177,189
178,179
178,180
178,181
178,182
178,183
178,184
178,185
178,190
178,191
179,181
179,182
179,183
179,185
179,186
179,189
179,190
179,194
179,195
179,196
179,197
179,199
180,181
180,183
180,184
180,185
180,189
180,190
180,191
180,193
180,194
180,197
180,198
181,183
181,184
181,185
181,187
181,188
181,189
181,190
181,191
182,183
182,184
182,185
182,187
182,188
183,184
183,185
183,189
183,190
183,191
183,194
183,198
184,185
184,186
184,187
184,188
184,189
184,190
184,191
184,193
184,194
184,195
184,196
184,197
184,198
184,199
185,189
185,190
185,191
185,192
185,194
185,195
185,196
185,197
186,187
186,188
186,189
186,192
186,194
186,195
186,196
186,197
186,199
187,188
187,189
187,190
187,191
187,192
187,193
187,195
187,198
187,199
188,189
188,190
188,191
188,192
188,193
188,195
188,199
189,193
189,194
189,195
189,197
189,198
189,199
190,191
190,192
190,193
190,194
190,195
190,196
190,197
190,198
191,194
191,195
191,199
192,193
192,197
192,198
193,194
193,195
193,197
193,198
194,195
194,198
195,196
195,197
195,198
195,199
196,197
196,198
197,198
197,199
198,199
