0,1
0,2
0,3
0,4
0,5
0,6
0,7
0,8
0,9
0,10
0,11
0,12
0,13
0,14
0,15
0,16
0,17
0,18
0,19
0,20
0,21
0,22
0,23
0,24
0,25
0,26
0,27
0,28
0,29
0,30
0,31
0,32
0,33
0,34
0,35
0,36
0,37
0,38
0,39
0,40
0,41
0,42
0,43
0,44
0,45
0,46
0,47
0,48
0,49
0,50
0,51
0,52
0,53
0,54
0,55
0,56
0,57
0,58
1,2
1,3
1,4
1,5
1,6
1,7
1,8
1,9
1,10
1,11
1,12
1,13
1,14
1,15
1,16
1,17
1,18
1,19
1,20
1,21
1,22
1,23
1,24
1,25
1,26
1,27
1,28
1,29
1,30
1,31
1,32
1,33
1,34
1,35
1,36
1,37
1,38
1,39
1,40
1,41
1,42
1,43
1,44
1,45
1,46
1,47
1,48
1,49
1,50
1,51
1,52
1,53
1,54
1,55
1,56
1,57
1,58
1,61
1,62
1,63
1,70
1,82
1,86
1,87
1,88
1,91
1,95
1,97
1,100
1,105
1,108
1,109
1,114
1,119
1,130
1,132
1,133
1,134
1,135
1,138
1,141
1,143
1,147
1,149
1,152
1,156
1,165
1,166
1,167
1,173
1,174
1,176
1,178
1,181
1,183
1,191
1,192
1,194
1,198
2,3
2,4
2,5
2,6
2,7
2,8
2,9
2,10
2,11
2,12
2,13
2,14
2,15
2,16
2,17
2,18
2,19
2,20
2,21
2,22
2,23
2,24
2,25
2,26
2,27
2,28
2,29
2,30
2,31
2,32
2,33
2,34
2,35
2,36
2,37
2,38
2,39
2,40
2,41
2,42
2,43
2,44
2,45
2,46
2,47
2,48
2,49
2,50
2,51
2,52
2,53
2,54
2,55
2,56
2,57
2,58
2,61
2,62
2,63
2,70
2,82
2,86
2,87
2,88
2,91
2,95
2,97
2,100
2,105
2,108
2,109
2,114
2,119
2,130
2,132
2,133
2,134
2,135
2,138
2,141
2,143
2,147
2,149
2,152
2,156
2,165
2,166
2,167
2,173
2,174
2,176
2,178
2,181
2,183
2,191
2,192
2,194
2,198
3,4
3,5
3,6
3,7
3,8
3,9
3,10
3,11
3,12
3,13
3,14
3,15
3,16
3,17
3,18
3,19
3,20
3,21
3,22
3,23
3,24
3,25
3,26
3,27
3,28
3,29
3,30
3,31
3,32
3,33
3,34
3,35
3,36
3,37
3,38
3,39
3,40
3,41
3,42
3,43
3,44
3,45
3,46
3,47
3,48
3,49
3,50
3,51
3,52
3,53
3,54
3,55
3,56
3,57
3,58
3,61
3,62
3,63
3,70
3,82
3,86
3,87
3,88
3,91
3,95
3,97
3,100
3,105
3,108
3,109
3,114
3,119
3,130
3,132
3,133
3,134
3,135
3,138
3,141
3,143
3,147
3,149
3,152
3,156
3,165
3,166
3,167
3,173
3,174
3,176
3,178
3,181
3,183
3,191
3,192
3,194
3,198
4,5
4,6
4,7
4,8
4,9
4,10
4,11
4,12
4,13
4,14
4,15
4,16
4,17
4,18
4,19
4,20
4,21
4,22
4,23
4,24
4,25
4,26
4,27
4,28
4,29
4,30
4,31
4,32
4,33
4,34
4,35
4,36
4,37
4,38
4,39
4,40
4,41
4,42
4,43
4,44
4,45
4,46
4,47
4,48
4,49
4,50
4,51
4,52
4,53
4,54
4,55
4,56
4,57
4,58
5,6
5,7
5,8
5,9
5,10
5,11
5,12
5,13
5,14
5,15
5,16
5,17
5,18
5,19
5,20
5,21
5,22
5,23
5,24
5,25
5,26
5,27
5,28
5,29
5,30
5,31
5,32
5,33
5,34
5,35
5,36
5,37
5,38
5,39
5,40
5,41
5,42
5,43
5,44
5,45
5,46
5,47
5,48
5,49
5,50
5,51
5,52
5,53
5,54
5,55
5,56
5,57
5,58
6,7
6,8
6,9
6,10
6,11
6,12
6,13
6,14
6,15
6,16
6,17
6,18
6,19
6,20
6,21
6,22
6,23
6,24
6,25
6,26
6,27
6,28
6,29
6,30
6,31
6,32
6,33
6,34
6,35
6,36
6,37
6,38
6,39
6,40
6,41
6,42
6,43
6,44
6,45
6,46
6,47
6,48
6,49
6,50
6,51
6,52
6,53
6,54
6,55
6,56
6,57
6,58
7,8
7,9
7,10
7,11
7,12
7,13
7,14
7,15
7,16
7,17
7,18
7,19
7,20
7,21
7,22
7,23
7,24
7,25
7,26
7,27
7,28
7,29
7,30
7,31
7,32
7,33
7,34
7,35
7,36
7,37
7,38
7,39
7,40
7,41
7,42
7,43
7,44
7,45
7,46
7,47
7,48
7,49
7,50
7,51
7,52
7,53
7,54
7,55
7,56
7,57
7,58
8,9
8,10
8,11
8,12
8,13
8,14
8,15
8,16
8,17
8,18
8,19
8,20
8,21
8,22
8,23
8,24
8,25
8,26
8,27
8,28
8,29
8,30
8,31
8,32
8,33
8,34
8,35
8,36
8,37
8,38
8,39
8,40
8,41
8,42
8,43
8,44
8,45
8,46
8,47
8,48
8,49
8,50
8,51
8,52
8,53
8,54
8,55
8,56
8,57
8,58
8,61
8,62
8,63
8,70
8,82
8,86
8,87
8,88
8,91
8,95
8,97
8,100
8,105
8,108
8,109
8,114
8,119
8,130
8,132
8,133
8,134
8,135
8,138
8,141
8,143
8,147
8,149
8,152
8,156
8,165
8,166
8,167
8,173
8,174
8,176
8,178
8,181
8,183
8,191
8,192
8,194
8,198
9,10
9,11
9,12
9,13
9,14
9,15
9,16
9,17
9,18
9,19
9,20
9,21
9,22
9,23
9,24
9,25
9,26
9,27
9,28
9,29
9,30
9,31
9,32
9,33
9,34
9,35
9,36
9,37
9,38
9,39
9,40
9,41
9,42
9,43
9,44
9,45
9,46
9,47
9,48
9,49
9,50
9,51
9,52
9,53
9,54
9,55
9,56
9,57
9,58
10,11
10,12
10,13
10,14
10,15
10,16
10,17
10,18
10,19
10,20
10,21
10,22
10,23
10,24
10,25
10,26
10,27
10,28
10,29
10,30
10,31
10,32
10,33
10,34
10,35
10,36
10,37
10,38
10,39
10,40
10,41
10,42
10,43
10,44
10,45
10,46
10,47
10,48
10,49
10,50
10,51
10,52
10,53
10,54
10,55
10,56
10,57
10,58
11,12
11,13
11,14
11,15
11,16
11,17
11,18
11,19
11,20
11,21
11,22
11,23
11,24
11,25
11,26
11,27
11,28
11,29
11,30
11,31
11,32
11,33
11,34
11,35
11,36
11,37
11,38
11,39
11,40
11,41
11,42
11,43
11,44
11,45
11,46
11,47
11,48
11,49
11,50
11,51
11,52
11,53
11,54
11,55
11,56
11,57
11,58
11,61
11,62
11,63
11,70
11,82
11,86
11,87
11,88
11,91
11,95
11,97
11,100
11,105
11,108
11,109
11,114
11,119
11,130
11,132
11,133
11,134
11,135
11,138
11,141
11,143
11,147
11,149
11,152
11,156
11,165
11,166
11,167
11,173
11,174
11,176
11,178
11,181
11,183
11,191
11,192
11,194
11,198
12,13
12,14
12,15
12,16
12,17
12,18
12,19
12,20
12,21
12,22
12,23
12,24
12,25
12,26
12,27
12,28
12,29
12,30
12,31
12,32
12,33
12,34
12,35
12,36
12,37
12,38
12,39
12,40
12,41
12,42
12,43
12,44
12,45
12,46
12,47
12,48
12,49
12,50
12,51
12,52
12,53
12,54
12,55
12,56
12,57
12,58
12,95
12,98
12,99
12,100
12,104
12,106
12,108
12,111
12,115
12,116
12,124
12,125
12,126
12,127
12,132
12,133
12,138
12,171
12,178
13,14
13,15
13,16
13,17
13,18
13,19
13,20
13,21
13,22
13,23
13,24
13,25
13,26
13,27
13,28
13,29
13,30
13,31
13,32
13,33
13,34
13,35
13,36
13,37
13,38
13,39
13,40
13,41
13,42
13,43
13,44
13,45
13,46
13,47
13,48
13,49
13,50
13,51
13,52
13,53
13,54
13,55
13,56
13,57
13,58
13,61
13,62
13,63
13,70
13,82
13,83
13,86
13,87
13,88
13,91
13,95
13,97
13,98
13,99
13,100
13,104
13,105
13,106
13,107
13,108
13,109
13,111
13,113
13,114
13,115
13,116
13,119
13,122
13,123
13,124
13,125
13,130
13,132
13,133
13,134
13,135
13,136
13,138
13,141
13,143
13,147
13,149
13,152
13,156
13,160
13,165
13,166
13,167
13,173
13,174
13,176
13,178
13,181
13,183
13,191
13,192
13,194
13,198
14,15
14,16
14,17
14,18
14,19
14,20
14,21
14,22
14,23
14,24
14,25
14,26
14,27
14,28
14,29
14,30
14,31
14,32
14,33
14,34
14,35
14,36
14,37
14,38
14,39
14,40
14,41
14,42
14,43
14,44
14,45
14,46
14,47
14,48
14,49
14,50
14,51
14,52
14,53
14,54
14,55
14,56
14,57
14,58
14,85
14,95
14,99
14,100
14,102
14,104
14,106
14,107
14,108
14,110
14,111
14,112
14,113
14,115
14,116
14,117
14,119
14,122
14,123
14,124
14,125
14,126
14,127
14,128
14,132
15,16
15,17
15,18
15,19
15,20
15,21
15,22
15,23
15,24
15,25
15,26
15,27
15,28
15,29
15,30
15,31
15,32
15,33
15,34
15,35
15,36
15,37
15,38
15,39
15,40
15,41
15,42
15,43
15,44
15,45
15,46
15,47
15,48
15,49
15,50
15,51
15,52
15,53
15,54
15,55
15,56
15,57
15,58
15,92
15,95
16,17
16,18
16,19
16,20
16,21
16,22
16,23
16,24
16,25
16,26
16,27
16,28
16,29
16,30
16,31
16,32
16,33
16,34
16,35
16,36
16,37
16,38
16,39
16,40
16,41
16,42
16,43
16,44
16,45
16,46
16,47
16,48
16,49
16,50
16,51
16,52
16,53
16,54
16,55
16,56
16,57
16,58
16,77
16,80
16,81
16,83
16,85
16,87
16,89
16,92
16,95
16,98
16,99
16,100
16,102
16,104
16,106
16,107
16,111
16,112
16,115
16,117
16,118
16,119
16,124
16,126
16,128
16,132
16,133
16,134
16,136
16,138
16,146
16,148
16,150
16,151
16,155
16,156
16,160
16,161
16,174
16,178
16,180
16,187
16,193
17,18
17,19
17,20
17,21
17,22
17,23
17,24
17,25
17,26
17,27
17,28
17,29
17,30
17,31
17,32
17,33
17,34
17,35
17,36
17,37
17,38
17,39
17,40
17,41
17,42
17,43
17,44
17,45
17,46
17,47
17,48
17,49
17,50
17,51
17,52
17,53
17,54
17,55
17,56
17,57
17,58
17,61
17,62
17,63
17,70
17,82
17,86
17,87
17,88
17,91
17,95
17,97
17,100
17,105
17,108
17,109
17,114
17,119
17,130
17,132
17,133
17,134
17,135
17,138
17,141
17,143
17,147
17,149
17,152
17,156
17,165
17,166
17,167
17,173
17,174
17,176
17,178
17,181
17,183
17,191
17,192
17,194
17,198
18,19
18,20
18,21
18,22
18,23
18,24
18,25
18,26
18,27
18,28
18,29
18,30
18,31
18,32
18,33
18,34
18,35
18,36
18,37
18,38
18,39
18,40
18,41
18,42
18,43
18,44
18,45
18,46
18,47
18,48
18,49
18,50
18,51
18,52
18,53
18,54
18,55
18,56
18,57
18,58
19,20
19,21
19,22
19,23
19,24
19,25
19,26
19,27
19,28
19,29
19,30
19,31
19,32
19,33
19,34
19,35
19,36
19,37
19,38
19,39
19,40
19,41
19,42
19,43
19,44
19,45
19,46
19,47
19,48
19,49
19,50
19,51
19,52
19,53
19,54
19,55
19,56
19,57
19,58
20,21
20,22
20,23
20,24
20,25
20,26
20,27
20,28
20,29
20,30
20,31
20,32
20,33
20,34
20,35
20,36
20,37
20,38
20,39
20,40
20,41
20,42
20,43
20,44
20,45
20,46
20,47
20,48
20,49
20,50
20,51
20,52
20,53
20,54
20,55
20,56
20,57
20,58
21,22
21,23
21,24
21,25
21,26
21,27
21,28
21,29
21,30
21,31
21,32
21,33
21,34
21,35
21,36
21,37
21,38
21,39
21,40
21,41
21,42
21,43
21,44
21,45
21,46
21,47
21,48
21,49
21,50
21,51
21,52
21,53
21,54
21,55
21,56
21,57
21,58
22,23
22,24
22,25
22,26
22,27
22,28
22,29
22,30
22,31
22,32
22,33
22,34
22,35
22,36
22,37
22,38
22,39
22,40
22,41
22,42
22,43
22,44
22,45
22,46
22,47
22,48
22,49
22,50
22,51
22,52
22,53
22,54
22,55
22,56
22,57
22,58
23,24
23,25
23,26
23,27
23,28
23,29
23,30
23,31
23,32
23,33
23,34
23,35
23,36
23,37
23,38
23,39
23,40
23,41
23,42
23,43
23,44
23,45
23,46
23,47
23,48
23,49
23,50
23,51
23,52
23,53
23,54
23,55
23,56
23,57
23,58
24,25
24,26
24,27
24,28
24,29
24,30
24,31
24,32
24,33
24,34
24,35
24,36
24,37
24,38
24,39
24,40
24,41
24,42
24,43
24,44
24,45
24,46
24,47
24,48
24,49
24,50
24,51
24,52
24,53
24,54
24,55
24,56
24,57
24,58
25,26
25,27
25,28
25,29
25,30
25,31
25,32
25,33
25,34
25,35
25,36
25,37
25,38
25,39
25,40
25,41
25,42
25,43
25,44
25,45
25,46
25,47
25,48
25,49
25,50
25,51
25,52
25,53
25,54
25,55
25,56
25,57
25,58
25,106
25,108
25,109
25,113
25,115
25,116
25,117
25,126
25,127
25,133
25,134
25,155
26,27
26,28
26,29
26,30
26,31
26,32
26,33
26,34
26,35
26,36
26,37
26,38
26,39
26,40
26,41
26,42
26,43
26,44
26,45
26,46
26,47
26,48
26,49
26,50
26,51
26,52
26,53
26,54
26,55
26,56
26,57
26,58
26,61
26,62
26,63
26,70
26,82
26,86
26,87
26,88
26,91
26,95
26,97
26,100
26,105
26,108
26,109
26,114
26,119
26,130
26,132
26,133
26,134
26,135
26,138
26,141
26,143
26,147
26,149
26,152
26,156
26,165
26,166
26,167
26,173
26,174
26,176
26,178
26,181
26,183
26,191
26,192
26,194
26,198
27,28
27,29
27,30
27,31
27,32
27,33
27,34
27,35
27,36
27,37
27,38
27,39
27,40
27,41
27,42
27,43
27,44
27,45
27,46
27,47
27,48
27,49
27,50
27,51
27,52
27,53
27,54
27,55
27,56
27,57
27,58
28,29
28,30
28,31
28,32
28,33
28,34
28,35
28,36
28,37
28,38
28,39
28,40
28,41
28,42
28,43
28,44
28,45
28,46
28,47
28,48
28,49
28,50
28,51
28,52
28,53
28,54
28,55
28,56
28,57
28,58
28,61
28,62
28,63
28,70
28,82
28,86
28,87
28,88
28,91
28,95
28,97
28,100
28,105
28,108
28,109
28,114
28,119
28,130
28,132
28,133
28,134
28,135
28,138
28,141
28,143
28,147
28,149
28,152
28,156
28,165
28,166
28,167
28,173
28,174
28,176
28,178
28,181
28,183
28,191
28,192
28,194
28,198
29,30
29,31
29,32
29,33
29,34
29,35
29,36
29,37
29,38
29,39
29,40
29,41
29,42
29,43
29,44
29,45
29,46
29,47
29,48
29,49
29,50
29,51
29,52
29,53
29,54
29,55
29,56
29,57
29,58
29,79
29,80
29,82
29,89
29,98
29,112
29,113
29,118
29,119
29,124
29,125
29,126
29,127
29,133
29,134
29,153
29,155
29,160
29,178
29,182
29,189
30,31
30,32
30,33
30,34
30,35
30,36
30,37
30,38
30,39
30,40
30,41
30,42
30,43
30,44
30,45
30,46
30,47
30,48
30,49
30,50
30,51
30,52
30,53
30,54
30,55
30,56
30,57
30,58
31,32
31,33
31,34
31,35
31,36
31,37
31,38
31,39
31,40
31,41
31,42
31,43
31,44
31,45
31,46
31,47
31,48
31,49
31,50
31,51
31,52
31,53
31,54
31,55
31,56
31,57
31,58
31,61
31,62
31,63
31,70
31,82
31,86
31,87
31,88
31,91
31,95
31,97
31,100
31,105
31,108
31,109
31,114
31,119
31,130
31,132
31,133
31,134
31,135
31,138
31,141
31,143
31,147
31,149
31,152
31,156
31,165
31,166
31,167
31,173
31,174
31,176
31,178
31,181
31,183
31,191
31,192
31,194
31,198
32,33
32,34
32,35
32,36
32,37
32,38
32,39
32,40
32,41
32,42
32,43
32,44
32,45
32,46
32,47
32,48
32,49
32,50
32,51
32,52
32,53
32,54
32,55
32,56
32,57
32,58
33,34
33,35
33,36
33,37
33,38
33,39
33,40
33,41
33,42
33,43
33,44
33,45
33,46
33,47
33,48
33,49
33,50
33,51
33,52
33,53
33,54
33,55
33,56
33,57
33,58
34,35
34,36
34,37
34,38
34,39
34,40
34,41
34,42
34,43
34,44
34,45
34,46
34,47
34,48
34,49
34,50
34,51
34,52
34,53
34,54
34,55
34,56
34,57
34,58
35,36
35,37
35,38
35,39
35,40
35,41
35,42
35,43
35,44
35,45
35,46
35,47
35,48
35,49
35,50
35,51
35,52
35,53
35,54
35,55
35,56
35,57
35,58
36,37
36,38
36,39
36,40
36,41
36,42
36,43
36,44
36,45
36,46
36,47
36,48
36,49
36,50
36,51
36,52
36,53
36,54
36,55
36,56
36,57
36,58
36,61
36,62
36,63
36,70
36,82
36,86
36,87
36,88
36,91
36,95
36,97
36,100
36,105
36,108
36,109
36,114
36,119
36,130
36,132
36,133
36,134
36,135
36,138
36,141
36,143
36,147
36,149
36,152
36,156
36,165
36,166
36,167
36,173
36,174
36,176
36,178
36,181
36,183
36,191
36,192
36,194
36,198
37,38
37,39
37,40
37,41
37,42
37,43
37,44
37,45
37,46
37,47
37,48
37,49
37,50
37,51
37,52
37,53
37,54
37,55
37,56
37,57
37,58
38,39
38,40
38,41
38,42
38,43
38,44
38,45
38,46
38,47
38,48
38,49
38,50
38,51
38,52
38,53
38,54
38,55
38,56
38,57
38,58
38,107
38,108
38,109
38,112
38,113
38,115
38,116
38,118
38,139
39,40
39,41
39,42
39,43
39,44
39,45
39,46
39,47
39,48
39,49
39,50
39,51
39,52
39,53
39,54
39,55
39,56
39,57
39,58
40,41
40,42
40,43
40,44
40,45
40,46
40,47
40,48
40,49
40,50
40,51
40,52
40,53
40,54
40,55
40,56
40,57
40,58
40,61
40,62
40,63
40,70
40,82
40,86
40,87
40,88
40,91
40,95
40,97
40,100
40,105
40,108
40,109
40,114
40,119
40,130
40,132
40,133
40,134
40,135
40,138
40,141
40,143
40,147
40,149
40,152
40,156
40,165
40,166
40,167
40,173
40,174
40,176
40,178
40,181
40,183
40,191
40,192
40,194
40,198
41,42
41,43
41,44
41,45
41,46
41,47
41,48
41,49
41,50
41,51
41,52
41,53
41,54
41,55
41,56
41,57
41,58
41,116
41,121
42,43
42,44
42,45
42,46
42,47
42,48
42,49
42,50
42,51
42,52
42,53
42,54
42,55
42,56
42,57
42,58
42,80
42,81
42,85
42,87
42,89
42,90
42,91
42,94
42,96
42,102
42,103
43,44
43,45
43,46
43,47
43,48
43,49
43,50
43,51
43,52
43,53
43,54
43,55
43,56
43,57
43,58
43,61
43,62
43,63
43,70
43,82
43,85
43,86
43,87
43,88
43,91
43,92
43,93
43,95
43,96
43,97
43,100
43,105
43,108
43,109
43,114
43,119
43,130
43,132
43,133
43,134
43,135
43,138
43,141
43,143
43,147
43,149
43,152
43,156
43,165
43,166
43,167
43,173
43,174
43,176
43,178
43,181
43,183
43,191
43,192
43,194
43,198
44,45
44,46
44,47
44,48
44,49
44,50
44,51
44,52
44,53
44,54
44,55
44,56
44,57
44,58
44,81
44,82
44,83
44,85
44,88
44,89
44,90
44,91
44,92
44,94
44,96
44,98
44,99
44,100
44,101
44,102
44,103
44,109
44,110
44,113
44,115
44,116
44,119
44,120
44,122
44,123
44,124
45,46
45,47
45,48
45,49
45,50
45,51
45,52
45,53
45,54
45,55
45,56
45,57
45,58
45,61
45,62
45,63
45,70
45,82
45,83
45,85
45,86
45,87
45,88
45,89
45,91
45,94
45,95
45,96
45,97
45,98
45,100
45,101
45,102
45,103
45,104
45,105
45,107
45,108
45,109
45,111
45,112
45,113
45,114
45,115
45,116
45,118
45,119
45,120
45,122
45,123
45,124
45,125
45,127
45,130
45,132
45,133
45,134
45,135
45,138
45,141
45,143
45,147
45,149
45,152
45,156
45,165
45,166
45,167
45,173
45,174
45,176
45,178
45,181
45,183
45,191
45,192
45,194
45,198
46,47
46,48
46,49
46,50
46,51
46,52
46,53
46,54
46,55
46,56
46,57
46,58
46,81
46,82
46,83
46,85
46,87
46,89
46,90
46,93
46,94
46,95
46,98
46,99
46,100
46,101
46,102
46,103
46,104
46,106
46,110
46,111
46,112
46,113
46,115
46,116
46,117
46,118
46,119
46,121
46,122
46,124
46,125
46,127
46,128
46,129
46,131
46,134
46,136
46,137
46,161
46,166
46,176
46,189
47,48
47,49
47,50
47,51
47,52
47,53
47,54
47,55
47,56
47,57
47,58
47,85
47,86
47,87
47,90
47,91
47,92
47,93
48,49
48,50
48,51
48,52
48,53
48,54
48,55
48,56
48,57
48,58
48,61
48,62
48,63
48,70
48,82
48,86
48,87
48,88
48,91
48,95
48,97
48,100
48,105
48,108
48,109
48,114
48,119
48,130
48,132
48,133
48,134
48,135
48,138
48,141
48,143
48,147
48,149
48,152
48,156
48,165
48,166
48,167
48,173
48,174
48,176
48,178
48,181
48,183
48,191
48,192
48,194
48,198
49,50
49,51
49,52
49,53
49,54
49,55
49,56
49,57
49,58
50,51
50,52
50,53
50,54
50,55
50,56
50,57
50,58
50,90
50,92
50,93
50,94
50,101
50,103
50,104
50,107
50,109
50,110
50,112
50,115
50,116
50,117
50,118
50,119
50,120
50,126
50,128
50,129
51,52
51,53
51,54
51,55
51,56
51,57
52,53
52,54
52,55
52,56
52,57
52,58
52,61
52,62
52,63
52,70
52,82
52,86
52,87
52,88
52,91
52,95
52,97
52,100
52,105
52,108
52,109
52,114
52,119
52,130
52,132
52,133
52,134
52,135
52,138
52,141
52,143
52,147
52,149
52,152
52,156
52,165
52,166
52,167
52,173
52,174
52,176
52,178
52,181
52,183
52,191
52,192
52,194
52,198
53,54
53,55
53,56
53,57
53,58
54,55
54,56
54,57
54,58
54,85
54,89
54,90
54,99
54,100
54,103
54,104
54,105
54,106
54,107
54,109
54,113
55,56
55,57
55,58
56,57
56,58
57,58
58,61
58,62
58,63
58,70
58,82
58,86
58,87
58,88
58,91
58,95
58,97
58,100
58,105
58,108
58,109
58,114
58,119
58,130
58,132
58,133
58,134
58,135
58,138
58,141
58,143
58,147
58,149
58,152
58,156
58,165
58,166
58,167
58,173
58,174
58,176
58,178
58,181
58,183
58,191
58,192
58,194
58,198
61,62
61,63
61,70
61,82
61,86
61,87
61,88
61,91
61,95
61,97
61,100
61,105
61,108
61,109
61,114
61,119
61,130
61,132
61,133
61,134
61,135
61,138
61,141
61,143
61,147
61,149
61,152
61,156
61,165
61,166
61,167
61,173
61,174
61,176
61,178
61,181
61,183
61,191
61,192
61,194
61,198
62,63
62,70
62,82
62,86
62,87
62,88
62,91
62,95
62,97
62,100
62,105
62,108
62,109
62,114
62,119
62,130
62,132
62,133
62,134
62,135
62,138
62,141
62,143
62,147
62,149
62,152
62,156
62,165
62,166
62,167
62,173
62,174
62,176
62,178
62,181
62,183
62,191
62,192
62,194
62,198
63,70
63,82
63,86
63,87
63,88
63,91
63,95
63,97
63,100
63,105
63,108
63,109
63,114
63,119
63,130
63,132
63,133
63,134
63,135
63,138
63,141
63,143
63,147
63,149
63,152
63,156
63,165
63,166
63,167
63,173
63,174
63,176
63,178
63,181
63,183
63,191
63,192
63,194
63,198
66,94
66,98
66,100
66,104
66,105
66,106
66,107
66,111
66,116
66,117
66,118
66,121
66,123
66,126
66,130
67,78
67,80
67,81
67,82
67,83
67,85
67,87
67,91
67,93
67,94
67,95
67,96
67,98
67,99
67,100
67,101
67,103
67,104
67,106
67,107
67,109
67,110
67,113
67,116
67,117
67,118
67,119
68,75
68,76
68,77
68,78
68,79
68,81
68,82
68,83
68,85
68,86
68,87
68,90
68,91
68,92
68,93
68,94
68,95
68,96
68,98
68,99
68,100
68,101
68,103
68,104
68,105
68,106
68,107
68,110
68,111
68,112
68,113
68,116
68,117
68,118
68,119
68,120
68,121
68,124
68,127
68,128
68,131
68,150
68,151
69,85
69,86
69,87
69,88
69,89
69,90
69,91
70,73
70,75
70,76
70,77
70,78
70,79
70,80
70,81
70,82
70,83
70,85
70,86
70,87
70,88
70,90
70,91
70,94
70,95
70,96
70,97
70,98
70,99
70,100
70,101
70,102
70,103
70,104
70,105
70,108
70,109
70,114
70,119
70,130
70,132
70,133
70,134
70,135
70,138
70,141
70,143
70,147
70,149
70,152
70,156
70,165
70,166
70,167
70,173
70,174
70,176
70,178
70,181
70,183
70,191
70,192
70,194
70,198
71,73
71,74
71,75
71,77
71,78
71,80
71,81
71,82
71,85
71,86
71,87
71,89
71,90
71,91
71,92
71,93
71,94
71,95
71,97
71,99
72,74
72,76
72,77
72,79
72,80
72,81
72,82
72,83
72,85
72,86
72,87
72,88
72,89
72,90
72,91
72,93
72,94
72,95
72,96
72,97
72,98
72,99
72,100
72,101
72,103
72,105
72,108
72,112
72,113
73,76
73,77
73,78
73,80
73,81
73,82
73,83
73,84
73,85
73,86
73,87
73,88
73,89
73,90
73,91
73,92
73,93
73,95
73,96
73,98
73,99
73,100
73,101
73,102
73,103
74,76
74,77
74,82
74,83
74,84
74,85
74,87
74,88
74,91
74,93
74,94
74,95
74,98
74,99
74,101
74,102
74,104
74,107
74,108
75,76
75,77
75,78
75,79
75,80
75,82
75,83
75,86
75,87
75,88
75,89
75,91
75,92
75,93
75,95
75,96
75,100
75,101
75,102
75,106
75,107
75,109
75,113
75,116
75,117
75,118
75,120
75,122
75,130
75,133
75,150
75,156
76,77
76,78
76,79
76,80
76,82
76,84
76,85
76,86
76,87
76,89
76,92
76,93
76,94
76,96
76,97
76,98
77,78
77,79
77,80
77,81
77,82
77,83
77,84
77,85
77,86
77,87
77,89
77,90
77,91
77,92
77,95
77,96
77,97
77,98
77,99
77,100
77,101
77,102
77,103
77,104
77,109
77,110
77,111
77,112
77,113
77,115
77,116
77,117
77,119
77,121
77,122
77,124
77,127
77,130
78,79
78,80
78,81
78,82
78,83
79,82
79,83
79,85
79,87
79,88
79,89
79,91
79,92
79,93
79,94
79,95
79,96
79,97
79,99
79,100
79,102
79,103
79,104
79,107
79,109
79,110
79,111
79,113
79,116
79,117
79,118
79,119
79,120
79,121
79,122
79,123
79,130
79,148
79,150
79,156
79,165
79,178
80,81
80,83
80,85
80,86
80,87
80,88
80,90
80,91
80,92
80,93
80,94
80,95
80,97
80,99
80,100
80,102
80,103
80,104
80,105
80,106
80,107
80,108
80,110
80,111
80,112
80,113
80,115
80,116
80,117
80,118
80,119
80,120
80,121
80,122
80,124
80,126
80,127
80,130
80,131
80,136
80,139
80,144
80,146
80,148
80,150
81,82
81,83
81,84
81,85
81,86
81,87
81,88
81,89
81,90
81,91
81,92
81,93
81,94
81,95
81,96
81,98
81,99
81,100
81,102
81,103
81,107
81,108
81,109
81,111
81,113
81,114
81,115
81,117
81,118
81,119
81,120
81,121
81,123
81,127
81,129
81,130
81,131
81,133
81,136
81,139
81,144
81,145
81,146
81,148
81,150
81,158
82,86
82,87
82,88
82,91
82,95
82,97
82,100
82,105
82,108
82,109
82,114
82,119
82,130
82,132
82,133
82,134
82,135
82,138
82,141
82,143
82,147
82,149
82,152
82,156
82,165
82,166
82,167
82,173
82,174
82,176
82,178
82,181
82,183
82,191
82,192
82,194
82,198
83,84
83,85
83,86
83,87
83,88
83,89
83,90
83,91
83,92
83,93
83,94
83,95
83,96
83,97
83,99
83,100
83,101
83,102
83,103
83,104
83,105
83,106
83,107
83,109
83,110
83,111
83,112
83,113
83,114
83,116
83,120
83,121
83,123
83,126
83,127
83,129
83,130
83,131
83,133
83,136
83,137
83,141
83,145
83,146
83,148
83,150
83,151
83,155
83,156
83,161
83,164
83,166
83,171
83,176
84,85
84,86
84,87
84,88
84,89
84,90
85,86
85,87
85,89
85,90
85,91
85,94
85,95
85,96
85,97
85,99
85,100
85,101
85,104
85,105
85,106
85,107
85,108
85,109
85,112
85,113
85,114
85,116
85,117
85,118
85,119
85,120
85,123
85,124
85,126
85,127
85,128
85,129
85,130
85,132
85,137
85,138
85,139
85,141
85,142
85,144
85,146
85,148
85,150
85,151
85,152
85,155
85,156
85,157
85,160
85,161
85,164
85,171
85,176
86,87
86,88
86,89
86,90
86,91
86,95
86,96
86,97
86,98
86,100
86,102
86,103
86,104
86,105
86,107
86,108
86,109
86,113
86,114
86,115
86,116
86,117
86,118
86,119
86,120
86,121
86,122
86,123
86,124
86,126
86,127
86,128
86,129
86,130
86,131
86,132
86,133
86,134
86,135
86,136
86,138
86,139
86,141
86,142
86,143
86,144
86,145
86,146
86,147
86,148
86,149
86,150
86,152
86,155
86,156
86,157
86,158
86,160
86,161
86,165
86,166
86,167
86,171
86,173
86,174
86,176
86,178
86,179
86,181
86,182
86,183
86,186
86,191
86,192
86,194
86,198
87,88
87,89
87,91
87,93
87,94
87,95
87,96
87,97
87,98
87,99
87,100
87,102
87,103
87,104
87,105
87,106
87,107
87,108
87,109
87,110
87,111
87,112
87,114
87,115
87,116
87,118
87,119
87,120
87,121
87,124
87,127
87,128
87,129
87,130
87,132
87,133
87,134
87,135
87,136
87,137
87,138
87,139
87,140
87,141
87,142
87,143
87,144
87,145
87,146
87,147
87,148
87,149
87,150
87,151
87,152
87,155
87,156
87,157
87,158
87,161
87,164
87,165
87,166
87,167
87,168
87,170
87,171
87,173
87,174
87,176
87,178
87,179
87,181
87,182
87,183
87,186
87,189
87,191
87,192
87,194
87,198
88,89
88,90
88,91
88,93
88,95
88,96
88,97
88,98
88,99
88,100
88,101
88,102
88,103
88,104
88,105
88,106
88,107
88,108
88,109
88,110
88,114
88,115
88,116
88,117
88,118
88,119
88,120
88,121
88,122
88,123
88,124
88,126
88,128
88,130
88,132
88,133
88,134
88,135
88,136
88,137
88,138
88,139
88,141
88,143
88,147
88,149
88,152
88,156
88,165
88,166
88,167
88,173
88,174
88,176
88,178
88,181
88,183
88,191
88,192
88,194
88,198
89,90
89,91
89,92
89,93
89,94
89,95
89,96
89,99
89,100
89,101
89,102
89,103
89,104
89,105
89,106
89,108
89,109
89,110
89,111
89,116
89,117
89,118
89,120
89,121
89,122
89,126
89,128
89,129
89,130
89,131
89,132
89,136
89,139
89,140
89,141
89,142
89,144
89,145
89,146
89,148
89,151
90,91
90,92
90,93
90,94
90,95
90,96
90,97
91,93
91,94
91,95
91,96
91,97
91,99
91,100
91,102
91,103
91,105
91,106
91,107
91,108
91,109
91,112
91,113
91,114
91,115
91,116
91,117
91,118
91,119
91,120
91,121
91,122
91,123
91,124
91,126
91,128
91,129
91,130
91,131
91,132
91,133
91,134
91,135
91,138
91,139
91,141
91,142
91,143
91,144
91,147
91,149
91,152
91,156
91,165
91,166
91,167
91,173
91,174
91,176
91,178
91,181
91,183
91,191
91,192
91,194
91,198
92,94
92,95
92,96
92,97
92,99
92,100
92,101
92,102
92,103
92,104
92,105
92,106
92,107
92,108
92,109
92,113
92,115
92,116
92,117
92,118
92,119
92,120
92,121
92,123
92,124
92,125
92,126
92,128
92,130
92,131
92,132
92,133
92,135
92,136
93,96
93,97
93,98
93,99
93,100
93,101
93,102
93,103
93,104
93,105
93,106
94,96
94,97
94,98
94,99
94,100
94,101
95,97
95,98
95,99
95,100
95,105
95,106
95,108
95,109
95,110
95,112
95,113
95,114
95,115
95,116
95,117
95,118
95,119
95,120
95,122
95,123
95,124
95,125
95,129
95,130
95,131
95,132
95,133
95,134
95,135
95,136
95,138
95,141
95,143
95,144
95,147
95,149
95,151
95,152
95,153
95,156
95,159
95,160
95,161
95,165
95,166
95,167
95,171
95,173
95,174
95,176
95,178
95,181
95,183
95,186
95,191
95,192
95,194
95,198
96,97
96,98
96,100
96,102
96,103
96,106
96,107
97,98
97,99
97,100
97,101
97,102
97,103
97,104
97,105
97,106
97,107
97,108
97,109
97,110
97,112
97,113
97,114
97,116
97,118
97,119
97,120
97,121
97,122
97,123
97,125
97,126
97,127
97,128
97,129
97,130
97,131
97,132
97,133
97,134
97,135
97,137
97,138
97,139
97,140
97,141
97,143
97,144
97,145
97,147
97,148
97,149
97,150
97,152
97,156
97,165
97,166
97,167
97,173
97,174
97,176
97,178
97,181
97,183
97,191
97,192
97,194
97,198
98,99
98,100
98,101
98,102
98,103
98,104
98,105
98,106
98,107
98,109
98,110
98,111
98,112
98,113
98,114
98,115
98,116
98,117
98,118
98,119
98,120
98,121
98,123
98,124
98,125
98,126
98,128
98,129
98,131
98,132
98,133
98,136
98,137
98,138
98,139
98,141
98,142
98,143
98,144
98,145
98,148
98,150
98,151
98,158
98,160
98,161
98,163
98,164
99,101
99,102
99,103
99,104
99,105
99,106
99,107
99,109
99,110
99,111
99,112
100,101
100,102
100,103
100,104
100,105
100,106
100,107
100,108
100,109
100,112
100,113
100,114
100,115
100,116
100,117
100,118
100,119
100,121
100,122
100,127
100,128
100,130
100,131
100,132
100,133
100,134
100,135
100,136
100,137
100,138
100,139
100,141
100,143
100,144
100,145
100,147
100,148
100,149
100,150
100,151
100,152
100,153
100,154
100,155
100,156
100,158
100,159
100,161
100,163
100,164
100,165
100,166
100,167
100,168
100,173
100,174
100,176
100,178
100,179
100,181
100,183
100,191
100,192
100,194
100,198
101,102
101,103
101,104
101,105
101,107
101,108
101,109
101,110
101,111
101,112
101,113
101,114
101,116
101,117
101,118
101,119
101,121
101,122
101,123
101,124
101,125
101,127
101,128
101,131
101,132
101,133
103,105
103,106
103,107
103,108
103,109
103,110
103,115
103,116
103,118
103,119
103,120
103,122
103,124
103,125
103,131
103,133
103,139
103,140
103,141
103,150
103,153
103,154
103,156
103,158
103,159
103,160
103,161
103,162
104,105
104,106
104,107
104,108
104,109
104,110
104,111
104,113
104,114
104,117
104,118
104,119
104,124
104,125
104,126
104,127
104,129
104,131
104,132
104,137
104,139
104,140
104,141
104,143
104,144
104,147
104,148
104,149
104,150
104,151
104,152
104,153
104,154
104,155
104,156
105,106
105,107
105,108
105,109
105,111
105,114
105,119
105,130
105,132
105,133
105,134
105,135
105,138
105,141
105,143
105,147
105,149
105,152
105,156
105,165
105,166
105,167
105,173
105,174
105,176
105,178
105,181
105,183
105,191
105,192
105,194
105,198
106,107
106,108
106,109
106,110
106,113
106,114
106,115
106,116
106,118
106,119
106,121
106,123
106,124
106,125
106,126
106,127
106,129
106,131
106,132
106,135
106,136
106,139
106,142
106,143
106,145
106,147
106,150
106,151
106,154
106,155
106,156
106,158
106,159
106,161
106,162
106,163
106,171
106,185
106,186
106,188
106,190
107,110
107,112
107,113
107,114
107,116
107,117
107,119
107,122
107,123
107,124
107,125
107,126
107,130
107,131
107,132
107,133
107,135
107,136
108,109
108,111
108,112
108,113
108,114
108,115
108,116
108,117
108,118
108,119
108,121
108,122
108,123
108,124
108,125
108,127
108,129
108,130
108,132
108,133
108,134
108,135
108,136
108,137
108,138
108,139
108,140
108,141
108,142
108,143
108,144
108,145
108,147
108,149
108,152
108,153
108,154
108,155
108,156
108,157
108,158
108,160
108,161
108,163
108,164
108,165
108,166
108,167
108,169
108,171
108,173
108,174
108,176
108,178
108,181
108,183
108,185
108,186
108,188
108,190
108,191
108,192
108,194
108,198
109,113
109,114
109,117
109,118
109,119
109,121
109,122
109,123
109,124
109,125
109,126
109,127
109,128
109,129
109,130
109,132
109,133
109,134
109,135
109,138
109,139
109,140
109,141
109,143
109,144
109,145
109,146
109,147
109,148
109,149
109,150
109,152
109,153
109,154
109,155
109,156
109,157
109,158
109,159
109,160
109,161
109,163
109,164
109,165
109,166
109,167
109,168
109,171
109,173
109,174
109,175
109,176
109,178
109,179
109,181
109,183
109,185
109,186
109,188
109,189
109,190
109,191
109,192
109,194
109,198
109,199
110,111
110,112
110,113
110,114
110,115
110,116
110,117
110,118
110,121
110,122
110,123
110,125
110,126
110,128
110,129
111,113
111,115
111,116
111,117
111,118
111,119
111,121
111,122
111,126
111,127
111,129
111,132
111,135
111,137
111,140
111,141
111,142
111,143
111,144
111,145
111,146
111,147
111,149
111,152
111,154
111,156
111,157
111,158
111,159
111,160
111,161
111,164
111,168
111,169
111,171
111,175
112,113
112,114
112,115
112,116
112,117
112,119
112,121
112,122
112,123
112,124
112,125
112,127
112,128
112,129
112,130
112,131
112,132
112,133
112,136
112,137
112,139
112,140
112,141
112,144
112,146
112,147
112,148
112,149
112,150
112,151
112,153
112,154
112,155
112,158
112,159
113,116
113,117
113,118
113,119
113,120
113,121
113,122
113,123
113,124
113,125
113,126
113,127
113,128
113,130
113,131
113,132
113,133
113,135
113,136
113,137
113,138
113,139
113,141
113,144
113,145
113,146
113,147
113,150
113,151
113,152
113,153
114,119
114,130
114,132
114,133
114,134
114,135
114,138
114,141
114,143
114,147
114,149
114,152
114,156
114,165
114,166
114,167
114,173
114,174
114,176
114,178
114,181
114,183
114,191
114,192
114,194
114,198
115,116
115,121
115,125
115,127
115,128
115,129
115,130
115,132
115,133
115,136
115,137
115,138
115,143
115,144
115,147
115,148
115,149
115,150
115,152
115,154
116,118
116,119
116,120
116,121
116,122
116,125
116,126
116,127
116,128
116,129
116,130
116,131
116,132
116,133
116,134
116,135
116,136
116,137
116,138
116,139
116,140
116,141
116,142
116,146
116,147
116,148
116,149
116,150
116,151
116,152
116,153
116,154
116,156
116,157
116,158
116,159
116,161
116,169
116,176
116,178
116,179
116,189
117,118
117,120
117,121
117,122
117,123
117,124
117,125
117,126
117,130
117,131
117,133
117,134
117,135
117,136
117,137
117,138
117,139
117,140
117,144
117,145
117,146
117,147
117,148
117,149
118,119
118,120
118,121
118,122
118,123
118,124
118,126
118,127
118,128
118,129
118,130
118,131
118,132
119,120
119,121
119,122
119,123
119,124
119,125
119,126
119,127
119,128
119,129
119,130
119,132
119,133
119,134
119,135
119,136
119,137
119,138
119,139
119,140
119,141
119,143
119,145
119,146
119,147
119,148
119,149
119,150
119,151
119,152
119,154
119,156
119,161
119,165
119,166
119,167
119,168
119,169
119,173
119,174
119,176
119,178
119,181
119,183
119,186
119,189
119,191
119,192
119,194
119,195
119,198
120,121
120,122
120,123
120,124
120,125
120,126
120,127
120,129
120,131
120,132
120,133
120,134
120,135
120,136
120,137
120,140
121,123
121,124
121,126
121,127
121,129
122,123
122,124
122,126
122,127
122,128
122,129
122,132
122,133
122,134
122,135
122,138
122,141
122,142
122,146
122,147
122,151
122,152
122,154
122,155
122,156
122,157
122,161
122,162
122,164
122,168
122,169
122,171
122,176
122,180
122,182
122,186
123,124
123,125
123,127
123,128
123,129
123,130
123,132
123,133
123,134
123,135
123,138
123,139
123,140
123,141
123,142
123,144
123,145
123,147
123,152
123,153
123,154
123,155
123,156
123,157
123,158
123,159
123,160
123,161
123,162
123,163
123,164
123,165
123,169
123,171
123,175
123,176
123,179
123,180
123,182
123,186
123,188
124,125
124,126
124,128
124,129
124,130
124,132
124,133
124,134
124,135
124,136
124,137
124,138
124,139
124,140
124,141
124,142
124,143
124,144
124,145
124,146
124,148
124,149
124,150
124,151
124,152
124,153
124,155
124,156
124,157
124,158
124,159
124,160
124,161
124,162
124,163
124,164
124,165
124,167
124,168
124,169
124,171
124,178
124,179
124,180
124,182
124,183
124,185
124,186
124,189
124,190
124,195
124,199
125,127
125,128
125,129
125,130
125,131
125,132
125,133
125,135
125,136
125,137
125,139
125,140
125,141
125,142
125,144
125,145
125,146
125,147
125,148
125,149
125,150
125,152
125,153
125,154
125,155
125,156
125,157
125,158
125,159
125,160
125,161
125,162
125,163
125,165
125,166
125,167
125,168
125,169
125,171
125,175
125,178
125,179
125,180
125,182
125,183
125,186
125,188
125,189
125,190
125,193
125,195
125,199
126,130
126,135
126,137
126,139
126,140
126,141
126,142
126,143
126,144
126,146
126,147
126,148
126,149
126,150
126,153
126,154
126,155
126,156
126,157
126,158
126,159
126,160
126,161
126,162
126,164
126,165
126,167
126,169
126,171
126,172
126,176
126,177
126,178
126,179
126,180
126,182
126,183
126,185
126,186
126,188
126,189
126,190
126,193
127,129
127,130
127,132
127,133
127,134
127,135
127,136
127,137
127,138
127,139
127,140
127,141
127,142
127,143
127,144
127,145
127,146
127,147
127,148
127,150
127,153
127,154
127,155
127,156
127,157
127,158
127,159
127,160
127,161
127,162
127,163
127,164
127,165
127,166
127,168
127,169
127,170
127,171
127,172
127,175
127,176
127,177
127,179
127,180
128,129
128,130
128,132
128,133
128,134
128,136
128,138
128,139
128,140
128,141
128,143
128,144
128,145
128,146
128,149
128,150
128,151
128,154
128,155
128,156
128,157
128,159
128,160
128,161
128,163
128,164
128,165
128,166
128,169
128,170
128,171
129,131
129,132
129,133
129,134
129,135
129,136
130,131
130,132
130,133
130,134
130,135
130,137
130,138
130,141
130,142
130,143
130,145
130,147
130,149
130,150
130,152
130,153
130,154
130,155
130,156
130,157
130,160
130,161
130,163
130,164
130,165
130,166
130,167
130,168
130,169
130,171
130,172
130,173
130,174
130,176
130,177
130,178
130,180
130,181
130,182
130,183
130,185
130,190
130,191
130,192
130,194
130,198
130,199
131,133
131,134
132,133
132,134
132,135
132,138
132,139
132,140
132,141
132,142
132,143
132,145
132,147
132,149
132,150
132,152
132,155
132,156
132,157
132,158
132,159
132,160
132,161
132,162
132,163
132,164
132,165
132,166
132,167
132,169
132,171
132,172
132,173
132,174
132,176
132,178
132,180
132,181
132,182
132,183
132,184
132,185
132,190
132,191
132,192
132,193
132,194
132,195
132,198
133,134
133,135
133,138
133,139
133,141
133,143
133,144
133,145
133,146
133,147
133,149
133,151
133,152
133,153
133,154
133,156
133,157
133,158
133,159
133,162
133,163
133,164
133,165
133,166
133,167
133,169
133,170
133,171
133,173
133,174
133,176
133,178
133,179
133,180
133,181
133,183
133,184
133,189
133,190
133,191
133,192
133,193
133,194
133,195
133,198
134,135
134,138
134,140
134,141
134,143
134,145
134,146
134,147
134,148
134,149
134,151
134,152
134,153
134,156
134,157
134,158
134,162
134,163
134,164
134,165
134,166
134,167
134,168
134,169
134,170
134,172
134,173
134,174
134,175
134,176
134,177
134,178
134,179
134,180
134,181
134,183
134,184
134,186
134,187
134,188
134,189
134,190
134,191
134,192
134,193
134,194
134,198
134,199
135,138
135,139
135,140
135,141
135,143
135,147
135,149
135,152
135,156
135,165
135,166
135,167
135,173
135,174
135,176
135,178
135,181
135,183
135,191
135,192
135,194
135,198
136,138
136,139
136,140
136,142
136,143
136,144
136,145
136,146
136,148
136,151
136,154
136,155
136,157
136,158
136,160
136,161
136,164
136,166
136,168
136,169
136,170
136,172
136,175
136,178
136,180
136,182
136,184
136,185
136,186
136,187
136,188
136,189
136,190
136,193
136,196
136,199
137,138
137,139
137,140
137,141
137,142
137,143
137,144
137,145
137,146
137,150
137,151
137,152
137,153
137,154
137,155
137,156
137,157
137,158
137,160
137,161
137,163
137,164
137,166
137,168
137,169
137,170
137,172
137,175
137,179
137,180
137,182
137,186
137,187
138,140
138,141
138,142
138,143
138,145
138,147
138,148
138,149
138,150
138,151
138,152
138,153
138,154
138,155
138,156
138,157
138,158
138,159
138,160
138,161
138,163
138,164
138,165
138,166
138,167
138,168
138,169
138,170
138,171
138,172
138,173
138,174
138,175
138,176
138,178
138,181
138,183
138,191
138,192
138,194
138,198
139,143
139,144
139,145
139,146
139,148
139,149
139,150
139,151
139,152
139,153
139,154
139,155
139,157
139,158
139,163
139,164
139,166
139,168
139,169
139,170
139,172
139,174
139,175
139,177
139,178
139,179
139,181
139,185
139,186
139,187
139,188
139,189
139,190
140,143
140,144
140,145
140,146
140,148
140,150
140,151
140,152
140,153
140,158
140,159
140,161
140,162
140,163
140,164
140,166
140,167
140,168
140,169
140,170
140,171
141,142
141,143
141,144
141,145
141,146
141,147
141,149
141,152
141,156
141,165
141,166
141,167
141,173
141,174
141,176
141,178
141,181
141,183
141,191
141,192
141,194
141,198
142,144
142,145
142,146
142,147
143,144
143,145
143,146
143,147
143,148
143,149
143,152
143,155
143,156
143,160
143,162
143,163
143,164
143,165
143,166
143,167
143,169
143,170
143,172
143,173
143,174
143,176
143,178
143,180
143,181
143,183
143,188
143,190
143,191
143,192
143,194
143,196
143,198
144,145
144,146
144,147
144,148
144,149
144,150
144,151
144,152
144,154
144,155
144,158
144,161
144,162
144,163
144,164
144,165
144,167
144,168
144,169
144,170
144,171
144,172
144,174
144,176
144,177
144,178
144,179
144,180
144,181
144,186
144,187
144,188
144,189
144,190
144,196
144,197
144,199
145,146
145,148
145,149
145,153
146,147
146,150
146,151
146,152
146,153
146,154
146,155
146,158
146,159
146,160
146,162
146,163
146,164
146,166
146,168
146,171
146,172
146,175
146,176
146,177
146,179
146,180
146,181
146,182
146,185
146,186
146,189
146,190
146,191
146,194
146,195
146,196
146,197
146,199
147,149
147,151
147,152
147,155
147,156
147,157
147,158
147,165
147,166
147,167
147,173
147,174
147,176
147,178
147,181
147,183
147,191
147,192
147,194
147,198
148,151
148,153
148,154
148,156
148,157
148,158
148,159
148,160
148,163
148,165
148,166
148,167
148,168
148,171
148,174
148,175
148,176
148,177
148,179
148,180
148,181
148,182
148,184
148,185
148,186
148,188
148,189
148,190
148,191
148,192
148,193
148,194
148,195
148,196
148,197
148,199
149,151
149,152
149,154
149,155
149,156
149,157
149,158
149,159
149,161
149,162
149,165
149,166
149,167
149,173
149,174
149,176
149,178
149,181
149,183
149,191
149,192
149,194
149,198
150,152
150,154
150,155
150,156
150,158
150,159
150,160
150,161
150,163
150,164
150,165
150,166
150,169
150,170
150,171
150,172
150,174
150,175
150,182
150,184
150,185
150,186
150,188
150,189
150,190
150,191
150,192
150,193
150,194
150,195
150,196
151,152
151,153
151,154
151,155
151,156
151,157
151,158
151,159
151,161
151,162
151,166
151,167
151,168
151,169
151,172
151,173
151,176
151,177
151,180
151,181
151,182
151,183
151,185
151,186
151,188
151,189
151,190
151,191
151,192
151,193
151,194
151,196
152,154
152,155
152,156
152,157
152,159
152,161
152,162
152,163
152,164
152,165
152,166
152,167
152,173
152,174
152,176
152,178
152,181
152,183
152,191
152,192
152,194
152,198
153,154
153,155
153,157
153,158
153,160
153,161
153,162
153,163
153,164
153,165
153,166
153,169
154,155
154,157
154,161
154,162
154,163
154,164
154,165
154,166
155,157
155,158
155,162
155,163
155,164
155,165
155,167
155,168
155,170
155,171
155,172
155,173
155,174
155,175
155,176
155,177
155,178
155,180
155,181
155,182
155,183
155,188
155,190
155,191
155,196
155,197
155,199
156,158
156,159
156,160
156,162
156,165
156,166
156,167
156,168
156,170
156,171
156,172
156,173
156,174
156,175
156,176
156,177
156,178
156,179
156,180
156,181
156,182
156,183
156,184
156,186
156,190
156,191
156,192
156,194
156,198
157,158
157,160
157,161
157,162
157,163
157,164
157,165
157,166
157,167
157,168
157,169
157,170
158,159
158,160
158,161
158,162
158,163
159,160
159,161
159,162
159,163
159,164
159,165
159,166
159,167
159,168
159,169
159,170
159,171
159,172
160,162
160,166
160,167
160,169
160,170
160,171
160,172
160,173
160,174
160,175
160,177
160,179
160,183
160,187
160,188
160,189
160,190
160,191
160,194
160,196
161,164
161,166
161,169
161,170
161,171
161,172
161,173
161,174
161,175
161,179
161,180
161,182
161,183
161,185
161,186
161,187
161,188
161,189
161,190
161,191
161,192
161,193
161,194
161,195
162,165
162,166
162,167
162,168
162,169
162,172
162,173
162,174
162,175
162,177
162,178
162,179
162,180
162,181
162,183
162,184
162,187
162,188
162,190
162,191
162,192
162,193
162,194
162,195
162,196
162,197
162,199
163,164
163,165
163,166
163,167
163,168
163,170
163,173
164,165
164,166
164,167
165,166
165,167
165,169
165,170
165,171
165,172
165,173
165,174
165,176
165,177
165,178
165,179
165,180
165,181
165,183
165,185
165,186
165,188
165,190
165,191
165,192
165,194
165,195
165,196
165,197
165,198
166,167
166,168
166,170
166,171
166,172
166,173
166,174
166,175
166,176
166,177
166,178
166,179
166,180
166,181
166,182
166,183
166,184
166,185
166,186
166,188
166,190
166,191
166,192
166,194
166,195
166,197
166,198
166,199
167,170
167,171
167,173
167,174
167,176
167,177
167,178
167,179
167,180
167,181
167,182
167,183
167,185
167,187
167,188
167,190
167,191
167,192
167,194
167,195
167,196
167,197
167,198
167,199
168,169
168,170
168,174
168,175
168,177
168,182
169,171
169,174
169,178
169,180
169,181
169,182
169,184
169,185
169,186
169,187
169,190
169,192
169,194
169,195
169,196
169,199
170,171
170,172
170,173
170,174
170,175
170,176
170,177
170,178
170,179
170,180
170,182
170,184
170,185
170,186
170,188
170,189
171,172
171,173
171,174
171,178
171,179
171,181
171,186
171,187
171,188
171,189
171,190
171,193
171,196
171,197
171,199
172,174
172,175
172,176
172,177
172,178
173,174
173,176
173,178
173,181
173,183
173,191
173,192
173,194
173,198
174,176
174,177
174,178
174,179
174,181
174,183
174,187
174,188
174,191
174,192
174,194
174,198
175,176
175,177
175,179
175,180
175,181
175,184
175,187
175,188
175,190
175,194
175,196
175,199
176,178
176,181
176,183
176,185
176,187
176,188
176,190
176,191
176,192
176,193
176,194
176,196
176,197
176,198
176,199
177,178
177,179
177,180
177,184
177,185
178,179
178,180
178,181
178,182
178,183
178,188
178,189
178,190
178,191
178,192
178,194
178,196
178,197
178,198
178,199
179,180
179,181
179,182
179,184
179,185
179,187
179,188
179,190
179,191
179,193
179,194
179,196
179,197
180,181
180,182
180,183
180,185
180,186
180,187
180,189
180,190
180,191
180,192
180,193
180,196
180,197
180,199
181,182
181,183
181,185
181,186
181,187
181,188
181,189
181,190
181,191
181,192
181,194
181,196
181,197
181,198
181,199
182,183
182,184
182,185
182,187
182,188
182,189
182,190
182,192
182,193
182,194
183,185
183,186
183,187
183,189
183,191
183,192
183,194
183,195
183,196
183,197
183,198
185,186
185,187
185,188
185,190
185,194
185,196
186,187
186,188
186,189
186,190
186,191
186,192
186,193
186,195
186,197
186,198
187,188
187,189
187,191
187,192
187,193
187,195
187,196
187,197
188,189
188,190
188,191
188,192
188,193
188,194
188,195
188,196
188,197
188,198
188,199
189,190
189,191
189,192
189,193
189,194
189,196
189,197
189,198
189,199
190,191
190,192
190,195
190,196
191,192
191,194
191,196
191,197
191,198
191,199
192,194
192,197
192,198
193,195
193,197
193,198
193,199
194,195
194,197
194,198
194,199
195,196
195,197
195,198
195,199
196,197
196,198
196,199
197,198
