0,1
0,2
0,3
0,4
0,5
0,6
0,7
0,8
0,9
0,10
0,11
0,12
0,13
0,14
0,15
0,16
0,17
0,18
0,19
0,20
0,21
0,22
0,23
0,24
0,25
0,26
0,27
0,28
0,29
0,30
0,31
0,32
0,33
0,34
0,35
0,36
0,37
0,38
0,39
0,40
0,41
0,42
0,43
0,44
0,45
0,46
0,47
0,48
0,49
0,60
0,61
0,67
0,68
0,75
0,80
0,82
0,86
0,87
0,88
0,89
0,90
0,93
0,96
0,101
0,104
0,118
0,123
0,124
0,125
0,129
0,135
0,137
0,144
0,147
0,149
0,150
0,153
0,154
0,155
0,158
0,160
0,161
0,163
0,170
0,172
0,173
0,181
0,183
0,191
1,2
1,3
1,4
1,5
1,6
1,7
1,8
1,9
1,10
1,11
1,12
1,13
1,14
1,15
1,16
1,17
1,18
1,19
1,20
1,21
1,22
1,23
1,24
1,25
1,26
1,27
1,28
1,29
1,30
1,31
1,32
1,33
1,34
1,35
1,36
1,37
1,38
1,39
1,40
1,41
1,42
1,43
1,44
1,45
1,46
1,47
1,48
1,49
1,60
1,61
1,67
1,68
1,75
1,80
1,82
1,86
1,87
1,88
1,89
1,90
1,93
1,96
1,101
1,104
1,118
1,123
1,124
1,125
1,129
1,135
1,137
1,144
1,147
1,149
1,150
1,153
1,154
1,155
1,158
1,160
1,161
1,163
1,170
1,172
1,173
1,181
1,183
1,191
2,3
2,4
2,5
2,6
2,7
2,8
2,9
2,10
2,11
2,12
2,13
2,14
2,15
2,16
2,17
2,18
2,19
2,20
2,21
2,22
2,23
2,24
2,25
2,26
2,27
2,28
2,29
2,30
2,31
2,32
2,33
2,34
2,35
2,36
2,37
2,38
2,39
2,40
2,41
2,42
2,43
2,44
2,45
2,46
2,47
2,48
2,49
3,4
3,5
3,6
3,7
3,8
3,9
3,10
3,11
3,12
3,13
3,14
3,15
3,16
3,17
3,18
3,19
3,20
3,21
3,22
3,23
3,24
3,25
3,26
3,27
3,28
3,29
3,30
3,31
3,32
3,33
3,34
3,35
3,36
3,37
3,38
3,39
3,40
3,41
3,42
3,43
3,44
3,45
3,46
3,47
3,48
3,49
4,5
4,6
4,7
4,8
4,9
4,10
4,11
4,12
4,13
4,14
4,15
4,16
4,17
4,18
4,19
4,20
4,21
4,22
4,23
4,24
4,25
4,26
4,27
4,28
4,29
4,30
4,31
4,32
4,33
4,34
4,35
4,36
4,37
4,38
4,39
4,40
4,41
4,42
4,43
4,44
4,45
4,46
4,47
4,48
4,49
5,6
5,7
5,8
5,9
5,10
5,11
5,12
5,13
5,14
5,15
5,16
5,17
5,18
5,19
5,20
5,21
5,22
5,23
5,24
5,25
5,26
5,27
5,28
5,29
5,30
5,31
5,32
5,33
5,34
5,35
5,36
5,37
5,38
5,39
5,40
5,41
5,42
5,43
5,44
5,45
5,46
5,47
5,48
5,49
6,7
6,8
6,9
6,10
6,11
6,12
6,13
6,14
6,15
6,16
6,17
6,18
6,19
6,20
6,21
6,22
6,23
6,24
6,25
6,26
6,27
6,28
6,29
6,30
6,31
6,32
6,33
6,34
6,35
6,36
6,37
6,38
6,39
6,40
6,41
6,42
6,43
6,44
6,45
6,46
6,47
6,48
6,49
7,8
7,9
7,10
7,11
7,12
7,13
7,14
7,15
7,16
7,17
7,18
7,19
7,20
7,21
7,22
7,23
7,24
7,25
7,26
7,27
7,28
7,29
7,30
7,31
7,32
7,33
7,34
7,35
7,36
7,37
7,38
7,39
7,40
7,41
7,42
7,43
7,44
7,45
7,46
7,47
7,48
7,49
7,60
7,61
7,67
7,68
7,75
7,80
7,82
7,86
7,87
7,88
7,89
7,90
7,93
7,96
7,101
7,104
7,118
7,123
7,124
7,125
7,129
7,135
7,137
7,144
7,147
7,149
7,150
7,153
7,154
7,155
7,158
7,160
7,161
7,163
7,170
7,172
7,173
7,181
7,183
7,191
8,9
8,10
8,11
8,12
8,13
8,14
8,15
8,16
8,17
8,18
8,19
8,20
8,21
8,22
8,23
8,24
8,25
8,26
8,27
8,28
8,29
8,30
8,31
8,32
8,33
8,34
8,35
8,36
8,37
8,38
8,39
8,40
8,41
8,42
8,43
8,44
8,45
8,46
8,47
8,48
8,49
9,10
9,11
9,12
9,13
9,14
9,15
9,16
9,17
9,18
9,19
9,20
9,21
9,22
9,23
9,24
9,25
9,26
9,27
9,28
9,29
9,30
9,31
9,32
9,33
9,34
9,35
9,36
9,37
9,38
9,39
9,40
9,41
9,42
9,43
9,44
9,45
9,46
9,47
9,48
9,49
10,11
10,12
10,13
10,14
10,15
10,16
10,17
10,18
10,19
10,20
10,21
10,22
10,23
10,24
10,25
10,26
10,27
10,28
10,29
10,30
10,31
10,32
10,33
10,34
10,35
10,36
10,37
10,38
10,39
10,40
10,41
10,42
10,43
10,44
10,45
10,46
10,47
10,48
10,49
11,12
11,13
11,14
11,15
11,16
11,17
11,18
11,19
11,20
11,21
11,22
11,23
11,24
11,25
11,26
11,27
11,28
11,29
11,30
11,31
11,32
11,33
11,34
11,35
11,36
11,37
11,38
11,39
11,40
11,41
11,42
11,43
11,44
11,45
11,46
11,47
11,48
11,49
11,60
11,61
11,67
11,68
11,75
11,80
11,82
11,86
11,87
11,88
11,89
11,90
11,93
11,96
11,101
11,104
11,118
11,123
11,124
11,125
11,129
11,135
11,137
11,144
11,147
11,149
11,150
11,153
11,154
11,155
11,158
11,160
11,161
11,163
11,170
11,172
11,173
11,181
11,183
11,191
12,13
12,14
12,15
12,16
12,17
12,18
12,19
12,20
12,21
12,22
12,23
12,24
12,25
12,26
12,27
12,28
12,29
12,30
12,31
12,32
12,33
12,34
12,35
12,36
12,37
12,38
12,39
12,40
12,41
12,42
12,43
12,44
12,45
12,46
12,47
12,48
12,49
13,14
13,15
13,16
13,17
13,18
13,19
13,20
13,21
13,22
13,23
13,24
13,25
13,26
13,27
13,28
13,29
13,30
13,31
13,32
13,33
13,34
13,35
13,36
13,37
13,38
13,39
13,40
13,41
13,42
13,43
13,44
13,45
13,46
13,47
13,48
13,49
14,15
14,16
14,17
14,18
14,19
14,20
14,21
14,22
14,23
14,24
14,25
14,26
14,27
14,28
14,29
14,30
14,31
14,32
14,33
14,34
14,35
14,36
14,37
14,38
14,39
14,40
14,41
14,42
14,43
14,44
14,45
14,46
14,47
14,48
14,49
15,16
15,17
15,18
15,19
15,20
15,21
15,22
15,23
15,24
15,25
15,26
15,27
15,28
15,29
15,30
15,31
15,32
15,33
15,34
15,35
15,36
15,37
15,38
15,39
15,40
15,41
15,42
15,43
15,44
15,45
15,46
15,47
15,48
15,49
16,17
16,18
16,19
16,20
16,21
16,22
16,23
16,24
16,25
16,26
16,27
16,28
16,29
16,30
16,31
16,32
16,33
16,34
16,35
16,36
16,37
16,38
16,39
16,40
16,41
16,42
16,43
16,44
16,45
16,46
16,47
16,48
16,49
16,81
16,82
17,18
17,19
17,20
17,21
17,22
17,23
17,24
17,25
17,26
17,27
17,28
17,29
17,30
17,31
17,32
17,33
17,34
17,35
17,36
17,37
17,38
17,39
17,40
17,41
17,42
17,43
17,44
17,45
17,46
17,47
17,48
17,49
17,66
17,67
17,68
17,69
17,70
17,71
17,74
17,75
17,77
17,78
17,82
17,84
17,86
17,93
17,97
18,19
18,20
18,21
18,22
18,23
18,24
18,25
18,26
18,27
18,28
18,29
18,30
18,31
18,32
18,33
18,34
18,35
18,36
18,37
18,38
18,39
18,40
18,41
18,42
18,43
18,44
18,45
18,46
18,47
18,48
18,49
18,71
18,74
18,75
18,76
18,77
18,78
19,20
19,21
19,22
19,23
19,24
19,25
19,26
19,27
19,28
19,29
19,30
19,31
19,32
19,33
19,34
19,35
19,36
19,37
19,38
19,39
19,40
19,41
19,42
19,43
19,44
19,45
19,46
19,47
19,48
19,49
19,69
19,71
19,72
19,73
19,74
19,75
19,77
19,78
19,82
19,89
19,90
19,91
20,21
20,22
20,23
20,24
20,25
20,26
20,27
20,28
20,29
20,30
20,31
20,32
20,33
20,34
20,35
20,36
20,37
20,38
20,39
20,40
20,41
20,42
20,43
20,44
20,45
20,46
20,47
20,48
20,49
20,65
20,66
20,67
20,68
20,69
20,71
20,72
20,73
20,74
20,75
20,76
20,78
20,79
20,81
20,82
20,83
20,84
20,86
20,89
20,90
20,91
20,93
20,95
20,105
20,114
21,22
21,23
21,24
21,25
21,26
21,27
21,28
21,29
21,30
21,31
21,32
21,33
21,34
21,35
21,36
21,37
21,38
21,39
21,40
21,41
21,42
21,43
21,44
21,45
21,46
21,47
21,48
21,49
21,60
21,61
21,67
21,68
21,75
21,80
21,82
21,86
21,87
21,88
21,89
21,90
21,93
21,96
21,101
21,104
21,118
21,123
21,124
21,125
21,129
21,135
21,137
21,144
21,147
21,149
21,150
21,153
21,154
21,155
21,158
21,160
21,161
21,163
21,170
21,172
21,173
21,181
21,183
21,191
22,23
22,24
22,25
22,26
22,27
22,28
22,29
22,30
22,31
22,32
22,33
22,34
22,35
22,36
22,37
22,38
22,39
22,40
22,41
22,42
22,43
22,44
22,45
22,46
22,47
22,48
22,49
23,24
23,25
23,26
23,27
23,28
23,29
23,30
23,31
23,32
23,33
23,34
23,35
23,36
23,37
23,38
23,39
23,40
23,41
23,42
23,43
23,44
23,45
23,46
23,47
23,48
23,49
23,88
23,90
23,93
23,94
23,95
23,97
23,105
23,112
23,116
23,126
24,25
24,26
24,27
24,28
24,29
24,30
24,31
24,32
24,33
24,34
24,35
24,36
24,37
24,38
24,39
24,40
24,41
24,42
24,43
24,44
24,45
24,46
24,47
24,48
25,26
25,27
25,28
25,29
25,30
25,31
25,32
25,33
25,34
25,35
25,36
25,37
25,38
25,39
25,40
25,41
25,42
25,43
25,44
25,45
25,46
25,47
25,48
25,49
25,75
25,76
25,78
25,82
25,83
25,84
25,89
25,90
25,91
25,103
25,105
25,110
25,114
25,115
25,116
25,129
25,130
25,132
26,27
26,28
26,29
26,30
26,31
26,32
26,33
26,34
26,35
26,36
26,37
26,38
26,39
26,40
26,41
26,42
26,43
26,44
26,45
26,46
26,47
26,48
26,49
27,28
27,29
27,30
27,31
27,32
27,33
27,34
27,35
27,36
27,37
27,38
27,39
27,40
27,41
27,42
27,43
27,44
27,45
27,46
27,47
27,48
27,49
27,66
27,67
27,68
27,69
27,70
27,72
27,73
27,76
27,77
27,78
27,80
27,81
27,82
27,83
27,84
27,86
27,88
27,89
27,90
27,91
27,93
27,95
27,97
27,103
27,105
27,112
27,126
27,130
27,131
27,132
28,29
28,30
28,31
28,32
28,33
28,34
28,35
28,36
28,37
28,38
28,39
28,40
28,41
28,42
28,43
28,44
28,45
28,46
28,47
28,48
28,49
29,30
29,31
29,32
29,33
29,34
29,35
29,36
29,37
29,38
29,39
29,40
29,41
29,42
29,43
29,44
29,45
29,46
29,47
29,48
29,49
30,31
30,32
30,33
30,34
30,35
30,36
30,37
30,38
30,39
30,40
30,41
30,42
30,43
30,44
30,45
30,46
30,47
30,48
30,49
30,66
30,69
30,71
30,72
30,74
30,75
30,76
31,32
31,33
31,34
31,35
31,36
31,37
31,38
31,39
31,40
31,41
31,42
31,43
31,44
31,45
31,46
31,47
31,48
31,49
32,33
32,34
32,35
32,36
32,37
32,38
32,39
32,40
32,41
32,42
32,43
32,44
32,45
32,46
32,47
32,48
32,49
32,60
32,61
32,67
32,68
32,75
32,80
32,82
32,86
32,87
32,88
32,89
32,90
32,93
32,96
32,101
32,104
32,118
32,123
32,124
32,125
32,129
32,135
32,137
32,144
32,147
32,149
32,150
32,153
32,154
32,155
32,158
32,160
32,161
32,163
32,170
32,172
32,173
32,181
32,183
32,191
33,34
33,35
33,36
33,37
33,38
33,39
33,40
33,41
33,42
33,43
33,44
33,45
33,46
33,47
33,48
33,49
34,35
34,36
34,37
34,38
34,39
34,40
34,41
34,42
34,43
34,44
34,45
34,46
34,47
34,48
34,49
35,36
35,37
35,38
35,39
35,40
35,41
35,42
35,43
35,44
35,45
35,46
35,47
35,48
35,49
35,82
35,91
35,93
35,94
35,96
35,107
35,110
35,111
35,112
35,113
35,115
35,116
35,120
36,37
36,38
36,39
36,40
36,41
36,42
36,43
36,44
36,45
36,46
36,47
36,48
36,49
36,63
36,64
36,65
36,67
36,68
36,69
36,70
36,71
36,72
36,73
36,74
36,75
36,77
36,78
36,79
36,80
36,82
36,86
36,88
36,89
36,90
36,91
36,93
36,94
36,98
36,103
36,107
36,109
36,110
36,111
36,113
37,38
37,39
37,40
37,41
37,42
37,43
37,44
37,45
37,46
37,47
37,48
37,49
37,60
37,61
37,67
37,68
37,72
37,73
37,75
37,76
37,77
37,78
37,79
37,80
37,81
37,82
37,84
37,86
37,87
37,88
37,89
37,90
37,91
37,93
37,94
37,95
37,96
37,98
37,99
37,100
37,101
37,104
37,109
37,110
37,111
37,118
37,123
37,124
37,125
37,129
37,135
37,137
37,144
37,147
37,149
37,150
37,153
37,154
37,155
37,158
37,160
37,161
37,163
37,170
37,172
37,173
37,181
37,183
37,191
38,39
38,40
38,41
38,42
38,43
38,44
38,45
38,46
38,47
38,48
38,49
38,60
38,61
38,65
38,66
38,67
38,68
38,75
38,80
38,82
38,86
38,87
38,88
38,89
38,90
38,93
38,96
38,101
38,104
38,118
38,123
38,124
38,125
38,129
38,135
38,137
38,144
38,147
38,149
38,150
38,153
38,154
38,155
38,158
38,160
38,161
38,163
38,170
38,172
38,173
38,181
38,183
38,191
39,40
39,41
39,42
39,43
39,44
39,45
39,46
39,47
39,48
39,49
39,60
39,61
39,64
39,65
39,67
39,68
39,69
39,72
39,73
39,75
39,80
39,82
39,86
39,87
39,88
39,89
39,90
39,93
39,96
39,101
39,104
39,118
39,123
39,124
39,125
39,129
39,135
39,137
39,144
39,147
39,149
39,150
39,153
39,154
39,155
39,158
39,160
39,161
39,163
39,170
39,172
39,173
39,181
39,183
39,191
40,41
40,42
40,43
40,44
40,45
40,46
40,47
40,48
40,49
40,70
40,71
40,72
40,74
40,75
40,77
40,78
40,80
40,81
40,82
40,84
40,88
40,89
40,90
40,91
40,93
40,94
40,96
40,97
40,98
40,101
40,103
41,42
41,43
41,44
41,45
41,46
41,47
41,48
41,49
41,62
41,64
41,65
41,66
41,68
41,69
41,70
41,71
41,72
41,73
41,74
41,76
41,79
41,80
41,81
41,82
41,84
41,85
41,86
41,88
41,89
41,90
41,91
41,93
41,94
41,95
41,96
41,98
41,100
41,101
41,107
41,109
41,110
41,111
41,113
41,122
41,130
41,131
41,132
41,144
41,145
41,160
41,184
41,187
41,188
42,43
42,44
42,45
42,46
42,47
42,48
42,49
42,61
42,62
42,63
42,64
42,65
42,66
42,69
42,70
42,71
42,73
42,75
42,76
42,78
42,80
42,81
42,83
42,84
42,85
42,89
42,90
42,91
42,93
42,94
42,95
42,96
42,97
42,98
42,99
42,100
42,101
42,103
42,109
42,110
42,111
42,114
42,115
42,116
42,120
42,121
42,122
42,126
42,129
42,130
42,131
42,132
42,145
43,44
43,45
43,46
43,47
43,48
43,49
44,45
44,46
44,47
44,48
44,49
45,46
45,47
45,48
45,49
45,76
45,77
45,78
45,79
45,80
45,82
45,83
45,84
45,85
45,86
45,91
45,93
45,94
45,95
45,96
45,97
45,98
45,102
45,103
45,104
45,105
45,106
45,107
45,109
45,110
45,111
45,112
45,113
45,114
45,115
45,116
45,118
45,122
45,124
45,126
45,129
45,132
45,134
45,140
45,144
45,145
46,47
46,48
46,49
46,64
46,65
46,66
46,67
46,69
46,70
46,71
46,72
46,73
46,74
46,75
46,76
46,77
46,78
46,79
46,82
46,83
46,84
46,85
46,86
46,88
46,89
46,90
46,91
46,93
46,94
46,95
46,96
46,97
46,98
46,99
46,100
46,102
46,103
46,104
46,105
46,106
46,107
46,108
46,110
46,111
46,112
46,113
46,114
46,115
46,116
46,118
46,121
46,122
46,124
46,126
47,48
47,49
47,58
47,59
47,61
47,62
47,64
47,66
47,67
47,69
47,70
47,72
47,73
47,74
47,76
47,77
47,78
47,79
47,80
47,81
47,82
47,83
47,84
47,85
47,86
47,87
47,88
47,89
47,90
47,92
47,93
47,94
47,96
47,97
47,98
47,99
47,101
47,102
47,103
47,104
47,105
47,106
47,107
47,108
47,109
47,110
47,114
47,115
47,116
47,117
47,118
47,122
47,123
47,126
47,131
47,132
47,134
47,140
47,141
47,144
47,145
47,147
48,49
48,60
48,61
48,67
48,68
48,75
48,80
48,82
48,86
48,87
48,88
48,89
48,90
48,93
48,96
48,101
48,104
48,118
48,123
48,124
48,125
48,129
48,135
48,137
48,144
48,147
48,149
48,150
48,153
48,154
48,155
48,158
48,160
48,161
48,163
48,170
48,172
48,173
48,181
48,183
48,191
49,72
49,73
49,74
49,75
49,76
49,78
49,79
49,80
49,81
49,83
49,84
49,85
49,86
49,87
49,88
49,89
49,90
50,62
50,63
50,64
50,67
50,68
50,69
50,70
50,71
50,72
50,73
51,61
51,62
51,63
51,64
51,65
51,67
51,68
52,57
52,59
52,61
52,62
52,63
52,65
52,66
52,67
52,68
52,69
52,70
52,71
52,73
52,74
52,75
52,79
52,80
52,81
52,83
52,84
52,85
55,57
55,58
55,59
55,61
55,62
55,63
55,64
55,65
55,66
55,67
55,68
55,69
55,75
55,76
55,77
55,82
55,83
55,84
55,85
55,88
55,89
55,90
55,92
55,93
55,95
55,97
55,100
55,102
55,103
55,105
55,106
55,108
55,110
55,111
55,112
55,113
55,116
55,118
55,124
55,126
55,129
55,130
55,132
55,135
55,136
55,144
55,147
55,148
55,157
55,161
56,57
56,59
56,60
56,61
56,62
56,63
56,66
56,68
56,69
56,70
56,71
56,72
56,73
56,74
56,75
56,76
56,77
56,78
56,79
56,80
56,81
56,82
56,84
56,85
56,86
56,87
56,90
56,91
56,92
56,93
57,58
57,59
57,60
57,61
57,64
57,65
57,66
57,67
57,68
57,69
57,70
57,71
57,72
58,59
58,60
58,61
58,62
58,63
58,65
58,66
58,67
58,68
58,69
58,70
58,71
58,72
58,73
58,75
58,76
58,77
58,78
58,79
58,80
59,60
59,61
59,62
59,63
59,64
59,65
59,66
59,67
59,68
59,70
59,71
59,72
59,74
59,77
59,78
59,80
59,81
59,82
59,86
59,88
59,89
59,90
59,91
59,92
59,95
59,96
59,97
59,100
59,103
59,104
59,105
59,106
59,108
59,109
59,110
59,111
59,112
59,113
59,114
59,115
59,116
59,117
59,118
59,123
59,124
59,128
59,129
59,130
59,135
59,136
59,138
59,140
59,142
59,145
59,147
59,149
59,157
59,161
59,169
59,184
59,195
60,61
60,62
60,63
60,65
60,66
60,67
60,68
60,69
60,70
60,73
60,74
60,75
60,76
60,77
60,78
60,79
60,80
60,81
60,82
60,83
60,84
60,86
60,87
60,88
60,89
60,90
60,91
60,92
60,93
60,94
60,95
60,96
60,100
60,101
60,103
60,104
60,105
60,108
60,109
60,110
60,111
60,112
60,113
60,114
60,115
60,117
60,118
60,120
60,121
60,123
60,124
60,125
60,126
60,128
60,129
60,130
60,131
60,132
60,135
60,137
60,144
60,147
60,149
60,150
60,153
60,154
60,155
60,158
60,160
60,161
60,163
60,170
60,172
60,173
60,181
60,183
60,191
61,62
61,63
61,67
61,68
61,75
61,80
61,82
61,86
61,87
61,88
61,89
61,90
61,93
61,96
61,101
61,104
61,118
61,123
61,124
61,125
61,129
61,135
61,137
61,144
61,147
61,149
61,150
61,153
61,154
61,155
61,158
61,160
61,161
61,163
61,170
61,172
61,173
61,181
61,183
61,191
62,63
62,64
62,66
62,67
62,68
62,69
62,71
62,72
62,73
62,76
62,77
62,79
62,80
62,81
62,82
62,83
62,84
62,85
62,86
62,87
62,88
62,91
62,92
62,94
62,95
62,96
62,97
62,100
62,102
63,64
63,66
63,67
63,68
63,69
63,70
63,72
63,73
63,74
63,75
63,76
63,78
63,79
63,80
63,81
63,82
63,83
63,84
63,85
63,86
63,87
63,88
63,89
63,90
63,91
63,92
63,93
63,94
63,95
63,96
63,97
63,98
63,99
63,100
63,101
63,102
63,103
63,105
63,106
63,109
63,112
63,113
63,114
64,65
64,66
64,67
64,68
64,69
64,70
64,71
64,72
64,73
64,75
64,76
64,77
64,79
64,81
64,82
64,83
64,84
64,85
64,86
64,87
64,88
64,89
64,91
64,92
64,93
64,94
65,66
65,67
65,69
65,70
65,71
65,74
65,75
65,76
65,77
65,78
65,79
65,80
65,81
65,82
66,68
66,69
66,70
66,71
66,72
66,73
66,74
66,75
66,76
66,77
66,78
66,79
66,80
66,82
66,83
66,84
66,85
66,88
66,89
66,90
66,91
66,92
66,94
66,95
66,98
66,100
66,101
66,103
66,105
66,107
66,108
66,109
66,110
66,111
66,112
66,113
66,115
66,116
66,120
66,123
66,129
66,130
66,131
66,132
66,135
66,138
66,141
66,144
66,145
66,158
66,160
66,161
66,169
67,68
67,70
67,71
67,72
67,73
67,74
67,75
67,76
67,77
67,78
67,79
67,80
67,82
67,84
67,85
67,86
67,87
67,88
67,89
67,90
67,92
67,93
67,94
67,96
67,97
67,98
67,99
67,100
67,101
67,102
67,103
67,104
67,105
67,107
67,109
67,110
67,111
67,112
67,113
67,114
67,116
67,117
67,118
67,123
67,124
67,125
67,129
67,135
67,137
67,144
67,147
67,149
67,150
67,153
67,154
67,155
67,158
67,160
67,161
67,163
67,170
67,172
67,173
67,181
67,183
67,191
68,69
68,71
68,72
68,73
68,75
68,76
68,77
68,78
68,79
68,80
68,81
68,82
68,83
68,84
68,85
68,86
68,87
68,88
68,89
68,90
68,91
68,92
68,93
68,94
68,96
68,97
68,98
68,99
68,100
68,101
68,102
68,103
68,104
68,105
68,106
68,107
68,108
68,109
68,110
68,111
68,112
68,114
68,115
68,116
68,117
68,118
68,120
68,121
68,123
68,124
68,125
68,126
68,128
68,129
68,130
68,134
68,135
68,136
68,137
68,141
68,142
68,144
68,145
68,146
68,147
68,149
68,150
68,152
68,153
68,154
68,155
68,157
68,158
68,160
68,161
68,163
68,170
68,172
68,173
68,181
68,183
68,191
69,70
69,72
69,73
69,74
69,75
69,76
69,77
69,78
69,80
69,81
69,83
69,84
69,85
69,87
69,89
69,90
69,91
69,92
69,94
69,95
69,96
69,97
69,98
69,99
69,100
69,102
69,103
69,104
69,105
69,106
69,107
69,109
69,110
69,111
69,113
69,114
69,115
69,116
69,117
69,120
69,121
69,122
69,125
69,126
69,127
69,129
69,130
69,131
69,132
69,134
69,136
69,139
69,141
69,142
69,143
69,144
69,145
69,146
69,147
69,151
69,152
69,154
69,157
69,158
69,159
69,160
69,161
69,162
69,163
69,164
69,188
69,192
69,193
69,195
70,71
70,72
70,73
70,75
70,76
70,77
70,78
70,79
70,80
70,81
70,83
70,84
70,85
70,86
70,87
70,88
70,89
70,90
70,91
70,92
70,93
70,94
70,95
70,96
70,97
70,98
70,99
70,100
70,101
70,102
70,104
70,105
70,107
70,108
70,109
71,72
71,73
71,74
71,75
71,76
71,78
71,79
71,81
71,83
71,84
71,85
71,86
71,87
71,88
71,89
71,90
71,91
71,92
71,93
71,94
71,95
71,96
71,98
71,100
71,101
71,102
71,103
71,104
71,105
71,107
71,108
71,109
71,110
71,113
71,114
71,115
71,116
71,117
71,122
71,123
71,125
71,126
71,127
71,128
71,129
71,131
71,132
71,134
71,135
71,136
71,138
71,139
71,140
71,143
71,145
71,146
71,147
71,149
71,151
71,152
71,153
71,154
71,157
71,158
72,73
72,74
72,75
73,74
73,75
73,76
73,77
73,79
74,75
74,76
74,78
74,79
74,80
74,81
74,82
74,84
75,76
75,78
75,79
75,80
75,81
75,82
75,83
75,84
75,85
75,86
75,87
75,88
75,89
75,90
75,91
75,92
75,93
75,96
75,98
75,99
75,100
75,101
75,103
75,104
75,106
75,118
75,123
75,124
75,125
75,129
75,135
75,137
75,144
75,147
75,149
75,150
75,153
75,154
75,155
75,158
75,160
75,161
75,163
75,170
75,172
75,173
75,181
75,183
75,191
76,77
76,78
76,79
76,80
76,82
76,83
76,84
76,85
76,87
76,88
76,89
76,90
76,92
76,94
76,95
76,96
76,97
76,98
76,99
76,100
76,102
76,103
76,104
76,106
76,107
76,110
76,112
76,113
76,114
76,115
76,116
76,118
76,120
76,121
76,122
76,123
76,124
76,125
76,126
76,128
76,129
76,131
76,132
76,134
76,135
76,136
76,139
76,141
76,143
76,144
76,145
76,147
76,150
76,151
77,78
77,79
77,80
77,81
77,82
77,83
77,84
77,85
77,86
77,87
77,88
77,89
77,90
77,91
77,92
77,93
77,94
77,95
77,96
77,98
77,99
77,100
77,101
77,102
77,103
77,104
77,107
77,109
77,110
77,111
77,113
77,114
77,115
77,116
77,117
77,120
77,121
77,122
77,123
77,124
77,125
77,126
77,127
77,128
77,129
77,130
77,134
77,135
77,136
77,139
77,140
77,141
77,142
77,143
77,144
77,147
77,148
77,149
77,150
77,151
77,152
77,153
77,154
77,155
77,157
77,158
77,159
77,162
77,170
77,173
77,176
77,181
77,193
77,195
78,79
78,80
78,81
78,82
78,83
78,84
78,85
78,86
78,87
78,88
78,89
78,90
78,91
78,92
78,93
78,94
78,95
78,96
78,98
78,99
78,100
78,101
78,102
78,103
78,104
78,106
78,107
78,108
78,109
78,110
78,111
78,112
78,113
78,115
78,117
78,118
78,119
78,120
78,123
78,124
78,126
78,127
78,128
78,129
78,131
78,132
78,134
78,135
78,136
78,138
78,140
78,141
78,142
78,143
78,144
78,148
78,150
78,151
78,152
79,80
79,81
79,82
79,83
79,84
79,86
79,87
79,88
79,90
79,91
79,92
79,93
79,94
79,95
79,96
79,97
80,81
80,82
80,83
80,84
80,85
80,86
80,87
80,88
80,89
80,90
80,91
80,92
80,93
80,94
80,96
80,97
80,98
80,101
80,102
80,104
80,106
80,109
80,111
80,112
80,113
80,117
80,118
80,119
80,120
80,121
80,123
80,124
80,125
80,129
80,135
80,137
80,144
80,147
80,149
80,150
80,153
80,154
80,155
80,158
80,160
80,161
80,163
80,170
80,172
80,173
80,181
80,183
80,191
81,82
81,85
81,86
81,88
81,89
81,91
81,92
81,93
81,94
81,95
81,96
81,97
81,98
81,99
81,100
81,101
81,102
81,104
81,105
81,107
81,108
81,109
81,111
81,112
81,114
81,115
81,116
81,118
81,119
81,120
81,121
81,122
81,123
81,124
81,125
81,126
81,128
81,129
81,130
81,131
81,132
81,134
81,135
81,136
81,138
81,139
81,140
81,141
81,142
81,143
81,144
81,147
81,148
82,83
82,84
82,85
82,86
82,87
82,88
82,89
82,90
82,92
82,93
82,94
82,95
82,96
82,101
82,104
82,118
82,123
82,124
82,125
82,129
82,135
82,137
82,144
82,147
82,149
82,150
82,153
82,154
82,155
82,158
82,160
82,161
82,163
82,170
82,172
82,173
82,181
82,183
82,191
83,84
83,85
83,86
83,87
84,85
84,86
84,88
84,89
84,90
84,91
84,92
84,93
84,94
84,96
84,97
84,98
84,99
84,100
85,86
85,88
85,89
86,87
86,88
86,89
86,90
86,91
86,92
86,93
86,94
86,95
86,96
86,97
86,100
86,101
86,102
86,104
86,107
86,109
86,110
86,112
86,114
86,115
86,117
86,118
86,119
86,120
86,123
86,124
86,125
86,127
86,129
86,130
86,131
86,132
86,135
86,136
86,137
86,138
86,140
86,141
86,142
86,143
86,144
86,145
86,147
86,148
86,149
86,150
86,151
86,153
86,154
86,155
86,157
86,158
86,159
86,160
86,161
86,163
86,170
86,172
86,173
86,181
86,183
86,191
87,88
87,89
87,90
87,92
87,93
87,94
87,95
87,96
87,97
87,98
87,99
87,101
87,103
87,104
87,106
87,107
87,108
87,109
87,110
87,111
87,112
87,118
87,123
87,124
87,125
87,129
87,135
87,137
87,144
87,147
87,149
87,150
87,153
87,154
87,155
87,158
87,160
87,161
87,163
87,170
87,172
87,173
87,181
87,183
87,191
88,89
88,90
88,92
88,93
88,94
88,95
88,96
88,97
88,98
88,99
88,100
88,101
88,102
88,103
88,104
88,106
88,107
88,109
88,110
88,111
88,112
88,113
88,114
88,115
88,116
88,117
88,118
88,120
88,121
88,123
88,124
88,125
88,126
88,129
88,132
88,135
88,137
88,144
88,147
88,149
88,150
88,153
88,154
88,155
88,158
88,160
88,161
88,163
88,170
88,172
88,173
88,181
88,183
88,191
89,90
89,91
89,92
89,93
89,94
89,95
89,96
89,98
89,99
89,100
89,101
89,103
89,104
89,105
89,106
89,107
89,109
89,110
89,118
89,123
89,124
89,125
89,129
89,135
89,137
89,144
89,147
89,149
89,150
89,153
89,154
89,155
89,158
89,160
89,161
89,163
89,170
89,172
89,173
89,181
89,183
89,191
90,91
90,92
90,93
90,94
90,95
90,96
90,97
90,98
90,99
90,100
90,101
90,102
90,103
90,104
90,105
90,106
90,107
90,108
90,109
90,110
90,111
90,112
90,113
90,115
90,116
90,117
90,118
90,119
90,120
90,121
90,122
90,123
90,124
90,125
90,127
90,128
90,129
90,130
90,131
90,132
90,135
90,137
90,138
90,139
90,140
90,141
90,144
90,146
90,147
90,148
90,149
90,150
90,152
90,153
90,154
90,155
90,158
90,160
90,161
90,163
90,170
90,172
90,173
90,181
90,183
90,191
91,92
91,94
91,97
91,98
91,99
91,100
91,102
91,103
91,105
91,106
91,107
91,108
91,109
91,110
91,111
91,114
91,115
91,116
91,117
91,121
91,122
91,123
91,124
91,125
91,128
91,129
91,130
91,131
91,134
91,137
91,138
91,139
91,140
91,142
91,145
91,146
91,147
91,148
91,151
91,152
91,153
91,154
91,159
91,162
91,170
91,178
91,190
91,192
91,195
92,93
92,94
92,95
92,97
92,98
92,99
92,100
92,101
93,95
93,96
93,97
93,98
93,99
93,101
93,102
93,103
93,104
93,105
93,106
93,107
93,108
93,109
93,110
93,112
93,113
93,114
93,115
93,116
93,117
93,118
93,119
93,120
93,123
93,124
93,125
93,129
93,135
93,137
93,144
93,147
93,149
93,150
93,153
93,154
93,155
93,158
93,160
93,161
93,163
93,170
93,172
93,173
93,181
93,183
93,191
94,95
94,96
95,96
95,97
95,98
95,99
95,100
95,101
95,105
95,106
95,107
95,108
95,109
95,110
95,112
95,113
95,115
95,117
95,119
95,120
95,121
95,122
95,124
95,127
95,128
95,129
95,130
95,131
96,97
96,98
96,100
96,101
96,103
96,104
96,105
96,118
96,123
96,124
96,125
96,129
96,135
96,137
96,144
96,147
96,149
96,150
96,153
96,154
96,155
96,158
96,160
96,161
96,163
96,170
96,172
96,173
96,181
96,183
96,191
97,98
97,99
97,100
97,101
97,102
97,103
97,105
97,106
97,107
97,108
97,109
97,110
97,111
97,113
97,114
97,115
97,117
97,118
97,119
97,120
97,121
97,122
97,123
97,124
97,125
97,126
97,127
97,128
97,129
97,130
97,132
97,134
97,136
97,137
97,138
97,139
97,141
97,143
97,145
97,146
97,147
97,150
97,152
97,153
97,154
97,157
97,162
97,163
97,164
98,99
98,101
98,102
98,103
98,104
98,105
98,106
98,107
98,108
98,109
98,110
98,111
98,112
98,113
98,114
98,115
98,116
98,117
98,118
98,119
99,100
99,102
99,103
99,104
99,106
99,107
99,110
99,112
99,113
99,114
99,115
99,116
99,117
99,118
99,120
99,121
99,125
99,126
99,127
99,129
99,130
99,131
99,132
99,133
99,134
99,135
99,136
99,137
99,141
100,101
100,103
100,107
100,108
100,109
100,110
100,111
100,112
100,113
100,114
100,115
100,116
100,117
100,118
100,119
100,120
100,121
100,122
100,124
100,125
100,126
100,127
100,128
100,129
100,130
100,132
100,133
100,134
100,135
100,138
100,139
100,140
100,141
100,142
100,143
100,144
100,147
100,148
100,150
100,153
100,155
100,162
100,163
100,164
101,102
101,103
101,104
101,105
101,107
101,108
101,109
101,110
101,111
101,113
101,115
101,118
101,123
101,124
101,125
101,129
101,135
101,137
101,144
101,147
101,149
101,150
101,153
101,154
101,155
101,158
101,160
101,161
101,163
101,170
101,172
101,173
101,181
101,183
101,191
102,103
102,104
103,104
103,105
103,107
103,108
103,109
103,111
103,112
103,113
103,114
103,115
103,116
103,117
103,119
103,120
103,121
103,122
103,123
103,126
103,127
103,128
103,130
103,132
103,133
103,134
103,135
103,136
103,137
103,139
103,140
103,141
103,144
103,145
103,146
103,149
103,150
103,151
103,152
103,154
103,155
103,162
103,163
103,164
103,167
103,178
103,184
104,105
104,107
104,108
104,109
104,110
104,111
104,114
104,115
104,116
104,117
104,118
104,119
104,120
104,121
104,122
104,123
104,124
104,125
104,126
104,127
104,129
104,131
104,133
104,134
104,135
104,136
104,137
104,138
104,140
104,141
104,143
104,144
104,145
104,146
104,147
104,149
104,150
104,151
104,152
104,153
104,154
104,155
104,156
104,158
104,159
104,160
104,161
104,162
104,163
104,170
104,172
104,173
104,181
104,183
104,191
105,106
105,107
105,108
105,109
105,111
105,112
105,114
105,116
105,117
105,118
105,119
105,120
105,123
105,124
105,125
105,126
105,128
105,130
105,131
105,132
105,134
105,135
105,136
105,137
105,138
105,139
105,140
105,141
105,142
105,143
105,144
105,146
105,147
105,148
105,152
105,156
105,159
105,161
105,162
105,163
105,164
105,166
105,167
105,171
105,183
105,192
105,193
105,194
105,195
105,197
106,107
106,108
106,109
106,110
106,111
106,112
106,113
106,114
106,115
106,116
106,117
106,118
106,119
106,120
106,121
106,122
106,123
106,124
106,125
106,126
106,127
106,128
106,129
106,130
106,131
106,132
106,133
106,134
106,136
106,137
106,138
106,139
106,140
106,141
106,142
106,143
106,144
106,145
106,146
106,147
106,148
106,149
106,150
106,151
106,152
106,155
106,156
106,159
106,161
106,162
106,163
106,164
106,165
106,166
106,167
106,169
106,170
106,171
106,172
106,173
106,177
106,178
106,179
106,181
106,183
106,184
106,187
106,190
106,192
106,193
106,194
106,195
106,197
107,108
107,109
107,110
107,111
107,112
107,113
107,114
109,110
109,111
109,112
109,114
109,115
109,116
109,117
109,122
109,124
109,125
109,126
109,127
109,128
109,130
109,131
109,132
109,133
109,137
109,138
109,139
109,140
109,141
109,144
109,145
109,146
109,148
109,149
109,150
109,152
109,153
109,154
109,156
109,157
109,159
109,161
109,162
109,164
109,165
109,166
109,167
109,169
109,170
109,171
109,172
109,173
110,111
110,112
110,116
110,117
110,118
110,119
110,120
110,124
110,125
110,126
110,128
110,129
110,130
110,131
110,132
110,133
110,134
110,135
110,136
110,137
110,138
110,139
110,140
110,141
110,142
110,143
110,144
110,147
110,148
110,149
110,150
110,151
110,152
110,153
110,154
110,155
110,156
110,157
110,158
110,159
110,161
110,162
110,164
110,165
110,167
110,168
110,169
110,170
110,171
110,172
110,173
110,176
110,177
110,178
110,179
110,180
110,183
110,184
110,185
110,188
110,192
110,193
110,194
110,195
111,113
111,114
111,115
111,116
111,117
111,118
111,119
111,120
111,121
111,123
111,124
112,113
112,114
112,115
112,116
112,117
112,118
112,119
112,120
112,121
112,122
112,123
112,124
112,125
112,126
112,127
112,128
112,129
112,131
112,132
112,133
112,135
112,136
112,138
112,139
112,141
112,142
112,143
112,145
112,146
112,147
112,148
112,150
112,152
112,153
112,155
112,156
112,158
112,159
112,160
112,161
112,162
112,163
112,164
112,165
112,166
112,168
112,169
112,170
112,171
113,114
113,115
113,116
113,117
113,118
113,119
113,120
113,121
113,122
113,123
113,124
113,125
113,126
113,127
113,128
113,129
114,115
114,116
114,117
114,118
114,119
114,120
114,121
114,123
114,124
114,125
114,126
114,127
114,128
114,129
114,130
114,131
114,133
114,134
114,135
114,136
114,137
114,138
114,140
114,141
114,143
114,144
114,145
114,146
114,148
114,149
114,150
114,151
114,152
114,153
114,154
114,155
114,156
114,158
114,159
114,160
114,161
114,163
114,165
114,166
114,168
114,169
114,170
114,171
114,173
114,177
114,178
114,179
114,181
114,183
114,184
114,185
114,187
115,116
115,117
115,119
115,120
115,121
115,122
115,123
115,124
115,125
115,126
115,127
115,128
115,129
115,130
115,131
115,133
115,134
115,135
115,136
115,137
115,138
115,139
116,117
116,118
116,119
116,120
116,121
116,122
116,124
116,125
116,126
116,127
116,128
116,129
116,131
116,132
116,133
116,134
116,135
116,136
116,137
116,138
116,139
116,141
117,118
117,119
117,121
117,122
117,123
117,124
117,125
117,126
117,127
117,128
117,129
117,130
117,131
117,132
117,133
117,134
117,135
117,136
117,138
117,139
117,140
117,141
117,142
117,143
117,144
117,145
117,148
117,149
117,150
117,151
117,153
117,154
117,156
117,159
117,160
118,119
118,120
118,121
118,122
118,123
118,124
118,125
118,127
118,128
118,129
118,130
118,131
118,132
118,134
118,135
118,137
118,139
118,141
118,142
118,143
118,144
118,145
118,147
118,148
118,149
118,150
118,151
118,153
118,154
118,155
118,157
118,158
118,159
118,160
118,161
118,163
118,170
118,172
118,173
118,181
118,183
118,191
119,120
120,121
120,122
120,123
120,125
120,126
120,127
120,128
121,122
121,123
121,124
121,125
121,127
121,128
121,129
121,130
121,135
121,136
121,137
121,138
121,139
121,140
121,141
121,142
121,148
122,123
122,124
122,125
122,126
122,127
122,128
122,129
122,131
122,134
122,135
122,136
123,124
123,125
123,126
123,127
123,128
123,129
123,130
123,135
123,137
123,144
123,147
123,149
123,150
123,153
123,154
123,155
123,158
123,160
123,161
123,163
123,170
123,172
123,173
123,181
123,183
123,191
124,125
124,127
124,128
124,129
124,131
124,132
124,133
124,134
124,135
124,136
124,137
124,138
124,139
124,140
124,144
124,147
124,149
124,150
124,153
124,154
124,155
124,158
124,160
124,161
124,163
124,170
124,172
124,173
124,181
124,183
124,191
125,129
125,135
125,137
125,144
125,147
125,149
125,150
125,153
125,154
125,155
125,158
125,160
125,161
125,163
125,170
125,172
125,173
125,181
125,183
125,191
126,127
126,129
126,130
126,131
126,133
126,134
126,136
126,137
126,140
126,144
126,146
126,147
126,148
126,149
126,151
126,152
126,157
126,160
126,161
126,162
126,172
126,173
126,176
126,180
126,182
126,184
126,185
126,188
126,190
126,194
126,195
127,129
127,130
127,131
127,132
127,133
127,134
127,135
127,136
127,137
127,138
127,140
127,141
127,142
128,129
128,130
128,131
128,132
128,134
128,136
128,137
128,138
128,139
128,140
128,141
128,142
128,143
128,144
128,145
128,146
128,147
128,149
128,150
128,151
128,154
128,155
129,131
129,133
129,134
129,135
129,137
129,138
129,139
129,141
129,142
129,143
129,144
129,145
129,146
129,147
129,148
129,149
129,150
129,151
129,152
129,153
129,154
129,155
129,157
129,158
129,160
129,161
129,163
129,166
129,170
129,172
129,173
129,181
129,183
129,191
130,131
130,132
130,133
130,134
130,135
130,136
130,138
130,139
130,140
130,141
130,142
130,143
130,145
130,146
130,147
130,148
130,149
130,150
130,151
130,152
130,154
130,155
130,157
130,160
130,161
130,162
130,163
130,164
130,166
130,172
130,173
130,174
130,176
130,180
130,182
130,183
130,184
130,185
130,189
130,190
130,192
130,193
130,194
130,195
130,196
130,197
131,132
131,133
131,134
131,135
131,136
131,138
131,139
131,140
131,142
131,143
131,144
131,145
131,146
131,147
131,148
131,149
131,150
131,151
131,152
131,153
131,154
131,155
131,157
131,160
131,161
131,162
131,163
131,164
131,165
131,166
131,167
131,168
131,169
131,170
131,172
131,173
131,174
131,180
131,181
131,182
131,183
131,185
131,188
131,190
131,192
131,193
131,194
131,195
131,196
131,197
131,198
132,133
132,134
132,135
132,136
132,137
132,138
132,139
132,140
132,141
132,142
132,144
132,145
132,146
132,147
132,148
132,149
132,150
132,152
132,153
132,154
132,155
132,156
132,157
132,158
132,160
132,161
132,162
132,163
132,164
132,165
132,166
132,167
132,168
132,169
132,170
132,173
132,174
132,176
132,177
132,179
132,180
132,181
132,182
132,183
132,184
132,188
132,190
132,191
132,193
132,196
132,198
132,199
133,134
133,135
133,136
133,137
133,138
134,135
134,136
134,137
134,139
134,140
134,141
134,142
134,144
134,145
134,146
134,147
134,148
134,150
134,152
134,153
134,155
134,156
134,158
134,160
134,162
134,163
134,164
134,165
134,166
134,167
134,168
134,169
134,171
134,176
134,177
135,136
135,137
135,138
135,139
135,141
135,142
135,144
135,145
135,146
135,147
135,149
135,150
135,153
135,154
135,155
135,158
135,160
135,161
135,163
135,170
135,172
135,173
135,181
135,183
135,191
136,137
136,138
136,139
136,140
136,141
136,142
136,144
136,145
136,147
136,148
136,151
136,152
136,153
136,154
136,155
136,156
136,158
136,160
136,162
136,163
136,164
136,165
136,166
137,138
137,139
137,140
137,141
137,142
137,143
137,144
137,145
137,147
137,149
137,150
137,153
137,154
137,155
137,158
137,160
137,161
137,163
137,170
137,172
137,173
137,181
137,183
137,191
138,140
138,143
138,144
138,145
138,147
138,149
138,150
138,151
138,152
138,153
138,154
138,155
138,156
138,157
138,158
138,161
138,162
138,164
138,165
138,167
138,169
138,171
138,172
138,173
138,179
138,180
138,181
138,185
138,189
138,190
138,191
138,192
138,193
138,195
138,198
138,199
139,141
139,142
139,143
139,144
139,146
139,147
139,148
139,149
139,150
139,151
139,152
139,153
139,154
139,155
139,156
139,157
139,158
139,159
139,160
139,161
139,162
139,163
139,164
139,165
139,167
139,168
139,169
139,170
139,171
139,172
139,173
139,174
139,179
139,180
139,182
139,183
139,184
139,187
139,189
139,190
139,191
139,192
139,195
139,196
139,197
139,198
139,199
140,141
140,142
140,143
140,144
140,146
140,147
140,148
140,149
140,150
140,151
140,152
140,153
140,154
140,155
140,156
140,157
140,159
140,160
140,161
140,162
140,164
140,166
140,167
140,168
140,169
140,170
140,171
140,172
140,173
140,174
140,178
141,142
141,143
141,144
142,143
142,144
142,145
142,146
142,148
142,149
142,151
142,153
142,154
142,157
142,159
142,160
142,161
142,162
142,163
142,164
142,166
142,169
142,170
142,171
142,172
143,145
143,146
143,147
143,148
143,149
143,151
143,152
143,154
143,155
143,156
143,157
143,158
143,159
143,160
143,161
143,163
143,164
143,166
143,167
143,168
143,169
143,170
143,171
143,172
143,173
143,174
143,177
143,179
143,180
143,181
143,183
143,188
143,189
143,190
143,192
143,193
143,194
143,195
143,197
143,198
143,199
144,145
144,146
144,147
144,148
144,149
144,150
144,152
144,153
144,154
144,155
144,156
144,157
144,158
144,159
144,160
144,161
144,162
144,163
144,164
144,165
144,166
144,167
144,168
144,169
144,170
144,172
144,173
144,174
144,176
144,177
144,178
144,179
144,180
144,181
144,182
144,183
144,184
144,185
144,186
144,187
144,188
144,189
144,190
144,191
144,192
144,193
144,194
144,195
144,198
145,147
145,148
145,149
145,150
145,151
145,152
145,153
145,154
145,156
145,157
145,158
145,159
145,160
145,161
145,162
145,163
145,164
145,165
145,166
145,167
145,168
145,169
145,170
145,171
145,172
145,174
145,175
145,176
145,177
145,178
145,179
145,181
145,182
145,183
145,184
145,185
145,186
145,187
145,189
145,190
145,192
145,193
145,194
145,197
145,198
145,199
146,148
146,149
146,151
146,154
146,155
146,156
146,157
146,158
146,159
146,160
146,161
146,162
146,163
146,164
146,165
146,166
146,167
146,168
146,169
146,172
146,173
146,174
146,176
146,178
146,180
146,181
146,182
146,183
146,184
146,185
146,186
146,187
146,188
146,189
146,190
146,192
146,193
146,194
146,195
146,196
146,197
146,198
146,199
147,148
147,149
147,150
147,151
147,152
147,153
147,154
147,155
147,156
147,157
147,158
147,160
147,161
147,163
147,170
147,172
147,173
147,181
147,183
147,191
148,150
148,152
148,153
148,155
148,156
148,157
148,158
148,159
148,160
148,161
148,163
148,164
148,165
148,166
148,167
148,170
148,171
148,172
148,173
148,174
148,175
148,176
148,177
148,178
148,179
148,180
148,181
148,183
148,184
148,185
148,186
148,190
148,192
148,193
148,194
148,195
148,196
148,197
148,198
148,199
149,150
149,151
149,152
149,153
149,154
149,155
149,158
149,160
149,161
149,163
149,170
149,172
149,173
149,181
149,183
149,191
150,151
150,152
150,153
150,154
150,155
150,156
150,157
150,158
150,159
150,160
150,161
150,162
150,163
150,164
150,165
150,167
150,168
150,169
150,170
150,171
150,172
150,173
150,174
150,175
150,176
150,177
150,178
150,179
150,181
150,183
150,184
150,185
150,186
150,187
150,188
150,190
150,191
150,193
150,194
150,195
150,196
150,197
150,198
151,152
151,154
151,156
151,158
151,159
151,160
151,162
151,163
151,165
151,166
151,167
151,168
151,169
151,170
151,171
151,173
151,174
151,175
151,176
151,177
151,178
151,179
151,180
151,181
151,182
151,183
151,184
151,185
151,186
151,189
151,190
151,194
151,195
151,196
151,197
152,155
152,156
152,157
152,158
152,159
152,160
152,161
152,162
152,163
152,164
152,165
152,166
152,167
152,168
152,170
152,171
152,172
152,174
152,175
152,176
152,177
152,178
152,183
152,184
152,185
152,186
152,191
152,193
152,194
152,195
152,197
152,198
152,199
153,154
153,155
153,157
153,158
153,159
153,160
153,161
153,162
153,163
153,164
153,165
153,166
153,167
153,168
153,169
153,170
153,171
153,172
153,173
153,174
153,175
153,176
153,177
153,178
153,179
153,180
153,181
153,182
153,183
153,191
154,155
154,156
154,157
154,158
154,160
154,161
154,162
154,163
154,164
154,165
154,170
154,172
154,173
154,181
154,183
154,191
155,156
155,157
155,158
155,159
155,160
155,161
155,162
155,163
155,164
155,166
155,167
155,168
155,169
155,170
155,171
155,172
155,173
155,174
155,175
155,177
155,178
155,179
155,180
155,181
155,183
155,185
155,186
155,187
155,188
155,190
155,191
155,192
155,193
155,194
155,195
155,196
155,197
155,198
156,157
156,160
156,161
156,162
156,163
156,164
156,165
156,167
156,168
156,169
156,170
156,171
156,172
156,173
156,174
156,175
156,176
156,177
156,178
156,179
156,181
156,183
156,185
156,187
156,188
156,189
156,190
156,191
156,193
156,194
156,195
156,196
156,197
156,198
157,158
157,159
157,160
157,161
158,159
158,160
158,161
158,162
158,163
158,164
158,165
158,166
158,167
158,168
158,169
158,170
158,171
158,172
158,173
158,175
158,176
158,177
158,178
158,179
158,181
158,183
158,191
159,160
159,161
159,162
159,163
159,164
159,165
159,166
159,167
159,168
159,170
159,171
159,172
159,173
159,174
159,177
159,178
159,179
159,180
159,181
159,182
159,184
159,185
159,188
159,190
159,191
159,192
159,193
159,194
159,195
159,196
159,197
159,198
159,199
160,161
160,163
160,166
160,167
160,168
160,169
160,170
160,171
160,172
160,173
160,174
160,177
160,178
160,179
160,181
160,182
160,183
160,184
160,185
160,187
160,188
160,189
160,190
160,191
160,192
160,193
160,194
160,195
160,196
160,197
160,198
160,199
161,163
161,164
161,165
161,166
161,167
161,168
161,169
161,170
161,171
161,172
161,173
161,174
161,175
161,176
161,177
161,178
161,179
161,180
161,181
161,183
161,184
161,185
161,187
161,188
161,189
161,191
162,167
162,168
162,169
162,170
162,171
162,173
162,174
162,177
162,178
162,180
162,181
162,182
162,183
162,184
162,185
163,165
163,166
163,167
163,169
163,170
163,171
163,172
163,173
163,175
163,176
163,181
163,183
163,191
164,165
164,167
164,168
164,169
164,170
164,171
164,172
164,173
164,174
164,175
164,176
164,177
164,178
164,179
164,180
164,181
164,182
164,183
164,184
164,185
164,189
165,167
165,168
165,169
165,170
165,172
165,173
165,175
165,176
165,177
165,178
165,179
165,180
165,183
165,184
165,185
165,186
165,187
165,189
165,190
165,198
165,199
166,167
166,168
166,169
166,170
166,171
166,173
166,174
166,175
166,176
166,177
166,178
166,179
166,180
166,181
166,182
166,184
166,185
166,188
166,189
166,190
166,191
166,192
166,193
166,194
166,195
166,196
166,197
166,198
166,199
167,168
167,169
167,170
167,171
167,172
167,173
167,174
167,175
167,176
167,177
167,180
167,181
167,182
167,183
167,184
167,186
167,187
167,188
167,189
167,190
167,191
167,192
168,169
168,170
168,171
168,172
168,173
168,174
168,175
169,170
169,171
169,173
169,174
169,175
169,177
169,178
169,179
169,180
169,181
169,182
169,183
169,184
169,188
169,189
169,190
169,192
169,193
169,194
170,172
170,173
170,174
170,175
170,176
170,178
170,179
170,180
170,181
170,183
170,186
170,187
170,188
170,189
170,190
170,191
170,192
170,193
170,194
170,195
170,197
170,198
171,174
171,176
171,177
171,178
171,179
171,180
171,181
171,182
171,183
171,184
171,185
171,187
171,189
171,190
171,191
171,192
171,193
171,194
171,195
171,196
171,197
172,173
172,174
172,175
172,176
172,177
172,178
172,180
172,181
172,182
172,183
172,184
172,185
172,186
172,187
172,188
172,189
172,190
172,191
172,192
172,193
172,194
172,195
172,196
172,197
172,198
172,199
173,175
173,176
173,177
173,179
173,180
173,181
173,183
173,184
173,185
173,186
173,187
173,188
173,189
173,190
173,191
174,175
174,176
174,177
174,178
174,179
174,180
174,181
174,184
174,185
174,186
175,176
175,178
175,179
175,180
176,178
176,179
176,180
176,181
176,182
176,183
176,184
176,185
176,187
176,188
176,189
176,190
176,191
176,192
176,193
176,196
176,197
176,198
176,199
177,179
177,180
177,181
178,179
178,180
178,181
178,182
178,184
178,185
178,186
178,188
178,189
178,190
178,192
178,193
178,195
178,196
178,199
179,180
179,181
179,183
179,186
179,187
179,188
179,190
179,191
179,192
179,195
179,196
179,197
179,198
179,199
180,181
180,182
180,183
180,184
180,185
180,186
180,187
180,188
180,189
180,190
180,191
180,192
180,193
180,195
180,196
180,197
180,199
181,182
181,183
181,185
181,186
181,187
181,189
181,190
181,191
181,192
181,194
181,196
181,197
181,198
182,183
182,184
182,185
182,186
182,187
182,189
182,191
182,192
182,193
182,195
182,196
182,197
182,198
182,199
183,184
183,185
183,186
183,187
183,188
183,189
183,190
183,191
183,192
183,193
183,194
183,195
183,196
183,197
183,198
184,185
184,186
184,187
185,189
185,190
185,191
185,192
185,193
185,194
185,195
185,196
185,197
185,198
185,199
186,187
186,188
186,189
186,190
186,192
186,193
186,194
186,195
186,196
186,197
186,198
186,199
187,188
187,189
187,191
187,192
187,193
187,194
187,195
187,196
187,197
187,198
187,199
188,189
188,190
188,191
188,192
188,193
189,190
189,191
189,192
189,193
189,194
189,195
189,196
189,197
189,198
189,199
190,191
190,192
190,193
190,194
190,195
190,197
190,198
191,192
191,193
191,194
191,195
191,196
191,198
192,193
192,194
192,195
192,196
192,197
192,199
193,194
193,196
193,197
194,195
194,196
194,197
194,198
195,196
196,197
196,198
196,199
197,199
