0,1
0,2
0,3
0,4
0,5
0,6
0,7
0,8
0,9
0,10
0,11
0,12
0,13
0,14
0,15
0,16
0,17
0,18
0,19
0,20
0,21
0,22
0,23
0,24
0,25
0,26
0,27
0,28
1,2
1,3
1,4
1,5
1,6
1,7
1,8
1,9
1,10
1,11
1,12
1,13
1,14
1,15
1,16
1,17
1,18
1,19
1,20
1,21
1,22
1,23
1,24
1,25
1,26
1,27
1,28
1,29
1,51
1,52
1,56
1,63
1,66
1,68
1,85
1,99
1,103
1,104
1,106
1,120
1,133
1,145
1,146
1,147
1,148
1,152
1,159
1,164
1,166
1,176
1,177
1,185
1,190
2,3
2,4
2,5
2,6
2,7
2,8
2,9
2,10
2,11
2,12
2,13
2,14
2,15
2,16
2,17
2,18
2,19
2,20
2,21
2,22
2,23
2,24
2,25
2,26
2,27
2,28
3,4
3,5
3,6
3,7
3,8
3,9
3,10
3,11
3,12
3,13
3,14
3,15
3,16
3,17
3,18
3,19
3,20
3,21
3,22
3,23
3,24
3,25
3,26
3,27
3,28
4,5
4,6
4,7
4,8
4,9
4,10
4,11
4,12
4,13
4,14
4,15
4,16
4,17
4,18
4,19
4,20
4,21
4,22
4,23
4,24
4,25
4,26
4,27
4,28
5,6
5,7
5,8
5,9
5,10
5,11
5,12
5,13
5,14
5,15
5,16
5,17
5,18
5,19
5,20
5,21
5,22
5,23
5,24
5,25
5,26
5,27
5,28
6,7
6,8
6,9
6,10
6,11
6,12
6,13
6,14
6,15
6,16
6,17
6,18
6,19
6,20
6,21
6,22
6,23
6,24
6,25
6,26
6,27
6,28
7,8
7,9
7,10
7,11
7,12
7,13
7,14
7,15
7,16
7,17
7,18
7,19
7,20
7,21
7,22
7,23
7,24
7,25
7,26
7,27
7,28
8,9
8,10
8,11
8,12
8,13
8,14
8,15
8,16
8,17
8,18
8,19
8,20
8,21
8,22
8,23
8,24
8,25
8,26
8,27
8,28
9,10
9,11
9,12
9,13
9,14
9,15
9,16
9,17
9,18
9,19
9,20
9,21
9,22
9,23
9,24
9,25
9,26
9,27
9,28
10,11
10,12
10,13
10,14
10,15
10,16
10,17
10,18
10,19
10,20
10,21
10,22
10,23
10,24
10,25
10,26
10,27
10,28
11,12
11,13
11,14
11,15
11,16
11,17
11,18
11,19
11,20
11,21
11,22
11,23
11,24
11,25
11,26
11,27
11,29
11,51
11,52
11,56
11,63
11,66
11,68
11,85
11,99
11,103
11,104
11,106
11,120
11,133
11,145
11,146
11,147
11,148
11,152
11,159
11,164
11,166
11,176
11,177
11,185
11,190
12,13
12,14
12,15
12,16
12,17
12,18
12,19
12,20
12,21
12,22
12,23
12,24
12,25
12,26
12,27
12,28
13,14
13,15
13,16
13,17
13,18
13,19
13,20
13,21
13,22
13,23
13,24
13,25
13,26
13,27
13,28
14,15
14,16
14,17
14,18
14,19
14,20
14,21
14,22
14,23
14,24
14,25
14,26
14,27
14,28
15,16
15,17
15,18
15,19
15,20
15,21
15,22
15,23
15,24
15,25
15,26
15,27
15,28
16,17
16,18
16,19
16,20
16,21
16,22
16,23
16,24
16,25
16,26
16,27
16,28
17,18
17,19
17,20
17,21
17,22
17,23
17,24
17,25
17,26
17,27
17,28
18,19
18,20
18,21
18,22
18,23
18,24
18,25
18,26
18,27
18,28
18,60
19,20
19,21
19,22
19,23
19,24
19,25
19,26
19,27
19,28
20,21
20,22
20,23
20,24
20,25
20,26
20,27
20,28
21,22
21,23
21,24
21,25
21,26
21,27
21,28
21,42
22,23
22,24
22,25
22,26
22,27
22,28
22,41
22,42
22,44
22,46
22,47
22,48
22,50
22,51
22,52
22,55
22,60
22,61
22,63
23,24
23,25
23,26
23,27
23,28
23,29
23,37
23,38
23,51
23,52
23,56
23,63
23,66
23,68
23,85
23,99
23,103
23,104
23,106
23,120
23,133
23,145
23,146
23,147
23,148
23,152
23,159
23,164
23,166
23,176
23,177
23,185
23,190
24,25
24,26
24,27
24,28
24,37
24,40
24,41
24,42
24,44
24,45
24,46
24,47
24,48
24,50
24,52
24,55
24,57
24,62
24,63
24,64
24,66
25,26
25,27
25,28
25,42
25,43
25,44
25,45
25,46
25,47
25,48
25,50
25,51
25,52
25,53
25,55
25,57
25,58
25,60
25,61
25,62
25,63
25,64
25,66
25,67
25,68
26,27
26,28
26,44
26,45
26,46
26,47
26,48
26,50
26,51
26,52
26,55
26,57
26,58
26,60
26,61
26,62
26,63
26,64
26,67
26,68
27,28
27,37
27,38
27,39
27,41
27,43
27,44
27,45
27,46
27,47
27,48
27,51
27,52
27,53
27,54
27,55
27,57
27,58
27,60
27,62
27,63
27,64
27,66
27,67
27,68
27,70
27,72
27,73
27,75
27,83
29,51
29,52
29,56
29,63
29,66
29,68
29,85
29,99
29,103
29,104
29,106
29,120
29,133
29,145
29,146
29,147
29,148
29,152
29,159
29,164
29,166
29,176
29,177
29,185
29,190
32,41
32,42
32,43
32,44
32,45
33,38
34,37
34,38
34,39
34,40
34,41
34,42
34,43
34,44
34,45
34,50
34,51
34,52
34,53
34,55
34,57
34,60
34,61
34,64
34,69
34,70
36,37
36,38
36,39
36,40
36,41
36,42
36,43
36,44
36,45
36,46
36,47
36,48
36,50
36,51
36,52
36,53
36,54
36,55
36,57
36,59
37,38
37,39
37,40
37,41
37,42
37,43
38,39
38,40
38,41
38,43
39,40
39,41
39,43
39,44
39,47
39,48
39,50
39,51
39,52
39,54
39,55
39,57
39,59
39,60
39,61
39,63
39,66
39,67
39,69
39,70
39,72
39,73
39,75
40,41
40,42
40,43
40,45
40,46
40,47
40,48
40,49
40,50
40,51
40,52
40,53
40,55
40,56
40,57
40,59
40,60
40,61
40,62
40,63
40,64
40,66
40,67
40,68
40,69
40,70
40,72
40,73
40,75
40,76
41,43
41,44
41,45
41,46
42,43
42,44
42,45
42,46
42,47
42,48
42,51
42,52
42,53
42,55
42,56
42,57
42,58
42,59
42,60
42,61
42,62
42,63
42,64
42,65
42,66
42,67
42,68
42,70
42,72
42,75
42,76
42,81
42,83
43,44
43,45
43,46
43,47
43,48
43,49
43,50
43,51
43,52
43,53
43,54
43,55
43,56
43,57
43,58
43,59
43,60
43,61
43,62
43,63
43,64
43,65
43,66
43,67
43,68
43,69
43,70
43,71
43,72
43,73
43,75
43,76
43,81
43,83
43,84
43,85
43,87
43,88
44,45
44,46
44,47
44,48
44,49
44,50
44,51
44,52
44,53
44,54
44,55
44,56
44,57
44,58
44,59
44,60
44,61
44,62
44,63
44,64
44,65
44,66
44,67
44,68
44,69
44,70
44,71
44,72
44,73
44,74
44,75
44,76
44,81
44,82
44,84
44,85
44,87
44,88
44,89
45,47
45,48
45,49
45,50
45,51
45,53
45,54
45,56
45,57
45,58
45,59
45,60
45,61
45,62
45,63
45,64
45,66
45,67
45,68
45,69
45,70
45,71
45,72
45,73
45,74
45,75
45,76
45,77
45,78
45,81
45,82
45,84
45,85
45,87
45,88
45,89
45,91
45,93
46,48
46,50
46,51
46,52
46,53
47,48
47,49
47,50
48,49
48,50
48,51
48,52
48,53
48,54
48,56
48,57
48,58
48,59
48,60
48,62
48,63
48,64
48,65
48,66
48,67
48,68
49,50
49,51
49,52
49,54
49,55
49,56
49,58
49,59
49,60
49,61
49,62
49,63
49,65
49,67
49,68
49,69
49,70
49,71
49,72
49,73
49,74
49,75
49,76
49,77
49,78
50,51
50,52
50,53
50,54
50,55
50,56
50,57
50,58
50,59
50,60
50,61
50,62
50,63
50,64
50,66
50,67
50,68
50,69
50,70
50,71
50,72
50,73
50,74
50,75
50,76
50,78
50,80
50,81
50,82
50,84
50,85
50,87
50,88
50,91
50,93
51,52
51,53
51,56
51,63
51,66
51,68
51,85
51,99
51,103
51,104
51,106
51,120
51,133
51,145
51,146
51,147
51,148
51,152
51,159
51,164
51,166
51,176
51,177
51,185
51,190
52,53
52,56
52,63
52,66
52,68
52,85
52,99
52,103
52,104
52,106
52,120
52,133
52,145
52,146
52,147
52,148
52,152
52,159
52,164
52,166
52,176
52,177
52,185
52,190
53,54
53,55
53,56
53,57
53,58
53,59
53,60
53,61
53,62
53,63
53,65
53,66
53,72
53,73
53,75
53,76
53,77
54,55
54,56
54,57
54,58
54,59
54,60
54,62
54,63
54,64
54,66
54,67
54,68
54,69
54,70
54,71
54,72
55,56
55,57
55,58
55,59
55,62
55,63
55,64
55,65
55,66
55,67
55,68
55,69
55,70
55,71
55,72
55,73
55,75
55,76
55,77
55,80
55,81
55,83
55,84
55,85
55,89
55,90
55,91
55,93
55,98
55,119
55,184
55,195
56,57
56,63
56,66
56,68
56,85
56,99
56,103
56,104
56,106
56,120
56,133
56,145
56,146
56,147
56,148
56,152
56,159
56,164
56,166
56,176
56,177
56,185
56,190
57,58
57,59
57,60
57,61
57,62
57,63
57,64
57,65
57,66
57,68
57,69
57,70
57,71
57,72
57,75
57,76
57,77
57,78
57,80
57,82
57,83
57,85
57,87
57,89
57,93
57,94
57,98
58,59
58,60
59,60
59,61
59,62
59,63
59,64
59,65
60,62
61,62
61,63
61,64
62,63
62,64
62,65
62,68
62,69
62,72
62,73
62,74
62,76
62,77
62,78
62,81
62,82
62,83
62,87
62,88
62,90
62,91
62,98
63,64
63,65
63,66
63,67
63,68
63,69
63,70
63,71
63,72
63,73
63,74
63,85
63,99
63,103
63,104
63,106
63,120
63,133
63,145
63,146
63,147
63,148
63,152
63,159
63,164
63,166
63,176
63,177
63,185
63,190
64,65
64,67
65,66
66,67
66,68
66,69
66,70
66,71
66,74
66,76
66,79
66,81
66,83
66,84
66,85
66,87
66,88
66,89
66,90
66,91
66,92
66,93
66,97
66,98
66,99
66,101
66,103
66,104
66,106
66,120
66,133
66,145
66,146
66,147
66,148
66,152
66,159
66,164
66,166
66,176
66,177
66,185
66,190
67,68
67,69
67,70
67,71
67,72
67,73
67,74
67,75
67,76
67,78
67,79
67,80
67,81
67,82
67,83
67,84
67,85
67,86
67,87
67,88
67,89
67,90
67,91
67,92
67,97
67,98
67,100
67,101
68,69
68,70
68,71
68,73
68,74
68,76
68,77
68,78
68,85
68,99
68,103
68,104
68,106
68,120
68,133
68,145
68,146
68,147
68,148
68,152
68,159
68,164
68,166
68,176
68,177
68,185
68,190
69,70
69,71
69,72
69,73
69,74
69,76
69,77
69,78
69,79
69,80
69,81
69,82
69,83
69,84
69,85
69,87
70,72
70,73
70,74
70,75
70,76
70,77
70,78
70,79
70,81
70,82
70,83
70,84
70,85
70,86
70,87
70,88
70,89
70,90
70,91
70,94
70,95
70,96
70,98
70,101
70,108
70,109
70,121
71,72
71,74
71,76
71,77
71,78
71,79
71,80
71,81
71,82
71,83
71,84
71,85
71,86
71,87
71,88
71,89
71,90
71,91
72,73
72,74
72,75
72,76
72,77
72,78
72,79
72,80
72,82
72,83
72,84
72,85
72,86
72,87
72,88
72,89
72,90
72,91
72,93
72,94
72,95
72,98
72,101
72,104
72,109
72,111
72,119
72,121
72,146
72,148
72,154
72,155
73,74
73,75
73,76
73,77
73,79
73,80
73,81
73,82
73,83
74,75
74,76
74,77
74,78
74,79
74,80
74,81
74,82
74,83
74,85
74,86
74,88
74,89
74,90
75,76
75,77
75,78
75,79
75,80
75,81
75,82
75,83
76,77
76,78
76,79
76,81
76,82
77,78
77,79
77,80
77,81
77,82
77,83
77,84
77,85
77,86
77,87
77,89
78,80
79,80
79,81
79,82
79,83
79,84
79,86
79,87
79,88
79,90
79,92
79,93
79,95
79,96
79,97
79,100
79,101
79,102
79,104
79,109
79,111
79,112
80,81
80,82
80,83
80,84
80,85
80,86
80,87
80,89
80,90
80,91
80,92
80,93
80,94
80,96
80,97
80,98
80,100
80,101
80,102
81,82
81,83
81,84
81,85
81,86
81,87
81,88
81,90
81,91
81,92
81,93
81,94
81,95
81,96
81,97
81,98
81,100
81,102
82,83
82,84
82,85
82,86
82,87
82,88
82,89
82,90
82,91
82,92
82,93
82,95
82,96
82,97
82,98
82,99
82,100
82,101
82,104
82,108
83,84
83,85
83,86
83,87
83,88
83,89
83,91
83,92
83,93
83,96
83,97
83,98
83,99
83,101
83,102
83,104
83,108
83,111
83,112
83,115
83,119
83,121
83,126
84,85
84,86
84,87
84,88
84,89
84,90
84,91
84,92
84,93
84,94
85,86
85,87
85,88
85,89
85,90
85,91
85,92
85,93
85,94
85,95
85,96
85,97
85,98
85,99
85,100
85,101
85,102
85,103
85,104
85,106
85,108
85,112
85,113
85,115
85,119
85,120
85,121
85,133
85,136
85,139
85,145
85,146
85,147
85,148
85,152
85,153
85,159
85,164
85,166
85,176
85,177
85,185
85,190
86,88
86,89
86,90
86,92
86,93
86,94
86,95
86,96
86,97
86,98
86,99
86,100
86,101
86,102
86,103
86,104
86,107
86,108
86,109
86,110
86,112
86,113
86,115
87,88
87,89
87,90
87,91
87,92
87,93
87,95
87,96
87,97
87,98
87,99
87,100
87,101
87,102
87,103
87,104
87,107
87,109
87,110
87,111
87,112
87,115
87,119
87,121
87,126
87,128
88,89
88,90
88,91
88,92
88,93
88,94
88,95
88,96
88,97
88,98
88,99
88,100
88,101
88,102
88,104
89,90
89,91
89,92
89,93
89,94
89,95
89,96
89,97
90,91
90,92
90,93
90,94
90,95
90,96
90,97
90,98
90,99
90,101
90,102
90,103
90,104
90,109
90,110
90,111
90,112
90,113
91,92
92,93
92,94
92,95
92,96
92,97
92,98
92,101
92,102
92,106
92,109
92,111
92,112
92,113
92,115
92,121
92,122
92,124
92,127
92,128
92,129
92,130
92,136
92,137
92,138
92,139
92,141
92,144
92,148
93,94
93,95
93,96
93,97
93,98
93,99
93,101
93,102
93,103
93,104
93,107
93,108
93,109
93,110
94,95
94,96
94,97
94,98
94,99
94,101
95,96
95,97
95,99
95,100
95,101
95,102
95,103
95,104
95,106
95,107
95,108
95,109
95,110
96,97
96,98
96,100
97,98
97,99
97,100
97,101
97,103
97,104
97,106
97,107
97,109
97,110
97,111
97,114
97,115
97,119
97,120
97,121
97,127
97,128
97,129
97,130
97,131
97,136
97,139
97,141
97,144
97,146
97,174
97,180
97,194
98,101
98,102
98,103
98,104
98,105
98,106
98,107
98,108
98,109
98,110
98,112
98,113
98,114
98,115
98,116
98,117
98,119
98,120
99,100
99,101
99,102
99,103
99,104
99,105
99,106
99,107
99,108
99,109
99,110
99,111
99,112
99,113
99,114
99,115
99,116
99,117
99,118
99,119
99,120
99,121
99,122
99,126
99,127
99,128
99,129
99,130
99,132
99,133
99,136
99,138
99,139
99,141
99,145
99,146
99,147
99,148
99,152
99,159
99,164
99,166
99,176
99,177
99,185
99,190
100,101
100,102
100,103
100,104
100,105
100,107
100,108
100,110
100,111
100,112
100,113
100,114
100,115
100,116
100,117
100,118
100,119
100,120
100,121
100,122
100,127
100,128
100,129
100,130
100,132
100,133
100,136
100,137
100,138
100,139
101,102
101,103
101,104
101,105
101,106
101,107
101,108
101,110
101,111
101,112
101,114
101,116
101,118
101,119
101,120
101,121
101,122
101,124
101,126
101,127
101,128
101,130
101,131
101,132
101,133
101,137
101,138
101,139
101,140
101,141
101,142
101,144
101,147
101,148
101,155
101,165
101,173
101,177
101,180
102,104
102,105
102,106
102,107
102,108
102,109
102,110
102,111
102,112
102,113
102,114
102,115
102,116
102,117
102,118
102,119
102,120
102,121
102,122
102,124
102,126
102,127
102,128
102,129
102,130
102,132
102,133
102,136
102,137
102,138
102,139
102,140
102,141
102,142
102,147
102,148
102,149
102,154
102,155
103,104
103,106
103,107
103,120
103,133
103,145
103,146
103,147
103,148
103,152
103,159
103,164
103,166
103,176
103,177
103,185
103,190
104,105
104,106
104,107
104,109
104,110
104,111
104,112
104,113
104,115
104,116
104,117
104,118
104,120
104,121
104,122
104,123
104,126
104,127
104,133
104,145
104,146
104,147
104,148
104,152
104,159
104,164
104,166
104,176
104,177
104,185
104,190
105,106
105,107
105,108
105,109
105,110
105,111
105,112
105,114
105,115
106,107
106,108
106,109
106,110
106,111
106,112
106,114
106,115
106,116
106,120
106,133
106,145
106,146
106,147
106,148
106,152
106,159
106,164
106,166
106,176
106,177
106,185
106,190
107,109
107,110
107,111
107,112
107,113
107,114
107,115
107,116
107,117
107,118
107,119
107,121
107,122
107,123
107,124
108,109
108,110
108,111
108,112
108,113
108,114
108,116
108,117
108,118
108,120
108,121
108,122
108,124
108,126
108,127
108,129
108,131
108,136
108,137
108,141
108,144
108,147
108,148
108,155
108,165
109,110
109,111
109,112
109,113
109,115
109,116
109,117
109,118
109,119
109,120
109,122
109,124
109,127
109,128
109,129
109,130
109,131
109,132
109,133
109,135
109,136
109,137
109,138
109,139
109,140
109,141
109,144
109,146
109,147
110,111
110,112
110,113
110,116
110,117
110,118
110,119
110,120
110,121
110,122
110,123
110,125
111,112
111,114
111,115
111,116
111,117
111,118
111,119
111,120
111,121
111,122
111,123
111,124
111,125
111,126
111,127
111,128
111,129
111,131
111,132
111,135
111,136
111,137
111,138
111,139
111,140
111,141
111,142
111,144
111,146
111,147
111,148
111,149
111,150
112,113
112,115
112,116
112,118
112,119
112,121
112,122
113,114
113,116
113,117
113,118
113,119
113,120
113,122
113,123
113,124
113,125
113,126
113,127
113,128
114,115
114,116
114,118
115,116
115,117
115,118
115,119
115,120
115,121
115,122
115,123
115,124
115,125
115,127
115,128
115,130
115,131
115,132
115,134
115,135
115,136
115,137
115,139
115,140
115,141
115,142
115,143
115,144
115,146
115,147
115,149
115,150
115,154
115,155
115,157
115,165
115,177
115,183
116,117
116,118
116,119
116,120
116,121
116,122
116,123
116,124
116,125
116,126
116,127
116,128
116,129
116,130
116,131
116,132
116,133
117,118
117,119
118,119
118,120
118,121
118,123
118,124
118,125
118,126
118,127
118,128
118,129
118,130
118,131
118,132
118,133
118,134
118,136
118,138
119,120
120,122
120,123
120,124
120,133
120,145
120,146
120,147
120,148
120,152
120,159
120,164
120,166
120,176
120,177
120,185
120,190
121,122
121,123
121,124
121,125
121,126
121,127
121,129
121,130
121,131
121,132
121,133
121,136
121,139
121,141
121,143
121,144
121,146
121,147
121,148
121,149
121,150
121,155
121,156
121,163
121,165
121,170
121,183
121,192
121,194
122,123
122,124
122,126
122,127
122,128
122,129
122,130
122,131
122,132
122,133
122,134
122,135
122,137
124,126
124,127
124,128
124,130
124,132
124,135
124,136
124,137
124,138
124,140
124,142
124,143
124,144
124,146
124,147
124,148
124,149
124,150
125,126
125,127
125,128
125,129
125,130
125,131
126,127
126,128
126,129
126,130
127,128
127,130
127,131
127,133
127,135
127,136
127,137
127,138
127,139
127,140
127,141
127,142
127,143
127,144
127,146
127,147
127,148
127,149
127,150
127,152
127,153
128,129
128,130
128,131
128,132
128,133
128,134
128,135
128,136
128,137
128,138
128,139
128,140
128,141
128,142
128,143
128,144
128,146
128,147
128,148
128,149
128,150
128,152
128,153
128,154
128,155
128,157
130,131
130,132
130,133
130,134
131,132
131,133
131,134
131,135
131,136
131,137
131,138
131,139
131,140
133,134
133,135
133,136
133,137
133,139
133,140
133,141
133,142
133,143
133,145
133,146
133,147
133,148
133,150
133,152
133,159
133,164
133,166
133,176
133,177
133,185
133,190
134,136
134,137
134,138
134,139
134,140
134,141
135,136
135,137
135,138
135,139
135,140
135,141
135,142
135,143
135,144
135,146
135,148
135,150
135,152
135,153
135,155
135,157
136,137
136,138
136,139
136,140
136,141
136,142
136,143
136,144
136,146
136,147
136,148
136,149
136,150
136,152
136,153
136,154
136,155
136,156
136,157
137,138
137,139
137,141
137,142
137,143
137,144
137,145
138,139
138,140
138,142
138,143
138,144
138,145
138,146
138,147
138,148
138,149
138,150
138,152
138,153
138,154
138,155
138,156
138,157
138,161
138,162
138,165
138,175
138,181
139,141
139,142
139,143
139,145
139,146
139,147
139,148
139,150
139,152
139,154
139,155
139,157
139,160
139,161
139,163
139,164
140,142
140,143
140,144
140,145
140,146
140,147
140,148
141,142
141,143
141,144
141,145
141,146
141,147
141,149
141,150
141,152
141,154
141,155
141,156
141,157
141,160
141,162
141,163
141,164
141,165
141,168
141,170
141,171
141,173
141,174
141,175
141,177
141,181
141,189
141,194
142,143
142,144
142,145
142,146
142,148
142,149
142,150
142,151
142,152
142,153
142,154
142,155
142,156
142,157
142,160
142,161
142,162
142,163
142,164
142,165
142,168
142,170
142,172
142,173
142,174
142,175
142,177
142,180
142,181
142,182
142,183
143,144
143,145
143,146
145,146
145,147
145,148
145,149
145,151
145,152
145,153
145,154
145,155
145,156
145,157
145,159
145,164
145,166
145,176
145,177
145,185
145,190
146,147
146,148
146,149
146,150
146,151
146,152
146,153
146,154
146,155
146,156
146,157
146,159
146,161
146,162
146,163
146,164
146,165
146,166
146,168
146,170
146,171
146,172
146,173
146,174
146,175
146,176
146,177
146,180
146,182
146,185
146,189
146,190
146,194
146,195
147,148
147,149
147,151
147,152
147,153
147,154
147,156
147,157
147,159
147,161
147,162
147,163
147,164
147,165
147,166
147,168
147,170
147,171
147,172
147,173
147,174
147,175
147,176
147,177
147,178
147,180
147,181
147,182
147,183
147,185
147,190
147,191
148,149
148,150
148,151
148,152
148,153
148,154
148,155
148,156
148,157
148,158
148,159
148,160
148,161
148,163
148,164
148,165
148,166
148,168
148,170
148,171
148,172
148,173
148,174
148,175
148,176
148,177
148,178
148,179
148,182
148,183
148,185
148,189
148,190
148,191
148,192
148,195
149,150
149,151
149,152
149,153
149,154
149,155
149,156
149,157
149,158
149,160
149,161
149,162
149,165
149,168
149,169
149,170
149,171
149,172
149,173
149,174
149,175
149,178
150,152
150,153
150,154
150,155
150,156
150,158
150,161
150,164
150,165
150,168
150,169
150,170
150,171
150,172
150,173
150,174
150,175
150,177
150,178
150,179
150,180
150,181
150,182
150,183
150,186
150,189
150,191
150,192
150,194
150,195
150,198
150,199
152,154
152,155
152,159
152,164
152,166
152,176
152,177
152,185
152,190
153,155
153,156
153,157
153,158
153,160
153,162
153,163
153,164
153,165
153,166
153,168
153,169
153,170
153,172
153,173
153,174
153,175
153,177
153,179
153,180
153,182
153,183
154,155
154,156
154,157
154,158
154,160
154,162
154,163
154,164
154,165
154,166
154,167
154,168
154,169
154,170
154,171
154,172
154,173
154,174
154,175
154,177
154,178
154,179
154,180
155,156
155,157
155,158
155,160
155,161
155,162
155,163
155,164
155,165
155,167
155,168
155,170
155,171
155,172
155,173
155,175
155,177
155,178
155,179
155,180
155,181
155,182
155,183
155,184
155,186
155,187
155,189
155,192
156,159
156,160
156,161
156,162
156,163
156,164
156,165
156,166
156,167
156,168
157,158
157,159
158,159
158,160
158,161
158,162
158,164
158,165
159,160
159,161
159,162
159,163
159,164
159,166
159,167
159,168
159,169
159,170
159,171
159,172
159,173
159,174
159,176
159,177
159,185
159,190
160,161
160,162
160,163
160,164
160,165
160,166
160,167
160,168
160,169
160,170
160,171
160,173
160,174
160,175
160,177
160,179
160,180
160,182
160,183
160,184
160,186
160,187
160,189
160,192
160,193
160,194
160,198
160,199
161,162
161,163
161,164
161,165
161,166
161,167
161,168
161,169
161,170
161,171
161,172
163,164
163,167
163,168
163,169
164,165
164,166
164,168
164,169
164,170
164,171
164,172
164,173
164,174
164,176
164,177
164,178
164,179
164,180
164,182
164,183
164,185
164,187
164,188
164,190
164,191
164,194
164,198
165,167
165,168
165,169
165,170
165,172
165,173
165,174
165,176
165,178
166,167
166,168
166,169
166,170
166,171
166,172
166,173
166,174
166,176
166,177
166,179
166,180
166,181
166,182
166,183
166,184
166,185
166,186
166,187
166,188
166,189
166,190
166,191
166,192
166,194
166,195
166,199
168,170
168,171
168,172
168,173
168,174
168,177
168,178
168,179
168,180
168,181
168,182
168,183
168,184
168,185
168,186
168,187
168,189
168,191
168,194
168,195
168,198
168,199
169,170
169,171
170,171
170,172
170,174
170,175
170,176
170,177
170,178
170,179
170,180
170,181
170,182
170,183
170,184
170,185
170,186
170,189
170,190
170,191
170,192
170,193
170,194
170,198
170,199
171,172
171,173
171,174
172,173
172,174
172,175
172,176
173,175
173,176
173,178
173,179
173,180
173,181
173,182
173,183
173,184
173,186
173,188
173,189
173,190
173,191
173,192
173,195
173,198
173,199
174,175
174,177
174,178
174,180
174,181
174,182
174,184
174,185
174,187
174,188
174,189
174,190
174,191
174,192
174,193
174,194
174,195
174,197
174,198
174,199
175,176
175,177
175,178
175,179
175,180
175,181
175,183
175,184
175,185
175,186
175,187
175,188
175,189
175,190
175,191
176,177
176,185
176,190
177,178
177,179
177,180
177,182
177,183
177,184
177,185
177,186
177,187
177,188
177,189
177,190
177,191
177,192
177,193
177,194
177,195
178,179
178,180
179,180
179,181
179,182
179,183
179,184
179,185
179,186
179,187
179,188
179,189
180,181
180,182
180,183
180,184
180,185
180,186
180,187
180,189
180,190
180,191
180,192
180,193
180,194
180,196
180,197
180,198
181,182
182,183
182,184
182,185
182,186
182,187
182,188
182,189
182,190
182,191
182,192
182,193
183,184
184,186
184,187
185,186
185,187
185,188
185,189
185,190
185,191
185,192
185,193
185,194
185,195
185,196
185,197
185,199
186,187
186,188
186,189
186,190
186,191
186,192
186,193
186,194
186,195
186,196
186,197
186,198
187,188
187,189
187,190
187,191
187,192
187,193
187,194
187,195
187,197
187,199
188,189
188,190
188,191
188,192
188,193
188,194
188,195
188,196
188,198
188,199
189,190
189,191
189,192
189,193
189,194
189,195
189,196
189,198
189,199
190,191
190,192
190,193
190,194
190,195
190,196
190,197
190,198
190,199
191,192
191,193
191,194
191,195
191,196
191,197
191,198
191,199
192,193
192,194
192,195
192,196
192,197
192,198
192,199
193,194
193,195
193,196
193,197
193,198
193,199
194,195
194,196
195,196
195,197
195,198
195,199
196,197
196,198
196,199
197,198
197,199
198,199
