0,1
0,2
0,3
0,4
0,5
0,6
0,7
0,8
0,9
0,10
0,11
0,12
0,13
0,14
0,15
0,16
0,17
0,18
0,19
0,20
0,21
0,22
0,23
0,24
0,25
0,26
0,27
0,28
0,29
0,30
0,31
0,32
0,33
0,34
0,35
0,36
0,37
0,38
0,39
0,40
0,41
0,42
0,43
0,44
0,45
0,46
0,47
0,48
0,49
0,50
0,52
0,53
0,54
0,55
0,56
0,57
0,58
0,59
0,60
0,62
0,63
0,64
0,65
0,66
0,67
0,68
0,69
0,71
0,72
0,74
0,76
0,77
0,78
1,2
1,3
1,4
1,5
1,6
1,7
1,8
1,9
1,10
1,11
1,12
1,13
1,14
1,15
1,16
1,17
1,18
1,19
1,20
1,21
1,22
1,23
1,24
1,25
1,26
1,27
1,28
1,29
1,30
1,31
1,32
1,33
1,34
1,35
1,36
1,37
1,38
1,39
1,40
1,41
1,42
1,43
1,44
1,45
1,46
1,47
1,48
1,49
1,52
1,53
1,57
1,59
1,61
1,64
1,71
1,72
1,73
1,79
1,84
1,96
1,98
1,102
1,105
1,109
1,110
1,116
1,117
1,126
1,140
1,143
1,144
1,149
1,151
1,153
1,155
1,159
1,160
1,162
1,169
1,171
1,179
1,180
1,181
1,183
1,189
1,192
1,193
1,198
2,3
2,4
2,5
2,6
2,7
2,8
2,9
2,10
2,11
2,12
2,13
2,14
2,15
2,16
2,17
2,18
2,19
2,20
2,21
2,22
2,23
2,24
2,25
2,26
2,27
2,28
2,29
2,30
2,31
2,32
2,33
2,34
2,35
2,36
2,37
2,38
2,39
2,40
2,41
2,42
2,43
2,44
2,45
2,46
2,47
2,48
2,49
2,50
2,52
2,53
2,54
2,55
2,56
2,57
2,58
2,59
2,60
2,61
2,62
2,63
2,64
2,65
2,66
2,67
2,68
2,69
2,71
2,72
2,73
2,74
2,75
2,76
2,77
2,78
2,79
2,80
2,81
2,83
2,85
2,87
2,88
2,90
2,92
2,93
2,94
2,96
2,97
2,98
2,99
2,100
2,101
2,102
2,103
2,104
2,105
2,106
2,107
2,108
2,109
2,110
2,114
2,115
2,116
2,117
2,118
2,119
2,120
2,121
2,122
2,123
2,124
2,125
2,126
2,127
2,128
2,129
2,130
2,131
2,132
2,133
2,134
2,135
2,138
2,139
2,140
2,141
2,142
2,143
2,144
2,145
2,146
2,147
3,4
3,5
3,6
3,7
3,8
3,9
3,10
3,11
3,12
3,13
3,14
3,15
3,16
3,17
3,18
3,19
3,20
3,21
3,22
3,23
3,24
3,25
3,26
3,27
3,28
3,29
3,30
3,31
3,32
3,33
3,34
3,35
3,36
3,37
3,38
3,39
3,40
3,41
3,42
3,43
3,44
3,45
3,46
3,47
3,48
3,49
3,50
3,51
3,52
3,53
3,54
3,55
3,56
3,57
3,58
3,59
3,60
3,61
3,62
3,63
3,64
3,65
3,66
3,67
3,68
3,69
3,70
3,71
3,72
3,73
3,74
3,75
3,76
3,77
3,78
3,79
3,80
3,81
3,82
3,83
3,84
3,85
3,87
3,88
3,89
3,90
3,91
3,92
3,93
3,94
3,95
3,96
3,97
3,98
3,99
3,100
3,101
3,102
3,103
3,104
3,105
3,106
3,107
3,108
3,109
3,110
3,111
3,112
3,113
3,114
3,115
3,116
3,117
3,118
3,119
3,120
3,121
3,122
3,123
3,124
3,125
3,126
3,127
3,128
3,129
3,130
3,131
3,132
3,133
3,134
3,135
3,136
3,137
3,138
3,139
3,140
3,141
3,142
3,143
3,144
3,145
3,146
3,147
3,148
3,149
3,150
3,151
3,152
4,5
4,6
4,7
4,8
4,9
4,10
4,11
4,12
4,13
4,14
4,15
4,16
4,17
4,18
4,19
4,20
4,21
4,22
4,23
4,24
4,25
4,26
4,27
4,28
4,29
4,30
4,31
4,32
4,33
4,34
4,35
4,36
4,37
4,38
4,39
4,40
4,41
4,42
4,43
4,44
4,45
4,46
4,47
4,48
4,49
4,50
4,51
4,52
4,53
4,54
4,55
4,56
4,57
4,58
4,59
4,60
4,61
4,62
4,63
4,64
4,65
4,66
4,67
4,68
4,69
4,70
4,71
4,72
4,73
4,74
4,75
4,76
4,79
4,84
4,96
4,98
4,102
4,105
4,109
4,110
4,116
4,117
4,126
4,140
4,143
4,144
4,149
4,151
4,153
4,155
4,159
4,160
4,162
4,169
4,171
4,179
4,180
4,181
4,183
4,189
4,192
4,193
4,198
5,6
5,7
5,8
5,9
5,10
5,11
5,12
5,13
5,14
5,15
5,16
5,17
5,18
5,19
5,20
5,21
5,22
5,23
5,24
5,25
5,26
5,27
5,28
5,29
5,30
5,31
5,32
5,33
5,34
5,35
5,36
5,37
5,38
5,39
5,40
5,41
5,42
5,43
5,44
5,45
5,46
5,47
5,48
5,49
5,50
5,51
5,52
5,53
5,54
5,55
5,56
5,57
5,58
5,59
5,60
5,61
5,62
5,63
5,64
5,65
5,66
5,67
5,68
5,69
5,70
5,71
5,72
5,73
5,75
5,76
5,77
5,78
5,79
5,80
5,81
5,82
5,83
5,84
5,85
5,87
5,88
5,89
5,90
5,91
5,92
5,93
5,94
5,95
5,96
5,97
5,98
5,99
5,100
5,101
5,102
5,104
5,105
5,106
5,107
5,108
5,109
5,110
5,111
5,112
5,113
5,114
5,115
5,116
5,117
5,118
5,119
5,120
5,121
5,122
5,123
5,124
5,125
5,126
5,127
5,128
5,129
5,130
5,131
5,132
5,133
5,134
5,135
5,136
5,137
5,138
5,139
5,140
5,141
5,142
5,143
5,144
5,145
5,146
5,147
5,148
5,149
5,150
5,151
5,152
5,153
5,154
5,155
5,156
5,157
5,158
5,159
5,160
5,161
5,162
5,163
5,164
5,165
5,166
5,168
5,169
5,170
5,172
5,175
5,176
5,177
5,178
5,179
5,180
5,181
5,182
5,183
5,184
5,185
5,186
5,187
5,188
5,189
5,190
5,191
5,192
5,193
5,194
5,195
5,196
5,197
5,198
5,199
6,7
6,8
6,9
6,10
6,11
6,12
6,13
6,14
6,15
6,16
6,17
6,18
6,19
6,20
6,21
6,22
6,23
6,24
6,25
6,26
6,27
6,28
6,29
6,30
6,31
6,32
6,33
6,34
6,35
6,36
6,37
6,38
6,39
6,40
6,41
6,42
6,43
6,44
6,45
6,46
6,47
6,48
6,49
6,50
6,52
6,53
6,54
6,55
6,56
6,57
6,58
6,59
6,60
6,61
6,62
6,63
6,64
6,65
6,66
6,67
6,68
6,69
6,70
6,71
7,8
7,9
7,10
7,11
7,12
7,13
7,14
7,15
7,16
7,17
7,18
7,19
7,20
7,21
7,22
7,23
7,24
7,25
7,26
7,27
7,28
7,29
7,30
7,31
7,32
7,33
7,34
7,35
7,36
7,37
7,38
7,39
7,40
7,41
7,42
7,43
7,44
7,45
7,46
7,47
7,48
7,49
7,50
7,53
7,54
7,55
7,56
7,57
7,58
7,59
7,60
7,61
7,62
7,63
7,64
7,65
7,66
7,67
7,68
7,69
7,70
7,71
7,72
7,73
7,74
7,75
7,76
7,77
7,78
7,79
7,80
7,81
7,82
7,83
7,84
7,85
7,86
7,87
7,88
7,89
7,90
7,91
7,92
7,93
7,94
7,95
7,96
7,97
7,98
7,99
7,100
7,101
7,102
8,9
8,10
8,11
8,12
8,13
8,14
8,15
8,16
8,17
8,18
8,19
8,20
8,21
8,22
8,23
8,24
8,25
8,26
8,27
8,28
8,29
8,30
8,31
8,32
8,33
8,34
8,35
8,36
8,37
8,38
8,39
8,40
8,41
8,42
8,43
8,44
8,45
8,46
8,47
8,48
8,49
8,50
8,51
8,52
8,53
8,54
8,55
8,56
8,57
8,58
8,59
8,60
8,61
8,62
8,63
8,64
8,65
8,66
8,67
8,68
8,69
8,70
8,71
8,72
8,73
8,74
8,75
8,76
8,77
8,78
8,79
8,80
8,81
8,82
8,83
8,84
8,85
8,86
8,87
8,88
8,89
8,90
8,91
8,92
8,93
8,94
8,95
8,96
8,97
8,98
8,99
8,100
8,101
8,102
8,103
8,104
8,105
8,106
8,107
8,108
8,109
8,110
8,111
8,112
8,113
8,114
8,115
8,116
8,117
8,118
8,119
8,120
8,122
8,123
8,124
8,125
8,126
8,127
8,128
8,129
8,130
8,131
8,132
8,133
8,134
8,136
8,137
8,138
8,139
8,140
8,141
8,142
8,143
8,144
8,145
8,146
8,147
8,148
8,149
8,151
8,152
8,153
8,154
8,155
8,156
8,157
8,158
8,159
8,160
8,161
8,162
8,163
8,164
8,165
8,166
8,167
8,168
8,169
8,170
8,171
8,172
8,173
8,175
8,176
8,177
8,178
9,10
9,11
9,12
9,13
9,14
9,15
9,16
9,17
9,18
9,19
9,20
9,21
9,22
9,23
9,24
9,25
9,26
9,27
9,28
9,29
9,30
9,31
9,32
9,33
9,34
9,35
9,36
9,37
9,38
9,39
9,40
9,41
9,42
9,43
9,44
9,45
9,46
9,47
9,48
9,49
9,50
9,51
9,52
9,53
9,54
9,55
9,56
9,57
9,58
9,59
9,60
9,61
9,62
9,63
9,64
9,71
9,72
9,73
9,79
9,84
9,96
9,98
9,102
9,105
9,109
9,110
9,116
9,117
9,126
9,140
9,143
9,144
9,149
9,151
9,153
9,155
9,159
9,160
9,162
9,169
9,171
9,179
9,180
9,181
9,183
9,189
9,192
9,193
9,198
10,11
10,12
10,13
10,14
10,15
10,16
10,17
10,18
10,19
10,20
10,21
10,22
10,23
10,24
10,25
10,26
10,27
10,28
10,29
10,30
10,31
10,32
10,33
10,34
10,35
10,36
10,37
10,38
10,39
10,40
10,41
10,42
10,43
10,44
10,45
10,46
10,47
10,48
10,49
10,50
10,51
10,52
10,53
10,54
10,55
10,56
10,57
10,59
10,61
10,64
10,71
10,72
10,73
10,79
10,84
10,96
10,98
10,102
10,105
10,109
10,110
10,116
10,117
10,126
10,140
10,143
10,144
10,149
10,151
10,153
10,155
10,159
10,160
10,162
10,169
10,171
10,179
10,180
10,181
10,183
10,189
10,192
10,193
10,198
11,12
11,13
11,14
11,15
11,16
11,17
11,18
11,19
11,20
11,21
11,22
11,23
11,24
11,25
11,26
11,27
11,28
11,29
11,30
11,31
11,32
11,33
11,34
11,35
11,36
11,37
11,38
11,39
11,40
11,41
11,42
11,43
11,44
11,45
11,46
11,47
11,48
11,49
11,50
11,52
11,53
11,54
11,55
11,56
11,57
11,58
11,59
11,60
11,61
11,62
11,63
11,64
11,65
11,66
11,67
11,70
11,71
11,72
11,73
11,74
11,75
11,76
11,77
11,78
11,79
11,80
11,81
11,82
11,83
11,84
11,85
11,86
11,87
11,88
11,90
11,91
11,92
11,93
11,94
11,95
11,96
11,97
11,98
11,99
11,100
11,101
11,102
11,103
12,13
12,14
12,15
12,16
12,17
12,18
12,19
12,20
12,21
12,22
12,23
12,24
12,25
12,26
12,27
12,28
12,29
12,30
12,31
12,32
12,33
12,34
12,35
12,36
12,37
12,38
12,39
12,40
12,41
12,42
12,43
12,44
12,45
12,46
12,47
12,48
12,49
12,50
12,54
12,55
12,56
12,57
12,58
12,59
12,60
12,61
12,62
12,63
12,64
12,65
12,66
12,67
12,68
12,69
12,70
12,71
12,72
12,73
12,74
12,75
12,76
12,77
12,78
12,79
12,80
12,81
13,14
13,15
13,16
13,17
13,18
13,19
13,20
13,21
13,22
13,23
13,24
13,25
13,26
13,27
13,28
13,29
13,30
13,31
13,32
13,33
13,34
13,35
13,36
13,37
13,38
13,39
13,40
13,41
13,42
13,43
13,44
13,45
13,46
13,47
13,48
13,49
13,50
13,52
13,53
13,54
13,55
13,56
13,57
13,58
13,59
13,60
13,61
13,62
13,63
13,64
13,65
13,66
13,67
13,68
13,69
13,70
13,71
13,72
13,73
13,74
13,75
13,76
13,77
13,78
13,79
13,80
13,81
13,82
13,83
13,84
13,85
13,86
13,87
13,88
13,89
13,90
13,91
13,92
14,15
14,16
14,17
14,18
14,19
14,20
14,21
14,22
14,23
14,24
14,25
14,26
14,27
14,28
14,29
14,30
14,31
14,32
14,33
14,34
14,35
14,36
14,37
14,38
14,39
14,40
14,41
14,42
14,43
14,44
14,45
14,46
14,47
14,48
14,49
14,50
14,52
14,53
14,54
14,55
14,56
14,57
14,58
14,59
14,60
14,61
14,62
14,63
14,64
14,65
14,66
14,67
14,68
14,69
14,70
14,71
14,72
14,73
14,74
14,75
14,76
14,77
14,78
14,79
14,80
14,81
14,82
14,83
14,84
14,85
14,86
14,87
14,88
14,89
14,90
14,91
14,92
14,93
14,94
14,95
14,96
14,97
14,98
14,99
14,100
14,101
14,102
14,103
14,104
14,105
14,106
15,16
15,17
15,18
15,19
15,20
15,21
15,22
15,23
15,24
15,25
15,26
15,27
15,28
15,29
15,30
15,31
15,32
15,33
15,34
15,35
15,36
15,37
15,38
15,39
15,40
15,41
15,42
15,43
15,44
15,45
15,46
15,47
15,48
15,49
15,50
15,53
15,54
15,55
15,56
15,57
15,58
15,59
15,60
15,61
15,62
15,63
15,65
15,66
15,67
15,68
15,69
15,70
15,71
15,72
15,73
15,74
15,75
15,76
15,77
15,78
15,79
15,80
15,81
15,82
15,84
15,85
15,86
15,87
15,88
15,89
15,90
15,91
15,92
15,93
15,94
16,17
16,18
16,19
16,20
16,21
16,22
16,23
16,24
16,25
16,26
16,27
16,28
16,29
16,30
16,31
16,32
16,33
16,34
16,35
16,36
16,37
16,38
16,39
16,40
16,41
16,42
16,43
16,44
16,45
16,46
16,47
16,48
16,49
16,50
16,51
16,52
16,53
16,54
16,55
16,56
16,57
16,58
16,59
16,60
16,61
16,62
16,63
16,64
16,65
16,66
16,67
16,68
16,69
16,70
16,71
16,72
16,73
16,74
16,75
17,18
17,19
17,20
17,21
17,22
17,23
17,24
17,25
17,26
17,27
17,28
17,29
17,30
17,31
17,32
17,33
17,34
17,35
17,36
17,37
17,38
17,39
17,40
17,41
17,42
17,43
17,44
17,45
17,46
17,47
17,48
17,49
17,50
17,51
17,52
17,53
17,54
17,55
17,56
17,57
17,58
17,59
17,60
17,61
17,62
17,63
17,64
17,65
17,66
17,67
17,68
17,69
17,70
17,71
17,72
17,73
17,74
17,75
17,76
17,77
17,78
17,79
17,80
17,81
17,82
17,83
17,84
17,85
17,86
17,87
17,89
17,90
17,91
17,92
17,93
17,94
17,95
17,96
17,97
17,98
17,99
17,100
17,101
17,102
17,103
17,104
17,105
17,106
17,107
17,108
17,109
18,19
18,20
18,21
18,22
18,23
18,24
18,25
18,26
18,27
18,28
18,29
18,30
18,31
18,32
18,33
18,34
18,35
18,36
18,37
18,38
18,39
18,40
18,41
18,42
18,43
18,44
18,45
18,46
18,47
18,48
18,49
18,50
18,51
18,52
18,53
18,54
19,20
19,21
19,22
19,23
19,24
19,25
19,26
19,27
19,28
19,29
19,30
19,31
19,32
19,33
19,34
19,35
19,36
19,37
19,38
19,39
19,40
19,41
19,42
19,43
19,44
19,45
19,46
19,47
19,48
19,49
19,50
19,53
19,54
19,55
19,56
19,57
19,58
19,59
19,60
19,61
19,62
19,63
19,64
19,65
19,66
19,67
19,68
19,69
19,70
19,71
19,72
19,73
19,74
19,75
19,76
19,77
19,78
19,79
19,80
19,81
19,82
19,83
19,84
19,85
19,86
19,87
19,88
19,89
19,90
19,91
20,21
20,22
20,23
20,24
20,25
20,26
20,27
20,28
20,29
20,30
20,31
20,32
20,33
20,34
20,35
20,36
20,37
20,38
20,39
20,40
20,41
20,42
20,43
20,44
20,45
20,46
20,47
20,48
20,49
20,50
20,51
20,52
20,53
20,54
20,55
20,56
20,57
20,58
20,59
20,60
20,61
20,62
20,63
20,64
20,65
20,66
20,67
20,68
20,69
20,70
21,22
21,23
21,24
21,25
21,26
21,27
21,28
21,29
21,30
21,31
21,32
21,33
21,34
21,35
21,36
21,37
21,38
21,39
21,40
21,41
21,42
21,43
21,44
21,45
21,46
21,47
21,48
21,49
21,50
21,51
21,52
21,53
21,54
21,55
21,56
21,57
21,58
21,59
21,60
21,62
21,63
21,64
21,65
21,66
21,67
21,68
21,69
21,70
21,71
21,72
21,73
21,74
21,75
21,76
21,77
21,78
21,79
21,80
21,81
21,82
21,83
21,84
21,85
21,86
21,87
21,88
21,89
21,90
21,91
21,92
21,93
21,94
21,95
21,96
21,97
21,98
21,100
21,101
22,23
22,24
22,25
22,26
22,27
22,28
22,29
22,30
22,31
22,32
22,33
22,34
22,35
22,36
22,37
22,38
22,39
22,40
22,41
22,42
22,43
22,44
22,45
22,46
22,47
22,48
22,49
22,50
22,51
22,52
22,53
22,54
22,55
22,56
22,57
22,58
22,59
22,60
22,61
22,62
22,63
22,64
22,65
22,66
22,67
22,68
22,69
22,70
22,71
22,72
22,73
22,74
22,75
22,76
22,77
22,78
22,79
22,80
22,81
22,82
22,83
22,84
22,85
22,86
22,87
22,88
22,89
22,90
22,91
22,92
22,93
22,94
22,95
22,96
22,97
22,98
22,99
22,100
22,101
22,102
22,103
22,104
22,105
22,106
22,107
22,108
22,109
22,110
22,111
22,112
22,113
22,114
22,115
22,116
22,117
22,118
22,120
22,121
22,122
22,123
22,124
22,125
22,126
22,128
22,129
22,130
22,131
22,132
22,133
22,134
22,135
22,136
22,137
22,138
22,139
22,140
22,141
22,143
22,144
22,145
22,146
22,147
22,148
22,149
22,150
22,151
22,152
22,153
22,154
22,155
22,156
22,157
22,160
22,161
22,162
23,24
23,25
23,26
23,27
23,28
23,29
23,30
23,31
23,32
23,33
23,34
23,35
23,36
23,37
23,38
23,39
23,40
23,41
23,42
23,43
23,44
23,45
23,46
23,47
23,48
23,49
23,50
24,25
24,26
24,27
24,28
24,29
24,30
24,31
24,32
24,33
24,34
24,35
24,36
24,37
24,38
24,39
24,40
24,41
24,42
24,43
24,44
24,45
24,46
24,47
24,48
24,49
24,50
24,52
24,53
24,54
24,55
24,56
24,57
24,58
24,59
24,60
24,61
24,62
24,63
24,64
24,65
25,26
25,27
25,28
25,29
25,30
25,31
25,32
25,33
25,34
25,35
25,36
25,37
25,38
25,39
25,40
25,41
25,42
25,43
25,44
25,45
25,46
25,47
25,48
25,49
25,50
25,53
25,55
25,56
25,57
25,58
25,59
25,60
25,61
25,62
25,63
25,64
25,65
25,66
25,67
25,68
25,69
25,70
25,71
25,72
25,73
25,74
26,27
26,28
26,29
26,30
26,31
26,32
26,33
26,34
26,35
26,36
26,37
26,38
26,39
26,40
26,41
26,42
26,43
26,44
26,45
26,46
26,47
26,48
26,49
26,50
26,51
26,52
26,53
26,54
26,55
26,56
26,57
26,58
26,59
26,60
26,61
26,62
26,63
26,64
26,65
26,66
26,67
26,68
26,69
26,70
26,71
26,72
26,73
26,74
26,75
26,76
26,77
26,78
26,79
26,80
26,81
26,82
26,83
26,84
26,85
26,86
26,87
26,88
26,89
26,90
26,91
26,92
26,93
26,94
26,95
26,96
26,97
26,98
26,99
26,100
26,101
26,102
26,103
26,104
26,105
26,106
26,107
26,108
26,109
26,110
26,111
26,112
26,113
26,114
26,115
26,116
26,117
26,118
26,119
26,120
26,121
26,122
26,123
26,124
26,125
26,126
26,127
27,28
27,29
27,30
27,31
27,32
27,33
27,34
27,35
27,36
27,37
27,38
27,39
27,40
27,41
27,42
27,43
27,44
27,45
27,46
27,47
27,48
27,49
27,50
27,51
27,52
27,53
27,54
27,55
27,56
27,57
27,58
27,59
27,60
27,61
27,62
27,63
27,64
27,65
27,66
27,67
27,68
27,69
28,29
28,30
28,31
28,32
28,33
28,34
28,35
28,36
28,37
28,38
28,39
28,40
28,41
28,42
28,43
28,44
28,45
28,46
28,47
28,48
28,49
28,50
28,51
28,52
28,53
28,54
28,55
28,56
28,57
28,58
28,59
28,60
28,61
28,62
28,64
28,71
28,72
28,73
28,79
28,84
28,96
28,98
28,102
28,105
28,109
28,110
28,116
28,117
28,126
28,140
28,143
28,144
28,149
28,151
28,153
28,155
28,159
28,160
28,162
28,169
28,171
28,179
28,180
28,181
28,183
28,189
28,192
28,193
28,198
29,30
29,31
29,32
29,33
29,34
29,35
29,36
29,37
29,38
29,39
29,40
29,41
29,42
29,43
29,44
29,45
29,46
29,47
29,48
29,49
29,50
29,51
29,52
30,31
30,32
30,33
30,34
30,35
30,36
30,37
30,38
30,39
30,40
30,41
30,42
30,43
30,44
30,45
30,46
30,47
30,48
30,49
30,50
30,51
30,52
30,53
30,54
30,55
30,57
30,58
30,59
30,60
30,61
30,62
30,63
30,64
30,65
30,66
30,67
30,71
30,72
30,73
30,79
30,84
30,96
30,98
30,102
30,105
30,109
30,110
30,116
30,117
30,126
30,140
30,143
30,144
30,149
30,151
30,153
30,155
30,159
30,160
30,162
30,169
30,171
30,179
30,180
30,181
30,183
30,189
30,192
30,193
30,198
31,32
31,33
31,34
31,35
31,36
31,37
31,38
31,39
31,40
31,41
31,42
31,43
31,44
31,45
31,46
31,47
31,48
31,49
31,50
31,53
31,54
31,55
31,56
31,57
31,58
31,59
32,33
32,34
32,35
32,36
32,37
32,38
32,39
32,40
32,41
32,42
32,43
32,44
32,45
32,46
32,47
32,48
32,49
32,50
32,52
32,53
32,54
32,56
32,57
32,58
32,59
32,60
33,34
33,35
33,36
33,37
33,38
33,39
33,40
33,41
33,42
33,43
33,44
33,45
33,46
33,47
33,48
33,49
33,50
33,51
33,52
33,53
33,54
33,55
33,56
33,57
33,58
33,60
33,61
33,62
33,63
33,64
33,65
33,66
33,67
33,68
33,69
33,70
33,71
33,72
33,73
33,74
33,75
33,76
33,77
33,78
33,79
33,80
33,81
33,82
33,83
33,84
33,85
33,86
33,87
33,88
33,89
33,90
33,91
33,92
33,93
33,95
33,96
33,97
33,98
33,99
33,102
33,103
33,104
33,105
33,106
33,107
33,108
33,109
33,110
33,111
33,112
33,113
33,115
33,116
33,117
33,118
33,119
33,120
33,121
33,122
33,123
33,124
33,125
33,126
33,127
33,128
33,129
33,132
33,133
33,134
33,135
33,136
33,137
33,138
33,139
33,140
33,141
33,142
33,143
33,144
33,145
33,147
33,148
33,150
33,151
33,152
33,153
33,154
33,155
33,156
33,157
33,158
33,159
33,160
33,161
33,163
33,164
33,165
33,166
33,167
33,168
33,170
33,171
33,172
33,173
33,174
33,175
33,176
33,179
33,180
33,181
33,182
33,184
33,185
33,186
33,187
33,188
33,189
33,190
33,191
33,192
33,193
33,194
33,195
33,196
33,197
33,198
33,199
34,35
34,36
34,37
34,38
34,39
34,40
34,41
34,42
34,43
34,44
34,45
34,46
34,47
34,48
34,49
34,50
34,52
34,53
34,55
34,56
34,57
34,58
34,59
34,60
34,61
34,62
34,63
34,64
34,65
34,66
34,67
34,68
34,69
34,70
34,71
34,72
34,73
34,74
34,75
34,76
34,77
34,78
34,79
34,80
34,81
34,82
34,83
34,84
34,85
34,86
34,87
34,88
34,89
34,90
34,91
34,92
34,93
34,94
34,95
34,96
34,97
34,98
34,99
34,100
34,101
34,102
34,103
34,104
34,105
34,106
34,107
34,108
34,109
34,110
34,111
34,112
34,113
34,114
34,115
34,116
34,117
34,118
34,119
34,120
34,121
34,122
34,123
34,124
34,125
34,126
34,127
34,128
34,129
34,130
34,131
34,132
34,133
34,134
34,135
34,136
34,137
34,138
34,139
34,140
34,141
34,142
34,143
34,144
34,145
34,146
34,147
34,148
34,149
34,150
34,151
34,152
34,153
34,154
34,155
34,156
34,157
34,158
34,159
34,160
34,161
34,162
34,163
34,164
34,165
34,166
34,167
34,168
34,169
34,170
34,171
34,172
34,173
34,174
34,175
34,176
34,177
34,178
34,179
34,180
34,181
34,182
34,183
34,184
34,185
34,186
34,187
34,188
34,189
34,190
34,191
34,192
34,193
34,194
34,195
34,196
34,197
34,198
34,199
35,36
35,37
35,38
35,39
35,40
35,41
35,42
35,43
35,44
35,45
35,46
35,47
35,48
35,49
35,50
35,52
35,53
35,54
35,55
35,56
35,57
35,58
35,59
35,60
35,61
35,62
35,63
35,64
35,65
35,66
35,67
35,68
35,69
35,70
35,71
35,72
35,73
35,74
35,75
35,76
35,77
35,78
35,79
35,80
35,81
35,82
35,83
35,84
35,85
35,86
35,87
35,88
35,89
35,90
35,91
35,92
35,93
35,94
35,95
35,96
35,97
35,98
35,99
35,100
35,101
35,102
35,103
35,104
35,105
35,106
35,107
35,108
35,110
35,111
35,112
35,113
35,114
35,115
35,116
35,117
35,118
35,119
35,120
35,122
35,123
35,124
35,125
35,126
35,127
35,128
35,129
35,130
35,131
35,132
35,133
35,134
35,135
35,136
35,137
35,138
35,139
35,140
35,141
35,142
35,143
35,144
35,145
35,146
35,147
35,148
35,149
35,150
35,151
35,152
35,153
35,154
35,155
35,156
35,157
35,158
35,159
35,160
35,161
35,162
35,163
35,164
35,165
35,166
35,167
35,168
35,169
35,170
35,171
35,172
35,173
35,174
35,175
35,176
35,177
35,178
35,179
35,180
35,181
35,182
35,183
35,184
35,185
35,186
35,187
35,188
35,189
35,190
35,191
35,192
35,193
35,194
35,195
35,196
35,197
35,198
35,199
36,37
36,38
36,39
36,40
36,41
36,42
36,43
36,44
36,45
36,46
36,47
36,48
36,49
36,50
36,51
36,52
36,53
36,54
36,55
36,56
36,57
36,58
36,59
36,60
36,61
36,62
36,63
36,64
36,65
36,66
36,67
36,68
36,69
36,70
36,71
36,72
36,73
36,74
36,75
36,76
36,77
36,78
36,79
36,80
36,81
36,82
36,83
36,84
36,85
36,86
36,88
36,89
36,90
36,91
36,92
36,93
36,94
36,95
36,96
36,97
36,98
36,99
36,100
36,101
36,102
36,103
36,104
36,105
36,106
36,107
36,108
36,109
36,110
36,111
36,112
36,113
36,114
36,115
36,116
36,117
36,118
36,119
36,120
36,121
36,122
36,123
36,124
36,125
36,126
36,127
36,128
36,129
36,130
36,131
36,132
36,133
36,134
36,135
36,136
36,137
36,138
36,139
36,140
36,141
36,142
36,143
36,144
36,145
36,146
36,147
36,148
36,149
36,150
36,151
36,152
36,153
36,154
36,155
36,156
36,157
36,158
36,159
36,160
36,161
36,162
36,163
36,164
36,165
36,166
36,167
36,168
36,169
36,170
36,171
36,172
36,173
36,174
36,175
36,176
36,177
36,178
36,179
36,180
37,38
37,39
37,40
37,41
37,42
37,43
37,44
37,45
37,46
37,47
37,48
37,49
37,50
37,51
38,39
38,40
38,41
38,42
38,43
38,44
38,45
38,46
38,47
38,48
38,49
38,50
38,51
38,52
38,53
38,54
38,55
39,40
39,41
39,42
39,43
39,44
39,45
39,46
39,47
39,48
39,49
39,50
39,51
39,52
39,53
39,54
39,55
39,56
39,57
39,58
39,59
39,60
39,61
39,62
39,63
39,64
39,65
39,66
39,67
39,68
39,69
39,70
39,71
39,72
39,73
39,74
39,75
39,76
39,77
39,78
39,79
39,80
39,81
39,82
39,83
39,84
39,85
39,86
39,87
39,88
39,89
39,90
39,91
39,92
39,93
39,94
39,95
39,96
39,97
39,98
39,99
39,100
39,101
39,102
39,103
39,104
39,105
39,106
39,107
39,108
39,109
39,110
39,111
39,112
39,113
39,114
39,116
39,117
39,118
39,119
39,120
39,121
39,122
39,123
39,124
39,125
39,126
39,127
39,128
39,129
39,130
39,131
39,132
39,133
39,134
39,135
39,136
39,137
39,138
39,139
39,140
39,141
39,142
39,143
39,144
39,149
39,151
39,153
39,155
39,159
39,160
39,162
39,169
39,171
39,179
39,180
39,181
39,183
39,189
39,192
39,193
39,198
40,41
40,42
40,43
40,44
40,45
40,46
40,47
40,48
40,49
40,50
40,51
40,52
40,53
40,54
40,55
40,56
40,57
40,58
40,59
40,61
40,64
40,71
40,72
40,73
40,79
40,84
40,96
40,98
40,102
40,105
40,109
40,110
40,116
40,117
40,126
40,140
40,143
40,144
40,149
40,151
40,153
40,155
40,159
40,160
40,162
40,169
40,171
40,179
40,180
40,181
40,183
40,189
40,192
40,193
40,198
41,42
41,43
41,44
41,45
41,46
41,47
41,48
41,49
41,50
41,51
41,52
41,53
41,54
41,55
41,56
41,57
41,58
41,59
41,60
41,61
41,62
41,63
41,64
41,65
41,66
41,67
41,68
41,69
41,70
41,71
41,72
41,73
41,74
41,75
41,76
41,77
41,78
41,79
41,80
41,81
41,82
41,83
41,84
41,85
41,86
41,87
41,88
41,89
41,90
41,91
41,92
41,93
41,94
41,95
41,96
41,97
41,98
41,99
41,100
41,101
41,102
41,103
41,104
41,105
41,106
41,107
41,108
41,109
41,110
41,111
41,112
41,113
41,114
41,115
41,116
41,117
41,118
41,119
41,120
41,121
41,122
41,123
41,124
41,125
41,126
41,127
41,128
41,129
41,130
41,131
41,132
41,133
41,134
41,135
41,136
41,137
41,138
41,139
41,140
41,141
41,142
41,143
41,144
41,145
41,146
41,147
41,148
41,150
41,151
41,153
41,154
41,155
41,156
41,157
41,158
41,159
41,160
41,161
42,43
42,44
42,45
42,46
42,47
42,48
42,49
42,50
42,55
42,56
42,57
42,58
42,59
42,60
42,61
42,62
42,63
42,64
42,65
42,66
42,67
42,68
42,69
42,70
42,71
42,72
42,73
42,74
42,75
42,76
42,77
42,78
42,79
42,80
42,81
42,82
42,83
42,84
42,85
42,86
42,87
42,88
42,89
42,90
42,91
42,92
42,93
42,94
42,95
42,96
42,97
42,98
42,99
42,100
42,101
42,102
42,103
42,104
42,105
42,106
42,107
42,108
43,44
43,45
43,46
43,47
43,48
43,49
43,50
43,51
43,52
43,53
43,54
43,55
43,56
43,57
43,58
43,59
43,60
43,61
43,62
43,63
43,64
43,65
43,66
43,67
43,68
43,69
43,70
43,71
43,72
43,73
43,74
43,75
43,76
43,77
43,78
43,79
43,80
43,81
43,82
43,83
43,84
43,85
43,86
43,87
43,88
43,89
44,45
44,46
44,47
44,48
44,49
44,50
44,53
44,54
44,55
44,56
44,57
44,58
44,59
44,60
44,61
44,62
44,63
44,64
44,65
44,66
44,67
44,68
44,69
44,70
44,71
44,72
44,73
44,74
44,75
44,76
44,77
44,78
44,79
44,80
44,81
44,82
44,83
44,84
44,85
44,86
44,87
44,88
44,89
44,90
44,91
44,92
44,93
44,94
44,95
44,96
44,97
44,98
44,99
44,100
44,101
44,102
44,103
44,104
44,105
44,106
44,107
44,108
44,109
44,110
44,111
44,112
44,113
44,115
44,116
44,117
44,118
44,119
45,46
45,47
45,48
45,49
45,50
45,51
45,52
45,53
45,54
45,55
45,56
45,57
45,59
45,61
45,64
45,71
45,72
45,73
45,79
45,84
45,96
45,98
45,102
45,105
45,109
45,110
45,116
45,117
45,126
45,140
45,143
45,144
45,149
45,151
45,153
45,155
45,159
45,160
45,162
45,169
45,171
45,179
45,180
45,181
45,183
45,189
45,192
45,193
45,198
46,47
46,48
46,49
46,50
46,51
46,52
46,53
46,54
46,55
46,56
46,57
46,58
46,59
46,60
46,61
46,62
46,63
46,64
47,48
47,49
47,50
47,53
47,54
47,55
47,56
47,57
47,58
47,59
47,60
47,61
47,62
47,63
47,64
47,65
47,66
47,67
47,68
47,69
47,70
47,71
47,72
47,73
47,74
47,75
47,76
47,77
47,78
47,79
47,80
47,81
47,82
48,49
48,50
48,51
48,52
48,53
48,54
48,55
48,56
48,57
48,58
48,59
48,60
48,61
48,62
48,63
48,64
48,65
48,66
48,67
48,68
48,69
48,70
48,71
48,72
48,73
48,74
48,75
48,76
48,77
48,79
48,84
48,96
48,98
48,102
48,105
48,109
48,110
48,116
48,117
48,126
48,140
48,143
48,144
48,149
48,151
48,153
48,155
48,159
48,160
48,162
48,169
48,171
48,179
48,180
48,181
48,183
48,189
48,192
48,193
48,198
49,50
49,51
49,52
49,53
49,54
49,55
49,56
49,57
49,58
49,59
49,60
49,61
49,62
49,63
49,64
49,65
49,66
49,67
49,68
49,69
49,70
49,71
49,72
49,73
49,74
49,75
49,76
49,77
49,78
49,79
49,80
49,81
49,82
49,83
49,84
49,85
49,87
49,88
49,89
49,91
49,92
49,93
49,94
49,95
49,96
49,97
49,98
49,99
49,100
49,101
49,102
49,103
49,104
49,105
49,106
49,107
49,108
49,109
49,110
49,111
49,112
49,113
49,114
49,115
49,116
49,117
49,118
49,119
49,120
49,121
49,122
49,124
50,52
50,53
50,54
50,55
50,56
50,57
50,58
50,59
50,60
50,61
50,62
50,63
50,64
50,65
50,66
50,67
50,68
50,69
50,70
50,71
50,72
50,73
50,74
50,75
50,76
50,77
50,78
50,79
50,80
51,52
51,53
52,53
52,54
52,55
52,56
52,57
52,58
52,59
52,60
52,61
52,62
52,63
52,64
52,65
52,66
52,67
52,68
52,69
52,70
52,71
52,72
52,73
52,74
52,75
52,76
52,77
52,79
52,80
52,81
52,82
52,83
52,84
52,96
52,98
52,102
52,105
52,109
52,110
52,116
52,117
52,126
52,140
52,143
52,144
52,149
52,151
52,153
52,155
52,159
52,160
52,162
52,169
52,171
52,179
52,180
52,181
52,183
52,189
52,192
52,193
52,198
53,54
53,55
53,56
53,57
53,58
53,59
53,60
53,61
53,62
53,63
53,64
53,65
53,66
53,67
53,68
53,69
53,70
53,71
53,72
53,73
53,74
53,75
53,76
53,77
53,78
53,79
53,80
53,81
53,82
53,83
53,84
53,85
53,86
53,87
53,88
53,89
53,90
53,91
53,92
53,93
53,94
53,95
53,96
53,97
53,98
53,99
53,100
53,101
53,102
53,103
53,104
53,105
53,106
53,107
53,108
53,109
53,110
53,111
53,112
53,113
53,114
53,115
53,116
53,117
53,118
53,119
53,120
53,121
53,122
53,123
53,124
53,125
53,126
53,127
53,128
53,129
53,130
53,131
53,132
53,133
53,134
53,135
53,136
53,137
53,138
53,139
53,140
53,141
53,142
53,143
53,144
53,145
53,146
53,147
53,148
53,149
53,150
53,151
53,152
53,153
53,154
53,155
53,156
53,157
53,158
53,159
53,160
53,161
53,162
53,163
53,164
53,165
53,166
53,167
53,168
53,169
53,170
53,171
53,172
53,173
53,174
53,176
53,177
53,178
53,179
53,180
53,181
53,182
53,183
53,185
53,186
53,189
53,192
53,193
53,198
54,55
54,56
54,57
54,58
54,59
54,60
54,61
54,62
54,63
54,64
54,65
54,66
54,67
54,68
54,69
54,70
54,71
54,72
54,73
54,74
54,75
54,76
54,77
54,78
54,79
54,80
54,81
54,82
54,83
54,84
54,85
54,86
54,87
54,88
54,89
54,90
54,91
54,92
54,93
54,94
54,95
54,96
54,97
54,98
54,99
54,100
54,101
54,102
54,103
54,104
54,105
54,106
54,107
54,108
54,109
54,110
54,111
54,112
54,113
54,114
54,115
54,116
54,117
54,118
54,119
54,120
54,121
54,122
54,123
54,124
54,125
54,126
54,127
54,128
54,129
54,130
54,131
54,132
54,133
54,134
54,135
54,136
54,137
54,138
54,139
54,140
54,141
54,142
54,143
54,144
54,145
54,146
54,147
54,149
54,150
54,151
54,152
54,153
54,154
54,155
54,156
54,157
54,158
54,159
54,160
54,161
54,162
54,163
54,164
54,165
54,166
54,167
54,168
54,169
54,170
55,56
55,57
55,58
55,59
55,60
55,61
55,62
55,63
55,64
55,65
55,66
55,67
55,68
55,69
55,70
55,71
55,72
55,73
55,74
55,75
55,76
55,77
55,78
55,79
55,80
55,81
55,82
55,83
55,84
55,85
55,86
55,87
55,88
55,89
55,90
55,91
55,92
55,93
55,94
55,95
55,96
55,97
55,98
55,99
55,100
55,101
55,102
55,103
55,104
55,105
55,106
55,107
55,108
55,109
55,110
55,111
55,112
55,113
55,114
55,115
55,116
55,117
55,118
55,119
55,120
55,121
55,122
55,123
55,124
55,125
55,126
55,127
55,128
55,129
55,130
55,131
55,132
55,133
56,57
56,58
56,59
56,60
56,61
56,62
56,63
56,64
56,65
56,66
56,67
56,68
56,69
56,70
56,71
56,72
56,73
56,74
56,75
56,76
56,77
56,78
56,79
56,80
56,81
56,82
56,83
56,84
56,85
56,86
56,87
56,88
56,89
56,90
56,91
56,92
56,93
56,94
56,95
56,96
56,97
56,98
56,99
56,100
57,58
57,59
57,60
57,61
57,64
57,71
57,72
57,73
57,79
57,84
57,96
57,98
57,102
57,105
57,109
57,110
57,116
57,117
57,126
57,140
57,143
57,144
57,149
57,151
57,153
57,155
57,159
57,160
57,162
57,169
57,171
57,179
57,180
57,181
57,183
57,189
57,192
57,193
57,198
58,59
58,60
58,61
58,62
58,63
58,64
58,65
58,66
58,67
58,68
58,69
58,70
58,71
58,72
58,73
58,74
58,75
58,76
58,77
58,78
58,79
58,80
58,81
58,82
58,83
58,84
58,85
58,86
58,87
58,88
58,89
58,90
58,91
58,92
58,93
58,94
58,95
58,96
58,97
58,98
58,99
58,100
58,101
58,102
58,103
58,104
58,105
58,106
58,107
58,108
58,109
58,110
58,111
58,112
58,113
58,114
58,115
58,116
58,117
58,118
58,119
58,120
59,60
59,61
59,62
59,63
59,64
59,65
59,66
59,67
59,68
59,69
59,70
59,71
59,72
59,73
59,74
59,75
59,76
59,77
59,78
59,79
59,80
59,81
59,82
59,83
59,84
59,85
59,86
59,87
59,88
59,89
59,90
59,91
59,92
59,93
59,94
59,96
59,97
59,98
59,99
59,100
59,101
59,102
59,103
59,104
59,105
59,106
59,107
59,108
59,109
59,110
59,111
59,112
59,113
59,114
59,115
59,116
59,117
59,118
59,119
59,120
59,121
59,122
59,123
59,124
59,125
59,126
59,127
59,128
59,129
59,130
59,131
59,132
59,133
59,134
59,135
59,136
59,137
59,138
59,139
59,140
59,142
59,143
59,144
59,149
59,151
59,153
59,155
59,159
59,160
59,162
59,169
59,171
59,179
59,180
59,181
59,183
59,189
59,192
59,193
59,198
60,61
60,62
60,63
60,64
60,65
60,66
60,67
60,68
60,69
60,70
60,71
60,72
60,73
60,74
60,75
60,76
60,77
60,78
60,79
60,80
60,81
60,82
60,83
60,84
60,85
60,86
60,87
60,88
60,89
60,90
60,91
60,92
60,93
60,94
60,95
60,96
60,97
60,98
60,99
60,100
60,101
60,102
60,103
60,104
60,105
60,106
60,107
60,108
60,109
60,110
60,111
60,112
60,113
60,114
60,115
60,116
60,117
60,118
60,119
60,120
60,121
60,122
60,123
60,124
60,125
60,126
60,127
60,128
60,129
60,130
60,131
60,132
60,133
60,134
60,135
60,136
60,137
60,138
61,62
61,63
61,64
61,65
61,66
61,67
61,68
61,69
61,70
61,71
61,72
61,73
61,74
61,75
61,76
61,77
61,78
61,79
61,80
61,81
61,82
61,83
61,84
61,85
61,86
61,87
61,88
61,89
61,90
61,91
61,92
61,93
61,94
61,95
61,96
61,97
61,98
61,99
61,100
61,101
61,102
61,103
61,104
61,105
61,106
61,107
61,108
61,109
61,110
61,111
61,116
61,117
61,126
61,140
61,143
61,144
61,149
61,151
61,153
61,155
61,159
61,160
61,162
61,169
61,171
61,179
61,180
61,181
61,183
61,189
61,192
61,193
61,198
62,63
62,64
62,65
62,66
62,67
62,68
62,69
62,70
62,71
62,72
62,73
62,74
62,75
62,76
62,77
62,78
62,79
62,80
62,81
62,82
62,83
62,84
62,85
62,86
62,87
62,88
62,89
62,90
62,91
62,92
62,93
62,94
62,95
62,96
62,97
62,98
62,99
62,100
62,101
62,102
62,103
62,104
62,105
62,106
62,107
62,108
62,109
62,110
62,111
62,112
62,113
62,114
62,115
62,116
62,117
62,118
62,119
62,120
62,121
62,122
62,123
62,124
62,125
62,126
62,127
62,128
62,129
62,130
62,131
62,132
62,133
62,134
62,135
62,136
62,137
62,138
62,139
62,140
62,141
62,142
62,143
62,144
62,145
62,146
62,147
62,148
62,149
62,150
62,151
62,152
62,153
62,155
63,64
63,65
63,66
63,67
63,68
63,69
63,70
63,71
63,72
63,73
63,74
63,75
63,76
63,77
63,78
63,79
63,80
63,81
63,82
63,83
63,84
63,85
63,86
63,87
63,88
63,89
63,90
63,91
63,92
63,93
63,94
63,95
63,96
63,97
63,98
63,99
63,100
63,101
63,102
63,103
63,104
63,105
63,106
63,107
63,108
63,109
63,110
63,111
63,112
63,113
63,114
63,115
63,116
63,117
63,118
63,119
63,120
63,121
63,122
63,123
63,124
63,125
63,126
63,127
63,128
63,129
63,130
63,131
63,132
63,133
63,134
63,135
63,136
63,137
63,138
63,139
63,140
63,141
63,142
63,143
63,144
63,145
63,146
63,147
64,65
64,66
64,67
64,68
64,69
64,70
64,71
64,72
64,73
64,74
64,75
64,76
64,77
64,78
64,79
64,80
64,81
64,82
64,83
64,84
64,85
64,86
64,87
64,88
64,89
64,90
64,91
64,92
64,93
64,94
64,95
64,96
64,97
64,98
64,99
64,100
64,101
64,102
64,103
64,104
64,105
64,106
64,107
64,108
64,109
64,110
64,111
64,112
64,113
64,114
64,115
64,116
64,117
64,118
64,126
64,140
64,143
64,144
64,149
64,151
64,153
64,155
64,159
64,160
64,162
64,169
64,171
64,179
64,180
64,181
64,183
64,189
64,192
64,193
64,198
65,66
66,67
66,68
67,68
67,69
67,70
67,71
67,72
67,73
67,74
67,75
67,76
67,77
67,78
67,79
67,80
67,81
67,82
67,83
67,84
67,85
68,69
68,70
68,71
68,72
68,73
68,74
68,76
68,77
68,78
68,79
68,80
68,81
68,82
68,83
68,84
68,85
68,86
68,87
68,88
68,89
68,90
68,91
68,92
68,93
68,94
68,95
68,96
68,97
68,98
68,99
68,100
68,101
68,102
68,103
68,104
68,105
68,106
68,107
68,108
68,109
68,110
68,111
68,112
68,113
68,114
68,115
68,116
68,117
68,118
68,119
68,120
68,121
68,122
68,123
68,124
68,125
68,126
68,127
68,128
68,129
68,130
69,70
69,71
69,72
69,73
69,74
69,75
69,76
69,77
69,78
69,79
69,81
69,82
69,83
69,84
69,85
69,86
69,87
69,88
69,89
69,90
69,91
69,92
69,93
69,94
69,95
69,96
69,97
69,98
69,99
69,100
69,101
69,102
69,103
69,104
69,105
69,106
69,107
69,108
69,109
69,110
69,111
69,112
69,113
69,114
69,115
69,116
69,117
69,118
69,119
69,120
69,121
69,122
69,123
69,124
69,125
69,126
69,127
69,128
69,129
69,130
69,131
69,132
69,133
69,134
69,135
69,136
69,137
69,138
69,139
69,140
70,71
70,72
70,73
71,72
71,73
71,79
71,84
71,96
71,98
71,102
71,105
71,109
71,110
71,116
71,117
71,126
71,140
71,143
71,144
71,149
71,151
71,153
71,155
71,159
71,160
71,162
71,169
71,171
71,179
71,180
71,181
71,183
71,189
71,192
71,193
71,198
72,73
72,74
72,75
72,76
72,77
72,78
72,79
72,80
72,81
72,82
72,83
72,84
72,85
72,86
72,87
72,88
72,89
72,90
72,91
72,92
72,93
72,94
72,95
72,96
72,97
72,98
72,99
72,100
72,101
72,102
72,103
72,104
72,105
72,106
72,107
72,108
72,109
72,110
72,111
72,112
72,114
72,115
72,116
72,117
72,118
72,119
72,120
72,122
72,123
72,124
72,125
72,126
72,127
72,128
72,129
72,130
72,131
72,132
72,133
72,134
72,135
72,136
72,137
72,138
72,139
72,140
72,141
72,142
72,143
72,144
72,145
72,146
72,147
72,148
72,149
72,150
72,151
72,152
72,153
72,154
72,155
72,159
72,160
72,162
72,169
72,171
72,179
72,180
72,181
72,183
72,189
72,192
72,193
72,198
73,74
73,75
73,76
73,77
73,78
73,79
73,80
73,81
73,82
73,83
73,84
73,85
73,86
73,87
73,88
73,89
73,90
73,91
73,92
73,93
73,94
73,95
73,96
73,97
73,98
73,99
73,100
73,101
73,102
73,103
73,104
73,105
73,106
73,107
73,108
73,109
73,110
73,111
73,112
73,113
73,114
73,115
73,116
73,117
73,118
73,119
73,120
73,121
73,122
73,123
73,124
73,125
73,126
73,127
73,128
73,129
73,130
73,131
73,132
73,133
73,134
73,135
73,136
73,137
73,138
73,139
73,140
73,141
73,142
73,143
73,144
73,145
73,146
73,147
73,148
73,149
73,150
73,151
73,152
73,153
73,154
73,155
73,156
73,159
73,160
73,162
73,169
73,171
73,179
73,180
73,181
73,183
73,189
73,192
73,193
73,198
74,75
74,76
74,77
74,78
74,79
74,80
74,81
74,82
74,83
74,84
75,76
75,77
75,78
75,79
75,80
75,81
75,82
75,83
75,84
75,85
75,86
75,87
75,88
75,89
75,90
75,91
75,92
75,93
76,77
76,78
76,79
76,80
76,81
76,82
76,83
76,84
76,85
76,86
76,87
76,88
76,89
76,90
76,91
76,92
76,93
76,94
76,95
76,96
76,97
76,98
76,99
76,100
76,101
76,102
76,103
76,104
76,105
76,106
76,107
76,108
76,109
76,110
76,111
76,112
76,113
76,114
76,115
76,116
76,117
76,118
76,119
76,120
76,121
76,122
76,123
76,124
76,125
76,126
76,127
76,128
76,129
76,130
76,131
76,132
76,133
76,134
76,135
76,136
76,137
76,138
76,139
76,141
76,142
76,143
76,144
76,145
76,146
76,147
76,148
76,149
76,150
76,151
76,152
76,153
76,154
76,155
76,156
76,158
76,160
76,161
76,162
76,163
76,164
76,165
76,166
76,167
76,168
76,169
76,170
76,172
76,173
76,174
76,175
76,176
76,177
76,178
76,179
76,180
76,181
76,182
76,183
76,184
76,185
76,186
76,187
76,188
76,189
76,190
76,191
76,192
76,193
76,194
76,195
76,196
76,197
76,198
76,199
77,78
78,79
78,80
78,81
78,82
78,83
78,84
78,85
78,86
78,87
78,88
78,89
78,90
78,91
78,92
78,93
78,94
78,95
78,96
78,97
78,98
78,99
78,100
78,101
78,102
78,103
78,104
78,105
78,106
78,107
78,108
78,109
78,110
78,111
78,112
78,113
78,114
78,115
78,116
78,117
78,118
78,119
78,120
78,121
78,122
78,123
78,124
78,125
78,126
78,127
78,128
78,129
78,130
78,131
78,132
78,133
78,134
78,135
78,136
78,137
78,138
78,139
78,141
78,142
78,143
78,144
78,145
78,146
78,147
78,148
78,149
78,150
78,151
78,152
78,153
78,154
78,155
78,156
78,157
78,158
78,159
78,160
78,161
78,162
78,163
78,164
78,165
78,166
78,167
78,168
78,169
78,170
78,171
79,80
79,81
79,82
79,83
79,84
79,85
79,86
79,87
79,88
79,96
79,98
79,102
79,105
79,109
79,110
79,116
79,117
79,126
79,140
79,143
79,144
79,149
79,151
79,153
79,155
79,159
79,160
79,162
79,169
79,171
79,179
79,180
79,181
79,183
79,189
79,192
79,193
79,198
80,81
80,82
80,83
80,84
80,85
80,86
80,87
81,82
81,83
81,84
81,85
81,86
81,87
81,88
81,89
81,90
81,91
81,92
81,93
81,94
81,95
81,96
82,83
82,84
82,85
82,86
82,87
82,88
82,89
82,90
82,91
82,92
82,93
82,94
82,95
82,96
82,97
82,98
82,99
82,100
82,101
82,102
82,104
82,105
82,106
82,107
82,108
82,109
82,110
82,111
82,112
82,113
82,114
82,115
82,116
82,117
82,118
82,119
82,120
82,121
82,122
82,123
82,124
82,125
82,126
82,127
82,128
82,129
82,130
82,131
82,132
82,133
82,134
82,135
82,136
82,137
82,138
82,139
82,140
82,141
82,142
82,143
82,144
82,145
82,146
82,147
82,148
82,149
82,150
82,151
82,152
82,153
82,155
82,156
82,157
82,158
82,159
82,160
82,162
82,163
82,164
82,165
82,166
82,167
82,168
82,169
82,170
82,171
82,172
82,173
82,174
82,175
82,176
82,177
82,178
82,179
83,84
83,85
83,86
83,87
83,88
83,89
83,90
83,91
83,92
83,93
83,94
83,95
83,96
83,97
83,98
83,99
83,100
83,101
83,102
83,103
83,104
83,105
83,106
83,107
83,108
83,109
83,110
83,111
83,112
83,113
83,114
83,115
83,116
84,85
84,86
84,87
84,88
84,89
84,90
84,91
84,92
84,93
84,94
84,95
84,96
84,97
84,98
84,99
84,100
84,101
84,102
84,103
84,104
84,105
84,106
84,107
84,108
84,109
84,110
84,111
84,112
84,113
84,114
84,115
84,116
84,117
84,126
84,140
84,143
84,144
84,149
84,151
84,153
84,155
84,159
84,160
84,162
84,169
84,171
84,179
84,180
84,181
84,183
84,189
84,192
84,193
84,198
85,86
86,87
86,88
86,89
86,90
86,91
86,92
86,93
86,94
86,95
86,96
86,97
86,98
86,99
86,100
86,101
86,102
86,103
86,104
87,88
87,89
87,90
87,91
87,92
87,94
87,95
87,96
87,97
88,89
88,90
89,90
89,91
89,92
89,93
89,94
89,95
89,96
89,97
89,98
89,99
89,100
89,101
89,102
89,103
89,104
89,105
89,106
89,107
89,108
89,109
89,110
89,111
89,112
89,113
90,91
90,92
90,93
90,94
90,95
90,96
90,97
90,98
90,99
90,100
90,101
90,102
90,103
90,104
90,105
90,106
90,107
90,108
90,109
90,110
90,111
90,112
90,113
90,114
90,115
90,116
90,117
90,118
90,119
90,120
90,121
90,122
90,123
90,124
90,125
90,126
90,127
90,128
90,129
90,130
90,131
90,132
90,133
90,134
90,135
90,136
90,137
90,138
90,139
90,140
90,143
90,144
90,145
90,146
90,147
90,148
90,149
90,150
90,151
90,152
90,153
90,154
90,155
90,156
90,157
90,158
90,159
90,160
90,161
90,162
90,163
90,164
90,165
90,166
90,167
90,168
90,170
90,171
90,172
90,173
90,174
90,175
90,176
90,177
90,178
90,179
90,180
90,181
90,182
90,183
90,184
90,185
90,186
90,187
90,188
90,189
90,190
90,191
90,192
90,193
90,194
90,195
90,196
90,197
90,198
90,199
91,92
91,93
91,94
91,95
91,96
91,97
91,98
91,99
91,100
91,101
91,102
91,103
91,104
91,105
91,106
91,107
91,108
91,109
91,110
91,111
91,112
91,113
91,114
91,115
91,116
91,117
91,118
91,119
91,120
91,121
91,122
91,123
91,124
91,125
91,126
91,127
91,128
91,129
91,130
91,131
91,132
91,133
91,134
92,93
92,94
92,95
92,96
92,97
92,98
92,99
92,100
92,101
92,102
92,103
92,104
92,105
92,106
92,107
92,108
92,109
92,110
92,111
92,112
92,113
92,114
92,116
92,117
92,118
92,119
92,120
92,121
92,122
92,123
92,124
92,125
92,126
92,127
92,129
92,130
92,131
92,132
92,133
92,134
92,135
92,136
92,137
92,138
92,139
92,140
92,141
92,142
92,143
92,144
92,145
92,146
92,147
92,148
92,149
92,150
92,151
92,152
92,153
92,154
92,155
92,156
92,157
92,158
92,159
92,160
92,161
92,162
92,163
92,164
92,165
92,166
92,167
92,168
92,169
93,94
93,95
93,96
93,97
93,98
93,99
93,100
93,101
93,102
93,103
93,104
93,105
94,95
94,96
94,97
94,98
94,99
94,100
94,101
94,102
94,103
94,104
94,105
94,106
94,107
94,108
94,109
94,110
96,97
96,98
96,99
96,100
96,101
96,102
96,103
96,104
96,105
96,106
96,107
96,108
96,109
96,110
96,111
96,112
96,113
96,114
96,115
96,116
96,117
96,118
96,119
96,120
96,121
96,123
96,124
96,125
96,126
96,127
96,128
96,129
96,130
96,131
96,132
96,133
96,134
96,135
96,136
96,137
96,138
96,139
96,140
96,141
96,142
96,143
96,144
96,145
96,147
96,148
96,149
96,150
96,151
96,152
96,153
96,154
96,155
96,156
96,157
96,159
96,160
96,161
96,162
96,163
96,164
96,165
96,166
96,167
96,168
96,169
96,171
96,172
96,173
96,174
96,175
96,176
96,177
96,178
96,179
96,180
96,181
96,182
96,183
96,184
96,185
96,186
96,187
96,188
96,189
96,190
96,191
96,192
96,193
96,194
96,195
96,196
96,197
96,198
96,199
97,98
97,99
97,100
97,101
97,102
97,103
97,104
97,105
97,106
97,107
97,108
97,110
97,111
97,112
97,113
97,114
97,115
97,116
97,117
97,118
97,119
97,120
97,121
97,122
97,123
97,124
97,125
98,102
98,105
98,109
98,110
98,116
98,117
98,126
98,140
98,143
98,144
98,149
98,151
98,153
98,155
98,159
98,160
98,162
98,169
98,171
98,179
98,180
98,181
98,183
98,189
98,192
98,193
98,198
100,101
100,102
100,103
100,104
100,105
100,106
100,107
100,108
100,109
100,110
100,111
100,112
100,113
100,114
100,115
100,116
100,117
100,118
100,119
100,120
100,121
100,122
100,123
100,124
100,125
100,126
100,127
100,128
100,129
100,130
100,131
100,132
100,133
100,134
100,135
100,136
100,137
100,138
100,139
100,140
100,141
100,142
100,143
100,144
100,145
100,146
100,147
100,148
100,149
100,150
100,151
100,152
100,153
100,154
100,155
100,156
100,157
100,159
100,160
100,161
100,162
100,163
100,164
100,165
100,166
100,167
100,168
100,169
100,170
100,171
100,172
100,173
100,174
100,175
100,176
100,177
100,178
100,179
100,180
100,181
100,182
100,183
100,184
100,185
100,186
100,187
100,188
100,189
100,190
100,191
100,192
100,193
101,102
101,103
101,104
101,105
101,106
101,107
101,108
101,109
101,110
101,111
101,112
101,113
101,114
101,115
101,116
101,117
101,118
101,119
101,120
101,121
101,122
101,123
101,124
101,125
101,126
101,127
101,128
101,129
101,130
101,131
101,132
101,133
101,134
101,135
101,136
101,137
101,138
101,139
101,140
101,141
101,142
101,143
101,144
101,145
101,146
101,147
101,148
101,149
101,150
101,151
101,152
101,153
101,154
101,155
101,156
101,157
101,158
101,159
101,160
101,161
101,162
101,163
101,164
101,165
101,166
101,167
101,168
101,169
101,170
101,171
101,172
101,173
101,174
101,175
101,176
101,177
101,178
101,179
101,180
101,181
101,182
101,183
101,184
101,185
101,186
101,187
101,188
101,189
101,190
101,191
101,192
101,193
101,194
101,195
101,196
101,197
101,198
101,199
102,103
102,104
102,105
102,106
102,107
102,109
102,110
102,116
102,117
102,126
102,140
102,143
102,144
102,149
102,151
102,153
102,155
102,159
102,160
102,162
102,169
102,171
102,179
102,180
102,181
102,183
102,189
102,192
102,193
102,198
103,104
103,105
103,106
103,107
103,108
103,109
103,110
103,111
103,112
103,113
103,114
103,115
103,116
103,117
103,118
103,119
103,120
103,121
103,122
103,123
103,124
103,125
103,126
103,127
103,128
103,129
103,130
103,131
103,132
103,133
103,134
103,135
103,136
103,137
103,138
103,139
103,141
103,142
103,143
103,144
103,145
103,146
103,147
103,148
103,149
103,150
103,151
103,152
103,153
103,154
103,155
103,156
103,157
104,105
104,106
104,107
104,108
104,109
104,110
104,111
104,112
104,113
104,114
104,115
104,116
104,117
104,118
104,119
104,120
104,121
104,122
104,123
104,124
104,125
104,126
104,127
104,128
104,129
105,106
105,107
105,108
105,109
105,110
105,111
105,112
105,113
105,114
105,115
105,116
105,117
105,118
105,119
105,120
105,121
105,122
105,123
105,124
105,125
105,126
105,127
105,128
105,129
105,130
105,131
105,132
105,133
105,134
105,135
105,136
105,137
105,138
105,139
105,140
105,141
105,142
105,143
105,144
105,145
105,146
105,147
105,148
105,149
105,150
105,151
105,152
105,153
105,154
105,155
105,156
105,157
105,158
105,159
105,160
105,161
105,162
105,163
105,169
105,171
105,179
105,180
105,181
105,183
105,189
105,192
105,193
105,198
106,107
106,108
106,109
106,110
106,111
106,112
106,113
106,114
106,115
106,116
106,117
106,118
106,119
106,120
106,121
106,122
106,123
106,124
106,125
106,126
106,127
106,128
106,129
106,130
106,131
106,132
106,133
106,134
106,135
106,136
106,137
106,138
106,139
106,140
106,141
106,142
106,143
106,144
106,145
106,146
106,147
106,148
106,149
106,150
106,152
106,153
106,154
106,155
106,156
106,157
106,158
106,159
106,160
106,161
106,162
106,163
106,164
106,165
106,166
106,167
106,168
106,169
106,170
106,171
106,172
106,173
106,174
106,175
106,176
106,177
106,179
106,180
106,181
106,182
106,183
106,184
106,185
106,186
106,187
106,188
106,189
106,190
106,191
106,192
106,193
106,194
106,195
106,196
106,199
107,108
107,109
107,110
107,111
107,112
107,113
107,114
107,115
107,116
107,117
107,118
107,119
107,120
107,121
107,122
107,123
107,124
107,125
107,126
107,127
107,128
107,129
107,130
107,131
107,132
107,133
107,134
107,135
107,136
107,137
107,138
107,139
107,140
107,141
107,142
107,143
107,144
107,145
107,146
107,147
107,148
107,149
107,150
107,151
107,152
107,153
107,154
107,155
107,156
107,157
107,158
107,159
107,160
107,161
107,162
107,163
107,164
107,165
107,166
107,167
107,168
107,169
107,170
107,171
107,172
107,173
107,174
107,175
107,176
107,177
107,178
107,179
107,180
107,181
107,182
107,183
107,184
107,185
107,186
107,187
107,188
107,189
107,190
107,191
107,192
107,193
107,194
107,195
107,196
107,197
107,198
107,199
108,109
108,110
108,111
108,112
108,113
108,114
109,110
109,111
109,112
109,113
109,114
109,115
109,116
109,117
109,118
109,119
109,120
109,121
109,122
109,123
109,124
109,125
109,126
109,127
109,128
109,129
109,130
109,131
109,132
109,133
109,134
109,135
109,136
109,137
109,138
109,139
109,140
109,141
109,142
109,143
109,144
109,145
109,146
109,147
109,148
109,149
109,150
109,151
109,152
109,153
109,154
109,155
109,156
109,157
109,158
109,159
109,160
109,162
109,169
109,171
109,179
109,180
109,181
109,183
109,189
109,192
109,193
109,198
110,111
110,112
110,116
110,117
110,126
110,140
110,143
110,144
110,149
110,151
110,153
110,155
110,159
110,160
110,162
110,169
110,171
110,179
110,180
110,181
110,183
110,189
110,192
110,193
110,198
111,112
111,113
111,114
111,115
111,116
111,117
111,118
111,119
111,120
111,121
112,113
112,114
112,115
112,116
112,117
112,118
112,119
112,120
112,121
112,122
112,123
112,124
112,125
112,126
112,127
112,128
112,129
112,130
112,131
112,132
112,133
112,134
112,135
112,136
112,137
112,138
112,139
112,140
112,141
112,142
112,143
112,144
112,145
112,146
112,147
112,148
112,149
112,150
112,151
112,152
112,153
112,154
112,155
112,156
112,158
112,159
113,114
113,115
113,116
113,117
113,118
113,119
113,120
113,121
113,122
113,123
114,115
114,116
114,117
114,118
114,119
114,120
114,121
114,122
114,124
114,126
115,116
115,117
115,118
115,119
115,120
115,121
115,122
115,123
115,124
115,125
115,126
115,127
115,129
115,130
115,131
115,132
115,133
115,134
115,135
115,136
115,137
115,138
115,139
115,140
115,141
115,143
115,144
115,145
115,146
115,147
115,148
115,149
115,150
115,151
115,152
115,153
115,154
115,155
115,156
115,157
115,158
116,117
116,126
116,140
116,143
116,144
116,149
116,151
116,153
116,155
116,159
116,160
116,162
116,169
116,171
116,179
116,180
116,181
116,183
116,189
116,192
116,193
116,198
117,118
117,119
117,120
117,121
117,122
117,123
117,124
117,126
117,127
117,128
117,129
117,130
117,131
117,132
117,133
117,134
117,135
117,136
117,140
117,143
117,144
117,149
117,151
117,153
117,155
117,159
117,160
117,162
117,169
117,171
117,179
117,180
117,181
117,183
117,189
117,192
117,193
117,198
118,119
118,120
118,121
118,122
118,123
118,124
118,125
118,126
118,127
118,128
118,129
118,130
118,131
118,132
118,133
118,134
118,135
118,136
118,137
118,138
118,139
118,140
118,141
118,142
118,143
118,144
118,145
118,146
118,147
118,148
118,149
118,150
118,151
118,152
118,153
118,154
118,155
118,156
118,157
118,158
118,159
118,160
118,161
118,162
118,163
118,164
118,165
118,166
118,167
118,168
118,169
118,170
118,172
118,173
118,174
118,176
118,177
118,178
118,179
118,180
118,181
118,182
118,183
118,184
118,185
118,186
118,187
118,188
118,189
118,190
118,191
118,192
118,193
118,194
118,195
118,196
118,197
118,198
118,199
119,120
119,121
119,122
120,121
120,122
120,123
120,124
120,125
120,126
120,127
120,128
120,129
120,130
120,132
120,133
120,134
120,135
120,136
120,137
120,138
120,139
120,140
120,141
121,122
121,123
121,124
121,125
121,126
121,127
121,128
121,129
121,130
121,131
121,132
121,133
121,134
121,135
121,136
121,137
121,138
121,139
121,140
121,141
121,142
121,143
121,144
121,145
121,147
121,148
121,149
122,123
122,124
122,125
122,126
122,127
122,128
122,129
122,130
122,131
122,132
122,133
122,134
122,135
122,136
122,137
123,124
123,125
123,126
123,127
123,128
123,129
123,130
123,131
123,132
123,133
123,134
123,135
123,136
123,137
123,138
123,139
124,125
124,126
124,127
124,128
124,129
124,130
124,131
124,132
124,133
124,134
124,135
124,136
124,137
124,138
124,139
124,140
124,141
124,142
124,143
124,144
124,145
124,146
124,147
124,148
124,149
124,150
124,151
124,152
124,153
124,154
124,155
124,156
124,157
124,158
124,159
124,160
124,161
124,162
124,163
124,164
124,165
124,166
124,167
124,168
124,169
124,170
124,171
124,172
124,173
124,174
124,175
124,176
124,177
124,178
124,179
124,180
124,181
124,182
124,183
124,184
124,185
124,186
124,187
124,188
124,189
124,190
124,191
124,192
124,193
124,194
124,195
124,196
124,197
124,198
125,126
125,127
125,128
126,127
126,128
126,129
126,130
126,131
126,132
126,140
126,143
126,144
126,149
126,151
126,153
126,155
126,159
126,160
126,162
126,169
126,171
126,179
126,180
126,181
126,183
126,189
126,192
126,193
126,198
127,128
127,129
127,130
127,131
127,132
127,133
127,134
127,135
127,136
127,137
127,138
127,139
127,140
127,141
127,142
127,143
127,144
127,145
127,146
127,147
127,148
127,149
127,150
127,151
127,152
127,153
127,154
127,155
127,156
127,157
127,158
127,159
127,160
127,161
127,162
127,163
127,164
127,165
127,166
127,168
127,169
127,170
127,171
127,172
127,173
127,174
127,175
127,176
127,177
127,178
127,179
127,180
127,181
127,182
127,183
127,184
127,185
127,186
127,188
127,189
127,190
127,191
127,192
127,193
127,194
127,195
127,196
127,197
127,198
127,199
128,129
128,130
128,131
129,130
129,131
129,132
129,133
129,134
129,135
129,136
129,137
129,138
129,139
129,140
129,141
129,142
129,143
129,144
129,146
129,147
129,148
129,149
129,150
130,131
130,132
130,133
130,134
130,135
130,136
130,137
130,138
130,139
130,140
130,141
130,142
130,143
130,144
130,145
130,146
130,147
130,148
130,149
130,150
130,151
130,152
130,153
130,154
130,155
130,156
130,157
130,158
130,159
130,160
130,161
130,162
130,163
130,164
130,165
130,166
130,167
130,168
130,169
130,170
130,171
130,172
130,173
130,175
130,176
130,177
130,178
130,179
130,180
130,181
130,182
130,183
130,184
130,185
130,186
130,187
130,188
130,189
130,190
130,191
130,192
130,194
130,195
130,196
130,197
130,198
130,199
131,132
131,133
131,134
131,135
131,136
131,137
131,138
131,139
131,140
131,141
131,142
131,143
131,144
131,145
131,146
131,147
131,148
131,149
131,150
131,151
131,152
131,153
131,154
131,155
131,156
131,157
131,158
131,159
131,160
131,161
131,162
131,163
131,164
131,165
131,166
131,167
131,168
131,169
131,170
131,171
131,172
131,173
131,174
131,175
131,176
131,177
131,178
131,179
131,180
131,181
131,182
131,183
131,184
131,185
131,186
131,187
131,188
131,189
131,190
131,191
131,192
131,193
131,194
131,195
131,196
131,197
131,199
132,133
132,134
132,135
133,134
133,135
133,136
133,137
133,138
133,139
133,140
133,141
133,142
133,143
133,144
133,145
133,146
133,147
133,148
133,149
133,150
133,151
133,152
134,135
134,136
134,137
134,138
134,139
134,140
134,141
134,142
134,143
134,144
134,145
134,146
134,147
134,148
134,150
134,151
135,136
135,137
135,138
135,139
135,140
135,141
135,142
135,143
135,144
135,145
135,146
136,137
136,138
136,139
136,140
136,141
136,142
136,143
136,144
136,145
136,146
136,147
136,148
136,149
136,150
136,151
136,152
136,153
136,154
136,156
136,157
136,158
136,159
136,160
136,161
136,162
136,163
136,164
136,165
136,166
136,167
136,168
137,138
137,139
137,140
137,141
137,142
137,143
138,139
138,140
138,141
138,142
138,143
138,144
138,145
138,146
138,147
138,148
138,149
138,150
138,151
138,152
138,153
138,154
138,155
138,156
138,157
138,158
138,159
138,160
138,161
138,162
138,163
138,164
138,165
138,166
138,167
138,168
138,169
138,170
138,171
138,172
138,173
138,174
138,175
138,176
138,177
138,178
138,179
138,180
138,181
138,182
138,183
138,184
138,185
138,186
138,187
138,188
138,189
138,190
138,191
138,192
138,193
138,195
138,196
139,140
139,141
139,143
139,144
139,145
139,146
139,147
139,148
139,149
139,150
139,151
139,152
139,153
139,154
139,155
139,156
139,157
139,158
139,159
139,160
139,161
139,162
139,163
139,164
139,165
139,166
139,167
139,168
139,169
139,171
139,172
139,173
139,174
139,175
139,176
139,177
139,178
139,179
139,180
139,181
139,182
139,183
139,184
139,185
139,186
139,187
139,188
139,189
139,190
139,191
139,192
139,193
139,194
139,195
139,196
139,198
139,199
140,141
140,142
140,143
140,144
140,145
140,146
140,147
140,148
140,149
140,150
140,151
140,152
140,153
140,154
140,155
140,156
140,157
140,158
140,159
140,160
140,161
140,162
140,163
140,164
140,165
140,166
140,167
140,168
140,169
140,170
140,171
140,172
140,173
140,174
140,175
140,176
140,177
140,178
140,179
140,180
140,181
140,182
140,183
140,184
140,185
140,186
140,187
140,188
140,189
140,190
140,191
140,192
140,193
140,194
140,195
140,196
140,197
140,198
140,199
141,142
141,143
141,145
141,146
141,147
141,148
141,149
141,150
141,151
141,152
141,153
141,154
141,155
141,156
141,157
141,158
141,159
141,160
141,161
141,162
141,163
141,164
141,165
141,166
141,167
141,168
141,169
141,170
141,171
141,172
141,173
141,174
141,175
141,176
141,177
141,178
141,179
141,180
141,181
141,182
141,183
141,184
141,185
141,186
141,187
141,188
141,189
141,190
141,191
141,192
141,193
141,194
141,195
141,196
141,197
141,198
141,199
142,143
142,144
142,145
142,146
142,147
142,148
142,149
142,150
142,151
142,152
142,153
142,154
142,156
142,157
142,158
142,159
142,160
142,161
142,162
142,163
142,164
142,165
142,166
142,167
142,168
142,169
142,170
142,171
142,172
142,173
142,174
142,175
142,176
142,177
142,178
142,179
142,180
142,181
142,182
142,183
143,144
143,145
143,149
143,151
143,153
143,155
143,159
143,160
143,162
143,169
143,171
143,179
143,180
143,181
143,183
143,189
143,192
143,193
143,198
144,145
144,146
144,147
144,148
144,149
144,150
144,151
144,152
144,153
144,154
144,155
144,156
144,157
144,158
144,159
144,160
144,161
144,162
144,163
144,164
144,165
144,166
144,167
144,168
144,169
144,170
144,171
144,172
144,173
144,174
144,175
144,176
144,177
144,178
144,179
144,180
144,181
144,182
144,183
144,184
144,185
144,186
144,187
144,188
144,189
144,190
144,191
144,192
144,193
144,194
144,195
144,198
145,146
145,147
145,148
145,149
145,150
145,151
145,152
145,153
145,154
145,155
145,156
145,157
145,158
145,159
145,160
145,161
145,162
145,163
145,164
145,165
145,166
145,167
145,168
145,169
145,170
145,171
145,172
145,173
145,174
145,175
145,176
145,177
146,147
146,148
146,149
146,150
146,151
146,152
146,153
146,154
146,155
146,156
146,157
146,158
146,159
146,160
146,161
146,162
146,163
146,164
146,165
146,166
146,167
146,168
146,169
146,170
146,171
146,172
146,173
146,174
146,175
146,176
146,177
146,178
146,179
146,180
146,181
146,182
146,183
146,184
146,185
146,186
146,187
146,188
146,189
146,190
146,191
146,192
146,193
146,194
146,195
146,196
146,197
146,198
146,199
147,148
147,149
147,150
147,151
147,152
147,153
147,154
147,155
147,156
147,157
147,158
147,159
147,160
147,161
147,162
147,163
147,164
147,165
147,166
147,167
147,168
147,169
147,170
147,171
147,172
147,173
147,174
147,175
147,176
148,149
148,150
148,151
148,152
148,153
148,154
148,155
148,156
148,157
148,158
148,159
148,160
148,161
148,162
148,163
148,164
148,165
148,166
149,150
149,151
149,152
149,153
149,154
149,155
149,156
149,157
149,158
149,159
149,160
149,161
149,162
149,163
149,164
149,165
149,166
149,167
149,168
149,169
149,170
149,171
149,172
149,174
149,175
149,176
149,177
149,178
149,179
149,180
149,181
149,182
149,183
149,184
149,185
149,189
149,192
149,193
149,198
150,151
150,152
150,153
150,154
150,155
150,156
150,157
150,158
150,159
150,160
150,161
150,162
150,163
150,164
150,165
150,166
150,167
150,168
150,169
150,170
150,171
150,172
151,152
151,153
151,154
151,155
151,156
151,157
151,158
151,159
151,160
151,161
151,162
151,163
151,164
151,165
151,166
151,167
151,168
151,169
151,170
151,171
151,172
151,173
151,174
151,175
151,176
151,177
151,178
151,179
151,180
151,181
151,182
151,183
151,184
151,185
151,186
151,187
151,188
151,189
151,190
151,191
151,192
151,193
151,194
151,195
151,196
151,197
151,198
151,199
152,153
152,154
152,155
152,156
152,157
152,158
152,159
152,160
152,161
152,162
152,163
152,164
152,165
152,166
152,167
152,168
152,169
152,170
152,171
152,172
152,173
152,174
152,175
152,176
152,177
152,178
152,179
152,180
152,181
152,182
152,183
152,184
152,185
152,186
152,187
152,188
152,189
152,190
152,191
152,192
152,193
152,194
152,195
152,196
152,197
152,198
152,199
153,154
153,155
153,156
153,157
153,158
153,159
153,160
153,161
153,162
153,163
153,164
153,165
153,166
153,167
153,168
153,169
153,170
153,171
153,172
153,173
153,179
153,180
153,181
153,183
153,189
153,192
153,193
153,198
154,155
154,156
154,157
154,158
154,159
154,160
154,161
154,162
154,163
154,164
154,165
154,166
154,167
154,168
154,169
154,170
154,171
154,172
154,173
154,174
154,175
155,156
155,157
155,158
155,159
155,160
155,161
155,162
155,163
155,164
155,165
155,169
155,171
155,179
155,180
155,181
155,183
155,189
155,192
155,193
155,198
156,157
156,158
156,159
156,160
156,161
156,162
156,163
156,164
156,165
156,166
156,167
156,168
156,169
156,170
156,171
156,172
156,173
156,174
156,175
156,176
156,177
156,178
156,179
156,180
156,181
156,182
156,183
156,184
157,158
157,159
157,160
157,161
157,162
157,163
157,164
157,165
157,166
157,167
157,168
157,169
157,170
157,171
157,172
157,173
157,174
157,175
157,176
157,177
157,178
157,179
157,180
157,181
157,182
157,183
157,184
157,185
157,186
157,187
157,188
157,189
157,190
157,191
157,192
157,193
157,194
157,195
157,196
157,197
157,198
158,159
158,160
158,161
158,162
158,163
158,164
158,165
158,166
158,167
158,168
158,169
158,170
158,171
158,172
158,173
158,174
158,175
158,176
158,177
158,178
158,179
158,180
158,181
158,182
158,183
158,184
158,185
158,186
158,187
158,188
158,189
158,190
158,192
158,193
158,194
158,195
158,196
158,197
158,198
158,199
159,160
159,161
159,162
159,163
159,164
159,165
159,166
159,167
159,168
159,169
159,170
159,171
159,172
159,173
159,174
159,175
159,176
159,177
159,178
159,179
159,180
159,181
159,182
159,183
159,184
159,185
159,186
159,187
159,188
159,189
159,190
159,191
159,192
159,193
159,194
159,195
159,196
159,197
159,198
159,199
160,161
160,162
160,163
160,164
160,165
160,166
160,167
160,169
160,171
160,179
160,180
160,181
160,183
160,189
160,192
160,193
160,198
161,162
161,163
161,164
162,163
162,164
162,166
162,167
162,168
162,169
162,170
162,171
162,172
162,173
162,174
162,175
162,176
162,177
162,178
162,179
162,180
162,181
162,182
162,183
162,184
162,185
162,186
162,187
162,188
162,189
162,190
162,191
162,192
162,193
162,194
162,196
162,197
162,198
162,199
163,164
163,165
163,166
163,167
163,168
163,169
163,170
163,171
163,172
163,173
163,174
163,175
163,176
163,177
163,178
163,179
163,180
163,181
163,182
163,183
163,184
163,185
163,186
163,187
163,188
163,189
163,190
163,191
163,192
163,193
163,194
163,195
163,196
163,197
163,198
163,199
164,165
164,166
164,167
164,168
164,169
164,170
164,171
164,172
164,173
164,174
164,175
164,176
164,177
164,178
164,179
164,180
164,181
164,182
164,183
164,184
164,185
164,186
164,187
164,188
164,189
164,190
164,191
164,192
164,193
164,194
164,195
164,196
164,197
164,198
164,199
165,166
165,167
165,168
165,169
165,170
165,171
165,172
165,173
165,174
165,175
165,176
165,177
165,178
165,179
165,180
165,181
165,182
165,183
165,184
165,185
165,186
165,187
166,167
166,168
166,169
166,170
166,171
166,172
166,173
166,174
166,175
166,176
166,177
166,178
166,179
166,180
166,181
166,182
166,183
166,184
166,185
166,186
166,187
166,188
166,189
166,190
166,191
166,192
166,193
166,194
166,195
166,196
166,197
166,198
166,199
167,168
167,169
167,170
167,171
167,172
167,173
167,174
167,175
167,176
167,177
167,178
167,179
167,180
167,181
167,182
167,183
167,184
167,185
167,186
167,187
167,188
167,189
167,190
167,191
167,192
167,193
167,194
167,195
167,196
167,197
167,198
167,199
168,169
168,170
168,171
168,172
168,173
168,174
168,175
168,176
168,177
168,178
168,179
168,180
168,181
168,182
168,183
168,184
168,185
168,186
168,187
168,188
168,189
168,190
168,191
169,170
169,171
169,172
169,173
169,174
169,175
169,176
169,177
169,178
169,179
169,180
169,181
169,182
169,183
169,184
169,185
169,186
169,187
169,188
169,189
169,190
169,191
169,192
169,193
169,198
170,171
170,172
170,173
170,174
170,175
170,176
170,177
170,178
170,179
170,180
170,181
170,182
170,183
170,184
170,185
170,186
170,187
170,188
171,172
171,173
171,174
171,179
171,180
171,181
171,183
171,189
171,192
171,193
171,198
172,173
172,174
172,175
172,176
172,177
172,178
172,179
172,180
172,181
172,182
172,183
172,184
172,185
172,186
172,187
172,188
172,189
172,190
172,191
172,192
172,193
172,194
172,195
172,196
172,197
172,198
172,199
173,174
173,175
173,176
173,177
173,178
173,179
173,180
173,181
173,182
174,175
174,176
174,177
174,178
174,179
174,180
174,181
174,182
174,183
174,184
174,185
174,187
174,188
174,189
174,190
175,176
175,177
175,178
175,179
175,180
175,181
175,182
175,183
175,184
175,185
175,186
175,187
175,188
175,189
175,190
175,191
175,192
175,193
175,194
175,195
175,196
175,198
175,199
176,177
176,178
176,179
176,180
176,182
176,183
176,184
176,185
176,186
176,187
176,188
176,189
176,190
176,191
176,192
176,193
176,194
176,195
176,196
176,197
176,198
176,199
177,178
177,179
177,180
177,181
177,182
177,183
177,184
177,185
177,186
177,187
177,188
177,189
177,190
177,191
177,192
177,193
177,194
177,195
177,196
177,197
177,198
177,199
178,179
178,180
178,181
178,182
178,183
178,184
178,185
178,186
178,187
178,188
178,189
178,190
178,192
178,193
178,194
178,195
178,196
178,197
178,198
178,199
179,180
179,181
179,183
179,189
179,192
179,193
179,198
180,181
180,182
180,183
180,184
180,185
180,186
180,187
180,188
180,189
180,190
180,191
180,192
180,193
180,194
180,195
180,196
180,197
180,198
180,199
181,182
181,183
181,184
181,185
181,186
181,187
181,189
181,192
181,193
181,198
182,183
182,184
182,185
182,186
182,187
182,188
182,189
182,190
182,191
182,192
182,194
182,195
182,196
182,197
182,198
182,199
183,184
183,185
183,186
183,187
183,188
183,189
183,190
183,191
183,192
183,193
183,194
183,195
183,196
183,197
183,198
183,199
184,185
184,186
184,187
184,188
184,189
184,190
184,191
184,192
184,193
184,194
184,195
184,196
184,197
184,198
184,199
185,186
185,187
185,188
185,189
185,190
185,191
185,192
185,193
185,194
185,196
185,197
185,198
185,199
186,187
186,188
186,189
186,190
186,191
186,192
186,193
186,194
186,195
186,196
186,197
186,198
186,199
187,188
187,189
187,191
187,192
187,193
187,194
187,195
187,196
187,197
187,198
187,199
188,189
188,190
188,191
188,192
188,193
188,194
189,190
189,191
189,192
189,193
189,195
189,196
189,197
189,198
190,191
190,192
190,193
190,194
190,195
190,196
190,197
190,198
190,199
191,192
191,193
191,194
191,195
191,196
191,197
191,198
191,199
192,193
192,194
192,195
192,196
192,197
192,198
192,199
193,194
193,195
193,196
193,197
193,198
194,195
194,196
194,197
194,198
194,199
195,196
195,197
195,198
195,199
196,197
196,198
196,199
197,198
197,199
198,199
