0,1
0,2
0,3
0,4
0,5
0,6
0,7
0,8
0,9
0,10
0,11
0,12
0,13
0,14
0,15
0,16
0,17
0,18
0,19
0,20
0,21
0,22
0,23
0,24
0,25
0,26
0,27
0,28
0,29
0,30
0,31
0,32
0,33
0,34
0,35
0,36
0,37
0,38
0,39
0,40
0,41
0,42
0,43
0,44
0,45
0,46
0,47
0,48
0,49
0,50
0,51
0,52
0,53
0,54
0,55
0,56
0,57
0,58
0,59
0,60
0,61
0,62
0,63
0,64
0,65
0,66
0,67
1,2
1,3
1,4
1,5
1,6
1,7
1,8
1,9
1,10
1,11
1,12
1,13
1,14
1,15
1,16
1,17
1,18
1,19
1,20
1,21
1,22
1,23
1,24
1,25
1,26
1,27
1,28
1,29
1,30
1,31
1,32
1,33
1,34
1,35
1,36
1,37
1,38
1,39
1,40
1,41
1,42
1,43
1,44
1,45
1,46
1,47
1,48
1,49
1,50
1,51
1,52
1,53
1,54
1,55
1,56
1,57
1,58
1,59
1,60
1,61
1,62
1,63
1,64
1,65
1,66
1,67
1,70
1,77
1,78
1,80
1,82
1,83
1,84
1,85
1,93
1,101
1,105
1,107
1,108
1,110
1,113
1,114
1,117
1,118
1,119
1,121
1,123
1,124
1,125
1,132
1,135
1,141
1,145
1,147
1,148
1,149
1,153
1,155
1,157
1,158
1,169
1,172
1,175
1,179
1,184
1,185
1,190
1,193
1,195
1,196
2,3
2,4
2,5
2,6
2,7
2,8
2,9
2,10
2,11
2,12
2,13
2,14
2,15
2,16
2,17
2,18
2,19
2,20
2,21
2,22
2,23
2,24
2,25
2,26
2,27
2,28
2,29
2,30
2,31
2,32
2,33
2,34
2,35
2,36
2,37
2,38
2,39
2,40
2,41
2,42
2,43
2,44
2,45
2,46
2,47
2,48
2,49
2,50
2,51
2,52
2,53
2,54
2,55
2,56
2,57
2,58
2,59
2,60
2,61
2,62
2,63
2,64
2,65
2,66
2,67
2,70
2,77
2,78
2,80
2,82
2,83
2,84
2,85
2,93
2,101
2,105
2,107
2,108
2,110
2,113
2,114
2,117
2,118
2,119
2,121
2,123
2,124
2,125
2,132
2,135
2,141
2,145
2,147
2,148
2,149
2,153
2,155
2,157
2,158
2,169
2,172
2,175
2,179
2,184
2,185
2,190
2,193
2,195
2,196
3,4
3,5
3,6
3,7
3,8
3,9
3,10
3,11
3,12
3,13
3,14
3,15
3,16
3,17
3,18
3,19
3,20
3,21
3,22
3,23
3,24
3,25
3,26
3,27
3,28
3,29
3,30
3,31
3,32
3,33
3,34
3,35
3,36
3,37
3,38
3,39
3,40
3,41
3,42
3,43
3,44
3,45
3,46
3,47
3,48
3,49
3,50
3,51
3,52
3,53
3,54
3,55
3,56
3,57
3,58
3,59
3,60
3,61
3,62
3,63
3,64
3,65
3,66
3,67
4,5
4,6
4,7
4,8
4,9
4,10
4,11
4,12
4,13
4,14
4,15
4,16
4,17
4,18
4,19
4,20
4,21
4,22
4,23
4,24
4,25
4,26
4,27
4,28
4,29
4,30
4,31
4,32
4,33
4,34
4,35
4,36
4,37
4,38
4,39
4,40
4,41
4,42
4,43
4,44
4,45
4,46
4,47
4,48
4,49
4,50
4,51
4,52
4,53
4,54
4,55
4,56
4,57
4,58
4,59
4,60
4,61
4,62
4,63
4,64
4,65
4,66
4,67
4,70
4,77
4,78
4,80
4,82
4,83
4,84
4,85
4,93
4,101
4,105
4,107
4,108
4,110
4,113
4,114
4,117
4,118
4,119
4,121
4,123
4,124
4,125
4,132
4,135
4,141
4,145
4,147
4,148
4,149
4,153
4,155
4,157
4,158
4,169
4,172
4,175
4,179
4,184
4,185
4,190
4,193
4,195
4,196
5,6
5,7
5,8
5,9
5,10
5,11
5,12
5,13
5,14
5,15
5,16
5,17
5,18
5,19
5,20
5,21
5,22
5,23
5,24
5,25
5,26
5,27
5,28
5,29
5,30
5,31
5,32
5,33
5,34
5,35
5,36
5,37
5,38
5,39
5,40
5,41
5,42
5,43
5,44
5,45
5,46
5,47
5,48
5,49
5,50
5,51
5,52
5,53
5,54
5,55
5,56
5,57
5,58
5,59
5,60
5,61
5,62
5,63
5,64
5,65
5,66
5,67
6,7
6,8
6,9
6,10
6,11
6,12
6,13
6,14
6,15
6,16
6,17
6,18
6,19
6,20
6,21
6,22
6,23
6,24
6,25
6,26
6,27
6,28
6,29
6,30
6,31
6,32
6,33
6,34
6,35
6,36
6,37
6,38
6,39
6,40
6,41
6,42
6,43
6,44
6,45
6,46
6,47
6,48
6,49
6,50
6,51
6,52
6,53
6,54
6,55
6,56
6,57
6,58
6,59
6,60
6,61
6,62
6,63
6,64
6,65
6,66
6,67
7,8
7,9
7,10
7,11
7,12
7,13
7,14
7,15
7,16
7,17
7,18
7,19
7,20
7,21
7,22
7,23
7,24
7,25
7,26
7,27
7,28
7,29
7,30
7,31
7,32
7,33
7,34
7,35
7,36
7,37
7,38
7,39
7,40
7,41
7,42
7,43
7,44
7,45
7,46
7,47
7,48
7,49
7,50
7,51
7,52
7,53
7,54
7,55
7,56
7,57
7,58
7,59
7,60
7,61
7,62
7,63
7,64
7,65
7,66
7,67
8,9
8,10
8,11
8,12
8,13
8,14
8,15
8,16
8,17
8,18
8,19
8,20
8,21
8,22
8,23
8,24
8,25
8,26
8,27
8,28
8,29
8,30
8,31
8,32
8,33
8,34
8,35
8,36
8,37
8,38
8,39
8,40
8,41
8,42
8,43
8,44
8,45
8,46
8,47
8,48
8,49
8,50
8,51
8,52
8,53
8,54
8,55
8,56
8,57
8,58
8,59
8,60
8,61
8,62
8,63
8,64
8,65
8,66
8,67
8,70
8,77
8,78
8,80
8,82
8,83
8,84
8,85
8,93
8,101
8,105
8,107
8,108
8,110
8,113
8,114
8,117
8,118
8,119
8,121
8,123
8,124
8,125
8,132
8,135
8,141
8,145
8,147
8,148
8,149
8,153
8,155
8,157
8,158
8,169
8,172
8,175
8,179
8,184
8,185
8,190
8,193
8,195
8,196
9,10
9,11
9,12
9,13
9,14
9,15
9,16
9,17
9,18
9,19
9,20
9,21
9,22
9,23
9,24
9,25
9,26
9,27
9,28
9,29
9,30
9,31
9,32
9,33
9,34
9,35
9,36
9,37
9,38
9,39
9,40
9,41
9,42
9,43
9,44
9,45
9,46
9,47
9,48
9,49
9,50
9,51
9,52
9,53
9,54
9,55
9,56
9,57
9,58
9,59
9,60
9,61
9,62
9,63
9,64
9,65
9,66
9,67
10,11
10,12
10,13
10,14
10,15
10,16
10,17
10,18
10,19
10,20
10,21
10,22
10,23
10,24
10,25
10,26
10,27
10,28
10,29
10,30
10,31
10,32
10,33
10,34
10,35
10,36
10,37
10,38
10,39
10,40
10,41
10,42
10,43
10,44
10,45
10,46
10,47
10,48
10,49
10,50
10,51
10,52
10,53
10,54
10,55
10,56
10,57
10,58
10,59
10,60
10,61
10,62
10,63
10,64
10,65
10,66
10,67
11,12
11,13
11,14
11,15
11,16
11,17
11,18
11,19
11,20
11,21
11,22
11,23
11,24
11,25
11,26
11,27
11,28
11,29
11,30
11,31
11,32
11,33
11,34
11,35
11,36
11,37
11,38
11,39
11,40
11,41
11,42
11,43
11,44
11,45
11,46
11,47
11,48
11,49
11,50
11,51
11,52
11,53
11,54
11,55
11,56
11,57
11,58
11,59
11,60
11,61
11,62
11,63
11,64
11,65
11,66
11,67
12,13
12,14
12,15
12,16
12,17
12,18
12,19
12,20
12,21
12,22
12,23
12,24
12,25
12,26
12,27
12,28
12,29
12,30
12,31
12,32
12,33
12,34
12,35
12,36
12,37
12,38
12,39
12,40
12,41
12,42
12,43
12,44
12,45
12,46
12,47
12,48
12,49
12,50
12,51
12,52
12,53
12,54
12,55
12,56
12,57
12,58
12,59
12,60
12,61
12,62
12,63
12,64
12,65
12,66
12,67
12,70
12,77
12,78
12,80
12,82
12,83
12,84
12,85
12,93
12,101
12,105
12,107
12,108
12,110
12,113
12,114
12,117
12,118
12,119
12,121
12,123
12,124
12,125
12,132
12,135
12,141
12,145
12,147
12,148
12,149
12,153
12,155
12,157
12,158
12,169
12,172
12,175
12,179
12,184
12,185
12,190
12,193
12,195
12,196
13,14
13,15
13,16
13,17
13,18
13,19
13,20
13,21
13,22
13,23
13,24
13,25
13,26
13,27
13,28
13,29
13,30
13,31
13,32
13,33
13,34
13,35
13,36
13,37
13,38
13,39
13,40
13,41
13,42
13,43
13,44
13,45
13,46
13,47
13,48
13,49
13,50
13,51
13,52
13,53
13,54
13,55
13,56
13,57
13,58
13,59
13,60
13,61
13,62
13,63
13,64
13,65
13,66
13,67
13,70
13,77
13,78
13,80
13,82
13,83
13,84
13,85
13,93
13,101
13,105
13,107
13,108
13,110
13,113
13,114
13,117
13,118
13,119
13,121
13,123
13,124
13,125
13,132
13,135
13,141
13,145
13,147
13,148
13,149
13,153
13,155
13,157
13,158
13,169
13,172
13,175
13,179
13,184
13,185
13,190
13,193
13,195
13,196
14,15
14,16
14,17
14,18
14,19
14,20
14,21
14,22
14,23
14,24
14,25
14,26
14,27
14,28
14,29
14,30
14,31
14,32
14,33
14,34
14,35
14,36
14,37
14,38
14,39
14,40
14,41
14,42
14,43
14,44
14,45
14,46
14,47
14,48
14,49
14,50
14,51
14,52
14,53
14,54
14,55
14,56
14,57
14,58
14,59
14,60
14,61
14,62
14,63
14,64
14,65
14,66
14,67
15,16
15,17
15,18
15,19
15,20
15,21
15,22
15,23
15,24
15,25
15,26
15,27
15,28
15,29
15,30
15,31
15,32
15,33
15,34
15,35
15,36
15,37
15,38
15,39
15,40
15,41
15,42
15,43
15,44
15,45
15,46
15,47
15,48
15,49
15,50
15,51
15,52
15,53
15,54
15,55
15,56
15,57
15,58
15,59
15,60
15,61
15,62
15,63
15,64
15,65
15,66
15,67
16,17
16,18
16,19
16,20
16,21
16,22
16,23
16,24
16,25
16,26
16,27
16,28
16,29
16,30
16,31
16,32
16,33
16,34
16,35
16,36
16,37
16,38
16,39
16,40
16,41
16,42
16,43
16,44
16,45
16,46
16,47
16,48
16,49
16,50
16,51
16,52
16,53
16,54
16,55
16,56
16,57
16,58
16,59
16,60
16,61
16,62
16,63
16,64
16,65
16,66
16,67
16,70
16,77
16,78
16,80
16,82
16,83
16,84
16,85
16,93
16,101
16,105
16,107
16,108
16,110
16,113
16,114
16,117
16,118
16,119
16,121
16,123
16,124
16,125
16,132
16,135
16,141
16,145
16,147
16,148
16,149
16,153
16,155
16,157
16,158
16,169
16,172
16,175
16,179
16,184
16,185
16,190
16,193
16,195
16,196
17,18
17,19
17,20
17,21
17,22
17,23
17,24
17,25
17,26
17,27
17,28
17,29
17,30
17,31
17,32
17,33
17,34
17,35
17,36
17,37
17,38
17,39
17,40
17,41
17,42
17,43
17,44
17,45
17,46
17,47
17,48
17,49
17,50
17,51
17,52
17,53
17,54
17,55
17,56
17,57
17,58
17,59
17,60
17,61
17,62
17,63
17,64
17,65
17,66
17,67
17,70
17,77
17,78
17,80
17,82
17,83
17,84
17,85
17,93
17,101
17,105
17,107
17,108
17,110
17,113
17,114
17,117
17,118
17,119
17,121
17,123
17,124
17,125
17,132
17,135
17,141
17,145
17,147
17,148
17,149
17,153
17,155
17,157
17,158
17,169
17,172
17,175
17,179
17,184
17,185
17,190
17,193
17,195
17,196
18,19
18,20
18,21
18,22
18,23
18,24
18,25
18,26
18,27
18,28
18,29
18,30
18,31
18,32
18,33
18,34
18,35
18,36
18,37
18,38
18,39
18,40
18,41
18,42
18,43
18,44
18,45
18,46
18,47
18,48
18,49
18,50
18,51
18,52
18,53
18,54
18,55
18,56
18,57
18,58
18,59
18,60
18,61
18,62
18,63
18,64
18,65
18,66
18,67
19,20
19,21
19,22
19,23
19,24
19,25
19,26
19,27
19,28
19,29
19,30
19,31
19,32
19,33
19,34
19,35
19,36
19,37
19,38
19,39
19,40
19,41
19,42
19,43
19,44
19,45
19,46
19,47
19,48
19,49
19,50
19,51
19,52
19,53
19,54
19,55
19,56
19,57
19,58
19,59
19,60
19,61
19,62
19,63
19,64
19,65
19,66
20,21
20,22
20,23
20,24
20,25
20,26
20,27
20,28
20,29
20,30
20,31
20,32
20,33
20,34
20,35
20,36
20,37
20,38
20,39
20,40
20,41
20,42
20,43
20,44
20,45
20,46
20,47
20,48
20,49
20,50
20,51
20,52
20,53
20,54
20,55
20,56
20,57
20,58
20,59
20,60
20,61
20,62
20,63
20,64
20,65
20,66
20,67
21,22
21,23
21,24
21,25
21,26
21,27
21,28
21,29
21,30
21,31
21,32
21,33
21,34
21,35
21,36
21,37
21,38
21,39
21,40
21,41
21,42
21,43
21,44
21,45
21,46
21,47
21,48
21,49
21,50
21,51
21,52
21,53
21,54
21,55
21,56
21,57
21,58
21,59
21,60
21,61
21,62
21,63
21,64
21,65
21,66
21,67
22,23
22,24
22,25
22,26
22,27
22,28
22,29
22,30
22,31
22,32
22,33
22,34
22,35
22,36
22,37
22,38
22,39
22,40
22,41
22,42
22,43
22,44
22,45
22,46
22,47
22,48
22,49
22,50
22,51
22,52
22,53
22,54
22,55
22,56
22,57
22,58
22,59
22,60
22,61
22,62
22,63
22,64
22,65
22,66
22,67
22,70
22,77
22,78
22,80
22,82
22,83
22,84
22,85
22,93
22,101
22,105
22,107
22,108
22,110
22,113
22,114
22,117
22,118
22,119
22,121
22,123
22,124
22,125
22,132
22,135
22,141
22,145
22,147
22,148
22,149
22,153
22,155
22,157
22,158
22,169
22,172
22,175
22,179
22,184
22,185
22,190
22,193
22,195
22,196
23,24
23,25
23,26
23,27
23,28
23,29
23,30
23,31
23,32
23,33
23,34
23,35
23,36
23,37
23,38
23,39
23,40
23,41
23,42
23,43
23,44
23,45
23,46
23,47
23,48
23,49
23,50
23,51
23,52
23,53
23,54
23,55
23,56
23,57
23,58
23,59
23,60
23,61
23,62
23,63
23,64
23,65
23,66
23,67
23,70
23,77
23,78
23,80
23,82
23,83
23,84
23,85
23,93
23,101
23,105
23,107
23,108
23,110
23,113
23,114
23,117
23,118
23,119
23,121
23,123
23,124
23,125
23,132
23,135
23,141
23,145
23,147
23,148
23,149
23,153
23,155
23,157
23,158
23,169
23,172
23,175
23,179
23,184
23,185
23,190
23,193
23,195
23,196
24,25
24,26
24,27
24,28
24,29
24,30
24,31
24,32
24,33
24,34
24,35
24,36
24,37
24,38
24,39
24,40
24,41
24,42
24,43
24,44
24,45
24,46
24,47
24,48
24,49
24,50
24,51
24,52
24,53
24,54
24,55
24,56
24,57
24,58
24,59
24,60
24,61
24,62
24,63
24,64
24,65
24,66
24,67
24,70
24,77
24,78
24,80
24,82
24,83
24,84
24,85
24,93
24,101
24,105
24,107
24,108
24,110
24,113
24,114
24,117
24,118
24,119
24,121
24,123
24,124
24,125
24,132
24,135
24,141
24,145
24,147
24,148
24,149
24,153
24,155
24,157
24,158
24,169
24,172
24,175
24,179
24,184
24,185
24,190
24,193
24,195
24,196
25,26
25,27
25,28
25,29
25,30
25,31
25,32
25,33
25,34
25,35
25,36
25,37
25,38
25,39
25,40
25,41
25,42
25,43
25,44
25,45
25,46
25,47
25,48
25,49
25,50
25,51
25,52
25,53
25,54
25,55
25,56
25,57
25,58
25,59
25,60
25,61
25,62
25,63
25,64
25,65
25,66
25,67
26,27
26,28
26,29
26,30
26,31
26,32
26,33
26,34
26,35
26,36
26,37
26,38
26,39
26,40
26,41
26,42
26,43
26,44
26,45
26,46
26,47
26,48
26,49
26,50
26,51
26,52
26,53
26,54
26,55
26,56
26,57
26,58
26,59
26,60
26,61
26,62
26,63
26,64
26,65
26,66
26,67
27,28
27,29
27,30
27,31
27,32
27,33
27,34
27,35
27,36
27,37
27,38
27,39
27,40
27,41
27,42
27,43
27,44
27,45
27,46
27,47
27,48
27,49
27,50
27,51
27,52
27,53
27,54
27,55
27,56
27,57
27,58
27,59
27,60
27,61
27,62
27,63
27,64
27,65
27,66
27,67
27,70
27,77
27,78
27,80
27,82
27,83
27,84
27,85
27,93
27,101
27,105
27,107
27,108
27,110
27,113
27,114
27,117
27,118
27,119
27,121
27,123
27,124
27,125
27,132
27,135
27,141
27,145
27,147
27,148
27,149
27,153
27,155
27,157
27,158
27,169
27,172
27,175
27,179
27,184
27,185
27,190
27,193
27,195
27,196
28,29
28,30
28,31
28,32
28,33
28,34
28,35
28,36
28,37
28,38
28,39
28,40
28,41
28,42
28,43
28,44
28,45
28,46
28,47
28,48
28,49
28,50
28,51
28,52
28,53
28,54
28,55
28,56
28,57
28,58
28,59
28,60
28,61
28,62
28,63
28,64
28,65
28,66
28,67
29,30
29,31
29,32
29,33
29,34
29,35
29,36
29,37
29,38
29,39
29,40
29,41
29,42
29,43
29,44
29,45
29,46
29,47
29,48
29,49
29,50
29,51
29,52
29,53
29,54
29,55
29,56
29,57
29,58
29,59
29,60
29,61
29,62
29,63
29,64
29,65
29,66
29,67
30,31
30,32
30,33
30,34
30,35
30,36
30,37
30,38
30,39
30,40
30,41
30,42
30,43
30,44
30,45
30,46
30,47
30,48
30,49
30,50
30,51
30,52
30,53
30,54
30,55
30,56
30,57
30,58
30,59
30,60
30,61
30,62
30,63
30,64
30,65
30,66
30,67
31,32
31,33
31,34
31,35
31,36
31,37
31,38
31,39
31,40
31,41
31,42
31,43
31,44
31,45
31,46
31,47
31,48
31,49
31,50
31,51
31,52
31,53
31,54
31,55
31,56
31,57
31,58
31,59
31,60
31,61
31,62
31,63
31,64
31,65
31,66
31,67
32,33
32,34
32,35
32,36
32,37
32,38
32,39
32,40
32,41
32,42
32,43
32,44
32,45
32,46
32,47
32,48
32,49
32,50
32,51
32,52
32,53
32,54
32,55
32,56
32,57
32,58
32,59
32,60
32,61
32,62
32,63
32,64
32,65
32,66
32,67
33,34
33,35
33,36
33,37
33,38
33,39
33,40
33,41
33,42
33,43
33,44
33,45
33,46
33,47
33,48
33,49
33,50
33,51
33,52
33,53
33,54
33,55
33,56
33,57
33,58
33,59
33,60
33,61
33,62
33,63
33,64
33,65
33,66
33,67
33,70
33,77
33,78
33,80
33,82
33,83
33,84
33,85
33,93
33,101
33,105
33,107
33,108
33,110
33,113
33,114
33,117
33,118
33,119
33,121
33,123
33,124
33,125
33,132
33,135
33,141
33,145
33,147
33,148
33,149
33,153
33,155
33,157
33,158
33,169
33,172
33,175
33,179
33,184
33,185
33,190
33,193
33,195
33,196
34,35
34,36
34,37
34,38
34,39
34,40
34,41
34,42
34,43
34,44
34,45
34,46
34,47
34,48
34,49
34,50
34,51
34,52
34,53
34,54
34,55
34,56
34,57
34,58
34,59
34,60
34,61
34,62
34,63
34,64
34,65
34,66
34,67
34,70
34,77
34,78
34,80
34,82
34,83
34,84
34,85
34,93
34,101
34,105
34,107
34,108
34,110
34,113
34,114
34,117
34,118
34,119
34,121
34,123
34,124
34,125
34,132
34,135
34,141
34,145
34,147
34,148
34,149
34,153
34,155
34,157
34,158
34,169
34,172
34,175
34,179
34,184
34,185
34,190
34,193
34,195
34,196
35,36
35,37
35,38
35,39
35,40
35,41
35,42
35,43
35,44
35,45
35,46
35,47
35,48
35,49
35,50
35,51
35,52
35,53
35,54
35,55
35,56
35,57
35,58
35,59
35,60
35,61
35,62
35,63
35,64
35,65
35,66
35,67
36,37
36,38
36,39
36,40
36,41
36,42
36,43
36,44
36,45
36,46
36,47
36,48
36,49
36,50
36,51
36,52
36,53
36,54
36,55
36,56
36,57
36,58
36,59
36,60
36,61
36,62
36,63
36,64
36,65
36,66
36,67
37,38
37,39
37,40
37,41
37,42
37,43
37,44
37,45
37,46
37,47
37,48
37,49
37,50
37,51
37,52
37,53
37,54
37,55
37,56
37,57
37,58
37,59
37,60
37,61
37,62
37,63
37,64
37,65
37,66
37,67
38,39
38,40
38,41
38,42
38,43
38,44
38,45
38,46
38,47
38,48
38,49
38,50
38,51
38,52
38,53
38,54
38,55
38,56
38,57
38,58
38,59
38,60
38,61
38,62
38,63
38,64
38,65
38,66
38,67
39,40
39,41
39,42
39,43
39,44
39,45
39,46
39,47
39,48
39,49
39,50
39,51
39,52
39,53
39,54
39,55
39,56
39,57
39,58
39,59
39,60
39,61
39,62
39,63
39,64
39,65
39,66
39,67
40,41
40,42
40,43
40,44
40,45
40,46
40,47
40,48
40,49
40,50
40,51
40,52
40,53
40,54
40,55
40,56
40,57
40,58
40,59
40,60
40,61
40,62
40,63
40,64
40,65
40,66
40,67
40,70
40,77
40,78
40,80
40,82
40,83
40,84
40,85
40,93
40,101
40,105
40,107
40,108
40,110
40,113
40,114
40,117
40,118
40,119
40,121
40,123
40,124
40,125
40,132
40,135
40,141
40,145
40,147
40,148
40,149
40,153
40,155
40,157
40,158
40,169
40,172
40,175
40,179
40,184
40,185
40,190
40,193
40,195
40,196
41,42
41,43
41,44
41,45
41,46
41,47
41,48
41,49
41,50
41,51
41,52
41,53
41,54
41,55
41,56
41,57
41,58
41,59
41,60
41,61
41,62
41,63
41,64
41,65
41,66
41,67
41,70
41,77
41,78
41,80
41,82
41,83
41,84
41,85
41,93
41,101
41,105
41,107
41,108
41,110
41,113
41,114
41,117
41,118
41,119
41,121
41,123
41,124
41,125
41,132
41,135
41,141
41,145
41,147
41,148
41,149
41,153
41,155
41,157
41,158
41,169
41,172
41,175
41,179
41,184
41,185
41,190
41,193
41,195
41,196
42,43
42,44
42,45
42,46
42,47
42,48
42,49
42,50
42,51
42,52
42,53
42,54
42,55
42,56
42,57
42,58
42,59
42,60
42,61
42,62
42,63
42,64
42,65
42,66
42,67
42,70
42,77
42,78
42,80
42,82
42,83
42,84
42,85
42,93
42,101
42,105
42,107
42,108
42,110
42,113
42,114
42,117
42,118
42,119
42,121
42,123
42,124
42,125
42,132
42,135
42,141
42,145
42,147
42,148
42,149
42,153
42,155
42,157
42,158
42,169
42,172
42,175
42,179
42,184
42,185
42,190
42,193
42,195
42,196
43,44
43,45
43,46
43,47
43,48
43,49
43,50
43,51
43,52
43,53
43,54
43,55
43,56
43,57
43,58
43,59
43,60
43,61
43,62
43,63
43,64
43,65
43,66
43,67
44,45
44,46
44,47
44,48
44,49
44,50
44,51
44,52
44,53
44,54
44,55
44,56
44,57
44,58
44,59
44,60
44,61
44,62
44,63
44,64
44,65
44,66
44,67
45,46
45,47
45,48
45,49
45,50
45,51
45,52
45,53
45,54
45,55
45,56
45,57
45,58
45,59
45,60
45,61
45,62
45,63
45,64
45,65
45,66
45,67
46,47
46,48
46,49
46,50
46,51
46,52
46,53
46,54
46,55
46,56
46,57
46,58
46,59
46,60
46,61
46,62
46,63
46,64
46,65
46,66
46,67
47,48
47,49
47,50
47,51
47,52
47,53
47,54
47,55
47,56
47,57
47,58
47,59
47,60
47,61
47,62
47,63
47,64
47,65
47,66
47,67
48,49
48,50
48,51
48,52
48,53
48,54
48,55
48,56
48,57
48,58
48,59
48,60
48,61
48,62
48,63
48,64
48,65
48,66
48,67
48,70
48,77
48,78
48,80
48,82
48,83
48,84
48,85
48,93
48,101
48,105
48,107
48,108
48,110
48,113
48,114
48,117
48,118
48,119
48,121
48,123
48,124
48,125
48,132
48,135
48,141
48,145
48,147
48,148
48,149
48,153
48,155
48,157
48,158
48,169
48,172
48,175
48,179
48,184
48,185
48,190
48,193
48,195
48,196
49,50
49,51
49,52
49,53
49,54
49,55
49,56
49,57
49,58
49,59
49,60
49,61
49,62
49,63
49,64
49,65
49,66
49,67
50,51
50,52
50,53
50,54
50,55
50,56
50,57
50,58
50,59
50,60
50,61
50,62
50,63
50,64
50,65
50,66
50,67
50,70
50,77
50,78
50,80
50,82
50,83
50,84
50,85
50,93
50,101
50,105
50,107
50,108
50,110
50,113
50,114
50,117
50,118
50,119
50,121
50,123
50,124
50,125
50,132
50,135
50,141
50,145
50,147
50,148
50,149
50,153
50,155
50,157
50,158
50,169
50,172
50,175
50,179
50,184
50,185
50,190
50,193
50,195
50,196
51,52
51,53
51,54
51,55
51,56
51,57
51,58
51,59
51,60
51,61
51,62
51,63
51,64
51,65
51,66
51,67
51,171
51,186
51,192
52,53
52,54
52,55
52,56
52,57
52,58
52,59
52,60
52,61
52,62
52,63
52,64
52,65
52,66
52,67
52,95
52,96
52,97
52,98
52,100
52,102
53,54
53,55
53,56
53,57
53,58
53,59
53,60
53,61
53,62
53,63
53,64
53,65
53,66
53,67
54,55
54,56
54,57
54,58
54,59
54,60
54,61
54,62
54,63
54,64
54,65
54,66
54,67
55,56
55,57
55,58
55,59
55,60
55,61
55,62
55,63
55,64
55,65
55,66
55,67
55,70
55,77
55,78
55,80
55,82
55,83
55,84
55,85
55,93
55,101
55,105
55,107
55,108
55,110
55,113
55,114
55,117
55,118
55,119
55,121
55,123
55,124
55,125
55,132
55,135
55,141
55,145
55,146
55,147
55,148
55,149
55,152
55,153
55,155
55,156
55,157
55,158
55,159
55,160
55,162
55,163
55,164
55,166
55,168
55,169
55,172
55,175
55,179
55,184
55,185
55,190
55,193
55,195
55,196
56,57
56,58
56,59
56,60
56,61
56,62
56,63
56,64
56,65
56,66
56,67
57,58
57,59
57,60
57,61
57,62
57,63
57,64
57,65
57,66
57,67
58,59
58,60
58,61
58,62
58,63
58,64
58,65
58,66
58,67
59,60
59,61
59,62
59,63
59,64
59,65
59,66
59,67
59,70
59,77
59,78
59,80
59,82
59,83
59,84
59,85
59,93
59,101
59,105
59,107
59,108
59,110
59,113
59,114
59,117
59,118
59,119
59,121
59,123
59,124
59,125
59,132
59,135
59,141
59,145
59,147
59,148
59,149
59,153
59,155
59,157
59,158
59,169
59,172
59,175
59,179
59,184
59,185
59,190
59,193
59,195
59,196
60,61
60,62
60,63
60,64
60,65
60,66
60,67
60,70
60,77
60,78
60,80
60,82
60,83
60,84
60,85
60,93
60,101
60,105
60,107
60,108
60,110
60,113
60,114
60,117
60,118
60,119
60,121
60,123
60,124
60,125
60,132
60,135
60,141
60,145
60,147
60,148
60,149
60,153
60,155
60,157
60,158
60,169
60,172
60,175
60,179
60,184
60,185
60,190
60,193
60,195
60,196
61,62
61,63
61,64
61,65
61,66
61,67
62,63
62,64
62,65
62,66
62,67
62,70
62,77
62,78
62,80
62,82
62,83
62,84
62,85
62,93
62,101
62,105
62,107
62,108
62,110
62,113
62,114
62,117
62,118
62,119
62,121
62,123
62,124
62,125
62,132
62,135
62,141
62,145
62,147
62,148
62,149
62,153
62,155
62,157
62,158
62,169
62,172
62,175
62,179
62,184
62,185
62,190
62,193
62,195
62,196
63,64
63,65
63,66
63,67
64,65
64,66
64,67
64,70
64,77
64,78
64,80
64,82
64,83
64,84
64,85
64,93
64,101
64,105
64,107
64,108
64,110
64,113
64,114
64,117
64,118
64,119
64,121
64,123
64,124
64,125
64,132
64,135
64,141
64,145
64,147
64,148
64,149
64,153
64,155
64,157
64,158
64,169
64,172
64,175
64,179
64,184
64,185
64,190
64,193
64,195
64,196
65,66
65,67
66,67
70,77
70,78
70,80
70,82
70,83
70,84
70,85
70,93
70,101
70,105
70,107
70,108
70,110
70,113
70,114
70,117
70,118
70,119
70,121
70,123
70,124
70,125
70,132
70,135
70,141
70,145
70,147
70,148
70,149
70,153
70,155
70,157
70,158
70,169
70,172
70,175
70,179
70,184
70,185
70,190
70,193
70,195
70,196
74,120
74,122
77,78
77,80
77,82
77,83
77,84
77,85
77,93
77,101
77,105
77,107
77,108
77,110
77,113
77,114
77,117
77,118
77,119
77,121
77,123
77,124
77,125
77,132
77,135
77,141
77,145
77,147
77,148
77,149
77,153
77,155
77,157
77,158
77,169
77,172
77,175
77,179
77,184
77,185
77,190
77,193
77,195
77,196
78,80
78,82
78,83
78,84
78,85
78,93
78,101
78,105
78,107
78,108
78,110
78,113
78,114
78,117
78,118
78,119
78,121
78,123
78,124
78,125
78,132
78,135
78,141
78,145
78,147
78,148
78,149
78,153
78,155
78,157
78,158
78,169
78,172
78,175
78,179
78,184
78,185
78,190
78,193
78,195
78,196
79,91
79,92
79,94
79,95
79,96
79,97
79,98
79,100
79,104
79,108
79,112
79,114
79,115
79,120
79,122
79,127
79,142
79,144
79,168
80,82
80,83
80,84
80,85
80,93
80,99
80,100
80,101
80,102
80,104
80,105
80,107
80,108
80,110
80,112
80,113
80,114
80,115
80,116
80,117
80,118
80,119
80,120
80,121
80,123
80,124
80,125
80,127
80,129
80,131
80,132
80,135
80,137
80,139
80,141
80,145
80,147
80,148
80,149
80,153
80,155
80,156
80,157
80,158
80,159
80,162
80,164
80,166
80,168
80,169
80,170
80,172
80,175
80,179
80,181
80,184
80,185
80,190
80,193
80,195
80,196
81,89
81,91
81,92
81,94
81,95
81,96
81,99
81,100
81,102
81,103
81,106
81,116
81,120
81,122
81,127
81,130
81,131
81,142
81,146
81,156
81,160
81,162
81,165
81,166
81,177
81,181
82,83
82,84
82,85
82,93
82,95
82,96
82,99
82,101
82,104
82,105
82,107
82,108
82,110
82,113
82,114
82,117
82,118
82,119
82,121
82,123
82,124
82,125
82,132
82,135
82,141
82,145
82,147
82,148
82,149
82,153
82,155
82,157
82,158
82,169
82,172
82,175
82,179
82,184
82,185
82,190
82,193
82,195
82,196
83,84
83,85
83,93
83,97
83,99
83,100
83,101
83,104
83,105
83,107
83,108
83,110
83,113
83,114
83,117
83,118
83,119
83,121
83,123
83,124
83,125
83,132
83,135
83,141
83,145
83,147
83,148
83,149
83,153
83,155
83,157
83,158
83,169
83,172
83,175
83,179
83,184
83,185
83,190
83,193
83,195
83,196
84,85
84,90
84,91
84,92
84,93
84,94
84,95
84,96
84,97
84,99
84,101
84,102
84,103
84,104
84,105
84,106
84,107
84,108
84,110
84,113
84,114
84,115
84,117
84,118
84,119
84,121
84,123
84,124
84,125
84,132
84,135
84,136
84,141
84,142
84,145
84,147
84,148
84,149
84,153
84,154
84,155
84,156
84,157
84,158
84,160
84,162
84,164
84,165
84,168
84,169
84,170
84,172
84,175
84,176
84,177
84,179
84,181
84,184
84,185
84,190
84,193
84,195
84,196
85,87
85,88
85,89
85,90
85,91
85,93
85,94
85,95
85,97
85,98
85,101
85,105
85,107
85,108
85,110
85,113
85,114
85,117
85,118
85,119
85,121
85,123
85,124
85,125
85,132
85,135
85,141
85,145
85,147
85,148
85,149
85,153
85,155
85,157
85,158
85,169
85,172
85,175
85,179
85,184
85,185
85,190
85,193
85,195
85,196
86,91
86,92
86,94
86,96
87,88
87,90
87,91
87,92
87,93
87,94
87,95
87,96
87,98
87,99
87,100
87,102
87,103
87,109
87,110
87,115
87,116
87,122
87,127
87,129
87,131
87,136
87,137
87,139
87,142
87,143
87,146
87,151
87,152
87,154
87,156
87,159
87,162
87,164
87,165
87,168
87,170
87,177
87,186
87,191
87,192
88,91
88,92
88,93
88,94
88,96
88,98
88,99
88,100
89,91
89,92
89,93
89,95
89,96
89,99
89,100
89,102
89,104
89,110
89,111
89,112
89,113
89,115
89,116
89,120
89,128
89,130
89,136
89,137
89,139
89,141
89,154
89,156
89,158
89,159
89,163
89,164
90,91
90,92
90,93
90,94
90,95
90,97
90,99
90,100
90,102
90,104
90,108
90,109
90,110
90,111
90,113
90,115
90,116
90,120
90,123
90,127
90,128
90,129
90,134
90,135
90,136
90,137
90,139
90,141
90,142
90,143
90,151
90,156
90,160
91,92
91,93
91,94
91,95
91,96
91,97
91,98
91,100
91,101
91,102
91,108
91,109
91,111
91,112
91,113
91,114
91,122
91,123
91,125
91,128
91,129
91,133
91,134
91,135
91,136
91,137
91,140
92,93
92,95
92,96
92,97
92,98
92,99
92,100
92,101
92,103
92,104
92,105
92,106
92,109
92,111
92,112
92,114
92,116
92,120
92,123
92,124
92,125
92,126
92,129
92,130
92,131
92,133
92,134
92,136
92,137
92,140
92,142
92,143
92,146
92,152
92,156
92,158
92,159
92,163
92,182
92,186
93,97
93,99
93,100
93,101
93,103
93,105
93,106
93,107
93,108
93,110
93,113
93,114
93,116
93,117
93,118
93,119
93,121
93,123
93,124
93,125
93,127
93,130
93,131
93,132
93,133
93,134
93,135
93,136
93,137
93,139
93,140
93,141
93,143
93,145
93,146
93,147
93,148
93,149
93,153
93,155
93,157
93,158
93,169
93,172
93,175
93,179
93,184
93,185
93,190
93,193
93,195
93,196
94,97
94,99
94,100
94,101
94,105
94,106
94,109
94,110
94,111
94,112
95,97
95,99
95,100
96,102
96,103
96,104
96,105
96,106
96,107
96,108
96,109
96,114
96,115
96,116
96,125
96,126
96,129
96,135
96,138
96,154
96,156
96,159
96,163
96,164
96,165
96,168
97,98
97,99
97,101
97,102
97,103
97,104
97,105
97,107
97,108
97,109
98,100
98,109
98,110
98,111
98,112
98,116
99,102
99,103
99,104
99,108
99,109
99,111
99,112
99,122
99,123
99,129
99,131
99,133
99,138
99,141
99,142
99,143
99,151
99,152
99,156
99,158
99,163
99,164
99,171
99,173
99,176
99,182
99,183
99,186
100,101
100,102
100,103
100,105
100,106
100,107
100,109
100,111
100,112
100,113
100,117
100,123
100,125
100,126
100,127
100,129
100,130
100,131
100,132
100,133
100,134
100,137
100,138
100,141
100,142
101,102
101,105
101,107
101,108
101,109
101,110
101,111
101,112
101,113
101,114
101,117
101,118
101,119
101,121
101,123
101,124
101,125
101,132
101,135
101,141
101,145
101,147
101,148
101,149
101,153
101,155
101,157
101,158
101,169
101,172
101,175
101,179
101,184
101,185
101,190
101,193
101,195
101,196
102,103
102,104
102,106
102,107
102,108
102,112
102,113
102,116
102,117
102,121
102,122
102,123
102,126
102,129
102,131
102,134
102,135
102,136
102,137
102,138
102,139
102,140
102,146
102,152
102,154
102,164
103,104
103,105
103,108
103,109
103,110
103,111
103,112
103,113
103,114
103,116
103,120
103,121
103,122
103,123
103,124
104,106
104,107
104,108
104,109
104,110
104,111
104,114
104,115
104,116
104,117
104,120
104,124
104,126
104,127
104,129
104,130
104,131
104,132
104,133
104,134
104,136
104,137
104,139
104,140
104,141
104,146
104,150
104,151
104,153
104,154
104,156
104,158
104,165
104,170
105,106
105,107
105,108
105,109
105,110
105,112
105,113
105,114
105,116
105,117
105,118
105,119
105,121
105,122
105,123
105,124
105,125
105,126
105,127
105,129
105,131
105,132
105,135
105,139
105,140
105,141
105,142
105,145
105,146
105,147
105,148
105,149
105,152
105,153
105,154
105,155
105,156
105,157
105,158
105,160
105,162
105,164
105,165
105,166
105,169
105,171
105,172
105,174
105,175
105,178
105,179
105,182
105,184
105,185
105,190
105,193
105,195
105,196
106,108
106,109
106,110
106,115
106,116
106,120
106,121
106,122
106,123
106,125
106,126
106,127
106,128
106,129
106,131
106,132
106,133
106,136
106,137
106,138
106,139
106,140
106,142
106,146
106,150
106,153
106,156
106,157
106,158
106,159
106,163
106,164
106,165
106,170
106,171
106,173
106,174
106,176
106,181
106,182
106,189
106,191
107,108
107,109
107,110
107,113
107,114
107,117
107,118
107,119
107,121
107,123
107,124
107,125
107,132
107,135
107,141
107,145
107,147
107,148
107,149
107,153
107,155
107,157
107,158
107,169
107,172
107,175
107,179
107,184
107,185
107,190
107,193
107,195
107,196
108,109
108,110
108,112
108,113
108,114
108,117
108,118
108,119
108,121
108,123
108,124
108,125
108,126
108,128
108,132
108,135
108,136
108,137
108,138
108,139
108,141
108,143
108,144
108,145
108,147
108,148
108,149
108,150
108,151
108,152
108,153
108,154
108,155
108,156
108,157
108,158
108,160
108,162
108,163
108,164
108,165
108,166
108,169
108,172
108,174
108,175
108,177
108,179
108,180
108,181
108,182
108,184
108,185
108,187
108,190
108,192
108,193
108,195
108,196
109,110
109,112
109,117
109,122
109,124
109,127
109,129
109,132
109,133
109,135
109,136
109,137
109,139
109,140
109,143
109,144
109,146
109,151
109,152
109,153
109,156
109,157
109,158
109,160
109,161
109,163
109,164
109,165
109,166
109,168
109,171
109,173
109,174
109,176
109,177
109,178
109,180
109,181
109,182
109,183
109,186
109,188
109,189
109,191
109,192
110,111
110,112
110,113
110,114
110,115
110,116
110,117
110,118
110,119
110,120
110,121
110,122
110,123
110,124
110,125
110,127
110,128
110,129
110,131
110,132
110,135
110,137
110,138
110,139
110,140
110,141
110,142
110,144
110,145
110,146
110,147
110,148
110,149
110,150
110,151
110,153
110,155
110,157
110,158
110,169
110,172
110,175
110,179
110,184
110,185
110,190
110,193
110,195
110,196
111,112
111,113
111,114
111,115
111,116
111,121
111,122
111,124
111,125
111,126
111,127
112,113
112,116
112,117
112,120
112,121
112,123
112,124
112,125
112,126
112,128
112,129
112,131
112,132
112,133
112,135
112,136
112,137
112,138
112,139
112,140
112,141
112,142
112,143
112,144
112,150
112,151
112,152
112,153
112,154
112,157
112,158
112,159
112,160
112,163
112,164
112,165
112,166
112,168
112,171
112,177
112,180
112,186
112,187
112,188
113,114
113,115
113,117
113,118
113,119
113,121
113,123
113,124
113,125
113,132
113,135
113,141
113,145
113,147
113,148
113,149
113,153
113,155
113,157
113,158
113,169
113,172
113,175
113,179
113,184
113,185
113,190
113,193
113,195
113,196
114,116
114,117
114,118
114,119
114,120
114,121
114,122
114,123
114,124
114,125
114,127
114,128
114,129
114,130
114,131
114,132
114,133
114,135
114,136
114,137
114,138
114,139
114,140
114,141
114,142
114,143
114,144
114,145
114,146
114,147
114,148
114,149
114,150
114,151
114,153
114,154
114,155
114,157
114,158
114,160
114,161
114,162
114,165
114,166
114,169
114,170
114,171
114,172
114,173
114,175
114,177
114,178
114,179
114,180
114,181
114,184
114,185
114,186
114,187
114,188
114,190
114,193
114,195
114,196
115,116
115,120
115,121
115,124
115,126
115,127
115,128
115,130
115,132
115,133
115,135
115,136
115,138
115,140
115,144
115,146
115,147
115,150
115,151
115,152
115,156
115,157
115,158
115,159
115,160
115,161
115,162
116,120
116,121
116,124
116,128
116,129
116,130
116,131
116,132
116,133
116,134
116,135
116,138
116,142
116,143
116,144
116,146
116,147
116,150
116,151
116,152
116,153
116,154
116,156
116,157
116,158
116,159
116,160
117,118
117,119
117,121
117,123
117,124
117,125
117,132
117,135
117,141
117,145
117,147
117,148
117,149
117,153
117,155
117,157
117,158
117,169
117,172
117,175
117,179
117,184
117,185
117,190
117,193
117,195
117,196
118,119
118,121
118,123
118,124
118,125
118,132
118,135
118,141
118,145
118,147
118,148
118,149
118,153
118,155
118,157
118,158
118,169
118,172
118,175
118,179
118,184
118,185
118,190
118,193
118,195
118,196
119,120
119,121
119,123
119,124
119,125
119,126
119,129
119,130
119,131
119,132
119,135
119,139
119,140
119,141
119,142
119,143
119,145
119,147
119,148
119,149
119,151
119,152
119,153
119,155
119,156
119,157
119,158
119,160
119,161
119,163
119,169
119,171
119,172
119,175
119,178
119,179
119,180
119,181
119,183
119,184
119,185
119,190
119,193
119,195
119,196
120,122
120,124
120,127
120,129
120,130
120,133
120,134
120,135
120,138
120,140
120,141
120,144
120,146
120,147
120,150
120,154
120,156
120,157
120,159
120,161
120,162
120,164
120,168
120,170
120,171
120,173
120,176
120,177
120,180
120,181
120,183
120,189
120,191
120,192
121,122
121,123
121,124
121,125
121,128
121,129
121,131
121,132
121,133
121,135
121,141
121,145
121,147
121,148
121,149
121,153
121,155
121,157
121,158
121,169
121,172
121,175
121,179
121,184
121,185
121,190
121,193
121,195
121,196
122,124
122,125
122,126
122,127
122,128
122,129
122,130
122,131
122,132
122,133
122,134
122,135
122,139
122,141
122,142
122,143
122,144
123,124
123,125
123,127
123,128
123,129
123,130
123,131
123,132
123,133
123,134
123,135
123,137
123,138
123,140
123,141
123,142
123,143
123,144
123,145
123,147
123,148
123,149
123,150
123,152
123,153
123,155
123,156
123,157
123,158
123,159
123,160
123,161
123,162
123,165
123,166
123,168
123,169
123,170
123,171
123,172
123,175
123,177
123,179
123,180
123,182
123,184
123,185
123,189
123,190
123,192
123,193
123,195
123,196
123,199
124,125
124,126
124,129
124,130
124,131
124,132
124,135
124,136
124,140
124,141
124,143
124,144
124,145
124,146
124,147
124,148
124,149
124,150
124,151
124,152
124,153
124,155
124,156
124,157
124,158
124,160
124,161
124,162
124,165
124,166
124,168
124,169
124,171
124,172
124,173
124,175
124,176
124,177
124,178
124,179
124,180
124,182
124,183
124,184
124,185
124,186
124,189
124,190
124,192
124,193
124,195
124,196
125,126
125,128
125,129
125,130
125,131
125,132
125,133
125,134
125,135
125,136
125,138
125,140
125,141
125,144
125,145
125,147
125,148
125,149
125,153
125,155
125,157
125,158
125,160
125,161
125,162
125,166
125,167
125,168
125,169
125,171
125,172
125,173
125,174
125,175
125,176
125,178
125,179
125,181
125,183
125,184
125,185
125,186
125,187
125,188
125,189
125,190
125,191
125,193
125,195
125,196
126,127
126,128
126,130
126,136
127,128
127,130
127,131
127,134
127,136
127,137
127,140
127,142
127,143
127,144
127,146
127,147
127,150
127,151
127,152
127,154
127,157
127,158
127,159
127,161
127,162
127,166
127,167
127,170
127,173
127,174
127,176
127,177
127,178
127,180
127,181
127,182
128,129
128,130
128,131
128,132
128,133
128,134
128,135
128,136
128,139
128,140
128,141
128,142
128,143
128,144
128,146
128,148
128,151
128,152
128,153
128,154
128,156
128,159
128,161
128,163
128,164
128,167
128,168
128,173
128,174
128,176
128,177
128,178
128,180
128,181
128,187
128,188
128,191
128,192
128,199
129,130
129,131
129,134
129,135
129,136
129,137
129,138
129,139
129,140
129,142
129,144
129,147
129,148
129,150
129,152
129,153
129,154
130,132
130,133
130,134
130,136
130,137
130,138
130,139
130,140
130,141
130,147
130,150
130,151
130,152
130,156
130,159
130,160
130,162
130,163
130,165
130,166
130,167
130,168
130,170
130,171
130,172
130,173
130,177
130,178
130,180
130,181
130,187
130,191
130,192
130,199
131,133
131,135
131,136
131,138
131,139
131,141
131,143
131,146
132,133
132,135
132,136
132,137
132,138
132,140
132,141
132,142
132,144
132,145
132,146
132,147
132,148
132,149
132,150
132,151
132,153
132,155
132,157
132,158
132,169
132,172
132,175
132,179
132,184
132,185
132,190
132,193
132,195
132,196
133,135
133,136
133,137
134,136
134,137
134,149
134,151
134,152
134,153
134,156
134,157
134,159
134,160
134,161
134,165
134,166
134,167
135,136
135,137
135,139
135,141
135,142
135,143
135,145
135,147
135,148
135,149
135,152
135,153
135,155
135,156
135,157
135,158
135,169
135,172
135,175
135,179
135,184
135,185
135,190
135,193
135,195
135,196
136,137
136,140
136,142
136,143
136,147
136,148
136,149
136,150
136,151
136,153
136,156
136,157
136,158
136,159
136,160
136,163
136,165
136,171
136,177
136,180
136,187
136,189
137,139
137,140
137,143
137,144
137,146
137,147
137,148
137,149
137,150
137,151
137,153
137,156
137,157
137,158
137,159
137,160
137,161
137,162
137,163
137,164
137,166
137,167
137,170
137,171
137,177
137,181
137,182
137,183
137,186
137,187
138,139
138,140
138,142
138,144
138,145
138,147
138,148
138,149
138,150
138,152
138,155
138,156
138,157
138,158
138,159
138,161
138,162
138,163
138,164
138,165
138,166
138,168
138,170
138,171
138,173
138,176
138,177
138,178
138,180
138,181
138,182
138,183
138,187
138,189
138,192
139,140
139,141
139,142
139,143
139,144
139,146
139,147
139,148
139,149
140,141
140,142
140,143
140,144
140,145
140,146
140,148
140,149
140,150
140,151
140,152
140,153
140,154
140,155
140,156
140,157
140,158
140,159
140,162
140,163
140,164
140,165
140,166
140,168
140,172
140,176
141,143
141,144
141,145
141,147
141,148
141,149
141,150
141,151
141,152
141,153
141,155
141,156
141,157
141,158
141,159
141,160
141,161
141,162
141,163
141,164
141,166
141,167
141,169
141,170
141,172
141,173
141,174
141,175
141,178
141,179
141,180
141,184
141,185
141,190
141,193
141,195
141,196
142,145
142,146
142,148
142,149
142,151
142,152
142,153
142,154
142,155
142,157
142,159
142,161
142,162
142,163
142,164
142,165
142,166
142,167
142,168
142,170
142,171
142,172
142,174
142,176
142,177
142,178
142,181
142,182
142,183
142,186
142,187
142,188
142,191
142,194
143,144
143,145
143,146
144,146
144,147
144,148
144,149
144,150
144,151
144,153
144,155
145,146
145,147
145,148
145,149
145,150
145,151
145,152
145,153
145,155
145,157
145,158
145,169
145,172
145,175
145,179
145,184
145,185
145,190
145,193
145,195
145,196
146,149
146,150
146,151
146,152
146,153
146,154
146,155
146,159
146,165
146,166
147,148
147,149
147,150
147,151
147,153
147,154
147,155
147,156
147,157
147,158
147,161
147,162
147,165
147,166
147,169
147,170
147,171
147,172
147,175
147,176
147,178
147,179
147,183
147,184
147,185
147,190
147,193
147,195
147,196
148,149
148,150
148,151
148,152
148,153
148,154
148,155
148,156
148,157
148,158
148,159
148,160
148,161
148,162
148,163
148,164
148,165
148,167
148,169
148,172
148,175
148,176
148,177
148,178
148,179
148,180
148,181
148,182
148,183
148,184
148,185
148,190
148,191
148,192
148,193
148,194
148,195
148,196
149,153
149,154
149,155
149,156
149,157
149,158
149,160
149,161
149,162
149,163
149,165
149,166
149,167
149,168
149,169
149,170
149,171
149,172
149,175
149,176
149,177
149,178
149,179
149,181
149,182
149,183
149,184
149,185
149,188
149,190
149,192
149,193
149,195
149,196
150,153
150,154
150,155
150,156
150,158
150,159
150,160
150,161
150,163
150,164
150,165
150,167
150,168
150,170
150,173
150,174
150,176
150,178
150,181
150,182
150,187
150,188
150,189
151,153
151,154
151,155
151,156
151,160
151,161
151,162
151,163
151,166
151,168
152,153
152,154
152,155
152,156
152,158
152,159
152,160
152,161
152,165
152,166
152,168
152,172
152,173
152,177
152,178
152,180
152,181
152,182
152,186
152,187
152,188
152,191
152,192
152,198
153,154
153,155
153,156
153,157
153,158
153,160
153,162
153,163
153,165
153,168
153,169
153,171
153,172
153,173
153,174
153,175
153,177
153,178
153,179
153,180
153,181
153,183
153,184
153,185
153,186
153,187
153,188
153,189
153,190
153,192
153,193
153,195
153,196
153,198
154,155
155,156
155,157
155,158
155,159
155,160
155,161
155,162
155,163
155,164
155,166
155,169
155,170
155,171
155,172
155,175
155,176
155,177
155,178
155,179
155,180
155,184
155,185
155,187
155,189
155,190
155,191
155,192
155,193
155,194
155,195
155,196
156,158
156,160
156,161
157,158
157,159
157,161
157,162
157,164
157,165
157,166
157,167
157,168
157,169
157,170
157,172
157,175
157,177
157,179
157,180
157,181
157,182
157,183
157,184
157,185
157,190
157,191
157,192
157,193
157,194
157,195
157,196
157,198
158,159
158,161
158,162
158,163
158,166
158,168
158,169
158,171
158,172
158,173
158,175
158,176
158,177
158,178
158,179
158,180
158,181
158,182
158,183
158,184
158,185
158,186
158,188
158,189
158,190
158,191
158,192
158,193
158,194
158,195
158,196
158,198
159,161
159,162
159,163
159,166
159,167
159,168
159,173
159,174
159,176
159,177
159,178
159,181
159,182
159,183
159,187
159,189
159,192
159,194
159,198
160,162
160,163
160,164
160,165
160,167
160,168
160,170
160,174
160,176
160,177
160,178
160,181
160,182
160,183
160,186
160,187
160,188
160,189
160,191
160,192
160,194
160,198
161,167
162,165
162,167
162,168
162,170
162,171
162,173
162,174
163,164
163,167
163,168
163,172
163,176
163,183
163,189
163,198
164,165
164,168
164,170
164,172
164,173
164,181
164,182
164,183
164,186
164,187
164,188
164,189
164,191
165,166
165,167
165,168
165,170
165,172
165,176
165,178
165,181
165,182
165,183
165,186
165,187
165,188
165,189
165,190
165,191
165,198
166,167
166,168
166,170
166,171
166,173
166,174
166,175
166,176
166,178
166,181
166,182
166,186
166,187
166,188
166,189
166,190
166,191
166,192
166,198
166,199
167,170
167,171
167,172
167,173
167,174
167,175
167,176
167,177
167,178
167,180
167,181
167,182
167,186
167,187
167,188
167,189
167,190
167,192
167,194
167,198
167,199
168,169
168,170
168,171
168,172
168,173
168,174
168,175
168,176
168,179
168,180
168,181
168,183
168,186
168,187
168,188
168,189
168,190
168,191
168,192
168,194
168,198
169,171
169,172
169,173
169,174
169,175
169,176
169,178
169,179
169,183
169,184
169,185
169,189
169,190
169,193
169,195
169,196
170,172
170,173
170,174
170,176
170,179
170,181
170,183
170,186
170,187
170,188
170,189
170,190
171,174
171,175
171,177
171,178
171,179
171,182
171,183
171,186
171,187
171,188
171,189
172,175
172,176
172,177
172,179
172,180
172,181
172,182
172,184
172,185
172,187
172,188
172,189
172,190
172,192
172,193
172,194
172,195
172,196
172,199
173,176
173,178
173,179
173,180
173,181
173,182
173,183
173,186
173,187
173,188
173,191
173,192
173,194
173,198
173,199
174,178
174,180
174,181
174,182
174,183
174,185
174,186
174,187
174,188
174,190
174,191
174,192
174,194
174,197
174,199
175,177
175,179
175,181
175,182
175,183
175,184
175,185
175,186
175,187
175,188
175,189
175,190
175,191
175,192
175,193
175,195
175,196
175,197
175,199
176,177
176,179
176,180
176,181
176,182
176,183
176,185
176,186
176,188
176,189
176,190
176,191
176,192
176,194
176,195
176,197
176,198
176,199
177,178
177,181
177,185
177,186
177,189
177,190
177,191
177,192
177,193
177,195
177,197
178,182
178,183
179,180
179,182
179,183
179,184
179,185
179,190
179,193
179,195
179,196
180,181
180,182
180,186
180,187
180,191
180,192
180,193
180,194
180,197
181,182
181,185
181,187
181,190
181,191
181,192
181,193
181,194
182,186
182,187
182,189
182,190
182,191
182,192
182,193
182,194
182,197
182,199
183,184
183,185
183,187
183,188
183,190
183,191
183,193
183,195
183,196
183,197
183,198
183,199
184,185
184,186
184,189
184,190
184,191
184,192
184,193
184,195
184,196
184,198
184,199
185,186
185,188
185,189
185,190
185,191
185,193
185,195
185,196
185,197
185,198
185,199
186,187
186,188
186,189
186,194
186,199
187,188
187,189
187,190
187,191
188,189
188,190
188,191
188,192
188,193
188,194
188,195
188,199
189,191
189,192
189,193
189,194
189,195
189,196
189,197
189,198
189,199
190,192
190,193
190,195
190,196
190,197
190,198
190,199
191,192
191,193
191,194
191,195
191,196
191,197
191,199
192,193
192,194
192,195
192,196
192,197
192,199
193,194
193,195
193,196
193,199
194,196
194,197
195,196
195,198
195,199
196,197
196,198
197,198
197,199
198,199
