0,1
0,2
0,3
0,4
0,5
0,6
0,7
0,8
0,9
0,10
0,11
0,12
0,13
0,14
0,15
0,16
0,17
0,18
0,19
0,20
0,21
0,22
0,23
0,24
0,25
0,26
0,27
0,28
0,29
0,30
0,31
0,32
0,33
0,34
0,35
0,36
0,37
0,38
0,39
0,40
0,41
0,42
0,43
0,44
0,45
0,46
0,47
0,48
0,49
0,50
0,51
0,52
0,57
0,59
0,70
0,78
0,82
0,90
0,96
0,97
0,105
0,107
0,111
0,119
0,127
0,129
0,136
0,138
0,139
0,140
0,143
0,145
0,149
0,152
0,156
0,161
0,166
0,171
0,172
0,174
0,176
0,183
0,187
0,192
0,196
0,198
0,199
1,2
1,3
1,4
1,5
1,6
1,7
1,8
1,9
1,10
1,11
1,12
1,13
1,14
1,15
1,16
1,17
1,18
1,19
1,20
1,21
1,22
1,23
1,24
1,25
1,26
1,27
1,28
1,29
1,30
1,31
1,32
1,33
1,34
1,35
1,36
1,37
1,38
1,39
1,40
1,41
1,42
1,43
1,44
1,45
1,46
1,47
1,48
1,49
1,50
1,51
1,52
1,57
1,59
1,70
1,78
1,82
1,90
1,96
1,97
1,105
1,107
1,111
1,119
1,127
1,129
1,136
1,138
1,139
1,140
1,143
1,145
1,149
1,152
1,156
1,161
1,166
1,171
1,172
1,174
1,176
1,183
1,187
1,192
1,196
1,198
1,199
2,3
2,4
2,5
2,6
2,7
2,8
2,9
2,10
2,11
2,12
2,13
2,14
2,15
2,16
2,17
2,18
2,19
2,20
2,21
2,22
2,23
2,24
2,25
2,26
2,27
2,28
2,29
2,30
2,31
2,32
2,33
2,34
2,35
2,36
2,37
2,38
2,39
2,40
2,41
2,42
2,43
2,44
2,45
2,46
2,47
2,48
2,49
2,50
2,51
3,4
3,5
3,6
3,7
3,8
3,9
3,10
3,11
3,12
3,13
3,14
3,15
3,16
3,17
3,18
3,19
3,20
3,21
3,22
3,23
3,24
3,25
3,26
3,27
3,28
3,29
3,30
3,31
3,32
3,33
3,34
3,35
3,36
3,37
3,38
3,39
3,40
3,41
3,42
3,43
3,44
3,45
3,46
3,47
3,48
3,49
3,50
3,51
4,5
4,6
4,7
4,8
4,9
4,10
4,11
4,12
4,13
4,14
4,15
4,16
4,17
4,18
4,19
4,20
4,21
4,22
4,23
4,24
4,25
4,26
4,27
4,28
4,29
4,30
4,31
4,32
4,33
4,34
4,35
4,36
4,37
4,38
4,39
4,40
4,41
4,42
4,43
4,44
4,45
4,46
4,47
4,48
4,49
4,50
4,51
4,52
4,57
4,59
4,70
4,78
4,82
4,90
4,96
4,97
4,105
4,107
4,111
4,119
4,127
4,129
4,136
4,138
4,139
4,140
4,143
4,145
4,149
4,152
4,156
4,161
4,166
4,171
4,172
4,174
4,176
4,183
4,187
4,192
4,196
4,198
4,199
5,6
5,7
5,8
5,9
5,10
5,11
5,12
5,13
5,14
5,15
5,16
5,17
5,18
5,19
5,20
5,21
5,22
5,23
5,24
5,25
5,26
5,27
5,28
5,29
5,30
5,31
5,32
5,33
5,34
5,35
5,36
5,37
5,38
5,39
5,40
5,41
5,42
5,43
5,44
5,45
5,46
5,47
5,48
5,49
5,50
5,51
6,7
6,8
6,9
6,10
6,11
6,12
6,13
6,14
6,15
6,16
6,17
6,18
6,19
6,20
6,21
6,22
6,23
6,24
6,25
6,26
6,27
6,28
6,29
6,30
6,31
6,32
6,33
6,34
6,35
6,36
6,37
6,38
6,39
6,40
6,41
6,42
6,43
6,44
6,45
6,46
6,47
6,48
6,49
6,50
6,51
7,8
7,9
7,10
7,11
7,12
7,13
7,14
7,15
7,16
7,17
7,18
7,19
7,20
7,21
7,22
7,23
7,24
7,25
7,26
7,27
7,28
7,29
7,30
7,31
7,32
7,33
7,34
7,35
7,36
7,37
7,38
7,39
7,40
7,41
7,42
7,43
7,44
7,45
7,46
7,47
7,48
7,49
7,50
7,51
8,9
8,10
8,11
8,12
8,13
8,14
8,15
8,16
8,17
8,18
8,19
8,20
8,21
8,22
8,23
8,24
8,25
8,26
8,27
8,28
8,29
8,30
8,31
8,32
8,33
8,34
8,35
8,36
8,37
8,38
8,39
8,40
8,41
8,42
8,43
8,44
8,45
8,46
8,47
8,48
8,49
8,50
8,51
8,52
8,57
8,59
8,70
8,78
8,82
8,90
8,96
8,97
8,105
8,107
8,111
8,119
8,127
8,129
8,136
8,138
8,139
8,140
8,143
8,145
8,149
8,152
8,156
8,161
8,166
8,171
8,172
8,174
8,176
8,183
8,187
8,192
8,196
8,198
8,199
9,10
9,11
9,12
9,13
9,14
9,15
9,16
9,17
9,18
9,19
9,20
9,21
9,22
9,23
9,24
9,25
9,26
9,27
9,28
9,29
9,30
9,31
9,32
9,33
9,34
9,35
9,36
9,37
9,38
9,39
9,40
9,41
9,42
9,43
9,44
9,45
9,46
9,47
9,48
9,49
9,50
9,51
10,11
10,12
10,13
10,14
10,15
10,16
10,17
10,18
10,19
10,20
10,21
10,22
10,23
10,24
10,25
10,26
10,27
10,28
10,29
10,30
10,31
10,32
10,33
10,34
10,35
10,36
10,37
10,38
10,39
10,40
10,41
10,42
10,43
10,44
10,45
10,46
10,47
10,48
10,49
10,50
10,51
11,12
11,13
11,14
11,15
11,16
11,17
11,18
11,19
11,20
11,21
11,22
11,23
11,24
11,25
11,26
11,27
11,28
11,29
11,30
11,31
11,32
11,33
11,34
11,35
11,36
11,37
11,38
11,39
11,40
11,41
11,42
11,43
11,44
11,45
11,46
11,47
11,48
11,49
11,50
12,13
12,14
12,15
12,16
12,17
12,18
12,19
12,20
12,21
12,22
12,23
12,24
12,25
12,26
12,27
12,28
12,29
12,30
12,31
12,32
12,33
12,34
12,35
12,36
12,37
12,38
12,39
12,40
12,41
12,42
12,43
12,44
12,45
12,46
12,47
12,48
12,49
12,50
12,51
13,14
13,15
13,16
13,17
13,18
13,19
13,20
13,21
13,22
13,23
13,24
13,25
13,26
13,27
13,28
13,29
13,30
13,31
13,32
13,33
13,34
13,35
13,36
13,37
13,38
13,39
13,40
13,41
13,42
13,43
13,44
13,45
13,46
13,47
13,48
13,49
13,50
13,51
14,15
14,16
14,17
14,18
14,19
14,20
14,21
14,22
14,23
14,24
14,25
14,26
14,27
14,28
14,29
14,30
14,31
14,32
14,33
14,34
14,35
14,36
14,37
14,38
14,39
14,40
14,41
14,42
14,43
14,44
14,45
14,46
14,47
14,48
14,49
14,50
14,51
15,16
15,17
15,18
15,19
15,20
15,21
15,22
15,23
15,24
15,25
15,26
15,27
15,28
15,29
15,30
15,31
15,32
15,33
15,34
15,35
15,36
15,37
15,38
15,39
15,40
15,41
15,42
15,43
15,44
15,45
15,46
15,47
15,48
15,49
15,50
15,51
16,17
16,18
16,19
16,20
16,21
16,22
16,23
16,24
16,25
16,26
16,27
16,28
16,29
16,30
16,31
16,32
16,33
16,34
16,35
16,36
16,37
16,38
16,39
16,40
16,41
16,42
16,43
16,44
16,45
16,46
16,47
16,48
16,49
16,50
16,51
16,52
16,57
16,59
16,70
16,78
16,82
16,90
16,96
16,97
16,105
16,107
16,111
16,119
16,127
16,129
16,136
16,138
16,139
16,140
16,143
16,145
16,149
16,152
16,156
16,161
16,166
16,171
16,172
16,174
16,176
16,183
16,187
16,192
16,196
16,198
16,199
17,18
17,19
17,20
17,21
17,22
17,23
17,24
17,25
17,26
17,27
17,28
17,29
17,30
17,31
17,32
17,33
17,34
17,35
17,36
17,37
17,38
17,39
17,40
17,41
17,42
17,43
17,44
17,45
17,46
17,47
17,48
17,49
17,50
17,51
17,52
17,57
17,59
17,70
17,78
17,82
17,90
17,96
17,97
17,105
17,107
17,111
17,119
17,127
17,129
17,136
17,138
17,139
17,140
17,143
17,145
17,149
17,152
17,156
17,161
17,166
17,171
17,172
17,174
17,176
17,183
17,187
17,192
17,196
17,198
17,199
18,19
18,20
18,21
18,22
18,23
18,24
18,25
18,26
18,27
18,28
18,29
18,30
18,31
18,32
18,33
18,34
18,35
18,36
18,37
18,38
18,39
18,40
18,41
18,42
18,43
18,44
18,45
18,46
18,47
18,48
18,49
18,50
18,51
19,20
19,21
19,22
19,23
19,24
19,25
19,26
19,27
19,28
19,29
19,30
19,31
19,32
19,33
19,34
19,35
19,36
19,37
19,38
19,39
19,40
19,41
19,42
19,43
19,44
19,45
19,46
19,47
19,48
19,49
19,50
19,51
20,21
20,22
20,23
20,24
20,25
20,26
20,27
20,28
20,29
20,30
20,31
20,32
20,33
20,34
20,35
20,36
20,37
20,38
20,39
20,40
20,41
20,42
20,43
20,44
20,45
20,46
20,47
20,48
20,49
20,50
20,51
21,22
21,23
21,24
21,25
21,26
21,27
21,28
21,29
21,30
21,31
21,32
21,33
21,34
21,35
21,36
21,37
21,38
21,39
21,40
21,41
21,42
21,43
21,44
21,45
21,46
21,47
21,48
21,49
21,50
21,51
21,52
21,57
21,59
21,70
21,78
21,82
21,90
21,96
21,97
21,105
21,107
21,111
21,119
21,127
21,129
21,136
21,138
21,139
21,140
21,143
21,145
21,149
21,152
21,156
21,161
21,166
21,171
21,172
21,174
21,176
21,183
21,187
21,192
21,196
21,198
21,199
22,23
22,24
22,25
22,26
22,27
22,28
22,29
22,30
22,31
22,32
22,33
22,34
22,35
22,36
22,37
22,38
22,39
22,40
22,41
22,42
22,43
22,44
22,45
22,46
22,47
22,48
22,49
22,50
22,51
23,24
23,25
23,26
23,27
23,28
23,29
23,30
23,31
23,32
23,33
23,34
23,35
23,36
23,37
23,38
23,39
23,40
23,41
23,42
23,43
23,44
23,45
23,46
23,47
23,48
23,49
23,50
23,51
24,25
24,26
24,27
24,28
24,29
24,30
24,31
24,32
24,33
24,34
24,35
24,36
24,37
24,38
24,39
24,40
24,41
24,42
24,43
24,44
24,45
24,46
24,47
24,48
24,49
24,50
24,51
25,26
25,27
25,28
25,29
25,30
25,31
25,32
25,33
25,34
25,35
25,36
25,37
25,38
25,39
25,40
25,41
25,42
25,43
25,44
25,45
25,46
25,47
25,48
25,49
25,50
25,51
25,52
25,57
25,59
25,70
25,78
25,82
25,90
25,96
25,97
25,105
25,107
25,111
25,119
25,127
25,129
25,136
25,138
25,139
25,140
25,143
25,145
25,149
25,152
25,156
25,161
25,166
25,171
25,172
25,174
25,176
25,183
25,187
25,192
25,196
25,198
25,199
26,27
26,28
26,29
26,30
26,31
26,32
26,33
26,34
26,35
26,36
26,37
26,38
26,39
26,40
26,41
26,42
26,43
26,44
26,45
26,46
26,47
26,48
26,49
26,50
26,51
27,28
27,29
27,30
27,31
27,32
27,33
27,34
27,35
27,36
27,37
27,38
27,39
27,40
27,41
27,42
27,43
27,44
27,45
27,46
27,47
27,48
27,49
27,50
27,51
28,29
28,30
28,31
28,32
28,33
28,34
28,35
28,36
28,37
28,38
28,39
28,40
28,41
28,42
28,43
28,44
28,45
28,46
28,47
28,48
28,49
28,50
28,51
29,30
29,31
29,32
29,33
29,34
29,35
29,36
29,37
29,38
29,39
29,40
29,41
29,42
29,43
29,44
29,45
29,46
29,47
29,48
29,49
29,50
29,51
30,31
30,32
30,33
30,34
30,35
30,36
30,37
30,38
30,39
30,40
30,41
30,42
30,43
30,44
30,45
30,46
30,47
30,48
30,49
30,50
30,51
31,32
31,33
31,34
31,35
31,36
31,37
31,38
31,39
31,40
31,41
31,42
31,43
31,44
31,45
31,46
31,47
31,48
31,49
31,50
31,51
31,52
31,57
31,59
31,70
31,78
31,82
31,90
31,96
31,97
31,105
31,107
31,111
31,119
31,127
31,129
31,136
31,138
31,139
31,140
31,143
31,145
31,149
31,152
31,156
31,161
31,166
31,171
31,172
31,174
31,176
31,183
31,187
31,192
31,196
31,198
31,199
32,33
32,34
32,35
32,36
32,37
32,38
32,39
32,40
32,41
32,42
32,43
32,44
32,45
32,46
32,47
32,48
32,49
32,50
32,51
33,34
33,35
33,36
33,37
33,38
33,39
33,40
33,41
33,42
33,43
33,44
33,45
33,46
33,47
33,48
33,49
33,50
33,51
33,52
33,57
33,59
33,70
33,78
33,82
33,90
33,96
33,97
33,105
33,107
33,111
33,119
33,127
33,129
33,136
33,138
33,139
33,140
33,143
33,145
33,149
33,152
33,156
33,161
33,166
33,171
33,172
33,174
33,176
33,183
33,187
33,192
33,196
33,198
33,199
34,35
34,36
34,37
34,38
34,39
34,40
34,41
34,42
34,43
34,44
34,45
34,46
34,47
34,48
34,49
34,50
34,51
35,36
35,37
35,38
35,39
35,40
35,41
35,42
35,43
35,44
35,45
35,46
35,47
35,48
35,49
35,50
35,51
36,37
36,38
36,39
36,40
36,41
36,42
36,43
36,44
36,45
36,46
36,47
36,48
36,49
36,50
36,51
37,38
37,39
37,40
37,41
37,42
37,43
37,44
37,45
37,46
37,47
37,48
37,49
37,50
37,51
38,39
38,40
38,41
38,42
38,43
38,44
38,45
38,46
38,47
38,48
38,49
38,50
38,51
38,52
38,57
38,59
38,70
38,78
38,82
38,90
38,96
38,97
38,105
38,107
38,111
38,119
38,127
38,129
38,136
38,138
38,139
38,140
38,143
38,145
38,149
38,152
38,156
38,161
38,166
38,171
38,172
38,174
38,176
38,183
38,187
38,192
38,196
38,198
38,199
39,40
39,41
39,42
39,43
39,44
39,45
39,46
39,47
39,48
39,49
39,50
39,51
40,41
40,42
40,43
40,44
40,45
40,46
40,47
40,48
40,49
40,50
40,51
41,42
41,43
41,44
41,45
41,46
41,47
41,48
41,49
41,50
41,51
41,52
41,57
41,59
41,70
41,78
41,82
41,90
41,96
41,97
41,105
41,107
41,111
41,119
41,127
41,129
41,136
41,138
41,139
41,140
41,143
41,145
41,149
41,152
41,156
41,161
41,166
41,171
41,172
41,174
41,176
41,183
41,187
41,192
41,196
41,198
41,199
42,43
42,44
42,45
42,46
42,47
42,48
42,49
42,50
42,51
43,44
43,45
43,46
43,47
43,48
43,49
43,50
43,51
43,52
43,57
43,59
43,70
43,78
43,82
43,90
43,96
43,97
43,105
43,107
43,111
43,119
43,127
43,129
43,136
43,138
43,139
43,140
43,143
43,145
43,149
43,152
43,156
43,161
43,166
43,171
43,172
43,174
43,176
43,183
43,187
43,192
43,196
43,198
43,199
44,45
44,46
44,47
44,48
44,49
44,50
44,51
45,46
45,47
45,48
45,49
45,50
45,51
46,47
46,48
46,49
46,50
46,51
47,48
47,49
47,50
47,51
48,49
48,50
48,51
48,52
48,57
48,59
48,70
48,78
48,82
48,90
48,96
48,97
48,105
48,107
48,111
48,119
48,127
48,129
48,136
48,138
48,139
48,140
48,143
48,145
48,149
48,152
48,156
48,161
48,166
48,171
48,172
48,174
48,176
48,183
48,187
48,192
48,196
48,198
48,199
49,50
49,51
50,51
50,52
50,57
50,59
50,70
50,78
50,82
50,90
50,96
50,97
50,105
50,107
50,111
50,119
50,127
50,129
50,136
50,138
50,139
50,140
50,143
50,145
50,149
50,152
50,156
50,161
50,166
50,171
50,172
50,174
50,176
50,183
50,187
50,192
50,196
50,198
50,199
51,52
51,57
51,59
51,70
51,78
51,82
51,90
51,96
51,97
51,105
51,107
51,111
51,119
51,127
51,129
51,136
51,138
51,139
51,140
51,143
51,145
51,149
51,152
51,156
51,161
51,166
51,171
51,172
51,174
51,176
51,183
51,187
51,192
51,196
51,198
51,199
52,57
52,59
52,70
52,78
52,82
52,90
52,96
52,97
52,105
52,107
52,111
52,119
52,127
52,129
52,136
52,138
52,139
52,140
52,143
52,145
52,149
52,152
52,156
52,161
52,166
52,171
52,172
52,174
52,176
52,183
52,187
52,192
52,196
52,198
52,199
57,59
57,70
57,78
57,82
57,90
57,96
57,97
57,105
57,107
57,111
57,119
57,127
57,129
57,136
57,138
57,139
57,140
57,143
57,145
57,149
57,152
57,156
57,161
57,166
57,171
57,172
57,174
57,176
57,183
57,187
57,192
57,196
57,198
57,199
59,70
59,78
59,82
59,90
59,96
59,97
59,105
59,107
59,111
59,119
59,127
59,129
59,136
59,138
59,139
59,140
59,143
59,145
59,149
59,152
59,156
59,161
59,166
59,171
59,172
59,174
59,176
59,183
59,187
59,192
59,196
59,198
59,199
70,78
70,82
70,90
70,96
70,97
70,105
70,107
70,111
70,119
70,127
70,129
70,136
70,138
70,139
70,140
70,143
70,145
70,149
70,152
70,156
70,161
70,166
70,171
70,172
70,174
70,176
70,183
70,187
70,192
70,196
70,198
70,199
78,82
78,90
78,96
78,97
78,105
78,107
78,111
78,119
78,127
78,129
78,136
78,138
78,139
78,140
78,143
78,145
78,149
78,152
78,156
78,161
78,166
78,171
78,172
78,174
78,176
78,183
78,187
78,192
78,196
78,198
78,199
82,90
82,96
82,97
82,105
82,107
82,111
82,119
82,127
82,129
82,136
82,138
82,139
82,140
82,143
82,145
82,149
82,152
82,156
82,161
82,166
82,171
82,172
82,174
82,176
82,183
82,187
82,192
82,196
82,198
82,199
90,96
90,97
90,105
90,107
90,111
90,119
90,127
90,129
90,136
90,138
90,139
90,140
90,143
90,145
90,149
90,152
90,156
90,161
90,166
90,171
90,172
90,174
90,176
90,183
90,187
90,192
90,196
90,198
90,199
96,97
96,105
96,107
96,111
96,119
96,127
96,129
96,136
96,138
96,139
96,140
96,143
96,145
96,149
96,152
96,156
96,161
96,166
96,171
96,172
96,174
96,176
96,183
96,187
96,192
96,196
96,198
96,199
97,105
97,107
97,111
97,119
97,127
97,129
97,136
97,138
97,139
97,140
97,143
97,145
97,149
97,152
97,156
97,161
97,166
97,171
97,172
97,174
97,176
97,183
97,187
97,192
97,196
97,198
97,199
105,107
105,111
105,119
105,127
105,129
105,136
105,138
105,139
105,140
105,143
105,145
105,149
105,152
105,156
105,161
105,166
105,171
105,172
105,174
105,176
105,183
105,187
105,192
105,196
105,198
105,199
107,111
107,119
107,127
107,129
107,136
107,138
107,139
107,140
107,143
107,145
107,149
107,152
107,156
107,161
107,166
107,171
107,172
107,174
107,176
107,183
107,187
107,192
107,196
107,198
107,199
111,119
111,127
111,129
111,136
111,138
111,139
111,140
111,143
111,145
111,149
111,152
111,156
111,161
111,166
111,171
111,172
111,174
111,176
111,183
111,187
111,192
111,196
111,198
111,199
115,118
115,124
115,125
115,127
115,132
115,133
115,137
115,141
115,149
115,151
116,117
116,118
116,119
116,120
116,121
116,124
117,121
117,122
117,125
117,129
117,131
117,132
117,133
117,145
117,149
118,119
118,120
118,121
118,124
118,125
118,127
118,128
118,131
119,120
119,121
119,122
119,123
119,126
119,127
119,128
119,129
119,132
119,133
119,134
119,136
119,138
119,139
119,140
119,143
119,145
119,149
119,152
119,156
119,159
119,161
119,166
119,171
119,172
119,174
119,176
119,183
119,187
119,192
119,196
119,198
119,199
120,121
120,122
120,124
120,125
120,126
120,127
120,131
120,132
120,133
120,135
121,125
121,126
121,127
121,128
121,130
121,133
121,135
121,136
121,137
121,138
121,140
121,141
121,149
121,153
121,159
122,123
122,124
122,125
122,126
122,127
122,130
122,131
122,132
122,133
122,135
122,136
122,138
122,141
122,142
122,144
122,149
122,151
122,153
122,156
123,124
123,125
123,126
123,129
123,130
123,131
123,132
123,133
123,138
123,140
123,145
123,149
123,151
123,153
123,156
123,159
124,125
124,126
124,127
124,128
124,129
124,130
124,132
124,133
124,135
124,138
124,141
125,127
125,129
125,130
125,132
125,133
125,136
125,137
125,140
125,141
125,142
125,144
126,127
126,128
126,132
126,135
126,140
126,141
126,142
126,144
126,152
127,128
127,129
127,131
127,132
127,133
127,135
127,136
127,138
127,139
127,140
127,141
127,143
127,144
127,145
127,147
127,149
127,152
127,156
127,157
127,159
127,161
127,166
127,171
127,172
127,174
127,176
127,181
127,183
127,187
127,192
127,196
127,198
127,199
129,131
129,132
129,133
129,134
129,135
129,136
129,137
129,138
129,139
129,140
129,142
129,143
129,144
129,145
129,149
129,152
129,156
129,160
129,161
129,166
129,171
129,172
129,174
129,176
129,183
129,187
129,192
129,196
129,198
129,199
130,133
130,134
130,135
130,137
130,141
130,144
130,148
130,149
130,156
130,157
130,159
130,160
130,167
130,181
131,132
131,134
131,136
131,137
132,133
132,134
132,137
132,138
132,139
132,140
132,147
132,148
132,150
132,151
132,153
132,156
132,157
132,159
132,160
132,170
133,135
133,136
133,137
133,141
133,143
133,145
133,147
133,148
133,149
133,150
133,151
133,152
133,153
133,157
133,159
133,160
133,161
133,167
133,170
133,181
134,135
134,136
134,137
134,138
134,140
134,141
134,143
134,145
134,147
134,149
134,151
134,152
134,153
134,156
134,157
134,159
134,160
134,161
134,162
134,163
134,170
134,176
134,179
134,181
135,136
135,138
135,139
136,137
136,138
136,139
136,140
136,143
136,145
136,149
136,152
136,156
136,161
136,166
136,171
136,172
136,174
136,176
136,183
136,187
136,192
136,196
136,198
136,199
137,138
137,139
137,143
137,144
137,145
137,147
137,150
137,151
137,153
137,156
137,162
137,164
138,139
138,140
138,141
138,142
138,143
138,144
138,145
138,149
138,151
138,152
138,153
138,155
138,156
138,159
138,160
138,161
138,162
138,164
138,165
138,166
138,171
138,172
138,174
138,176
138,183
138,187
138,192
138,196
138,198
138,199
139,140
139,141
139,142
139,143
139,145
139,148
139,149
139,150
139,151
139,152
139,155
139,156
139,159
139,160
139,161
139,165
139,166
139,167
139,170
139,171
139,172
139,174
139,176
139,179
139,181
139,183
139,187
139,188
139,192
139,196
139,198
139,199
140,142
140,143
140,145
140,148
140,149
140,150
140,151
140,152
140,155
140,156
140,157
140,158
140,161
140,164
140,165
140,166
140,170
140,171
140,172
140,174
140,176
140,179
140,181
140,183
140,185
140,187
140,192
140,196
140,198
140,199
142,143
142,144
142,145
142,148
142,149
142,150
142,151
142,153
142,155
142,156
142,157
142,158
142,160
142,164
142,165
142,176
142,181
142,186
142,188
143,144
143,145
143,147
143,148
143,149
143,150
143,151
143,152
143,154
143,155
143,156
143,157
143,158
143,161
143,166
143,171
143,172
143,174
143,176
143,183
143,187
143,192
143,196
143,198
143,199
144,147
144,148
144,150
144,153
144,154
144,158
144,159
144,161
144,162
144,163
144,164
144,170
144,176
144,179
144,185
144,186
144,188
145,148
145,149
145,151
145,152
145,154
145,155
145,156
145,157
145,159
145,161
145,163
145,164
145,166
145,167
145,170
145,171
145,172
145,174
145,176
145,181
145,182
145,183
145,185
145,186
145,187
145,188
145,192
145,196
145,198
145,199
146,150
147,148
147,149
147,150
147,151
147,153
147,154
147,156
147,157
147,159
147,165
148,150
148,151
148,156
148,157
148,159
148,160
148,161
148,162
148,164
148,165
148,167
148,168
148,177
149,151
149,152
149,155
149,156
149,157
149,158
149,159
149,160
149,161
149,166
149,171
149,172
149,174
149,176
149,183
149,187
149,192
149,196
149,198
149,199
150,151
150,155
150,156
150,158
150,159
150,161
150,162
150,163
150,164
150,165
150,167
150,170
150,177
150,178
150,182
151,154
151,155
151,156
151,157
151,158
151,159
151,160
151,161
151,163
151,164
151,165
151,168
151,170
151,176
151,177
151,178
151,181
151,182
151,185
151,186
152,156
152,157
152,158
152,159
152,160
152,161
152,162
152,163
152,164
152,165
152,166
152,167
152,168
152,170
152,171
152,172
152,174
152,176
152,183
152,187
152,192
152,196
152,198
152,199
153,154
153,155
153,156
153,157
153,158
153,159
154,155
154,156
154,157
154,159
154,160
154,161
154,162
154,163
154,164
154,165
154,168
154,170
156,161
156,163
156,164
156,166
156,171
156,172
156,174
156,176
156,178
156,179
156,182
156,183
156,186
156,187
156,188
156,192
156,196
156,198
156,199
157,158
157,161
157,162
157,163
157,164
157,170
157,175
157,177
157,178
157,179
157,181
157,186
157,191
157,195
158,159
158,161
158,162
158,164
158,167
158,168
158,169
158,176
158,177
158,178
158,179
158,181
158,185
158,188
158,191
158,193
159,160
159,161
159,163
159,164
159,165
159,167
159,168
160,162
160,163
161,164
161,165
161,166
161,171
161,172
161,174
161,175
161,176
161,177
161,182
161,183
161,185
161,186
161,187
161,192
161,196
161,198
161,199
162,163
162,165
162,168
162,169
162,177
162,178
162,179
162,182
162,186
162,190
162,191
162,193
162,195
163,165
163,166
164,165
164,166
164,167
164,169
164,170
164,175
164,176
164,177
164,179
164,181
164,182
164,185
165,168
165,169
165,170
165,171
165,175
165,176
165,177
165,178
166,168
166,169
166,170
166,171
166,172
166,174
166,176
166,177
166,178
166,181
166,182
166,183
166,187
166,191
166,192
166,193
166,196
166,198
166,199
167,168
167,170
167,171
167,177
167,178
167,181
167,182
167,188
167,191
167,192
167,193
168,173
168,175
168,176
168,177
168,178
168,179
168,181
168,182
168,186
168,192
168,193
169,171
169,173
169,175
169,176
169,177
169,179
170,174
170,175
170,176
170,177
170,178
170,179
170,192
170,193
171,172
171,174
171,176
171,183
171,187
171,192
171,196
171,198
171,199
172,174
172,176
172,181
172,183
172,187
172,190
172,191
172,192
172,196
172,198
172,199
174,176
174,177
174,178
174,179
174,180
174,181
174,182
174,183
174,185
174,186
174,187
174,190
174,191
174,192
174,196
174,198
174,199
176,177
176,183
176,184
176,185
176,186
176,187
176,191
176,192
176,193
176,196
176,198
176,199
177,178
177,179
177,180
177,182
177,188
177,190
177,193
178,179
178,180
178,181
178,182
178,184
178,185
178,188
178,190
178,191
178,193
179,180
179,181
179,184
179,185
179,188
179,190
179,191
179,193
180,181
180,185
181,182
181,184
181,185
181,186
181,188
181,189
181,191
181,194
181,197
182,184
182,186
182,188
182,191
182,193
182,195
183,187
183,192
183,196
183,198
183,199
184,189
184,190
184,191
184,192
184,195
185,186
185,187
185,188
185,189
185,197
186,190
186,191
186,194
186,195
186,197
187,191
187,192
187,194
187,195
187,196
187,197
187,198
187,199
188,190
188,191
188,192
188,195
189,191
189,194
189,195
189,197
190,192
190,194
190,195
190,197
191,192
191,195
191,197
192,196
192,198
192,199
193,197
196,198
196,199
198,199
