0,1
0,2
0,3
0,4
0,5
0,6
0,7
0,8
0,9
0,10
0,11
0,12
0,13
0,14
0,15
0,16
0,17
0,18
0,19
0,20
0,21
0,22
0,23
0,24
0,25
0,26
0,27
0,28
0,29
0,30
0,31
1,2
1,3
1,4
1,5
1,6
1,7
1,8
1,9
1,10
1,11
1,12
1,13
1,14
1,15
1,16
1,17
1,18
1,19
1,20
1,21
1,22
1,23
1,24
1,25
1,26
1,27
1,28
1,29
1,30
1,31
2,3
2,4
2,5
2,6
2,7
2,8
2,9
2,10
2,11
2,12
2,13
2,14
2,15
2,16
2,17
2,18
2,19
2,20
2,21
2,22
2,23
2,24
2,25
2,26
2,27
2,28
2,29
2,30
2,31
3,4
3,5
3,6
3,7
3,8
3,9
3,10
3,11
3,12
3,13
3,14
3,15
3,16
3,17
3,18
3,19
3,20
3,21
3,22
3,23
3,24
3,25
3,26
3,27
3,28
3,29
3,30
3,31
3,36
3,46
3,50
3,53
3,63
3,71
3,80
3,83
3,85
3,94
3,97
3,106
3,120
3,131
3,136
3,138
3,145
3,157
3,168
3,175
3,176
3,177
3,178
3,188
3,195
4,5
4,6
4,7
4,8
4,9
4,10
4,11
4,12
4,13
4,14
4,15
4,16
4,17
4,18
4,19
4,20
4,21
4,22
4,23
4,24
4,25
4,26
4,27
4,28
4,29
4,30
4,31
5,6
5,7
5,8
5,9
5,10
5,11
5,12
5,13
5,14
5,15
5,16
5,17
5,18
5,19
5,20
5,21
5,22
5,23
5,24
5,25
5,26
5,27
5,28
5,29
5,30
5,31
6,7
6,8
6,9
6,10
6,11
6,12
6,13
6,14
6,15
6,16
6,17
6,18
6,19
6,20
6,21
6,22
6,23
6,24
6,25
6,26
6,27
6,28
6,29
6,30
6,31
7,8
7,9
7,10
7,11
7,12
7,13
7,14
7,15
7,16
7,17
7,18
7,19
7,20
7,21
7,22
7,23
7,24
7,25
7,26
7,27
7,28
7,29
7,30
7,31
7,36
7,46
7,50
7,53
7,63
7,71
7,80
7,83
7,85
7,94
7,97
7,106
7,120
7,131
7,136
7,138
7,145
7,157
7,168
7,175
7,176
7,177
7,178
7,188
7,195
8,9
8,10
8,11
8,12
8,13
8,14
8,15
8,16
8,17
8,18
8,19
8,20
8,21
8,22
8,23
8,24
8,25
8,26
8,27
8,28
8,29
8,30
8,31
9,10
9,11
9,12
9,13
9,14
9,15
9,16
9,17
9,18
9,19
9,20
9,21
9,22
9,23
9,24
9,25
9,26
9,27
9,28
9,29
9,30
9,31
10,11
10,12
10,13
10,14
10,15
10,16
10,17
10,18
10,19
10,20
10,21
10,22
10,23
10,24
10,25
10,26
10,27
10,28
10,29
10,30
10,31
11,12
11,13
11,14
11,15
11,16
11,17
11,18
11,19
11,20
11,21
11,22
11,23
11,24
11,25
11,26
11,27
11,28
11,29
11,30
11,31
12,13
12,14
12,15
12,16
12,17
12,18
12,19
12,20
12,21
12,22
12,23
12,24
12,25
12,26
12,27
12,28
12,29
12,30
12,31
13,14
13,15
13,16
13,17
13,18
13,19
13,20
13,21
13,22
13,23
13,24
13,25
13,26
13,27
13,28
13,29
13,30
13,31
13,36
13,46
13,50
13,53
13,63
13,71
13,80
13,83
13,85
13,94
13,97
13,106
13,120
13,131
13,136
13,138
13,145
13,157
13,168
13,175
13,176
13,177
13,178
13,188
13,195
14,15
14,16
14,17
14,18
14,19
14,20
14,21
14,22
14,23
14,24
14,25
14,26
14,27
14,28
14,29
14,30
14,31
15,16
15,17
15,18
15,19
15,20
15,21
15,22
15,23
15,24
15,25
15,26
15,27
15,28
15,29
15,30
15,31
16,17
16,18
16,19
16,20
16,21
16,22
16,23
16,24
16,25
16,26
16,27
16,28
16,29
16,30
16,31
16,36
16,46
16,50
16,53
16,63
16,71
16,80
16,83
16,85
16,94
16,97
16,106
16,120
16,131
16,136
16,138
16,145
16,157
16,168
16,175
16,176
16,177
16,178
16,188
16,195
17,18
17,19
17,20
17,21
17,22
17,23
17,24
17,25
17,26
17,27
17,28
17,29
17,30
17,31
18,19
18,20
18,21
18,22
18,23
18,24
18,25
18,26
18,27
18,28
18,29
18,30
18,31
19,20
19,21
19,22
19,23
19,24
19,25
19,26
19,27
19,28
19,29
19,30
20,21
20,22
20,23
20,24
20,25
20,26
20,27
20,28
20,29
20,30
20,31
21,22
21,23
21,24
21,25
21,26
21,27
21,28
21,29
21,30
21,31
21,36
21,46
21,50
21,53
21,63
21,71
21,80
21,83
21,85
21,94
21,97
21,106
21,120
21,131
21,136
21,138
21,145
21,157
21,168
21,175
21,176
21,177
21,178
21,188
21,195
22,23
22,24
22,25
22,26
22,27
22,28
22,29
22,30
22,31
23,24
23,25
23,26
23,27
23,28
23,29
23,30
23,31
24,25
24,26
24,27
24,28
24,29
24,30
24,31
25,26
25,27
25,28
25,29
25,30
25,31
26,27
26,28
26,29
26,30
26,31
26,36
26,46
26,50
26,53
26,63
26,71
26,80
26,83
26,85
26,94
26,97
26,106
26,120
26,131
26,136
26,138
26,145
26,157
26,168
26,175
26,176
26,177
26,178
26,188
26,195
27,28
27,29
27,30
27,31
28,29
28,30
28,31
29,30
29,31
29,36
29,46
29,50
29,53
29,63
29,71
29,80
29,83
29,85
29,94
29,97
29,106
29,120
29,131
29,136
29,138
29,145
29,157
29,168
29,175
29,176
29,177
29,178
29,188
29,195
30,31
36,46
36,50
36,53
36,63
36,71
36,80
36,83
36,85
36,94
36,97
36,106
36,120
36,131
36,136
36,138
36,145
36,157
36,168
36,175
36,176
36,177
36,178
36,188
36,195
42,44
42,46
42,49
42,51
42,52
42,53
42,55
42,56
43,44
43,45
43,46
43,47
43,48
43,49
43,51
43,52
43,53
43,54
43,55
43,57
43,59
43,62
43,63
43,64
43,69
43,70
43,75
44,46
44,47
44,48
44,49
44,51
44,52
44,53
44,54
44,55
44,56
44,57
44,58
44,59
44,60
44,62
44,63
44,64
44,70
44,71
44,72
44,73
44,74
44,75
44,76
44,77
45,47
45,48
45,49
45,51
45,53
45,54
45,55
45,56
45,57
45,58
45,59
45,60
45,61
45,63
45,64
45,66
45,67
45,68
46,48
46,49
46,50
46,51
46,52
46,53
46,55
46,56
46,57
46,58
46,60
46,61
46,62
46,63
46,71
46,80
46,83
46,85
46,94
46,97
46,106
46,120
46,131
46,136
46,138
46,145
46,157
46,168
46,175
46,176
46,177
46,178
46,188
46,195
47,48
48,49
48,52
48,53
48,54
48,55
48,56
48,57
48,58
48,59
48,60
48,61
48,62
48,63
48,64
48,66
48,68
48,69
48,71
48,72
48,73
48,74
48,75
48,77
48,86
49,50
49,52
49,53
49,54
49,55
49,57
49,58
49,59
49,61
49,62
49,63
50,51
50,53
50,54
50,55
50,56
50,57
50,58
50,59
50,60
50,61
50,62
50,63
50,65
50,67
50,68
50,69
50,70
50,71
50,72
50,73
50,74
50,75
50,76
50,77
50,79
50,80
50,83
50,85
50,94
50,97
50,106
50,120
50,131
50,136
50,138
50,145
50,157
50,168
50,175
50,176
50,177
50,178
50,188
50,195
51,52
51,54
51,55
51,57
51,58
51,59
51,60
51,61
51,62
51,63
51,64
51,65
51,66
51,67
51,68
51,69
51,70
51,72
51,73
51,74
51,75
51,76
51,77
51,87
51,88
52,53
52,54
52,55
52,56
52,57
52,59
52,60
52,61
52,62
52,63
52,64
52,67
52,68
52,70
52,71
52,73
52,74
52,75
52,76
52,77
52,78
52,79
52,82
52,86
52,87
52,89
53,54
53,55
53,56
53,57
53,58
53,59
53,60
53,61
53,62
53,63
53,64
53,65
53,71
53,80
53,83
53,85
53,94
53,97
53,106
53,120
53,131
53,136
53,138
53,145
53,157
53,168
53,175
53,176
53,177
53,178
53,188
53,195
54,55
54,56
54,57
54,58
54,60
55,56
55,57
55,58
55,59
55,60
55,61
55,62
55,64
55,65
55,67
55,68
55,71
55,72
55,73
55,74
55,75
55,76
55,77
55,86
55,87
55,88
55,89
56,57
56,58
56,60
56,61
56,63
56,64
56,65
56,66
56,67
56,68
56,69
56,70
56,71
56,72
56,73
56,74
56,75
56,76
56,79
56,82
56,83
56,85
56,87
56,88
56,89
56,95
56,115
57,58
57,61
57,62
57,63
57,64
57,65
57,66
57,67
57,68
57,69
57,70
57,71
57,72
57,73
57,74
57,75
57,76
57,77
57,78
57,79
57,82
57,83
57,85
57,87
57,88
57,90
57,95
57,99
57,100
57,117
57,118
57,131
57,133
58,60
58,61
58,62
58,63
58,64
59,61
59,62
59,63
59,64
59,66
59,67
59,69
59,70
59,71
59,72
59,74
59,76
59,77
59,78
59,79
59,82
59,83
59,85
59,86
59,87
59,88
59,92
59,95
59,96
59,100
59,110
59,112
59,117
59,118
59,131
59,133
59,138
60,61
60,62
60,63
60,64
60,65
60,66
60,67
60,68
60,69
60,70
60,71
60,72
60,74
60,75
60,76
60,77
60,78
60,79
60,80
60,81
60,82
60,83
60,85
60,86
60,87
60,89
60,92
60,95
60,96
60,99
60,102
60,103
60,105
60,110
60,112
60,115
60,118
60,121
60,127
60,129
60,130
60,131
60,133
60,138
61,63
61,64
61,65
61,66
61,67
61,68
61,70
61,71
61,72
61,73
61,74
61,75
61,76
61,77
61,78
61,79
61,80
61,81
61,82
61,83
61,85
61,86
61,87
61,88
61,92
62,63
62,64
62,65
62,66
63,65
63,66
63,67
63,69
63,70
63,71
63,80
63,83
63,85
63,94
63,97
63,106
63,120
63,131
63,136
63,138
63,145
63,157
63,168
63,175
63,176
63,177
63,178
63,188
63,195
64,67
65,66
65,67
65,68
65,70
65,71
65,72
65,73
65,74
65,75
65,76
65,77
65,78
65,82
65,83
65,88
65,90
65,92
65,94
65,95
65,96
65,103
65,112
65,117
65,118
65,121
65,122
65,127
65,131
66,67
66,71
66,72
66,73
66,74
66,75
66,76
66,77
66,78
66,79
66,80
66,81
66,82
66,85
66,86
66,87
66,89
66,90
66,91
66,92
66,94
66,95
66,100
66,102
66,103
66,105
66,117
66,118
66,121
66,122
66,125
66,126
66,127
66,129
66,130
66,131
66,132
66,138
67,68
67,69
67,70
67,71
67,72
67,73
67,74
68,69
69,72
70,72
70,74
70,75
70,76
70,77
70,78
70,79
70,80
70,81
70,82
70,83
70,84
70,85
70,88
70,89
70,90
70,91
70,92
70,93
70,94
70,95
70,100
70,102
70,103
70,105
70,110
70,112
70,115
70,117
70,118
70,121
70,122
70,127
70,129
71,72
71,73
71,74
71,75
71,77
71,78
71,79
71,80
71,82
71,83
71,85
71,86
71,87
71,88
71,89
71,92
71,93
71,94
71,97
71,99
71,100
71,102
71,103
71,104
71,105
71,106
71,120
71,131
71,136
71,138
71,145
71,157
71,168
71,175
71,176
71,177
71,178
71,188
71,195
72,73
72,74
72,75
72,76
72,77
72,78
72,80
72,82
72,83
72,84
72,85
72,86
72,87
72,89
72,90
72,91
72,92
72,93
72,94
72,95
72,99
72,101
73,74
73,75
73,76
73,77
73,78
73,80
73,81
73,82
73,83
73,84
73,85
73,86
73,87
73,88
73,90
73,91
73,92
73,93
73,94
74,77
74,78
74,79
74,80
74,81
74,82
74,83
74,84
75,76
75,77
75,78
75,79
76,77
76,78
76,79
76,81
76,82
76,83
76,85
76,86
76,87
76,90
76,91
76,92
76,93
76,94
76,95
76,96
76,97
77,78
77,79
77,80
77,81
77,82
77,83
77,85
77,86
77,87
77,88
77,89
77,90
77,91
77,92
77,93
77,94
77,95
77,96
77,97
77,98
77,100
77,101
77,103
77,104
77,110
77,112
77,115
78,79
78,80
78,81
78,83
78,84
78,85
78,86
78,87
78,88
78,89
78,90
78,91
79,80
79,81
79,82
79,83
79,84
79,86
79,87
79,88
79,89
79,90
79,91
79,92
79,93
79,94
79,96
79,97
79,98
79,100
79,102
79,103
79,104
79,105
79,111
79,115
79,116
79,118
80,81
80,82
80,83
80,84
80,85
80,94
80,97
80,106
80,120
80,131
80,136
80,138
80,145
80,157
80,168
80,175
80,176
80,177
80,178
80,188
80,195
82,83
82,84
82,85
82,86
82,88
82,89
82,90
82,91
82,95
82,96
82,97
82,98
82,104
82,109
82,110
82,114
82,116
82,117
82,118
82,119
83,85
83,86
83,87
83,88
83,89
83,90
83,91
83,92
83,94
83,95
83,96
83,97
83,98
83,99
83,100
83,101
83,102
83,103
83,104
83,106
83,109
83,110
83,111
83,120
83,131
83,136
83,138
83,145
83,157
83,168
83,175
83,176
83,177
83,178
83,188
83,195
84,85
84,87
85,86
85,87
85,88
85,89
85,90
85,91
85,92
85,93
85,94
85,95
85,96
85,97
85,98
85,100
85,101
85,102
85,103
85,104
85,105
85,106
85,107
85,109
85,110
85,111
85,112
85,113
85,114
85,120
85,131
85,136
85,138
85,145
85,157
85,168
85,175
85,176
85,177
85,178
85,188
85,195
86,87
86,88
86,89
86,90
86,91
86,92
86,95
86,96
86,98
86,99
86,100
86,101
86,102
86,103
86,104
86,105
86,107
86,108
86,109
86,111
86,112
86,115
86,116
86,118
86,119
86,126
86,131
87,88
87,89
87,91
87,92
87,94
87,95
87,96
87,97
87,98
87,99
87,100
87,101
87,102
87,103
87,104
87,105
87,107
87,108
87,110
87,111
87,114
87,115
87,116
87,117
87,118
87,119
87,121
87,122
87,123
87,125
87,126
87,127
88,89
89,90
89,91
89,92
89,93
89,94
89,95
89,96
89,97
89,99
89,101
89,102
89,103
89,104
89,105
89,107
89,108
89,109
89,110
89,111
89,112
89,114
89,116
89,117
89,119
89,121
89,122
89,125
89,126
89,127
89,129
89,131
89,132
89,138
90,92
90,93
90,95
90,96
90,97
90,98
90,99
90,100
90,101
90,102
90,103
90,104
90,105
90,106
90,107
90,108
90,109
90,110
90,111
90,114
90,118
90,119
90,121
90,122
90,123
90,126
90,127
90,129
90,130
90,131
90,132
91,92
91,93
91,94
91,95
92,93
92,94
92,95
92,96
92,97
92,99
93,94
93,95
93,97
93,98
93,99
93,100
93,101
93,102
93,104
93,105
93,106
94,95
94,96
94,97
94,98
94,106
94,120
94,131
94,136
94,138
94,145
94,157
94,168
94,175
94,176
94,177
94,178
94,188
94,195
95,96
95,97
95,99
95,100
95,101
95,103
95,105
95,107
96,98
96,99
96,101
96,102
96,103
96,104
96,107
96,108
96,109
96,112
96,119
96,121
96,122
96,124
97,98
97,99
97,100
97,101
97,102
97,103
97,106
97,120
97,131
97,136
97,138
97,145
97,157
97,168
97,175
97,176
97,177
97,178
97,188
97,195
98,99
98,100
99,102
99,103
99,104
99,105
99,106
99,108
99,109
99,110
99,111
99,112
99,114
99,115
99,118
99,119
99,120
99,121
99,122
99,123
99,124
99,128
99,129
100,101
100,102
100,103
100,104
100,105
100,106
100,108
100,110
101,102
102,103
102,104
102,105
102,106
102,107
102,108
102,110
102,111
102,112
102,113
102,115
102,117
102,119
102,121
102,122
102,123
102,126
102,127
102,128
102,129
102,130
102,153
103,104
103,106
103,107
103,108
103,109
103,110
103,111
103,112
103,113
103,114
103,116
103,117
103,119
103,120
103,121
103,122
103,123
104,105
104,106
104,107
104,108
104,110
104,111
104,112
104,113
104,114
104,115
104,116
105,106
105,108
105,109
105,112
105,113
105,115
105,116
105,117
105,118
105,119
105,120
105,121
105,122
105,123
105,124
105,127
105,128
105,129
105,130
105,131
105,132
105,137
105,153
106,108
106,109
106,110
106,111
106,112
106,113
106,120
106,131
106,136
106,138
106,145
106,157
106,168
106,175
106,176
106,177
106,178
106,188
106,195
108,109
108,110
108,111
109,110
109,112
109,114
109,115
109,117
109,118
109,119
109,121
110,111
110,112
110,114
110,115
110,116
110,117
110,119
110,120
110,123
110,124
110,125
110,126
110,127
110,128
111,112
111,113
111,114
111,115
111,116
111,117
111,118
111,120
111,121
111,122
111,123
111,124
111,125
111,126
111,128
111,129
111,130
111,131
111,132
111,137
111,138
111,139
111,153
112,114
112,115
112,116
112,117
112,120
112,121
112,122
112,123
112,124
112,126
112,128
112,129
112,130
112,132
112,133
112,134
112,136
112,137
112,138
112,139
112,140
113,114
113,115
113,116
113,117
113,118
113,119
113,120
113,121
113,122
113,123
113,124
113,125
113,127
113,128
113,129
113,130
113,132
113,133
113,134
113,136
113,137
113,139
113,140
114,115
114,116
114,117
114,118
114,119
114,120
114,121
115,116
115,117
115,118
115,119
115,120
115,121
115,122
115,123
115,124
115,128
115,129
115,130
115,132
115,133
115,134
115,136
115,138
115,140
115,148
115,150
116,117
116,118
116,119
116,120
116,121
116,122
116,123
116,124
116,125
116,126
116,127
116,128
116,129
117,118
117,119
117,120
117,121
117,122
117,123
117,124
117,125
117,126
117,127
117,128
117,129
117,130
117,131
117,132
117,133
117,134
117,136
117,137
118,119
118,120
118,121
118,122
118,123
118,125
118,126
118,127
118,128
118,129
118,130
118,131
118,132
118,133
118,134
118,136
118,137
118,138
118,140
118,143
118,148
118,150
119,120
119,121
119,122
119,123
119,124
119,125
119,126
119,127
119,128
119,129
119,130
119,131
119,132
119,133
119,134
119,136
120,131
120,136
120,138
120,145
120,157
120,168
120,175
120,176
120,177
120,178
120,188
120,195
121,122
121,123
121,124
121,125
121,127
121,129
121,130
121,134
121,135
121,140
121,142
121,143
121,145
121,148
121,150
121,151
122,123
122,125
122,126
123,124
123,125
123,126
123,127
123,128
123,129
123,132
123,134
123,135
123,136
123,138
123,140
123,141
123,142
124,125
124,126
124,127
124,128
124,130
124,132
124,133
124,134
124,136
124,137
124,138
124,139
124,141
124,142
124,150
124,151
124,163
126,128
126,129
126,130
126,132
126,133
126,134
126,135
126,136
126,137
126,138
126,139
126,143
126,145
126,148
126,149
126,150
126,151
126,152
126,153
127,128
127,130
127,131
127,132
127,133
127,134
127,135
127,137
127,138
127,139
127,141
127,142
127,143
127,148
127,149
127,150
127,151
127,152
127,153
128,129
128,130
128,131
128,133
128,134
128,135
128,136
128,138
128,139
128,140
128,141
128,142
128,143
128,144
128,145
128,147
128,148
128,149
128,150
128,151
128,152
128,153
128,157
129,130
129,132
129,133
129,134
129,135
129,136
129,137
129,138
129,139
129,142
129,144
129,145
129,147
129,148
129,149
129,150
129,151
129,152
129,153
129,154
129,157
129,159
129,170
130,131
130,132
130,134
130,136
130,137
130,138
130,139
130,140
130,141
130,142
130,143
130,144
130,145
130,147
130,149
130,150
130,151
130,152
130,153
130,154
130,155
130,157
130,158
130,159
130,163
130,165
130,170
130,171
131,133
131,134
131,135
131,136
131,137
131,138
131,139
131,140
131,141
131,142
131,143
131,144
131,145
131,147
131,157
131,168
131,175
131,176
131,177
131,178
131,188
131,195
132,133
132,134
132,137
132,138
132,139
132,140
132,141
132,142
132,143
132,144
132,146
132,148
132,149
132,150
132,152
132,153
132,154
132,155
132,157
132,158
132,159
132,163
132,164
132,165
132,168
132,170
132,171
133,134
133,135
133,136
133,137
133,138
133,139
133,140
133,141
133,142
133,143
133,145
133,146
133,147
133,148
133,149
133,150
133,151
133,152
133,153
133,154
133,155
133,156
133,157
133,158
133,159
133,162
133,164
133,165
133,168
133,170
133,171
134,135
134,136
134,137
134,138
134,139
134,140
134,142
134,143
134,144
134,145
134,146
134,147
134,148
134,149
134,150
134,151
134,152
134,153
134,154
134,155
134,156
134,157
134,160
134,162
134,163
134,164
134,165
134,167
135,136
135,137
135,138
135,139
135,140
135,142
135,143
135,144
135,145
136,138
136,139
136,140
136,142
136,143
136,144
136,145
136,146
136,157
136,168
136,175
136,176
136,177
136,178
136,188
136,195
137,139
137,140
137,142
137,143
137,144
137,145
137,146
137,147
137,148
137,149
137,150
137,152
137,153
137,154
137,155
137,156
137,158
137,160
137,161
137,162
137,163
137,164
137,167
137,168
137,169
138,139
138,140
138,142
138,143
138,144
138,145
138,146
138,147
138,149
138,150
138,151
138,152
138,153
138,155
138,156
138,157
138,158
138,159
138,160
138,161
138,162
138,163
138,168
138,175
138,176
138,177
138,178
138,188
138,195
139,140
139,141
139,142
139,143
139,144
139,147
139,148
139,150
139,151
139,152
139,153
139,155
139,156
139,157
139,158
139,159
139,160
139,161
139,162
139,163
139,164
139,165
139,168
139,169
139,170
139,171
139,173
140,141
140,142
140,143
141,142
141,143
141,145
141,146
141,148
141,149
141,150
141,151
141,152
141,153
141,154
141,156
141,157
141,158
141,159
142,143
142,144
142,145
142,146
142,147
142,148
142,149
142,150
142,151
142,152
142,154
142,155
143,145
143,146
143,147
143,148
143,149
143,150
143,151
143,152
143,153
143,154
143,156
143,157
143,159
143,160
143,161
143,162
143,163
143,164
143,167
143,168
143,169
143,170
143,171
144,146
144,147
145,146
145,147
145,148
145,149
145,150
145,151
145,153
145,155
145,156
145,157
145,158
145,159
145,160
145,162
145,163
145,164
145,165
145,167
145,168
145,169
145,171
145,175
145,176
145,177
145,178
145,188
145,195
146,147
146,148
146,149
146,150
146,151
147,148
147,149
148,149
148,150
148,151
148,152
148,153
148,154
148,156
148,157
148,158
148,159
148,160
148,161
148,162
148,163
148,164
148,165
148,167
148,169
148,173
148,183
149,150
149,151
149,152
149,153
149,154
149,155
149,156
149,157
149,158
150,152
150,153
150,154
150,155
150,156
150,157
150,158
150,159
150,160
150,161
150,162
150,164
150,165
150,166
150,167
150,168
150,169
150,170
150,171
150,176
150,181
151,153
151,154
151,155
151,156
151,157
151,158
151,159
151,160
151,161
151,162
151,163
151,164
151,165
152,153
152,154
152,156
152,157
152,159
152,161
152,162
152,163
152,164
152,165
152,166
152,167
152,168
152,169
152,170
152,171
152,174
152,175
152,176
152,181
152,185
153,155
153,157
153,158
153,159
153,160
153,161
153,162
153,165
153,166
153,167
153,169
153,170
153,171
153,172
153,173
153,174
153,176
153,181
153,183
153,184
153,185
153,187
153,197
154,155
154,156
154,158
154,159
154,161
154,162
154,163
154,164
154,165
154,166
154,167
154,169
154,170
154,172
154,173
154,174
154,175
154,176
154,179
154,181
154,183
154,184
155,156
155,157
155,158
155,160
155,161
155,162
155,163
155,164
155,165
155,166
155,167
155,168
155,170
155,171
155,172
155,173
155,174
155,175
155,176
155,178
155,183
155,184
155,185
155,187
155,190
155,197
156,157
156,158
156,160
156,161
156,162
156,163
156,164
156,165
156,166
156,167
156,168
157,158
157,159
157,161
157,162
157,163
157,168
157,175
157,176
157,177
157,178
157,188
157,195
158,159
158,160
158,161
158,162
158,163
158,164
158,165
158,166
158,167
158,169
158,170
158,171
158,173
158,174
158,176
159,160
159,161
159,162
159,163
159,164
159,165
159,167
159,168
159,169
159,171
159,172
159,173
159,174
159,178
159,179
159,181
159,183
159,184
159,190
160,161
160,162
160,163
160,164
160,165
160,166
160,167
160,168
160,169
160,170
160,171
160,172
162,163
162,165
162,167
162,168
162,169
162,170
162,171
162,174
162,175
162,176
162,181
163,164
163,166
164,165
164,166
164,167
164,168
164,169
164,170
164,171
164,172
164,173
164,174
164,175
164,176
164,177
165,166
165,167
165,168
165,169
165,170
165,171
165,172
165,175
165,176
165,177
165,178
165,179
165,181
165,182
165,183
165,184
165,185
165,187
165,190
166,167
166,170
166,171
166,174
166,175
166,176
166,177
166,178
166,179
166,180
166,181
166,182
166,183
166,184
166,185
166,186
166,187
167,168
167,169
167,170
167,171
167,172
167,173
167,174
167,175
167,176
167,177
167,178
167,179
167,180
167,182
167,183
167,184
167,185
167,187
167,190
167,193
167,197
168,169
168,170
168,171
168,172
168,173
168,174
168,175
168,176
168,177
168,178
168,179
168,180
168,181
168,182
168,183
168,184
168,185
168,186
168,187
168,188
168,190
168,192
168,193
168,195
169,170
169,171
169,172
169,174
169,175
169,176
169,177
170,171
170,172
170,175
170,176
170,178
170,179
170,180
170,181
170,182
170,185
170,186
171,172
171,173
171,174
171,175
171,176
171,178
171,179
171,180
171,181
171,182
171,185
171,186
171,187
171,189
171,190
171,192
171,193
171,194
171,195
171,197
171,199
172,173
172,174
172,175
172,176
172,177
172,178
172,179
172,180
172,181
172,182
172,185
172,186
172,187
172,190
172,192
172,193
172,194
172,195
173,175
173,176
173,177
173,178
173,179
173,182
173,183
173,184
173,185
173,186
173,187
173,188
173,189
173,190
173,192
173,193
173,194
173,195
173,197
173,199
174,175
174,176
174,177
174,178
174,179
175,176
175,177
175,178
175,180
175,181
175,183
175,184
175,185
175,186
175,187
175,188
175,189
175,192
175,194
175,195
175,197
175,199
176,177
176,178
176,179
176,181
176,182
176,184
176,186
176,187
176,188
176,189
176,192
176,193
176,194
176,195
176,197
176,198
176,199
177,178
177,179
177,180
177,181
177,182
177,183
177,185
177,186
177,187
177,188
177,189
177,190
177,192
177,193
177,194
177,195
177,196
178,179
178,180
178,188
178,195
179,180
179,181
179,182
179,183
179,184
179,186
179,188
179,190
179,192
179,193
179,194
179,195
179,196
179,197
179,198
179,199
180,181
180,182
180,183
180,184
180,186
180,187
180,188
180,189
180,190
180,192
181,182
181,183
181,184
181,186
181,187
181,188
181,189
181,190
181,194
181,195
181,197
181,198
181,199
182,184
182,185
182,186
182,187
182,188
182,189
182,193
182,197
182,198
182,199
183,184
183,185
183,186
183,187
183,188
183,190
183,192
183,194
183,195
183,196
183,198
183,199
184,185
184,186
184,187
184,190
184,191
184,192
184,193
184,194
184,195
184,196
184,197
184,198
185,187
185,188
185,189
185,190
185,191
185,192
185,193
185,194
185,195
186,187
186,189
186,190
186,191
186,192
186,193
186,194
186,196
186,197
186,198
186,199
187,188
187,189
187,191
187,192
187,194
187,195
187,196
187,197
187,198
187,199
188,189
188,191
188,192
188,193
188,195
188,199
189,190
189,191
189,192
189,193
189,195
189,196
189,197
189,199
190,191
190,193
190,194
190,195
190,196
190,197
190,198
190,199
191,192
191,193
191,194
191,196
191,197
191,198
192,193
192,194
192,198
192,199
193,194
193,195
193,196
193,198
193,199
194,195
194,197
194,198
194,199
195,196
195,198
195,199
196,197
196,198
196,199
198,199
