0,1
0,2
0,3
0,4
0,5
0,6
0,7
0,8
0,9
0,10
0,11
0,12
0,13
0,14
0,15
0,16
0,17
0,18
0,19
0,20
0,21
0,22
0,23
0,24
0,25
0,26
0,27
0,28
0,29
0,30
0,31
0,32
0,33
0,34
0,35
0,36
0,37
0,38
0,39
0,40
0,41
0,42
0,43
0,44
0,45
0,46
0,47
0,48
0,49
0,50
0,51
0,52
0,53
1,2
1,3
1,4
1,5
1,6
1,7
1,8
1,9
1,10
1,11
1,12
1,13
1,14
1,15
1,16
1,17
1,18
1,19
1,20
1,21
1,22
1,23
1,24
1,25
1,26
1,27
1,28
1,29
1,30
1,31
1,32
1,33
1,34
1,35
1,36
1,37
1,38
1,39
1,40
1,41
1,42
1,43
1,44
1,45
1,46
1,47
1,48
1,49
1,50
1,51
1,52
1,53
2,3
2,4
2,5
2,6
2,7
2,8
2,9
2,10
2,11
2,12
2,13
2,14
2,15
2,16
2,17
2,18
2,19
2,20
2,21
2,22
2,23
2,24
2,25
2,26
2,27
2,28
2,29
2,30
2,31
2,32
2,33
2,34
2,35
2,36
2,37
2,38
2,39
2,40
2,41
2,42
2,43
2,44
2,45
2,46
2,47
2,48
2,49
2,50
2,51
2,52
2,53
3,4
3,5
3,6
3,7
3,8
3,9
3,10
3,11
3,12
3,13
3,14
3,15
3,16
3,17
3,18
3,19
3,20
3,21
3,22
3,23
3,24
3,25
3,26
3,27
3,28
3,29
3,30
3,31
3,32
3,33
3,34
3,35
3,36
3,37
3,38
3,39
3,40
3,41
3,42
3,43
3,44
3,45
3,46
3,47
3,48
3,49
3,50
3,51
3,52
3,53
4,5
4,6
4,7
4,8
4,9
4,10
4,11
4,12
4,13
4,14
4,15
4,16
4,17
4,18
4,19
4,20
4,21
4,22
4,23
4,24
4,25
4,26
4,27
4,28
4,29
4,30
4,31
4,32
4,33
4,34
4,35
4,36
4,37
4,38
4,39
4,40
4,41
4,42
4,43
4,44
4,45
4,46
4,47
4,48
4,49
4,50
4,51
4,52
4,53
5,6
5,7
5,8
5,9
5,10
5,11
5,12
5,13
5,14
5,15
5,16
5,17
5,18
5,19
5,20
5,21
5,22
5,23
5,24
5,25
5,26
5,27
5,28
5,29
5,30
5,31
5,32
5,33
5,34
5,35
5,36
5,37
5,38
5,39
5,40
5,41
5,42
5,43
5,44
5,45
5,46
5,47
5,48
5,49
5,50
5,51
5,52
5,53
6,7
6,8
6,9
6,10
6,11
6,12
6,13
6,14
6,15
6,16
6,17
6,18
6,19
6,20
6,21
6,22
6,23
6,24
6,25
6,26
6,27
6,28
6,29
6,30
6,31
6,32
6,33
6,34
6,35
6,36
6,37
6,38
6,39
6,40
6,41
6,42
6,43
6,44
6,45
6,46
6,47
6,48
6,49
6,50
6,51
6,52
6,53
7,8
7,9
7,10
7,11
7,12
7,13
7,14
7,15
7,16
7,17
7,18
7,19
7,20
7,21
7,22
7,23
7,24
7,25
7,26
7,27
7,28
7,29
7,30
7,31
7,32
7,33
7,34
7,35
7,36
7,37
7,38
7,39
7,40
7,41
7,42
7,43
7,44
7,45
7,46
7,47
7,48
7,49
7,50
7,51
7,52
7,53
7,55
7,58
7,62
7,63
7,64
7,68
7,75
7,79
7,83
7,88
7,92
7,93
7,108
7,113
7,118
7,120
7,122
7,125
7,127
7,129
7,130
7,136
7,146
7,147
7,150
7,153
7,156
7,159
7,162
7,165
7,169
7,172
7,173
7,179
7,180
7,182
7,185
7,187
7,189
7,191
7,195
8,9
8,10
8,11
8,12
8,13
8,14
8,15
8,16
8,17
8,18
8,19
8,20
8,21
8,22
8,23
8,24
8,25
8,26
8,27
8,28
8,29
8,30
8,31
8,32
8,33
8,34
8,35
8,36
8,37
8,38
8,39
8,40
8,41
8,42
8,43
8,44
8,45
8,46
8,47
8,48
8,49
8,50
8,51
8,52
8,53
9,10
9,11
9,12
9,13
9,14
9,15
9,16
9,17
9,18
9,19
9,20
9,21
9,22
9,23
9,24
9,25
9,26
9,27
9,28
9,29
9,30
9,31
9,32
9,33
9,34
9,35
9,36
9,37
9,38
9,39
9,40
9,41
9,42
9,43
9,44
9,45
9,46
9,47
9,48
9,49
9,50
9,51
9,52
9,53
10,11
10,12
10,13
10,14
10,15
10,16
10,17
10,18
10,19
10,20
10,21
10,22
10,23
10,24
10,25
10,26
10,27
10,28
10,29
10,30
10,31
10,32
10,33
10,34
10,35
10,36
10,37
10,38
10,39
10,40
10,41
10,42
10,43
10,44
10,45
10,46
10,47
10,48
10,49
10,50
10,51
10,52
10,53
11,12
11,13
11,14
11,15
11,16
11,17
11,18
11,19
11,20
11,21
11,22
11,23
11,24
11,25
11,26
11,27
11,28
11,29
11,30
11,31
11,32
11,33
11,34
11,35
11,36
11,37
11,38
11,39
11,40
11,41
11,42
11,43
11,44
11,45
11,46
11,47
11,48
11,49
11,50
11,51
11,52
11,53
11,55
11,58
11,62
11,63
11,64
11,68
11,75
11,79
11,83
11,88
11,92
11,93
11,108
11,113
11,118
11,120
11,122
11,125
11,127
11,129
11,130
11,136
11,146
11,147
11,150
11,153
11,156
11,159
11,162
11,165
11,169
11,172
11,173
11,179
11,180
11,182
11,185
11,187
11,189
11,191
11,195
12,13
12,14
12,15
12,16
12,17
12,18
12,19
12,20
12,21
12,22
12,23
12,24
12,25
12,26
12,27
12,28
12,29
12,30
12,31
12,32
12,33
12,34
12,35
12,36
12,37
12,38
12,39
12,40
12,41
12,42
12,43
12,44
12,45
12,46
12,47
12,48
12,49
12,50
12,51
12,52
12,53
13,14
13,15
13,16
13,17
13,18
13,19
13,20
13,21
13,22
13,23
13,24
13,25
13,26
13,27
13,28
13,29
13,30
13,31
13,32
13,33
13,34
13,35
13,36
13,37
13,38
13,39
13,40
13,41
13,42
13,43
13,44
13,45
13,46
13,47
13,48
13,49
13,50
13,51
13,52
13,53
14,15
14,16
14,17
14,18
14,19
14,20
14,21
14,22
14,23
14,24
14,25
14,26
14,27
14,28
14,29
14,30
14,31
14,32
14,33
14,34
14,35
14,36
14,37
14,38
14,39
14,40
14,41
14,42
14,43
14,44
14,45
14,46
14,47
14,48
14,49
14,50
14,51
14,52
14,53
15,16
15,17
15,18
15,19
15,20
15,21
15,22
15,23
15,24
15,25
15,26
15,27
15,28
15,29
15,30
15,31
15,32
15,33
15,34
15,35
15,36
15,37
15,38
15,39
15,40
15,41
15,42
15,43
15,44
15,45
15,46
15,47
15,48
15,49
15,50
15,51
15,52
15,53
16,17
16,18
16,19
16,20
16,21
16,22
16,23
16,24
16,25
16,26
16,27
16,28
16,29
16,30
16,31
16,32
16,33
16,34
16,35
16,36
16,37
16,38
16,39
16,40
16,41
16,42
16,43
16,44
16,45
16,46
16,47
16,48
16,49
16,50
16,51
16,52
16,53
17,18
17,19
17,20
17,21
17,22
17,23
17,24
17,25
17,26
17,27
17,28
17,29
17,30
17,31
17,32
17,33
17,34
17,35
17,36
17,37
17,38
17,39
17,40
17,41
17,42
17,43
17,44
17,45
17,46
17,47
17,48
17,49
17,50
17,51
17,52
17,53
18,19
18,20
18,21
18,22
18,23
18,24
18,25
18,26
18,27
18,28
18,29
18,30
18,31
18,32
18,33
18,34
18,35
18,36
18,37
18,38
18,39
18,40
18,41
18,42
18,43
18,44
18,45
18,46
18,47
18,48
18,49
18,50
18,51
18,52
18,53
19,20
19,21
19,22
19,23
19,24
19,25
19,26
19,27
19,28
19,29
19,30
19,31
19,32
19,33
19,34
19,35
19,36
19,37
19,38
19,39
19,40
19,41
19,42
19,43
19,44
19,45
19,46
19,47
19,48
19,49
19,50
19,51
19,52
19,53
19,55
19,58
19,62
19,63
19,64
19,68
19,75
19,79
19,83
19,88
19,92
19,93
19,108
19,113
19,118
19,120
19,122
19,125
19,127
19,129
19,130
19,136
19,146
19,147
19,150
19,153
19,156
19,159
19,162
19,165
19,169
19,172
19,173
19,179
19,180
19,182
19,185
19,187
19,189
19,191
19,195
20,21
20,22
20,23
20,24
20,25
20,26
20,27
20,28
20,29
20,30
20,31
20,32
20,33
20,34
20,35
20,36
20,37
20,38
20,39
20,40
20,41
20,42
20,43
20,44
20,45
20,46
20,47
20,48
20,49
20,50
20,51
20,52
20,53
20,55
20,58
20,62
20,63
20,64
20,68
20,75
20,79
20,83
20,88
20,92
20,93
20,108
20,113
20,118
20,120
20,122
20,125
20,127
20,129
20,130
20,136
20,146
20,147
20,150
20,153
20,156
20,159
20,162
20,165
20,169
20,172
20,173
20,179
20,180
20,182
20,185
20,187
20,189
20,191
20,195
21,22
21,23
21,24
21,25
21,26
21,27
21,28
21,29
21,30
21,31
21,32
21,33
21,34
21,35
21,36
21,37
21,38
21,39
21,40
21,41
21,42
21,43
21,44
21,45
21,46
21,47
21,48
21,49
21,50
21,51
21,52
21,53
22,23
22,24
22,25
22,26
22,27
22,28
22,29
22,30
22,31
22,32
22,33
22,34
22,35
22,36
22,37
22,38
22,39
22,40
22,41
22,42
22,43
22,44
22,45
22,46
22,47
22,48
22,49
22,50
22,51
22,52
22,53
22,55
22,58
22,62
22,63
22,64
22,68
22,75
22,79
22,83
22,88
22,92
22,93
22,108
22,113
22,118
22,120
22,122
22,125
22,127
22,129
22,130
22,136
22,146
22,147
22,150
22,153
22,156
22,159
22,162
22,165
22,169
22,172
22,173
22,179
22,180
22,182
22,185
22,187
22,189
22,191
22,195
23,24
23,25
23,26
23,27
23,28
23,29
23,30
23,31
23,32
23,33
23,34
23,35
23,36
23,37
23,38
23,39
23,40
23,41
23,42
23,43
23,44
23,45
23,46
23,47
23,48
23,49
23,50
23,51
23,52
23,53
24,25
24,26
24,27
24,28
24,29
24,30
24,31
24,32
24,33
24,34
24,35
24,36
24,37
24,38
24,39
24,40
24,41
24,42
24,43
24,44
24,45
24,46
24,47
24,48
24,49
24,50
24,51
24,52
24,53
25,26
25,27
25,28
25,29
25,30
25,31
25,32
25,33
25,34
25,35
25,36
25,37
25,38
25,39
25,40
25,41
25,42
25,43
25,44
25,45
25,46
25,47
25,48
25,49
25,50
25,51
25,52
25,53
26,27
26,28
26,29
26,30
26,31
26,32
26,33
26,34
26,35
26,36
26,37
26,38
26,39
26,40
26,41
26,42
26,43
26,44
26,45
26,46
26,47
26,48
26,49
26,50
26,51
26,52
26,53
27,28
27,29
27,30
27,31
27,32
27,33
27,34
27,35
27,36
27,37
27,38
27,39
27,40
27,41
27,42
27,43
27,44
27,45
27,46
27,47
27,48
27,49
27,50
27,51
27,52
27,53
28,29
28,30
28,31
28,32
28,33
28,34
28,35
28,36
28,37
28,38
28,39
28,40
28,41
28,42
28,43
28,44
28,45
28,46
28,47
28,48
28,49
28,50
28,51
28,52
28,53
29,30
29,31
29,32
29,33
29,34
29,35
29,36
29,37
29,38
29,39
29,40
29,41
29,42
29,43
29,44
29,45
29,46
29,47
29,48
29,49
29,50
29,51
29,52
29,53
30,31
30,32
30,33
30,34
30,35
30,36
30,37
30,38
30,39
30,40
30,41
30,42
30,43
30,44
30,45
30,46
30,47
30,48
30,49
30,50
30,51
30,52
30,53
31,32
31,33
31,34
31,35
31,36
31,37
31,38
31,39
31,40
31,41
31,42
31,43
31,44
31,45
31,46
31,47
31,48
31,49
31,50
31,51
31,52
31,53
32,33
32,34
32,35
32,36
32,37
32,38
32,39
32,40
32,41
32,42
32,43
32,44
32,45
32,46
32,47
32,48
32,49
32,50
32,51
32,52
32,53
32,55
32,58
32,62
32,63
32,64
32,68
32,75
32,79
32,83
32,88
32,92
32,93
32,108
32,113
32,118
32,120
32,122
32,125
32,127
32,129
32,130
32,136
32,146
32,147
32,150
32,153
32,156
32,159
32,162
32,165
32,169
32,172
32,173
32,179
32,180
32,182
32,185
32,187
32,189
32,191
32,195
33,34
33,35
33,36
33,37
33,38
33,39
33,40
33,41
33,42
33,43
33,44
33,45
33,46
33,47
33,48
33,49
33,50
33,51
33,52
33,53
34,35
34,36
34,37
34,38
34,39
34,40
34,41
34,42
34,43
34,44
34,45
34,46
34,47
34,48
34,49
34,50
34,51
34,52
34,53
34,55
34,58
34,62
34,63
34,64
34,68
34,75
34,79
34,83
34,88
34,92
34,93
34,108
34,113
34,118
34,120
34,122
34,125
34,127
34,129
34,130
34,136
34,146
34,147
34,150
34,153
34,156
34,159
34,162
34,165
34,169
34,172
34,173
34,179
34,180
34,182
34,185
34,187
34,189
34,191
34,195
35,36
35,37
35,38
35,39
35,40
35,41
35,42
35,43
35,44
35,45
35,46
35,47
35,48
35,49
35,50
35,51
35,52
35,53
36,37
36,38
36,39
36,40
36,41
36,42
36,43
36,44
36,45
36,46
36,47
36,48
36,49
36,50
36,51
36,52
37,38
37,39
37,40
37,41
37,42
37,43
37,44
37,45
37,46
37,47
37,48
37,49
37,50
37,51
37,52
37,53
37,55
37,58
37,62
37,63
37,64
37,68
37,75
37,79
37,83
37,88
37,92
37,93
37,108
37,113
37,118
37,120
37,122
37,125
37,127
37,129
37,130
37,136
37,146
37,147
37,150
37,153
37,156
37,159
37,162
37,165
37,169
37,172
37,173
37,179
37,180
37,182
37,185
37,187
37,189
37,191
37,195
38,39
38,40
38,41
38,42
38,43
38,44
38,45
38,46
38,47
38,48
38,49
38,50
38,51
38,52
38,53
39,40
39,41
39,42
39,43
39,44
39,45
39,46
39,47
39,48
39,49
39,50
39,51
39,52
39,53
40,41
40,42
40,43
40,44
40,45
40,46
40,47
40,48
40,49
40,50
40,51
40,52
40,53
40,55
40,58
40,62
40,63
40,64
40,68
40,75
40,79
40,83
40,88
40,92
40,93
40,108
40,113
40,118
40,120
40,122
40,125
40,127
40,129
40,130
40,136
40,146
40,147
40,150
40,153
40,156
40,159
40,162
40,165
40,169
40,172
40,173
40,179
40,180
40,182
40,185
40,187
40,189
40,191
40,195
41,42
41,43
41,44
41,45
41,46
41,47
41,48
41,49
41,50
41,51
41,52
41,53
42,43
42,44
42,45
42,46
42,47
42,48
42,49
42,50
42,51
42,52
42,53
42,55
42,58
42,62
42,63
42,64
42,68
42,75
42,79
42,83
42,88
42,92
42,93
42,108
42,113
42,118
42,120
42,122
42,125
42,127
42,129
42,130
42,136
42,146
42,147
42,150
42,153
42,156
42,159
42,162
42,165
42,169
42,172
42,173
42,179
42,180
42,182
42,185
42,187
42,189
42,191
42,195
43,44
43,45
43,46
43,47
43,48
43,49
43,50
43,51
43,52
43,53
43,55
43,58
43,62
43,63
43,64
43,68
43,75
43,79
43,83
43,88
43,92
43,93
43,108
43,113
43,118
43,120
43,122
43,125
43,127
43,129
43,130
43,136
43,146
43,147
43,150
43,153
43,156
43,159
43,162
43,165
43,169
43,172
43,173
43,179
43,180
43,182
43,185
43,187
43,189
43,191
43,195
44,45
44,46
44,47
44,48
44,49
44,50
44,51
44,52
44,53
45,46
45,47
45,48
45,49
45,50
45,51
45,52
45,53
46,47
46,48
46,49
46,50
46,51
46,52
46,53
47,48
47,49
47,50
47,51
47,52
47,53
47,55
47,58
47,62
47,63
47,64
47,68
47,75
47,79
47,83
47,88
47,92
47,93
47,108
47,113
47,118
47,120
47,122
47,125
47,127
47,129
47,130
47,136
47,146
47,147
47,150
47,153
47,156
47,159
47,162
47,165
47,169
47,172
47,173
47,179
47,180
47,182
47,185
47,187
47,189
47,191
47,195
48,49
48,50
48,51
48,52
48,53
49,50
49,51
49,52
49,53
50,51
50,52
50,53
51,52
51,53
51,55
51,58
51,62
51,63
51,64
51,68
51,75
51,79
51,83
51,88
51,92
51,93
51,108
51,113
51,118
51,120
51,122
51,125
51,127
51,129
51,130
51,136
51,146
51,147
51,150
51,153
51,156
51,159
51,162
51,165
51,169
51,172
51,173
51,179
51,180
51,182
51,185
51,187
51,189
51,191
51,195
52,53
55,58
55,62
55,63
55,64
55,68
55,75
55,79
55,83
55,88
55,92
55,93
55,108
55,113
55,118
55,120
55,122
55,125
55,127
55,129
55,130
55,136
55,146
55,147
55,150
55,153
55,156
55,159
55,162
55,165
55,169
55,172
55,173
55,179
55,180
55,182
55,185
55,187
55,189
55,191
55,195
58,62
58,63
58,64
58,68
58,75
58,79
58,83
58,88
58,92
58,93
58,108
58,113
58,118
58,120
58,122
58,125
58,127
58,129
58,130
58,136
58,146
58,147
58,150
58,153
58,156
58,159
58,162
58,165
58,169
58,172
58,173
58,179
58,180
58,182
58,185
58,187
58,189
58,191
58,195
62,63
62,64
62,68
62,75
62,79
62,83
62,88
62,92
62,93
62,108
62,113
62,118
62,120
62,122
62,125
62,127
62,129
62,130
62,136
62,146
62,147
62,150
62,153
62,156
62,159
62,162
62,165
62,169
62,172
62,173
62,179
62,180
62,182
62,185
62,187
62,189
62,191
62,195
63,64
63,68
63,75
63,79
63,83
63,88
63,92
63,93
63,108
63,113
63,118
63,120
63,122
63,125
63,127
63,129
63,130
63,136
63,146
63,147
63,150
63,153
63,156
63,159
63,162
63,165
63,169
63,172
63,173
63,179
63,180
63,182
63,185
63,187
63,189
63,191
63,195
64,68
64,75
64,79
64,83
64,88
64,92
64,93
64,108
64,113
64,118
64,120
64,122
64,125
64,127
64,129
64,130
64,136
64,146
64,147
64,150
64,153
64,156
64,159
64,162
64,165
64,169
64,172
64,173
64,179
64,180
64,182
64,185
64,187
64,189
64,191
64,195
68,75
68,79
68,83
68,88
68,92
68,93
68,108
68,113
68,118
68,120
68,122
68,125
68,127
68,129
68,130
68,136
68,146
68,147
68,150
68,153
68,156
68,159
68,162
68,165
68,169
68,172
68,173
68,179
68,180
68,182
68,185
68,187
68,189
68,191
68,195
75,79
75,83
75,88
75,92
75,93
75,108
75,113
75,118
75,120
75,122
75,125
75,127
75,129
75,130
75,136
75,146
75,147
75,150
75,153
75,156
75,159
75,162
75,165
75,169
75,172
75,173
75,179
75,180
75,182
75,185
75,187
75,189
75,191
75,195
79,83
79,88
79,92
79,93
79,108
79,113
79,118
79,120
79,122
79,125
79,127
79,129
79,130
79,136
79,146
79,147
79,150
79,153
79,156
79,159
79,162
79,165
79,169
79,172
79,173
79,179
79,180
79,182
79,185
79,187
79,189
79,191
79,195
83,88
83,92
83,93
83,108
83,113
83,118
83,120
83,122
83,125
83,127
83,129
83,130
83,136
83,146
83,147
83,150
83,153
83,156
83,159
83,162
83,165
83,169
83,172
83,173
83,179
83,180
83,182
83,185
83,187
83,189
83,191
83,195
88,92
88,93
88,108
88,113
88,118
88,120
88,122
88,125
88,127
88,129
88,130
88,136
88,146
88,147
88,150
88,153
88,156
88,159
88,162
88,165
88,169
88,172
88,173
88,179
88,180
88,182
88,185
88,187
88,189
88,191
88,195
92,93
92,108
92,113
92,118
92,120
92,122
92,125
92,127
92,129
92,130
92,136
92,146
92,147
92,150
92,153
92,156
92,159
92,162
92,165
92,169
92,172
92,173
92,179
92,180
92,182
92,185
92,187
92,189
92,191
92,195
93,108
93,113
93,118
93,120
93,122
93,125
93,127
93,129
93,130
93,136
93,146
93,147
93,150
93,153
93,156
93,159
93,162
93,165
93,169
93,172
93,173
93,179
93,180
93,182
93,185
93,187
93,189
93,191
93,195
108,113
108,118
108,120
108,122
108,125
108,127
108,129
108,130
108,136
108,146
108,147
108,150
108,153
108,156
108,159
108,162
108,165
108,169
108,172
108,173
108,179
108,180
108,182
108,185
108,187
108,189
108,191
108,195
113,118
113,120
113,122
113,125
113,127
113,129
113,130
113,136
113,146
113,147
113,150
113,153
113,156
113,159
113,162
113,165
113,169
113,172
113,173
113,179
113,180
113,182
113,185
113,187
113,189
113,191
113,195
118,120
118,122
118,125
118,127
118,129
118,130
118,136
118,146
118,147
118,150
118,153
118,156
118,159
118,162
118,165
118,169
118,172
118,173
118,179
118,180
118,182
118,185
118,187
118,189
118,191
118,195
120,122
120,125
120,127
120,129
120,130
120,136
120,146
120,147
120,150
120,153
120,156
120,159
120,162
120,165
120,169
120,172
120,173
120,179
120,180
120,182
120,185
120,187
120,189
120,191
120,195
122,125
122,127
122,129
122,130
122,136
122,146
122,147
122,150
122,153
122,156
122,159
122,162
122,165
122,169
122,172
122,173
122,179
122,180
122,182
122,185
122,187
122,189
122,191
122,195
125,127
125,129
125,130
125,136
125,146
125,147
125,150
125,153
125,156
125,159
125,162
125,165
125,169
125,172
125,173
125,179
125,180
125,182
125,185
125,187
125,189
125,191
125,195
127,129
127,130
127,136
127,146
127,147
127,150
127,153
127,156
127,159
127,162
127,165
127,169
127,172
127,173
127,179
127,180
127,182
127,185
127,187
127,189
127,191
127,195
129,130
129,136
129,146
129,147
129,150
129,153
129,156
129,159
129,162
129,165
129,169
129,172
129,173
129,179
129,180
129,182
129,185
129,187
129,189
129,191
129,195
130,136
130,146
130,147
130,150
130,153
130,156
130,159
130,162
130,165
130,169
130,172
130,173
130,179
130,180
130,182
130,185
130,187
130,189
130,191
130,195
133,171
133,174
133,177
133,181
134,135
134,136
134,140
134,142
134,143
134,144
134,145
134,147
134,148
134,149
134,150
134,155
134,157
134,160
136,141
136,142
136,146
136,147
136,148
136,149
136,150
136,151
136,153
136,156
136,159
136,162
136,165
136,167
136,169
136,172
136,173
136,179
136,180
136,182
136,185
136,187
136,189
136,191
136,195
137,140
137,141
138,139
138,140
138,141
138,144
138,145
138,148
138,149
138,151
138,152
138,153
138,166
138,174
139,141
139,142
139,143
139,144
139,148
139,150
139,151
139,152
139,153
139,160
139,164
139,170
139,171
139,173
139,174
140,141
141,142
141,143
141,146
141,148
141,149
141,152
141,153
141,154
141,157
141,158
141,160
141,163
141,164
141,167
141,171
141,173
141,177
142,143
142,149
142,152
142,153
142,154
142,155
142,157
142,171
142,179
143,149
143,150
143,151
143,152
143,153
143,154
144,146
144,147
144,149
144,154
144,157
144,164
144,166
144,171
144,173
144,174
144,177
145,146
145,147
145,149
145,151
145,152
145,153
145,154
145,155
145,157
145,158
145,164
145,166
146,147
146,150
146,151
146,152
146,153
146,155
146,156
146,157
146,158
146,159
146,162
146,164
146,165
146,169
146,172
146,173
146,179
146,180
146,182
146,185
146,187
146,189
146,191
146,195
147,148
147,149
147,150
147,153
147,156
147,159
147,162
147,165
147,169
147,172
147,173
147,179
147,180
147,182
147,185
147,187
147,189
147,191
147,195
148,150
148,152
148,153
148,157
148,158
148,160
148,161
149,150
149,151
149,152
149,153
149,155
150,151
150,153
150,156
150,157
150,159
150,161
150,162
150,163
150,165
150,169
150,172
150,173
150,179
150,180
150,182
150,185
150,187
150,188
150,189
150,191
150,195
151,152
151,153
151,154
151,155
151,156
151,157
151,161
151,163
151,177
151,179
152,153
152,156
152,161
152,163
152,164
152,173
152,176
152,177
152,178
152,179
152,180
152,184
153,154
153,156
153,157
153,158
153,159
153,162
153,165
153,169
153,172
153,173
153,179
153,180
153,182
153,185
153,187
153,189
153,191
153,195
154,156
154,157
154,158
154,164
154,165
154,167
154,171
154,173
154,174
154,176
154,177
154,178
154,179
154,180
154,188
155,157
155,158
155,161
155,163
155,164
155,166
155,170
155,171
155,173
156,159
156,162
156,165
156,169
156,172
156,173
156,179
156,180
156,182
156,185
156,187
156,189
156,191
156,195
157,158
157,160
157,161
157,164
157,165
157,166
157,167
157,170
157,172
157,173
157,174
157,177
157,178
157,181
157,188
158,160
158,161
158,164
158,167
158,168
158,174
158,176
158,178
158,180
158,181
158,184
158,186
158,188
159,160
159,161
159,162
159,163
159,164
159,165
159,169
159,172
159,173
159,179
159,180
159,182
159,185
159,187
159,189
159,191
159,195
160,167
160,171
160,173
160,174
160,179
160,180
160,181
160,185
160,188
161,168
161,171
161,173
161,174
161,177
161,178
161,179
161,180
161,181
161,184
162,165
162,169
162,172
162,173
162,179
162,180
162,182
162,185
162,187
162,189
162,191
162,195
163,168
163,170
163,171
163,172
163,174
163,176
163,177
163,179
163,184
164,165
164,167
164,170
164,171
164,172
164,173
164,174
164,176
165,166
165,168
165,169
165,170
165,171
165,172
165,173
165,176
165,177
165,178
165,179
165,180
165,182
165,185
165,187
165,189
165,191
165,195
166,167
166,168
166,170
166,171
166,172
166,173
166,176
166,177
166,178
166,179
167,169
167,170
167,172
167,176
167,177
167,178
167,179
167,181
168,169
168,170
168,171
168,175
168,176
168,177
168,178
169,172
169,173
169,174
169,175
169,176
169,177
169,178
169,179
169,180
169,182
169,184
169,185
169,187
169,189
169,191
169,195
170,172
170,175
170,178
170,179
170,180
170,181
170,182
170,188
171,172
171,173
171,174
171,175
171,177
171,180
171,181
171,184
171,187
172,173
172,175
172,176
172,177
172,178
172,179
172,180
172,182
172,185
172,187
172,188
172,189
172,191
172,195
173,174
173,175
173,178
173,179
173,180
173,181
173,182
173,184
173,185
173,186
173,187
173,188
173,189
173,191
173,195
174,175
174,176
174,177
174,179
174,182
174,184
174,187
174,188
174,193
175,176
175,177
175,180
175,181
175,182
175,184
175,187
175,188
175,193
175,194
176,177
176,179
176,180
176,181
176,184
176,185
176,187
176,188
176,194
177,181
177,182
177,184
177,185
177,188
177,193
177,194
178,180
178,181
178,182
178,184
178,185
178,186
178,187
178,193
178,194
179,180
179,182
179,185
179,187
179,189
179,191
179,195
179,198
180,181
180,182
180,184
180,185
180,187
180,189
180,191
180,193
180,194
180,195
180,199
181,182
181,184
181,185
181,193
181,194
182,185
182,187
182,189
182,191
182,192
182,193
182,194
182,195
182,199
183,188
183,192
184,185
184,192
184,194
184,199
185,187
185,189
185,191
185,194
185,195
185,199
186,187
186,192
186,193
186,194
187,189
187,191
187,193
187,194
187,195
187,199
188,191
188,192
188,193
189,191
189,195
190,194
190,195
191,195
191,199
192,194
192,195
192,198
193,194
193,195
193,196
193,198
194,196
194,197
194,198
194,199
195,196
195,197
195,198
196,197
196,198
196,199
197,198
198,199
