0,1
0,2
0,3
0,4
0,5
0,6
0,7
0,8
0,9
0,10
0,11
0,12
0,13
0,14
0,15
0,16
0,17
0,18
0,19
0,20
0,21
0,22
0,23
0,24
0,25
0,26
0,27
0,28
0,29
0,30
0,31
0,32
0,33
1,2
1,3
1,4
1,5
1,6
1,7
1,8
1,9
1,10
1,11
1,12
1,13
1,14
1,15
1,16
1,17
1,18
1,19
1,20
1,21
1,22
1,23
1,24
1,25
1,26
1,27
1,28
1,29
1,30
1,31
1,32
1,33
2,3
2,4
2,5
2,6
2,7
2,8
2,9
2,10
2,11
2,12
2,13
2,14
2,15
2,16
2,17
2,18
2,19
2,20
2,21
2,22
2,23
2,24
2,25
2,26
2,27
2,28
2,29
2,30
2,31
2,32
2,33
2,38
2,48
2,60
2,63
2,69
2,73
2,82
2,85
2,86
2,94
2,96
2,109
2,118
2,129
2,146
2,147
2,150
2,151
2,152
2,154
2,162
2,164
2,180
2,189
2,190
2,191
2,194
3,4
3,5
3,6
3,7
3,8
3,9
3,10
3,11
3,12
3,13
3,14
3,15
3,16
3,17
3,18
3,19
3,20
3,21
3,22
3,23
3,24
3,25
3,26
3,27
3,28
3,29
3,30
3,31
3,32
3,33
4,5
4,6
4,7
4,8
4,9
4,10
4,11
4,12
4,13
4,14
4,15
4,16
4,17
4,18
4,19
4,20
4,21
4,22
4,23
4,24
4,25
4,26
4,27
4,28
4,29
4,30
4,31
4,32
4,33
5,6
5,7
5,8
5,9
5,10
5,11
5,12
5,13
5,14
5,15
5,16
5,17
5,18
5,19
5,20
5,21
5,22
5,23
5,24
5,25
5,26
5,27
5,28
5,29
5,30
5,31
5,32
5,33
6,7
6,8
6,9
6,10
6,11
6,12
6,13
6,14
6,15
6,16
6,17
6,18
6,19
6,20
6,21
6,22
6,23
6,24
6,25
6,26
6,27
6,28
6,29
6,30
6,31
6,32
6,33
7,8
7,9
7,10
7,11
7,12
7,13
7,14
7,15
7,16
7,17
7,18
7,19
7,20
7,21
7,22
7,23
7,24
7,25
7,26
7,27
7,28
7,29
7,30
7,31
7,32
7,33
7,38
7,48
7,60
7,63
7,69
7,73
7,82
7,85
7,86
7,94
7,96
7,109
7,118
7,129
7,146
7,147
7,150
7,151
7,152
7,154
7,162
7,164
7,180
7,189
7,190
7,191
7,194
8,9
8,10
8,11
8,12
8,13
8,14
8,15
8,16
8,17
8,18
8,19
8,20
8,21
8,22
8,23
8,24
8,25
8,26
8,27
8,28
8,29
8,30
8,31
8,32
8,33
9,10
9,11
9,12
9,13
9,14
9,15
9,16
9,17
9,18
9,19
9,20
9,21
9,22
9,23
9,24
9,25
9,26
9,27
9,28
9,29
9,30
9,31
9,32
9,33
10,11
10,12
10,13
10,14
10,15
10,16
10,17
10,18
10,19
10,20
10,21
10,22
10,23
10,24
10,25
10,26
10,27
10,28
10,29
10,30
10,31
10,32
10,33
11,12
11,13
11,14
11,15
11,16
11,17
11,18
11,19
11,20
11,21
11,22
11,23
11,24
11,25
11,26
11,27
11,28
11,29
11,30
11,31
11,32
11,33
12,13
12,14
12,15
12,16
12,17
12,18
12,19
12,20
12,21
12,22
12,23
12,24
12,25
12,26
12,27
12,28
12,29
12,30
12,31
12,32
12,33
13,14
13,15
13,16
13,17
13,18
13,19
13,20
13,21
13,22
13,23
13,24
13,25
13,26
13,27
13,28
13,29
13,30
13,31
13,32
13,33
13,38
13,48
13,60
13,63
13,69
13,73
13,82
13,85
13,86
13,94
13,96
13,109
13,118
13,129
13,146
13,147
13,150
13,151
13,152
13,154
13,162
13,164
13,180
13,189
13,190
13,191
13,194
14,15
14,16
14,17
14,18
14,19
14,20
14,21
14,22
14,23
14,24
14,25
14,26
14,27
14,28
14,29
14,30
14,31
14,32
14,33
15,16
15,17
15,18
15,19
15,20
15,21
15,22
15,23
15,24
15,25
15,26
15,27
15,28
15,29
15,30
15,31
15,32
15,33
16,17
16,18
16,19
16,20
16,21
16,22
16,23
16,24
16,25
16,26
16,27
16,28
16,29
16,30
16,31
16,32
16,33
17,18
17,19
17,20
17,21
17,22
17,23
17,24
17,25
17,26
17,27
17,28
17,29
17,30
17,31
17,32
18,19
18,20
18,21
18,22
18,23
18,24
18,25
18,26
18,27
18,28
18,29
18,30
18,31
18,32
18,33
18,38
18,48
18,60
18,63
18,69
18,73
18,82
18,85
18,86
18,94
18,96
18,109
18,118
18,129
18,146
18,147
18,150
18,151
18,152
18,154
18,162
18,164
18,180
18,189
18,190
18,191
18,194
19,20
19,21
19,22
19,23
19,24
19,25
19,26
19,27
19,28
19,29
19,30
19,31
19,32
19,33
20,21
20,22
20,23
20,24
20,25
20,26
20,27
20,28
20,29
20,30
20,31
20,32
20,33
21,22
21,23
21,24
21,25
21,26
21,27
21,28
21,29
21,30
21,31
21,32
21,33
21,38
21,48
21,60
21,63
21,69
21,73
21,82
21,85
21,86
21,94
21,96
21,109
21,118
21,129
21,146
21,147
21,150
21,151
21,152
21,154
21,162
21,164
21,180
21,189
21,190
21,191
21,194
22,23
22,24
22,25
22,26
22,27
22,28
22,29
22,30
22,31
22,32
22,33
23,24
23,25
23,26
23,27
23,28
23,29
23,30
23,31
23,32
23,33
24,25
24,26
24,27
24,28
24,29
24,30
24,31
24,32
24,33
25,26
25,27
25,28
25,29
25,30
25,31
25,32
25,33
25,38
25,48
25,60
25,63
25,69
25,73
25,82
25,85
25,86
25,94
25,96
25,109
25,118
25,129
25,146
25,147
25,150
25,151
25,152
25,154
25,162
25,164
25,180
25,189
25,190
25,191
25,194
26,27
26,28
26,29
26,30
26,31
26,32
26,33
27,28
27,29
27,30
27,31
27,32
27,33
28,29
28,30
28,31
28,32
28,33
29,30
29,31
29,32
29,33
30,31
30,32
30,33
30,38
30,48
30,60
30,63
30,69
30,73
30,82
30,85
30,86
30,94
30,96
30,109
30,118
30,129
30,146
30,147
30,150
30,151
30,152
30,154
30,162
30,164
30,180
30,189
30,190
30,191
30,194
31,32
31,33
32,33
38,48
38,60
38,63
38,69
38,73
38,82
38,85
38,86
38,94
38,96
38,109
38,118
38,129
38,146
38,147
38,150
38,151
38,152
38,154
38,162
38,164
38,180
38,189
38,190
38,191
38,194
45,52
46,47
46,48
47,48
47,50
47,52
47,54
47,56
47,58
47,59
47,62
47,63
47,65
47,70
47,71
47,72
47,73
47,74
47,75
48,49
48,50
48,60
48,63
48,69
48,73
48,82
48,85
48,86
48,94
48,96
48,109
48,118
48,129
48,146
48,147
48,150
48,151
48,152
48,154
48,162
48,164
48,180
48,189
48,190
48,191
48,194
49,50
49,52
49,54
49,55
49,56
49,58
49,61
49,64
49,65
49,66
49,68
49,69
49,70
49,71
49,73
49,74
49,75
49,81
49,83
49,84
49,87
50,51
50,52
50,53
50,54
50,59
50,60
50,61
50,62
50,63
51,52
51,53
51,54
51,55
51,56
51,57
51,58
51,59
51,60
51,61
51,62
51,63
51,64
51,66
51,68
51,69
51,70
51,73
51,75
51,77
51,84
51,87
52,53
52,54
52,55
52,56
52,57
52,58
52,59
52,60
52,61
52,62
52,63
52,65
52,68
52,69
52,70
52,71
52,73
52,74
52,75
52,77
52,79
52,81
52,84
52,86
52,87
52,91
52,102
53,54
53,56
53,57
53,58
54,55
54,56
54,57
54,58
54,60
54,61
54,62
54,64
54,65
54,68
54,70
54,71
54,72
54,73
54,75
54,79
54,81
55,56
55,58
55,59
55,60
55,61
55,62
55,63
55,64
55,65
55,66
56,59
56,60
56,61
56,62
56,64
56,65
56,67
56,68
56,69
56,72
56,73
56,75
56,79
56,83
56,84
56,85
56,86
56,87
56,90
56,102
56,115
56,120
57,58
57,60
57,61
57,62
57,63
57,64
57,65
57,66
57,67
57,68
57,69
57,70
57,72
57,73
57,74
57,75
57,76
57,78
57,79
57,83
57,84
57,85
57,86
57,87
57,90
57,91
58,59
58,60
58,61
58,62
58,63
58,65
58,66
58,67
58,68
58,70
58,71
58,72
58,73
58,74
58,75
58,76
58,77
58,79
58,81
58,83
58,84
58,85
58,86
58,87
58,91
59,62
59,64
59,65
59,66
59,67
59,69
59,70
59,71
60,61
60,62
60,63
60,64
60,65
60,66
60,67
60,68
60,69
60,70
60,71
60,72
60,73
60,74
60,76
60,77
60,78
60,81
60,82
60,83
60,84
60,85
60,86
60,87
60,90
60,91
60,94
60,96
60,102
60,109
60,115
60,118
60,120
60,122
60,129
60,132
60,146
60,147
60,150
60,151
60,152
60,154
60,162
60,164
60,180
60,189
60,190
60,191
60,194
61,62
61,63
61,64
61,65
61,67
61,68
61,69
61,70
61,71
61,72
61,73
61,74
61,75
61,78
61,79
61,81
61,83
61,85
61,86
61,87
61,89
61,90
61,91
62,64
62,65
62,66
62,67
62,68
63,65
63,66
63,67
63,68
63,69
63,73
63,74
63,82
63,85
63,86
63,94
63,96
63,109
63,118
63,129
63,146
63,147
63,150
63,151
63,152
63,154
63,162
63,164
63,180
63,189
63,190
63,191
63,194
64,65
64,66
64,67
64,68
65,66
65,67
66,67
66,68
66,69
66,70
66,71
66,72
66,73
66,74
66,76
66,77
66,78
66,81
66,84
66,85
66,86
66,87
66,89
66,91
66,96
66,108
66,116
67,68
67,69
67,70
67,71
67,72
67,73
67,74
67,75
67,77
67,78
67,79
67,84
67,86
67,87
67,89
67,90
67,91
68,69
68,70
68,71
68,73
68,74
68,75
68,76
68,77
68,78
68,79
68,80
68,86
68,89
69,70
69,71
69,72
69,73
69,74
69,75
69,76
69,78
69,79
69,80
69,81
69,82
69,83
69,85
69,86
69,87
69,88
69,89
69,90
69,91
69,92
69,94
69,96
69,97
69,102
69,105
69,108
69,109
69,115
69,118
69,129
69,146
69,147
69,150
69,151
69,152
69,154
69,162
69,164
69,180
69,189
69,190
69,191
69,194
70,71
70,72
70,73
70,74
70,75
70,76
70,77
70,78
70,79
70,80
70,81
70,83
70,85
70,86
70,88
70,89
70,90
70,91
70,92
71,72
71,73
71,74
71,75
71,77
71,78
71,80
71,81
71,83
71,84
71,85
71,86
71,87
71,88
71,89
71,90
71,91
71,92
71,93
71,96
71,97
71,99
71,102
71,108
72,73
72,74
72,75
72,76
72,77
72,78
72,79
72,80
72,81
72,83
72,84
72,85
72,87
72,88
72,90
72,91
72,92
72,93
72,96
72,97
72,98
72,99
72,102
72,103
72,104
72,106
72,107
72,108
72,110
73,74
73,75
73,76
73,77
73,79
73,82
73,85
73,86
73,94
73,96
73,109
73,118
73,129
73,146
73,147
73,150
73,151
73,152
73,154
73,162
73,164
73,180
73,189
73,190
73,191
73,194
74,75
74,76
74,77
74,78
74,79
74,80
74,81
74,83
74,85
74,86
74,87
74,88
74,89
74,90
74,94
74,96
74,99
74,100
74,102
75,76
75,77
75,78
75,79
75,80
76,77
76,78
76,79
76,80
76,81
76,82
76,83
76,84
76,85
76,86
76,87
76,91
76,92
76,93
76,95
76,96
76,98
76,99
76,100
76,102
76,103
76,104
76,105
76,107
76,110
76,114
77,79
77,80
77,81
77,82
77,83
77,84
77,85
77,86
77,87
77,88
77,90
77,92
77,94
77,95
77,96
77,97
77,98
77,99
77,100
77,103
77,104
77,105
77,106
77,108
77,110
77,114
77,116
77,122
77,132
78,80
78,81
78,82
79,80
79,81
79,82
79,84
79,85
79,88
79,89
79,91
79,92
79,93
79,94
79,96
79,98
79,99
79,103
79,104
79,105
79,106
79,108
79,110
79,111
80,81
80,82
80,84
80,85
80,86
80,87
80,90
80,91
80,92
80,93
80,94
80,95
80,96
80,97
80,98
80,100
81,83
81,84
81,85
81,86
81,87
81,89
81,90
81,91
81,92
81,93
81,94
81,95
81,96
81,97
81,98
82,83
82,85
82,86
82,94
82,96
82,109
82,118
82,129
82,146
82,147
82,150
82,151
82,152
82,154
82,162
82,164
82,180
82,189
82,190
82,191
82,194
83,84
83,85
83,86
83,89
83,90
84,85
84,88
84,89
84,90
84,91
84,92
84,93
84,94
84,95
84,97
84,98
84,99
84,101
84,103
84,106
84,108
84,110
84,111
84,112
84,114
84,115
85,86
85,87
85,90
85,91
85,92
85,93
85,94
85,95
85,96
85,97
85,98
85,99
85,101
85,102
85,103
85,104
85,105
85,106
85,107
85,108
85,109
85,110
85,111
85,114
85,115
85,116
85,118
85,128
85,129
85,146
85,147
85,150
85,151
85,152
85,154
85,162
85,164
85,180
85,189
85,190
85,191
85,194
86,87
86,89
86,90
86,92
86,93
86,94
86,95
86,96
86,97
86,98
86,99
86,100
86,101
86,102
86,103
86,104
86,105
86,106
86,107
86,108
86,109
86,110
86,111
86,112
86,114
86,115
86,116
86,118
86,129
86,146
86,147
86,150
86,151
86,152
86,154
86,162
86,164
86,180
86,189
86,190
86,191
86,194
87,88
87,89
87,90
87,91
87,92
87,93
87,95
87,96
87,98
87,100
87,101
87,102
87,103
87,104
87,105
87,106
87,107
87,108
87,110
87,111
87,114
87,115
87,116
87,120
87,121
87,122
87,127
87,128
87,143
88,90
88,91
88,92
88,93
88,94
88,95
88,96
88,97
88,98
88,99
88,100
88,101
88,102
88,103
88,104
88,105
88,106
88,108
88,110
88,112
89,91
89,92
90,91
90,93
90,94
90,95
90,96
90,97
90,98
90,99
90,100
90,102
90,103
90,104
90,105
90,106
90,107
90,108
90,109
90,110
90,112
90,113
90,114
90,116
90,120
90,121
90,122
90,128
90,132
91,92
91,93
91,94
91,95
91,96
91,97
91,98
91,99
91,101
91,102
91,104
91,106
91,107
91,109
91,110
91,111
91,112
91,113
91,114
91,115
91,116
91,120
91,121
91,122
91,128
92,93
92,94
92,95
92,98
92,99
92,101
92,103
92,105
92,106
92,107
92,108
92,109
92,110
92,111
92,112
92,113
92,115
92,116
92,120
93,94
93,95
93,96
93,97
93,98
93,99
93,100
93,102
93,103
93,104
93,105
93,106
93,108
93,109
93,110
93,111
93,112
93,113
93,114
93,115
94,96
94,97
94,100
94,102
94,104
94,105
94,106
94,107
94,108
94,109
94,118
94,129
94,146
94,147
94,150
94,151
94,152
94,154
94,162
94,164
94,180
94,189
94,190
94,191
94,194
95,96
95,97
95,99
95,100
95,103
95,104
95,105
95,106
96,97
96,98
96,99
96,100
96,102
96,103
96,104
96,105
96,106
96,107
96,108
96,109
96,110
96,111
96,112
96,113
96,114
96,115
96,116
96,118
96,119
96,121
96,122
96,125
96,127
96,129
96,143
96,146
96,147
96,150
96,151
96,152
96,154
96,162
96,164
96,180
96,189
96,190
96,191
96,194
97,98
97,99
97,100
98,99
98,101
98,102
98,103
98,104
99,100
99,101
99,102
99,103
99,104
100,103
100,104
100,105
100,107
100,110
100,111
100,112
100,113
100,114
100,116
100,118
100,120
100,121
100,122
100,126
100,127
100,128
100,131
101,102
101,103
101,104
101,105
102,104
102,105
102,106
102,108
102,109
102,110
102,111
102,112
102,113
102,114
102,115
102,116
102,117
102,118
102,119
102,120
102,121
102,125
102,126
102,127
102,128
102,131
102,133
102,134
104,105
104,107
104,108
104,109
104,110
104,113
104,114
105,106
105,107
105,108
105,109
105,110
105,111
105,112
105,113
105,114
105,115
105,117
105,118
105,119
105,120
105,121
105,122
105,123
105,125
105,126
105,127
105,128
105,131
105,132
105,133
105,134
105,143
106,107
106,108
106,110
106,111
106,113
106,114
106,116
106,117
106,118
106,119
106,120
106,121
106,122
106,125
106,128
106,131
106,132
106,134
106,143
107,109
107,110
107,111
107,112
107,113
107,114
107,115
107,116
107,117
107,118
107,119
107,121
107,122
107,123
107,125
107,126
107,128
107,132
107,133
107,134
107,138
107,143
108,109
108,111
108,112
108,113
108,114
108,115
108,116
108,117
108,118
108,119
108,120
108,121
108,123
108,124
108,128
108,131
108,132
108,133
108,134
108,136
108,138
108,143
109,118
109,129
109,146
109,147
109,150
109,151
109,152
109,154
109,162
109,164
109,180
109,189
109,190
109,191
109,194
110,111
110,114
110,115
110,116
110,117
110,118
110,119
110,120
110,121
110,123
110,125
110,126
110,128
110,131
110,132
110,133
110,134
110,136
110,143
111,112
111,113
111,114
111,115
111,116
111,117
111,118
111,119
111,120
111,121
111,122
111,123
111,124
111,125
111,126
111,127
111,128
111,129
111,130
111,131
111,132
111,133
111,135
111,136
111,138
111,143
111,148
112,113
112,114
112,115
112,116
112,117
112,118
112,119
112,120
112,121
112,122
112,123
112,124
112,125
112,126
112,129
112,130
112,131
112,134
112,135
112,136
112,138
112,142
112,143
112,144
112,148
112,151
113,114
113,115
113,116
113,117
113,119
113,120
113,123
113,124
113,125
113,128
113,129
113,130
113,131
114,115
114,118
114,120
114,121
114,122
114,123
114,124
114,125
114,126
114,128
114,129
114,130
114,131
114,133
114,134
114,135
114,136
114,138
114,142
114,143
114,148
114,151
115,116
115,117
115,118
115,119
115,120
115,121
115,122
115,124
115,125
115,126
115,127
115,128
115,129
115,130
115,131
115,132
115,133
115,134
115,135
115,136
115,138
115,140
115,142
115,143
115,144
115,151
115,171
116,117
116,118
116,119
116,120
116,121
116,122
116,124
116,125
116,126
116,127
116,130
116,131
116,132
116,133
117,118
117,119
117,120
117,121
117,122
117,124
117,125
117,126
117,127
117,129
118,119
118,122
118,123
118,124
118,125
118,126
118,127
118,128
118,129
118,130
118,131
118,132
118,135
118,136
118,138
118,142
118,143
118,144
118,146
118,147
118,148
118,149
118,150
118,151
118,152
118,153
118,154
118,162
118,164
118,171
118,180
118,189
118,190
118,191
118,194
119,120
119,121
119,122
119,123
120,121
120,123
120,125
120,126
120,130
120,132
120,133
120,135
120,138
120,140
121,123
121,124
121,125
122,123
122,124
122,125
122,127
122,131
122,132
122,134
122,135
122,137
122,138
122,139
122,140
122,142
122,143
122,144
122,149
122,151
123,124
123,126
123,127
123,129
123,130
123,131
123,132
123,134
123,135
123,137
123,138
123,139
123,140
123,141
123,142
123,143
123,148
123,149
123,151
123,153
123,171
124,127
124,128
124,129
124,130
124,131
124,132
124,133
124,135
124,136
124,137
124,138
124,139
124,140
124,141
124,142
124,144
124,147
126,127
126,128
126,129
126,130
126,132
126,133
126,134
126,135
126,136
126,138
126,139
126,140
126,141
126,143
126,144
126,147
126,149
126,159
126,164
126,170
126,174
126,180
127,128
127,129
127,131
127,132
127,133
127,134
127,135
127,137
127,138
127,144
127,147
127,149
127,151
127,153
127,155
127,157
127,159
127,164
127,165
127,170
127,171
127,174
127,180
127,187
129,130
129,131
129,134
129,135
129,138
129,139
129,140
129,143
129,144
129,146
129,147
129,149
129,150
129,151
129,152
129,153
129,154
129,155
129,159
129,161
129,162
129,164
129,165
129,168
129,170
129,174
129,179
129,180
129,189
129,190
129,191
129,194
130,131
130,132
130,133
130,134
130,135
130,136
130,138
130,139
130,140
130,141
130,142
131,132
131,133
131,135
131,136
131,137
131,138
131,140
131,141
131,142
131,143
131,144
131,145
131,148
131,149
131,151
131,153
131,155
131,156
131,159
131,161
131,163
131,164
131,165
131,168
131,170
131,171
131,174
132,133
132,134
132,135
132,137
132,139
132,141
132,142
132,143
133,134
133,135
133,136
133,137
133,138
133,139
133,140
133,141
133,142
133,143
133,144
133,145
133,146
133,147
133,148
133,151
133,153
133,155
133,156
133,157
133,159
133,163
133,164
133,165
133,168
133,170
133,171
133,174
133,180
133,187
134,135
134,136
134,137
134,138
134,139
134,140
134,141
134,142
134,143
134,144
134,145
134,146
134,147
134,148
134,149
134,151
134,152
134,153
134,155
134,156
134,159
134,160
134,161
134,163
134,165
134,170
134,171
134,173
134,174
134,175
134,177
135,138
135,139
135,140
135,141
135,143
135,144
135,145
135,146
135,147
135,148
135,149
135,150
135,151
135,153
135,155
135,156
135,157
135,158
135,159
135,160
135,161
135,162
135,163
135,164
135,165
135,168
135,171
135,173
135,174
135,175
135,177
135,179
135,180
136,138
136,139
136,140
138,139
138,141
138,143
138,144
138,146
138,147
138,148
138,150
138,151
138,152
138,153
138,156
138,157
138,159
138,160
138,161
138,162
138,164
139,140
139,141
139,143
139,144
139,145
139,146
140,141
140,142
141,142
141,143
141,145
141,146
141,147
141,148
141,149
141,150
141,151
141,152
141,156
141,157
141,159
141,160
141,161
141,164
141,166
141,168
141,179
141,180
141,187
142,145
142,146
142,147
142,148
142,149
142,150
142,151
142,152
142,153
142,155
142,156
142,157
142,158
142,160
142,161
142,162
143,144
143,145
143,146
143,147
143,148
143,149
143,150
143,151
143,155
143,156
143,157
143,159
143,160
143,161
143,163
143,164
143,166
143,167
143,170
144,147
144,149
144,150
144,151
144,153
144,154
144,156
144,157
144,158
144,159
144,160
144,161
144,163
144,164
144,166
144,167
144,168
144,170
144,171
144,174
144,186
144,187
145,147
145,148
145,150
145,152
145,153
145,155
145,156
145,158
145,159
145,160
145,162
145,163
145,164
145,167
145,170
145,171
145,173
145,174
145,177
145,178
145,179
145,180
146,147
146,150
146,151
146,152
146,153
146,154
146,155
146,156
146,157
146,158
146,162
146,163
146,164
146,165
146,166
146,167
146,168
146,180
146,189
146,190
146,191
146,194
147,148
147,149
147,150
147,151
147,152
147,153
147,154
147,155
147,156
147,157
147,162
147,164
147,180
147,189
147,190
147,191
147,194
148,149
148,150
148,152
148,153
148,154
148,155
148,157
148,158
148,159
148,160
148,161
148,162
148,163
148,165
148,166
148,167
148,170
148,171
148,172
148,173
148,174
148,175
148,176
148,177
148,179
148,185
148,186
148,187
148,199
149,150
149,151
149,152
149,153
150,151
150,152
150,154
150,155
150,157
150,158
150,159
150,161
150,162
150,164
150,180
150,189
150,190
150,191
150,194
151,152
151,153
151,154
151,155
151,156
151,157
151,158
151,159
151,161
151,162
151,163
151,164
151,165
151,166
151,167
151,168
151,171
151,172
151,174
151,175
151,176
151,177
151,179
151,180
151,189
151,190
151,191
151,194
152,153
152,154
152,156
152,157
152,159
152,162
152,164
152,180
152,189
152,190
152,191
152,194
153,154
153,155
153,156
153,157
153,158
153,159
153,160
153,161
153,162
153,163
153,164
153,165
153,166
153,167
153,170
153,171
153,173
153,175
153,176
153,177
153,179
153,196
154,156
154,157
154,162
154,164
154,180
154,189
154,190
154,191
154,194
155,157
155,158
155,165
155,166
155,167
156,158
156,159
156,160
156,161
156,162
156,163
156,164
156,165
156,166
156,167
156,168
156,170
156,171
156,172
156,175
156,176
156,177
156,179
156,181
156,185
156,187
156,196
156,197
157,158
157,159
157,160
157,163
157,164
157,165
157,166
157,167
157,168
157,169
157,170
157,171
157,172
157,173
157,175
158,159
158,160
158,161
158,162
158,164
158,165
158,166
158,167
158,168
158,169
158,170
158,171
159,160
159,161
159,162
159,163
159,164
159,165
159,166
159,167
159,168
159,169
159,170
159,171
159,172
159,175
160,161
160,162
160,163
160,164
160,165
160,166
161,162
161,165
161,166
161,167
161,169
161,170
161,171
161,172
161,173
161,175
161,176
161,177
161,178
161,179
161,180
161,182
162,164
162,165
162,166
162,167
162,168
162,169
162,170
162,180
162,189
162,190
162,191
162,194
163,164
163,165
163,166
163,167
163,169
163,170
163,172
163,173
163,175
163,176
163,177
163,178
163,179
163,180
163,181
163,182
163,185
163,186
163,193
163,194
163,196
163,199
164,165
164,166
164,167
164,168
164,170
164,173
164,174
164,180
164,189
164,190
164,191
164,194
165,166
165,167
165,168
165,169
165,171
165,172
165,173
165,174
165,176
165,177
165,180
165,181
165,185
165,186
165,187
165,194
165,196
165,199
166,168
166,169
166,170
166,171
166,172
166,173
166,174
166,175
166,176
166,177
166,178
166,179
166,181
166,183
166,184
166,185
166,187
166,189
166,193
166,194
166,196
166,199
167,171
167,172
167,173
167,174
167,176
167,177
167,178
167,179
167,180
167,182
167,183
167,184
167,187
168,169
168,170
168,171
168,172
168,173
168,175
168,176
168,177
168,178
168,179
168,180
168,181
168,182
168,183
170,171
170,172
170,173
170,175
170,176
170,177
170,178
170,179
170,180
170,181
170,182
170,184
170,185
171,172
171,173
171,174
171,175
171,178
171,179
171,180
171,181
171,182
171,183
171,184
171,185
171,189
172,173
172,174
172,175
172,176
172,179
172,180
172,181
172,182
172,184
172,185
172,186
172,187
173,174
173,175
173,176
173,177
173,179
173,180
173,181
173,182
173,183
173,184
173,185
173,187
173,197
174,175
174,176
174,177
174,178
174,179
174,180
174,181
174,182
174,184
174,187
174,188
174,189
174,191
174,193
174,194
174,197
175,177
175,178
175,179
175,180
175,181
175,182
175,183
175,184
175,185
175,186
175,187
175,188
175,189
175,191
175,193
175,194
175,195
175,199
176,177
176,178
176,179
176,180
176,181
176,182
176,183
176,185
176,186
176,188
176,189
176,191
176,193
176,194
177,178
177,179
177,180
177,181
177,182
177,183
177,184
178,179
178,180
179,180
179,182
179,185
179,186
179,187
179,188
179,189
179,190
180,182
180,183
180,185
180,187
180,188
180,189
180,190
180,191
180,193
180,194
180,195
180,196
180,197
180,198
181,182
181,184
181,185
181,186
181,187
181,188
181,189
181,190
181,191
181,194
181,196
181,197
181,198
182,183
182,184
182,185
182,187
182,188
182,189
182,190
182,191
183,185
183,186
183,187
183,188
183,189
183,190
183,191
183,194
183,196
183,197
183,199
184,186
184,187
184,188
184,189
184,190
184,191
184,193
184,194
184,195
184,196
184,197
184,198
184,199
185,188
185,189
185,191
185,193
185,194
186,187
186,188
186,189
186,190
186,192
186,193
186,194
186,195
186,196
186,197
186,198
187,188
187,191
187,192
187,193
187,194
187,195
187,196
187,197
187,198
187,199
188,189
188,190
188,191
188,192
188,193
188,194
188,195
188,196
188,197
188,198
189,190
189,191
189,192
189,193
189,194
189,195
189,196
189,197
189,198
189,199
190,191
190,192
190,193
190,194
190,195
190,196
190,197
190,198
190,199
191,194
191,195
191,196
191,197
191,198
191,199
192,194
192,195
192,196
192,198
192,199
193,195
193,196
193,197
193,198
193,199
194,195
194,196
194,197
194,198
194,199
195,196
195,197
195,198
195,199
196,197
196,198
196,199
197,198
197,199
