0,1
0,2
0,3
0,4
0,5
0,6
0,7
0,8
0,9
0,10
0,11
0,12
0,13
0,14
0,15
0,16
0,17
0,18
0,19
0,20
0,21
0,22
0,23
0,24
0,25
0,26
0,27
0,28
0,29
0,30
0,31
0,32
0,33
0,34
0,35
0,36
0,37
0,38
0,39
0,40
0,41
0,42
0,43
0,44
0,45
0,46
0,47
0,48
0,49
0,50
0,51
0,52
0,53
0,54
0,55
0,56
0,57
0,58
0,59
0,60
0,61
0,62
0,63
0,64
0,65
0,66
0,67
0,68
0,69
0,70
0,71
0,72
0,73
0,74
0,75
0,76
0,77
0,78
1,2
1,3
1,4
1,5
1,6
1,7
1,8
1,9
1,10
1,11
1,12
1,13
1,14
1,15
1,16
1,17
1,18
1,19
1,20
1,21
1,22
1,23
1,24
1,25
1,26
1,27
1,28
1,29
1,30
1,31
1,32
1,33
1,34
1,35
1,36
1,37
1,38
1,39
1,40
1,41
1,42
1,43
1,44
1,45
1,46
1,47
1,48
1,49
1,50
1,51
1,52
1,53
1,54
1,55
1,56
1,57
1,58
1,59
1,60
1,61
1,62
1,63
1,64
1,65
1,66
1,67
1,68
1,69
1,70
1,71
1,72
1,73
1,74
1,75
1,76
1,77
1,78
2,3
2,4
2,5
2,6
2,7
2,8
2,9
2,10
2,11
2,12
2,13
2,14
2,15
2,16
2,17
2,18
2,19
2,20
2,21
2,22
2,23
2,24
2,25
2,26
2,27
2,28
2,29
2,30
2,31
2,32
2,33
2,34
2,35
2,36
2,37
2,38
2,39
2,40
2,41
2,42
2,43
2,44
2,45
2,46
2,47
2,48
2,49
2,50
2,51
2,52
2,53
2,54
2,55
2,56
2,57
2,58
2,59
2,60
2,61
2,62
2,63
2,64
2,65
2,66
2,67
2,68
2,69
2,70
2,71
2,72
2,73
2,74
2,75
2,76
2,77
2,78
3,4
3,5
3,6
3,7
3,8
3,9
3,10
3,11
3,12
3,13
3,14
3,15
3,16
3,17
3,18
3,19
3,20
3,21
3,22
3,23
3,24
3,25
3,26
3,27
3,28
3,29
3,30
3,31
3,32
3,33
3,34
3,35
3,36
3,37
3,38
3,39
3,40
3,41
3,42
3,43
3,44
3,45
3,46
3,47
3,48
3,49
3,50
3,51
3,52
3,53
3,54
3,55
3,56
3,57
3,58
3,59
3,60
3,61
3,62
3,63
3,64
3,65
3,66
3,67
3,68
3,69
3,70
3,71
3,72
3,73
3,74
3,75
3,76
3,77
3,78
3,79
3,81
3,82
3,83
3,84
3,89
3,92
3,94
3,97
3,100
3,101
3,110
3,112
3,114
3,119
3,129
3,134
3,136
3,138
3,140
3,142
3,144
3,147
3,148
3,150
3,154
3,155
3,156
3,157
3,160
3,167
3,172
3,173
3,174
3,176
3,177
3,180
3,183
3,184
3,187
3,190
3,192
3,196
3,198
4,5
4,6
4,7
4,8
4,9
4,10
4,11
4,12
4,13
4,14
4,15
4,16
4,17
4,18
4,19
4,20
4,21
4,22
4,23
4,24
4,25
4,26
4,27
4,28
4,29
4,30
4,31
4,32
4,33
4,34
4,35
4,36
4,37
4,38
4,39
4,40
4,41
4,42
4,43
4,44
4,45
4,46
4,47
4,48
4,49
4,50
4,51
4,52
4,53
4,54
4,55
4,56
4,57
4,58
4,59
4,60
4,61
4,62
4,63
4,64
4,65
4,66
4,67
4,68
4,69
4,70
4,71
4,72
4,73
4,74
4,75
4,76
4,77
4,78
5,6
5,7
5,8
5,9
5,10
5,11
5,12
5,13
5,14
5,15
5,16
5,17
5,18
5,19
5,20
5,21
5,22
5,23
5,24
5,25
5,26
5,27
5,28
5,29
5,30
5,31
5,32
5,33
5,34
5,35
5,36
5,37
5,38
5,39
5,40
5,41
5,42
5,43
5,44
5,45
5,46
5,47
5,48
5,49
5,50
5,51
5,52
5,53
5,54
5,55
5,56
5,57
5,58
5,59
5,60
5,61
5,62
5,63
5,64
5,65
5,66
5,67
5,68
5,69
5,70
5,71
5,72
5,73
5,74
5,75
5,76
5,77
5,78
6,7
6,8
6,9
6,10
6,11
6,12
6,13
6,14
6,15
6,16
6,17
6,18
6,19
6,20
6,21
6,22
6,23
6,24
6,25
6,26
6,27
6,28
6,29
6,30
6,31
6,32
6,33
6,34
6,35
6,36
6,37
6,38
6,39
6,40
6,41
6,42
6,43
6,44
6,45
6,46
6,47
6,48
6,49
6,50
6,51
6,52
6,53
6,54
6,55
6,56
6,57
6,58
6,59
6,60
6,61
6,62
6,63
6,64
6,65
6,66
6,67
6,68
6,69
6,70
6,71
6,72
6,73
6,74
6,75
6,76
6,77
6,78
6,79
6,81
6,82
6,83
6,84
6,89
6,92
6,94
6,97
6,100
6,101
6,110
6,112
6,114
6,119
6,129
6,134
6,136
6,138
6,140
6,142
6,144
6,147
6,148
6,150
6,154
6,155
6,156
6,157
6,160
6,167
6,172
6,173
6,174
6,176
6,177
6,180
6,183
6,184
6,187
6,190
6,192
6,196
6,198
7,8
7,9
7,10
7,11
7,12
7,13
7,14
7,15
7,16
7,17
7,18
7,19
7,20
7,21
7,22
7,23
7,24
7,25
7,26
7,27
7,28
7,29
7,30
7,31
7,32
7,33
7,34
7,35
7,36
7,37
7,38
7,39
7,40
7,41
7,42
7,43
7,44
7,45
7,46
7,47
7,48
7,49
7,50
7,51
7,52
7,53
7,54
7,55
7,56
7,57
7,58
7,59
7,60
7,61
7,62
7,63
7,64
7,65
7,66
7,67
7,68
7,69
7,70
7,71
7,72
7,73
7,74
7,75
7,76
7,77
7,78
7,79
7,81
7,82
7,83
7,84
7,89
7,92
7,94
7,97
7,100
7,101
7,110
7,112
7,114
7,119
7,129
7,134
7,136
7,138
7,140
7,142
7,144
7,147
7,148
7,150
7,154
7,155
7,156
7,157
7,160
7,167
7,172
7,173
7,174
7,176
7,177
7,180
7,183
7,184
7,187
7,190
7,192
7,196
7,198
8,9
8,10
8,11
8,12
8,13
8,14
8,15
8,16
8,17
8,18
8,19
8,20
8,21
8,22
8,23
8,24
8,25
8,26
8,27
8,28
8,29
8,30
8,31
8,32
8,33
8,34
8,35
8,36
8,37
8,38
8,39
8,40
8,41
8,42
8,43
8,44
8,45
8,46
8,47
8,48
8,49
8,50
8,51
8,52
8,53
8,54
8,55
8,56
8,57
8,58
8,59
8,60
8,61
8,62
8,63
8,64
8,65
8,66
8,67
8,68
8,69
8,70
8,71
8,72
8,73
8,74
8,75
8,76
8,77
8,78
9,10
9,11
9,12
9,13
9,14
9,15
9,16
9,17
9,18
9,19
9,20
9,21
9,22
9,23
9,24
9,25
9,26
9,27
9,28
9,29
9,30
9,31
9,32
9,33
9,34
9,35
9,36
9,37
9,38
9,39
9,40
9,41
9,42
9,43
9,44
9,45
9,46
9,47
9,48
9,49
9,50
9,51
9,52
9,53
9,54
9,55
9,56
9,57
9,58
9,59
9,60
9,61
9,62
9,63
9,64
9,65
9,66
9,67
9,68
9,69
9,70
9,71
9,72
9,73
9,74
9,75
9,76
9,77
9,78
10,11
10,12
10,13
10,14
10,15
10,16
10,17
10,18
10,19
10,20
10,21
10,22
10,23
10,24
10,25
10,26
10,27
10,28
10,29
10,30
10,31
10,32
10,33
10,34
10,35
10,36
10,37
10,38
10,39
10,40
10,41
10,42
10,43
10,44
10,45
10,46
10,47
10,48
10,49
10,50
10,51
10,52
10,53
10,54
10,55
10,56
10,57
10,58
10,59
10,60
10,61
10,62
10,63
10,64
10,65
10,66
10,67
10,68
10,69
10,70
10,71
10,72
10,73
10,74
10,75
10,76
10,77
10,78
11,12
11,13
11,14
11,15
11,16
11,17
11,18
11,19
11,20
11,21
11,22
11,23
11,24
11,25
11,26
11,27
11,28
11,29
11,30
11,31
11,32
11,33
11,34
11,35
11,36
11,37
11,38
11,39
11,40
11,41
11,42
11,43
11,44
11,45
11,46
11,47
11,48
11,49
11,50
11,51
11,52
11,53
11,54
11,55
11,56
11,57
11,58
11,59
11,60
11,61
11,62
11,63
11,64
11,65
11,66
11,67
11,68
11,69
11,70
11,71
11,72
11,73
11,74
11,75
11,76
11,77
11,78
11,79
11,81
11,82
11,83
11,84
11,89
11,92
11,94
11,97
11,100
11,101
11,110
11,112
11,114
11,119
11,129
11,134
11,136
11,138
11,140
11,142
11,144
11,147
11,148
11,150
11,154
11,155
11,156
11,157
11,160
11,167
11,172
11,173
11,174
11,176
11,177
11,180
11,183
11,184
11,187
11,190
11,192
11,196
11,198
12,13
12,14
12,15
12,16
12,17
12,18
12,19
12,20
12,21
12,22
12,23
12,24
12,25
12,26
12,27
12,28
12,29
12,30
12,31
12,32
12,33
12,34
12,35
12,36
12,37
12,38
12,39
12,40
12,41
12,42
12,43
12,44
12,45
12,46
12,47
12,48
12,49
12,50
12,51
12,52
12,53
12,54
12,55
12,56
12,57
12,58
12,59
12,60
12,61
12,62
12,63
12,64
12,65
12,66
12,67
12,68
12,69
12,70
12,71
12,72
12,73
12,74
12,75
12,76
12,77
12,78
13,14
13,15
13,16
13,17
13,18
13,19
13,20
13,21
13,22
13,23
13,24
13,25
13,26
13,27
13,28
13,29
13,30
13,31
13,32
13,33
13,34
13,35
13,36
13,37
13,38
13,39
13,40
13,41
13,42
13,43
13,44
13,45
13,46
13,47
13,48
13,49
13,50
13,51
13,52
13,53
13,54
13,55
13,56
13,57
13,58
13,59
13,60
13,61
13,62
13,63
13,64
13,65
13,66
13,67
13,68
13,69
13,70
13,71
13,72
13,73
13,74
13,75
13,76
13,77
13,78
14,15
14,16
14,17
14,18
14,19
14,20
14,21
14,22
14,23
14,24
14,25
14,26
14,27
14,28
14,29
14,30
14,31
14,32
14,33
14,34
14,35
14,36
14,37
14,38
14,39
14,40
14,41
14,42
14,43
14,44
14,45
14,46
14,47
14,48
14,49
14,50
14,51
14,52
14,53
14,54
14,55
14,56
14,57
14,58
14,59
14,60
14,61
14,62
14,63
14,64
14,65
14,66
14,67
14,68
14,69
14,70
14,71
14,72
14,73
14,74
14,75
14,76
14,77
14,78
15,16
15,17
15,18
15,19
15,20
15,21
15,22
15,23
15,24
15,25
15,26
15,27
15,28
15,29
15,30
15,31
15,32
15,33
15,34
15,35
15,36
15,37
15,38
15,39
15,40
15,41
15,42
15,43
15,44
15,45
15,46
15,47
15,48
15,49
15,50
15,51
15,52
15,53
15,54
15,55
15,56
15,57
15,58
15,59
15,60
15,61
15,62
15,63
15,64
15,65
15,66
15,67
15,68
15,69
15,70
15,71
15,72
15,73
15,74
15,75
15,76
15,77
15,78
15,79
15,81
15,82
15,83
15,84
15,89
15,92
15,94
15,97
15,100
15,101
15,110
15,112
15,114
15,119
15,129
15,134
15,136
15,138
15,140
15,142
15,144
15,147
15,148
15,150
15,154
15,155
15,156
15,157
15,160
15,167
15,172
15,173
15,174
15,176
15,177
15,180
15,183
15,184
15,187
15,190
15,192
15,196
15,198
16,17
16,18
16,19
16,20
16,21
16,22
16,23
16,24
16,25
16,26
16,27
16,28
16,29
16,30
16,31
16,32
16,33
16,34
16,35
16,36
16,37
16,38
16,39
16,40
16,41
16,42
16,43
16,44
16,45
16,46
16,47
16,48
16,49
16,50
16,51
16,52
16,53
16,54
16,55
16,56
16,57
16,58
16,59
16,60
16,61
16,62
16,63
16,64
16,65
16,66
16,67
16,68
16,69
16,70
16,71
16,72
16,73
16,74
16,75
16,76
16,77
16,78
17,18
17,19
17,20
17,21
17,22
17,23
17,24
17,25
17,26
17,27
17,28
17,29
17,30
17,31
17,32
17,33
17,34
17,35
17,36
17,37
17,38
17,39
17,40
17,41
17,42
17,43
17,44
17,45
17,46
17,47
17,48
17,49
17,50
17,51
17,52
17,53
17,54
17,55
17,56
17,57
17,58
17,59
17,60
17,61
17,62
17,63
17,64
17,65
17,66
17,67
17,68
17,69
17,70
17,71
17,72
17,73
17,74
17,75
17,76
17,77
17,78
18,19
18,20
18,21
18,22
18,23
18,24
18,25
18,26
18,27
18,28
18,29
18,30
18,31
18,32
18,33
18,34
18,35
18,36
18,37
18,38
18,39
18,40
18,41
18,42
18,43
18,44
18,45
18,46
18,47
18,48
18,49
18,50
18,51
18,52
18,53
18,54
18,55
18,56
18,57
18,58
18,59
18,60
18,61
18,62
18,63
18,64
18,65
18,66
18,67
18,68
18,69
18,70
18,71
18,72
18,73
18,74
18,75
18,76
18,77
18,78
19,20
19,21
19,22
19,23
19,24
19,25
19,26
19,27
19,28
19,29
19,30
19,31
19,32
19,33
19,34
19,35
19,36
19,37
19,38
19,39
19,40
19,41
19,42
19,43
19,44
19,45
19,46
19,47
19,48
19,49
19,50
19,51
19,52
19,53
19,54
19,55
19,56
19,57
19,58
19,59
19,60
19,61
19,62
19,63
19,64
19,65
19,66
19,67
19,68
19,69
19,70
19,71
19,72
19,73
19,74
19,75
19,76
19,77
19,78
19,79
19,81
19,82
19,83
19,84
19,89
19,92
19,94
19,97
19,100
19,101
19,110
19,112
19,114
19,119
19,129
19,134
19,136
19,138
19,140
19,142
19,144
19,147
19,148
19,150
19,154
19,155
19,156
19,157
19,160
19,167
19,172
19,173
19,174
19,176
19,177
19,180
19,183
19,184
19,187
19,190
19,192
19,196
19,198
20,21
20,22
20,23
20,24
20,25
20,26
20,27
20,28
20,29
20,30
20,31
20,32
20,33
20,34
20,35
20,36
20,37
20,38
20,39
20,40
20,41
20,42
20,43
20,44
20,45
20,46
20,47
20,48
20,49
20,50
20,51
20,52
20,53
20,54
20,55
20,56
20,57
20,58
20,59
20,60
20,61
20,62
20,63
20,64
20,65
20,66
20,67
20,68
20,69
20,70
20,71
20,72
20,73
20,74
20,75
20,76
20,77
20,78
20,79
20,81
20,82
20,83
20,84
20,89
20,92
20,94
20,97
20,100
20,101
20,110
20,112
20,114
20,119
20,129
20,134
20,136
20,138
20,140
20,142
20,144
20,147
20,148
20,150
20,154
20,155
20,156
20,157
20,160
20,167
20,172
20,173
20,174
20,176
20,177
20,180
20,183
20,184
20,187
20,190
20,192
20,196
20,198
21,22
21,23
21,24
21,25
21,26
21,27
21,28
21,29
21,30
21,31
21,32
21,33
21,34
21,35
21,36
21,37
21,38
21,39
21,40
21,41
21,42
21,43
21,44
21,45
21,46
21,47
21,48
21,49
21,50
21,51
21,52
21,53
21,54
21,55
21,56
21,57
21,58
21,59
21,60
21,61
21,62
21,63
21,64
21,65
21,66
21,67
21,68
21,69
21,70
21,71
21,72
21,73
21,74
21,75
21,76
21,77
21,78
22,23
22,24
22,25
22,26
22,27
22,28
22,29
22,30
22,31
22,32
22,33
22,34
22,35
22,36
22,37
22,38
22,39
22,40
22,41
22,42
22,43
22,44
22,45
22,46
22,47
22,48
22,49
22,50
22,51
22,52
22,53
22,54
22,55
22,56
22,57
22,58
22,59
22,60
22,61
22,62
22,63
22,64
22,65
22,66
22,67
22,68
22,69
22,70
22,71
22,72
22,73
22,74
22,75
22,76
22,77
22,78
23,24
23,25
23,26
23,27
23,28
23,29
23,30
23,31
23,32
23,33
23,34
23,35
23,36
23,37
23,38
23,39
23,40
23,41
23,42
23,43
23,44
23,45
23,46
23,47
23,48
23,49
23,50
23,51
23,52
23,53
23,54
23,55
23,56
23,57
23,58
23,59
23,60
23,61
23,62
23,63
23,64
23,65
23,66
23,67
23,68
23,69
23,70
23,71
23,72
23,73
23,74
23,75
23,76
23,77
23,78
23,79
23,81
23,82
23,83
23,84
23,89
23,92
23,94
23,97
23,100
23,101
23,110
23,112
23,114
23,119
23,129
23,134
23,136
23,138
23,140
23,142
23,144
23,147
23,148
23,150
23,154
23,155
23,156
23,157
23,160
23,167
23,172
23,173
23,174
23,176
23,177
23,180
23,183
23,184
23,187
23,190
23,192
23,196
23,198
24,25
24,26
24,27
24,28
24,29
24,30
24,31
24,32
24,33
24,34
24,35
24,36
24,37
24,38
24,39
24,40
24,41
24,42
24,43
24,44
24,45
24,46
24,47
24,48
24,49
24,50
24,51
24,52
24,53
24,54
24,55
24,56
24,57
24,58
24,59
24,60
24,61
24,62
24,63
24,64
24,65
24,66
24,67
24,68
24,69
24,70
24,71
24,72
24,73
24,74
24,75
24,76
24,77
24,78
24,79
24,81
24,82
24,83
24,84
24,89
24,92
24,94
24,97
24,100
24,101
24,110
24,112
24,114
24,119
24,129
24,134
24,136
24,138
24,140
24,142
24,144
24,147
24,148
24,150
24,154
24,155
24,156
24,157
24,160
24,167
24,172
24,173
24,174
24,176
24,177
24,180
24,183
24,184
24,187
24,190
24,192
24,196
24,198
25,26
25,27
25,28
25,29
25,30
25,31
25,32
25,33
25,34
25,35
25,36
25,37
25,38
25,39
25,40
25,41
25,42
25,43
25,44
25,45
25,46
25,47
25,48
25,49
25,50
25,51
25,52
25,53
25,54
25,55
25,56
25,57
25,58
25,59
25,60
25,61
25,62
25,63
25,64
25,65
25,66
25,67
25,68
25,69
25,70
25,71
25,72
25,73
25,74
25,75
25,76
25,77
25,78
26,27
26,28
26,29
26,30
26,31
26,32
26,33
26,34
26,35
26,36
26,37
26,38
26,39
26,40
26,41
26,42
26,43
26,44
26,45
26,46
26,47
26,48
26,49
26,50
26,51
26,52
26,53
26,54
26,55
26,56
26,57
26,58
26,59
26,60
26,61
26,62
26,63
26,64
26,65
26,66
26,67
26,68
26,69
26,70
26,71
26,72
26,73
26,74
26,75
26,76
26,77
26,78
26,79
26,81
26,82
26,83
26,84
26,89
26,92
26,94
26,97
26,100
26,101
26,110
26,112
26,114
26,119
26,129
26,134
26,136
26,138
26,140
26,142
26,144
26,147
26,148
26,150
26,154
26,155
26,156
26,157
26,160
26,167
26,172
26,173
26,174
26,176
26,177
26,180
26,183
26,184
26,187
26,190
26,192
26,196
26,198
27,28
27,29
27,30
27,31
27,32
27,33
27,34
27,35
27,36
27,37
27,38
27,39
27,40
27,41
27,42
27,43
27,44
27,45
27,46
27,47
27,48
27,49
27,50
27,51
27,52
27,53
27,54
27,55
27,56
27,57
27,58
27,59
27,60
27,61
27,62
27,63
27,64
27,65
27,66
27,67
27,68
27,69
27,70
27,71
27,72
27,73
27,74
27,75
27,76
27,77
27,78
27,79
27,81
27,82
27,83
27,84
27,89
27,92
27,94
27,97
27,100
27,101
27,110
27,112
27,114
27,119
27,129
27,134
27,136
27,138
27,140
27,142
27,144
27,147
27,148
27,150
27,154
27,155
27,156
27,157
27,160
27,167
27,172
27,173
27,174
27,176
27,177
27,180
27,183
27,184
27,187
27,190
27,192
27,196
27,198
28,29
28,30
28,31
28,32
28,33
28,34
28,35
28,36
28,37
28,38
28,39
28,40
28,41
28,42
28,43
28,44
28,45
28,46
28,47
28,48
28,49
28,50
28,51
28,52
28,53
28,54
28,55
28,56
28,57
28,58
28,59
28,60
28,61
28,62
28,63
28,64
28,65
28,66
28,67
28,68
28,69
28,70
28,71
28,72
28,73
28,74
28,75
28,76
28,77
28,78
28,79
28,81
28,82
28,83
28,84
28,89
28,92
28,94
28,97
28,100
28,101
28,110
28,112
28,114
28,119
28,129
28,134
28,136
28,138
28,140
28,142
28,144
28,147
28,148
28,150
28,154
28,155
28,156
28,157
28,160
28,167
28,172
28,173
28,174
28,176
28,177
28,180
28,183
28,184
28,187
28,190
28,192
28,196
28,198
29,30
29,31
29,32
29,33
29,34
29,35
29,36
29,37
29,38
29,39
29,40
29,41
29,42
29,43
29,44
29,45
29,46
29,47
29,48
29,49
29,50
29,51
29,52
29,53
29,54
29,55
29,56
29,57
29,58
29,59
29,60
29,61
29,62
29,63
29,64
29,65
29,66
29,67
29,68
29,69
29,70
29,71
29,72
29,73
29,74
29,75
29,76
29,77
29,78
29,79
29,81
29,82
29,83
29,84
29,89
29,92
29,94
29,97
29,100
29,101
29,110
29,112
29,114
29,119
29,129
29,134
29,136
29,138
29,140
29,142
29,144
29,147
29,148
29,150
29,154
29,155
29,156
29,157
29,160
29,167
29,172
29,173
29,174
29,176
29,177
29,180
29,183
29,184
29,187
29,190
29,192
29,196
29,198
30,31
30,32
30,33
30,34
30,35
30,36
30,37
30,38
30,39
30,40
30,41
30,42
30,43
30,44
30,45
30,46
30,47
30,48
30,49
30,50
30,51
30,52
30,53
30,54
30,55
30,56
30,57
30,58
30,59
30,60
30,61
30,62
30,63
30,64
30,65
30,66
30,67
30,68
30,69
30,70
30,71
30,72
30,73
30,74
30,75
30,76
30,77
30,78
30,79
30,81
30,82
30,83
30,84
30,89
30,92
30,94
30,97
30,100
30,101
30,110
30,112
30,114
30,119
30,129
30,134
30,136
30,138
30,140
30,142
30,144
30,147
30,148
30,150
30,154
30,155
30,156
30,157
30,160
30,167
30,172
30,173
30,174
30,176
30,177
30,180
30,183
30,184
30,187
30,190
30,192
30,196
30,198
31,32
31,33
31,34
31,35
31,36
31,37
31,38
31,39
31,40
31,41
31,42
31,43
31,44
31,45
31,46
31,47
31,48
31,49
31,50
31,51
31,52
31,53
31,54
31,55
31,56
31,57
31,58
31,59
31,60
31,61
31,62
31,63
31,64
31,65
31,66
31,67
31,68
31,69
31,70
31,71
31,72
31,73
31,74
31,75
31,76
31,77
31,78
32,33
32,34
32,35
32,36
32,37
32,38
32,39
32,40
32,41
32,42
32,43
32,44
32,45
32,46
32,47
32,48
32,49
32,50
32,51
32,52
32,53
32,54
32,55
32,56
32,57
32,58
32,59
32,60
32,61
32,62
32,63
32,64
32,65
32,66
32,67
32,68
32,69
32,70
32,71
32,72
32,73
32,74
32,75
32,76
32,77
32,78
33,34
33,35
33,36
33,37
33,38
33,39
33,40
33,41
33,42
33,43
33,44
33,45
33,46
33,47
33,48
33,49
33,50
33,51
33,52
33,53
33,54
33,55
33,56
33,57
33,58
33,59
33,60
33,61
33,62
33,63
33,64
33,65
33,66
33,67
33,68
33,69
33,70
33,71
33,72
33,73
33,74
33,75
33,76
33,77
33,78
33,79
33,81
33,82
33,83
33,84
33,89
33,92
33,94
33,97
33,100
33,101
33,110
33,112
33,114
33,119
33,129
33,134
33,136
33,138
33,140
33,142
33,144
33,147
33,148
33,150
33,154
33,155
33,156
33,157
33,160
33,167
33,172
33,173
33,174
33,176
33,177
33,180
33,183
33,184
33,187
33,190
33,192
33,196
33,198
34,35
34,36
34,37
34,38
34,39
34,40
34,41
34,42
34,43
34,44
34,45
34,46
34,47
34,48
34,49
34,50
34,51
34,52
34,53
34,54
34,55
34,56
34,57
34,58
34,59
34,60
34,61
34,62
34,63
34,64
34,65
34,66
34,67
34,68
34,69
34,70
34,71
34,72
34,73
34,74
34,75
34,76
34,77
34,78
34,79
34,81
34,82
34,83
34,84
34,89
34,92
34,94
34,97
34,100
34,101
34,110
34,112
34,114
34,119
34,129
34,134
34,136
34,138
34,140
34,142
34,144
34,147
34,148
34,150
34,154
34,155
34,156
34,157
34,160
34,167
34,172
34,173
34,174
34,176
34,177
34,180
34,183
34,184
34,187
34,190
34,192
34,196
34,198
35,36
35,37
35,38
35,39
35,40
35,41
35,42
35,43
35,44
35,45
35,46
35,47
35,48
35,49
35,50
35,51
35,52
35,53
35,54
35,55
35,56
35,57
35,58
35,59
35,60
35,61
35,62
35,63
35,64
35,65
35,66
35,67
35,68
35,69
35,70
35,71
35,72
35,73
35,74
35,75
35,76
35,77
35,78
35,79
35,81
35,82
35,83
35,84
35,89
35,92
35,94
35,97
35,100
35,101
35,110
35,112
35,114
35,119
35,129
35,134
35,136
35,138
35,140
35,142
35,144
35,147
35,148
35,150
35,154
35,155
35,156
35,157
35,160
35,167
35,172
35,173
35,174
35,176
35,177
35,180
35,183
35,184
35,187
35,190
35,192
35,196
35,198
36,37
36,38
36,39
36,40
36,41
36,42
36,43
36,44
36,45
36,46
36,47
36,48
36,49
36,50
36,51
36,52
36,53
36,54
36,55
36,56
36,57
36,58
36,59
36,60
36,61
36,62
36,63
36,64
36,65
36,66
36,67
36,68
36,69
36,70
36,71
36,72
36,73
36,74
36,75
36,76
36,77
37,38
37,39
37,40
37,41
37,42
37,43
37,44
37,45
37,46
37,47
37,48
37,49
37,50
37,51
37,52
37,53
37,54
37,55
37,56
37,57
37,58
37,59
37,60
37,61
37,62
37,63
37,64
37,65
37,66
37,67
37,68
37,69
37,70
37,71
37,72
37,73
37,74
37,75
37,76
37,77
37,78
38,39
38,40
38,41
38,42
38,43
38,44
38,45
38,46
38,47
38,48
38,49
38,50
38,51
38,52
38,53
38,54
38,55
38,56
38,57
38,58
38,59
38,60
38,61
38,62
38,63
38,64
38,65
38,66
38,67
38,68
38,69
38,70
38,71
38,72
38,73
38,74
38,75
38,76
38,77
38,78
38,79
38,81
38,82
38,83
38,84
38,89
38,92
38,94
38,97
38,100
38,101
38,110
38,112
38,114
38,119
38,129
38,134
38,136
38,138
38,140
38,142
38,144
38,147
38,148
38,150
38,154
38,155
38,156
38,157
38,160
38,167
38,172
38,173
38,174
38,176
38,177
38,180
38,183
38,184
38,187
38,190
38,192
38,196
38,198
39,40
39,41
39,42
39,43
39,44
39,45
39,46
39,47
39,48
39,49
39,50
39,51
39,52
39,53
39,54
39,55
39,56
39,57
39,58
39,59
39,60
39,61
39,62
39,63
39,64
39,65
39,66
39,67
39,68
39,69
39,70
39,71
39,72
39,73
39,74
39,75
39,76
39,77
39,78
39,79
39,81
39,82
39,83
39,84
39,89
39,92
39,94
39,97
39,100
39,101
39,110
39,112
39,114
39,119
39,129
39,134
39,136
39,138
39,140
39,142
39,144
39,147
39,148
39,150
39,154
39,155
39,156
39,157
39,160
39,167
39,172
39,173
39,174
39,176
39,177
39,180
39,183
39,184
39,187
39,190
39,192
39,196
39,198
40,41
40,42
40,43
40,44
40,45
40,46
40,47
40,48
40,49
40,50
40,51
40,52
40,53
40,54
40,55
40,56
40,57
40,58
40,59
40,60
40,61
40,62
40,63
40,64
40,65
40,66
40,67
40,68
40,69
40,70
40,71
40,72
40,73
40,74
40,75
40,76
40,77
40,78
41,42
41,43
41,44
41,45
41,46
41,47
41,48
41,49
41,50
41,51
41,52
41,53
41,54
41,55
41,56
41,57
41,58
41,59
41,60
41,61
41,62
41,63
41,64
41,65
41,66
41,67
41,68
41,69
41,70
41,71
41,72
41,73
41,74
41,75
41,76
41,77
41,78
42,43
42,44
42,45
42,46
42,47
42,48
42,49
42,50
42,51
42,52
42,53
42,54
42,55
42,56
42,57
42,58
42,59
42,60
42,61
42,62
42,63
42,64
42,65
42,66
42,67
42,68
42,69
42,70
42,71
42,72
42,73
42,74
42,75
42,76
42,77
42,78
43,44
43,45
43,46
43,47
43,48
43,49
43,50
43,51
43,52
43,53
43,54
43,55
43,56
43,57
43,58
43,59
43,60
43,61
43,62
43,63
43,64
43,65
43,66
43,67
43,68
43,69
43,70
43,71
43,72
43,73
43,74
43,75
43,76
43,77
43,78
44,45
44,46
44,47
44,48
44,49
44,50
44,51
44,52
44,53
44,54
44,55
44,56
44,57
44,58
44,59
44,60
44,61
44,62
44,63
44,64
44,65
44,66
44,67
44,68
44,69
44,70
44,71
44,72
44,73
44,74
44,75
44,76
44,77
44,78
44,79
44,81
44,82
44,83
44,84
44,89
44,92
44,94
44,97
44,100
44,101
44,110
44,112
44,114
44,119
44,129
44,134
44,136
44,138
44,140
44,142
44,144
44,147
44,148
44,150
44,154
44,155
44,156
44,157
44,160
44,167
44,172
44,173
44,174
44,176
44,177
44,180
44,183
44,184
44,187
44,190
44,192
44,196
44,198
45,46
45,47
45,48
45,49
45,50
45,51
45,52
45,53
45,54
45,55
45,56
45,57
45,58
45,59
45,60
45,61
45,62
45,63
45,64
45,65
45,66
45,67
45,68
45,69
45,70
45,71
45,72
45,73
45,74
45,75
45,76
45,77
45,78
46,47
46,48
46,49
46,50
46,51
46,52
46,53
46,54
46,55
46,56
46,57
46,58
46,59
46,60
46,61
46,62
46,63
46,64
46,65
46,66
46,67
46,68
46,69
46,70
46,71
46,72
46,73
46,74
46,75
46,76
46,77
46,78
46,79
46,81
46,82
46,83
46,84
46,89
46,92
46,94
46,97
46,100
46,101
46,110
46,112
46,114
46,119
46,129
46,134
46,136
46,138
46,140
46,142
46,144
46,147
46,148
46,150
46,154
46,155
46,156
46,157
46,160
46,167
46,172
46,173
46,174
46,176
46,177
46,180
46,183
46,184
46,187
46,190
46,192
46,196
46,198
47,48
47,49
47,50
47,51
47,52
47,53
47,54
47,55
47,56
47,57
47,58
47,59
47,60
47,61
47,62
47,63
47,64
47,65
47,66
47,67
47,68
47,69
47,70
47,71
47,72
47,73
47,74
47,75
47,76
47,77
47,78
48,49
48,50
48,51
48,52
48,53
48,54
48,55
48,56
48,57
48,58
48,59
48,60
48,61
48,62
48,63
48,64
48,65
48,66
48,67
48,68
48,69
48,70
48,71
48,72
48,73
48,74
48,75
48,76
48,77
48,78
49,50
49,51
49,52
49,53
49,54
49,55
49,56
49,57
49,58
49,59
49,60
49,61
49,62
49,63
49,64
49,65
49,66
49,67
49,68
49,69
49,70
49,71
49,72
49,73
49,74
49,75
49,76
49,77
49,78
49,79
49,81
49,82
49,83
49,84
49,89
49,92
49,94
49,97
49,100
49,101
49,110
49,112
49,114
49,119
49,129
49,134
49,136
49,138
49,140
49,142
49,144
49,147
49,148
49,150
49,154
49,155
49,156
49,157
49,160
49,167
49,172
49,173
49,174
49,176
49,177
49,180
49,183
49,184
49,187
49,190
49,192
49,196
49,198
50,51
50,52
50,53
50,54
50,55
50,56
50,57
50,58
50,59
50,60
50,61
50,62
50,63
50,64
50,65
50,66
50,67
50,68
50,69
50,70
50,71
50,72
50,73
50,74
50,75
50,76
50,77
50,78
50,79
50,81
50,82
50,83
50,84
50,89
50,92
50,94
50,97
50,100
50,101
50,110
50,112
50,114
50,119
50,129
50,134
50,136
50,138
50,140
50,142
50,144
50,147
50,148
50,150
50,154
50,155
50,156
50,157
50,160
50,167
50,172
50,173
50,174
50,176
50,177
50,180
50,183
50,184
50,187
50,190
50,192
50,196
50,198
51,52
51,53
51,54
51,55
51,56
51,57
51,58
51,59
51,60
51,61
51,62
51,63
51,64
51,65
51,66
51,67
51,68
51,69
51,70
51,71
51,72
51,73
51,74
51,75
51,76
51,77
51,78
52,53
52,54
52,55
52,56
52,57
52,58
52,59
52,60
52,61
52,62
52,63
52,64
52,65
52,66
52,67
52,68
52,69
52,70
52,71
52,72
52,73
52,74
52,75
52,76
52,77
52,78
52,79
52,81
52,82
52,83
52,84
52,89
52,92
52,94
52,97
52,100
52,101
52,110
52,112
52,114
52,119
52,129
52,134
52,136
52,138
52,140
52,142
52,144
52,147
52,148
52,150
52,154
52,155
52,156
52,157
52,160
52,167
52,172
52,173
52,174
52,176
52,177
52,180
52,183
52,184
52,187
52,190
52,192
52,196
52,198
53,54
53,55
53,56
53,57
53,58
53,59
53,60
53,61
53,62
53,63
53,64
53,65
53,66
53,67
53,68
53,69
53,70
53,71
53,72
53,73
53,74
53,75
53,76
53,77
53,78
53,79
53,81
53,82
53,83
53,84
53,89
53,92
53,94
53,97
53,100
53,101
53,110
53,112
53,114
53,119
53,129
53,134
53,136
53,138
53,140
53,142
53,144
53,147
53,148
53,150
53,154
53,155
53,156
53,157
53,160
53,167
53,172
53,173
53,174
53,176
53,177
53,180
53,183
53,184
53,187
53,190
53,192
53,196
53,198
54,55
54,56
54,57
54,58
54,59
54,60
54,61
54,62
54,63
54,64
54,65
54,66
54,67
54,68
54,69
54,70
54,71
54,72
54,73
54,74
54,75
54,76
54,77
54,78
55,56
55,57
55,58
55,59
55,60
55,61
55,62
55,63
55,64
55,65
55,66
55,67
55,68
55,69
55,70
55,71
55,72
55,73
55,74
55,75
55,76
55,77
55,78
55,79
55,81
55,82
55,83
55,84
55,89
55,92
55,94
55,97
55,100
55,101
55,110
55,112
55,114
55,119
55,129
55,134
55,136
55,138
55,140
55,142
55,144
55,147
55,148
55,150
55,154
55,155
55,156
55,157
55,160
55,167
55,172
55,173
55,174
55,176
55,177
55,180
55,183
55,184
55,187
55,190
55,192
55,196
55,198
56,57
56,58
56,59
56,60
56,61
56,62
56,63
56,64
56,65
56,66
56,67
56,68
56,69
56,70
56,71
56,72
56,73
56,74
56,75
56,76
56,77
56,78
57,58
57,59
57,60
57,61
57,62
57,63
57,64
57,65
57,66
57,67
57,68
57,69
57,70
57,71
57,72
57,73
57,74
57,75
57,76
57,77
57,78
58,59
58,60
58,61
58,62
58,63
58,64
58,65
58,66
58,67
58,68
58,69
58,70
58,71
58,72
58,73
58,74
58,75
58,76
58,77
58,78
59,60
59,61
59,62
59,63
59,64
59,65
59,66
59,67
59,68
59,69
59,70
59,71
59,72
59,73
59,74
59,75
59,76
59,77
59,78
60,61
60,62
60,63
60,64
60,65
60,66
60,67
60,68
60,69
60,70
60,71
60,72
60,73
60,74
60,75
60,76
60,77
60,78
60,79
60,81
60,82
60,83
60,84
60,89
60,92
60,94
60,97
60,100
60,101
60,110
60,112
60,114
60,119
60,129
60,134
60,136
60,138
60,140
60,142
60,144
60,147
60,148
60,150
60,154
60,155
60,156
60,157
60,160
60,167
60,172
60,173
60,174
60,176
60,177
60,180
60,183
60,184
60,187
60,190
60,192
60,196
60,198
61,62
61,63
61,64
61,65
61,66
61,67
61,68
61,69
61,70
61,71
61,72
61,73
61,74
61,75
61,76
61,77
61,78
62,63
62,64
62,65
62,66
62,67
62,68
62,69
62,70
62,71
62,72
62,73
62,74
62,75
62,76
62,77
62,78
62,79
62,81
62,82
62,83
62,84
62,89
62,92
62,94
62,97
62,100
62,101
62,110
62,112
62,114
62,119
62,129
62,134
62,136
62,138
62,140
62,142
62,144
62,147
62,148
62,150
62,154
62,155
62,156
62,157
62,160
62,167
62,172
62,173
62,174
62,176
62,177
62,180
62,183
62,184
62,187
62,190
62,192
62,196
62,198
63,64
63,65
63,66
63,67
63,68
63,69
63,70
63,71
63,72
63,73
63,74
63,75
63,76
63,77
63,78
64,65
64,66
64,67
64,68
64,69
64,70
64,71
64,72
64,73
64,74
64,75
64,76
64,77
64,78
65,66
65,67
65,68
65,69
65,70
65,71
65,72
65,73
65,74
65,75
65,76
65,77
65,78
66,67
66,68
66,69
66,70
66,71
66,72
66,73
66,74
66,75
66,76
66,77
66,78
67,68
67,69
67,70
67,71
67,72
67,73
67,74
67,75
67,76
67,77
67,78
67,79
67,81
67,82
67,83
67,84
67,89
67,92
67,94
67,97
67,100
67,101
67,110
67,112
67,114
67,119
67,129
67,134
67,136
67,138
67,140
67,142
67,144
67,147
67,148
67,150
67,154
67,155
67,156
67,157
67,160
67,167
67,172
67,173
67,174
67,176
67,177
67,180
67,183
67,184
67,187
67,190
67,192
67,196
67,198
68,69
68,70
68,71
68,72
68,73
68,74
68,75
68,76
68,77
68,78
68,79
68,81
68,82
68,83
68,84
68,89
68,92
68,94
68,97
68,100
68,101
68,110
68,112
68,114
68,119
68,129
68,134
68,136
68,138
68,140
68,142
68,144
68,147
68,148
68,150
68,154
68,155
68,156
68,157
68,160
68,167
68,172
68,173
68,174
68,176
68,177
68,180
68,183
68,184
68,187
68,190
68,192
68,196
68,198
69,70
69,71
69,72
69,73
69,74
69,75
69,76
69,77
69,78
70,71
70,72
70,73
70,74
70,75
70,76
70,77
70,78
70,79
70,81
70,82
70,83
70,84
70,89
70,92
70,94
70,97
70,100
70,101
70,110
70,112
70,114
70,119
70,129
70,134
70,136
70,138
70,140
70,142
70,144
70,147
70,148
70,150
70,154
70,155
70,156
70,157
70,160
70,167
70,172
70,173
70,174
70,176
70,177
70,180
70,183
70,184
70,187
70,190
70,192
70,196
70,198
71,72
71,73
71,74
71,75
71,76
71,77
71,78
71,79
71,81
71,82
71,83
71,84
71,89
71,92
71,94
71,97
71,100
71,101
71,110
71,112
71,114
71,119
71,129
71,134
71,136
71,138
71,140
71,142
71,144
71,147
71,148
71,150
71,154
71,155
71,156
71,157
71,160
71,167
71,172
71,173
71,174
71,176
71,177
71,180
71,183
71,184
71,187
71,190
71,192
71,196
71,198
72,73
72,74
72,75
72,76
72,77
72,78
73,74
73,75
73,76
73,77
73,78
74,75
74,76
74,77
74,78
75,76
75,77
75,78
76,77
76,78
76,79
76,81
76,82
76,83
76,84
76,89
76,92
76,94
76,97
76,100
76,101
76,110
76,112
76,114
76,119
76,129
76,134
76,136
76,138
76,140
76,142
76,144
76,147
76,148
76,150
76,154
76,155
76,156
76,157
76,160
76,167
76,172
76,173
76,174
76,176
76,177
76,180
76,183
76,184
76,187
76,190
76,192
76,196
76,198
77,78
77,79
77,81
77,82
77,83
77,84
77,89
77,92
77,94
77,97
77,100
77,101
77,110
77,112
77,114
77,119
77,129
77,134
77,136
77,138
77,140
77,142
77,144
77,147
77,148
77,150
77,154
77,155
77,156
77,157
77,160
77,167
77,172
77,173
77,174
77,176
77,177
77,180
77,183
77,184
77,187
77,190
77,192
77,196
77,198
78,79
78,81
78,82
78,83
78,84
78,89
78,92
78,94
78,97
78,100
78,101
78,110
78,112
78,114
78,119
78,129
78,134
78,136
78,138
78,140
78,142
78,144
78,147
78,148
78,150
78,154
78,155
78,156
78,157
78,160
78,167
78,172
78,173
78,174
78,176
78,177
78,180
78,183
78,184
78,187
78,190
78,192
78,196
78,198
79,81
79,82
79,83
79,84
79,89
79,92
79,94
79,97
79,100
79,101
79,110
79,112
79,114
79,119
79,129
79,134
79,136
79,138
79,140
79,142
79,144
79,147
79,148
79,150
79,154
79,155
79,156
79,157
79,160
79,167
79,172
79,173
79,174
79,176
79,177
79,180
79,183
79,184
79,187
79,190
79,192
79,196
79,198
81,82
81,83
81,84
81,89
81,92
81,94
81,97
81,100
81,101
81,110
81,112
81,114
81,119
81,129
81,134
81,136
81,138
81,140
81,142
81,144
81,147
81,148
81,150
81,154
81,155
81,156
81,157
81,160
81,167
81,172
81,173
81,174
81,176
81,177
81,180
81,183
81,184
81,187
81,190
81,192
81,196
81,198
82,83
82,84
82,89
82,92
82,94
82,97
82,100
82,101
82,110
82,112
82,114
82,119
82,129
82,134
82,136
82,138
82,140
82,142
82,144
82,147
82,148
82,150
82,154
82,155
82,156
82,157
82,160
82,167
82,172
82,173
82,174
82,176
82,177
82,180
82,183
82,184
82,187
82,190
82,192
82,196
82,198
83,84
83,89
83,92
83,94
83,97
83,100
83,101
83,110
83,112
83,114
83,119
83,129
83,134
83,136
83,138
83,140
83,142
83,144
83,147
83,148
83,150
83,154
83,155
83,156
83,157
83,160
83,167
83,172
83,173
83,174
83,176
83,177
83,180
83,183
83,184
83,187
83,190
83,192
83,196
83,198
84,89
84,92
84,94
84,97
84,100
84,101
84,110
84,112
84,114
84,119
84,129
84,134
84,136
84,138
84,140
84,142
84,144
84,147
84,148
84,150
84,154
84,155
84,156
84,157
84,160
84,167
84,172
84,173
84,174
84,176
84,177
84,180
84,183
84,184
84,187
84,190
84,192
84,196
84,198
89,92
89,94
89,97
89,100
89,101
89,110
89,112
89,114
89,119
89,129
89,134
89,136
89,138
89,140
89,142
89,144
89,147
89,148
89,150
89,154
89,155
89,156
89,157
89,160
89,167
89,172
89,173
89,174
89,176
89,177
89,180
89,183
89,184
89,187
89,190
89,192
89,196
89,198
92,94
92,97
92,100
92,101
92,110
92,112
92,114
92,119
92,129
92,134
92,136
92,138
92,140
92,142
92,144
92,147
92,148
92,150
92,154
92,155
92,156
92,157
92,160
92,167
92,172
92,173
92,174
92,176
92,177
92,180
92,183
92,184
92,187
92,190
92,192
92,196
92,198
94,97
94,100
94,101
94,110
94,112
94,114
94,119
94,129
94,134
94,136
94,138
94,140
94,142
94,144
94,147
94,148
94,150
94,154
94,155
94,156
94,157
94,160
94,167
94,172
94,173
94,174
94,176
94,177
94,180
94,183
94,184
94,187
94,190
94,192
94,196
94,198
97,100
97,101
97,110
97,112
97,114
97,119
97,129
97,134
97,136
97,138
97,140
97,142
97,144
97,147
97,148
97,150
97,154
97,155
97,156
97,157
97,160
97,167
97,172
97,173
97,174
97,176
97,177
97,180
97,183
97,184
97,187
97,190
97,192
97,196
97,198
100,101
100,110
100,112
100,114
100,119
100,129
100,134
100,136
100,138
100,140
100,142
100,144
100,147
100,148
100,150
100,154
100,155
100,156
100,157
100,160
100,167
100,172
100,173
100,174
100,176
100,177
100,180
100,183
100,184
100,187
100,190
100,192
100,196
100,198
101,110
101,112
101,114
101,119
101,129
101,134
101,136
101,138
101,140
101,142
101,144
101,147
101,148
101,150
101,154
101,155
101,156
101,157
101,160
101,167
101,172
101,173
101,174
101,176
101,177
101,180
101,183
101,184
101,187
101,190
101,192
101,196
101,198
110,112
110,114
110,119
110,129
110,134
110,136
110,138
110,140
110,142
110,144
110,147
110,148
110,150
110,154
110,155
110,156
110,157
110,160
110,167
110,172
110,173
110,174
110,176
110,177
110,180
110,183
110,184
110,187
110,190
110,192
110,196
110,198
112,114
112,119
112,129
112,134
112,136
112,138
112,140
112,142
112,144
112,147
112,148
112,150
112,154
112,155
112,156
112,157
112,160
112,167
112,172
112,173
112,174
112,176
112,177
112,180
112,183
112,184
112,187
112,190
112,192
112,196
112,198
114,119
114,129
114,134
114,136
114,138
114,140
114,142
114,144
114,147
114,148
114,150
114,154
114,155
114,156
114,157
114,160
114,167
114,172
114,173
114,174
114,176
114,177
114,180
114,183
114,184
114,187
114,190
114,192
114,196
114,198
119,129
119,134
119,136
119,138
119,140
119,142
119,144
119,147
119,148
119,150
119,154
119,155
119,156
119,157
119,160
119,167
119,172
119,173
119,174
119,176
119,177
119,180
119,183
119,184
119,187
119,190
119,192
119,196
119,198
129,134
129,136
129,138
129,140
129,142
129,144
129,147
129,148
129,150
129,154
129,155
129,156
129,157
129,160
129,167
129,172
129,173
129,174
129,176
129,177
129,180
129,183
129,184
129,187
129,190
129,192
129,196
129,198
133,165
133,188
133,194
133,199
134,135
134,136
134,138
134,140
134,142
134,143
134,144
134,145
134,147
134,148
134,150
134,152
134,154
134,155
134,156
134,157
134,160
134,167
134,172
134,173
134,174
134,176
134,177
134,180
134,183
134,184
134,187
134,190
134,192
134,196
134,198
135,144
135,146
135,155
135,156
135,159
135,162
135,164
135,165
135,166
135,170
135,171
135,173
135,180
135,182
135,184
135,186
135,190
135,199
136,138
136,140
136,142
136,144
136,147
136,148
136,150
136,154
136,155
136,156
136,157
136,160
136,167
136,172
136,173
136,174
136,176
136,177
136,180
136,183
136,184
136,187
136,190
136,192
136,196
136,198
137,138
137,139
137,141
137,143
137,144
137,145
137,148
137,151
137,152
137,155
137,158
137,161
137,162
137,163
137,168
137,169
137,170
137,172
137,173
137,175
137,181
137,184
137,193
138,140
138,142
138,144
138,147
138,148
138,150
138,154
138,155
138,156
138,157
138,160
138,162
138,163
138,165
138,167
138,168
138,172
138,173
138,174
138,176
138,177
138,180
138,183
138,184
138,187
138,190
138,192
138,196
138,198
139,141
139,142
139,144
139,149
139,152
139,155
139,160
139,161
139,162
139,163
139,164
140,142
140,144
140,147
140,148
140,150
140,154
140,155
140,156
140,157
140,160
140,167
140,172
140,173
140,174
140,176
140,177
140,180
140,183
140,184
140,187
140,190
140,192
140,196
140,198
141,142
141,143
141,146
141,149
141,153
141,155
141,156
141,159
141,161
141,162
141,165
141,166
141,167
141,168
141,173
141,175
142,144
142,147
142,148
142,150
142,152
142,153
142,154
142,155
142,156
142,157
142,160
142,166
142,167
142,168
142,169
142,170
142,172
142,173
142,174
142,176
142,177
142,180
142,182
142,183
142,184
142,187
142,190
142,192
142,194
142,196
142,198
143,145
143,146
143,149
143,153
143,157
143,159
143,161
143,167
143,171
143,172
143,174
143,175
143,178
143,179
143,186
143,191
143,194
143,195
144,147
144,148
144,150
144,152
144,153
144,154
144,155
144,156
144,157
144,160
144,164
144,165
144,166
144,167
144,172
144,173
144,174
144,176
144,177
144,180
144,183
144,184
144,187
144,190
144,192
144,196
144,198
145,146
145,149
145,151
145,152
145,153
145,156
145,157
145,160
145,162
145,163
145,166
145,174
145,175
145,186
145,188
145,189
145,191
145,195
145,199
146,148
146,149
146,152
146,153
146,156
146,159
146,160
146,161
146,162
146,164
146,169
146,170
146,171
146,172
146,173
146,174
146,175
146,178
146,180
146,182
146,186
146,188
147,148
147,150
147,153
147,154
147,155
147,156
147,157
147,159
147,160
147,166
147,167
147,168
147,169
147,171
147,172
147,173
147,174
147,175
147,176
147,177
147,178
147,180
147,182
147,183
147,184
147,187
147,188
147,190
147,192
147,196
147,198
148,149
148,150
148,151
148,154
148,155
148,156
148,157
148,160
148,164
148,165
148,166
148,167
148,168
148,169
148,170
148,171
148,172
148,173
148,174
148,176
148,177
148,180
148,183
148,184
148,187
148,190
148,192
148,196
148,198
149,151
149,152
149,155
149,157
149,159
149,162
149,163
149,164
149,166
149,170
149,172
149,173
149,178
149,179
149,180
149,182
149,184
149,186
149,188
149,191
150,154
150,155
150,156
150,157
150,160
150,167
150,172
150,173
150,174
150,176
150,177
150,180
150,183
150,184
150,187
150,190
150,192
150,196
150,198
151,153
151,158
151,159
151,160
151,161
151,163
151,165
151,166
151,167
151,169
151,170
151,172
151,173
151,182
151,186
151,188
151,190
151,191
152,153
152,155
152,158
152,161
152,162
152,163
152,165
152,167
152,169
152,170
152,172
152,173
152,175
152,178
152,182
152,184
152,186
152,188
152,190
152,191
152,193
152,195
152,199
153,155
153,158
153,159
153,160
153,161
153,167
153,169
153,172
153,174
153,179
153,181
153,182
153,184
153,185
153,188
153,190
153,191
153,195
153,196
154,155
154,156
154,157
154,158
154,159
154,160
154,161
154,164
154,165
154,167
154,168
154,169
154,171
154,172
154,173
154,174
154,176
154,177
154,179
154,180
154,183
154,184
154,186
154,187
154,189
154,190
154,191
154,192
154,194
154,195
154,196
154,198
155,156
155,157
155,160
155,163
155,165
155,166
155,167
155,168
155,169
155,170
155,171
155,172
155,173
155,174
155,176
155,177
155,179
155,180
155,183
155,184
155,187
155,190
155,192
155,196
155,198
156,157
156,159
156,160
156,161
156,164
156,166
156,167
156,170
156,171
156,172
156,173
156,174
156,176
156,177
156,180
156,182
156,183
156,184
156,186
156,187
156,190
156,191
156,192
156,196
156,198
157,160
157,161
157,163
157,164
157,165
157,167
157,172
157,173
157,174
157,176
157,177
157,180
157,183
157,184
157,187
157,190
157,192
157,196
157,198
158,161
158,164
158,165
158,167
158,168
158,169
158,170
158,176
158,180
158,181
158,182
158,184
158,185
158,186
158,188
158,189
158,190
158,191
158,194
159,162
159,163
159,165
159,169
159,172
159,173
159,179
159,182
159,183
159,185
159,188
159,190
159,191
159,194
159,195
159,196
159,199
160,163
160,164
160,167
160,168
160,169
160,170
160,171
160,172
160,173
160,174
160,176
160,177
160,180
160,183
160,184
160,187
160,190
160,192
160,196
160,198
161,162
161,164
161,165
161,166
161,168
161,169
161,171
161,173
161,181
161,182
161,183
161,185
161,186
161,189
161,193
161,194
161,195
161,199
162,163
162,164
162,166
162,167
162,171
162,172
162,173
162,175
162,176
162,179
162,181
162,182
162,183
162,185
162,188
162,189
162,190
162,191
162,193
162,195
162,196
162,199
163,164
163,168
163,169
163,170
163,171
163,173
163,174
163,176
163,178
163,179
163,180
163,181
163,182
163,183
163,185
163,187
163,189
163,190
163,193
163,194
163,195
164,168
164,169
164,170
164,171
164,172
164,174
164,178
164,179
164,180
164,182
164,183
164,185
164,187
164,188
164,189
164,190
164,193
164,199
165,166
165,167
165,168
165,169
165,170
165,173
165,174
165,176
165,179
165,183
165,184
165,186
165,188
165,189
165,191
165,193
165,197
165,199
166,169
166,170
166,172
166,173
166,174
166,175
166,176
166,178
166,179
166,182
166,183
166,184
166,190
166,191
166,192
166,193
166,195
166,197
167,170
167,171
167,172
167,173
167,174
167,176
167,177
167,180
167,183
167,184
167,187
167,190
167,192
167,196
167,198
169,172
169,177
169,179
169,182
169,189
169,190
169,191
169,192
169,194
169,197
170,174
170,175
170,176
170,179
170,182
170,183
170,184
170,185
170,188
170,189
170,190
170,192
170,195
170,197
171,172
171,173
171,174
171,176
171,179
171,180
171,182
171,183
171,184
171,185
171,186
171,190
171,191
171,192
171,195
171,196
171,197
171,199
172,173
172,174
172,175
172,176
172,177
172,178
172,179
172,180
172,183
172,184
172,185
172,186
172,187
172,188
172,190
172,192
172,194
172,196
172,198
173,174
173,176
173,177
173,178
173,180
173,181
173,182
173,183
173,184
173,186
173,187
173,188
173,189
173,190
173,192
173,194
173,196
173,197
173,198
174,175
174,176
174,177
174,178
174,179
174,180
174,181
174,182
174,183
174,184
174,186
174,187
174,188
174,189
174,190
174,192
174,195
174,196
174,197
174,198
174,199
175,176
175,179
175,181
175,182
175,184
175,185
175,186
175,188
175,193
175,195
176,177
176,179
176,180
176,182
176,183
176,184
176,186
176,187
176,188
176,189
176,190
176,192
176,194
176,195
176,196
176,198
176,199
177,179
177,180
177,181
177,182
177,183
177,184
177,186
177,187
177,188
177,189
177,190
177,192
177,195
177,196
177,198
178,179
178,185
178,186
178,190
178,192
178,193
178,194
178,196
178,197
178,199
179,181
179,182
179,183
179,184
179,185
179,186
179,187
179,188
179,189
179,190
179,193
179,195
179,196
179,199
180,182
180,183
180,184
180,185
180,187
180,188
180,189
180,190
180,192
180,194
180,196
180,197
180,198
181,183
181,184
181,185
181,190
181,191
181,192
181,194
181,196
181,197
182,183
182,184
182,185
182,186
182,187
182,188
182,189
182,190
182,191
182,192
182,193
182,194
182,195
182,196
182,198
183,184
183,185
183,187
183,188
183,190
183,192
183,196
183,198
184,187
184,189
184,190
184,191
184,192
184,194
184,196
184,198
185,186
186,187
186,189
186,193
186,196
186,197
186,198
187,190
187,191
187,192
187,193
187,195
187,196
187,198
187,199
188,189
188,190
188,193
188,195
188,198
188,199
189,191
189,192
189,195
189,198
190,192
190,196
190,198
191,192
191,195
191,197
192,193
192,196
192,197
192,198
192,199
193,194
193,195
193,198
194,196
194,198
194,199
195,199
196,198
196,199
197,198
198,199
