0,1
0,2
0,3
0,4
0,5
0,6
0,7
0,8
0,9
0,10
0,11
0,12
0,13
0,14
0,15
0,16
0,17
0,18
0,19
0,20
0,21
0,22
0,23
0,24
0,25
0,26
0,27
0,28
0,29
0,30
0,31
0,32
0,33
0,34
0,35
0,36
0,37
0,38
0,39
0,40
0,41
0,42
0,43
0,44
0,45
0,46
0,47
0,48
0,49
0,50
0,51
0,52
0,53
0,54
0,55
0,56
0,57
0,58
0,59
0,60
0,61
0,62
0,63
0,64
0,65
1,2
1,3
1,4
1,5
1,6
1,7
1,8
1,9
1,10
1,11
1,12
1,13
1,14
1,15
1,16
1,17
1,18
1,19
1,20
1,21
1,22
1,23
1,24
1,25
1,26
1,27
1,28
1,29
1,30
1,31
1,32
1,33
1,34
1,35
1,36
1,37
1,38
1,39
1,40
1,41
1,42
1,43
1,44
1,45
1,46
1,47
1,48
1,49
1,50
1,51
1,52
1,53
1,54
1,55
1,56
1,57
1,58
1,59
1,60
1,61
1,62
1,63
1,64
1,65
1,66
1,67
1,71
1,73
1,76
1,78
1,87
1,88
1,89
1,95
1,99
1,100
1,101
1,103
1,104
1,105
1,111
1,113
1,118
1,120
1,121
1,127
1,130
1,135
1,137
1,139
1,140
1,147
1,149
1,155
1,157
1,158
1,159
1,161
1,163
1,167
1,172
1,175
1,176
1,177
1,179
1,180
1,187
1,191
1,192
1,194
2,3
2,4
2,5
2,6
2,7
2,8
2,9
2,10
2,11
2,12
2,13
2,14
2,15
2,16
2,17
2,18
2,19
2,20
2,21
2,22
2,23
2,24
2,25
2,26
2,27
2,28
2,29
2,30
2,31
2,32
2,33
2,34
2,35
2,36
2,37
2,38
2,39
2,40
2,41
2,42
2,43
2,44
2,45
2,46
2,47
2,48
2,49
2,50
2,51
2,52
2,53
2,54
2,55
2,56
2,57
2,58
2,59
2,60
2,61
2,62
2,63
2,64
2,65
2,101
2,104
2,106
2,110
2,111
2,122
2,123
2,127
2,129
2,132
2,139
2,144
2,148
2,152
2,153
2,155
2,156
2,159
2,160
2,161
2,162
2,163
2,165
2,166
2,168
2,169
2,170
2,171
2,173
2,175
2,176
2,177
2,178
2,179
2,180
2,182
2,183
2,184
2,185
2,187
2,188
2,189
2,192
2,193
2,195
2,196
2,197
2,199
3,4
3,5
3,6
3,7
3,8
3,9
3,10
3,11
3,12
3,13
3,14
3,15
3,16
3,17
3,18
3,19
3,20
3,21
3,22
3,23
3,24
3,25
3,26
3,27
3,28
3,29
3,30
3,31
3,32
3,33
3,34
3,35
3,36
3,37
3,38
3,39
3,40
3,41
3,42
3,43
3,44
3,45
3,46
3,47
3,48
3,49
3,50
3,51
3,52
3,53
3,54
3,55
3,56
3,57
3,58
3,59
3,60
3,61
3,62
3,63
3,64
3,65
4,5
4,6
4,7
4,8
4,9
4,10
4,11
4,12
4,13
4,14
4,15
4,16
4,17
4,18
4,19
4,20
4,21
4,22
4,23
4,24
4,25
4,26
4,27
4,28
4,29
4,30
4,31
4,32
4,33
4,34
4,35
4,36
4,37
4,38
4,39
4,40
4,41
4,42
4,43
4,44
4,45
4,46
4,47
4,48
4,49
4,50
4,51
4,52
4,53
4,54
4,55
4,56
4,57
4,58
4,59
4,60
4,61
4,62
4,63
4,64
4,65
4,86
4,89
4,101
4,104
4,105
4,106
4,110
4,111
4,122
4,123
4,126
4,127
4,131
4,132
4,135
4,136
4,137
4,139
4,145
4,148
5,6
5,7
5,8
5,9
5,10
5,11
5,12
5,13
5,14
5,15
5,16
5,17
5,18
5,19
5,20
5,21
5,22
5,23
5,24
5,25
5,26
5,27
5,28
5,29
5,30
5,31
5,32
5,33
5,34
5,35
5,36
5,37
5,38
5,39
5,40
5,41
5,42
5,43
5,44
5,45
5,46
5,47
5,48
5,49
5,50
5,51
5,52
5,53
5,54
5,55
5,56
5,57
5,58
5,59
5,60
5,61
5,62
5,63
5,64
5,65
5,76
5,77
5,78
5,80
5,82
5,83
5,86
5,89
5,93
5,95
5,98
5,101
5,104
5,105
5,110
5,111
5,116
5,119
5,120
5,122
5,123
5,125
5,126
5,127
5,129
5,131
5,132
5,134
5,135
5,136
5,137
5,141
5,143
5,144
5,145
6,7
6,8
6,9
6,10
6,11
6,12
6,13
6,14
6,15
6,16
6,17
6,18
6,19
6,20
6,21
6,22
6,23
6,24
6,25
6,26
6,27
6,28
6,29
6,30
6,31
6,32
6,33
6,34
6,35
6,36
6,37
6,38
6,39
6,40
6,41
6,42
6,43
6,44
6,45
6,46
6,47
6,48
6,49
6,50
6,51
6,52
6,53
6,54
6,55
6,56
6,57
6,58
6,59
6,60
6,61
6,62
6,63
6,64
6,65
6,66
6,67
6,71
6,73
6,75
6,76
6,77
6,78
6,80
6,81
6,82
6,83
6,84
6,86
6,87
6,88
6,89
6,93
6,94
6,95
6,98
6,99
6,100
6,101
6,103
6,104
6,105
6,106
6,109
6,110
6,111
6,113
6,116
6,117
6,118
6,120
6,121
6,122
6,123
6,125
6,126
6,127
6,129
6,130
6,132
6,134
6,135
6,136
6,137
6,139
6,140
6,143
6,147
6,148
6,149
6,150
6,154
6,155
6,156
6,157
6,158
6,159
6,160
6,161
6,163
6,164
6,165
6,166
6,167
6,168
6,169
6,171
6,172
6,174
6,175
6,176
6,177
6,179
6,180
6,182
6,183
6,184
6,185
6,186
6,187
6,189
6,191
6,192
6,194
6,195
6,196
6,199
7,8
7,9
7,10
7,11
7,12
7,13
7,14
7,15
7,16
7,17
7,18
7,19
7,20
7,21
7,22
7,23
7,24
7,25
7,26
7,27
7,28
7,29
7,30
7,31
7,32
7,33
7,34
7,35
7,36
7,37
7,38
7,39
7,40
7,41
7,42
7,43
7,44
7,45
7,46
7,47
7,48
7,49
7,50
7,51
7,52
7,53
7,54
7,55
7,56
7,57
7,58
7,59
7,60
7,61
7,62
7,63
7,64
7,65
7,72
7,75
7,76
7,77
7,78
7,80
7,82
7,83
7,84
7,86
7,87
7,89
7,90
7,93
7,94
7,97
7,98
7,101
7,104
7,105
7,106
7,108
7,109
7,110
7,111
7,115
7,117
7,119
7,120
7,122
7,123
7,125
7,126
7,128
7,129
7,131
7,132
7,135
7,136
7,139
7,141
7,143
7,144
7,145
7,148
7,149
7,150
7,152
7,154
7,155
7,156
7,157
7,158
7,159
7,160
7,161
7,162
7,163
7,164
7,165
7,166
7,167
7,168
7,169
7,170
7,171
7,174
7,175
7,176
7,177
7,178
7,179
7,181
7,183
7,184
7,185
7,186
7,187
7,188
7,189
7,190
7,191
7,192
7,193
7,194
7,195
7,196
7,198
7,199
8,9
8,10
8,11
8,12
8,13
8,14
8,15
8,16
8,17
8,18
8,19
8,20
8,21
8,22
8,23
8,24
8,25
8,26
8,27
8,28
8,29
8,30
8,31
8,32
8,33
8,34
8,35
8,36
8,37
8,38
8,39
8,40
8,41
8,42
8,43
8,44
8,45
8,46
8,47
8,48
8,49
8,50
8,51
8,52
8,53
8,54
8,55
8,56
8,57
8,58
8,59
8,60
8,61
8,62
8,63
8,64
8,65
9,10
9,11
9,12
9,13
9,14
9,15
9,16
9,17
9,18
9,19
9,20
9,21
9,22
9,23
9,24
9,25
9,26
9,27
9,28
9,29
9,30
9,31
9,32
9,33
9,34
9,35
9,36
9,37
9,38
9,39
9,40
9,41
9,42
9,43
9,44
9,45
9,46
9,47
9,48
9,49
9,50
9,51
9,52
9,53
9,54
9,55
9,56
9,57
9,58
9,59
9,60
9,61
9,62
9,63
9,64
9,65
9,78
9,80
9,83
9,84
9,89
9,90
9,91
9,93
9,95
9,97
9,101
9,103
9,104
9,107
9,108
9,109
9,110
9,111
9,113
9,116
9,117
9,119
9,121
9,122
9,123
9,125
9,126
9,127
9,128
9,129
9,131
9,134
9,135
9,137
10,11
10,12
10,13
10,14
10,15
10,16
10,17
10,18
10,19
10,20
10,21
10,22
10,23
10,24
10,25
10,26
10,27
10,28
10,29
10,30
10,31
10,32
10,33
10,34
10,35
10,36
10,37
10,38
10,39
10,40
10,41
10,42
10,43
10,44
10,45
10,46
10,47
10,48
10,49
10,50
10,51
10,52
10,53
10,54
10,55
10,56
10,57
10,58
10,59
10,60
10,61
10,62
10,63
10,64
10,65
10,66
10,67
10,71
10,73
10,76
10,78
10,81
10,82
10,83
10,84
10,86
10,87
10,88
10,89
10,90
10,91
10,93
10,94
10,95
10,97
10,99
10,100
10,101
10,103
10,104
10,105
10,111
10,113
10,118
10,120
10,121
10,127
10,130
10,135
10,137
10,139
10,140
10,147
10,149
10,155
10,157
10,158
10,159
10,161
10,163
10,167
10,172
10,175
10,176
10,177
10,179
10,180
10,187
10,191
10,192
10,194
11,12
11,13
11,14
11,15
11,16
11,17
11,18
11,19
11,20
11,21
11,22
11,23
11,24
11,25
11,26
11,27
11,28
11,29
11,30
11,31
11,32
11,33
11,34
11,35
11,36
11,37
11,38
11,39
11,40
11,41
11,42
11,43
11,44
11,45
11,46
11,47
11,48
11,49
11,50
11,51
11,52
11,53
11,54
11,55
11,56
11,57
11,58
11,59
11,60
11,61
11,62
11,63
11,64
11,65
11,66
11,67
11,71
11,73
11,76
11,78
11,87
11,88
11,89
11,95
11,99
11,100
11,101
11,103
11,104
11,105
11,111
11,113
11,118
11,120
11,121
11,127
11,130
11,135
11,137
11,139
11,140
11,147
11,149
11,155
11,157
11,158
11,159
11,161
11,163
11,167
11,172
11,175
11,176
11,177
11,179
11,180
11,187
11,191
11,192
11,194
12,13
12,14
12,15
12,16
12,17
12,18
12,19
12,20
12,21
12,22
12,23
12,24
12,25
12,26
12,27
12,28
12,29
12,30
12,31
12,32
12,33
12,34
12,35
12,36
12,37
12,38
12,39
12,40
12,41
12,42
12,43
12,44
12,45
12,46
12,47
12,48
12,49
12,50
12,51
12,52
12,53
12,54
12,55
12,56
12,57
12,58
12,59
12,60
12,61
12,62
12,63
12,64
12,65
12,81
12,82
13,14
13,15
13,16
13,17
13,18
13,19
13,20
13,21
13,22
13,23
13,24
13,25
13,26
13,27
13,28
13,29
13,30
13,31
13,32
13,33
13,34
13,35
13,36
13,37
13,38
13,39
13,40
13,41
13,42
13,43
13,44
13,45
13,46
13,47
13,48
13,49
13,50
13,51
13,52
13,53
13,54
13,55
13,56
13,57
13,58
13,59
13,60
13,61
13,62
13,63
13,64
13,65
13,72
13,75
13,76
13,77
13,78
13,79
13,80
13,81
13,82
13,86
13,87
13,88
13,90
13,91
13,95
13,96
13,97
13,98
13,101
13,103
13,105
13,106
13,107
13,109
13,111
13,113
13,115
13,116
13,119
13,120
13,121
13,122
13,123
13,125
13,127
13,128
13,129
13,130
13,131
13,132
13,134
13,135
13,136
13,137
13,139
13,141
13,143
13,144
13,145
13,148
13,149
13,150
13,152
13,154
13,156
13,157
13,159
13,160
13,163
13,164
13,165
13,168
13,171
13,172
13,174
13,175
13,179
13,180
13,181
13,182
13,183
13,185
13,186
13,187
13,188
13,189
13,191
13,192
13,194
13,195
13,197
14,15
14,16
14,17
14,18
14,19
14,20
14,21
14,22
14,23
14,24
14,25
14,26
14,27
14,28
14,29
14,30
14,31
14,32
14,33
14,34
14,35
14,36
14,37
14,38
14,39
14,40
14,41
14,42
14,43
14,44
14,45
14,46
14,47
14,48
14,49
14,50
14,51
14,52
14,53
14,54
14,55
14,56
14,57
14,58
14,59
14,60
14,61
14,62
14,63
14,64
14,65
14,72
14,74
14,75
14,76
14,77
14,78
14,79
14,80
14,81
14,83
14,84
14,86
14,87
14,88
14,89
14,90
14,91
14,92
14,93
14,94
14,95
14,96
14,98
14,99
14,101
14,103
14,104
14,105
14,107
14,108
14,109
14,110
14,111
14,112
14,113
14,114
14,115
14,116
14,117
14,119
14,120
14,122
14,124
14,125
14,126
14,127
14,128
14,129
14,130
14,131
14,132
15,16
15,17
15,18
15,19
15,20
15,21
15,22
15,23
15,24
15,25
15,26
15,27
15,28
15,29
15,30
15,31
15,32
15,33
15,34
15,35
15,36
15,37
15,38
15,39
15,40
15,41
15,42
15,43
15,44
15,45
15,46
15,47
15,48
15,49
15,50
15,51
15,52
15,53
15,54
15,55
15,56
15,57
15,58
15,59
15,60
15,61
15,62
15,63
15,64
15,65
15,77
15,78
15,79
15,80
15,81
15,82
15,83
15,84
15,86
15,87
15,88
15,89
15,90
15,91
15,92
15,93
15,94
15,95
15,96
15,98
15,99
15,100
15,101
16,17
16,18
16,19
16,20
16,21
16,22
16,23
16,24
16,25
16,26
16,27
16,28
16,29
16,30
16,31
16,32
16,33
16,34
16,35
16,36
16,37
16,38
16,39
16,40
16,41
16,42
16,43
16,44
16,45
16,46
16,47
16,48
16,49
16,50
16,51
16,52
16,53
16,54
16,55
16,56
16,57
16,58
16,59
16,60
16,61
16,62
16,63
16,64
16,65
16,77
17,18
17,19
17,20
17,21
17,22
17,23
17,24
17,25
17,26
17,27
17,28
17,29
17,30
17,31
17,32
17,33
17,34
17,35
17,36
17,37
17,38
17,39
17,40
17,41
17,42
17,43
17,44
17,45
17,46
17,47
17,48
17,49
17,50
17,51
17,52
17,53
17,54
17,55
17,56
17,57
17,58
17,59
17,60
17,61
17,62
17,63
17,64
17,65
17,81
17,82
17,83
18,19
18,20
18,21
18,22
18,23
18,24
18,25
18,26
18,27
18,28
18,29
18,30
18,31
18,32
18,33
18,34
18,35
18,36
18,37
18,38
18,39
18,40
18,41
18,42
18,43
18,44
18,45
18,46
18,47
18,48
18,49
18,50
18,51
18,52
18,53
18,54
18,55
18,56
18,57
18,58
18,59
18,60
18,61
18,62
18,63
18,64
18,65
18,75
18,76
18,77
18,78
18,79
18,80
18,81
18,82
18,83
18,84
18,87
18,89
18,90
18,91
18,92
18,93
18,95
19,20
19,21
19,22
19,23
19,24
19,25
19,26
19,27
19,28
19,29
19,30
19,31
19,32
19,33
19,34
19,35
19,36
19,37
19,38
19,39
19,40
19,41
19,42
19,43
19,44
19,45
19,46
19,47
19,48
19,49
19,50
19,51
19,52
19,53
19,54
19,55
19,56
19,57
19,58
19,59
19,60
19,61
19,62
19,63
19,64
19,65
19,66
19,67
19,71
19,73
19,76
19,77
19,78
19,79
19,81
19,82
19,83
19,84
19,85
19,87
19,88
19,89
19,91
19,92
19,93
19,94
19,95
19,96
19,99
19,100
19,101
19,103
19,104
19,105
19,106
19,107
19,108
19,109
19,110
19,111
19,112
19,113
19,115
19,118
19,119
19,120
19,121
19,122
19,123
19,125
19,126
19,127
19,128
19,129
19,130
19,134
19,135
19,137
19,139
19,140
19,147
19,149
19,155
19,157
19,158
19,159
19,161
19,163
19,167
19,172
19,175
19,176
19,177
19,179
19,180
19,187
19,191
19,192
19,194
20,21
20,22
20,23
20,24
20,25
20,26
20,27
20,28
20,29
20,30
20,31
20,32
20,33
20,34
20,35
20,36
20,37
20,38
20,39
20,40
20,41
20,42
20,43
20,44
20,45
20,46
20,47
20,48
20,49
20,50
20,51
20,52
20,53
20,54
20,55
20,56
20,57
20,58
20,59
20,60
20,61
20,62
20,63
20,64
20,65
20,66
20,67
20,71
20,73
20,76
20,78
20,87
20,88
20,89
20,95
20,99
20,100
20,101
20,103
20,104
20,105
20,111
20,113
20,118
20,120
20,121
20,127
20,130
20,135
20,137
20,139
20,140
20,147
20,149
20,155
20,157
20,158
20,159
20,161
20,163
20,167
20,172
20,175
20,176
20,177
20,179
20,180
20,187
20,191
20,192
20,194
21,22
21,23
21,24
21,25
21,26
21,27
21,28
21,29
21,30
21,31
21,32
21,33
21,34
21,35
21,36
21,37
21,38
21,39
21,40
21,41
21,42
21,43
21,44
21,45
21,46
21,47
21,48
21,49
21,50
21,51
21,52
21,53
21,54
21,55
21,56
21,57
21,58
21,59
21,60
21,61
21,62
21,63
21,64
21,65
22,23
22,24
22,25
22,26
22,27
22,28
22,29
22,30
22,31
22,32
22,33
22,34
22,35
22,36
22,37
22,38
22,39
22,40
22,41
22,42
22,43
22,44
22,45
22,46
22,47
22,48
22,49
22,50
22,51
22,52
22,53
22,54
22,55
22,56
22,57
22,58
22,59
22,60
22,61
22,62
22,63
22,64
22,65
22,66
22,67
22,71
22,73
22,76
22,78
22,87
22,88
22,89
22,95
22,99
22,100
22,101
22,103
22,104
22,105
22,111
22,113
22,118
22,120
22,121
22,127
22,130
22,135
22,137
22,139
22,140
22,147
22,149
22,155
22,157
22,158
22,159
22,161
22,163
22,167
22,172
22,175
22,176
22,177
22,179
22,180
22,187
22,191
22,192
22,194
23,24
23,25
23,26
23,27
23,28
23,29
23,30
23,31
23,32
23,33
23,34
23,35
23,36
23,37
23,38
23,39
23,40
23,41
23,42
23,43
23,44
23,45
23,46
23,47
23,48
23,49
23,50
23,51
23,52
23,53
23,54
23,55
23,56
23,57
23,58
23,59
23,60
23,61
23,62
23,63
23,64
23,65
24,25
24,26
24,27
24,28
24,29
24,30
24,31
24,32
24,33
24,34
24,35
24,36
24,37
24,38
24,39
24,40
24,41
24,42
24,43
24,44
24,45
24,46
24,47
24,48
24,49
24,50
24,51
24,52
24,53
24,54
24,55
24,56
24,57
24,58
24,59
24,60
24,61
24,62
24,63
24,64
24,65
25,26
25,27
25,28
25,29
25,30
25,31
25,32
25,33
25,34
25,35
25,36
25,37
25,38
25,39
25,40
25,41
25,42
25,43
25,44
25,45
25,46
25,47
25,48
25,49
25,50
25,51
25,52
25,53
25,54
25,55
25,56
25,57
25,58
25,59
25,60
25,61
25,62
25,63
25,64
25,65
25,78
25,79
25,80
25,82
25,83
25,85
25,86
25,87
25,89
25,90
25,92
25,94
25,95
25,96
25,97
25,103
25,106
25,108
25,109
25,110
25,112
25,113
25,114
25,115
25,119
25,122
25,125
25,126
25,127
25,129
25,130
25,133
25,134
25,137
25,139
25,146
25,154
25,159
25,160
25,161
25,165
25,175
25,176
25,178
25,183
25,184
25,185
25,187
25,188
25,190
25,191
25,193
25,195
25,196
25,197
26,27
26,28
26,29
26,30
26,31
26,32
26,33
26,34
26,35
26,36
26,37
26,38
26,39
26,40
26,41
26,42
26,43
26,44
26,45
26,46
26,47
26,48
26,49
26,50
26,51
26,52
26,53
26,54
26,55
26,56
26,57
26,58
26,59
26,60
26,61
26,62
26,63
26,64
26,65
26,72
26,73
26,74
26,75
26,76
26,77
26,78
26,79
26,80
26,81
26,82
26,83
26,84
26,85
26,86
26,87
26,88
26,89
26,90
26,91
26,93
26,94
26,95
26,96
26,97
26,99
26,100
26,103
26,104
26,105
26,106
26,107
26,108
26,109
26,110
26,112
26,113
26,114
26,115
26,116
26,117
26,119
26,120
26,121
26,122
26,123
26,125
26,127
26,128
26,129
26,130
26,131
26,132
26,133
26,134
26,135
26,136
26,137
26,139
26,141
27,28
27,29
27,30
27,31
27,32
27,33
27,34
27,35
27,36
27,37
27,38
27,39
27,40
27,41
27,42
27,43
27,44
27,45
27,46
27,47
27,48
27,49
27,50
27,51
27,52
27,53
27,54
27,55
27,56
27,57
27,58
27,59
27,60
27,61
27,62
27,63
27,64
27,65
28,29
28,30
28,31
28,32
28,33
28,34
28,35
28,36
28,37
28,38
28,39
28,40
28,41
28,42
28,43
28,44
28,45
28,46
28,47
28,48
28,49
28,50
28,51
28,52
28,53
28,54
28,55
28,56
28,57
28,58
28,59
28,60
28,61
28,62
28,63
28,64
28,65
28,66
28,67
28,71
28,73
28,76
28,78
28,82
28,83
28,84
28,85
28,86
28,87
28,88
28,89
28,93
28,94
28,95
28,96
28,97
28,98
28,99
28,100
28,101
28,103
28,104
28,105
28,106
28,107
28,108
28,109
28,110
28,111
28,113
28,118
28,120
28,121
28,127
28,130
28,135
28,137
28,139
28,140
28,147
28,149
28,155
28,157
28,158
28,159
28,161
28,163
28,167
28,172
28,175
28,176
28,177
28,179
28,180
28,187
28,191
28,192
28,194
29,30
29,31
29,32
29,33
29,34
29,35
29,36
29,37
29,38
29,39
29,40
29,41
29,42
29,43
29,44
29,45
29,46
29,47
29,48
29,49
29,50
29,51
29,52
29,53
29,54
29,55
29,56
29,57
29,58
29,59
29,60
29,61
29,62
29,63
29,64
29,65
29,83
29,84
29,85
29,86
29,89
29,91
29,92
29,93
29,94
29,95
29,97
29,99
29,100
29,101
29,102
29,103
29,104
29,105
29,106
29,107
29,108
29,110
29,111
29,112
29,113
29,114
29,115
30,31
30,32
30,33
30,34
30,35
30,36
30,37
30,38
30,39
30,40
30,41
30,42
30,43
30,44
30,45
30,46
30,47
30,48
30,49
30,50
30,51
30,52
30,53
30,54
30,55
30,56
30,57
30,58
30,59
30,60
30,61
30,62
30,63
30,64
30,65
30,66
30,67
30,71
30,73
30,76
30,78
30,80
30,81
30,82
30,83
30,84
30,85
30,86
30,87
30,88
30,89
30,90
30,91
30,93
30,94
30,95
30,96
30,97
30,98
30,99
30,100
30,101
30,102
30,103
30,104
30,105
30,107
30,108
30,109
30,110
30,111
30,112
30,113
30,114
30,115
30,116
30,118
30,119
30,120
30,121
30,122
30,123
30,127
30,129
30,130
30,131
30,132
30,133
30,134
30,135
30,137
30,139
30,140
30,143
30,146
30,147
30,149
30,154
30,155
30,156
30,157
30,158
30,159
30,160
30,161
30,162
30,163
30,167
30,171
30,172
30,175
30,176
30,177
30,178
30,179
30,180
30,181
30,187
30,191
30,192
30,194
31,32
31,33
31,34
31,35
31,36
31,37
31,38
31,39
31,40
31,41
31,42
31,43
31,44
31,45
31,46
31,47
31,48
31,49
31,50
31,51
31,52
31,53
31,54
31,55
31,56
31,57
31,58
31,59
31,60
31,61
31,62
31,63
31,64
31,65
31,79
31,80
32,33
32,34
32,35
32,36
32,37
32,38
32,39
32,40
32,41
32,42
32,43
32,44
32,45
32,46
32,47
32,48
32,49
32,50
32,51
32,52
32,53
32,54
32,55
32,56
32,57
32,58
32,59
32,60
32,61
32,62
32,63
32,64
32,65
32,76
32,77
32,78
32,79
32,80
32,81
32,82
32,83
32,84
32,85
32,86
32,87
32,88
32,91
32,92
32,93
32,94
32,95
32,96
32,98
32,101
32,102
32,103
32,104
32,105
32,107
32,108
32,109
32,110
32,111
32,112
32,114
32,116
32,117
32,119
32,120
32,125
32,126
32,127
33,34
33,35
33,36
33,37
33,38
33,39
33,40
33,41
33,42
33,43
33,44
33,45
33,46
33,47
33,48
33,49
33,50
33,51
33,52
33,53
33,54
33,55
33,56
33,57
33,58
33,59
33,60
33,61
33,62
33,63
33,64
33,65
33,75
33,76
33,77
33,78
33,79
33,80
33,81
33,82
33,83
33,84
33,85
33,86
33,87
33,88
33,89
33,90
33,91
33,92
33,93
33,94
33,95
33,96
33,97
33,98
33,99
33,101
33,102
33,103
33,104
33,106
33,107
33,108
33,110
33,111
33,113
33,114
33,115
33,116
33,117
33,118
33,119
33,120
33,122
33,123
33,125
33,126
33,127
33,128
33,129
33,130
33,131
34,35
34,36
34,37
34,38
34,39
34,40
34,41
34,42
34,43
34,44
34,45
34,46
34,47
34,48
34,49
34,50
34,51
34,52
34,53
34,54
34,55
34,56
34,57
34,58
34,59
34,60
34,61
34,62
34,63
34,64
34,65
34,66
34,67
34,71
34,73
34,76
34,78
34,87
34,88
34,89
34,95
34,99
34,100
34,101
34,103
34,104
34,105
34,111
34,113
34,118
34,120
34,121
34,127
34,130
34,135
34,137
34,139
34,140
34,147
34,149
34,155
34,157
34,158
34,159
34,161
34,163
34,167
34,172
34,175
34,176
34,177
34,179
34,180
34,187
34,191
34,192
34,194
35,36
35,37
35,38
35,39
35,40
35,41
35,42
35,43
35,44
35,45
35,46
35,47
35,48
35,49
35,50
35,51
35,52
35,53
35,54
35,55
35,56
35,57
35,58
35,59
35,60
35,61
35,62
35,63
35,64
35,65
35,83
35,84
35,85
35,89
35,90
35,91
35,92
35,93
35,94
35,95
35,96
35,97
35,98
35,99
35,100
35,101
35,102
35,103
35,104
36,37
36,38
36,39
36,40
36,41
36,42
36,43
36,44
36,45
36,46
36,47
36,48
36,49
36,50
36,51
36,52
36,53
36,54
36,55
36,56
36,57
36,58
36,59
36,60
36,61
36,62
36,63
36,64
36,65
36,74
36,75
36,76
36,77
36,78
36,80
36,81
36,82
36,83
36,84
36,85
36,86
36,89
36,90
36,91
36,92
36,93
36,94
36,95
36,96
36,97
36,98
36,99
36,100
36,101
36,102
36,103
36,104
37,38
37,39
37,40
37,41
37,42
37,43
37,44
37,45
37,46
37,47
37,48
37,49
37,50
37,51
37,52
37,53
37,54
37,55
37,56
37,57
37,58
37,59
37,60
37,61
37,62
37,63
37,64
37,65
37,79
37,80
37,81
37,82
37,83
37,84
37,85
37,86
37,87
37,89
37,90
37,91
37,92
37,93
37,94
37,96
37,97
37,98
37,99
37,100
37,101
37,102
37,103
37,104
37,105
37,106
38,39
38,40
38,41
38,42
38,43
38,44
38,45
38,46
38,47
38,48
38,49
38,50
38,51
38,52
38,53
38,54
38,55
38,56
38,57
38,58
38,59
38,60
38,61
38,62
38,63
38,64
38,65
38,66
38,67
38,71
38,72
38,73
38,74
38,75
38,76
38,77
38,78
38,79
38,80
38,81
38,82
38,83
38,84
38,85
38,86
38,87
38,88
38,89
38,90
38,91
38,94
38,95
38,97
38,98
38,99
38,100
38,101
38,103
38,104
38,105
38,106
38,107
38,109
38,110
38,111
38,112
38,113
38,114
38,115
38,116
38,117
38,118
38,119
38,120
38,121
38,124
38,125
38,126
38,127
38,129
38,130
38,131
38,132
38,133
38,135
38,137
38,139
38,140
38,143
38,146
38,147
38,149
38,154
38,155
38,156
38,157
38,158
38,159
38,161
38,163
38,164
38,166
38,167
38,171
38,172
38,173
38,174
38,175
38,176
38,177
38,179
38,180
38,182
38,185
38,187
38,191
38,192
38,194
38,196
39,40
39,41
39,42
39,43
39,44
39,45
39,46
39,47
39,48
39,49
39,50
39,51
39,52
39,53
39,54
39,55
39,56
39,57
39,58
39,59
39,60
39,61
39,62
39,63
39,64
39,65
40,41
40,42
40,43
40,44
40,45
40,46
40,47
40,48
40,49
40,50
40,51
40,52
40,53
40,54
40,55
40,56
40,57
40,58
40,59
40,60
40,61
40,62
40,63
40,64
40,65
40,74
40,75
40,76
40,77
40,78
40,79
40,80
40,82
40,83
40,85
40,86
40,87
40,89
40,90
40,91
40,92
40,93
40,97
40,99
40,101
40,102
40,104
40,105
40,106
40,107
40,108
40,109
40,110
40,111
40,112
40,114
40,115
40,116
40,117
40,118
40,119
40,121
40,122
40,123
40,125
40,126
40,128
40,130
40,131
40,132
40,135
40,136
40,138
40,141
40,143
41,42
41,43
41,44
41,45
41,46
41,47
41,48
41,49
41,50
41,51
41,52
41,53
41,54
41,55
41,56
41,57
41,58
41,59
41,60
41,61
41,62
41,63
41,64
41,65
41,66
41,67
41,71
41,73
41,76
41,78
41,80
41,81
41,87
41,88
41,89
41,95
41,99
41,100
41,101
41,103
41,104
41,105
41,111
41,113
41,118
41,120
41,121
41,127
41,130
41,135
41,137
41,139
41,140
41,147
41,149
41,155
41,157
41,158
41,159
41,161
41,163
41,167
41,172
41,175
41,176
41,177
41,179
41,180
41,187
41,191
41,192
41,194
42,43
42,44
42,45
42,46
42,47
42,48
42,49
42,50
42,51
42,52
42,53
42,54
42,55
42,56
42,57
42,58
42,59
42,60
42,61
42,62
42,63
42,64
42,66
42,67
42,71
42,73
42,76
42,78
42,87
42,88
42,89
42,95
42,99
42,100
42,101
42,103
42,104
42,105
42,111
42,113
42,118
42,120
42,121
42,127
42,130
42,135
42,137
42,139
42,140
42,147
42,149
42,155
42,157
42,158
42,159
42,161
42,163
42,167
42,172
42,175
42,176
42,177
42,179
42,180
42,187
42,191
42,192
42,194
43,44
43,45
43,46
43,47
43,48
43,49
43,50
43,51
43,52
43,53
43,54
43,55
43,56
43,57
43,58
43,59
43,60
43,61
43,62
43,63
43,64
43,65
43,83
43,84
44,45
44,46
44,47
44,48
44,49
44,50
44,51
44,52
44,53
44,54
44,55
44,56
44,57
44,58
44,59
44,60
44,61
44,62
44,63
44,64
44,65
44,78
44,79
44,80
44,81
44,83
44,84
44,85
44,86
44,87
44,88
44,89
44,90
44,91
44,92
44,93
44,94
44,95
44,96
44,97
44,99
44,101
45,46
45,47
45,48
45,49
45,50
45,51
45,52
45,53
45,54
45,55
45,56
45,57
45,58
45,59
45,60
45,61
45,62
45,63
45,64
45,65
45,80
45,81
45,82
45,83
45,85
45,86
45,87
45,88
45,89
45,90
45,93
45,94
45,95
45,96
45,97
45,100
45,101
45,102
45,103
46,47
46,48
46,49
46,50
46,51
46,52
46,53
46,54
46,55
46,56
46,57
46,58
46,59
46,60
46,61
46,62
46,63
46,64
46,65
46,71
46,72
46,74
46,75
46,76
46,77
46,78
46,80
46,81
46,82
46,83
46,85
46,86
46,87
46,89
46,90
46,91
46,92
46,93
46,94
46,95
46,96
46,97
46,98
46,99
46,100
46,101
46,104
46,105
46,106
46,107
46,109
46,110
46,111
46,112
46,113
46,115
46,116
46,117
46,119
46,122
46,123
46,124
46,125
46,126
46,127
46,128
46,130
46,131
46,134
46,136
46,138
46,139
46,141
46,142
46,143
46,144
46,146
46,159
46,161
46,165
46,169
46,171
46,172
46,173
46,177
46,178
46,184
47,48
47,49
47,50
47,51
47,52
47,53
47,54
47,55
47,56
47,57
47,58
47,59
47,60
47,61
47,62
47,63
47,64
47,65
47,66
47,67
47,71
47,73
47,76
47,77
47,78
47,79
47,80
47,81
47,83
47,84
47,85
47,86
47,87
47,88
47,89
47,90
47,92
47,93
47,94
47,95
47,97
47,98
47,99
47,100
47,101
47,103
47,104
47,105
47,107
47,108
47,109
47,110
47,111
47,112
47,113
47,115
47,116
47,117
47,118
47,120
47,121
47,122
47,124
47,125
47,126
47,127
47,128
47,129
47,130
47,131
47,132
47,133
47,134
47,135
47,136
47,137
47,138
47,139
47,140
47,141
47,142
47,143
47,144
47,145
47,146
47,147
47,149
47,155
47,157
47,158
47,159
47,161
47,163
47,167
47,172
47,175
47,176
47,177
47,179
47,180
47,187
47,191
47,192
47,194
48,49
48,50
48,51
48,52
48,53
48,54
48,55
48,56
48,57
48,58
48,59
48,60
48,61
48,62
48,63
48,64
48,65
48,66
48,67
48,71
48,73
48,76
48,78
48,87
48,88
48,89
48,95
48,99
48,100
48,101
48,103
48,104
48,105
48,111
48,113
48,118
48,120
48,121
48,127
48,130
48,135
48,137
48,139
48,140
48,147
48,149
48,155
48,157
48,158
48,159
48,161
48,163
48,167
48,172
48,175
48,176
48,177
48,179
48,180
48,187
48,191
48,192
48,194
49,50
49,51
49,52
49,53
49,54
49,55
49,56
49,57
49,58
49,59
49,60
49,61
49,62
49,63
49,64
49,65
49,90
49,92
49,93
49,94
49,95
49,98
49,99
50,51
50,52
50,53
50,54
50,55
50,56
50,57
50,58
50,59
50,60
50,61
50,62
50,63
50,64
50,65
51,52
51,53
51,54
51,55
51,56
51,57
51,58
51,59
51,60
51,61
51,62
51,63
51,64
51,65
51,66
51,67
51,71
51,73
51,76
51,78
51,82
51,84
51,85
51,86
51,87
51,88
51,89
51,91
51,92
51,93
51,94
51,95
51,96
51,97
51,98
51,99
51,100
51,101
51,103
51,104
51,105
51,106
51,107
51,108
51,109
51,110
51,111
51,112
51,113
51,114
51,115
51,118
51,120
51,121
51,125
51,127
51,128
51,130
51,131
51,132
51,134
51,135
51,136
51,137
51,139
51,140
51,143
51,144
51,145
51,147
51,149
51,151
51,152
51,153
51,154
51,155
51,156
51,157
51,158
51,159
51,161
51,163
51,165
51,166
51,167
51,168
51,169
51,170
51,171
51,172
51,173
51,175
51,176
51,177
51,179
51,180
51,184
51,187
51,191
51,192
51,194
52,53
52,54
52,55
52,56
52,57
52,58
52,59
52,60
52,61
52,62
52,63
52,64
52,65
53,54
53,55
53,56
53,57
53,58
53,59
53,60
53,61
53,62
53,63
53,64
53,65
53,84
53,85
53,86
53,87
53,89
53,90
53,91
53,92
53,93
53,94
53,95
53,96
53,98
53,99
53,100
53,101
53,102
53,103
53,105
53,106
53,108
53,109
53,110
53,111
54,55
54,56
54,57
54,58
54,59
54,60
54,61
54,62
54,63
54,64
54,65
54,66
54,67
54,70
54,71
54,72
54,73
54,74
54,75
54,76
54,78
54,79
54,80
54,81
54,82
54,83
54,84
54,85
54,86
54,87
54,88
54,89
54,90
54,91
54,92
54,93
54,94
54,95
54,96
54,97
54,98
54,99
54,100
54,101
54,102
54,103
54,104
54,105
54,106
54,107
54,108
54,110
54,111
54,112
54,113
54,114
54,115
54,116
54,118
54,119
54,120
54,121
54,122
54,123
54,124
54,125
54,126
54,127
54,128
54,130
54,131
54,132
54,133
54,134
54,135
54,136
54,137
54,139
54,140
54,142
54,143
54,144
54,146
54,147
54,149
54,151
54,152
54,153
54,154
54,155
54,156
54,157
54,158
54,159
54,160
54,161
54,163
54,165
54,166
54,167
54,168
54,172
54,173
54,174
54,175
54,176
54,177
54,178
54,179
54,180
54,181
54,182
54,183
54,184
54,185
54,187
54,189
54,191
54,192
54,194
54,196
54,197
55,56
55,57
55,58
55,59
55,60
55,61
55,62
55,63
55,64
55,65
55,80
55,81
55,82
55,84
55,85
55,86
55,87
55,88
55,89
55,91
55,92
55,93
55,94
55,95
56,57
56,58
56,59
56,60
56,61
56,62
56,63
56,64
56,65
56,66
56,67
56,71
56,73
56,76
56,78
56,81
56,82
56,83
56,84
56,85
56,86
56,87
56,88
56,89
56,90
56,92
56,93
56,94
56,95
56,96
56,97
56,98
56,99
56,100
56,101
56,102
56,103
56,104
56,105
56,107
56,108
56,110
56,111
56,112
56,113
56,114
56,115
56,116
56,117
56,118
56,119
56,120
56,121
56,123
56,124
56,125
56,126
56,127
56,128
56,129
56,130
56,131
56,132
56,133
56,134
56,135
56,136
56,137
56,138
56,139
56,140
56,143
56,144
56,145
56,146
56,147
56,148
56,149
56,151
56,152
56,153
56,154
56,155
56,156
56,157
56,158
56,159
56,160
56,161
56,162
56,163
56,164
56,167
56,168
56,169
56,170
56,171
56,172
56,173
56,174
56,175
56,176
56,177
56,178
56,179
56,180
56,182
56,183
56,184
56,185
56,186
56,187
56,189
56,191
56,192
56,193
56,194
56,195
56,197
57,58
57,59
57,60
57,61
57,62
57,63
57,64
57,65
57,66
57,67
57,71
57,73
57,76
57,78
57,82
57,83
57,84
57,85
57,86
57,87
57,88
57,89
57,91
57,92
57,93
57,94
57,95
57,96
57,97
57,98
57,99
57,100
57,101
57,103
57,104
57,105
57,107
57,108
57,109
57,110
57,111
57,112
57,113
57,114
57,115
57,116
57,118
57,119
57,120
57,121
57,122
57,124
57,125
57,126
57,127
57,128
57,129
57,130
57,131
57,132
57,133
57,134
57,135
57,136
57,137
57,138
57,139
57,140
57,141
57,142
57,143
57,145
57,146
57,147
57,149
57,155
57,157
57,158
57,159
57,161
57,163
57,167
57,172
57,175
57,176
57,177
57,179
57,180
57,187
57,191
57,192
57,194
58,59
58,60
58,61
58,62
58,63
58,64
58,65
58,78
58,79
58,80
58,82
58,84
58,85
58,87
58,88
58,89
58,90
58,91
58,92
58,93
58,94
58,96
59,60
59,61
59,62
59,63
59,64
59,65
59,74
59,75
59,76
59,77
59,78
59,79
59,80
59,81
59,82
59,84
59,85
59,86
59,87
59,88
59,89
59,90
59,91
59,92
59,93
59,94
59,95
59,96
59,97
59,100
59,102
59,103
59,104
59,105
59,106
59,107
59,108
59,109
59,110
59,111
59,112
59,113
59,115
59,116
59,117
59,118
59,119
59,123
60,61
60,62
60,63
60,64
60,65
60,72
60,73
60,74
60,75
60,77
60,78
60,79
61,62
61,63
61,64
61,65
61,66
61,67
61,71
61,73
61,74
61,75
61,76
61,77
61,78
61,79
61,80
61,82
61,84
61,86
61,87
61,88
61,89
61,90
61,91
61,93
61,94
61,95
61,96
61,98
61,99
61,100
61,101
61,102
61,103
61,104
61,105
61,107
61,108
61,109
61,110
61,111
61,112
61,113
61,114
61,115
61,116
61,118
61,120
61,121
61,127
61,130
61,135
61,137
61,139
61,140
61,147
61,149
61,155
61,157
61,158
61,159
61,161
61,163
61,167
61,172
61,175
61,176
61,177
61,179
61,180
61,187
61,191
61,192
61,194
62,63
62,64
62,65
63,64
63,65
63,79
63,80
63,81
63,84
63,85
63,86
63,87
63,88
63,90
63,91
63,93
63,94
63,95
63,96
63,97
63,101
63,102
63,105
63,106
63,107
63,108
63,109
63,110
63,111
63,113
63,114
63,115
63,116
63,117
63,118
63,119
63,120
63,121
63,122
63,123
63,124
63,126
63,128
63,133
63,134
63,137
63,138
63,143
63,144
63,146
63,148
63,151
63,156
63,162
63,164
63,165
63,168
63,169
63,172
63,173
63,174
63,178
63,184
63,190
63,193
63,195
63,196
63,197
64,65
64,75
64,76
64,78
64,79
64,80
64,81
64,82
64,84
64,85
64,86
64,87
64,88
64,90
64,91
64,92
64,93
64,94
64,95
64,96
64,97
64,98
64,99
64,100
64,101
64,102
64,103
64,104
64,105
64,106
64,107
64,108
64,109
64,110
64,111
64,112
64,114
64,115
64,116
64,117
64,118
64,119
64,120
64,121
64,122
64,124
64,125
64,126
64,128
64,129
64,130
64,131
64,132
64,133
64,134
64,135
64,136
64,137
64,138
64,139
64,140
64,141
64,142
64,144
64,148
64,150
64,152
64,153
64,154
64,156
64,158
64,160
64,161
64,162
64,163
64,164
64,165
65,72
65,73
65,74
65,75
65,76
65,78
65,79
65,80
65,81
65,83
65,84
65,85
65,86
65,88
65,89
65,90
65,91
65,92
65,93
65,95
65,97
65,98
65,99
65,100
65,101
65,102
65,103
65,104
65,105
65,106
65,107
65,108
65,109
65,110
65,111
65,112
65,113
66,67
66,71
66,72
66,73
66,74
66,75
66,76
66,78
66,79
66,80
66,81
66,83
66,84
66,86
66,87
66,88
66,89
66,90
66,91
66,92
66,93
66,94
66,95
66,98
66,99
66,100
66,101
66,102
66,103
66,104
66,105
66,106
66,108
66,109
66,110
66,111
66,112
66,113
66,114
66,115
66,116
66,117
66,118
66,119
66,120
66,121
66,127
66,130
66,135
66,137
66,139
66,140
66,147
66,149
66,155
66,157
66,158
66,159
66,161
66,163
66,167
66,172
66,175
66,176
66,177
66,179
66,180
66,187
66,191
66,192
66,194
67,71
67,72
67,73
67,74
67,75
67,76
67,77
67,78
67,79
67,80
67,81
67,83
67,84
67,85
67,86
67,87
67,88
67,89
67,90
67,91
67,92
67,93
67,94
67,95
67,96
67,97
67,99
67,100
67,101
67,103
67,104
67,105
67,107
67,108
67,111
67,112
67,113
67,114
67,115
67,116
67,117
67,118
67,119
67,120
67,121
67,122
67,123
67,124
67,127
67,129
67,130
67,131
67,132
67,133
67,134
67,135
67,136
67,137
67,138
67,139
67,140
67,141
67,142
67,143
67,144
67,147
67,148
67,149
67,150
67,151
67,155
67,156
67,157
67,158
67,159
67,161
67,162
67,163
67,164
67,165
67,167
67,168
67,169
67,172
67,173
67,174
67,175
67,176
67,177
67,179
67,180
67,181
67,183
67,184
67,185
67,186
67,187
67,191
67,192
67,194
68,70
68,71
68,72
68,73
68,74
68,75
68,76
69,72
69,74
69,75
69,76
69,77
69,79
69,80
69,81
69,83
69,84
69,85
69,86
70,71
70,72
70,73
70,74
70,75
70,77
70,78
70,80
70,83
70,84
70,85
70,86
70,87
70,88
70,89
70,90
70,93
70,94
70,96
70,97
70,100
70,101
70,103
70,104
70,105
70,106
70,107
70,110
70,111
70,112
70,113
70,114
70,115
70,116
70,117
70,118
70,120
70,122
70,123
70,124
70,125
70,126
70,128
70,129
70,130
70,131
70,132
70,133
70,134
70,135
70,136
70,137
70,138
70,139
70,141
70,144
70,146
70,149
70,150
70,151
71,72
71,73
71,74
71,76
71,77
71,78
71,79
71,80
71,81
71,82
71,83
71,84
71,85
71,86
71,87
71,88
71,89
71,90
71,91
71,92
71,93
71,94
71,95
71,97
71,98
71,99
71,100
71,101
71,102
71,103
71,104
71,105
71,106
71,107
71,111
71,113
71,118
71,120
71,121
71,127
71,130
71,135
71,137
71,139
71,140
71,147
71,149
71,155
71,157
71,158
71,159
71,161
71,163
71,167
71,172
71,175
71,176
71,177
71,179
71,180
71,187
71,191
71,192
71,194
72,73
72,74
72,75
72,76
72,77
72,79
72,80
72,81
72,83
72,84
72,86
72,87
72,88
72,89
72,90
72,91
72,92
72,93
72,94
72,97
72,98
72,99
72,101
72,102
72,103
72,104
72,105
72,106
72,107
72,109
73,74
73,75
73,76
73,77
73,78
73,79
73,81
73,82
73,83
73,84
73,85
73,86
73,87
73,88
73,89
73,91
73,92
73,95
73,96
73,97
73,99
73,100
73,101
73,102
73,103
73,104
73,105
73,106
73,107
73,108
73,109
73,110
73,111
73,112
73,113
73,114
73,115
73,116
73,117
73,118
73,120
73,121
73,122
73,127
73,130
73,135
73,137
73,139
73,140
73,147
73,149
73,155
73,157
73,158
73,159
73,161
73,163
73,167
73,172
73,175
73,176
73,177
73,179
73,180
73,187
73,191
73,192
73,194
74,75
74,76
74,77
74,78
74,79
74,80
74,81
74,82
74,83
74,85
74,86
74,88
74,89
74,90
74,91
74,92
74,93
74,94
74,95
74,96
74,97
74,99
74,101
74,102
74,103
74,104
74,105
74,106
74,107
74,108
74,109
74,110
74,111
74,112
74,113
74,114
74,115
74,116
74,117
74,118
74,122
74,123
74,124
74,126
74,127
74,128
74,130
74,131
74,132
74,133
74,136
74,138
74,139
75,76
75,77
75,78
75,79
75,80
75,81
75,83
75,84
75,85
75,86
75,87
75,88
75,89
75,90
75,91
75,92
75,93
75,94
75,95
75,96
75,97
75,99
75,100
75,101
75,102
75,103
75,104
75,105
75,106
75,107
75,108
75,109
75,110
75,111
75,112
75,114
75,115
75,116
75,117
75,118
75,119
75,120
75,121
75,123
75,124
75,125
75,126
75,127
75,128
75,129
75,130
75,131
75,132
75,133
75,134
75,137
75,138
75,139
75,141
75,142
75,144
75,145
75,146
75,148
75,152
75,156
75,166
75,169
75,172
75,173
75,174
76,77
76,78
76,79
76,80
76,81
76,82
76,83
76,85
76,86
76,87
76,88
76,89
76,90
76,91
76,92
76,94
76,95
76,98
76,99
76,100
76,101
76,103
76,104
76,105
76,109
76,110
76,111
76,112
76,113
76,114
76,115
76,116
76,117
76,118
76,119
76,120
76,121
76,122
76,124
76,125
76,126
76,127
76,128
76,129
76,130
76,131
76,132
76,133
76,134
76,135
76,136
76,137
76,138
76,139
76,140
76,141
76,142
76,143
76,144
76,145
76,146
76,147
76,148
76,149
76,150
76,151
76,152
76,153
76,154
76,155
76,156
76,157
76,158
76,159
76,160
76,161
76,162
76,163
76,164
76,166
76,167
76,169
76,170
76,171
76,172
76,174
76,175
76,176
76,177
76,179
76,180
76,181
76,185
76,186
76,187
76,188
76,189
76,191
76,192
76,193
76,194
76,195
76,197
77,78
77,80
77,81
77,82
77,83
77,84
77,86
77,87
77,88
77,89
77,90
77,91
77,92
77,94
77,95
77,96
77,97
77,99
77,100
77,103
77,104
77,105
77,108
77,109
77,110
77,112
77,113
77,114
77,116
77,117
77,119
77,120
77,121
77,122
77,123
77,124
77,125
77,126
77,127
77,128
77,130
77,131
77,132
77,133
77,134
77,135
77,136
77,137
77,138
77,139
77,140
77,141
77,142
77,143
77,144
77,145
77,146
77,147
77,148
77,150
77,151
77,152
77,153
77,154
77,156
77,157
77,158
77,160
77,161
77,162
77,163
77,164
77,165
78,80
78,81
78,82
78,83
78,84
78,85
78,86
78,87
78,88
78,89
78,90
78,91
78,92
78,93
78,94
78,95
78,96
78,97
78,98
78,99
78,100
78,101
78,102
78,103
78,104
78,105
78,106
78,107
78,109
78,110
78,111
78,112
78,113
78,114
78,115
78,116
78,117
78,118
78,119
78,120
78,121
78,122
78,123
78,125
78,126
78,127
78,128
78,129
78,130
78,131
78,132
78,133
78,134
78,135
78,137
78,138
78,139
78,140
78,141
78,142
78,143
78,144
78,146
78,147
78,148
78,149
78,150
78,151
78,153
78,154
78,155
78,156
78,157
78,158
78,159
78,160
78,161
78,163
78,167
78,172
78,175
78,176
78,177
78,179
78,180
78,187
78,191
78,192
78,194
79,80
79,81
79,82
79,83
79,84
80,81
80,82
80,83
80,84
80,85
80,86
80,87
80,89
80,90
80,91
80,92
80,94
80,95
80,96
80,97
80,98
80,99
80,100
80,101
80,102
80,103
80,105
80,106
80,107
80,108
80,109
80,110
80,111
80,113
80,114
80,115
80,116
80,117
80,118
80,119
80,120
80,121
80,123
80,125
80,126
80,127
80,129
80,130
80,131
80,132
80,133
80,134
80,135
80,136
80,137
80,138
80,139
80,140
80,142
80,143
80,145
80,146
80,147
80,148
80,150
80,151
80,152
80,153
80,154
80,155
80,156
80,161
80,163
80,164
80,165
80,166
80,168
80,170
80,171
80,172
80,173
80,174
80,176
80,178
80,182
80,184
80,185
80,188
80,189
80,193
80,195
80,196
80,198
81,82
81,83
81,84
81,85
81,86
81,87
81,89
81,90
81,91
81,92
81,93
81,94
81,95
81,96
81,97
81,98
81,99
81,100
81,101
81,102
81,103
81,105
81,106
81,107
81,108
81,109
81,110
81,111
81,112
81,113
81,114
81,115
81,116
81,117
82,83
82,84
82,85
82,86
82,87
83,84
83,85
83,86
83,88
83,89
83,90
83,91
83,92
83,94
83,96
83,97
83,98
83,99
83,100
83,101
83,102
83,103
83,104
83,105
83,106
83,107
83,109
83,110
83,113
83,114
83,115
83,117
83,118
83,120
83,122
83,123
83,124
83,125
83,126
83,127
83,128
83,129
83,130
83,131
83,132
83,133
83,134
83,135
83,136
83,137
83,138
83,139
83,141
83,142
83,143
83,144
83,145
83,146
83,147
83,148
83,149
83,152
83,153
83,155
83,156
83,157
83,158
83,160
83,161
83,162
83,164
83,166
83,168
83,169
83,170
83,172
83,173
83,174
83,177
83,178
83,182
83,185
83,186
83,188
83,189
83,192
83,193
83,195
83,197
83,198
84,85
84,86
84,87
84,88
84,89
84,90
84,91
84,92
84,93
84,94
84,95
84,96
84,97
84,99
84,100
84,102
84,103
84,104
84,105
84,106
84,107
84,109
84,110
84,111
84,112
84,113
84,114
84,115
84,117
84,118
85,86
85,87
85,88
85,90
85,91
86,87
86,88
86,89
86,90
86,91
86,92
86,94
86,95
86,96
86,97
86,98
86,99
86,101
86,102
86,103
86,104
86,105
86,106
86,108
86,109
86,111
86,112
86,113
86,114
86,115
86,118
86,120
86,121
86,122
86,123
86,124
86,125
86,126
86,127
86,128
86,129
86,130
86,132
86,133
86,134
86,135
86,137
86,138
86,140
86,141
86,142
86,145
86,146
86,147
86,148
86,149
86,150
86,151
86,152
86,153
86,154
86,156
86,157
86,160
86,161
86,162
86,165
86,166
86,168
86,170
86,171
86,172
86,174
86,176
86,177
86,180
86,182
86,183
86,185
86,186
86,188
86,193
86,197
86,198
87,88
87,89
87,90
87,91
87,92
87,93
87,95
87,96
87,97
87,98
87,99
87,100
87,101
87,102
87,103
87,104
87,105
87,107
87,108
87,110
87,111
87,112
87,113
87,114
87,115
87,116
87,117
87,118
87,120
87,121
87,122
87,123
87,124
87,125
87,126
87,127
87,128
87,129
87,130
87,131
87,132
87,133
87,134
87,135
87,136
87,137
87,138
87,139
87,140
87,142
87,143
87,145
87,146
87,147
87,148
87,149
87,150
87,151
87,152
87,153
87,154
87,155
87,157
87,158
87,159
87,160
87,161
87,162
87,163
87,165
87,166
87,167
87,168
87,172
87,175
87,176
87,177
87,179
87,180
87,187
87,191
87,192
87,194
88,89
88,91
88,92
88,93
88,94
88,95
88,96
88,97
88,98
88,99
88,100
88,101
88,102
88,103
88,104
88,105
88,107
88,108
88,109
88,110
88,111
88,112
88,113
88,114
88,115
88,116
88,117
88,118
88,119
88,120
88,121
88,123
88,124
88,125
88,126
88,127
88,129
88,130
88,132
88,133
88,134
88,135
88,136
88,137
88,138
88,139
88,140
88,141
88,142
88,143
88,144
88,145
88,146
88,147
88,148
88,149
88,150
88,151
88,152
88,153
88,155
88,156
88,157
88,158
88,159
88,161
88,163
88,167
88,172
88,175
88,176
88,177
88,179
88,180
88,187
88,191
88,192
88,194
89,90
89,91
89,92
89,93
89,94
89,95
89,97
89,98
89,99
89,100
89,101
89,102
89,103
89,104
89,105
89,107
89,108
89,109
89,110
89,111
89,112
89,113
89,114
89,115
89,116
89,118
89,119
89,120
89,121
89,123
89,124
89,125
89,126
89,127
89,128
89,129
89,130
89,131
89,132
89,133
89,134
89,135
89,137
89,138
89,139
89,140
89,141
89,142
89,143
89,144
89,145
89,146
89,147
89,148
89,149
89,151
89,152
89,153
89,154
89,155
89,156
89,157
89,158
89,159
89,160
89,161
89,162
89,163
89,164
89,165
89,166
89,167
89,168
89,169
89,171
89,172
89,174
89,175
89,176
89,177
89,179
89,180
89,187
89,191
89,192
89,194
90,92
90,93
90,94
90,96
90,97
90,99
90,102
90,104
90,106
90,107
90,108
90,109
90,110
90,112
90,115
90,116
90,117
90,118
90,119
90,120
90,122
90,123
90,124
90,125
90,126
90,127
90,128
90,129
90,130
90,131
90,132
90,133
90,134
90,135
90,136
90,137
90,138
90,140
90,141
90,142
90,143
90,144
90,145
90,146
90,148
90,149
90,150
90,151
90,152
90,153
90,154
90,155
90,156
90,157
90,158
90,160
90,161
91,92
91,93
91,94
92,94
92,96
92,97
92,98
92,99
92,100
92,102
92,104
92,105
92,106
92,107
93,94
93,95
93,96
93,97
93,98
93,99
93,100
93,101
93,103
93,106
93,108
93,109
93,110
93,111
93,113
93,116
93,117
93,120
93,121
93,122
93,125
93,126
93,127
93,130
93,131
93,132
94,96
94,97
94,98
94,99
94,100
94,101
94,102
94,103
94,104
94,105
94,106
94,107
94,108
94,109
94,110
94,111
94,112
94,113
94,115
94,117
94,119
94,120
94,121
94,123
94,124
94,125
94,126
94,127
94,128
94,129
94,130
94,131
94,132
94,133
94,135
95,96
95,97
95,98
95,99
95,100
95,101
95,102
95,103
95,104
95,105
95,107
95,108
95,109
95,110
95,111
95,113
95,114
95,115
95,116
95,117
95,118
95,119
95,120
95,121
95,123
95,124
95,125
95,126
95,127
95,129
95,130
95,135
95,137
95,139
95,140
95,147
95,149
95,155
95,157
95,158
95,159
95,161
95,163
95,167
95,172
95,175
95,176
95,177
95,179
95,180
95,187
95,191
95,192
95,194
96,97
96,98
96,99
96,100
96,101
96,102
96,103
96,104
96,105
96,106
96,107
96,108
96,109
96,110
96,111
96,113
96,116
96,117
96,118
96,119
96,120
96,121
96,122
96,123
96,124
96,125
97,98
97,99
97,100
97,101
97,103
97,104
97,106
97,107
97,108
97,109
97,110
97,111
97,112
97,113
97,114
97,115
97,116
97,117
97,118
97,119
97,120
97,121
97,122
97,123
97,124
97,125
97,126
97,127
97,128
97,129
97,130
97,131
97,133
97,134
97,135
97,136
97,137
97,138
97,141
97,143
97,145
97,146
97,148
97,149
97,150
97,151
97,154
97,156
98,99
98,100
98,101
98,102
98,103
98,104
98,105
98,106
98,108
98,109
98,110
98,111
98,112
98,113
98,114
99,100
99,101
99,103
99,104
99,105
99,111
99,113
99,118
99,120
99,121
99,127
99,130
99,135
99,137
99,139
99,140
99,147
99,149
99,155
99,157
99,158
99,159
99,161
99,163
99,167
99,172
99,175
99,176
99,177
99,179
99,180
99,187
99,191
99,192
99,194
100,101
100,103
100,104
100,105
100,108
100,109
100,110
100,111
100,112
100,113
100,114
100,115
100,116
100,117
100,118
100,119
100,120
100,121
100,122
100,127
100,130
100,135
100,137
100,139
100,140
100,147
100,149
100,155
100,157
100,158
100,159
100,161
100,163
100,167
100,172
100,175
100,176
100,177
100,179
100,180
100,187
100,191
100,192
100,194
101,102
101,103
101,104
101,105
101,106
101,107
101,108
101,109
101,110
101,111
101,112
101,113
101,114
101,115
101,116
101,117
101,118
101,119
101,120
101,121
101,122
101,123
101,124
101,125
101,126
101,127
101,130
101,131
101,133
101,134
101,135
101,136
101,137
101,139
101,140
101,141
101,142
101,143
101,147
101,148
101,149
101,150
101,151
101,153
101,155
101,156
101,157
101,158
101,159
101,161
101,163
101,164
101,165
101,167
101,168
101,172
101,173
101,175
101,176
101,177
101,179
101,180
101,183
101,185
101,187
101,190
101,191
101,192
101,194
101,199
102,103
102,107
102,108
102,110
102,111
102,113
102,114
102,115
102,116
102,117
102,118
102,119
102,122
102,123
102,124
102,125
102,126
102,128
102,130
102,131
102,132
102,134
102,135
102,137
102,138
102,139
102,140
102,142
102,143
102,146
102,147
102,148
103,104
103,105
103,106
103,107
103,108
103,109
103,111
103,112
103,113
103,114
103,116
103,117
103,118
103,119
103,120
103,121
103,122
103,123
103,124
103,125
103,126
103,127
103,128
103,129
103,130
103,131
103,132
103,133
103,135
103,136
103,137
103,139
103,140
103,141
103,142
103,147
103,149
103,155
103,157
103,158
103,159
103,161
103,163
103,167
103,172
103,175
103,176
103,177
103,179
103,180
103,187
103,191
103,192
103,194
104,105
104,106
104,107
104,108
104,109
104,110
104,111
104,112
104,113
104,114
104,115
104,116
104,117
104,118
104,119
104,120
104,121
104,122
104,123
104,124
104,125
104,126
104,127
104,128
104,129
104,130
104,131
104,132
104,133
104,134
104,135
104,136
104,137
104,139
104,140
104,141
104,142
104,143
104,145
104,146
104,147
104,149
104,150
104,151
104,153
104,154
104,155
104,156
104,157
104,158
104,159
104,161
104,162
104,163
104,165
104,166
104,167
104,168
104,171
104,172
104,173
104,175
104,176
104,177
104,179
104,180
104,181
104,182
104,183
104,185
104,187
104,189
104,190
104,191
104,192
104,193
104,194
105,106
105,107
105,108
105,109
105,110
105,111
105,112
105,113
105,114
105,115
105,116
105,117
105,118
105,120
105,121
105,122
105,125
105,126
105,127
105,128
105,129
105,130
105,131
105,132
105,133
105,134
105,135
105,136
105,137
105,138
105,139
105,140
105,141
105,142
105,144
105,145
105,146
105,147
105,148
105,149
105,151
105,152
105,153
105,154
105,155
105,156
105,157
105,158
105,159
105,160
105,161
105,162
105,163
105,164
105,165
105,166
105,167
105,168
105,170
105,171
105,172
105,173
105,174
105,175
105,176
105,177
105,178
105,179
105,180
105,181
105,182
105,185
105,186
105,187
105,190
105,191
105,192
105,193
105,194
105,198
106,108
106,109
106,110
106,112
106,113
106,114
106,115
106,116
106,117
106,118
106,119
106,120
106,123
106,125
106,126
106,128
106,129
106,130
106,131
106,132
106,133
106,137
106,138
106,139
106,140
106,141
106,142
106,143
106,144
106,145
106,146
106,147
106,148
106,150
106,151
106,152
106,154
106,155
106,156
106,162
106,164
106,165
106,166
106,168
106,169
106,170
106,171
106,174
106,175
106,181
106,182
106,183
106,184
106,186
106,188
106,189
106,190
106,196
106,197
106,198
106,199
107,108
107,109
107,112
107,114
107,115
107,116
107,117
107,118
107,119
107,120
107,121
107,123
107,125
107,126
107,127
107,128
107,129
107,130
107,131
107,132
107,133
107,134
107,135
107,136
107,137
107,138
107,139
107,140
108,109
108,110
109,111
109,112
109,113
109,114
109,115
109,116
109,117
109,118
109,120
109,121
109,124
109,126
109,127
109,128
109,129
109,131
109,132
109,134
109,135
109,136
109,139
109,140
109,142
109,143
109,144
109,146
109,147
109,148
109,149
109,150
109,151
109,152
109,153
109,155
109,156
109,158
109,159
109,164
109,165
109,166
109,167
109,168
109,170
109,172
109,175
109,178
109,181
109,182
109,184
109,185
109,186
109,188
109,189
109,193
110,114
110,115
110,116
110,117
110,118
110,119
110,120
110,121
110,122
110,123
110,124
110,125
110,126
110,128
110,129
110,130
110,131
110,132
110,134
110,135
110,136
110,138
110,139
110,140
110,142
110,143
110,144
110,145
110,146
110,147
110,148
110,149
110,150
110,151
110,152
110,153
110,154
110,155
110,156
110,157
110,158
110,159
110,160
110,161
110,162
110,163
110,164
110,165
110,167
110,168
110,169
110,171
110,173
110,175
110,177
110,178
110,179
110,180
110,181
110,182
110,183
110,184
110,185
110,186
110,188
110,189
110,190
110,193
110,196
110,197
110,198
110,199
111,112
111,113
111,114
111,115
111,116
111,117
111,118
111,120
111,121
111,122
111,123
111,124
111,125
111,126
111,127
111,128
111,129
111,130
111,132
111,133
111,134
111,135
111,136
111,137
111,138
111,139
111,140
111,141
111,142
111,143
111,144
111,145
111,147
111,148
111,149
111,150
111,151
111,153
111,154
111,155
111,156
111,157
111,158
111,159
111,161
111,162
111,163
111,164
111,165
111,166
111,167
111,168
111,169
111,170
111,171
111,172
111,173
111,174
111,175
111,176
111,177
111,178
111,179
111,180
111,183
111,185
111,186
111,187
111,188
111,189
111,190
111,191
111,192
111,193
111,194
111,195
111,196
111,197
111,198
111,199
112,113
112,114
112,115
113,114
113,115
113,116
113,117
113,118
113,119
113,120
113,121
113,127
113,130
113,135
113,137
113,139
113,140
113,147
113,149
113,155
113,157
113,158
113,159
113,161
113,163
113,167
113,172
113,175
113,176
113,177
113,179
113,180
113,187
113,191
113,192
113,194
114,115
114,116
114,117
114,120
114,121
114,122
114,123
114,125
114,126
114,127
114,128
114,129
114,130
114,132
114,133
114,134
114,135
114,136
114,138
114,140
114,141
114,142
114,143
114,144
114,146
114,147
114,150
114,151
114,152
115,116
115,117
115,118
115,119
115,120
115,121
115,122
115,123
115,124
115,125
115,126
115,127
115,129
116,117
116,118
116,120
116,121
116,122
116,124
116,125
116,126
116,127
116,128
116,130
116,131
116,132
116,134
116,135
116,137
116,138
116,139
116,140
116,141
116,142
117,119
117,120
117,121
117,122
117,123
117,124
117,126
117,127
117,128
117,129
117,130
117,131
117,132
117,133
117,135
117,136
117,137
117,138
117,139
117,140
117,141
117,142
117,143
117,144
117,149
117,150
117,151
117,152
117,153
117,154
117,155
117,156
117,157
117,158
117,160
117,162
117,163
117,165
117,167
117,168
117,169
117,172
117,173
117,176
117,179
117,181
117,182
117,185
117,188
117,189
117,192
117,193
117,195
117,196
117,197
118,119
118,120
118,121
118,122
118,124
118,125
118,126
118,127
118,130
118,135
118,137
118,139
118,140
118,147
118,149
118,155
118,157
118,158
118,159
118,161
118,163
118,167
118,172
118,175
118,176
118,177
118,179
118,180
118,187
118,191
118,192
118,194
119,120
119,121
119,122
119,123
119,125
119,126
119,127
119,128
119,129
119,130
119,132
119,134
119,135
119,136
119,139
119,140
119,141
119,142
119,143
119,144
119,145
119,146
119,147
119,148
119,150
119,151
119,152
119,153
119,154
119,155
119,156
119,157
119,158
119,159
119,160
119,161
119,163
119,164
119,166
119,167
119,168
119,170
119,172
119,173
119,175
119,176
119,177
119,179
119,180
119,181
119,182
119,184
119,185
119,186
119,188
119,189
119,192
119,193
119,194
119,195
119,196
119,199
120,121
120,123
120,125
120,126
120,127
120,128
120,129
120,130
120,131
120,132
120,133
120,134
120,135
120,136
120,137
120,138
120,139
120,140
120,141
120,142
120,147
120,148
120,149
120,151
120,153
120,154
120,155
120,156
120,157
120,158
120,159
120,160
120,161
120,162
120,163
120,164
120,166
120,167
120,168
120,169
120,170
120,171
120,172
120,175
120,176
120,177
120,178
120,179
120,180
120,181
120,182
120,183
120,184
120,185
120,186
120,187
120,188
120,189
120,190
120,191
120,192
120,194
121,122
121,123
121,124
121,125
121,126
121,127
121,129
121,130
121,132
121,133
121,134
121,135
121,136
121,137
121,139
121,140
121,141
121,142
121,143
121,145
121,146
121,147
121,148
121,149
121,151
121,153
121,154
121,155
121,157
121,158
121,159
121,161
121,163
121,167
121,172
121,175
121,176
121,177
121,179
121,180
121,187
121,191
121,192
121,194
122,123
122,124
122,126
122,127
122,128
122,129
122,130
122,131
122,132
122,133
122,134
122,135
122,136
122,137
122,138
122,139
122,140
122,141
122,142
122,143
122,144
122,145
122,146
122,148
122,149
122,150
122,151
122,152
122,153
122,154
122,155
122,156
122,158
122,159
122,160
122,161
122,162
122,163
122,164
122,165
122,166
122,167
122,169
122,171
122,172
122,173
122,175
122,176
122,177
122,178
122,179
122,180
122,181
122,182
122,184
122,185
122,186
122,188
122,189
122,190
122,191
122,192
122,194
122,195
122,197
122,198
122,199
123,126
123,127
123,128
123,130
123,131
123,132
123,133
123,134
123,135
123,136
123,137
123,138
123,139
123,140
123,141
123,142
123,143
123,144
123,145
123,146
123,148
123,149
123,150
123,151
123,152
123,153
123,154
123,155
123,156
123,157
123,159
123,160
123,161
123,162
123,164
123,165
123,166
124,125
124,126
124,127
124,128
125,126
125,127
125,128
125,129
125,130
125,131
125,132
125,133
125,134
125,137
125,140
125,141
125,142
125,143
125,144
125,147
125,148
125,149
125,151
125,152
125,153
125,155
126,127
126,128
126,129
126,130
126,131
126,133
126,134
126,135
126,136
126,137
126,138
126,139
126,140
126,141
126,142
126,143
126,144
126,145
126,146
126,147
126,148
126,149
126,150
126,151
126,153
126,155
126,156
126,157
126,158
126,159
126,160
126,161
126,162
126,163
126,164
126,165
126,166
126,167
126,169
126,171
126,173
126,174
126,176
127,128
127,129
127,130
127,131
127,132
127,133
127,134
127,135
127,137
127,138
127,139
127,140
127,142
127,143
127,144
127,145
127,146
127,147
127,148
127,149
127,151
127,152
127,153
127,155
127,157
127,158
127,159
127,160
127,161
127,162
127,163
127,164
127,165
127,166
127,167
127,168
127,169
127,170
127,172
127,173
127,174
127,175
127,176
127,177
127,178
127,179
127,180
127,182
127,184
127,186
127,187
127,188
127,189
127,190
127,191
127,192
127,193
127,194
127,195
127,197
127,198
127,199
128,129
128,130
128,131
128,133
128,134
128,135
128,136
128,137
128,138
128,139
128,140
128,141
128,142
128,143
128,144
128,145
128,146
128,147
128,148
128,149
128,150
129,130
129,132
129,133
129,134
129,135
129,137
129,138
129,139
129,140
129,141
129,142
129,143
129,144
129,146
129,148
129,149
129,151
129,152
129,154
129,155
129,156
129,158
129,159
129,160
129,162
129,163
129,164
129,165
129,166
129,167
129,168
129,171
129,172
129,173
129,174
129,177
129,178
129,181
129,182
129,185
129,186
129,188
129,189
129,190
129,192
129,193
129,195
129,197
129,198
129,199
130,131
130,132
130,133
130,134
130,135
130,136
130,137
130,139
130,140
130,141
130,142
130,144
130,145
130,146
130,147
130,148
130,149
130,150
130,151
130,152
130,153
130,154
130,155
130,156
130,157
130,158
130,159
130,160
130,161
130,162
130,163
130,164
130,167
130,172
130,175
130,176
130,177
130,179
130,180
130,187
130,191
130,192
130,194
131,132
131,133
131,134
131,135
131,136
131,137
131,138
131,139
131,140
131,141
131,142
131,143
131,144
131,145
131,146
131,147
131,148
131,149
131,150
131,152
131,153
131,154
131,155
131,156
131,157
131,158
131,159
131,160
131,161
131,163
131,164
131,165
131,167
131,168
131,169
131,170
131,171
131,172
131,173
131,174
131,175
131,176
131,177
131,178
131,179
131,181
131,182
131,183
131,185
131,186
131,187
131,190
131,191
131,192
131,193
131,194
131,195
131,196
131,197
131,198
131,199
132,133
132,134
132,135
132,136
132,137
132,138
132,139
132,140
132,141
132,142
132,143
132,144
132,145
132,146
132,147
132,148
132,149
132,150
132,151
132,152
132,153
132,154
132,155
132,156
132,157
132,158
132,159
132,160
132,161
132,163
132,164
132,165
132,166
132,167
132,168
132,170
132,172
132,173
132,174
132,175
132,176
132,177
132,179
132,180
132,181
132,182
132,183
132,184
132,185
132,186
132,187
132,188
132,190
132,191
132,192
132,193
132,194
132,196
132,197
132,198
132,199
133,134
134,135
134,136
134,137
134,138
134,139
134,140
134,141
134,142
134,143
134,145
134,147
134,148
134,149
134,150
134,151
134,152
134,153
134,154
134,155
134,156
134,157
135,136
135,137
135,139
135,140
135,141
135,143
135,144
135,145
135,146
135,147
135,148
135,149
135,150
135,151
135,152
135,153
135,154
135,155
135,156
135,157
135,158
135,159
135,160
135,161
135,163
135,165
135,166
135,167
135,169
135,171
135,172
135,173
135,174
135,175
135,176
135,177
135,178
135,179
135,180
135,182
135,185
135,186
135,187
135,188
135,189
135,190
135,191
135,192
135,193
135,194
135,198
135,199
136,137
136,138
136,139
136,140
136,141
136,142
136,143
136,144
136,145
136,147
136,148
136,149
136,150
136,151
136,152
136,154
136,155
136,156
136,157
136,158
136,159
136,160
136,161
136,162
136,163
136,164
136,165
136,166
136,168
136,169
136,171
136,172
136,173
136,174
136,175
136,176
136,177
136,178
137,138
137,139
137,140
137,141
137,142
137,143
137,144
137,146
137,147
137,149
137,150
137,151
137,152
137,153
137,154
137,155
137,156
137,157
137,158
137,159
137,160
137,161
137,163
137,164
137,165
137,166
137,167
137,168
137,169
137,170
137,171
137,172
137,173
137,174
137,175
137,176
137,177
137,179
137,180
137,187
137,191
137,192
137,194
139,140
139,141
139,142
139,143
139,144
139,146
139,147
139,148
139,149
139,150
139,151
139,153
139,155
139,156
139,157
139,158
139,159
139,161
139,163
139,164
139,165
139,166
139,167
139,168
139,169
139,170
139,171
139,172
139,173
139,174
139,175
139,176
139,177
139,178
139,179
139,180
139,181
139,182
139,183
139,184
139,185
139,187
139,188
139,189
139,190
139,191
139,192
139,193
139,194
139,196
139,197
139,199
140,141
140,142
140,144
140,146
140,147
140,148
140,149
140,150
140,151
140,152
140,153
140,154
140,155
140,156
140,157
140,158
140,159
140,161
140,163
140,167
140,172
140,175
140,176
140,177
140,179
140,180
140,187
140,191
140,192
140,194
141,142
141,144
141,145
141,146
141,148
141,149
141,150
141,151
141,152
141,153
141,154
141,155
141,156
141,158
141,159
141,160
141,162
141,164
141,166
141,168
141,169
142,144
142,145
142,146
142,148
142,150
142,151
142,153
143,144
143,145
143,146
143,147
143,148
143,149
143,150
143,151
143,152
143,153
143,154
143,155
143,156
143,157
143,158
143,159
143,160
143,162
143,164
143,165
143,166
143,167
143,168
143,169
143,171
143,173
143,175
143,177
143,178
143,180
143,182
143,183
143,188
143,190
143,194
143,196
143,197
143,198
143,199
144,145
144,146
144,147
144,148
144,149
144,150
144,151
144,152
144,153
144,155
144,156
144,157
144,158
144,159
144,161
144,163
144,164
144,165
144,166
144,167
144,168
144,169
144,171
144,172
144,173
144,176
144,177
144,178
144,179
144,180
144,181
144,182
144,183
144,184
144,185
144,188
144,189
144,190
144,191
144,193
144,194
144,195
144,196
144,198
144,199
145,146
145,147
145,148
145,149
145,150
145,151
145,152
145,153
145,154
145,155
145,158
145,159
145,160
145,161
145,163
145,164
145,165
145,166
145,167
145,168
145,169
145,170
145,171
145,172
145,173
145,174
145,175
145,176
145,177
145,178
145,180
145,182
145,183
145,184
145,185
146,147
146,148
146,150
146,151
146,152
146,153
146,154
146,155
146,156
146,157
146,158
146,159
146,160
146,161
146,162
147,148
147,149
147,150
147,153
147,154
147,155
147,156
147,157
147,158
147,159
147,160
147,161
147,163
147,164
147,166
147,167
147,168
147,172
147,175
147,176
147,177
147,179
147,180
147,187
147,191
147,192
147,194
148,149
148,150
148,151
148,152
148,153
148,154
148,157
148,158
148,159
148,160
148,161
148,162
148,163
148,164
148,165
148,166
148,168
148,169
148,170
148,171
148,172
148,173
148,174
148,175
148,176
148,177
148,178
148,179
148,182
148,186
148,187
148,188
148,189
148,190
148,191
148,193
148,195
148,196
148,197
148,198
148,199
149,150
149,151
149,152
149,153
149,154
149,155
149,156
149,157
149,158
149,159
149,160
149,161
149,162
149,163
149,164
149,165
149,167
149,170
149,172
149,173
149,174
149,175
149,176
149,177
149,178
149,179
149,180
149,181
149,182
149,183
149,184
149,185
149,186
149,187
149,191
149,192
149,194
150,152
150,153
150,154
150,155
150,156
150,157
150,159
150,160
150,161
150,162
150,163
150,164
150,165
150,167
150,168
150,169
150,170
150,172
150,173
150,174
150,175
150,176
150,177
150,178
150,179
150,181
150,182
150,183
150,184
150,185
150,186
150,187
150,188
150,190
150,191
150,192
150,193
150,194
150,196
150,197
150,198
150,199
151,152
151,153
151,154
151,155
151,156
151,157
151,158
151,159
151,160
151,161
151,162
151,163
152,153
152,154
152,155
152,156
152,158
152,159
152,160
152,161
152,162
152,163
152,164
152,165
152,166
152,167
152,168
152,169
152,170
152,171
153,155
153,156
153,158
153,159
153,160
153,161
153,162
153,163
153,164
153,165
153,166
153,167
153,169
154,155
154,156
154,157
154,158
154,159
154,160
154,161
154,162
154,163
154,164
154,165
154,166
154,167
154,168
154,170
154,171
154,172
154,176
154,177
154,178
154,179
154,181
154,182
154,183
154,185
154,186
154,187
155,156
155,157
155,158
155,159
155,161
155,162
155,163
155,165
155,166
155,167
155,168
155,169
155,170
155,171
155,172
155,174
155,175
155,176
155,177
155,179
155,180
155,181
155,182
155,183
155,184
155,186
155,187
155,189
155,191
155,192
155,193
155,194
155,196
155,197
155,199
156,157
156,158
156,160
156,162
156,163
156,164
156,167
156,169
156,170
156,171
156,172
156,173
156,174
156,176
156,177
156,178
156,179
156,180
156,181
156,182
156,183
156,184
156,185
156,186
156,187
156,189
156,190
156,191
156,193
156,195
156,196
156,197
156,198
157,158
157,159
157,160
157,161
157,162
157,163
157,165
157,166
157,167
157,168
157,169
157,170
157,172
157,173
157,175
157,176
157,177
157,178
157,179
157,180
157,181
157,182
157,183
157,184
157,185
157,186
157,187
157,188
157,189
157,190
157,191
157,192
157,194
157,195
157,196
158,159
158,160
158,161
158,162
158,163
158,164
158,165
158,166
158,167
158,168
158,169
158,170
158,171
158,172
158,173
158,174
158,175
158,176
158,177
158,179
158,180
158,181
158,182
158,183
158,184
158,185
158,186
158,187
158,188
158,189
158,190
158,191
158,192
158,193
158,194
158,195
158,196
158,197
158,198
159,160
159,161
159,162
159,163
159,165
159,166
159,167
159,168
159,169
159,172
159,173
159,175
159,176
159,177
159,179
159,180
159,187
159,191
159,192
159,194
160,161
160,162
160,163
160,164
160,165
160,166
160,168
160,169
160,170
160,171
160,173
160,174
160,175
160,176
160,177
160,178
160,179
160,180
160,181
160,182
160,183
160,184
160,185
160,186
160,187
160,188
160,189
160,190
160,191
160,193
160,195
160,196
160,198
160,199
161,162
161,163
161,164
161,165
161,166
161,167
161,168
161,169
161,170
161,171
161,172
161,173
161,174
161,175
161,176
161,177
161,178
161,179
161,180
161,181
161,182
161,183
161,184
161,185
161,186
161,187
161,190
161,191
161,192
161,193
161,194
161,195
161,196
161,198
161,199
162,163
162,164
162,165
162,166
162,167
162,168
162,169
162,170
162,171
162,172
162,173
162,174
162,175
162,176
162,177
162,179
162,180
162,183
162,184
162,185
162,186
162,187
162,188
162,189
162,190
162,191
162,195
163,164
163,165
163,167
163,168
163,169
163,170
163,171
163,172
163,173
163,174
163,175
163,176
163,177
163,179
163,180
163,182
163,184
163,186
163,187
163,188
163,189
163,190
163,191
163,192
163,193
163,194
163,195
163,196
163,198
163,199
164,165
164,166
164,167
164,168
164,170
164,171
164,172
164,173
164,175
164,176
164,177
164,178
164,179
164,180
164,181
164,182
165,166
165,168
165,169
165,170
165,172
165,173
165,174
165,175
165,176
165,178
165,179
165,180
165,181
165,184
165,185
165,186
165,188
165,189
165,190
165,193
165,194
165,195
165,196
165,198
165,199
166,167
166,168
166,169
166,170
166,171
166,172
166,173
166,174
166,175
166,176
166,177
166,178
166,179
166,180
166,181
166,182
166,184
166,185
166,186
166,187
166,188
166,189
166,190
166,191
166,192
166,193
166,194
166,195
166,196
166,198
166,199
167,168
167,169
167,170
167,172
167,173
167,174
167,175
167,176
167,177
167,178
167,179
167,180
167,181
167,182
167,183
167,184
167,185
167,186
167,187
167,188
167,190
167,191
167,192
167,193
167,194
167,196
167,198
167,199
168,169
168,170
168,172
168,173
168,174
168,176
168,177
168,179
168,180
168,181
168,182
168,183
168,184
168,185
168,186
168,187
168,188
169,170
169,171
169,172
169,173
169,174
170,171
170,172
170,173
170,174
170,175
170,176
170,177
170,179
170,180
170,181
170,182
170,183
170,187
170,189
170,190
170,193
170,194
170,195
170,196
170,197
170,198
171,172
171,174
171,176
171,177
171,179
172,173
172,174
172,175
172,176
172,177
172,178
172,179
172,180
172,181
172,182
172,183
172,184
172,185
172,187
172,188
172,189
172,190
172,191
172,192
172,194
173,175
173,176
173,177
173,178
173,179
173,180
173,181
173,182
173,183
173,184
173,185
173,187
173,188
173,190
173,191
173,192
173,194
173,195
173,196
173,198
173,199
174,175
174,176
174,177
174,178
175,176
175,177
175,179
175,180
175,182
175,184
175,185
175,186
175,187
175,188
175,189
175,190
175,191
175,192
175,193
175,194
175,195
175,196
175,197
175,198
175,199
176,177
176,178
176,179
176,180
176,181
176,182
176,183
176,184
176,185
176,186
176,187
176,188
176,189
176,190
176,191
176,192
176,193
176,194
176,195
176,197
176,198
176,199
177,179
177,180
177,181
177,182
177,183
177,184
177,185
177,186
177,187
177,188
177,189
177,191
177,192
177,193
177,194
177,196
177,197
178,179
178,180
178,181
178,183
178,185
178,186
178,187
178,188
178,189
178,190
178,191
178,193
178,195
178,196
178,197
178,198
178,199
179,180
179,181
179,182
179,183
179,185
179,187
179,188
179,189
179,190
179,191
179,192
179,193
179,194
179,195
179,196
179,197
179,198
179,199
180,182
180,183
180,184
180,185
180,186
180,187
180,189
180,190
180,191
180,192
180,193
180,194
180,195
180,196
180,197
180,198
180,199
181,182
181,183
181,184
181,185
181,186
181,187
181,188
181,189
181,190
181,191
181,193
181,194
182,183
182,184
182,185
182,187
182,188
182,189
182,190
182,191
182,192
182,193
182,194
182,196
182,197
182,198
182,199
183,184
183,185
183,186
183,187
183,188
183,189
183,190
183,192
183,193
183,194
183,195
183,197
183,198
183,199
184,185
184,187
184,188
184,189
184,190
184,191
184,192
184,193
184,194
184,195
184,196
184,197
184,198
184,199
185,186
185,187
185,188
185,190
185,191
185,192
185,193
185,194
185,195
185,196
185,197
185,198
185,199
186,188
186,189
186,190
186,191
186,192
186,193
186,194
186,195
186,196
186,197
186,198
186,199
187,188
187,189
187,191
187,192
187,193
187,194
187,195
187,196
187,198
187,199
188,189
188,190
188,191
188,192
188,193
188,194
188,195
188,196
188,197
188,198
188,199
189,190
189,191
189,192
189,193
189,194
189,196
189,197
189,198
189,199
190,191
190,192
190,193
190,194
190,195
190,197
190,198
190,199
191,192
191,194
192,193
192,194
192,195
192,196
192,197
192,198
192,199
193,194
193,195
193,196
193,198
193,199
194,195
194,196
194,198
194,199
195,196
195,197
195,198
195,199
196,197
196,198
196,199
197,198
197,199
198,199
