0,1
0,2
0,3
0,4
0,5
0,6
0,7
0,8
0,9
0,10
0,11
0,12
0,13
0,14
0,15
0,16
0,17
0,18
0,19
0,20
0,21
0,22
0,23
0,24
0,25
0,26
0,27
0,28
0,29
0,30
0,31
0,32
0,33
0,34
0,35
0,36
0,37
0,38
0,39
0,40
0,41
0,42
0,43
0,44
0,45
0,46
0,47
0,48
0,49
0,50
1,2
1,3
1,4
1,5
1,6
1,7
1,8
1,9
1,10
1,11
1,12
1,13
1,14
1,15
1,16
1,17
1,18
1,19
1,20
1,21
1,22
1,23
1,24
1,25
1,26
1,27
1,28
1,29
1,30
1,31
1,32
1,33
1,34
1,35
1,36
1,37
1,38
1,39
1,40
1,41
1,42
1,43
1,44
1,45
1,46
1,47
1,48
1,49
1,50
2,3
2,4
2,5
2,6
2,7
2,8
2,9
2,10
2,11
2,12
2,13
2,14
2,15
2,16
2,17
2,18
2,19
2,20
2,21
2,22
2,23
2,24
2,25
2,26
2,27
2,28
2,29
2,30
2,31
2,32
2,33
2,34
2,35
2,36
2,37
2,38
2,39
2,40
2,41
2,42
2,43
2,44
2,45
2,46
2,47
2,48
2,49
2,50
2,52
2,57
2,65
2,68
2,77
2,78
2,81
2,87
2,92
2,102
2,105
2,107
2,109
2,130
2,131
2,133
2,141
2,143
2,147
2,148
2,152
2,154
2,156
2,157
2,163
2,169
2,171
2,172
2,176
2,177
2,178
2,179
2,182
2,184
2,188
2,189
2,192
2,194
2,195
3,4
3,5
3,6
3,7
3,8
3,9
3,10
3,11
3,12
3,13
3,14
3,15
3,16
3,17
3,18
3,19
3,20
3,21
3,22
3,23
3,24
3,25
3,26
3,27
3,28
3,29
3,30
3,31
3,32
3,33
3,34
3,35
3,36
3,37
3,38
3,39
3,40
3,41
3,42
3,43
3,44
3,45
3,46
3,47
3,48
3,49
3,50
4,5
4,6
4,7
4,8
4,9
4,10
4,11
4,12
4,13
4,14
4,15
4,16
4,17
4,18
4,19
4,20
4,21
4,22
4,23
4,24
4,25
4,26
4,27
4,28
4,29
4,30
4,31
4,32
4,33
4,34
4,35
4,36
4,37
4,38
4,39
4,40
4,41
4,42
4,43
4,44
4,45
4,46
4,47
4,48
4,49
4,50
4,52
4,57
4,65
4,68
4,77
4,78
4,81
4,87
4,92
4,102
4,105
4,107
4,109
4,130
4,131
4,133
4,141
4,143
4,147
4,148
4,152
4,154
4,156
4,157
4,163
4,169
4,171
4,172
4,176
4,177
4,178
4,179
4,182
4,184
4,188
4,189
4,192
4,194
4,195
5,6
5,7
5,8
5,9
5,10
5,11
5,12
5,13
5,14
5,15
5,16
5,17
5,18
5,19
5,20
5,21
5,22
5,23
5,24
5,25
5,26
5,27
5,28
5,29
5,30
5,31
5,32
5,33
5,34
5,35
5,36
5,37
5,38
5,39
5,40
5,41
5,42
5,43
5,44
5,45
5,46
5,47
5,48
5,49
5,50
5,52
5,57
5,65
5,68
5,77
5,78
5,81
5,87
5,92
5,102
5,105
5,107
5,109
5,130
5,131
5,133
5,141
5,143
5,147
5,148
5,152
5,154
5,156
5,157
5,163
5,169
5,171
5,172
5,176
5,177
5,178
5,179
5,182
5,184
5,188
5,189
5,192
5,194
5,195
6,7
6,8
6,9
6,10
6,11
6,12
6,13
6,14
6,15
6,16
6,17
6,18
6,19
6,20
6,21
6,22
6,23
6,24
6,25
6,26
6,27
6,28
6,29
6,30
6,31
6,32
6,33
6,34
6,35
6,36
6,37
6,38
6,39
6,40
6,41
6,42
6,43
6,44
6,45
6,46
6,47
6,48
6,49
6,50
6,52
6,57
6,65
6,68
6,77
6,78
6,81
6,83
6,85
6,87
6,92
6,99
6,102
6,105
6,107
6,109
6,130
6,131
6,133
6,141
6,143
6,147
6,148
6,152
6,154
6,156
6,157
6,163
6,169
6,171
6,172
6,176
6,177
6,178
6,179
6,182
6,184
6,188
6,189
6,192
6,194
6,195
7,8
7,9
7,10
7,11
7,12
7,13
7,14
7,15
7,16
7,17
7,18
7,19
7,20
7,21
7,22
7,23
7,24
7,25
7,26
7,27
7,28
7,29
7,30
7,31
7,32
7,33
7,34
7,35
7,36
7,37
7,38
7,39
7,40
7,41
7,42
7,43
7,44
7,45
7,46
7,47
7,48
7,49
7,50
7,82
7,83
7,84
7,85
7,90
7,99
7,102
8,9
8,10
8,11
8,12
8,13
8,14
8,15
8,16
8,17
8,18
8,19
8,20
8,21
8,22
8,23
8,24
8,25
8,26
8,27
8,28
8,29
8,30
8,31
8,32
8,33
8,34
8,35
8,36
8,37
8,38
8,39
8,40
8,41
8,42
8,43
8,44
8,45
8,46
8,47
8,48
8,49
8,50
8,74
8,75
8,79
8,80
8,82
8,83
8,84
8,85
8,86
8,87
8,91
8,99
8,101
8,102
8,105
9,10
9,11
9,12
9,13
9,14
9,15
9,16
9,17
9,18
9,19
9,20
9,21
9,22
9,23
9,24
9,25
9,26
9,27
9,28
9,29
9,30
9,31
9,32
9,33
9,34
9,35
9,36
9,37
9,38
9,39
9,40
9,41
9,42
9,43
9,44
9,45
9,46
9,47
9,48
9,49
9,50
9,74
9,77
9,79
9,80
9,82
9,85
9,87
9,88
9,90
9,91
9,95
9,97
9,98
10,11
10,12
10,13
10,14
10,15
10,16
10,17
10,18
10,19
10,20
10,21
10,22
10,23
10,24
10,25
10,26
10,27
10,28
10,29
10,30
10,31
10,32
10,33
10,34
10,35
10,36
10,37
10,38
10,39
10,40
10,41
10,42
10,43
10,44
10,45
10,46
10,47
10,48
10,49
10,50
10,52
10,57
10,65
10,68
10,72
10,74
10,75
10,76
10,77
10,78
10,81
10,82
10,83
10,84
10,85
10,86
10,87
10,90
10,91
10,92
10,95
10,96
10,97
10,98
10,101
10,102
10,105
10,107
10,108
10,109
10,113
10,120
10,126
10,129
10,130
10,131
10,133
10,135
10,138
10,141
10,142
10,143
10,146
10,147
10,148
10,152
10,154
10,156
10,157
10,159
10,160
10,163
10,166
10,167
10,168
10,169
10,171
10,172
10,176
10,177
10,178
10,179
10,182
10,184
10,188
10,189
10,192
10,194
10,195
11,12
11,13
11,14
11,15
11,16
11,17
11,18
11,19
11,20
11,21
11,22
11,23
11,24
11,25
11,26
11,27
11,28
11,29
11,30
11,31
11,32
11,33
11,34
11,35
11,36
11,37
11,38
11,39
11,40
11,41
11,42
11,43
11,44
11,45
11,46
11,47
11,48
11,49
11,50
11,52
11,57
11,65
11,68
11,69
11,70
11,71
11,72
11,74
11,75
11,76
11,77
11,78
11,80
11,81
11,82
11,83
11,84
11,86
11,87
11,88
11,89
11,90
11,91
11,92
11,94
11,95
11,96
11,97
11,99
11,101
11,102
11,105
11,107
11,108
11,109
11,110
11,113
11,118
11,122
11,125
11,126
11,130
11,131
11,133
11,135
11,138
11,141
11,142
11,143
11,145
11,146
11,147
11,148
11,152
11,153
11,154
11,155
11,156
11,157
11,158
11,159
11,160
11,162
11,163
11,164
11,165
11,166
11,167
11,169
11,171
11,172
11,173
11,176
11,177
11,178
11,179
11,182
11,183
11,184
11,185
11,186
11,188
11,189
11,192
11,194
11,195
12,13
12,14
12,15
12,16
12,17
12,18
12,19
12,20
12,21
12,22
12,23
12,24
12,25
12,26
12,27
12,28
12,29
12,30
12,31
12,32
12,33
12,34
12,35
12,36
12,37
12,38
12,39
12,40
12,41
12,42
12,43
12,44
12,45
12,46
12,47
12,48
12,49
12,50
12,52
12,57
12,65
12,68
12,77
12,78
12,81
12,87
12,92
12,102
12,105
12,107
12,109
12,130
12,131
12,133
12,141
12,143
12,147
12,148
12,152
12,154
12,156
12,157
12,163
12,169
12,171
12,172
12,176
12,177
12,178
12,179
12,182
12,184
12,188
12,189
12,192
12,194
12,195
13,14
13,15
13,16
13,17
13,18
13,19
13,20
13,21
13,22
13,23
13,24
13,25
13,26
13,27
13,28
13,29
13,30
13,31
13,32
13,33
13,34
13,35
13,36
13,37
13,38
13,39
13,40
13,41
13,42
13,43
13,44
13,45
13,46
13,47
13,48
13,49
13,50
13,63
13,64
13,66
13,67
13,71
13,72
13,73
13,74
13,75
13,80
13,82
13,83
13,85
13,86
13,87
13,88
13,90
13,91
13,95
13,96
13,97
13,98
13,99
13,102
13,111
13,115
13,117
13,118
13,120
13,122
13,123
13,125
13,126
13,134
13,135
13,138
13,140
14,15
14,16
14,17
14,18
14,19
14,20
14,21
14,22
14,23
14,24
14,25
14,26
14,27
14,28
14,29
14,30
14,31
14,32
14,33
14,34
14,35
14,36
14,37
14,38
14,39
14,40
14,41
14,42
14,43
14,44
14,45
14,46
14,47
14,48
14,49
14,50
15,16
15,17
15,18
15,19
15,20
15,21
15,22
15,23
15,24
15,25
15,26
15,27
15,28
15,29
15,30
15,31
15,32
15,33
15,34
15,35
15,36
15,37
15,38
15,39
15,40
15,41
15,42
15,43
15,44
15,45
15,46
15,47
15,48
15,49
15,50
15,52
15,57
15,65
15,68
15,77
15,78
15,81
15,87
15,92
15,102
15,105
15,107
15,109
15,130
15,131
15,133
15,141
15,143
15,147
15,148
15,152
15,154
15,156
15,157
15,163
15,169
15,171
15,172
15,176
15,177
15,178
15,179
15,182
15,184
15,188
15,189
15,192
15,194
15,195
16,17
16,18
16,19
16,20
16,21
16,22
16,23
16,24
16,25
16,26
16,27
16,28
16,29
16,30
16,31
16,32
16,33
16,34
16,35
16,36
16,37
16,38
16,39
16,40
16,41
16,42
16,43
16,44
16,45
16,46
16,47
16,48
16,49
16,50
17,18
17,19
17,20
17,21
17,22
17,23
17,24
17,25
17,26
17,27
17,28
17,29
17,30
17,31
17,32
17,33
17,34
17,35
17,36
17,37
17,38
17,39
17,40
17,41
17,42
17,43
17,44
17,45
17,46
17,47
17,48
17,49
17,50
17,81
17,84
17,87
17,91
17,105
17,108
17,111
17,113
17,117
18,19
18,20
18,21
18,22
18,23
18,24
18,25
18,26
18,27
18,28
18,29
18,30
18,31
18,32
18,33
18,34
18,35
18,36
18,37
18,38
18,39
18,40
18,41
18,42
18,43
18,44
18,45
18,46
18,47
18,48
18,49
18,50
19,20
19,21
19,22
19,23
19,24
19,25
19,26
19,27
19,28
19,29
19,30
19,31
19,32
19,33
19,34
19,35
19,36
19,37
19,38
19,39
19,40
19,41
19,42
19,43
19,44
19,45
19,46
19,47
19,48
19,49
19,50
20,21
20,22
20,23
20,24
20,25
20,26
20,27
20,28
20,29
20,30
20,31
20,32
20,33
20,34
20,35
20,36
20,37
20,38
20,39
20,40
20,41
20,42
20,43
20,44
20,45
20,46
20,47
20,48
20,49
20,50
20,52
20,57
20,65
20,68
20,77
20,78
20,81
20,84
20,85
20,86
20,87
20,88
20,89
20,91
20,92
20,96
20,97
20,98
20,99
20,102
20,105
20,107
20,109
20,130
20,131
20,133
20,141
20,143
20,147
20,148
20,152
20,154
20,156
20,157
20,163
20,169
20,171
20,172
20,176
20,177
20,178
20,179
20,182
20,184
20,188
20,189
20,192
20,194
20,195
21,22
21,23
21,24
21,25
21,26
21,27
21,28
21,29
21,30
21,31
21,32
21,33
21,34
21,35
21,36
21,37
21,38
21,39
21,40
21,41
21,42
21,43
21,44
21,45
21,46
21,47
21,48
21,49
21,50
21,64
21,67
21,70
21,71
21,72
21,74
21,75
21,76
21,77
21,80
21,81
21,82
21,83
21,84
21,85
21,86
21,88
21,89
21,90
21,91
21,92
21,93
21,94
21,95
21,96
21,97
21,99
21,103
21,110
21,111
21,113
21,114
21,115
21,116
21,117
21,120
21,121
21,122
21,124
21,135
21,136
21,146
21,151
21,154
21,159
21,160
21,162
21,164
21,167
21,168
21,173
22,23
22,24
22,25
22,26
22,27
22,28
22,29
22,30
22,31
22,32
22,33
22,34
22,35
22,36
22,37
22,38
22,39
22,40
22,41
22,42
22,43
22,44
22,45
22,46
22,47
22,48
22,49
22,50
22,66
22,67
22,68
22,69
22,70
22,71
22,72
22,74
22,75
22,76
22,77
22,79
22,80
22,81
22,82
22,83
22,84
22,85
23,24
23,25
23,26
23,27
23,28
23,29
23,30
23,31
23,32
23,33
23,34
23,35
23,36
23,37
23,38
23,39
23,40
23,41
23,42
23,43
23,44
23,45
23,46
23,47
23,48
23,49
23,50
23,66
23,67
23,68
23,69
23,70
23,71
23,72
23,73
23,74
23,75
23,76
23,77
23,79
23,80
23,81
23,83
23,84
23,85
23,86
23,87
23,88
23,89
23,90
23,91
23,92
23,94
23,95
23,97
23,98
23,101
23,102
23,103
24,25
24,26
24,27
24,28
24,29
24,30
24,31
24,32
24,33
24,34
24,35
24,36
24,37
24,38
24,39
24,40
24,41
24,42
24,43
24,44
24,45
24,46
24,47
24,48
24,49
25,26
25,27
25,28
25,29
25,30
25,31
25,32
25,33
25,34
25,35
25,36
25,37
25,38
25,39
25,40
25,41
25,42
25,43
25,44
25,45
25,46
25,47
25,48
25,49
25,50
26,27
26,28
26,29
26,30
26,31
26,32
26,33
26,34
26,35
26,36
26,37
26,38
26,39
26,40
26,41
26,42
26,43
26,44
26,45
26,46
26,47
26,48
26,49
26,50
26,83
26,84
26,85
26,86
26,87
26,90
26,92
26,93
26,95
26,96
26,98
26,101
26,111
26,112
26,113
26,115
26,117
26,119
26,120
26,122
26,123
26,125
26,126
26,131
26,132
26,133
26,134
26,135
27,28
27,29
27,30
27,31
27,32
27,33
27,34
27,35
27,36
27,37
27,38
27,39
27,40
27,41
27,42
27,43
27,44
27,45
27,46
27,47
27,48
27,49
27,50
27,64
27,65
27,66
27,67
27,68
27,70
27,72
27,73
27,74
27,75
27,76
27,79
27,80
27,82
27,83
27,85
27,86
27,87
27,88
27,89
27,91
27,93
27,94
27,95
27,96
27,98
27,100
27,102
27,103
27,111
27,112
27,113
27,114
27,115
27,116
27,117
27,119
27,121
27,122
27,123
27,124
27,125
27,128
27,129
27,131
27,132
27,133
27,134
27,135
27,137
27,142
27,145
27,146
27,151
27,155
27,159
27,160
27,164
27,165
27,167
27,168
27,173
27,174
27,175
27,186
28,29
28,30
28,31
28,32
28,33
28,34
28,35
28,36
28,37
28,38
28,39
28,40
28,41
28,42
28,43
28,44
28,45
28,46
28,47
28,48
28,49
28,50
28,52
28,57
28,65
28,67
28,68
28,70
28,71
28,73
28,74
28,75
28,76
28,77
28,78
28,79
28,80
28,81
28,83
28,84
28,85
28,87
28,88
28,89
28,90
28,91
28,92
28,93
28,95
28,96
28,97
28,98
28,99
28,102
28,103
28,105
28,107
28,109
28,110
28,111
28,112
28,113
28,114
28,115
28,116
28,119
28,120
28,121
28,122
28,123
28,124
28,125
28,126
28,127
28,128
28,129
28,130
28,131
28,132
28,133
28,135
28,136
28,137
28,138
28,141
28,143
28,147
28,148
28,152
28,154
28,156
28,157
28,163
28,169
28,171
28,172
28,176
28,177
28,178
28,179
28,182
28,184
28,188
28,189
28,192
28,194
28,195
29,30
29,31
29,32
29,33
29,34
29,35
29,36
29,37
29,38
29,39
29,40
29,41
29,42
29,43
29,44
29,45
29,46
29,47
29,48
29,49
29,50
30,31
30,32
30,33
30,34
30,35
30,36
30,37
30,38
30,39
30,40
30,41
30,42
30,43
30,44
30,45
30,46
30,47
30,48
30,49
30,50
31,32
31,33
31,34
31,35
31,36
31,37
31,38
31,39
31,40
31,41
31,42
31,43
31,44
31,45
31,46
31,47
31,48
31,49
31,50
32,33
32,34
32,35
32,36
32,37
32,38
32,39
32,40
32,41
32,42
32,43
32,44
32,45
32,46
32,47
32,48
32,49
32,50
32,99
32,100
32,103
32,104
32,105
32,112
33,34
33,35
33,36
33,37
33,38
33,39
33,40
33,41
33,42
33,43
33,44
33,45
33,46
33,47
33,48
33,49
33,50
34,35
34,36
34,37
34,38
34,39
34,40
34,41
34,42
34,43
34,44
34,45
34,46
34,47
34,48
34,49
34,50
35,36
35,37
35,38
35,39
35,40
35,41
35,42
35,43
35,44
35,45
35,46
35,47
35,48
35,49
35,50
36,37
36,38
36,39
36,40
36,41
36,42
36,43
36,44
36,45
36,46
36,47
36,48
36,49
36,50
37,38
37,39
37,40
37,41
37,42
37,43
37,44
37,45
37,46
37,47
37,48
37,49
37,50
37,77
37,80
37,81
37,83
37,86
37,88
37,92
38,39
38,40
38,41
38,42
38,43
38,44
38,45
38,46
38,47
38,48
38,49
38,50
38,62
38,63
38,64
38,65
38,68
38,69
38,70
38,71
38,72
38,73
38,74
38,75
38,76
38,77
39,40
39,41
39,42
39,43
39,44
39,45
39,46
39,47
39,48
39,49
39,50
39,63
39,64
39,65
39,66
39,67
40,41
40,42
40,43
40,44
40,45
40,46
40,47
40,48
40,49
40,50
40,65
40,66
40,67
40,68
40,69
40,70
40,73
40,74
40,77
40,80
40,81
40,83
40,87
40,88
40,89
40,90
40,91
40,98
40,99
40,100
40,101
40,103
40,104
40,105
40,110
40,111
40,116
40,118
40,120
40,121
40,125
41,42
41,43
41,44
41,45
41,46
41,47
41,48
41,49
41,50
41,64
41,65
41,67
41,68
41,69
41,70
41,71
41,72
41,73
41,74
41,75
41,76
41,77
41,78
41,79
41,80
41,81
41,82
41,83
41,85
41,86
42,43
42,44
42,45
42,46
42,47
42,48
42,49
42,50
42,67
42,68
42,70
42,71
42,72
42,73
42,74
42,75
42,76
42,77
42,78
42,79
43,44
43,45
43,46
43,47
43,48
43,49
43,50
43,52
43,57
43,65
43,68
43,77
43,78
43,81
43,87
43,92
43,102
43,105
43,107
43,109
43,130
43,131
43,133
43,141
43,143
43,147
43,148
43,152
43,154
43,156
43,157
43,163
43,169
43,171
43,172
43,176
43,177
43,178
43,179
43,182
43,184
43,188
43,189
43,192
43,194
43,195
44,45
44,46
44,47
44,48
44,49
44,50
44,69
44,70
44,71
44,73
44,74
44,76
44,77
44,78
45,46
45,47
45,48
45,49
45,50
45,63
45,65
45,66
45,67
45,68
45,69
45,70
45,71
45,72
45,74
45,76
45,78
45,79
45,80
45,82
45,84
45,86
45,88
46,47
46,48
46,49
46,50
46,66
46,67
46,68
46,69
46,70
46,71
46,72
46,73
46,74
46,75
46,76
46,77
46,80
46,81
46,82
46,83
46,84
46,85
46,86
46,87
46,88
46,89
46,90
46,91
46,92
46,95
46,96
46,99
46,103
46,104
46,105
46,108
46,111
47,48
47,49
47,50
47,64
47,65
47,66
47,67
47,68
47,70
48,49
48,50
48,59
48,60
48,62
48,63
48,64
48,66
48,67
48,68
48,69
48,70
48,71
48,72
48,75
48,76
48,77
48,79
48,80
48,81
48,82
48,83
48,84
48,85
48,86
48,87
48,89
48,90
48,95
48,96
48,98
48,99
48,100
48,101
48,103
48,105
48,107
48,108
48,109
48,113
48,115
48,117
48,118
48,119
48,120
48,122
48,125
48,127
48,128
48,133
48,137
48,138
48,155
48,188
49,50
49,67
49,68
50,52
50,57
50,65
50,68
50,77
50,78
50,81
50,87
50,92
50,102
50,105
50,107
50,109
50,130
50,131
50,133
50,141
50,143
50,147
50,148
50,152
50,154
50,156
50,157
50,163
50,169
50,171
50,172
50,176
50,177
50,178
50,179
50,182
50,184
50,188
50,189
50,192
50,194
50,195
51,70
51,72
51,73
51,74
51,75
51,76
51,81
51,82
51,83
52,57
52,63
52,65
52,67
52,68
52,69
52,70
52,71
52,77
52,78
52,81
52,87
52,92
52,102
52,105
52,107
52,109
52,130
52,131
52,133
52,141
52,143
52,147
52,148
52,152
52,154
52,156
52,157
52,163
52,169
52,171
52,172
52,176
52,177
52,178
52,179
52,182
52,184
52,188
52,189
52,192
52,194
52,195
53,60
53,62
53,63
53,64
53,65
53,66
53,67
53,68
53,69
53,70
53,71
53,73
53,74
53,75
53,77
53,78
53,79
53,80
53,81
53,82
53,83
53,85
53,86
53,87
53,88
53,89
53,91
54,59
54,61
54,62
54,63
54,65
54,66
54,67
54,68
54,69
54,70
54,72
54,73
55,56
55,57
55,58
55,60
55,61
55,62
55,63
55,64
55,66
55,67
55,68
55,69
55,70
55,71
55,72
55,73
55,75
56,57
56,58
56,59
56,60
56,61
56,62
56,63
56,64
56,65
56,66
56,67
56,68
56,69
56,70
56,71
56,72
56,73
56,75
56,77
56,78
56,79
56,82
57,58
57,59
57,60
57,61
57,62
57,63
57,64
57,65
57,66
57,67
57,68
57,69
57,71
57,72
57,73
57,74
57,75
57,76
57,77
57,78
57,80
57,81
57,82
57,83
57,84
57,85
57,86
57,87
57,89
57,92
57,95
57,99
57,101
57,102
57,104
57,105
57,107
57,109
57,110
57,111
57,115
57,117
57,128
57,129
57,130
57,131
57,133
57,138
57,141
57,143
57,147
57,148
57,152
57,154
57,156
57,157
57,163
57,169
57,171
57,172
57,176
57,177
57,178
57,179
57,182
57,184
57,188
57,189
57,192
57,194
57,195
58,59
59,60
59,61
59,62
60,61
60,62
60,64
60,65
60,66
60,67
60,68
61,62
61,63
61,64
61,65
61,66
62,63
62,65
62,66
62,67
62,68
62,69
62,70
62,71
62,72
62,73
62,75
62,76
62,77
62,78
62,79
62,80
62,81
62,82
62,83
62,84
62,85
62,86
62,88
62,89
62,90
62,95
62,96
62,99
62,101
62,103
62,104
62,105
62,109
62,111
62,115
62,117
62,118
62,122
62,124
62,125
62,129
62,135
62,137
62,138
62,140
62,151
62,153
62,155
62,158
62,188
64,65
64,66
64,69
64,70
64,71
64,72
64,75
64,76
64,79
64,80
64,81
64,82
64,84
65,66
65,67
65,68
65,69
65,70
65,71
65,72
65,73
65,74
65,75
65,76
65,77
65,78
65,80
65,81
65,82
65,84
65,85
65,86
65,87
65,88
65,89
65,91
65,92
65,96
65,97
65,98
65,99
65,100
65,102
65,105
65,107
65,109
65,130
65,131
65,133
65,141
65,143
65,147
65,148
65,152
65,154
65,156
65,157
65,163
65,169
65,171
65,172
65,176
65,177
65,178
65,179
65,182
65,184
65,188
65,189
65,192
65,194
65,195
66,67
66,68
66,69
66,70
66,71
66,72
66,73
66,74
66,75
66,76
66,77
66,79
66,80
66,81
66,82
66,83
66,84
66,85
66,86
66,87
66,90
66,91
66,93
66,94
67,69
67,70
67,71
67,73
67,74
67,75
67,77
67,78
67,79
67,80
67,81
67,82
67,83
67,84
67,85
67,86
67,87
67,88
67,89
67,90
67,91
67,92
67,93
67,94
68,69
68,71
68,72
68,73
68,74
68,75
68,77
68,78
68,80
68,81
68,83
68,84
68,85
68,86
68,87
68,88
68,90
68,91
68,92
68,93
68,94
68,95
68,96
68,97
68,99
68,100
68,101
68,102
68,103
68,105
68,106
68,107
68,108
68,109
68,113
68,115
68,118
68,120
68,128
68,129
68,130
68,131
68,133
68,135
68,138
68,140
68,141
68,142
68,143
68,147
68,148
68,151
68,152
68,153
68,154
68,156
68,157
68,163
68,168
68,169
68,171
68,172
68,176
68,177
68,178
68,179
68,182
68,184
68,188
68,189
68,192
68,194
68,195
69,70
69,71
69,74
69,75
69,76
69,78
69,79
69,80
69,81
69,82
69,83
69,84
69,85
69,86
69,87
69,88
69,89
69,90
69,91
69,92
69,93
69,94
69,95
69,96
69,97
69,99
69,100
69,101
69,103
69,104
69,106
69,107
69,108
69,110
69,111
69,112
69,113
69,115
69,116
69,118
69,120
69,121
70,71
70,72
70,73
70,74
70,75
70,77
70,78
70,79
70,80
70,81
70,82
70,83
70,85
70,86
70,87
70,88
70,89
70,91
70,92
70,93
70,94
70,95
70,96
70,97
70,98
70,100
70,103
70,104
70,106
70,107
70,108
70,109
70,110
70,111
70,112
70,113
70,115
70,116
71,72
71,73
71,75
71,76
71,77
71,78
71,79
71,80
71,81
71,82
71,83
71,84
71,85
71,86
71,87
71,88
71,90
71,91
71,92
71,93
71,94
71,95
71,96
71,97
71,98
71,99
71,100
71,101
71,104
71,105
71,108
71,109
71,110
71,112
71,113
71,115
71,117
71,118
72,73
72,74
72,76
72,78
72,79
72,80
72,81
72,82
72,83
72,84
72,86
72,87
72,88
72,89
72,90
72,91
72,92
72,93
72,94
72,95
72,96
72,97
72,99
72,100
72,101
72,102
72,103
72,104
72,105
72,106
72,107
72,108
72,109
73,74
73,75
73,76
73,77
73,78
73,79
73,80
73,81
73,82
73,83
73,84
73,85
73,87
73,88
73,90
73,92
73,93
73,94
73,95
73,96
73,98
73,100
73,101
73,102
73,103
73,104
73,105
73,106
73,107
73,108
73,109
74,75
74,76
74,77
74,78
74,79
74,80
74,81
74,82
74,83
74,84
74,85
74,87
74,88
74,89
74,90
74,91
74,92
74,93
74,94
74,95
74,96
74,97
74,98
74,99
74,100
74,101
74,102
74,103
74,104
74,105
74,106
74,107
74,108
74,109
74,110
74,111
74,112
74,113
74,114
74,115
74,116
74,117
74,118
74,121
74,124
74,128
74,129
74,138
74,149
74,150
74,151
74,153
74,168
74,174
75,76
75,77
75,78
75,79
75,80
75,81
75,82
75,83
75,84
75,85
75,86
75,87
75,88
75,89
75,90
75,91
75,92
75,93
75,94
75,95
75,96
75,97
75,100
75,101
75,102
75,103
75,105
75,106
75,107
75,110
75,111
75,112
75,116
75,117
75,118
75,121
75,123
75,124
75,125
75,126
75,128
75,129
75,131
76,77
76,78
76,79
76,81
76,83
76,84
76,85
76,86
76,87
76,88
76,89
76,90
76,91
76,92
76,93
76,94
76,95
76,96
76,97
76,98
76,99
76,100
76,101
76,102
76,103
76,105
76,106
76,107
76,108
76,109
76,110
76,111
76,112
76,113
77,78
77,79
77,80
77,81
77,82
77,85
77,86
77,87
77,88
77,89
77,91
77,92
77,93
77,94
77,95
77,96
77,97
77,98
77,99
77,100
77,102
77,103
77,104
77,105
77,107
77,108
77,109
77,110
77,111
77,112
77,113
77,115
77,116
77,121
77,124
77,125
77,128
77,129
77,130
77,131
77,133
77,135
77,137
77,140
77,141
77,143
77,147
77,148
77,152
77,153
77,154
77,155
77,156
77,157
77,158
77,163
77,164
77,169
77,171
77,172
77,176
77,177
77,178
77,179
77,182
77,184
77,188
77,189
77,192
77,194
77,195
78,79
78,80
78,81
78,87
78,92
78,102
78,105
78,107
78,109
78,130
78,131
78,133
78,141
78,143
78,147
78,148
78,152
78,154
78,156
78,157
78,163
78,169
78,171
78,172
78,176
78,177
78,178
78,179
78,182
78,184
78,188
78,189
78,192
78,194
78,195
79,80
79,81
79,82
79,84
79,85
79,86
79,87
79,89
79,97
79,98
79,99
79,101
79,102
79,103
79,104
79,106
79,107
80,81
80,82
80,83
80,84
80,85
80,86
80,87
80,89
80,90
80,91
80,92
80,93
80,94
80,95
80,96
80,97
80,98
80,100
80,101
80,102
80,103
80,104
80,105
80,106
80,108
80,110
80,111
80,112
80,114
80,115
80,117
80,118
80,119
80,120
80,121
80,122
80,123
80,125
80,126
80,127
80,128
80,129
80,131
80,138
80,144
80,145
80,146
81,82
81,83
81,85
81,86
81,87
81,88
81,89
81,90
81,91
81,92
81,93
81,94
81,95
81,96
81,98
81,99
81,100
81,102
81,104
81,105
81,106
81,107
81,109
81,110
81,111
81,112
81,113
81,114
81,115
81,116
81,117
81,120
81,121
81,122
81,123
81,124
81,125
81,126
81,127
81,128
81,129
81,130
81,131
81,132
81,133
81,135
81,137
81,138
81,140
81,141
81,143
81,145
81,146
81,147
81,148
81,149
81,152
81,154
81,156
81,157
81,163
81,169
81,171
81,172
81,176
81,177
81,178
81,179
81,182
81,184
81,188
81,189
81,192
81,194
81,195
82,83
82,84
82,85
82,86
82,87
83,85
83,86
83,87
83,88
83,90
83,91
83,92
83,94
83,95
83,96
83,98
83,99
83,100
83,102
83,103
83,104
83,105
83,106
83,107
83,110
83,111
83,112
83,114
83,115
83,116
83,117
83,118
83,119
83,120
83,122
83,123
83,124
83,125
83,126
83,127
83,128
83,129
83,131
83,132
83,133
83,135
83,136
83,137
83,138
83,140
83,144
83,145
83,146
83,149
83,150
83,158
83,162
83,165
83,169
83,199
84,85
84,86
84,88
84,89
84,90
84,91
84,92
84,93
84,95
84,96
84,97
84,98
84,99
84,100
84,101
84,102
84,103
84,104
84,105
84,106
84,108
84,109
84,110
84,111
84,114
84,115
84,116
84,117
84,118
84,119
84,121
84,122
84,123
84,124
84,125
84,126
84,128
84,129
84,131
84,133
84,134
84,135
84,136
84,137
84,138
84,139
84,140
84,144
84,145
84,146
84,147
84,149
84,151
84,153
84,154
84,155
84,161
84,162
84,165
85,86
85,87
85,88
85,89
85,91
85,93
85,95
85,96
85,97
85,99
85,100
85,101
85,102
85,104
85,105
85,107
85,108
85,109
85,110
85,111
85,112
85,113
85,114
85,115
85,117
85,118
85,119
85,121
85,122
85,123
85,124
85,125
85,128
85,129
85,131
85,132
85,133
85,134
85,135
85,136
85,137
85,138
85,139
85,140
85,141
85,142
85,143
85,144
85,145
85,146
85,147
85,149
85,150
85,153
85,154
85,155
86,87
86,89
86,92
86,93
86,94
86,96
86,98
86,99
86,100
86,101
86,102
86,103
86,104
86,106
86,107
86,108
86,109
86,110
86,111
86,112
86,113
86,114
86,115
86,116
86,117
86,118
86,119
86,120
86,121
86,122
86,123
86,124
86,127
86,128
86,129
87,90
87,91
87,92
87,95
87,96
87,97
87,98
87,99
87,100
87,102
87,103
87,104
87,105
87,107
87,108
87,109
87,111
87,112
87,113
87,114
87,115
87,116
87,117
87,118
87,119
87,120
87,121
87,122
87,123
87,124
87,125
87,126
87,128
87,129
87,130
87,131
87,132
87,133
87,134
87,135
87,136
87,137
87,139
87,140
87,141
87,142
87,143
87,144
87,145
87,146
87,147
87,148
87,149
87,150
87,151
87,152
87,153
87,154
87,155
87,156
87,157
87,158
87,162
87,163
87,165
87,167
87,168
87,169
87,171
87,172
87,174
87,176
87,177
87,178
87,179
87,182
87,184
87,188
87,189
87,191
87,192
87,194
87,195
88,90
88,91
88,92
88,94
88,95
88,96
88,97
88,98
88,99
88,100
88,102
88,103
88,104
88,108
88,109
88,110
88,111
88,112
88,113
88,114
88,115
88,117
88,118
88,119
88,120
88,121
88,123
88,124
88,125
88,126
88,128
88,129
88,132
88,133
88,134
90,91
90,94
90,95
90,96
90,97
90,98
90,99
90,100
90,101
90,102
90,103
90,105
90,106
90,107
90,108
90,110
90,111
90,112
90,113
90,114
90,115
90,117
90,118
90,120
90,122
90,123
90,124
90,125
90,126
90,127
90,128
90,129
90,130
90,131
90,132
90,133
90,136
90,137
90,139
90,140
90,142
90,143
90,144
90,145
90,146
90,151
90,153
90,154
90,158
90,160
90,161
90,164
90,167
90,168
90,173
90,175
90,178
90,183
90,185
90,186
90,189
90,191
90,198
91,92
91,93
91,94
91,95
91,96
91,97
91,98
91,99
91,100
91,101
91,102
91,103
91,104
91,105
92,93
92,94
92,95
92,97
92,102
92,105
92,107
92,109
92,130
92,131
92,133
92,141
92,143
92,147
92,148
92,152
92,154
92,156
92,157
92,163
92,169
92,171
92,172
92,176
92,177
92,178
92,179
92,182
92,184
92,188
92,189
92,192
92,194
92,195
93,94
93,95
93,96
93,97
93,98
93,99
93,100
93,101
94,98
94,100
94,101
94,102
94,107
94,110
94,113
94,115
94,116
94,117
94,118
94,119
94,122
94,123
94,125
94,126
94,127
94,128
94,130
94,133
94,135
94,137
94,139
94,141
94,142
95,96
95,97
95,98
95,99
95,100
95,102
95,103
95,104
95,106
95,108
95,109
95,110
95,113
95,114
95,115
95,116
95,117
95,118
95,119
95,120
95,121
95,122
95,123
95,125
95,126
95,127
95,128
95,130
95,131
95,132
95,133
95,135
95,137
95,138
95,139
96,97
96,98
96,99
96,100
96,101
96,103
96,104
96,106
97,98
97,99
97,100
97,101
97,102
97,104
97,106
97,108
97,109
97,111
97,113
97,114
97,115
97,117
97,118
97,119
97,120
97,121
97,123
97,124
97,125
97,126
97,127
97,128
97,129
97,130
97,131
98,100
98,101
98,102
98,104
98,105
98,106
98,107
98,108
98,109
98,110
98,111
98,112
98,113
98,114
98,115
98,116
98,117
98,118
98,119
99,100
99,101
99,102
99,103
99,105
99,106
99,107
99,108
99,109
99,110
99,111
99,113
99,114
99,115
99,116
99,117
99,118
99,119
99,120
99,121
99,123
99,124
99,125
99,126
99,127
99,128
99,129
99,130
99,131
99,132
99,135
99,136
99,139
99,140
99,143
99,144
99,146
99,147
99,148
99,154
99,155
99,161
99,162
100,101
100,102
100,103
101,102
101,103
101,104
101,105
101,106
101,107
101,108
101,109
101,110
101,111
101,113
101,114
101,115
101,116
101,117
101,118
101,120
101,123
101,124
101,125
101,126
101,127
101,128
101,129
101,130
101,131
101,132
101,134
101,135
101,136
101,137
101,141
101,142
101,144
101,146
101,147
101,148
101,151
102,103
102,104
102,105
102,106
102,107
102,109
102,110
102,111
102,112
102,113
102,114
102,115
102,116
102,117
102,118
102,119
102,121
102,123
102,124
102,125
102,126
102,128
102,129
102,130
102,131
102,132
102,133
102,134
102,135
102,136
102,141
102,142
102,143
102,144
102,146
102,147
102,148
102,150
102,152
102,154
102,156
102,157
102,163
102,169
102,171
102,172
102,176
102,177
102,178
102,179
102,182
102,184
102,188
102,189
102,192
102,194
102,195
103,105
103,106
103,107
103,108
103,109
103,110
103,111
103,112
103,114
103,116
103,117
103,118
103,119
103,120
104,107
104,108
104,109
104,110
104,111
104,112
104,114
104,115
105,106
105,107
105,108
105,109
105,110
105,111
105,114
105,117
105,118
105,120
105,123
105,125
105,127
105,128
105,129
105,130
105,131
105,132
105,133
105,134
105,135
105,136
105,138
105,139
105,141
105,143
105,144
105,145
105,146
105,147
105,148
105,150
105,151
105,152
105,154
105,155
105,156
105,157
105,158
105,161
105,163
105,168
105,169
105,171
105,172
105,176
105,177
105,178
105,179
105,182
105,184
105,185
105,188
105,189
105,192
105,194
105,195
106,107
106,108
106,109
106,110
106,112
106,113
106,114
106,115
106,118
106,119
106,120
106,122
106,123
106,124
107,108
107,109
107,110
107,111
107,113
107,114
107,115
107,120
107,121
107,122
107,123
107,124
107,125
107,126
107,127
107,129
107,130
107,131
107,132
107,133
107,134
107,135
107,136
107,141
107,143
107,147
107,148
107,152
107,154
107,156
107,157
107,163
107,169
107,171
107,172
107,176
107,177
107,178
107,179
107,182
107,184
107,188
107,189
107,192
107,194
107,195
108,110
108,111
108,113
108,114
108,115
108,118
108,119
108,120
108,121
108,122
108,123
108,126
108,127
108,128
108,130
108,131
108,132
108,135
108,136
108,138
108,139
108,142
108,143
108,144
108,145
108,148
108,149
108,152
108,158
108,160
108,161
108,164
108,166
108,177
108,183
109,110
109,111
109,112
109,113
109,114
109,115
109,116
109,117
109,118
109,119
109,120
109,121
109,122
109,123
109,124
109,125
109,126
109,127
109,128
109,129
109,130
109,131
109,132
109,133
109,136
109,137
109,138
109,140
109,141
109,143
109,144
109,145
109,147
109,148
109,149
109,151
109,152
109,153
109,154
109,155
109,156
109,157
109,158
109,160
109,161
109,163
109,164
109,165
109,166
109,167
109,168
109,169
109,171
109,172
109,173
109,174
109,176
109,177
109,178
109,179
109,182
109,183
109,184
109,185
109,188
109,189
109,192
109,194
109,195
110,111
110,112
110,113
110,114
110,115
110,117
110,118
110,119
110,120
110,122
110,123
110,124
110,125
110,126
110,127
110,128
110,129
110,130
110,131
110,132
110,134
110,135
110,136
110,137
110,138
110,140
110,141
110,142
110,143
110,144
110,145
110,146
110,147
110,148
110,149
110,150
110,151
110,152
110,153
110,154
110,155
110,158
110,160
110,162
110,164
110,165
110,166
110,167
110,168
110,169
110,173
110,174
110,177
111,112
111,113
111,114
111,115
111,116
111,117
111,118
111,119
111,120
111,121
111,122
111,123
111,124
111,125
111,126
111,127
111,128
111,129
112,113
112,114
112,115
112,117
112,118
112,119
112,121
112,123
112,124
112,125
112,126
112,127
112,128
113,114
113,115
113,116
113,117
113,119
113,120
113,121
113,122
113,123
113,124
113,125
113,126
113,127
113,128
113,129
113,132
113,134
113,137
113,138
113,140
113,141
113,142
113,143
113,144
113,146
113,148
113,149
113,150
113,151
113,152
113,155
115,116
115,117
115,118
115,119
115,121
115,122
115,124
115,127
115,128
115,129
115,130
115,134
115,135
115,136
115,137
115,138
115,139
115,140
115,141
115,142
115,143
115,144
115,147
115,148
115,149
115,150
115,151
115,153
115,154
115,158
115,160
115,163
115,164
115,165
115,166
115,167
115,168
115,169
116,117
116,118
116,119
116,120
116,121
116,122
116,123
117,119
117,120
117,121
117,122
117,124
117,125
117,126
117,127
118,119
118,120
118,121
118,122
118,123
118,124
118,125
118,126
118,127
118,128
118,129
119,120
119,121
119,122
119,123
119,124
119,125
119,126
119,127
119,128
119,129
119,130
119,131
119,132
119,133
119,134
119,135
119,136
119,138
119,141
119,142
119,143
119,146
119,148
119,149
119,150
120,121
120,123
120,124
120,125
120,126
120,127
120,129
120,130
120,131
120,132
120,133
120,134
120,135
120,136
120,137
120,141
120,142
120,143
120,144
120,145
120,146
120,147
120,148
120,149
120,150
120,153
120,154
120,155
120,158
120,163
120,166
120,167
120,168
120,169
120,174
120,176
120,177
120,182
121,122
121,123
121,124
121,125
121,127
121,128
121,129
121,130
121,131
121,132
121,133
121,134
121,135
121,136
122,123
122,124
122,125
122,127
122,128
122,129
122,130
122,132
122,133
122,134
122,135
122,136
122,137
122,138
122,139
122,143
122,144
122,145
122,146
122,147
122,148
122,149
122,150
122,151
122,153
122,154
123,124
123,125
123,126
123,127
123,128
123,130
123,131
123,132
123,133
123,134
123,135
123,136
123,137
123,138
123,140
123,141
123,142
124,125
124,127
124,128
124,129
124,130
124,131
124,133
124,134
124,135
124,136
124,138
124,139
124,140
124,141
124,143
124,144
124,145
125,126
125,127
125,128
125,129
125,130
125,131
125,134
125,136
125,137
125,138
125,139
125,141
125,142
125,143
125,144
125,145
125,147
125,148
125,149
125,150
125,151
125,152
125,153
125,154
125,156
125,157
125,158
125,160
125,162
125,165
125,166
126,127
126,128
126,129
126,130
126,131
126,132
126,133
126,134
126,135
126,136
126,137
126,139
126,140
126,141
126,142
126,143
126,144
126,145
126,146
126,147
126,148
126,149
126,150
126,151
126,153
126,154
126,157
126,158
126,159
126,161
126,162
126,164
126,165
126,166
126,167
126,174
126,182
126,184
126,185
126,191
127,129
127,130
127,132
127,133
127,134
127,135
127,136
127,137
127,138
127,139
127,140
127,141
127,142
127,143
127,144
127,145
127,146
127,147
127,148
127,150
127,151
127,152
127,153
127,154
127,155
127,156
127,157
127,158
127,159
127,160
127,161
127,162
127,163
127,164
127,165
127,166
127,167
127,173
127,175
127,176
127,177
127,180
127,182
127,184
127,185
127,188
127,191
128,129
128,130
128,131
128,132
128,133
128,136
128,137
128,138
128,140
128,141
128,142
128,143
128,144
128,145
128,146
128,147
128,148
128,149
128,150
128,151
128,152
128,153
128,154
129,130
129,131
129,132
129,133
129,134
129,135
129,137
129,138
129,139
129,140
129,141
129,142
129,143
129,144
129,145
129,146
129,147
129,148
129,151
129,152
129,153
129,154
129,155
129,156
129,157
129,158
129,159
129,160
129,162
129,163
129,164
129,165
130,131
130,132
130,133
130,134
130,135
130,136
130,137
130,138
130,139
130,140
130,141
130,142
130,143
130,144
130,145
130,146
130,147
130,148
130,152
130,154
130,156
130,157
130,163
130,169
130,171
130,172
130,176
130,177
130,178
130,179
130,182
130,184
130,188
130,189
130,192
130,194
130,195
131,133
131,134
131,135
131,136
131,137
131,138
131,139
131,141
131,142
131,143
131,144
131,145
131,146
131,147
131,148
131,150
131,151
131,152
131,153
131,154
131,156
131,157
131,159
131,160
131,161
131,163
131,164
131,165
131,167
131,168
131,169
131,171
131,172
131,176
131,177
131,178
131,179
131,182
131,184
131,188
131,189
131,192
131,194
131,195
132,133
132,134
132,135
132,136
132,137
132,138
132,139
133,134
133,135
133,136
133,137
133,138
133,139
133,140
133,141
133,143
133,147
133,148
133,151
133,152
133,153
133,154
133,156
133,157
133,158
133,159
133,160
133,161
133,162
133,163
133,168
133,169
133,171
133,172
133,176
133,177
133,178
133,179
133,180
133,182
133,184
133,185
133,186
133,187
133,188
133,189
133,191
133,192
133,194
133,195
133,198
134,135
134,136
134,137
134,138
134,139
134,140
134,141
134,142
134,144
134,145
134,146
134,147
134,149
134,150
134,151
134,155
134,159
134,160
134,161
134,162
134,164
134,165
134,166
134,167
134,168
134,169
134,172
134,173
134,177
134,180
134,183
134,184
134,185
134,186
134,187
134,190
134,191
134,196
134,198
135,136
135,137
135,138
135,139
135,140
135,142
135,143
135,144
135,145
135,146
135,148
135,149
135,150
135,151
135,152
135,155
135,156
135,157
135,158
135,159
135,160
135,162
135,163
135,164
135,165
135,166
135,167
135,168
135,169
135,172
135,173
135,174
135,175
135,177
135,180
135,181
135,182
135,183
135,184
135,185
135,186
135,187
135,188
135,190
135,191
135,196
135,198
136,137
136,138
136,139
136,140
136,141
136,143
137,138
137,139
137,140
137,141
137,142
137,143
137,145
137,146
137,147
138,139
138,140
138,141
138,142
138,143
138,144
138,146
138,148
138,149
138,153
138,154
138,155
138,157
138,159
138,160
138,161
138,162
138,164
138,165
138,166
138,168
138,170
138,173
138,174
138,177
138,179
138,180
138,182
138,183
138,184
138,185
138,187
138,188
138,189
138,190
138,191
138,192
138,195
138,198
138,199
139,140
139,141
139,143
139,144
139,146
139,147
139,148
139,149
139,150
139,151
140,141
140,142
140,143
140,145
140,146
140,147
140,149
140,150
140,151
140,153
140,154
140,155
140,156
140,157
140,158
140,159
140,160
140,161
140,163
140,164
140,165
140,166
140,167
140,168
140,169
140,170
140,172
140,173
140,174
140,181
140,182
140,183
140,184
140,186
140,187
140,188
140,190
140,191
140,192
140,193
141,142
141,143
141,144
141,145
141,146
141,147
141,148
141,149
141,151
141,152
141,154
141,156
141,157
141,158
141,159
141,161
141,162
141,163
141,164
141,165
141,167
141,168
141,169
141,170
141,171
141,172
141,173
141,174
141,176
141,177
141,178
141,179
141,182
141,183
141,184
141,185
141,186
141,187
141,188
141,189
141,190
141,191
141,192
141,194
141,195
141,196
141,199
142,143
142,144
142,146
142,148
142,149
142,150
142,151
142,152
142,153
142,154
142,155
142,156
142,157
142,158
142,159
142,160
142,161
142,162
142,163
142,164
142,165
142,166
142,167
142,168
142,169
142,170
142,173
142,174
142,177
142,178
142,179
143,144
143,145
143,146
143,147
143,148
143,149
143,150
143,151
143,152
143,153
143,154
143,155
143,156
143,157
143,159
143,160
143,161
143,162
143,163
143,164
143,165
143,167
143,168
143,169
143,170
143,171
143,172
143,173
143,174
143,175
143,176
143,177
143,178
143,179
143,180
143,182
143,183
143,184
143,185
143,186
143,187
143,188
143,189
143,192
143,194
143,195
143,197
143,199
144,145
144,146
144,148
144,149
144,150
144,151
144,152
144,153
144,154
144,155
144,156
144,159
144,160
144,161
144,162
144,163
144,164
144,165
144,166
144,167
144,168
144,169
144,170
145,146
145,147
145,148
145,150
145,151
145,152
145,153
145,154
145,155
145,156
145,157
145,159
145,160
145,161
145,162
145,163
145,165
145,166
145,167
145,168
145,169
145,170
145,172
145,173
145,174
145,175
145,178
145,179
145,180
145,182
145,184
145,186
145,187
145,188
145,189
145,190
145,191
145,192
145,193
145,195
145,196
145,197
145,198
145,199
146,148
146,149
146,150
146,151
146,152
146,153
146,154
146,155
146,156
146,157
146,158
146,159
146,160
146,161
146,163
146,164
146,165
146,166
146,167
146,168
146,173
146,174
146,177
146,178
146,179
146,180
146,181
146,182
146,183
146,186
146,187
146,188
146,190
146,191
146,192
146,193
146,195
146,196
146,197
146,198
146,199
147,148
147,150
147,151
147,152
147,154
147,155
147,156
147,157
147,159
147,163
147,169
147,171
147,172
147,176
147,177
147,178
147,179
147,182
147,184
147,188
147,189
147,192
147,194
147,195
148,149
148,150
148,151
148,152
148,153
148,154
148,155
148,156
148,157
148,158
148,159
148,160
148,161
148,163
148,164
148,169
148,171
148,172
148,176
148,177
148,178
148,179
148,182
148,184
148,188
148,189
148,192
148,194
148,195
149,150
149,151
149,153
149,157
149,158
149,159
149,160
150,151
150,152
150,153
150,154
150,155
150,157
150,160
150,164
150,172
150,173
150,174
150,177
150,178
150,180
150,181
150,182
150,183
150,184
150,186
150,187
150,188
150,189
150,190
150,191
150,196
150,197
150,199
151,152
151,153
151,154
151,155
151,157
151,158
151,159
151,160
152,153
152,154
152,156
152,157
152,158
152,161
152,162
152,163
152,169
152,171
152,172
152,176
152,177
152,178
152,179
152,182
152,184
152,188
152,189
152,192
152,194
152,195
153,155
153,156
153,159
153,161
153,162
153,163
153,164
153,165
153,166
153,167
154,155
154,156
154,157
154,158
154,159
154,160
154,161
154,162
154,163
154,164
154,165
154,166
154,167
154,168
154,169
154,171
154,172
154,173
154,174
154,176
154,177
154,178
154,179
154,181
154,182
154,183
154,184
154,185
154,186
154,188
154,189
154,191
154,192
154,193
154,194
154,195
154,196
154,197
154,199
155,156
155,158
155,160
155,161
155,162
155,163
155,164
155,165
155,166
155,167
155,170
155,172
155,173
155,174
155,175
155,176
155,179
155,182
155,183
155,186
155,187
155,191
155,192
155,193
156,157
156,158
156,159
156,160
156,162
156,163
156,164
156,165
156,166
156,167
156,169
156,170
156,171
156,172
156,173
156,174
156,175
156,176
156,177
156,178
156,179
156,180
156,181
156,182
156,183
156,184
156,185
156,187
156,188
156,189
156,192
156,194
156,195
157,160
157,161
157,162
157,163
157,165
157,167
157,168
157,169
157,170
157,171
157,172
157,174
157,176
157,177
157,178
157,179
157,182
157,184
157,188
157,189
157,192
157,194
157,195
158,159
158,160
158,161
158,162
158,163
158,164
158,165
158,166
158,167
158,168
158,169
158,170
158,172
158,173
158,175
158,176
158,178
158,181
158,182
158,183
158,184
158,186
158,187
158,189
158,191
158,192
158,193
158,195
159,160
159,161
159,162
159,163
159,164
159,167
159,169
159,170
159,172
159,174
159,175
159,176
159,177
159,179
159,180
159,181
159,182
159,184
159,185
159,186
159,187
159,188
159,189
159,191
159,192
159,193
159,195
159,197
159,198
160,162
160,163
160,164
160,165
160,166
160,167
160,168
160,169
160,170
160,172
160,173
160,175
160,178
160,179
160,180
160,181
160,183
160,184
160,185
160,186
160,187
160,188
160,189
160,191
160,192
160,193
160,195
160,196
160,197
161,163
161,165
161,166
161,168
161,169
161,170
161,171
161,172
161,173
161,174
161,175
161,177
161,178
161,179
161,180
161,181
162,163
162,164
162,165
162,166
162,167
162,168
162,169
162,170
162,171
162,172
162,173
162,174
162,175
162,176
162,177
162,178
162,179
162,180
162,185
162,186
162,188
162,189
162,190
162,191
162,192
162,196
162,197
162,198
163,164
163,165
163,166
163,167
163,168
163,169
163,170
163,171
163,172
163,174
163,175
163,176
163,177
163,178
163,179
163,181
163,182
163,184
163,185
163,186
163,187
163,188
163,189
163,191
163,192
163,194
163,195
163,197
163,199
164,165
164,166
164,167
164,168
164,169
164,174
164,175
164,176
165,166
165,168
165,170
165,171
165,172
165,173
165,175
165,176
165,177
165,178
165,181
165,182
165,183
165,186
165,187
165,188
165,189
165,190
165,191
165,192
165,195
166,167
166,168
166,169
166,170
166,171
166,172
166,174
166,175
166,176
166,177
166,178
166,180
166,181
166,182
166,183
166,184
166,185
166,186
166,187
166,188
166,189
166,190
166,191
166,192
166,193
166,194
166,195
166,196
166,197
166,198
166,199
167,168
167,169
167,170
167,172
167,173
167,174
167,175
167,176
167,178
167,179
167,180
167,181
167,182
167,183
167,184
167,185
167,186
167,187
167,188
167,189
167,190
167,191
167,192
167,194
167,196
167,197
167,198
167,199
168,169
168,170
168,171
168,172
168,173
168,177
168,178
168,179
168,180
168,181
168,182
168,183
168,184
168,185
168,186
168,187
168,188
168,189
168,191
168,192
168,193
168,194
168,195
168,196
168,197
168,198
168,199
169,170
169,171
169,172
169,173
169,174
169,175
169,176
169,177
169,178
169,179
169,180
169,182
169,183
169,184
169,185
169,186
169,187
169,188
169,189
169,190
169,191
169,192
169,194
169,195
170,172
170,174
170,175
170,176
170,177
170,178
170,179
171,172
171,174
171,175
171,176
171,177
171,178
171,179
171,181
171,182
171,183
171,184
171,185
171,188
171,189
171,192
171,194
171,195
172,173
172,174
172,175
172,176
172,177
172,178
172,179
172,181
172,182
172,183
172,184
172,186
172,187
172,188
172,189
172,191
172,192
172,194
172,195
172,196
172,197
172,198
172,199
173,174
174,176
174,177
174,178
174,179
174,180
174,181
174,183
174,184
174,185
174,186
174,187
174,188
174,189
174,191
174,193
174,194
174,195
174,196
174,197
174,198
174,199
175,176
175,177
175,178
175,179
175,180
175,181
175,182
175,183
175,185
175,186
175,187
175,188
175,189
175,190
176,177
176,178
176,179
176,180
176,181
176,182
176,183
176,184
176,185
176,186
176,187
176,188
176,189
176,190
176,191
176,192
176,193
176,194
176,195
176,196
176,197
176,198
177,178
177,179
177,180
177,181
177,182
177,183
177,184
177,185
177,187
177,188
177,189
177,190
177,191
177,192
177,194
177,195
177,198
178,179
178,180
178,181
178,182
178,183
178,184
178,188
178,189
178,192
178,194
178,195
179,180
179,181
179,182
179,184
179,188
179,189
179,192
179,194
179,195
180,181
180,182
180,183
180,185
180,186
180,187
180,188
180,189
180,190
180,191
180,192
180,194
180,197
181,182
182,183
182,184
182,186
182,188
182,189
182,191
182,192
182,193
182,194
182,195
182,196
182,197
182,198
182,199
183,184
183,185
183,186
183,187
183,188
183,189
183,190
183,192
183,193
183,196
183,197
183,199
184,185
184,186
184,187
184,188
184,189
184,190
184,191
184,192
184,194
184,195
184,196
184,197
184,198
184,199
185,186
185,187
185,188
185,189
185,191
185,192
185,193
185,194
185,197
185,198
185,199
186,187
186,188
186,189
186,190
186,191
186,193
186,194
186,196
186,197
186,198
186,199
187,188
187,189
187,190
187,191
187,192
187,193
187,194
187,196
187,197
187,198
187,199
188,189
188,192
188,194
188,195
188,197
188,198
188,199
189,190
189,191
189,192
189,194
189,195
189,197
189,198
189,199
190,191
190,192
190,193
190,194
190,196
190,197
190,198
191,192
191,193
191,196
191,197
191,198
191,199
192,193
192,194
192,195
192,197
192,198
192,199
193,194
193,197
194,195
194,196
194,197
194,198
194,199
195,196
195,197
195,198
195,199
196,197
196,198
197,198
197,199
