0,1
0,2
0,3
0,4
0,5
0,6
0,7
0,8
0,9
0,10
0,11
0,12
0,13
0,14
0,15
0,16
0,17
0,18
0,19
0,20
0,21
0,22
0,23
0,24
0,25
0,26
0,27
0,28
0,29
0,30
0,31
0,32
0,33
0,34
0,35
0,36
0,37
0,38
0,39
0,40
0,41
0,42
0,43
0,44
0,45
0,46
0,47
0,48
0,49
0,50
0,51
0,52
0,53
0,54
0,55
0,56
0,57
0,58
0,59
0,60
0,61
0,62
0,63
0,64
0,65
0,66
0,67
0,68
0,69
0,70
1,2
1,3
1,4
1,5
1,6
1,7
1,8
1,9
1,10
1,11
1,12
1,13
1,14
1,15
1,16
1,17
1,18
1,19
1,20
1,21
1,22
1,23
1,24
1,25
1,26
1,27
1,28
1,29
1,30
1,31
1,32
1,33
1,34
1,35
1,36
1,37
1,38
1,39
1,40
1,41
1,42
1,43
1,44
1,45
1,46
1,47
1,48
1,49
1,50
1,51
1,52
1,53
1,54
1,55
1,56
1,57
1,58
1,59
1,60
1,61
1,62
1,63
1,64
1,65
1,66
1,67
1,68
1,69
1,70
1,72
1,74
1,93
1,99
1,101
1,107
1,110
1,111
1,116
1,118
1,120
1,122
1,123
1,125
1,126
1,129
1,131
1,132
1,134
1,143
1,146
1,147
1,153
1,155
1,156
1,158
1,160
1,163
1,164
1,165
1,166
1,169
1,171
1,172
1,173
1,176
1,178
1,179
1,180
1,181
1,182
1,186
1,189
1,190
1,192
1,193
2,3
2,4
2,5
2,6
2,7
2,8
2,9
2,10
2,11
2,12
2,13
2,14
2,15
2,16
2,17
2,18
2,19
2,20
2,21
2,22
2,23
2,24
2,25
2,26
2,27
2,28
2,29
2,30
2,31
2,32
2,33
2,34
2,35
2,36
2,37
2,38
2,39
2,40
2,41
2,42
2,43
2,44
2,45
2,46
2,47
2,48
2,49
2,50
2,51
2,52
2,53
2,54
2,55
2,56
2,57
2,58
2,59
2,60
2,61
2,62
2,63
2,64
2,65
2,66
2,67
2,68
2,69
2,70
3,4
3,5
3,6
3,7
3,8
3,9
3,10
3,11
3,12
3,13
3,14
3,15
3,16
3,17
3,18
3,19
3,20
3,21
3,22
3,23
3,24
3,25
3,26
3,27
3,28
3,29
3,30
3,31
3,32
3,33
3,34
3,35
3,36
3,37
3,38
3,39
3,40
3,41
3,42
3,43
3,44
3,45
3,46
3,47
3,48
3,49
3,50
3,51
3,52
3,53
3,54
3,55
3,56
3,57
3,58
3,59
3,60
3,61
3,62
3,63
3,64
3,65
3,66
3,67
3,68
3,69
3,70
4,5
4,6
4,7
4,8
4,9
4,10
4,11
4,12
4,13
4,14
4,15
4,16
4,17
4,18
4,19
4,20
4,21
4,22
4,23
4,24
4,25
4,26
4,27
4,28
4,29
4,30
4,31
4,32
4,33
4,34
4,35
4,36
4,37
4,38
4,39
4,40
4,41
4,42
4,43
4,44
4,45
4,46
4,47
4,48
4,49
4,50
4,51
4,52
4,53
4,54
4,55
4,56
4,57
4,58
4,59
4,60
4,61
4,62
4,63
4,64
4,65
4,66
4,67
4,68
4,69
4,70
4,72
4,74
4,93
4,99
4,101
4,107
4,110
4,111
4,116
4,118
4,120
4,122
4,123
4,125
4,126
4,129
4,131
4,132
4,134
4,143
4,146
4,147
4,153
4,155
4,156
4,158
4,160
4,163
4,164
4,165
4,166
4,169
4,171
4,172
4,173
4,176
4,178
4,179
4,180
4,181
4,182
4,186
4,189
4,190
4,192
4,193
5,6
5,7
5,8
5,9
5,10
5,11
5,12
5,13
5,14
5,15
5,16
5,17
5,18
5,19
5,20
5,21
5,22
5,23
5,24
5,25
5,26
5,27
5,28
5,29
5,30
5,31
5,32
5,33
5,34
5,35
5,36
5,37
5,38
5,39
5,40
5,41
5,42
5,43
5,44
5,45
5,46
5,47
5,48
5,49
5,50
5,51
5,52
5,53
5,54
5,55
5,56
5,57
5,58
5,59
5,60
5,61
5,62
5,63
5,64
5,65
5,66
5,67
5,68
5,69
5,70
6,7
6,8
6,9
6,10
6,11
6,12
6,13
6,14
6,15
6,16
6,17
6,18
6,19
6,20
6,21
6,22
6,23
6,24
6,25
6,26
6,27
6,28
6,29
6,30
6,31
6,32
6,33
6,34
6,35
6,36
6,37
6,38
6,39
6,40
6,41
6,42
6,43
6,44
6,45
6,46
6,47
6,48
6,49
6,50
6,51
6,52
6,53
6,54
6,55
6,56
6,57
6,58
6,59
6,60
6,61
6,62
6,63
6,64
6,65
6,66
6,67
6,68
6,69
7,8
7,9
7,10
7,11
7,12
7,13
7,14
7,15
7,16
7,17
7,18
7,19
7,20
7,21
7,22
7,23
7,24
7,25
7,26
7,27
7,28
7,29
7,30
7,31
7,32
7,33
7,34
7,35
7,36
7,37
7,38
7,39
7,40
7,41
7,42
7,43
7,44
7,45
7,46
7,47
7,48
7,49
7,50
7,51
7,52
7,53
7,54
7,55
7,56
7,57
7,58
7,59
7,60
7,61
7,62
7,63
7,64
7,65
7,66
7,67
7,68
7,69
7,70
7,72
7,74
7,93
7,99
7,101
7,107
7,110
7,111
7,116
7,118
7,120
7,122
7,123
7,125
7,126
7,129
7,131
7,132
7,134
7,143
7,146
7,147
7,153
7,155
7,156
7,158
7,160
7,163
7,164
7,165
7,166
7,169
7,171
7,172
7,173
7,176
7,178
7,179
7,180
7,181
7,182
7,186
7,189
7,190
7,192
7,193
8,9
8,10
8,11
8,12
8,13
8,14
8,15
8,16
8,17
8,18
8,19
8,20
8,21
8,22
8,23
8,24
8,25
8,26
8,27
8,28
8,29
8,30
8,31
8,32
8,33
8,34
8,35
8,36
8,37
8,38
8,39
8,40
8,41
8,42
8,43
8,44
8,45
8,46
8,47
8,48
8,49
8,50
8,51
8,52
8,53
8,54
8,55
8,56
8,57
8,58
8,59
8,60
8,61
8,62
8,63
8,64
8,65
8,66
8,67
8,68
8,69
8,70
8,72
8,74
8,93
8,99
8,101
8,107
8,110
8,111
8,116
8,118
8,120
8,122
8,123
8,125
8,126
8,129
8,131
8,132
8,134
8,143
8,146
8,147
8,153
8,155
8,156
8,158
8,160
8,163
8,164
8,165
8,166
8,169
8,171
8,172
8,173
8,176
8,178
8,179
8,180
8,181
8,182
8,186
8,189
8,190
8,192
8,193
9,10
9,11
9,12
9,13
9,14
9,15
9,16
9,17
9,18
9,19
9,20
9,21
9,22
9,23
9,24
9,25
9,26
9,27
9,28
9,29
9,30
9,31
9,32
9,33
9,34
9,35
9,36
9,37
9,38
9,39
9,40
9,41
9,42
9,43
9,44
9,45
9,46
9,47
9,48
9,49
9,50
9,51
9,52
9,53
9,54
9,55
9,56
9,57
9,58
9,59
9,60
9,61
9,62
9,63
9,64
9,65
9,66
9,67
9,68
9,69
9,70
9,72
9,74
9,93
9,99
9,101
9,107
9,110
9,111
9,116
9,118
9,120
9,122
9,123
9,125
9,126
9,129
9,131
9,132
9,134
9,143
9,146
9,147
9,153
9,155
9,156
9,158
9,160
9,163
9,164
9,165
9,166
9,169
9,171
9,172
9,173
9,176
9,178
9,179
9,180
9,181
9,182
9,186
9,189
9,190
9,192
9,193
10,11
10,12
10,13
10,14
10,15
10,16
10,17
10,18
10,19
10,20
10,21
10,22
10,23
10,24
10,25
10,26
10,27
10,28
10,29
10,30
10,31
10,32
10,33
10,34
10,35
10,36
10,37
10,38
10,39
10,40
10,41
10,42
10,43
10,44
10,45
10,46
10,47
10,48
10,49
10,50
10,51
10,52
10,53
10,54
10,55
10,56
10,57
10,58
10,59
10,60
10,61
10,62
10,63
10,64
10,65
10,66
10,67
10,68
10,69
10,70
11,12
11,13
11,14
11,15
11,16
11,17
11,18
11,19
11,20
11,21
11,22
11,23
11,24
11,25
11,26
11,27
11,28
11,29
11,30
11,31
11,32
11,33
11,34
11,35
11,36
11,37
11,38
11,39
11,40
11,41
11,42
11,43
11,44
11,45
11,46
11,47
11,48
11,49
11,50
11,51
11,52
11,53
11,54
11,55
11,56
11,57
11,58
11,59
11,60
11,61
11,62
11,63
11,64
11,65
11,66
11,67
11,68
11,69
11,70
12,13
12,14
12,15
12,16
12,17
12,18
12,19
12,20
12,21
12,22
12,23
12,24
12,25
12,26
12,27
12,28
12,29
12,30
12,31
12,32
12,33
12,34
12,35
12,36
12,37
12,38
12,39
12,40
12,41
12,42
12,43
12,44
12,45
12,46
12,47
12,48
12,49
12,50
12,51
12,52
12,53
12,54
12,55
12,56
12,57
12,58
12,59
12,60
12,61
12,62
12,63
12,64
12,65
12,66
12,67
12,68
12,69
12,70
13,14
13,15
13,16
13,17
13,18
13,19
13,20
13,21
13,22
13,23
13,24
13,25
13,26
13,27
13,28
13,29
13,30
13,31
13,32
13,33
13,34
13,35
13,36
13,37
13,38
13,39
13,40
13,41
13,42
13,43
13,44
13,45
13,46
13,47
13,48
13,49
13,50
13,51
13,52
13,53
13,54
13,55
13,56
13,57
13,58
13,59
13,60
13,61
13,62
13,63
13,64
13,65
13,66
13,67
13,68
13,69
13,70
14,15
14,16
14,17
14,18
14,19
14,20
14,21
14,22
14,23
14,24
14,25
14,26
14,27
14,28
14,29
14,30
14,31
14,32
14,33
14,34
14,35
14,36
14,37
14,38
14,39
14,40
14,41
14,42
14,43
14,44
14,45
14,46
14,47
14,48
14,49
14,50
14,51
14,52
14,53
14,54
14,55
14,56
14,57
14,58
14,59
14,60
14,61
14,62
14,63
14,64
14,65
14,66
14,67
14,68
14,69
14,70
14,72
14,74
14,93
14,99
14,101
14,107
14,110
14,111
14,116
14,118
14,120
14,122
14,123
14,125
14,126
14,129
14,131
14,132
14,134
14,143
14,146
14,147
14,153
14,155
14,156
14,158
14,160
14,163
14,164
14,165
14,166
14,169
14,171
14,172
14,173
14,176
14,178
14,179
14,180
14,181
14,182
14,186
14,189
14,190
14,192
14,193
15,16
15,17
15,18
15,19
15,20
15,21
15,22
15,23
15,24
15,25
15,26
15,27
15,28
15,29
15,30
15,31
15,32
15,33
15,34
15,35
15,36
15,37
15,38
15,39
15,40
15,41
15,42
15,43
15,44
15,45
15,46
15,47
15,48
15,49
15,50
15,51
15,52
15,53
15,54
15,55
15,56
15,57
15,58
15,59
15,60
15,61
15,62
15,63
15,64
15,65
15,66
15,67
15,68
15,69
15,70
16,17
16,18
16,19
16,20
16,21
16,22
16,23
16,24
16,25
16,26
16,27
16,28
16,29
16,30
16,31
16,32
16,33
16,34
16,35
16,36
16,37
16,38
16,39
16,40
16,41
16,42
16,43
16,44
16,45
16,46
16,47
16,48
16,49
16,50
16,51
16,52
16,53
16,54
16,55
16,56
16,57
16,58
16,59
16,60
16,61
16,62
16,63
16,64
16,65
16,66
16,67
16,68
16,69
16,70
17,18
17,19
17,20
17,21
17,22
17,23
17,24
17,25
17,26
17,27
17,28
17,29
17,30
17,31
17,32
17,33
17,34
17,35
17,36
17,37
17,38
17,39
17,40
17,41
17,42
17,43
17,44
17,45
17,46
17,47
17,48
17,49
17,50
17,51
17,52
17,53
17,54
17,55
17,56
17,57
17,58
17,59
17,60
17,61
17,62
17,63
17,64
17,65
17,66
17,67
17,68
17,69
17,70
18,19
18,20
18,21
18,22
18,23
18,24
18,25
18,26
18,27
18,28
18,29
18,30
18,31
18,32
18,33
18,34
18,35
18,36
18,37
18,38
18,39
18,40
18,41
18,42
18,43
18,44
18,45
18,46
18,47
18,48
18,49
18,50
18,51
18,52
18,53
18,54
18,55
18,56
18,57
18,58
18,59
18,60
18,61
18,62
18,63
18,64
18,65
18,66
18,67
18,68
18,69
18,70
19,20
19,21
19,22
19,23
19,24
19,25
19,26
19,27
19,28
19,29
19,30
19,31
19,32
19,33
19,34
19,35
19,36
19,37
19,38
19,39
19,40
19,41
19,42
19,43
19,44
19,45
19,46
19,47
19,48
19,49
19,50
19,51
19,52
19,53
19,54
19,55
19,56
19,57
19,58
19,59
19,60
19,61
19,62
19,63
19,64
19,65
19,66
19,67
19,68
19,69
19,70
19,72
19,74
19,93
19,99
19,101
19,107
19,110
19,111
19,116
19,118
19,120
19,122
19,123
19,125
19,126
19,129
19,131
19,132
19,134
19,143
19,146
19,147
19,153
19,155
19,156
19,158
19,160
19,163
19,164
19,165
19,166
19,169
19,171
19,172
19,173
19,176
19,178
19,179
19,180
19,181
19,182
19,186
19,189
19,190
19,192
19,193
20,21
20,22
20,23
20,24
20,25
20,26
20,27
20,28
20,29
20,30
20,31
20,32
20,33
20,34
20,35
20,36
20,37
20,38
20,39
20,40
20,41
20,42
20,43
20,44
20,45
20,46
20,47
20,48
20,49
20,50
20,51
20,52
20,53
20,54
20,55
20,56
20,57
20,58
20,59
20,60
20,61
20,62
20,63
20,64
20,65
20,66
20,67
20,68
20,69
20,70
21,22
21,23
21,24
21,25
21,26
21,27
21,28
21,29
21,30
21,31
21,32
21,33
21,34
21,35
21,36
21,37
21,38
21,39
21,40
21,41
21,42
21,43
21,44
21,45
21,46
21,47
21,48
21,49
21,50
21,51
21,52
21,53
21,54
21,55
21,56
21,57
21,58
21,59
21,60
21,61
21,62
21,63
21,64
21,65
21,66
21,67
21,68
21,69
21,70
22,23
22,24
22,25
22,26
22,27
22,28
22,29
22,30
22,31
22,32
22,33
22,34
22,35
22,36
22,37
22,38
22,39
22,40
22,41
22,42
22,43
22,44
22,45
22,46
22,47
22,48
22,49
22,50
22,51
22,52
22,53
22,54
22,55
22,56
22,57
22,58
22,59
22,60
22,61
22,62
22,63
22,64
22,65
22,66
22,67
22,68
22,69
22,70
23,24
23,25
23,26
23,27
23,28
23,29
23,30
23,31
23,32
23,33
23,34
23,35
23,36
23,37
23,38
23,39
23,40
23,41
23,42
23,43
23,44
23,45
23,46
23,47
23,48
23,49
23,50
23,51
23,52
23,53
23,54
23,55
23,56
23,57
23,58
23,59
23,60
23,61
23,62
23,63
23,64
23,65
23,66
23,67
23,68
23,69
23,70
24,25
24,26
24,27
24,28
24,29
24,30
24,31
24,32
24,33
24,34
24,35
24,36
24,37
24,38
24,39
24,40
24,41
24,42
24,43
24,44
24,45
24,46
24,47
24,48
24,49
24,50
24,51
24,52
24,53
24,54
24,55
24,56
24,57
24,58
24,59
24,60
24,61
24,62
24,63
24,64
24,65
24,66
24,67
24,68
24,69
24,70
25,26
25,27
25,28
25,29
25,30
25,31
25,32
25,33
25,34
25,35
25,36
25,37
25,38
25,39
25,40
25,41
25,42
25,43
25,44
25,45
25,46
25,47
25,48
25,49
25,50
25,51
25,52
25,53
25,54
25,55
25,56
25,57
25,58
25,59
25,60
25,61
25,62
25,63
25,64
25,65
25,66
25,67
25,68
25,69
25,70
25,72
25,74
25,93
25,99
25,101
25,107
25,110
25,111
25,116
25,118
25,120
25,122
25,123
25,125
25,126
25,129
25,131
25,132
25,134
25,143
25,146
25,147
25,153
25,155
25,156
25,158
25,160
25,163
25,164
25,165
25,166
25,169
25,171
25,172
25,173
25,176
25,178
25,179
25,180
25,181
25,182
25,186
25,189
25,190
25,192
25,193
26,27
26,28
26,29
26,30
26,31
26,32
26,33
26,34
26,35
26,36
26,37
26,38
26,39
26,40
26,41
26,42
26,43
26,44
26,45
26,46
26,47
26,48
26,49
26,50
26,51
26,52
26,53
26,54
26,55
26,56
26,57
26,58
26,59
26,60
26,61
26,62
26,63
26,64
26,65
26,66
26,67
26,68
26,69
26,70
27,28
27,29
27,30
27,31
27,32
27,33
27,34
27,35
27,36
27,37
27,38
27,39
27,40
27,41
27,42
27,43
27,44
27,45
27,46
27,47
27,48
27,49
27,50
27,51
27,52
27,53
27,54
27,55
27,56
27,57
27,58
27,59
27,60
27,61
27,62
27,63
27,64
27,65
27,66
27,67
27,68
27,69
27,70
27,72
27,74
27,93
27,99
27,101
27,107
27,110
27,111
27,116
27,118
27,120
27,122
27,123
27,125
27,126
27,129
27,131
27,132
27,134
27,143
27,146
27,147
27,153
27,155
27,156
27,158
27,160
27,163
27,164
27,165
27,166
27,169
27,171
27,172
27,173
27,176
27,178
27,179
27,180
27,181
27,182
27,186
27,189
27,190
27,192
27,193
28,29
28,30
28,31
28,32
28,33
28,34
28,35
28,36
28,37
28,38
28,39
28,40
28,41
28,42
28,43
28,44
28,45
28,46
28,47
28,48
28,49
28,50
28,51
28,52
28,53
28,54
28,55
28,56
28,57
28,58
28,59
28,60
28,61
28,62
28,63
28,64
28,65
28,66
28,67
28,68
28,69
28,70
29,30
29,31
29,32
29,33
29,34
29,35
29,36
29,37
29,38
29,39
29,40
29,41
29,42
29,43
29,44
29,45
29,46
29,47
29,48
29,49
29,50
29,51
29,52
29,53
29,54
29,55
29,56
29,57
29,58
29,59
29,60
29,61
29,62
29,63
29,64
29,65
29,66
29,67
29,68
29,69
29,70
29,72
29,74
29,93
29,99
29,101
29,107
29,110
29,111
29,116
29,118
29,120
29,122
29,123
29,125
29,126
29,129
29,131
29,132
29,134
29,143
29,146
29,147
29,153
29,155
29,156
29,158
29,160
29,163
29,164
29,165
29,166
29,169
29,171
29,172
29,173
29,176
29,178
29,179
29,180
29,181
29,182
29,186
29,189
29,190
29,192
29,193
30,31
30,32
30,33
30,34
30,35
30,36
30,37
30,38
30,39
30,40
30,41
30,42
30,43
30,44
30,45
30,46
30,47
30,48
30,49
30,50
30,51
30,52
30,53
30,54
30,55
30,56
30,57
30,58
30,59
30,60
30,61
30,62
30,63
30,64
30,65
30,66
30,67
30,68
30,69
30,70
31,32
31,33
31,34
31,35
31,36
31,37
31,38
31,39
31,40
31,41
31,42
31,43
31,44
31,45
31,46
31,47
31,48
31,49
31,50
31,51
31,52
31,53
31,54
31,55
31,56
31,57
31,58
31,59
31,60
31,61
31,62
31,63
31,64
31,65
31,66
31,67
31,68
31,69
31,70
31,72
31,74
31,93
31,99
31,101
31,107
31,110
31,111
31,116
31,118
31,120
31,122
31,123
31,125
31,126
31,129
31,131
31,132
31,134
31,143
31,146
31,147
31,153
31,155
31,156
31,158
31,160
31,163
31,164
31,165
31,166
31,169
31,171
31,172
31,173
31,176
31,178
31,179
31,180
31,181
31,182
31,186
31,189
31,190
31,192
31,193
32,33
32,34
32,35
32,36
32,37
32,38
32,39
32,40
32,41
32,42
32,43
32,44
32,45
32,46
32,47
32,48
32,49
32,50
32,51
32,52
32,53
32,54
32,55
32,56
32,57
32,58
32,59
32,60
32,61
32,62
32,63
32,64
32,65
32,66
32,67
32,68
32,69
32,70
33,34
33,35
33,36
33,37
33,38
33,39
33,40
33,41
33,42
33,43
33,44
33,45
33,46
33,47
33,48
33,49
33,50
33,51
33,52
33,53
33,54
33,55
33,56
33,57
33,58
33,59
33,60
33,61
33,62
33,63
33,64
33,65
33,66
33,67
33,68
33,69
33,70
34,35
34,36
34,37
34,38
34,39
34,40
34,41
34,42
34,43
34,44
34,45
34,46
34,47
34,48
34,49
34,50
34,51
34,52
34,53
34,54
34,55
34,56
34,57
34,58
34,59
34,60
34,61
34,62
34,63
34,64
34,65
34,66
34,67
34,68
34,69
34,70
35,36
35,37
35,38
35,39
35,40
35,41
35,42
35,43
35,44
35,45
35,46
35,47
35,48
35,49
35,50
35,51
35,52
35,53
35,54
35,55
35,56
35,57
35,58
35,59
35,60
35,61
35,62
35,63
35,64
35,65
35,66
35,67
35,68
35,69
35,70
35,72
35,74
35,93
35,99
35,101
35,107
35,110
35,111
35,116
35,118
35,120
35,122
35,123
35,125
35,126
35,129
35,131
35,132
35,134
35,143
35,146
35,147
35,153
35,155
35,156
35,158
35,160
35,163
35,164
35,165
35,166
35,169
35,171
35,172
35,173
35,176
35,178
35,179
35,180
35,181
35,182
35,186
35,189
35,190
35,192
35,193
36,37
36,38
36,39
36,40
36,41
36,42
36,43
36,44
36,45
36,46
36,47
36,48
36,49
36,50
36,51
36,52
36,53
36,54
36,55
36,56
36,57
36,58
36,59
36,60
36,61
36,62
36,63
36,64
36,65
36,66
36,67
36,68
36,69
36,70
37,38
37,39
37,40
37,41
37,42
37,43
37,44
37,45
37,46
37,47
37,48
37,49
37,50
37,51
37,52
37,53
37,54
37,55
37,56
37,57
37,58
37,59
37,60
37,61
37,62
37,63
37,64
37,65
37,66
37,67
37,68
37,69
37,70
38,39
38,40
38,41
38,42
38,43
38,44
38,45
38,46
38,47
38,48
38,49
38,50
38,51
38,52
38,53
38,54
38,55
38,56
38,57
38,58
38,59
38,60
38,61
38,62
38,63
38,64
38,65
38,66
38,67
38,68
38,69
38,70
38,72
38,74
38,93
38,99
38,101
38,107
38,110
38,111
38,116
38,118
38,120
38,122
38,123
38,125
38,126
38,129
38,131
38,132
38,134
38,143
38,146
38,147
38,153
38,155
38,156
38,158
38,160
38,163
38,164
38,165
38,166
38,169
38,171
38,172
38,173
38,176
38,178
38,179
38,180
38,181
38,182
38,186
38,189
38,190
38,192
38,193
39,40
39,41
39,42
39,43
39,44
39,45
39,46
39,47
39,48
39,49
39,50
39,51
39,52
39,53
39,54
39,55
39,56
39,57
39,58
39,59
39,60
39,61
39,62
39,63
39,64
39,65
39,66
39,67
39,68
39,69
39,70
40,41
40,42
40,43
40,44
40,45
40,46
40,47
40,48
40,49
40,50
40,51
40,52
40,53
40,54
40,55
40,56
40,57
40,58
40,59
40,60
40,61
40,62
40,63
40,64
40,65
40,66
40,67
40,68
40,69
40,70
40,72
40,74
40,93
40,99
40,101
40,107
40,110
40,111
40,116
40,118
40,120
40,122
40,123
40,125
40,126
40,129
40,131
40,132
40,134
40,143
40,146
40,147
40,153
40,155
40,156
40,158
40,160
40,163
40,164
40,165
40,166
40,169
40,171
40,172
40,173
40,176
40,178
40,179
40,180
40,181
40,182
40,186
40,189
40,190
40,192
40,193
41,42
41,43
41,44
41,45
41,46
41,47
41,48
41,49
41,50
41,51
41,52
41,53
41,54
41,55
41,56
41,57
41,58
41,59
41,60
41,61
41,62
41,63
41,64
41,65
41,66
41,67
41,68
41,69
41,70
42,43
42,44
42,45
42,46
42,47
42,48
42,49
42,50
42,51
42,52
42,53
42,54
42,55
42,56
42,57
42,58
42,59
42,60
42,61
42,62
42,63
42,64
42,65
42,66
42,67
42,68
42,69
42,70
43,44
43,45
43,46
43,47
43,48
43,49
43,50
43,51
43,52
43,53
43,54
43,55
43,56
43,57
43,58
43,59
43,60
43,61
43,62
43,63
43,64
43,65
43,66
43,67
43,68
43,69
43,70
44,45
44,46
44,47
44,48
44,49
44,50
44,51
44,52
44,53
44,54
44,55
44,56
44,57
44,58
44,59
44,60
44,61
44,62
44,63
44,64
44,65
44,66
44,67
44,68
44,69
44,70
44,72
44,74
44,93
44,99
44,101
44,107
44,110
44,111
44,116
44,118
44,120
44,122
44,123
44,125
44,126
44,129
44,131
44,132
44,134
44,143
44,146
44,147
44,153
44,155
44,156
44,158
44,160
44,163
44,164
44,165
44,166
44,169
44,171
44,172
44,173
44,176
44,178
44,179
44,180
44,181
44,182
44,186
44,189
44,190
44,192
44,193
45,46
45,47
45,48
45,49
45,50
45,51
45,52
45,53
45,54
45,55
45,56
45,57
45,58
45,59
45,60
45,61
45,62
45,63
45,64
45,65
45,66
45,67
45,68
45,69
45,70
46,47
46,48
46,49
46,50
46,51
46,52
46,53
46,54
46,55
46,56
46,57
46,58
46,59
46,60
46,61
46,62
46,63
46,64
46,65
46,66
46,67
46,68
46,69
46,70
46,72
46,74
46,93
46,99
46,101
46,107
46,110
46,111
46,116
46,118
46,120
46,122
46,123
46,125
46,126
46,129
46,131
46,132
46,134
46,143
46,146
46,147
46,153
46,155
46,156
46,158
46,160
46,163
46,164
46,165
46,166
46,169
46,171
46,172
46,173
46,176
46,178
46,179
46,180
46,181
46,182
46,186
46,189
46,190
46,192
46,193
47,48
47,49
47,50
47,51
47,52
47,53
47,54
47,55
47,56
47,57
47,58
47,59
47,60
47,61
47,62
47,63
47,64
47,65
47,66
47,67
47,68
47,69
47,70
48,49
48,50
48,51
48,52
48,53
48,54
48,55
48,56
48,57
48,58
48,59
48,60
48,61
48,62
48,63
48,64
48,65
48,66
48,67
48,68
48,69
48,70
49,50
49,51
49,52
49,53
49,54
49,55
49,56
49,57
49,58
49,59
49,60
49,61
49,62
49,63
49,64
49,65
49,66
49,67
49,68
49,69
49,70
49,72
49,74
49,93
49,99
49,101
49,107
49,110
49,111
49,116
49,118
49,120
49,122
49,123
49,125
49,126
49,129
49,131
49,132
49,134
49,143
49,146
49,147
49,153
49,155
49,156
49,158
49,160
49,163
49,164
49,165
49,166
49,169
49,171
49,172
49,173
49,176
49,178
49,179
49,180
49,181
49,182
49,186
49,189
49,190
49,192
49,193
50,51
50,52
50,53
50,54
50,55
50,56
50,57
50,58
50,59
50,60
50,61
50,62
50,63
50,64
50,65
50,66
50,67
50,68
50,69
50,70
51,52
51,53
51,54
51,55
51,56
51,57
51,58
51,59
51,60
51,61
51,62
51,63
51,64
51,65
51,66
51,67
51,68
51,69
51,70
52,53
52,54
52,55
52,56
52,57
52,58
52,59
52,60
52,61
52,62
52,63
52,64
52,65
52,66
52,67
52,68
52,69
52,70
52,72
52,74
52,93
52,99
52,101
52,107
52,110
52,111
52,116
52,118
52,120
52,122
52,123
52,125
52,126
52,129
52,131
52,132
52,134
52,143
52,146
52,147
52,153
52,155
52,156
52,158
52,160
52,163
52,164
52,165
52,166
52,169
52,171
52,172
52,173
52,176
52,178
52,179
52,180
52,181
52,182
52,186
52,189
52,190
52,192
52,193
53,54
53,55
53,56
53,57
53,58
53,59
53,60
53,61
53,62
53,63
53,64
53,65
53,66
53,67
53,68
53,69
53,70
54,55
54,56
54,57
54,58
54,59
54,60
54,61
54,62
54,63
54,64
54,65
54,66
54,67
54,68
54,69
54,70
55,56
55,57
55,58
55,59
55,60
55,61
55,62
55,63
55,64
55,65
55,66
55,67
55,68
55,69
55,70
55,72
55,74
55,93
55,99
55,101
55,107
55,110
55,111
55,116
55,118
55,120
55,122
55,123
55,125
55,126
55,129
55,131
55,132
55,134
55,143
55,146
55,147
55,153
55,155
55,156
55,158
55,160
55,163
55,164
55,165
55,166
55,169
55,171
55,172
55,173
55,176
55,178
55,179
55,180
55,181
55,182
55,186
55,189
55,190
55,192
55,193
56,57
56,58
56,59
56,60
56,61
56,62
56,63
56,64
56,65
56,66
56,67
56,68
56,69
56,70
56,72
56,74
56,93
56,99
56,101
56,107
56,110
56,111
56,116
56,118
56,120
56,122
56,123
56,125
56,126
56,129
56,131
56,132
56,134
56,143
56,146
56,147
56,153
56,155
56,156
56,158
56,160
56,163
56,164
56,165
56,166
56,169
56,171
56,172
56,173
56,176
56,178
56,179
56,180
56,181
56,182
56,186
56,189
56,190
56,192
56,193
57,58
57,59
57,60
57,61
57,62
57,63
57,64
57,65
57,66
57,67
57,68
57,69
57,70
58,59
58,60
58,61
58,62
58,63
58,64
58,65
58,66
58,67
58,68
58,69
58,70
59,60
59,61
59,62
59,63
59,64
59,65
59,66
59,67
59,68
59,69
59,70
60,61
60,62
60,63
60,64
60,65
60,66
60,67
60,68
60,69
60,70
61,62
61,63
61,64
61,65
61,66
61,67
61,68
61,69
61,70
62,63
62,64
62,65
62,66
62,67
62,68
62,69
62,70
62,72
62,74
62,93
62,99
62,101
62,107
62,110
62,111
62,116
62,118
62,120
62,122
62,123
62,125
62,126
62,129
62,131
62,132
62,134
62,143
62,146
62,147
62,153
62,155
62,156
62,158
62,160
62,163
62,164
62,165
62,166
62,169
62,171
62,172
62,173
62,176
62,178
62,179
62,180
62,181
62,182
62,186
62,189
62,190
62,192
62,193
63,64
63,65
63,66
63,67
63,68
63,69
63,70
63,72
63,74
63,93
63,99
63,101
63,107
63,110
63,111
63,116
63,118
63,120
63,122
63,123
63,125
63,126
63,129
63,131
63,132
63,134
63,143
63,146
63,147
63,153
63,155
63,156
63,158
63,160
63,163
63,164
63,165
63,166
63,169
63,171
63,172
63,173
63,176
63,178
63,179
63,180
63,181
63,182
63,186
63,189
63,190
63,192
63,193
64,65
64,66
64,67
64,68
64,69
64,70
65,66
65,67
65,68
65,69
65,70
66,67
66,68
66,69
66,70
67,68
67,69
67,70
67,72
67,74
67,93
67,99
67,101
67,107
67,110
67,111
67,116
67,118
67,120
67,122
67,123
67,125
67,126
67,129
67,131
67,132
67,134
67,143
67,146
67,147
67,153
67,155
67,156
67,158
67,160
67,163
67,164
67,165
67,166
67,169
67,171
67,172
67,173
67,176
67,178
67,179
67,180
67,181
67,182
67,186
67,189
67,190
67,192
67,193
68,69
68,70
68,72
68,74
68,93
68,99
68,101
68,107
68,110
68,111
68,116
68,118
68,120
68,122
68,123
68,125
68,126
68,129
68,131
68,132
68,134
68,143
68,146
68,147
68,153
68,155
68,156
68,158
68,160
68,163
68,164
68,165
68,166
68,169
68,171
68,172
68,173
68,176
68,178
68,179
68,180
68,181
68,182
68,186
68,189
68,190
68,192
68,193
69,70
69,72
69,74
69,93
69,99
69,101
69,107
69,110
69,111
69,116
69,118
69,120
69,122
69,123
69,125
69,126
69,129
69,131
69,132
69,134
69,143
69,146
69,147
69,153
69,155
69,156
69,158
69,160
69,163
69,164
69,165
69,166
69,169
69,171
69,172
69,173
69,176
69,178
69,179
69,180
69,181
69,182
69,186
69,189
69,190
69,192
69,193
72,74
72,93
72,99
72,101
72,107
72,110
72,111
72,116
72,118
72,120
72,122
72,123
72,125
72,126
72,129
72,131
72,132
72,134
72,143
72,146
72,147
72,153
72,155
72,156
72,158
72,160
72,163
72,164
72,165
72,166
72,169
72,171
72,172
72,173
72,176
72,178
72,179
72,180
72,181
72,182
72,186
72,189
72,190
72,192
72,193
74,93
74,99
74,101
74,107
74,110
74,111
74,116
74,118
74,120
74,122
74,123
74,125
74,126
74,129
74,131
74,132
74,134
74,143
74,146
74,147
74,153
74,155
74,156
74,158
74,160
74,163
74,164
74,165
74,166
74,169
74,171
74,172
74,173
74,176
74,178
74,179
74,180
74,181
74,182
74,186
74,189
74,190
74,192
74,193
82,113
82,114
83,97
83,98
83,101
83,102
83,104
83,109
83,110
83,113
83,114
83,119
83,121
83,127
83,129
83,135
83,136
83,139
83,141
83,144
83,156
83,161
83,162
83,163
83,174
83,175
83,177
84,91
84,92
84,96
84,100
84,101
84,103
84,104
84,105
84,106
84,107
85,100
85,101
85,102
85,103
85,106
85,107
85,113
85,114
85,116
85,119
85,120
85,121
85,122
85,125
85,127
85,128
85,129
85,136
85,139
85,144
85,146
85,150
85,155
85,156
85,159
85,162
85,174
85,175
86,96
86,100
86,101
86,102
86,103
86,105
86,106
86,108
86,109
86,110
86,113
86,114
86,115
86,116
86,120
86,121
86,122
86,124
86,126
86,127
86,130
86,131
86,136
86,138
86,140
86,144
86,146
86,151
87,91
87,94
87,96
87,98
87,99
87,103
87,104
87,105
87,106
87,107
87,108
87,109
88,93
88,94
88,95
89,90
89,94
89,96
91,95
91,97
91,98
91,100
91,101
91,104
91,105
91,108
91,112
91,116
91,120
91,124
91,125
91,126
91,127
91,144
91,146
91,148
91,151
91,152
91,155
91,158
91,163
91,175
91,199
92,94
92,95
92,96
92,97
92,98
92,104
92,106
92,107
92,108
92,112
92,114
92,115
92,116
92,119
92,122
92,124
92,129
92,133
92,138
92,139
92,140
92,141
92,146
92,148
92,149
92,150
92,151
92,152
92,154
92,155
92,157
92,162
92,163
92,191
92,198
92,199
93,94
93,96
93,97
93,98
93,99
93,100
93,101
93,104
93,106
93,107
93,109
93,110
93,111
93,115
93,116
93,118
93,119
93,120
93,122
93,123
93,124
93,125
93,126
93,129
93,131
93,132
93,134
93,135
93,138
93,139
93,140
93,141
93,142
93,143
93,146
93,147
93,148
93,151
93,152
93,153
93,154
93,155
93,156
93,158
93,160
93,163
93,164
93,165
93,166
93,169
93,171
93,172
93,173
93,176
93,178
93,179
93,180
93,181
93,182
93,186
93,189
93,190
93,192
93,193
94,95
94,96
94,98
94,99
94,100
95,97
95,98
95,99
95,100
95,105
96,98
96,99
96,100
96,104
96,105
96,108
96,113
96,118
96,119
96,120
96,124
96,125
96,127
97,101
97,102
97,103
97,104
97,107
97,108
97,110
97,111
97,115
97,120
97,121
97,122
97,124
97,125
97,127
97,130
97,131
97,136
97,138
97,140
97,146
97,149
97,152
97,159
97,160
97,162
98,99
98,100
98,101
98,102
98,103
98,105
98,106
98,107
98,108
98,109
98,110
98,112
98,113
98,114
98,117
98,118
98,121
98,122
98,124
98,127
98,128
98,129
98,130
98,131
98,137
98,138
98,140
98,144
98,146
98,150
98,158
98,159
98,160
98,161
98,162
98,164
98,170
98,174
98,175
99,100
99,101
99,104
99,105
99,106
99,107
99,108
99,109
99,110
99,111
99,112
99,116
99,118
99,120
99,122
99,123
99,125
99,126
99,129
99,131
99,132
99,134
99,143
99,146
99,147
99,153
99,155
99,156
99,158
99,160
99,163
99,164
99,165
99,166
99,169
99,171
99,172
99,173
99,176
99,178
99,179
99,180
99,181
99,182
99,186
99,189
99,190
99,192
99,193
100,111
101,104
101,106
101,107
101,108
101,110
101,111
101,113
101,114
101,116
101,118
101,119
101,120
101,122
101,123
101,124
101,125
101,126
101,128
101,129
101,130
101,131
101,132
101,133
101,134
101,137
101,143
101,144
101,145
101,146
101,147
101,152
101,153
101,155
101,156
101,158
101,159
101,160
101,161
101,163
101,164
101,165
101,166
101,169
101,171
101,172
101,173
101,174
101,176
101,178
101,179
101,180
101,181
101,182
101,186
101,189
101,190
101,192
101,193
102,106
102,107
102,108
102,110
102,112
102,113
102,114
102,115
102,118
102,121
102,126
102,131
102,133
102,136
102,137
102,144
102,145
102,146
102,148
102,149
102,151
102,152
102,154
102,157
102,158
102,159
102,160
102,161
102,162
102,164
102,168
102,169
102,170
102,174
102,175
102,188
103,106
103,107
103,108
103,110
103,111
103,112
103,113
103,114
103,115
103,116
103,117
103,118
103,119
103,122
103,123
103,126
103,127
103,128
103,130
103,131
103,132
103,133
103,135
103,137
103,139
103,140
103,141
103,144
103,145
103,146
103,147
103,148
103,149
103,150
103,151
103,152
103,154
103,155
103,157
103,158
103,159
103,161
103,162
103,168
103,170
103,173
103,174
103,175
103,177
103,183
103,186
103,188
103,191
104,105
104,106
104,107
104,108
104,109
104,110
104,112
104,113
104,115
104,116
104,117
104,118
104,121
104,122
104,123
104,124
104,125
104,126
104,127
104,128
104,129
104,130
104,131
104,134
104,135
104,137
104,138
104,139
104,140
104,141
104,142
105,106
105,107
105,108
105,110
105,111
105,112
105,113
105,114
105,115
105,117
105,118
105,119
105,121
105,125
105,126
105,131
105,135
105,137
105,138
105,139
105,140
105,141
105,142
105,145
105,146
105,148
105,150
105,151
105,152
105,154
105,157
105,158
105,159
105,160
105,161
105,162
105,164
105,167
105,169
105,170
106,108
106,109
106,110
106,111
106,114
106,115
106,117
106,118
106,121
107,108
107,110
107,111
107,112
107,115
107,116
107,117
107,118
107,120
107,122
107,123
107,124
107,125
107,126
107,129
107,130
107,131
107,132
107,134
107,139
107,140
107,141
107,143
107,144
107,146
107,147
107,153
107,155
107,156
107,158
107,160
107,163
107,164
107,165
107,166
107,169
107,171
107,172
107,173
107,176
107,178
107,179
107,180
107,181
107,182
107,186
107,189
107,190
107,192
107,193
108,111
108,112
108,113
108,114
108,115
108,117
108,118
108,120
108,121
108,122
108,124
108,127
108,129
108,130
108,131
108,134
108,135
109,110
109,111
109,112
109,114
109,115
109,116
109,118
109,119
109,120
109,121
109,122
109,126
109,127
109,128
109,129
109,130
109,131
109,132
109,133
109,135
109,141
109,142
109,144
109,146
109,154
109,159
109,160
110,111
110,112
110,114
110,116
110,118
110,120
110,122
110,123
110,125
110,126
110,128
110,129
110,131
110,132
110,134
110,143
110,146
110,147
110,153
110,155
110,156
110,158
110,160
110,163
110,164
110,165
110,166
110,169
110,171
110,172
110,173
110,176
110,178
110,179
110,180
110,181
110,182
110,186
110,189
110,190
110,192
110,193
111,114
111,116
111,118
111,119
111,120
111,122
111,123
111,124
111,125
111,126
111,128
111,129
111,131
111,132
111,134
111,142
111,143
111,144
111,145
111,146
111,147
111,148
111,150
111,151
111,153
111,155
111,156
111,157
111,158
111,159
111,160
111,161
111,163
111,164
111,165
111,166
111,169
111,171
111,172
111,173
111,176
111,178
111,179
111,180
111,181
111,182
111,185
111,186
111,189
111,190
111,191
111,192
111,193
111,198
112,113
112,114
112,115
112,117
112,121
113,114
113,115
113,116
113,118
113,119
113,124
113,127
113,128
113,129
113,132
113,136
113,140
113,141
113,142
113,145
113,146
113,148
113,150
113,151
113,154
113,156
113,157
113,160
113,161
113,162
113,164
113,167
114,115
114,116
114,117
114,118
114,120
114,121
114,122
114,123
114,124
114,128
114,129
114,130
114,133
114,135
114,136
114,139
114,140
114,145
114,148
114,151
114,152
114,153
114,158
114,159
114,161
114,162
114,163
114,167
114,185
114,187
114,191
114,198
115,118
115,119
115,120
115,127
115,128
115,129
115,130
115,132
115,134
115,135
115,136
115,137
115,138
115,139
115,141
115,145
115,146
115,148
115,149
115,150
115,151
115,152
115,153
115,155
115,156
115,157
115,158
115,159
115,160
115,163
115,164
115,167
115,169
115,170
115,174
115,187
115,188
115,191
115,199
116,117
116,118
116,120
116,121
116,122
116,123
116,125
116,126
116,129
116,130
116,131
116,132
116,133
116,134
116,143
116,146
116,147
116,153
116,155
116,156
116,158
116,160
116,163
116,164
116,165
116,166
116,169
116,171
116,172
116,173
116,176
116,178
116,179
116,180
116,181
116,182
116,186
116,189
116,190
116,192
116,193
117,119
117,121
117,122
117,123
117,124
117,125
117,127
117,129
117,130
117,133
117,139
117,147
117,150
117,155
117,157
117,158
117,161
117,167
117,169
117,173
117,188
117,191
117,192
118,120
118,122
118,123
118,125
118,126
118,129
118,131
118,132
118,134
118,143
118,146
118,147
118,153
118,155
118,156
118,158
118,160
118,163
118,164
118,165
118,166
118,169
118,171
118,172
118,173
118,176
118,178
118,179
118,180
118,181
118,182
118,186
118,189
118,190
118,192
118,193
119,120
119,121
119,125
119,128
119,129
119,138
119,139
119,141
119,142
119,146
119,152
119,153
119,156
119,157
119,159
119,160
119,162
119,167
119,173
119,175
119,176
119,183
119,185
119,187
119,191
119,192
119,199
120,121
120,122
120,123
120,124
120,125
120,126
120,129
120,131
120,132
120,134
120,143
120,146
120,147
120,153
120,155
120,156
120,158
120,160
120,163
120,164
120,165
120,166
120,169
120,171
120,172
120,173
120,176
120,178
120,179
120,180
120,181
120,182
120,186
120,189
120,190
120,192
120,193
121,123
121,126
121,128
121,130
121,131
121,133
121,136
121,137
121,141
121,142
121,144
121,147
121,153
121,154
121,155
121,156
121,157
121,159
121,160
121,161
121,169
121,170
121,173
121,174
121,176
121,177
121,183
121,186
121,187
121,191
121,192
121,198
121,199
122,123
122,124
122,125
122,126
122,128
122,129
122,130
122,131
122,132
122,133
122,134
122,137
122,138
122,139
122,140
122,141
122,142
122,143
122,144
122,145
122,146
122,147
122,152
122,153
122,154
122,155
122,156
122,158
122,160
122,163
122,164
122,165
122,166
122,167
122,169
122,171
122,172
122,173
122,176
122,178
122,179
122,180
122,181
122,182
122,186
122,189
122,190
122,192
122,193
123,124
123,125
123,126
123,128
123,129
123,131
123,132
123,134
123,136
123,137
123,138
123,139
123,140
123,141
123,142
123,143
123,145
123,146
123,147
123,149
123,150
123,151
123,152
123,153
123,154
123,155
123,156
123,158
123,160
123,163
123,164
123,165
123,166
123,169
123,171
123,172
123,173
123,176
123,178
123,179
123,180
123,181
123,182
123,186
123,189
123,190
123,192
123,193
124,125
124,126
124,128
124,129
124,130
124,131
124,132
124,136
125,126
125,127
125,128
125,129
125,130
125,131
125,132
125,134
125,135
125,136
125,141
125,142
125,143
125,145
125,146
125,147
125,152
125,153
125,155
125,156
125,158
125,160
125,163
125,164
125,165
125,166
125,167
125,169
125,171
125,172
125,173
125,175
125,176
125,178
125,179
125,180
125,181
125,182
125,186
125,189
125,190
125,191
125,192
125,193
125,198
125,199
126,127
126,128
126,129
126,130
126,131
126,132
126,133
126,134
126,136
126,137
126,138
126,139
126,142
126,143
126,146
126,147
126,149
126,151
126,152
126,153
126,155
126,156
126,158
126,160
126,161
126,162
126,163
126,164
126,165
126,166
126,169
126,171
126,172
126,173
126,174
126,175
126,176
126,178
126,179
126,180
126,181
126,182
126,183
126,186
126,189
126,190
126,192
126,193
126,197
126,198
127,129
127,131
127,132
127,133
127,134
127,135
127,137
127,138
127,139
127,140
127,142
127,145
127,150
127,151
127,152
127,154
127,156
127,159
127,161
127,162
127,163
127,164
127,167
127,174
127,175
127,177
127,179
128,131
128,132
128,133
128,134
128,135
128,136
128,139
128,141
128,142
128,144
128,145
128,147
128,148
128,149
128,150
128,151
128,152
128,153
128,154
128,156
128,157
128,159
128,161
128,162
129,130
129,131
129,132
129,133
129,134
129,136
129,138
129,142
129,143
129,145
129,146
129,147
129,148
129,149
129,150
129,151
129,152
129,153
129,154
129,155
129,156
129,158
129,160
129,161
129,163
129,164
129,165
129,166
129,168
129,169
129,170
129,171
129,172
129,173
129,175
129,176
129,177
129,178
129,179
129,180
129,181
129,182
129,186
129,188
129,189
129,190
129,191
129,192
129,193
129,197
129,198
130,131
130,132
130,133
130,137
130,138
130,139
130,141
130,144
130,147
130,150
130,151
130,152
130,157
130,159
130,160
130,161
130,162
130,164
130,167
130,168
130,169
130,170
130,173
130,174
130,175
130,177
130,179
130,183
130,185
130,187
130,188
130,191
130,197
130,198
130,199
131,132
131,134
131,135
131,136
131,137
131,139
131,140
131,141
131,143
131,146
131,147
131,151
131,152
131,153
131,154
131,155
131,156
131,158
131,159
131,160
131,162
131,163
131,164
131,165
131,166
131,169
131,171
131,172
131,173
131,174
131,175
131,176
131,178
131,179
131,180
131,181
131,182
131,186
131,189
131,190
131,191
131,192
131,193
131,197
131,198
132,134
132,137
132,139
132,140
132,143
132,146
132,147
132,153
132,155
132,156
132,158
132,160
132,163
132,164
132,165
132,166
132,169
132,171
132,172
132,173
132,176
132,178
132,179
132,180
132,181
132,182
132,186
132,189
132,190
132,192
132,193
133,134
133,137
133,138
133,139
133,141
133,148
133,150
133,152
133,154
133,161
133,162
133,163
133,171
133,174
133,176
133,177
133,179
133,183
133,186
133,188
133,191
133,192
133,196
133,198
134,137
134,138
134,139
134,140
134,141
134,142
134,143
134,144
134,146
134,147
134,153
134,155
134,156
134,158
134,160
134,163
134,164
134,165
134,166
134,169
134,171
134,172
134,173
134,176
134,178
134,179
134,180
134,181
134,182
134,186
134,189
134,190
134,192
134,193
135,137
135,138
135,140
135,142
135,144
135,145
135,149
135,150
135,152
135,153
135,154
135,156
135,157
135,158
135,159
135,161
135,162
135,163
135,167
135,169
135,171
135,173
135,174
135,176
135,177
135,178
135,179
135,180
135,185
135,186
135,188
135,190
135,192
136,137
136,139
136,140
136,141
136,142
136,144
136,145
136,146
136,147
136,149
136,150
136,151
136,152
136,153
137,140
138,140
138,141
138,142
138,144
138,145
138,146
139,140
139,141
139,142
139,144
139,145
139,148
139,154
139,156
139,164
139,167
139,170
139,175
139,177
139,178
139,180
139,186
139,188
139,190
139,199
140,141
140,142
140,145
140,146
140,148
140,149
140,150
140,152
140,157
140,158
140,163
140,164
140,167
140,168
140,171
140,174
140,175
140,176
140,177
140,178
140,179
140,180
140,181
140,182
140,183
140,184
140,185
140,186
140,188
140,190
140,192
140,197
142,145
142,146
142,147
142,148
142,149
142,150
142,152
142,154
142,155
142,162
142,163
142,164
142,167
142,168
142,169
142,170
142,171
142,175
142,176
142,184
142,186
142,190
142,191
142,193
142,197
142,198
143,145
143,146
143,147
143,153
143,155
143,156
143,158
143,160
143,163
143,164
143,165
143,166
143,169
143,171
143,172
143,173
143,176
143,178
143,179
143,180
143,181
143,182
143,186
143,189
143,190
143,192
143,193
144,146
144,147
144,149
144,155
144,157
144,159
144,163
144,164
144,168
144,169
145,146
145,147
145,148
145,149
145,151
145,153
145,156
145,159
145,160
145,161
145,162
145,163
145,165
145,167
145,169
145,171
145,183
145,185
145,187
146,147
146,149
146,150
146,151
146,153
146,155
146,156
146,158
146,160
146,163
146,164
146,165
146,166
146,169
146,171
146,172
146,173
146,176
146,178
146,179
146,180
146,181
146,182
146,186
146,189
146,190
146,192
146,193
147,149
147,151
147,152
147,153
147,155
147,156
147,157
147,158
147,159
147,160
147,163
147,164
147,165
147,166
147,169
147,171
147,172
147,173
147,174
147,175
147,176
147,177
147,178
147,179
147,180
147,181
147,182
147,186
147,189
147,190
147,191
147,192
147,193
147,194
147,195
147,197
147,199
148,149
148,151
148,154
148,156
148,157
148,162
148,164
148,165
148,167
148,170
148,173
148,174
148,175
148,177
148,182
148,185
148,186
148,187
148,192
148,195
148,197
148,198
148,199
149,151
149,153
149,155
149,156
149,157
149,158
149,160
149,161
149,163
149,164
149,165
150,152
150,153
150,155
150,156
150,157
150,158
150,159
150,160
150,161
150,163
150,164
150,165
150,166
150,167
150,168
150,169
150,173
150,174
150,175
150,179
150,180
150,182
150,184
150,187
150,188
150,190
150,191
150,192
150,195
150,197
150,198
151,152
151,153
151,156
151,157
151,158
151,159
151,160
151,161
151,163
151,164
151,165
151,166
151,167
151,168
151,169
151,170
151,171
151,175
151,177
151,179
151,182
151,185
151,186
151,187
151,188
151,189
151,190
151,191
151,192
151,195
151,197
151,199
152,154
152,158
152,159
152,160
152,161
152,165
152,166
152,167
152,168
152,170
152,171
152,172
152,173
152,179
152,180
152,181
152,182
152,183
152,184
153,154
153,155
153,156
153,158
153,160
153,161
153,162
153,163
153,164
153,165
153,166
153,169
153,171
153,172
153,173
153,176
153,177
153,178
153,179
153,180
153,181
153,182
153,185
153,186
153,188
153,189
153,190
153,192
153,193
153,195
153,197
153,198
154,156
154,157
155,156
155,158
155,160
155,163
155,164
155,165
155,166
155,167
155,169
155,170
155,171
155,172
155,173
155,174
155,175
155,176
155,177
155,178
155,179
155,180
155,181
155,182
155,186
155,189
155,190
155,192
155,193
156,157
156,158
156,159
156,160
156,163
156,164
156,165
156,166
156,169
156,171
156,172
156,173
156,176
156,178
156,179
156,180
156,181
156,182
156,186
156,189
156,190
156,192
156,193
157,159
157,160
157,162
157,165
157,166
157,168
157,174
157,175
157,177
157,179
157,185
157,199
158,160
158,163
158,164
158,165
158,166
158,169
158,171
158,172
158,173
158,176
158,178
158,179
158,180
158,181
158,182
158,186
158,189
158,190
158,192
158,193
159,163
159,166
159,167
159,168
159,169
159,175
159,176
159,177
159,178
159,181
159,182
159,183
159,188
159,192
159,194
159,196
159,197
159,198
160,163
160,164
160,165
160,166
160,169
160,171
160,172
160,173
160,176
160,178
160,179
160,180
160,181
160,182
160,186
160,189
160,190
160,192
160,193
161,163
161,166
161,167
161,168
161,170
161,176
161,177
161,178
161,179
161,181
161,184
161,185
161,188
161,190
161,191
161,192
161,194
161,195
161,196
161,197
161,198
162,163
162,164
162,165
162,170
162,174
162,175
162,176
162,177
162,178
162,179
162,182
162,183
162,185
162,188
162,189
162,190
162,195
162,197
162,199
163,164
163,165
163,166
163,169
163,171
163,172
163,173
163,174
163,176
163,177
163,178
163,179
163,180
163,181
163,182
163,185
163,186
163,188
163,189
163,190
163,191
163,192
163,193
163,196
163,197
163,198
163,199
164,165
164,166
164,169
164,170
164,171
164,172
164,173
164,176
164,178
164,179
164,180
164,181
164,182
164,184
164,186
164,187
164,189
164,190
164,192
164,193
164,194
164,195
164,196
164,199
165,166
165,169
165,170
165,171
165,172
165,173
165,176
165,178
165,179
165,180
165,181
165,182
165,186
165,189
165,190
165,192
165,193
166,169
166,170
166,171
166,172
166,173
166,176
166,178
166,179
166,180
166,181
166,182
166,186
166,189
166,190
166,192
166,193
167,170
167,172
167,174
167,176
167,185
167,188
167,189
167,191
167,193
167,196
167,197
168,172
168,173
168,175
168,176
168,178
168,184
168,187
168,188
168,190
168,194
168,195
168,199
169,171
169,172
169,173
169,174
169,175
169,176
169,177
169,178
169,179
169,180
169,181
169,182
169,183
169,184
169,186
169,187
169,188
169,189
169,190
169,191
169,192
169,193
169,194
169,195
169,196
169,197
169,199
170,172
170,173
170,174
171,172
171,173
171,176
171,178
171,179
171,180
171,181
171,182
171,186
171,189
171,190
171,192
171,193
171,196
171,198
171,199
172,173
172,176
172,178
172,179
172,180
172,181
172,182
172,184
172,185
172,186
172,187
172,188
172,189
172,190
172,192
172,193
172,197
172,198
172,199
173,174
173,175
173,176
173,177
173,178
173,179
173,180
173,181
173,182
173,186
173,189
173,190
173,192
173,193
175,177
175,185
175,188
175,190
175,193
175,194
175,195
175,196
176,177
176,178
176,179
176,180
176,181
176,182
176,186
176,189
176,190
176,192
176,193
176,195
176,196
176,198
177,179
177,180
177,183
177,184
177,185
177,187
177,188
177,189
177,191
177,194
177,198
178,179
178,180
178,181
178,182
178,184
178,185
178,186
178,187
178,188
178,189
178,190
178,192
178,193
178,195
178,197
178,198
179,180
179,181
179,182
179,185
179,186
179,187
179,188
179,189
179,190
179,192
179,193
179,194
179,195
179,196
179,197
179,198
180,181
180,182
180,184
180,185
180,186
180,188
180,189
180,190
180,191
180,192
180,193
180,196
180,197
180,198
180,199
181,182
181,183
181,184
181,185
181,186
181,187
181,188
181,189
181,190
181,191
181,192
181,193
181,194
181,195
182,186
182,189
182,190
182,192
182,193
182,195
182,197
182,199
183,184
183,187
183,188
183,190
183,191
183,194
183,195
183,196
183,197
183,198
183,199
184,187
184,189
184,190
185,187
185,188
186,187
186,189
186,190
186,192
186,193
186,196
186,199
187,188
188,189
188,190
188,192
188,194
188,197
188,199
189,190
189,192
189,193
189,194
189,196
189,197
190,192
190,193
190,194
190,198
190,199
191,192
191,194
191,195
191,196
191,197
191,198
191,199
192,193
192,194
192,195
192,196
192,197
192,198
193,194
193,196
193,197
193,198
193,199
194,196
194,197
195,199
196,198
197,198
197,199
