0,1
0,2
0,3
0,4
0,5
0,6
0,7
0,8
0,9
0,10
0,11
0,12
0,13
0,14
0,15
0,16
0,17
0,18
0,19
0,20
0,21
0,22
0,23
0,24
0,25
0,26
0,27
0,28
0,29
0,30
0,31
0,32
0,33
0,34
0,35
0,36
0,37
0,38
0,39
0,40
0,41
0,42
0,43
0,44
0,45
0,46
0,47
0,48
0,49
0,50
0,51
0,52
0,53
0,54
0,55
0,56
0,57
0,58
0,59
0,60
0,61
0,62
0,63
0,64
0,65
0,66
0,67
0,68
0,69
0,70
0,71
0,72
0,73
0,74
0,75
0,77
0,80
0,81
0,82
0,84
0,85
0,92
0,94
0,103
0,104
0,107
0,109
0,110
0,111
0,113
0,114
0,115
0,117
0,118
0,122
0,125
0,130
0,132
0,135
0,136
0,137
0,143
0,144
0,145
0,146
0,147
0,148
0,150
0,153
0,163
0,165
0,167
0,169
0,170
0,172
0,174
0,175
0,177
0,178
0,181
0,183
0,187
0,188
0,189
0,191
0,196
0,197
0,198
1,2
1,3
1,4
1,5
1,6
1,7
1,8
1,9
1,10
1,11
1,12
1,13
1,14
1,15
1,16
1,17
1,18
1,19
1,20
1,21
1,22
1,23
1,24
1,25
1,26
1,27
1,28
1,29
1,30
1,31
1,32
1,33
1,34
1,35
1,36
1,37
1,38
1,39
1,40
1,41
1,42
1,43
1,44
1,45
1,46
1,47
1,48
1,49
1,50
1,51
1,52
1,53
1,54
1,55
1,56
1,57
1,58
1,59
1,60
1,61
1,62
1,63
1,64
1,65
1,66
1,67
1,68
1,69
1,70
1,71
1,72
1,73
1,74
1,75
1,77
1,80
1,81
1,82
1,84
1,85
1,92
1,94
1,103
1,104
1,107
1,109
1,110
1,111
1,113
1,114
1,115
1,117
1,118
1,122
1,125
1,130
1,132
1,135
1,136
1,137
1,143
1,144
1,145
1,146
1,147
1,148
1,150
1,153
1,163
1,165
1,167
1,169
1,170
1,172
1,174
1,175
1,177
1,178
1,181
1,183
1,187
1,188
1,189
1,191
1,196
1,197
1,198
2,3
2,4
2,5
2,6
2,7
2,8
2,9
2,10
2,11
2,12
2,13
2,14
2,15
2,16
2,17
2,18
2,19
2,20
2,21
2,22
2,23
2,24
2,25
2,26
2,27
2,28
2,29
2,30
2,31
2,32
2,33
2,34
2,35
2,36
2,37
2,38
2,39
2,40
2,41
2,42
2,43
2,44
2,45
2,46
2,47
2,48
2,49
2,50
2,51
2,52
2,53
2,54
2,55
2,56
2,57
2,58
2,59
2,60
2,61
2,62
2,63
2,64
2,65
2,66
2,67
2,68
2,69
2,70
2,71
2,72
2,73
2,74
2,75
3,4
3,5
3,6
3,7
3,8
3,9
3,10
3,11
3,12
3,13
3,14
3,15
3,16
3,17
3,18
3,19
3,20
3,21
3,22
3,23
3,24
3,25
3,26
3,27
3,28
3,29
3,30
3,31
3,32
3,33
3,34
3,35
3,36
3,37
3,38
3,39
3,40
3,41
3,42
3,43
3,44
3,45
3,46
3,47
3,48
3,49
3,50
3,51
3,52
3,53
3,54
3,55
3,56
3,57
3,58
3,59
3,60
3,61
3,62
3,63
3,64
3,65
3,66
3,67
3,68
3,69
3,70
3,71
3,72
3,73
3,74
3,75
3,77
3,80
3,81
3,82
3,84
3,85
3,92
3,94
3,103
3,104
3,107
3,109
3,110
3,111
3,113
3,114
3,115
3,117
3,118
3,122
3,125
3,130
3,132
3,135
3,136
3,137
3,143
3,144
3,145
3,146
3,147
3,148
3,150
3,153
3,163
3,165
3,167
3,169
3,170
3,172
3,174
3,175
3,177
3,178
3,181
3,183
3,187
3,188
3,189
3,191
3,196
3,197
3,198
4,5
4,6
4,7
4,8
4,9
4,10
4,11
4,12
4,13
4,14
4,15
4,16
4,17
4,18
4,19
4,20
4,21
4,22
4,23
4,24
4,25
4,26
4,27
4,28
4,29
4,30
4,31
4,32
4,33
4,34
4,35
4,36
4,37
4,38
4,39
4,40
4,41
4,42
4,43
4,44
4,45
4,46
4,47
4,48
4,49
4,50
4,51
4,52
4,53
4,54
4,55
4,56
4,57
4,58
4,59
4,60
4,61
4,62
4,63
4,64
4,65
4,66
4,67
4,68
4,69
4,70
4,71
4,72
4,73
4,74
4,75
4,77
4,80
4,81
4,82
4,84
4,85
4,92
4,94
4,103
4,104
4,107
4,109
4,110
4,111
4,113
4,114
4,115
4,117
4,118
4,122
4,125
4,130
4,132
4,135
4,136
4,137
4,143
4,144
4,145
4,146
4,147
4,148
4,150
4,153
4,163
4,165
4,167
4,169
4,170
4,172
4,174
4,175
4,177
4,178
4,181
4,183
4,187
4,188
4,189
4,191
4,196
4,197
4,198
5,6
5,7
5,8
5,9
5,10
5,11
5,12
5,13
5,14
5,15
5,16
5,17
5,18
5,19
5,20
5,21
5,22
5,23
5,24
5,25
5,26
5,27
5,28
5,29
5,30
5,31
5,32
5,33
5,34
5,35
5,36
5,37
5,38
5,39
5,40
5,41
5,42
5,43
5,44
5,45
5,46
5,47
5,48
5,49
5,50
5,51
5,52
5,53
5,54
5,55
5,56
5,57
5,58
5,59
5,60
5,61
5,62
5,63
5,64
5,65
5,66
5,67
5,68
5,69
5,70
5,71
5,72
5,73
5,74
5,75
6,7
6,8
6,9
6,10
6,11
6,12
6,13
6,14
6,15
6,16
6,17
6,18
6,19
6,20
6,21
6,22
6,23
6,24
6,25
6,26
6,27
6,28
6,29
6,30
6,31
6,32
6,33
6,34
6,35
6,36
6,37
6,38
6,39
6,40
6,41
6,42
6,43
6,44
6,45
6,46
6,47
6,48
6,49
6,50
6,51
6,52
6,53
6,54
6,55
6,56
6,57
6,58
6,59
6,60
6,61
6,62
6,63
6,64
6,65
6,66
6,67
6,68
6,69
6,70
6,71
6,72
6,73
6,74
6,75
7,8
7,9
7,10
7,11
7,12
7,13
7,14
7,15
7,16
7,17
7,18
7,19
7,20
7,21
7,22
7,23
7,24
7,25
7,26
7,27
7,28
7,29
7,30
7,31
7,32
7,33
7,34
7,35
7,36
7,37
7,38
7,39
7,40
7,41
7,42
7,43
7,44
7,45
7,46
7,47
7,48
7,49
7,50
7,51
7,52
7,53
7,54
7,55
7,56
7,57
7,58
7,59
7,60
7,61
7,62
7,63
7,64
7,65
7,66
7,67
7,68
7,69
7,70
7,71
7,72
7,73
7,74
7,75
8,9
8,10
8,11
8,12
8,13
8,14
8,15
8,16
8,17
8,18
8,19
8,20
8,21
8,22
8,23
8,24
8,25
8,26
8,27
8,28
8,29
8,30
8,31
8,32
8,33
8,34
8,35
8,36
8,37
8,38
8,39
8,40
8,41
8,42
8,43
8,44
8,45
8,46
8,47
8,48
8,49
8,50
8,51
8,52
8,53
8,54
8,55
8,56
8,57
8,58
8,59
8,60
8,61
8,62
8,63
8,64
8,65
8,66
8,67
8,68
8,69
8,70
8,71
8,72
8,73
8,74
8,75
9,10
9,11
9,12
9,13
9,14
9,15
9,16
9,17
9,18
9,19
9,20
9,21
9,22
9,23
9,24
9,25
9,26
9,27
9,28
9,29
9,30
9,31
9,32
9,33
9,34
9,35
9,36
9,37
9,38
9,39
9,40
9,41
9,42
9,43
9,44
9,45
9,46
9,47
9,48
9,49
9,50
9,51
9,52
9,53
9,54
9,55
9,56
9,57
9,58
9,59
9,60
9,61
9,62
9,63
9,64
9,65
9,66
9,67
9,68
9,69
9,70
9,71
9,72
9,73
9,74
9,75
10,11
10,12
10,13
10,14
10,15
10,16
10,17
10,18
10,19
10,20
10,21
10,22
10,23
10,24
10,25
10,26
10,27
10,28
10,29
10,30
10,31
10,32
10,33
10,34
10,35
10,36
10,37
10,38
10,39
10,40
10,41
10,42
10,43
10,44
10,45
10,46
10,47
10,48
10,49
10,50
10,51
10,52
10,53
10,54
10,55
10,56
10,57
10,58
10,59
10,60
10,61
10,62
10,63
10,64
10,65
10,66
10,67
10,68
10,69
10,70
10,71
10,72
10,73
10,74
10,75
11,12
11,13
11,14
11,15
11,16
11,17
11,18
11,19
11,20
11,21
11,22
11,23
11,24
11,25
11,26
11,27
11,28
11,29
11,30
11,31
11,32
11,33
11,34
11,35
11,36
11,37
11,38
11,39
11,40
11,41
11,42
11,43
11,44
11,45
11,46
11,47
11,48
11,49
11,50
11,51
11,52
11,53
11,54
11,55
11,56
11,57
11,58
11,59
11,60
11,61
11,62
11,63
11,64
11,65
11,66
11,67
11,68
11,69
11,70
11,71
11,72
11,73
11,74
11,75
11,77
11,80
11,81
11,82
11,84
11,85
11,92
11,94
11,103
11,104
11,107
11,109
11,110
11,111
11,113
11,114
11,115
11,117
11,118
11,122
11,125
11,130
11,132
11,135
11,136
11,137
11,143
11,144
11,145
11,146
11,147
11,148
11,150
11,153
11,163
11,165
11,167
11,169
11,170
11,172
11,174
11,175
11,177
11,178
11,181
11,183
11,187
11,188
11,189
11,191
11,196
11,197
11,198
12,13
12,14
12,15
12,16
12,17
12,18
12,19
12,20
12,21
12,22
12,23
12,24
12,25
12,26
12,27
12,28
12,29
12,30
12,31
12,32
12,33
12,34
12,35
12,36
12,37
12,38
12,39
12,40
12,41
12,42
12,43
12,44
12,45
12,46
12,47
12,48
12,49
12,50
12,51
12,52
12,53
12,54
12,55
12,56
12,57
12,58
12,59
12,60
12,61
12,62
12,63
12,64
12,65
12,66
12,67
12,68
12,69
12,70
12,71
12,72
12,73
12,74
12,75
13,14
13,15
13,16
13,17
13,18
13,19
13,20
13,21
13,22
13,23
13,24
13,25
13,26
13,27
13,28
13,29
13,30
13,31
13,32
13,33
13,34
13,35
13,36
13,37
13,38
13,39
13,40
13,41
13,42
13,43
13,44
13,45
13,46
13,47
13,48
13,49
13,50
13,51
13,52
13,53
13,54
13,55
13,56
13,57
13,58
13,59
13,60
13,61
13,62
13,63
13,64
13,65
13,66
13,67
13,68
13,69
13,70
13,71
13,72
13,73
13,74
13,75
13,77
13,80
13,81
13,82
13,84
13,85
13,92
13,94
13,103
13,104
13,107
13,109
13,110
13,111
13,113
13,114
13,115
13,117
13,118
13,122
13,125
13,130
13,132
13,135
13,136
13,137
13,143
13,144
13,145
13,146
13,147
13,148
13,150
13,153
13,163
13,165
13,167
13,169
13,170
13,172
13,174
13,175
13,177
13,178
13,181
13,183
13,187
13,188
13,189
13,191
13,196
13,197
13,198
14,15
14,16
14,17
14,18
14,19
14,20
14,21
14,22
14,23
14,24
14,25
14,26
14,27
14,28
14,29
14,30
14,31
14,32
14,33
14,34
14,35
14,36
14,37
14,38
14,39
14,40
14,41
14,42
14,43
14,44
14,45
14,46
14,47
14,48
14,49
14,50
14,51
14,52
14,53
14,54
14,55
14,56
14,57
14,58
14,59
14,60
14,61
14,62
14,63
14,64
14,65
14,66
14,67
14,68
14,69
14,70
14,71
14,72
14,73
14,74
14,75
15,16
15,17
15,18
15,19
15,20
15,21
15,22
15,23
15,24
15,25
15,26
15,27
15,28
15,29
15,30
15,31
15,32
15,33
15,34
15,35
15,36
15,37
15,38
15,39
15,40
15,41
15,42
15,43
15,44
15,45
15,46
15,47
15,48
15,49
15,50
15,51
15,52
15,53
15,54
15,55
15,56
15,57
15,58
15,59
15,60
15,61
15,62
15,63
15,64
15,65
15,66
15,67
15,68
15,69
15,70
15,71
15,72
15,73
15,74
15,75
16,17
16,18
16,19
16,20
16,21
16,22
16,23
16,24
16,25
16,26
16,27
16,28
16,29
16,30
16,31
16,32
16,33
16,34
16,35
16,36
16,37
16,38
16,39
16,40
16,41
16,42
16,43
16,44
16,45
16,46
16,47
16,48
16,49
16,50
16,51
16,52
16,53
16,54
16,55
16,56
16,57
16,58
16,59
16,60
16,61
16,62
16,63
16,64
16,65
16,66
16,67
16,68
16,69
16,70
16,71
16,72
16,73
16,74
16,75
16,77
16,80
16,81
16,82
16,84
16,85
16,92
16,94
16,103
16,104
16,107
16,109
16,110
16,111
16,113
16,114
16,115
16,117
16,118
16,122
16,125
16,130
16,132
16,135
16,136
16,137
16,143
16,144
16,145
16,146
16,147
16,148
16,150
16,153
16,163
16,165
16,167
16,169
16,170
16,172
16,174
16,175
16,177
16,178
16,181
16,183
16,187
16,188
16,189
16,191
16,196
16,197
16,198
17,18
17,19
17,20
17,21
17,22
17,23
17,24
17,25
17,26
17,27
17,28
17,29
17,30
17,31
17,32
17,33
17,34
17,35
17,36
17,37
17,38
17,39
17,40
17,41
17,42
17,43
17,44
17,45
17,46
17,47
17,48
17,49
17,50
17,51
17,52
17,53
17,54
17,55
17,56
17,57
17,58
17,59
17,60
17,61
17,62
17,63
17,64
17,65
17,66
17,67
17,68
17,69
17,70
17,71
17,72
17,73
17,74
17,75
18,19
18,20
18,21
18,22
18,23
18,24
18,25
18,26
18,27
18,28
18,29
18,30
18,31
18,32
18,33
18,34
18,35
18,36
18,37
18,38
18,39
18,40
18,41
18,42
18,43
18,44
18,45
18,46
18,47
18,48
18,49
18,50
18,51
18,52
18,53
18,54
18,55
18,56
18,57
18,58
18,59
18,60
18,61
18,62
18,63
18,64
18,65
18,66
18,67
18,68
18,69
18,70
18,71
18,72
18,73
18,74
18,75
18,77
18,80
18,81
18,82
18,84
18,85
18,92
18,94
18,103
18,104
18,107
18,109
18,110
18,111
18,113
18,114
18,115
18,117
18,118
18,122
18,125
18,130
18,132
18,135
18,136
18,137
18,143
18,144
18,145
18,146
18,147
18,148
18,150
18,153
18,163
18,165
18,167
18,169
18,170
18,172
18,174
18,175
18,177
18,178
18,181
18,183
18,187
18,188
18,189
18,191
18,196
18,197
18,198
19,20
19,21
19,22
19,23
19,24
19,25
19,26
19,27
19,28
19,29
19,30
19,31
19,32
19,33
19,34
19,35
19,36
19,37
19,38
19,39
19,40
19,41
19,42
19,43
19,44
19,45
19,46
19,47
19,48
19,49
19,50
19,51
19,52
19,53
19,54
19,55
19,56
19,57
19,58
19,59
19,60
19,61
19,62
19,63
19,64
19,65
19,66
19,67
19,68
19,69
19,70
19,71
19,72
19,73
19,74
19,75
19,77
19,80
19,81
19,82
19,84
19,85
19,92
19,94
19,103
19,104
19,107
19,109
19,110
19,111
19,113
19,114
19,115
19,117
19,118
19,122
19,125
19,130
19,132
19,135
19,136
19,137
19,143
19,144
19,145
19,146
19,147
19,148
19,150
19,153
19,163
19,165
19,167
19,169
19,170
19,172
19,174
19,175
19,177
19,178
19,181
19,183
19,187
19,188
19,189
19,191
19,196
19,197
19,198
20,21
20,22
20,23
20,24
20,25
20,26
20,27
20,28
20,29
20,30
20,31
20,32
20,33
20,34
20,35
20,36
20,37
20,38
20,39
20,40
20,41
20,42
20,43
20,44
20,45
20,46
20,47
20,48
20,49
20,50
20,51
20,52
20,53
20,54
20,55
20,56
20,57
20,58
20,59
20,60
20,61
20,62
20,63
20,64
20,65
20,66
20,67
20,68
20,69
20,70
20,71
20,72
20,73
20,74
20,75
20,77
20,80
20,81
20,82
20,84
20,85
20,92
20,94
20,103
20,104
20,107
20,109
20,110
20,111
20,113
20,114
20,115
20,117
20,118
20,122
20,125
20,130
20,132
20,135
20,136
20,137
20,143
20,144
20,145
20,146
20,147
20,148
20,150
20,153
20,163
20,165
20,167
20,169
20,170
20,172
20,174
20,175
20,177
20,178
20,181
20,183
20,187
20,188
20,189
20,191
20,196
20,197
20,198
21,22
21,23
21,24
21,25
21,26
21,27
21,28
21,29
21,30
21,31
21,32
21,33
21,34
21,35
21,36
21,37
21,38
21,39
21,40
21,41
21,42
21,43
21,44
21,45
21,46
21,47
21,48
21,49
21,50
21,51
21,52
21,53
21,54
21,55
21,56
21,57
21,58
21,59
21,60
21,61
21,62
21,63
21,64
21,65
21,66
21,67
21,68
21,69
21,70
21,71
21,72
21,73
21,74
21,75
22,23
22,24
22,25
22,26
22,27
22,28
22,29
22,30
22,31
22,32
22,33
22,34
22,35
22,36
22,37
22,38
22,39
22,40
22,41
22,42
22,43
22,44
22,45
22,46
22,47
22,48
22,49
22,50
22,51
22,52
22,53
22,54
22,55
22,56
22,57
22,58
22,59
22,60
22,61
22,62
22,63
22,64
22,65
22,66
22,67
22,68
22,69
22,70
22,71
22,72
22,73
22,74
22,75
23,24
23,25
23,26
23,27
23,28
23,29
23,30
23,31
23,32
23,33
23,34
23,35
23,36
23,37
23,38
23,39
23,40
23,41
23,42
23,43
23,44
23,45
23,46
23,47
23,48
23,49
23,50
23,51
23,52
23,53
23,54
23,55
23,56
23,57
23,58
23,59
23,60
23,61
23,62
23,63
23,64
23,65
23,66
23,67
23,68
23,69
23,70
23,71
23,72
23,73
23,74
23,75
23,77
23,80
23,81
23,82
23,84
23,85
23,92
23,94
23,103
23,104
23,107
23,109
23,110
23,111
23,113
23,114
23,115
23,117
23,118
23,122
23,125
23,130
23,132
23,135
23,136
23,137
23,143
23,144
23,145
23,146
23,147
23,148
23,150
23,153
23,163
23,165
23,167
23,169
23,170
23,172
23,174
23,175
23,177
23,178
23,181
23,183
23,187
23,188
23,189
23,191
23,196
23,197
23,198
24,25
24,26
24,27
24,28
24,29
24,30
24,31
24,32
24,33
24,34
24,35
24,36
24,37
24,38
24,39
24,40
24,41
24,42
24,43
24,44
24,45
24,46
24,47
24,48
24,49
24,50
24,51
24,52
24,53
24,54
24,55
24,56
24,57
24,58
24,59
24,60
24,61
24,62
24,63
24,64
24,65
24,66
24,67
24,68
24,69
24,70
24,71
24,72
24,73
24,74
24,75
24,77
24,80
24,81
24,82
24,84
24,85
24,92
24,94
24,103
24,104
24,107
24,109
24,110
24,111
24,113
24,114
24,115
24,117
24,118
24,122
24,125
24,130
24,132
24,135
24,136
24,137
24,143
24,144
24,145
24,146
24,147
24,148
24,150
24,153
24,163
24,165
24,167
24,169
24,170
24,172
24,174
24,175
24,177
24,178
24,181
24,183
24,187
24,188
24,189
24,191
24,196
24,197
24,198
25,26
25,27
25,28
25,29
25,30
25,31
25,32
25,33
25,34
25,35
25,36
25,37
25,38
25,39
25,40
25,41
25,42
25,43
25,44
25,45
25,46
25,47
25,48
25,49
25,50
25,51
25,52
25,53
25,54
25,55
25,56
25,57
25,58
25,59
25,60
25,61
25,62
25,63
25,64
25,65
25,66
25,67
25,68
25,69
25,70
25,71
25,72
25,73
25,74
25,75
25,77
25,80
25,81
25,82
25,84
25,85
25,92
25,94
25,103
25,104
25,107
25,109
25,110
25,111
25,113
25,114
25,115
25,117
25,118
25,122
25,125
25,130
25,132
25,135
25,136
25,137
25,143
25,144
25,145
25,146
25,147
25,148
25,150
25,153
25,163
25,165
25,167
25,169
25,170
25,172
25,174
25,175
25,177
25,178
25,181
25,183
25,187
25,188
25,189
25,191
25,196
25,197
25,198
26,27
26,28
26,29
26,30
26,31
26,32
26,33
26,34
26,35
26,36
26,37
26,38
26,39
26,40
26,41
26,42
26,43
26,44
26,45
26,46
26,47
26,48
26,49
26,50
26,51
26,52
26,53
26,54
26,55
26,56
26,57
26,58
26,59
26,60
26,61
26,62
26,63
26,64
26,65
26,66
26,67
26,68
26,69
26,70
26,71
26,72
26,73
26,74
26,75
27,28
27,29
27,30
27,31
27,32
27,33
27,34
27,35
27,36
27,37
27,38
27,39
27,40
27,41
27,42
27,43
27,44
27,45
27,46
27,47
27,48
27,49
27,50
27,51
27,52
27,53
27,54
27,55
27,56
27,57
27,58
27,59
27,60
27,61
27,62
27,63
27,64
27,65
27,66
27,67
27,68
27,69
27,70
27,71
27,72
27,73
27,74
27,75
28,29
28,30
28,31
28,32
28,33
28,34
28,35
28,36
28,37
28,38
28,39
28,40
28,41
28,42
28,43
28,44
28,45
28,46
28,47
28,48
28,49
28,50
28,51
28,52
28,53
28,54
28,55
28,56
28,57
28,58
28,59
28,60
28,61
28,62
28,63
28,64
28,65
28,66
28,67
28,68
28,69
28,70
28,71
28,72
28,73
28,74
28,75
28,77
28,80
28,81
28,82
28,84
28,85
28,92
28,94
28,103
28,104
28,107
28,109
28,110
28,111
28,113
28,114
28,115
28,117
28,118
28,122
28,125
28,130
28,132
28,135
28,136
28,137
28,143
28,144
28,145
28,146
28,147
28,148
28,150
28,153
28,163
28,165
28,167
28,169
28,170
28,172
28,174
28,175
28,177
28,178
28,181
28,183
28,187
28,188
28,189
28,191
28,196
28,197
28,198
29,30
29,31
29,32
29,33
29,34
29,35
29,36
29,37
29,38
29,39
29,40
29,41
29,42
29,43
29,44
29,45
29,46
29,47
29,48
29,49
29,50
29,51
29,52
29,53
29,54
29,55
29,56
29,57
29,58
29,59
29,60
29,61
29,62
29,63
29,64
29,65
29,66
29,67
29,68
29,69
29,70
29,71
29,72
29,73
29,74
29,75
29,77
29,80
29,81
29,82
29,84
29,85
29,92
29,94
29,103
29,104
29,107
29,109
29,110
29,111
29,113
29,114
29,115
29,117
29,118
29,122
29,125
29,130
29,132
29,135
29,136
29,137
29,143
29,144
29,145
29,146
29,147
29,148
29,150
29,153
29,163
29,165
29,167
29,169
29,170
29,172
29,174
29,175
29,177
29,178
29,181
29,183
29,187
29,188
29,189
29,191
29,196
29,197
29,198
30,31
30,32
30,33
30,34
30,35
30,36
30,37
30,38
30,39
30,40
30,41
30,42
30,43
30,44
30,45
30,46
30,47
30,48
30,49
30,50
30,51
30,52
30,53
30,54
30,55
30,56
30,57
30,58
30,59
30,60
30,61
30,62
30,63
30,64
30,65
30,66
30,67
30,68
30,69
30,70
30,71
30,72
30,73
30,74
30,75
31,32
31,33
31,34
31,35
31,36
31,37
31,38
31,39
31,40
31,41
31,42
31,43
31,44
31,45
31,46
31,47
31,48
31,49
31,50
31,51
31,52
31,53
31,54
31,55
31,56
31,57
31,58
31,59
31,60
31,61
31,62
31,63
31,64
31,65
31,66
31,67
31,68
31,69
31,70
31,71
31,72
31,73
31,74
31,75
32,33
32,34
32,35
32,36
32,37
32,38
32,39
32,40
32,41
32,42
32,43
32,44
32,45
32,46
32,47
32,48
32,49
32,50
32,51
32,52
32,53
32,54
32,55
32,56
32,57
32,58
32,59
32,60
32,61
32,62
32,63
32,64
32,65
32,66
32,67
32,68
32,69
32,70
32,71
32,72
32,73
32,74
32,75
33,34
33,35
33,36
33,37
33,38
33,39
33,40
33,41
33,42
33,43
33,44
33,45
33,46
33,47
33,48
33,49
33,50
33,51
33,52
33,53
33,54
33,55
33,56
33,57
33,58
33,59
33,60
33,61
33,62
33,63
33,64
33,65
33,66
33,67
33,68
33,69
33,70
33,71
33,72
33,73
33,74
33,75
34,35
34,36
34,37
34,38
34,39
34,40
34,41
34,42
34,43
34,44
34,45
34,46
34,47
34,48
34,49
34,50
34,51
34,52
34,53
34,54
34,55
34,56
34,57
34,58
34,59
34,60
34,61
34,62
34,63
34,64
34,65
34,66
34,67
34,68
34,69
34,70
34,71
34,72
34,73
34,74
34,75
35,36
35,37
35,38
35,39
35,40
35,41
35,42
35,43
35,44
35,45
35,46
35,47
35,48
35,49
35,50
35,51
35,52
35,53
35,54
35,55
35,56
35,57
35,58
35,59
35,60
35,61
35,62
35,63
35,64
35,65
35,66
35,67
35,68
35,69
35,70
35,71
35,72
35,73
35,74
35,75
36,37
36,38
36,39
36,40
36,41
36,42
36,43
36,44
36,45
36,46
36,47
36,48
36,49
36,50
36,51
36,52
36,53
36,54
36,55
36,56
36,57
36,58
36,59
36,60
36,61
36,62
36,63
36,64
36,65
36,66
36,67
36,68
36,69
36,70
36,71
36,72
36,73
36,74
36,75
37,38
37,39
37,40
37,41
37,42
37,43
37,44
37,45
37,46
37,47
37,48
37,49
37,50
37,51
37,52
37,53
37,54
37,55
37,56
37,57
37,58
37,59
37,60
37,61
37,62
37,63
37,64
37,65
37,66
37,67
37,68
37,69
37,70
37,71
37,72
37,73
37,74
37,75
38,39
38,40
38,41
38,42
38,43
38,44
38,45
38,46
38,47
38,48
38,49
38,50
38,51
38,52
38,53
38,54
38,55
38,56
38,57
38,58
38,59
38,60
38,61
38,62
38,63
38,64
38,65
38,66
38,67
38,68
38,69
38,70
38,71
38,72
38,73
38,74
38,75
39,40
39,41
39,42
39,43
39,44
39,45
39,46
39,47
39,48
39,49
39,50
39,51
39,52
39,53
39,54
39,55
39,56
39,57
39,58
39,59
39,60
39,61
39,62
39,63
39,64
39,65
39,66
39,67
39,68
39,69
39,70
39,71
39,72
39,73
39,74
39,75
40,41
40,42
40,43
40,44
40,45
40,46
40,47
40,48
40,49
40,50
40,51
40,52
40,53
40,54
40,55
40,56
40,57
40,58
40,59
40,60
40,61
40,62
40,63
40,64
40,65
40,66
40,67
40,68
40,69
40,70
40,71
40,72
40,73
40,74
40,75
41,42
41,43
41,44
41,45
41,46
41,47
41,48
41,49
41,50
41,51
41,52
41,53
41,54
41,55
41,56
41,57
41,58
41,59
41,60
41,61
41,62
41,63
41,64
41,65
41,66
41,67
41,68
41,69
41,70
41,71
41,72
41,73
41,74
41,75
42,43
42,44
42,45
42,46
42,47
42,48
42,49
42,50
42,51
42,52
42,53
42,54
42,55
42,56
42,57
42,58
42,59
42,60
42,61
42,62
42,63
42,64
42,65
42,66
42,67
42,68
42,69
42,70
42,71
42,72
42,73
42,74
42,75
42,77
42,80
42,81
42,82
42,84
42,85
42,92
42,94
42,103
42,104
42,107
42,109
42,110
42,111
42,113
42,114
42,115
42,117
42,118
42,122
42,125
42,130
42,132
42,135
42,136
42,137
42,143
42,144
42,145
42,146
42,147
42,148
42,150
42,153
42,163
42,165
42,167
42,169
42,170
42,172
42,174
42,175
42,177
42,178
42,181
42,183
42,187
42,188
42,189
42,191
42,196
42,197
42,198
43,44
43,45
43,46
43,47
43,48
43,49
43,50
43,51
43,52
43,53
43,54
43,55
43,56
43,57
43,58
43,59
43,60
43,61
43,62
43,63
43,64
43,65
43,66
43,67
43,68
43,69
43,70
43,71
43,72
43,73
43,74
43,75
44,45
44,46
44,47
44,48
44,49
44,50
44,51
44,52
44,53
44,54
44,55
44,56
44,57
44,58
44,59
44,60
44,61
44,62
44,63
44,64
44,65
44,66
44,67
44,68
44,69
44,70
44,71
44,72
44,73
44,74
44,75
45,46
45,47
45,48
45,49
45,50
45,51
45,52
45,53
45,54
45,55
45,56
45,57
45,58
45,59
45,60
45,61
45,62
45,63
45,64
45,65
45,66
45,67
45,68
45,69
45,70
45,71
45,72
45,73
45,74
45,75
46,47
46,48
46,49
46,50
46,51
46,52
46,53
46,54
46,55
46,56
46,57
46,58
46,59
46,60
46,61
46,62
46,63
46,64
46,65
46,66
46,67
46,68
46,69
46,70
46,71
46,72
46,73
46,74
46,75
47,48
47,49
47,50
47,51
47,52
47,53
47,54
47,55
47,56
47,57
47,58
47,59
47,60
47,61
47,62
47,63
47,64
47,65
47,66
47,67
47,68
47,69
47,70
47,71
47,72
47,73
47,74
47,75
47,77
47,80
47,81
47,82
47,84
47,85
47,92
47,94
47,103
47,104
47,107
47,109
47,110
47,111
47,113
47,114
47,115
47,117
47,118
47,122
47,125
47,130
47,132
47,135
47,136
47,137
47,143
47,144
47,145
47,146
47,147
47,148
47,150
47,153
47,163
47,165
47,167
47,169
47,170
47,172
47,174
47,175
47,177
47,178
47,181
47,183
47,187
47,188
47,189
47,191
47,196
47,197
47,198
48,49
48,50
48,51
48,52
48,53
48,54
48,55
48,56
48,57
48,58
48,59
48,60
48,61
48,62
48,63
48,64
48,65
48,66
48,67
48,68
48,69
48,70
48,71
48,72
48,73
48,74
48,75
49,50
49,51
49,52
49,53
49,54
49,55
49,56
49,57
49,58
49,59
49,60
49,61
49,62
49,63
49,64
49,65
49,66
49,67
49,68
49,69
49,70
49,71
49,72
49,73
49,74
49,75
50,51
50,52
50,53
50,54
50,55
50,56
50,57
50,58
50,59
50,60
50,61
50,62
50,63
50,64
50,65
50,66
50,67
50,68
50,69
50,70
50,71
50,72
50,73
50,74
50,75
51,52
51,53
51,54
51,55
51,56
51,57
51,58
51,59
51,60
51,61
51,62
51,63
51,64
51,65
51,66
51,67
51,68
51,69
51,70
51,71
51,72
51,73
51,74
51,75
51,77
51,80
51,81
51,82
51,84
51,85
51,92
51,94
51,103
51,104
51,107
51,109
51,110
51,111
51,113
51,114
51,115
51,117
51,118
51,122
51,125
51,130
51,132
51,135
51,136
51,137
51,143
51,144
51,145
51,146
51,147
51,148
51,150
51,153
51,163
51,165
51,167
51,169
51,170
51,172
51,174
51,175
51,177
51,178
51,181
51,183
51,187
51,188
51,189
51,191
51,196
51,197
51,198
52,53
52,54
52,55
52,56
52,57
52,58
52,59
52,60
52,61
52,62
52,63
52,64
52,65
52,66
52,67
52,68
52,69
52,70
52,71
52,72
52,73
52,74
52,75
52,77
52,80
52,81
52,82
52,84
52,85
52,92
52,94
52,103
52,104
52,107
52,109
52,110
52,111
52,113
52,114
52,115
52,117
52,118
52,122
52,125
52,130
52,132
52,135
52,136
52,137
52,143
52,144
52,145
52,146
52,147
52,148
52,150
52,153
52,163
52,165
52,167
52,169
52,170
52,172
52,174
52,175
52,177
52,178
52,181
52,183
52,187
52,188
52,189
52,191
52,196
52,197
52,198
53,54
53,55
53,56
53,57
53,58
53,59
53,60
53,61
53,62
53,63
53,64
53,65
53,66
53,67
53,68
53,69
53,70
53,71
53,72
53,73
53,74
53,75
54,55
54,56
54,57
54,58
54,59
54,60
54,61
54,62
54,63
54,64
54,65
54,66
54,67
54,68
54,69
54,70
54,71
54,72
54,73
54,74
54,75
55,56
55,57
55,58
55,59
55,60
55,61
55,62
55,63
55,64
55,65
55,66
55,67
55,68
55,69
55,70
55,71
55,72
55,73
55,74
55,75
56,57
56,58
56,59
56,60
56,61
56,62
56,63
56,64
56,65
56,66
56,67
56,68
56,69
56,70
56,71
56,72
56,73
56,74
56,75
57,58
57,59
57,60
57,61
57,62
57,63
57,64
57,65
57,66
57,67
57,68
57,69
57,70
57,71
57,72
57,73
57,74
58,59
58,60
58,61
58,62
58,63
58,64
58,65
58,66
58,67
58,68
58,69
58,70
58,71
58,72
58,73
58,74
58,75
59,60
59,61
59,62
59,63
59,64
59,65
59,66
59,67
59,68
59,69
59,70
59,71
59,72
59,73
59,74
59,75
60,61
60,62
60,63
60,64
60,65
60,66
60,67
60,68
60,69
60,70
60,71
60,72
60,73
60,74
60,75
61,62
61,63
61,64
61,65
61,66
61,67
61,68
61,69
61,70
61,71
61,72
61,73
61,74
61,75
62,63
62,64
62,65
62,66
62,67
62,68
62,69
62,70
62,71
62,72
62,73
62,74
62,75
63,64
63,65
63,66
63,67
63,68
63,69
63,70
63,71
63,72
63,73
63,74
63,75
64,65
64,66
64,67
64,68
64,69
64,70
64,71
64,72
64,73
64,74
64,75
64,77
64,80
64,81
64,82
64,84
64,85
64,92
64,94
64,103
64,104
64,107
64,109
64,110
64,111
64,113
64,114
64,115
64,117
64,118
64,122
64,125
64,130
64,132
64,135
64,136
64,137
64,143
64,144
64,145
64,146
64,147
64,148
64,150
64,153
64,163
64,165
64,167
64,169
64,170
64,172
64,174
64,175
64,177
64,178
64,181
64,183
64,187
64,188
64,189
64,191
64,196
64,197
64,198
65,66
65,67
65,68
65,69
65,70
65,71
65,72
65,73
65,74
65,75
66,67
66,68
66,69
66,70
66,71
66,72
66,73
66,74
66,75
67,68
67,69
67,70
67,71
67,72
67,73
67,74
67,75
68,69
68,70
68,71
68,72
68,73
68,74
68,75
68,77
68,80
68,81
68,82
68,84
68,85
68,92
68,94
68,103
68,104
68,107
68,109
68,110
68,111
68,113
68,114
68,115
68,117
68,118
68,122
68,125
68,130
68,132
68,135
68,136
68,137
68,143
68,144
68,145
68,146
68,147
68,148
68,150
68,153
68,163
68,165
68,167
68,169
68,170
68,172
68,174
68,175
68,177
68,178
68,181
68,183
68,187
68,188
68,189
68,191
68,196
68,197
68,198
69,70
69,71
69,72
69,73
69,74
69,75
70,71
70,72
70,73
70,74
70,75
71,72
71,73
71,74
71,75
71,77
71,80
71,81
71,82
71,84
71,85
71,92
71,94
71,103
71,104
71,107
71,109
71,110
71,111
71,113
71,114
71,115
71,117
71,118
71,122
71,125
71,130
71,132
71,135
71,136
71,137
71,143
71,144
71,145
71,146
71,147
71,148
71,150
71,153
71,163
71,165
71,167
71,169
71,170
71,172
71,174
71,175
71,177
71,178
71,181
71,183
71,187
71,188
71,189
71,191
71,196
71,197
71,198
72,73
72,74
72,75
72,77
72,80
72,81
72,82
72,84
72,85
72,92
72,94
72,103
72,104
72,107
72,109
72,110
72,111
72,113
72,114
72,115
72,117
72,118
72,122
72,125
72,130
72,132
72,135
72,136
72,137
72,143
72,144
72,145
72,146
72,147
72,148
72,150
72,153
72,163
72,165
72,167
72,169
72,170
72,172
72,174
72,175
72,177
72,178
72,181
72,183
72,187
72,188
72,189
72,191
72,196
72,197
72,198
73,74
73,75
74,75
77,80
77,81
77,82
77,84
77,85
77,92
77,94
77,103
77,104
77,107
77,109
77,110
77,111
77,113
77,114
77,115
77,117
77,118
77,122
77,125
77,130
77,132
77,135
77,136
77,137
77,143
77,144
77,145
77,146
77,147
77,148
77,150
77,153
77,163
77,165
77,167
77,169
77,170
77,172
77,174
77,175
77,177
77,178
77,181
77,183
77,187
77,188
77,189
77,191
77,196
77,197
77,198
80,81
80,82
80,84
80,85
80,92
80,94
80,103
80,104
80,107
80,109
80,110
80,111
80,113
80,114
80,115
80,117
80,118
80,122
80,125
80,130
80,132
80,135
80,136
80,137
80,143
80,144
80,145
80,146
80,147
80,148
80,150
80,153
80,163
80,165
80,167
80,169
80,170
80,172
80,174
80,175
80,177
80,178
80,181
80,183
80,187
80,188
80,189
80,191
80,196
80,197
80,198
81,82
81,84
81,85
81,92
81,94
81,103
81,104
81,107
81,109
81,110
81,111
81,113
81,114
81,115
81,117
81,118
81,122
81,125
81,130
81,132
81,135
81,136
81,137
81,143
81,144
81,145
81,146
81,147
81,148
81,150
81,153
81,163
81,165
81,167
81,169
81,170
81,172
81,174
81,175
81,177
81,178
81,181
81,183
81,187
81,188
81,189
81,191
81,196
81,197
81,198
82,84
82,85
82,92
82,94
82,103
82,104
82,107
82,109
82,110
82,111
82,113
82,114
82,115
82,117
82,118
82,122
82,125
82,130
82,132
82,135
82,136
82,137
82,143
82,144
82,145
82,146
82,147
82,148
82,150
82,153
82,163
82,165
82,167
82,169
82,170
82,172
82,174
82,175
82,177
82,178
82,181
82,183
82,187
82,188
82,189
82,191
82,196
82,197
82,198
84,85
84,92
84,94
84,103
84,104
84,107
84,109
84,110
84,111
84,113
84,114
84,115
84,117
84,118
84,122
84,125
84,130
84,132
84,135
84,136
84,137
84,143
84,144
84,145
84,146
84,147
84,148
84,150
84,153
84,163
84,165
84,167
84,169
84,170
84,172
84,174
84,175
84,177
84,178
84,181
84,183
84,187
84,188
84,189
84,191
84,196
84,197
84,198
85,92
85,94
85,103
85,104
85,107
85,109
85,110
85,111
85,113
85,114
85,115
85,117
85,118
85,122
85,125
85,130
85,132
85,135
85,136
85,137
85,143
85,144
85,145
85,146
85,147
85,148
85,150
85,153
85,163
85,165
85,167
85,169
85,170
85,172
85,174
85,175
85,177
85,178
85,181
85,183
85,187
85,188
85,189
85,191
85,196
85,197
85,198
92,94
92,103
92,104
92,107
92,109
92,110
92,111
92,113
92,114
92,115
92,117
92,118
92,122
92,125
92,130
92,132
92,135
92,136
92,137
92,143
92,144
92,145
92,146
92,147
92,148
92,150
92,153
92,163
92,165
92,167
92,169
92,170
92,172
92,174
92,175
92,177
92,178
92,181
92,183
92,187
92,188
92,189
92,191
92,196
92,197
92,198
94,103
94,104
94,107
94,109
94,110
94,111
94,113
94,114
94,115
94,117
94,118
94,122
94,125
94,130
94,132
94,135
94,136
94,137
94,143
94,144
94,145
94,146
94,147
94,148
94,150
94,153
94,163
94,165
94,167
94,169
94,170
94,172
94,174
94,175
94,177
94,178
94,181
94,183
94,187
94,188
94,189
94,191
94,196
94,197
94,198
103,104
103,107
103,109
103,110
103,111
103,113
103,114
103,115
103,117
103,118
103,122
103,125
103,130
103,132
103,135
103,136
103,137
103,143
103,144
103,145
103,146
103,147
103,148
103,150
103,153
103,163
103,165
103,167
103,169
103,170
103,172
103,174
103,175
103,177
103,178
103,181
103,183
103,187
103,188
103,189
103,191
103,196
103,197
103,198
104,107
104,109
104,110
104,111
104,113
104,114
104,115
104,117
104,118
104,122
104,125
104,130
104,132
104,135
104,136
104,137
104,143
104,144
104,145
104,146
104,147
104,148
104,150
104,153
104,163
104,165
104,167
104,169
104,170
104,172
104,174
104,175
104,177
104,178
104,181
104,183
104,187
104,188
104,189
104,191
104,196
104,197
104,198
107,109
107,110
107,111
107,113
107,114
107,115
107,117
107,118
107,122
107,125
107,130
107,132
107,135
107,136
107,137
107,143
107,144
107,145
107,146
107,147
107,148
107,150
107,153
107,163
107,165
107,167
107,169
107,170
107,172
107,174
107,175
107,177
107,178
107,181
107,183
107,187
107,188
107,189
107,191
107,196
107,197
107,198
109,110
109,111
109,113
109,114
109,115
109,117
109,118
109,122
109,125
109,130
109,132
109,135
109,136
109,137
109,143
109,144
109,145
109,146
109,147
109,148
109,150
109,153
109,163
109,165
109,167
109,169
109,170
109,172
109,174
109,175
109,177
109,178
109,181
109,183
109,187
109,188
109,189
109,191
109,196
109,197
109,198
110,111
110,113
110,114
110,115
110,117
110,118
110,122
110,125
110,130
110,132
110,135
110,136
110,137
110,143
110,144
110,145
110,146
110,147
110,148
110,150
110,153
110,163
110,165
110,167
110,169
110,170
110,172
110,174
110,175
110,177
110,178
110,181
110,183
110,187
110,188
110,189
110,191
110,196
110,197
110,198
111,113
111,114
111,115
111,117
111,118
111,122
111,125
111,130
111,132
111,135
111,136
111,137
111,143
111,144
111,145
111,146
111,147
111,148
111,150
111,153
111,163
111,165
111,167
111,169
111,170
111,172
111,174
111,175
111,177
111,178
111,181
111,183
111,187
111,188
111,189
111,191
111,196
111,197
111,198
113,114
113,115
113,117
113,118
113,122
113,125
113,130
113,132
113,135
113,136
113,137
113,143
113,144
113,145
113,146
113,147
113,148
113,150
113,153
113,163
113,165
113,167
113,169
113,170
113,172
113,174
113,175
113,177
113,178
113,181
113,183
113,187
113,188
113,189
113,191
113,196
113,197
113,198
114,115
114,117
114,118
114,122
114,125
114,130
114,132
114,135
114,136
114,137
114,143
114,144
114,145
114,146
114,147
114,148
114,150
114,153
114,163
114,165
114,167
114,169
114,170
114,172
114,174
114,175
114,177
114,178
114,181
114,183
114,187
114,188
114,189
114,191
114,196
114,197
114,198
115,117
115,118
115,122
115,125
115,130
115,132
115,135
115,136
115,137
115,143
115,144
115,145
115,146
115,147
115,148
115,150
115,153
115,163
115,165
115,167
115,169
115,170
115,172
115,174
115,175
115,177
115,178
115,181
115,183
115,187
115,188
115,189
115,191
115,196
115,197
115,198
117,118
117,122
117,125
117,130
117,132
117,135
117,136
117,137
117,143
117,144
117,145
117,146
117,147
117,148
117,150
117,153
117,163
117,165
117,167
117,169
117,170
117,172
117,174
117,175
117,177
117,178
117,181
117,183
117,187
117,188
117,189
117,191
117,196
117,197
117,198
118,122
118,125
118,127
118,130
118,131
118,132
118,133
118,134
118,135
118,136
118,137
118,141
118,143
118,144
118,145
118,146
118,147
118,148
118,149
118,150
118,151
118,152
118,153
118,159
118,161
118,163
118,165
118,166
118,167
118,169
118,170
118,172
118,174
118,175
118,177
118,178
118,181
118,183
118,187
118,188
118,189
118,191
118,196
118,197
118,198
119,126
119,127
119,129
119,134
120,123
120,124
120,126
120,128
120,129
120,131
120,132
120,134
120,135
120,140
120,143
120,151
120,155
120,156
120,159
120,185
120,186
121,124
121,126
121,127
121,128
121,129
121,131
122,125
122,126
122,128
122,130
122,132
122,135
122,136
122,137
122,140
122,143
122,144
122,145
122,146
122,147
122,148
122,150
122,153
122,155
122,157
122,159
122,160
122,163
122,165
122,167
122,169
122,170
122,172
122,173
122,174
122,175
122,177
122,178
122,181
122,183
122,187
122,188
122,189
122,191
122,196
122,197
122,198
123,124
123,126
123,127
123,128
123,131
123,134
123,137
123,138
123,139
123,143
123,155
123,157
123,159
123,161
123,166
124,129
124,131
124,132
124,135
124,140
124,143
125,127
125,128
125,129
125,130
125,132
125,133
125,134
125,135
125,136
125,137
125,138
125,140
125,141
125,143
125,144
125,145
125,146
125,147
125,148
125,150
125,153
125,160
125,163
125,165
125,167
125,168
125,169
125,170
125,172
125,174
125,175
125,177
125,178
125,180
125,181
125,183
125,187
125,188
125,189
125,191
125,196
125,197
125,198
126,127
126,128
126,133
126,134
126,135
126,137
126,138
126,141
126,143
126,154
126,155
126,156
126,159
126,160
126,162
126,166
126,173
126,179
126,186
127,133
127,134
127,135
127,137
127,138
127,139
127,140
127,141
127,145
127,149
127,155
127,156
127,160
127,161
128,129
128,132
128,133
128,134
129,131
129,132
129,133
129,136
129,137
129,138
129,148
129,149
129,154
129,156
130,132
130,134
130,135
130,136
130,137
130,139
130,141
130,142
130,143
130,144
130,145
130,146
130,147
130,148
130,150
130,153
130,154
130,155
130,163
130,165
130,167
130,169
130,170
130,172
130,174
130,175
130,177
130,178
130,181
130,183
130,187
130,188
130,189
130,191
130,196
130,197
130,198
131,132
131,136
131,138
131,139
131,140
131,141
131,149
131,152
131,154
131,157
131,159
131,160
131,161
131,162
131,166
131,180
131,182
131,186
132,133
132,134
132,135
132,136
132,137
132,139
132,140
132,142
132,143
132,144
132,145
132,146
132,147
132,148
132,150
132,153
132,156
132,162
132,163
132,165
132,166
132,167
132,168
132,169
132,170
132,172
132,174
132,175
132,177
132,178
132,181
132,183
132,185
132,186
132,187
132,188
132,189
132,191
132,196
132,197
132,198
133,134
133,135
133,138
133,139
133,140
133,141
133,142
133,143
133,144
133,145
133,148
133,149
133,151
133,152
133,154
133,155
133,157
133,158
133,159
133,160
133,161
133,162
133,166
133,168
133,173
133,179
133,184
133,185
134,146
134,148
134,151
134,152
134,155
134,159
134,160
134,168
134,173
134,176
134,179
134,180
134,184
134,185
134,195
135,136
135,137
135,140
135,141
135,142
135,143
135,144
135,145
135,146
135,147
135,148
135,150
135,153
135,163
135,165
135,167
135,169
135,170
135,172
135,174
135,175
135,177
135,178
135,181
135,183
135,187
135,188
135,189
135,191
135,196
135,197
135,198
136,137
136,143
136,144
136,145
136,146
136,147
136,148
136,150
136,153
136,156
136,158
136,159
136,160
136,161
136,163
136,165
136,167
136,169
136,170
136,172
136,174
136,175
136,177
136,178
136,181
136,183
136,186
136,187
136,188
136,189
136,191
136,193
136,195
136,196
136,197
136,198
137,139
137,140
137,141
137,142
137,143
137,144
137,145
137,146
137,147
137,148
137,150
137,153
137,160
137,161
137,163
137,165
137,167
137,169
137,170
137,172
137,173
137,174
137,175
137,177
137,178
137,179
137,181
137,183
137,187
137,188
137,189
137,191
137,196
137,197
137,198
138,139
138,140
138,141
139,140
139,141
139,143
139,145
139,146
139,155
139,157
139,158
139,160
139,161
139,162
139,164
139,166
139,176
139,184
139,193
140,141
140,142
140,143
140,144
140,146
141,142
141,146
141,148
141,149
141,154
141,155
141,157
141,158
141,159
141,160
141,162
141,166
141,168
141,176
141,179
141,185
141,186
141,195
142,143
143,144
143,145
143,146
143,147
143,148
143,150
143,153
143,158
143,162
143,163
143,164
143,165
143,166
143,167
143,168
143,169
143,170
143,172
143,173
143,174
143,175
143,176
143,177
143,178
143,181
143,182
143,183
143,185
143,187
143,188
143,189
143,191
143,193
143,194
143,195
143,196
143,197
143,198
144,145
144,146
144,147
144,148
144,150
144,152
144,153
144,154
144,155
144,156
144,158
144,159
144,160
144,162
144,163
144,164
144,165
144,167
144,168
144,169
144,170
144,172
144,174
144,175
144,177
144,178
144,181
144,183
144,187
144,188
144,189
144,191
144,194
144,196
144,197
144,198
145,146
145,147
145,148
145,150
145,153
145,156
145,158
145,160
145,162
145,163
145,164
145,165
145,166
145,167
145,168
145,169
145,170
145,172
145,174
145,175
145,177
145,178
145,179
145,180
145,181
145,182
145,183
145,184
145,186
145,187
145,188
145,189
145,191
145,195
145,196
145,197
145,198
146,147
146,148
146,150
146,153
146,154
146,156
146,158
146,159
146,160
146,161
146,163
146,165
146,167
146,169
146,170
146,172
146,173
146,174
146,175
146,177
146,178
146,180
146,181
146,182
146,183
146,184
146,185
146,186
146,187
146,188
146,189
146,190
146,191
146,194
146,195
146,196
146,197
146,198
147,148
147,150
147,151
147,153
147,154
147,155
147,156
147,158
147,159
147,160
147,162
147,163
147,165
147,166
147,167
147,169
147,170
147,172
147,174
147,175
147,177
147,178
147,180
147,181
147,183
147,184
147,185
147,186
147,187
147,188
147,189
147,191
147,193
147,194
147,196
147,197
147,198
148,150
148,153
148,155
148,156
148,157
148,158
148,160
148,161
148,163
148,165
148,167
148,169
148,170
148,172
148,173
148,174
148,175
148,177
148,178
148,181
148,182
148,183
148,184
148,185
148,186
148,187
148,188
148,189
148,190
148,191
148,193
148,196
148,197
148,198
149,151
149,152
149,154
149,155
149,158
149,159
149,162
149,164
149,166
149,168
149,173
149,176
149,179
149,180
149,182
149,184
149,186
149,190
149,193
150,151
150,152
150,153
150,158
150,159
150,162
150,163
150,164
150,165
150,166
150,167
150,169
150,170
150,172
150,173
150,174
150,175
150,176
150,177
150,178
150,181
150,183
150,187
150,188
150,189
150,191
150,196
150,197
150,198
151,152
151,154
151,156
151,157
151,158
151,159
151,164
151,182
151,186
151,190
151,193
151,194
151,195
152,154
152,155
152,157
152,158
152,159
152,164
152,173
152,177
152,179
152,182
152,184
152,185
152,186
152,190
152,193
152,194
152,195
153,155
153,156
153,157
153,158
153,159
153,160
153,161
153,162
153,163
153,165
153,167
153,169
153,170
153,172
153,173
153,174
153,175
153,177
153,178
153,181
153,183
153,184
153,185
153,186
153,187
153,188
153,189
153,191
153,196
153,197
153,198
154,155
154,156
154,157
154,158
154,159
154,161
155,158
155,159
155,162
155,163
155,168
155,173
155,180
155,185
155,186
155,190
155,193
155,194
156,157
156,158
156,159
156,161
156,162
156,164
156,166
156,168
156,171
156,172
156,173
156,177
156,179
156,184
156,185
156,186
157,159
157,160
157,161
157,166
157,168
157,171
157,172
157,176
157,177
157,179
157,180
157,182
157,183
157,184
157,185
157,186
157,188
157,190
157,194
157,195
158,164
158,167
158,172
158,177
158,180
158,182
158,183
158,188
158,190
158,194
159,161
159,162
159,163
159,166
159,169
159,170
159,171
159,172
159,182
159,183
159,184
159,186
159,190
159,194
159,195
160,161
160,163
160,164
160,166
160,167
160,170
160,172
160,176
160,177
160,178
160,180
160,182
160,184
160,185
160,187
160,188
160,190
160,192
160,195
161,162
161,165
161,166
161,167
161,168
161,169
161,170
161,172
161,173
161,177
161,178
161,179
161,180
161,182
161,184
161,185
161,188
161,190
161,192
161,193
161,194
161,195
162,164
162,165
162,166
162,167
162,176
162,177
162,178
162,179
162,180
162,182
162,183
162,184
162,186
162,187
162,188
162,190
163,164
163,165
163,167
163,169
163,170
163,172
163,174
163,175
163,177
163,178
163,180
163,181
163,183
163,187
163,188
163,189
163,191
163,196
163,197
163,198
164,170
164,171
164,172
164,173
164,175
164,176
164,178
164,179
164,182
164,183
164,184
164,185
164,187
164,188
164,190
164,192
164,194
164,195
164,199
165,166
165,167
165,169
165,170
165,172
165,174
165,175
165,177
165,178
165,181
165,183
165,187
165,188
165,189
165,191
165,196
165,197
165,198
166,168
166,170
166,176
166,177
166,178
166,183
166,184
166,186
166,190
166,192
166,194
166,195
167,168
167,169
167,170
167,171
167,172
167,173
167,174
167,175
167,177
167,178
167,179
167,181
167,182
167,183
167,185
167,186
167,187
167,188
167,189
167,190
167,191
167,192
167,196
167,197
167,198
167,199
168,169
168,170
168,171
168,172
168,176
168,177
168,183
168,184
168,185
168,186
168,188
168,190
168,191
168,192
168,193
168,194
168,199
169,170
169,171
169,172
169,174
169,175
169,176
169,177
169,178
169,179
169,180
169,181
169,182
169,183
169,186
169,187
169,188
169,189
169,191
169,192
169,193
169,194
169,195
169,196
169,197
169,198
170,171
170,172
170,173
170,174
170,175
170,176
170,177
170,178
170,180
170,181
170,183
170,187
170,188
170,189
170,191
170,196
170,197
170,198
171,176
171,179
171,180
171,184
171,185
172,174
172,175
172,176
172,177
172,178
172,179
172,181
172,182
172,183
172,184
172,187
172,188
172,189
172,191
172,192
172,195
172,196
172,197
172,198
173,175
173,176
173,177
173,178
173,180
173,194
173,195
174,175
174,176
174,177
174,178
174,181
174,183
174,187
174,188
174,189
174,191
174,196
174,197
174,198
175,176
175,177
175,178
175,179
175,181
175,182
175,183
175,187
175,188
175,189
175,191
175,196
175,197
175,198
175,199
176,179
176,180
176,182
176,183
176,184
176,194
176,195
176,199
177,178
177,179
177,181
177,183
177,187
177,188
177,189
177,191
177,192
177,193
177,196
177,197
177,198
178,181
178,183
178,187
178,188
178,189
178,191
178,196
178,197
178,198
179,180
179,181
179,182
179,184
179,193
179,194
179,197
180,181
180,182
180,184
180,185
180,190
180,193
180,194
180,195
180,196
180,197
180,199
181,183
181,184
181,185
181,186
181,187
181,188
181,189
181,190
181,191
181,193
181,194
181,195
181,196
181,197
181,198
182,187
182,188
182,189
182,190
182,192
182,193
182,194
182,195
182,196
182,199
183,185
183,186
183,187
183,188
183,189
183,191
183,192
183,196
183,197
183,198
184,185
184,186
184,187
184,190
184,191
184,193
184,194
184,196
185,186
185,189
185,190
185,191
185,192
185,193
185,194
185,197
186,188
186,189
186,190
186,191
186,192
186,193
186,194
186,195
186,197
186,199
187,188
187,189
187,191
187,196
187,197
187,198
188,189
188,191
188,192
188,193
188,194
188,195
188,196
188,197
188,198
188,199
189,190
189,191
189,192
189,193
189,196
189,197
189,198
189,199
190,192
190,193
190,194
190,195
191,194
191,195
191,196
191,197
191,198
192,193
192,194
192,195
192,196
192,197
192,199
193,195
193,196
193,197
193,199
194,196
194,197
194,199
195,196
195,197
196,197
196,198
196,199
197,198
