0,1
0,2
0,3
0,4
0,5
0,6
0,7
0,8
0,9
0,10
0,11
0,12
0,13
0,14
0,15
0,16
0,17
0,18
0,19
0,20
0,21
0,22
0,23
0,24
0,25
0,26
0,27
0,28
0,29
0,30
0,31
0,32
0,33
0,34
0,35
0,36
0,37
0,38
0,39
0,40
0,41
0,42
0,43
0,44
0,45
0,46
0,47
1,2
1,3
1,4
1,5
1,6
1,7
1,8
1,9
1,10
1,11
1,12
1,13
1,14
1,15
1,16
1,17
1,18
1,19
1,20
1,21
1,22
1,23
1,24
1,25
1,26
1,27
1,28
1,29
1,30
1,31
1,32
1,33
1,34
1,35
1,36
1,37
1,38
1,39
1,40
1,41
1,42
1,43
1,44
1,45
1,46
1,47
2,3
2,4
2,5
2,6
2,7
2,8
2,9
2,10
2,11
2,12
2,13
2,14
2,15
2,16
2,17
2,18
2,19
2,20
2,21
2,22
2,23
2,24
2,25
2,26
2,27
2,28
2,29
2,30
2,31
2,32
2,33
2,34
2,35
2,36
2,37
2,38
2,39
2,40
2,41
2,42
2,43
2,44
2,45
2,46
2,47
2,50
2,52
2,56
2,59
2,62
2,68
2,69
2,75
2,76
2,77
2,81
2,82
2,83
2,87
2,94
2,100
2,107
2,119
2,129
2,130
2,139
2,151
2,159
2,160
2,163
2,169
2,173
2,177
2,186
2,187
2,188
2,189
2,192
3,4
3,5
3,6
3,7
3,8
3,9
3,10
3,11
3,12
3,13
3,14
3,15
3,16
3,17
3,18
3,19
3,20
3,21
3,22
3,23
3,24
3,25
3,26
3,27
3,28
3,29
3,30
3,31
3,32
3,33
3,34
3,35
3,36
3,37
3,38
3,39
3,40
3,41
3,42
3,43
3,44
3,45
3,46
3,47
4,5
4,6
4,7
4,8
4,9
4,10
4,11
4,12
4,13
4,14
4,15
4,16
4,17
4,18
4,19
4,20
4,21
4,22
4,23
4,24
4,25
4,26
4,27
4,28
4,29
4,30
4,31
4,32
4,33
4,34
4,35
4,36
4,37
4,38
4,39
4,40
4,41
4,42
4,43
4,44
4,45
4,46
4,47
5,6
5,7
5,8
5,9
5,10
5,11
5,12
5,13
5,14
5,15
5,16
5,17
5,18
5,19
5,20
5,21
5,22
5,23
5,24
5,25
5,26
5,27
5,28
5,29
5,30
5,31
5,32
5,33
5,34
5,35
5,36
5,37
5,38
5,39
5,40
5,41
5,42
5,43
5,44
5,45
5,46
5,47
6,7
6,8
6,9
6,10
6,11
6,12
6,13
6,14
6,15
6,16
6,17
6,18
6,19
6,20
6,21
6,22
6,23
6,24
6,25
6,26
6,27
6,28
6,29
6,30
6,31
6,32
6,33
6,34
6,35
6,36
6,37
6,38
6,39
6,40
6,41
6,42
6,43
6,44
6,45
6,46
6,47
6,50
6,52
6,56
6,59
6,62
6,68
6,69
6,75
6,76
6,77
6,81
6,82
6,83
6,87
6,94
6,100
6,107
6,119
6,129
6,130
6,139
6,151
6,159
6,160
6,163
6,169
6,173
6,177
6,186
6,187
6,188
6,189
6,192
7,8
7,9
7,10
7,11
7,12
7,13
7,14
7,15
7,16
7,17
7,18
7,19
7,20
7,21
7,22
7,23
7,24
7,25
7,26
7,27
7,28
7,29
7,30
7,31
7,32
7,33
7,34
7,35
7,36
7,37
7,38
7,39
7,40
7,41
7,42
7,43
7,44
7,45
7,46
7,47
8,9
8,10
8,11
8,12
8,13
8,14
8,15
8,16
8,17
8,18
8,19
8,20
8,21
8,22
8,23
8,24
8,25
8,26
8,27
8,28
8,29
8,30
8,31
8,32
8,33
8,34
8,35
8,36
8,37
8,38
8,39
8,40
8,41
8,42
8,43
8,44
8,45
8,46
8,47
8,50
8,52
8,56
8,59
8,62
8,68
8,69
8,75
8,76
8,77
8,81
8,82
8,83
8,87
8,94
8,100
8,107
8,119
8,129
8,130
8,139
8,151
8,159
8,160
8,163
8,169
8,173
8,177
8,186
8,187
8,188
8,189
8,192
9,10
9,11
9,12
9,13
9,14
9,15
9,16
9,17
9,18
9,19
9,20
9,21
9,22
9,23
9,24
9,25
9,26
9,27
9,28
9,29
9,30
9,31
9,32
9,33
9,34
9,35
9,36
9,37
9,38
9,39
9,40
9,41
9,42
9,43
9,44
9,45
9,46
9,47
10,11
10,12
10,13
10,14
10,15
10,16
10,17
10,18
10,19
10,20
10,21
10,22
10,23
10,24
10,25
10,26
10,27
10,28
10,29
10,30
10,31
10,32
10,33
10,34
10,35
10,36
10,37
10,38
10,39
10,40
10,41
10,42
10,43
10,44
10,45
10,46
10,47
10,50
10,52
10,56
10,59
10,62
10,68
10,69
10,75
10,76
10,77
10,81
10,82
10,83
10,87
10,94
10,100
10,107
10,119
10,129
10,130
10,139
10,151
10,159
10,160
10,163
10,169
10,173
10,177
10,186
10,187
10,188
10,189
10,192
11,12
11,13
11,14
11,15
11,16
11,17
11,18
11,19
11,20
11,21
11,22
11,23
11,24
11,25
11,26
11,27
11,28
11,29
11,30
11,31
11,32
11,33
11,34
11,35
11,36
11,37
11,38
11,39
11,40
11,41
11,42
11,43
11,44
11,45
11,46
11,47
12,13
12,14
12,15
12,16
12,17
12,18
12,19
12,20
12,21
12,22
12,23
12,24
12,25
12,26
12,27
12,28
12,29
12,30
12,31
12,32
12,33
12,34
12,35
12,36
12,37
12,38
12,39
12,40
12,41
12,42
12,43
12,44
12,45
12,46
12,47
12,50
12,52
12,56
12,59
12,62
12,68
12,69
12,75
12,76
12,77
12,81
12,82
12,83
12,87
12,94
12,100
12,107
12,119
12,129
12,130
12,139
12,151
12,159
12,160
12,163
12,169
12,173
12,177
12,186
12,187
12,188
12,189
12,192
13,14
13,15
13,16
13,17
13,18
13,19
13,20
13,21
13,22
13,23
13,24
13,25
13,26
13,27
13,28
13,29
13,30
13,31
13,32
13,33
13,34
13,35
13,36
13,37
13,38
13,39
13,40
13,41
13,42
13,43
13,44
13,45
13,46
13,47
14,15
14,16
14,17
14,18
14,19
14,20
14,21
14,22
14,23
14,24
14,25
14,26
14,27
14,28
14,29
14,30
14,31
14,32
14,33
14,34
14,35
14,36
14,37
14,38
14,39
14,40
14,41
14,42
14,43
14,44
14,45
14,46
14,47
15,16
15,17
15,18
15,19
15,20
15,21
15,22
15,23
15,24
15,25
15,26
15,27
15,28
15,29
15,30
15,31
15,32
15,33
15,34
15,35
15,36
15,37
15,38
15,39
15,40
15,41
15,42
15,43
15,44
15,45
15,46
15,47
16,17
16,18
16,19
16,20
16,21
16,22
16,23
16,24
16,25
16,26
16,27
16,28
16,29
16,30
16,31
16,32
16,33
16,34
16,35
16,36
16,37
16,38
16,39
16,40
16,41
16,42
16,43
16,44
16,45
16,46
16,47
17,18
17,19
17,20
17,21
17,22
17,23
17,24
17,25
17,26
17,27
17,28
17,29
17,30
17,31
17,32
17,33
17,34
17,35
17,36
17,37
17,38
17,39
17,40
17,41
17,42
17,43
17,44
17,45
17,46
17,47
17,50
17,52
17,56
17,59
17,62
17,68
17,69
17,75
17,76
17,77
17,81
17,82
17,83
17,87
17,94
17,100
17,107
17,119
17,129
17,130
17,139
17,151
17,159
17,160
17,163
17,169
17,173
17,177
17,186
17,187
17,188
17,189
17,192
18,19
18,20
18,21
18,22
18,23
18,24
18,25
18,26
18,27
18,28
18,29
18,30
18,31
18,32
18,33
18,34
18,35
18,36
18,37
18,38
18,39
18,40
18,41
18,42
18,43
18,44
18,45
18,46
18,47
19,20
19,21
19,22
19,23
19,24
19,25
19,26
19,27
19,28
19,29
19,30
19,31
19,32
19,33
19,34
19,35
19,36
19,37
19,38
19,39
19,40
19,41
19,42
19,43
19,44
19,45
19,46
19,47
19,50
19,52
19,56
19,59
19,62
19,68
19,69
19,75
19,76
19,77
19,81
19,82
19,83
19,87
19,94
19,100
19,107
19,119
19,129
19,130
19,139
19,151
19,159
19,160
19,163
19,169
19,173
19,177
19,186
19,187
19,188
19,189
19,192
20,21
20,22
20,23
20,24
20,25
20,26
20,27
20,28
20,29
20,30
20,31
20,32
20,33
20,34
20,35
20,36
20,37
20,38
20,39
20,40
20,41
20,42
20,43
20,44
20,45
20,46
20,47
21,22
21,23
21,24
21,25
21,26
21,27
21,28
21,29
21,30
21,31
21,32
21,33
21,34
21,35
21,36
21,37
21,38
21,39
21,40
21,41
21,42
21,43
21,44
21,45
21,46
21,47
21,50
21,52
21,56
21,59
21,62
21,68
21,69
21,75
21,76
21,77
21,81
21,82
21,83
21,87
21,94
21,100
21,107
21,119
21,129
21,130
21,139
21,151
21,159
21,160
21,163
21,169
21,173
21,177
21,186
21,187
21,188
21,189
21,192
22,23
22,24
22,25
22,26
22,27
22,28
22,29
22,30
22,31
22,32
22,33
22,34
22,35
22,36
22,37
22,38
22,39
22,40
22,41
22,42
22,43
22,44
22,45
22,46
22,47
23,24
23,25
23,26
23,27
23,28
23,29
23,30
23,31
23,32
23,33
23,34
23,35
23,36
23,37
23,38
23,39
23,40
23,41
23,42
23,43
23,44
23,45
23,46
23,47
24,25
24,26
24,27
24,28
24,29
24,30
24,31
24,32
24,33
24,34
24,35
24,36
24,37
24,38
24,39
24,40
24,41
24,42
24,43
24,44
24,45
24,46
24,47
25,26
25,27
25,28
25,29
25,30
25,31
25,32
25,33
25,34
25,35
25,36
25,37
25,38
25,39
25,40
25,41
25,42
25,43
25,44
25,45
25,46
25,47
26,27
26,28
26,29
26,30
26,31
26,32
26,33
26,34
26,35
26,36
26,37
26,38
26,39
26,40
26,41
26,42
26,43
26,44
26,45
26,46
26,47
27,28
27,29
27,30
27,31
27,32
27,33
27,34
27,35
27,36
27,37
27,38
27,39
27,40
27,41
27,42
27,43
27,44
27,45
27,46
27,47
27,50
27,52
27,56
27,59
27,62
27,68
27,69
27,75
27,76
27,77
27,81
27,82
27,83
27,87
27,94
27,100
27,107
27,119
27,129
27,130
27,139
27,151
27,159
27,160
27,163
27,169
27,173
27,177
27,186
27,187
27,188
27,189
27,192
28,29
28,30
28,31
28,32
28,33
28,34
28,35
28,36
28,37
28,38
28,39
28,40
28,41
28,42
28,43
28,44
28,45
28,46
28,47
28,50
28,52
28,56
28,59
28,62
28,68
28,69
28,75
28,76
28,77
28,81
28,82
28,83
28,87
28,94
28,100
28,107
28,119
28,129
28,130
28,139
28,151
28,159
28,160
28,163
28,169
28,173
28,177
28,186
28,187
28,188
28,189
28,192
29,30
29,31
29,32
29,33
29,34
29,35
29,36
29,37
29,38
29,39
29,40
29,41
29,42
29,43
29,44
29,45
29,46
29,47
30,31
30,32
30,33
30,34
30,35
30,36
30,37
30,38
30,39
30,40
30,41
30,42
30,43
30,44
30,45
30,46
30,47
31,32
31,33
31,34
31,35
31,36
31,37
31,38
31,39
31,40
31,41
31,42
31,43
31,44
31,45
31,46
31,47
31,50
31,52
31,56
31,59
31,62
31,68
31,69
31,75
31,76
31,77
31,81
31,82
31,83
31,87
31,94
31,100
31,107
31,119
31,129
31,130
31,139
31,151
31,159
31,160
31,163
31,169
31,173
31,177
31,186
31,187
31,188
31,189
31,192
32,33
32,34
32,35
32,36
32,37
32,38
32,39
32,40
32,41
32,42
32,43
32,44
32,45
32,46
32,47
32,50
32,52
32,56
32,59
32,62
32,68
32,69
32,75
32,76
32,77
32,81
32,82
32,83
32,87
32,94
32,100
32,107
32,119
32,129
32,130
32,139
32,151
32,159
32,160
32,163
32,169
32,173
32,177
32,186
32,187
32,188
32,189
32,192
33,34
33,35
33,36
33,37
33,38
33,39
33,40
33,41
33,42
33,43
33,44
33,45
33,46
34,35
34,36
34,37
34,38
34,39
34,40
34,41
34,42
34,43
34,44
34,45
34,46
34,47
35,36
35,37
35,38
35,39
35,40
35,41
35,42
35,43
35,44
35,45
35,46
35,47
36,37
36,38
36,39
36,40
36,41
36,42
36,43
36,44
36,45
36,46
36,47
37,38
37,39
37,40
37,41
37,42
37,43
37,44
37,45
37,46
37,47
38,39
38,40
38,41
38,42
38,43
38,44
38,45
38,46
38,47
38,50
38,52
38,56
38,59
38,62
38,68
38,69
38,75
38,76
38,77
38,81
38,82
38,83
38,87
38,94
38,100
38,107
38,119
38,129
38,130
38,139
38,151
38,159
38,160
38,163
38,169
38,173
38,177
38,186
38,187
38,188
38,189
38,192
39,40
39,41
39,42
39,43
39,44
39,45
39,46
39,47
40,41
40,42
40,43
40,44
40,45
40,46
40,47
41,42
41,43
41,44
41,45
41,46
41,47
41,50
41,52
41,56
41,59
41,62
41,68
41,69
41,75
41,76
41,77
41,81
41,82
41,83
41,87
41,94
41,100
41,107
41,119
41,129
41,130
41,139
41,151
41,159
41,160
41,163
41,169
41,173
41,177
41,186
41,187
41,188
41,189
41,192
42,43
42,44
42,45
42,46
42,47
43,44
43,45
43,46
43,47
44,45
44,46
44,47
45,46
45,47
46,47
47,50
47,52
47,56
47,59
47,62
47,68
47,69
47,75
47,76
47,77
47,81
47,82
47,83
47,87
47,94
47,100
47,107
47,119
47,129
47,130
47,139
47,151
47,159
47,160
47,163
47,169
47,173
47,177
47,186
47,187
47,188
47,189
47,192
50,52
50,56
50,59
50,62
50,68
50,69
50,75
50,76
50,77
50,81
50,82
50,83
50,87
50,94
50,100
50,107
50,119
50,129
50,130
50,139
50,151
50,159
50,160
50,163
50,169
50,173
50,177
50,186
50,187
50,188
50,189
50,192
52,56
52,59
52,62
52,68
52,69
52,75
52,76
52,77
52,81
52,82
52,83
52,87
52,94
52,100
52,107
52,119
52,129
52,130
52,139
52,151
52,159
52,160
52,163
52,169
52,173
52,177
52,186
52,187
52,188
52,189
52,192
56,59
56,62
56,68
56,69
56,75
56,76
56,77
56,81
56,82
56,83
56,87
56,94
56,100
56,107
56,119
56,129
56,130
56,139
56,151
56,159
56,160
56,163
56,169
56,173
56,177
56,186
56,187
56,188
56,189
56,192
59,62
59,68
59,69
59,75
59,76
59,77
59,81
59,82
59,83
59,87
59,94
59,100
59,107
59,119
59,129
59,130
59,139
59,151
59,159
59,160
59,163
59,169
59,173
59,177
59,186
59,187
59,188
59,189
59,192
62,68
62,69
62,75
62,76
62,77
62,81
62,82
62,83
62,87
62,94
62,100
62,107
62,119
62,129
62,130
62,139
62,151
62,159
62,160
62,163
62,169
62,173
62,177
62,186
62,187
62,188
62,189
62,192
68,69
68,75
68,76
68,77
68,81
68,82
68,83
68,87
68,94
68,100
68,107
68,119
68,129
68,130
68,139
68,151
68,159
68,160
68,163
68,169
68,173
68,177
68,186
68,187
68,188
68,189
68,192
69,75
69,76
69,77
69,81
69,82
69,83
69,87
69,94
69,100
69,107
69,119
69,129
69,130
69,139
69,151
69,159
69,160
69,163
69,169
69,173
69,177
69,186
69,187
69,188
69,189
69,192
75,76
75,77
75,81
75,82
75,83
75,87
75,94
75,100
75,107
75,119
75,129
75,130
75,139
75,151
75,159
75,160
75,163
75,169
75,173
75,177
75,186
75,187
75,188
75,189
75,192
76,77
76,81
76,82
76,83
76,87
76,94
76,100
76,107
76,119
76,129
76,130
76,139
76,151
76,159
76,160
76,163
76,169
76,173
76,177
76,186
76,187
76,188
76,189
76,192
77,81
77,82
77,83
77,87
77,94
77,100
77,107
77,119
77,129
77,130
77,139
77,151
77,159
77,160
77,163
77,169
77,173
77,177
77,186
77,187
77,188
77,189
77,192
81,82
81,83
81,87
81,94
81,100
81,107
81,119
81,129
81,130
81,139
81,151
81,159
81,160
81,163
81,169
81,173
81,177
81,186
81,187
81,188
81,189
81,192
82,83
82,87
82,94
82,100
82,107
82,119
82,129
82,130
82,139
82,151
82,159
82,160
82,163
82,169
82,173
82,177
82,186
82,187
82,188
82,189
82,192
83,87
83,94
83,100
83,107
83,119
83,129
83,130
83,139
83,151
83,159
83,160
83,163
83,169
83,173
83,177
83,186
83,187
83,188
83,189
83,192
87,94
87,100
87,107
87,119
87,129
87,130
87,139
87,151
87,159
87,160
87,163
87,169
87,173
87,177
87,186
87,187
87,188
87,189
87,192
94,100
94,107
94,119
94,129
94,130
94,139
94,151
94,159
94,160
94,163
94,169
94,173
94,177
94,186
94,187
94,188
94,189
94,192
100,107
100,119
100,129
100,130
100,139
100,151
100,159
100,160
100,163
100,169
100,173
100,177
100,186
100,187
100,188
100,189
100,192
105,110
105,111
105,112
105,113
105,114
105,115
105,117
105,118
105,121
105,122
105,123
105,124
105,125
105,128
105,131
105,135
105,138
106,108
106,110
106,113
106,114
106,115
106,116
106,117
106,118
106,120
106,122
106,123
106,124
106,127
106,128
106,133
106,135
106,138
107,110
107,112
107,114
107,115
107,117
107,119
107,120
107,121
107,122
107,123
107,124
107,127
107,129
107,130
107,133
107,134
107,135
107,136
107,138
107,139
107,151
107,159
107,160
107,163
107,169
107,173
107,177
107,186
107,187
107,188
107,189
107,192
108,110
108,112
108,113
108,114
108,115
108,116
108,120
108,121
108,122
108,124
108,125
108,127
108,128
108,131
108,135
108,136
109,111
109,112
109,114
109,115
109,116
109,117
109,118
109,120
109,123
109,124
109,127
109,128
109,129
109,131
109,133
109,135
109,136
109,138
109,147
109,148
109,156
110,112
110,115
110,116
110,117
110,118
110,120
110,121
110,122
110,123
110,124
111,112
111,115
111,116
111,117
111,120
112,113
112,114
112,115
112,116
112,117
112,118
112,121
112,122
112,123
112,124
112,127
112,130
112,131
112,134
112,135
112,138
112,148
113,114
113,116
113,117
113,118
113,120
113,122
113,123
113,124
113,125
113,128
113,129
113,131
113,132
113,133
113,135
113,136
113,137
113,145
113,147
113,148
114,115
114,117
114,118
114,119
114,120
114,121
114,122
114,127
114,128
114,129
114,130
114,131
114,132
114,133
114,134
114,135
114,136
114,137
115,116
115,117
115,118
115,119
115,121
115,122
115,125
115,127
115,128
115,130
115,131
115,132
115,134
115,135
116,117
116,120
116,122
116,123
116,125
116,127
116,128
116,130
116,131
116,132
116,134
116,135
116,136
116,137
116,141
116,148
116,152
116,154
116,157
117,119
117,121
117,122
117,124
117,125
117,127
117,128
117,129
117,130
117,133
117,134
117,135
117,136
117,137
117,138
117,141
117,148
117,152
117,154
117,156
117,157
117,158
119,120
119,122
119,123
119,124
119,125
119,127
119,129
119,130
119,132
119,133
119,136
119,138
119,139
119,141
119,142
119,148
119,151
119,154
119,155
119,156
119,158
119,159
119,160
119,163
119,166
119,169
119,173
119,177
119,186
119,187
119,188
119,189
119,192
120,123
120,124
120,127
120,128
120,135
120,136
120,137
120,141
120,142
120,144
120,145
120,148
120,150
120,152
120,153
120,155
120,156
120,158
121,123
121,125
121,127
121,128
121,129
121,130
121,132
121,133
121,136
121,137
121,138
121,141
121,144
121,145
121,148
121,150
121,153
121,154
121,155
121,156
122,125
122,129
122,130
122,131
122,132
122,134
122,135
122,136
122,137
122,138
122,141
122,144
122,145
122,146
122,147
122,148
122,150
122,152
122,154
122,157
122,165
122,166
123,124
123,125
124,125
124,127
124,129
124,130
124,131
125,128
125,129
125,130
125,131
125,132
125,133
125,134
125,135
125,148
125,155
125,157
125,158
125,165
125,166
126,132
127,128
127,129
127,130
127,131
127,132
127,134
127,137
128,129
128,131
128,132
128,133
128,134
128,135
128,137
128,138
128,145
128,146
128,150
128,152
128,154
128,156
128,157
128,158
128,161
129,130
129,131
129,132
129,139
129,151
129,159
129,160
129,163
129,169
129,173
129,177
129,186
129,187
129,188
129,189
129,192
130,131
130,132
130,133
130,134
130,135
130,138
130,139
130,141
130,142
130,144
130,145
130,146
130,147
130,148
130,150
130,151
130,156
130,157
130,158
130,159
130,160
130,161
130,163
130,166
130,169
130,173
130,177
130,186
130,187
130,188
130,189
130,192
131,132
131,133
131,134
131,135
131,136
131,137
131,138
131,141
131,148
131,150
131,152
131,153
131,156
131,157
131,158
131,161
131,162
131,166
132,133
132,134
132,136
132,137
132,138
132,141
132,143
132,144
132,147
132,148
132,149
132,152
132,153
132,155
132,156
132,158
132,161
132,162
132,164
132,165
132,178
132,184
133,134
133,135
133,136
133,141
133,143
133,146
133,147
133,149
133,150
133,153
133,154
133,155
133,157
133,161
133,162
133,164
133,165
133,166
133,171
133,173
133,184
134,135
134,136
134,137
134,138
134,141
134,144
134,147
134,148
135,137
135,144
135,145
135,146
135,147
135,148
135,152
135,153
135,154
135,157
135,158
135,162
135,164
135,166
135,171
135,173
136,137
136,138
136,141
136,142
136,143
136,144
136,146
136,147
136,148
136,149
136,150
136,152
136,153
136,154
136,155
136,156
136,158
137,138
137,142
137,143
137,144
137,145
137,146
137,147
138,141
138,142
138,143
138,144
138,145
138,147
138,148
138,150
138,151
138,152
138,153
138,158
138,162
138,164
138,166
138,173
138,178
138,186
139,151
139,159
139,160
139,163
139,169
139,173
139,177
139,186
139,187
139,188
139,189
139,192
140,152
140,153
140,156
140,158
140,161
140,162
140,163
140,168
141,142
141,145
141,146
141,151
141,152
141,153
141,156
141,157
141,158
141,159
141,162
141,164
141,166
141,178
141,184
142,144
142,145
142,148
142,150
142,151
142,152
143,144
143,145
143,146
143,147
143,148
143,150
144,146
144,148
144,152
144,153
144,154
144,155
144,157
144,158
144,159
144,161
144,162
144,166
145,148
145,149
145,150
145,152
145,153
145,154
145,155
145,156
145,157
145,158
145,159
145,160
145,161
145,162
145,163
145,164
145,166
145,168
145,173
146,150
146,151
146,153
146,154
146,155
146,156
146,157
146,159
146,160
146,161
146,162
146,163
146,164
146,165
146,166
146,167
146,168
146,173
146,175
146,178
146,182
146,184
146,186
147,148
147,150
147,153
147,154
147,155
147,156
147,157
147,158
147,159
147,160
147,161
147,162
147,163
147,164
147,165
147,166
147,167
147,168
147,175
147,176
147,178
147,182
147,183
147,184
147,186
148,151
148,152
148,154
148,156
148,157
148,160
148,161
148,162
148,163
148,164
148,165
148,167
148,168
148,175
148,178
148,182
149,151
149,152
149,153
149,154
149,155
149,156
149,157
149,158
150,154
150,156
150,157
150,158
150,163
150,167
150,170
150,173
150,175
150,176
150,178
150,182
150,184
151,153
151,154
151,158
151,159
151,160
151,163
151,164
151,165
151,168
151,169
151,170
151,173
151,175
151,177
151,181
151,183
151,184
151,186
151,187
151,188
151,189
151,192
152,153
152,154
152,156
152,157
152,158
152,159
152,160
152,161
152,162
152,163
152,164
152,165
152,166
152,167
152,168
152,170
152,171
152,176
152,178
152,184
153,154
153,156
153,157
154,156
154,158
154,159
154,160
154,162
155,156
155,157
155,158
155,161
155,162
155,163
155,165
155,166
155,170
155,171
155,173
155,181
155,182
155,183
156,157
156,159
156,162
156,163
156,165
156,166
156,167
156,168
156,170
156,171
156,173
156,176
156,178
156,181
156,182
157,158
157,159
157,160
157,168
157,170
157,171
157,172
157,173
157,176
157,182
157,183
157,184
157,186
157,189
157,195
158,159
158,160
158,161
158,162
158,165
158,166
158,167
158,168
158,170
158,171
158,172
158,173
158,174
158,178
158,181
158,182
158,184
158,185
158,186
158,189
158,190
158,191
159,160
159,161
159,162
159,163
159,165
159,169
159,173
159,177
159,186
159,187
159,188
159,189
159,192
160,161
160,162
160,163
160,164
160,165
160,167
160,168
160,169
160,170
160,172
160,173
160,177
160,186
160,187
160,188
160,189
160,192
161,162
161,163
161,164
161,165
161,166
161,167
161,168
161,170
161,171
161,172
161,173
161,174
161,177
161,178
161,179
161,182
161,185
161,189
161,191
162,163
162,165
162,166
162,167
162,168
162,171
162,172
162,175
162,176
162,177
162,178
162,179
162,182
162,183
162,184
162,185
162,186
162,188
162,190
162,195
163,166
163,169
163,170
163,171
163,172
163,173
163,175
163,176
163,177
163,186
163,187
163,188
163,189
163,192
164,165
164,166
164,167
165,167
165,168
165,169
165,175
165,177
165,179
165,181
165,183
165,184
165,188
165,189
165,190
165,191
165,193
166,167
166,169
166,171
166,172
166,173
166,175
166,177
166,179
166,181
167,168
167,169
167,170
167,171
167,172
167,173
167,174
167,175
167,176
167,177
167,178
167,181
167,190
167,191
167,193
167,195
168,170
168,175
168,177
168,179
168,180
168,183
169,170
169,171
169,172
169,173
169,175
169,176
169,177
169,178
169,179
169,181
169,182
169,183
169,184
169,185
169,186
169,187
169,188
169,189
169,192
169,193
169,195
170,171
171,172
171,174
171,175
171,177
171,178
171,179
171,180
171,181
171,183
171,184
171,190
171,191
171,193
171,198
173,174
173,175
173,176
173,177
173,179
173,180
173,181
173,182
173,183
173,184
173,185
173,186
173,187
173,188
173,189
173,190
173,191
173,192
173,193
174,177
174,179
174,180
174,182
174,183
174,184
174,186
174,190
174,191
174,193
174,198
174,199
175,178
175,179
175,180
175,181
175,183
175,184
175,185
175,186
175,188
175,189
175,191
175,193
175,195
175,198
175,199
176,177
177,178
177,179
177,181
177,182
177,184
177,186
177,187
177,188
177,189
177,191
177,192
177,193
177,195
177,197
177,198
178,179
178,181
178,183
178,184
178,190
178,191
178,193
178,195
178,196
178,198
179,180
179,182
179,183
179,184
179,188
179,189
179,190
179,191
179,193
179,195
179,196
179,197
179,198
179,199
181,182
181,183
181,186
181,187
181,188
181,190
181,191
181,195
181,197
181,198
181,199
182,184
182,185
182,186
182,187
182,188
182,190
182,191
182,195
182,196
182,197
182,198
182,199
183,184
183,185
183,186
183,190
183,191
183,192
183,195
183,196
183,197
183,198
183,199
184,186
184,187
184,189
184,190
184,191
184,192
184,193
184,195
184,196
184,197
184,198
184,199
185,186
185,187
185,188
185,189
185,190
185,191
185,192
185,193
185,195
185,197
185,199
186,187
186,188
186,189
186,192
186,196
186,197
186,198
186,199
187,188
187,189
187,190
187,191
187,192
187,193
187,195
187,198
187,199
188,189
188,190
188,192
188,193
188,195
188,196
188,197
188,198
188,199
189,192
189,193
189,194
189,195
189,197
189,198
189,199
190,193
190,194
190,195
190,196
191,193
191,194
191,195
191,196
191,197
191,198
192,197
192,198
192,199
193,196
193,198
193,199
195,198
196,197
196,198
197,198
197,199
198,199
