0,1
0,2
0,3
0,4
0,5
0,6
0,7
0,8
0,9
0,10
0,11
0,12
0,13
0,14
0,15
0,16
0,17
0,18
0,19
0,20
0,21
0,22
0,23
0,24
0,25
0,26
0,27
0,28
0,29
0,30
0,31
0,32
0,33
0,34
1,2
1,3
1,4
1,5
1,6
1,7
1,8
1,9
1,10
1,11
1,12
1,13
1,14
1,15
1,16
1,17
1,18
1,19
1,20
1,21
1,22
1,23
1,24
1,25
1,26
1,27
1,28
1,29
1,30
1,31
1,32
1,33
1,34
1,35
1,36
1,44
1,49
1,50
1,53
1,63
1,71
1,75
1,76
1,85
1,91
1,95
1,103
1,110
1,114
1,132
1,133
1,137
1,145
1,148
1,157
1,167
1,175
1,181
1,184
1,187
1,195
1,199
2,3
2,4
2,5
2,6
2,7
2,8
2,9
2,10
2,11
2,12
2,13
2,14
2,15
2,16
2,17
2,18
2,19
2,20
2,21
2,22
2,23
2,24
2,25
2,26
2,27
2,28
2,29
2,30
2,31
2,32
2,33
3,4
3,5
3,6
3,7
3,8
3,9
3,10
3,11
3,12
3,13
3,14
3,15
3,16
3,17
3,18
3,19
3,20
3,21
3,22
3,23
3,24
3,25
3,26
3,27
3,28
3,29
3,30
3,31
3,32
3,33
3,34
4,5
4,6
4,7
4,8
4,9
4,10
4,11
4,12
4,13
4,14
4,15
4,16
4,17
4,18
4,19
4,20
4,21
4,22
4,23
4,24
4,25
4,26
4,27
4,28
4,29
4,30
4,31
4,32
4,33
4,34
5,6
5,7
5,8
5,9
5,10
5,11
5,12
5,13
5,14
5,15
5,16
5,17
5,18
5,19
5,20
5,21
5,22
5,23
5,24
5,25
5,26
5,27
5,28
5,29
5,30
5,31
5,32
5,33
5,34
5,35
5,36
5,44
5,49
5,50
5,53
5,63
5,71
5,75
5,76
5,85
5,91
5,95
5,103
5,110
5,114
5,132
5,133
5,137
5,145
5,148
5,157
5,167
5,175
5,181
5,184
5,187
5,195
5,199
6,7
6,8
6,9
6,10
6,11
6,12
6,13
6,14
6,15
6,16
6,17
6,18
6,19
6,20
6,21
6,22
6,23
6,24
6,25
6,26
6,27
6,28
6,29
6,30
6,31
6,32
6,33
6,34
6,35
6,36
6,44
6,49
6,50
6,53
6,63
6,71
6,75
6,76
6,85
6,91
6,95
6,103
6,110
6,114
6,132
6,133
6,137
6,145
6,148
6,157
6,167
6,175
6,181
6,184
6,187
6,195
6,199
7,8
7,9
7,10
7,11
7,12
7,13
7,14
7,15
7,16
7,17
7,18
7,19
7,20
7,21
7,22
7,23
7,24
7,25
7,26
7,27
7,28
7,29
7,30
7,31
7,32
7,33
7,34
8,9
8,10
8,11
8,12
8,13
8,14
8,15
8,16
8,17
8,18
8,19
8,20
8,21
8,22
8,23
8,24
8,25
8,26
8,27
8,28
8,29
8,30
8,31
8,32
8,33
8,34
9,10
9,11
9,12
9,13
9,14
9,15
9,16
9,17
9,18
9,19
9,20
9,21
9,22
9,23
9,24
9,25
9,26
9,27
9,28
9,29
9,30
9,31
9,32
9,33
9,34
10,11
10,12
10,13
10,14
10,15
10,16
10,17
10,18
10,19
10,20
10,21
10,22
10,23
10,24
10,25
10,26
10,27
10,28
10,29
10,30
10,31
10,32
10,33
10,34
11,12
11,13
11,14
11,15
11,16
11,17
11,18
11,19
11,20
11,21
11,22
11,23
11,24
11,25
11,26
11,27
11,28
11,29
11,30
11,31
11,32
11,33
11,34
12,13
12,14
12,15
12,16
12,17
12,18
12,19
12,20
12,21
12,22
12,23
12,24
12,25
12,26
12,27
12,28
12,29
12,30
12,31
12,32
12,33
12,34
13,14
13,15
13,16
13,17
13,18
13,19
13,20
13,21
13,22
13,23
13,24
13,25
13,26
13,27
13,28
13,29
13,30
13,31
13,32
13,33
13,34
14,15
14,16
14,17
14,18
14,19
14,20
14,21
14,22
14,23
14,24
14,25
14,26
14,27
14,28
14,29
14,30
14,31
14,32
14,33
14,34
15,16
15,17
15,18
15,19
15,20
15,21
15,22
15,23
15,24
15,25
15,26
15,27
15,28
15,29
15,30
15,31
15,32
15,33
15,34
16,17
16,18
16,19
16,20
16,21
16,22
16,23
16,24
16,25
16,26
16,27
16,28
16,29
16,30
16,31
16,32
16,33
16,34
17,18
17,19
17,20
17,21
17,22
17,23
17,24
17,25
17,26
17,27
17,28
17,29
17,30
17,31
17,32
17,33
17,34
18,19
18,20
18,21
18,22
18,23
18,24
18,25
18,26
18,27
18,28
18,29
18,30
18,31
18,32
18,33
18,34
18,35
18,36
18,44
18,49
18,50
18,53
18,63
18,71
18,75
18,76
18,85
18,91
18,95
18,103
18,110
18,114
18,132
18,133
18,137
18,145
18,148
18,157
18,167
18,175
18,181
18,184
18,187
18,195
18,199
19,20
19,21
19,22
19,23
19,24
19,25
19,26
19,27
19,28
19,29
19,30
19,31
19,32
19,33
19,34
20,21
20,22
20,23
20,24
20,25
20,26
20,27
20,28
20,29
20,30
20,31
20,32
20,33
20,34
21,22
21,23
21,24
21,25
21,26
21,27
21,28
21,29
21,30
21,31
21,32
21,33
21,34
22,23
22,24
22,25
22,26
22,27
22,28
22,29
22,30
22,31
22,32
22,33
22,34
23,24
23,25
23,26
23,27
23,28
23,29
23,30
23,31
23,32
23,33
23,34
24,25
24,26
24,27
24,28
24,29
24,30
24,31
24,32
24,33
24,34
25,26
25,27
25,28
25,29
25,30
25,31
25,32
25,33
25,34
26,27
26,28
26,29
26,30
26,31
26,32
26,33
26,34
27,28
27,29
27,30
27,31
27,32
27,33
27,34
28,29
28,30
28,31
28,32
28,33
28,34
28,35
28,36
28,44
28,49
28,50
28,53
28,63
28,71
28,75
28,76
28,85
28,91
28,95
28,103
28,110
28,114
28,132
28,133
28,137
28,145
28,148
28,157
28,167
28,175
28,181
28,184
28,187
28,195
28,199
29,30
29,31
29,32
29,33
29,34
30,31
30,32
30,33
30,34
31,32
31,33
31,34
32,33
32,34
33,34
33,35
33,36
33,44
33,49
33,50
33,53
33,63
33,71
33,75
33,76
33,85
33,91
33,95
33,103
33,110
33,114
33,132
33,133
33,137
33,145
33,148
33,157
33,167
33,175
33,181
33,184
33,187
33,195
33,199
35,36
35,44
35,49
35,50
35,53
35,63
35,71
35,75
35,76
35,85
35,91
35,95
35,103
35,110
35,114
35,132
35,133
35,137
35,145
35,148
35,157
35,167
35,175
35,181
35,184
35,187
35,195
35,199
36,44
36,49
36,50
36,53
36,63
36,71
36,75
36,76
36,85
36,91
36,95
36,103
36,110
36,114
36,132
36,133
36,137
36,145
36,148
36,157
36,167
36,175
36,181
36,184
36,187
36,195
36,199
42,52
42,53
42,54
42,60
42,62
42,64
42,65
42,67
42,69
42,70
42,75
42,78
42,79
42,80
42,87
44,47
44,49
44,50
44,51
44,53
44,54
44,56
44,57
44,58
44,60
44,61
44,62
44,63
44,65
44,67
44,68
44,69
44,71
44,74
44,75
44,76
44,78
44,79
44,80
44,82
44,85
44,87
44,91
44,93
44,95
44,97
44,103
44,110
44,114
44,132
44,133
44,137
44,145
44,148
44,157
44,167
44,175
44,181
44,184
44,187
44,195
44,199
45,50
45,51
45,52
45,54
45,55
45,56
45,58
45,61
45,62
45,63
45,65
45,66
45,67
45,68
45,70
45,75
46,47
46,48
46,49
46,50
46,51
46,52
46,53
46,55
46,56
46,57
47,49
47,50
47,51
47,52
47,53
47,54
47,55
47,56
47,57
47,58
47,59
47,60
47,61
47,62
47,64
47,65
47,67
47,69
47,70
47,73
47,74
47,77
47,79
47,80
47,81
47,82
48,50
48,51
48,52
48,53
48,54
48,55
48,56
48,57
48,58
48,60
48,61
48,62
48,63
48,64
48,65
48,66
48,67
48,68
48,69
48,70
48,71
48,73
48,74
48,75
48,77
48,79
48,81
49,50
49,51
49,52
49,53
49,63
49,71
49,75
49,76
49,85
49,91
49,95
49,103
49,110
49,114
49,132
49,133
49,137
49,145
49,148
49,157
49,167
49,175
49,181
49,184
49,187
49,195
49,199
50,51
50,52
50,53
50,54
50,63
50,71
50,75
50,76
50,85
50,91
50,95
50,103
50,110
50,114
50,132
50,133
50,137
50,145
50,148
50,157
50,167
50,175
50,181
50,184
50,187
50,195
50,199
51,52
51,53
51,54
51,55
51,57
51,58
51,60
51,61
51,62
51,63
52,53
52,54
52,55
52,56
52,58
52,59
52,60
52,61
52,63
52,65
52,66
52,67
52,68
52,70
52,72
52,73
52,75
52,77
52,80
52,81
52,102
52,106
52,139
52,150
52,165
53,57
53,58
53,63
53,65
53,66
53,67
53,70
53,71
53,72
53,73
53,74
53,75
53,76
53,77
53,79
53,80
53,81
53,82
53,84
53,85
53,87
53,89
53,91
53,93
53,95
53,99
53,102
53,103
53,106
53,110
53,114
53,121
53,123
53,127
53,132
53,133
53,134
53,137
53,145
53,148
53,150
53,157
53,167
53,175
53,181
53,184
53,187
53,195
53,199
54,55
54,56
54,57
54,58
54,59
54,60
54,61
54,62
54,63
54,64
54,65
54,67
54,68
54,69
56,57
56,59
56,60
56,61
56,62
56,63
56,64
56,66
56,67
56,68
56,69
57,58
57,59
57,60
57,61
57,62
57,63
57,64
57,65
57,66
57,67
57,68
57,69
57,70
58,59
58,60
58,61
58,62
58,63
58,64
59,61
59,62
59,64
59,65
59,71
59,72
59,74
59,77
59,83
59,85
59,87
60,61
60,62
60,63
60,68
60,69
60,70
60,71
60,73
60,74
60,75
60,77
60,78
60,79
60,80
60,81
60,83
60,85
60,87
60,102
60,104
60,112
61,65
61,66
61,69
61,70
61,71
61,72
61,73
61,74
62,63
62,65
62,66
62,67
62,68
62,69
62,70
62,71
62,72
62,77
62,78
62,80
62,81
62,83
62,84
62,85
62,87
62,93
62,98
62,99
62,102
62,104
62,106
62,108
62,150
63,64
63,65
63,66
63,71
63,75
63,76
63,85
63,91
63,95
63,103
63,110
63,114
63,132
63,133
63,137
63,145
63,148
63,157
63,167
63,175
63,181
63,184
63,187
63,195
63,199
64,65
64,66
64,67
64,68
64,69
64,70
64,73
64,77
64,80
64,81
65,66
65,67
65,68
65,69
65,70
65,71
65,72
65,74
65,77
65,79
65,80
65,81
65,82
65,83
66,68
66,69
66,71
66,72
66,74
66,75
66,77
66,78
66,79
66,81
66,82
66,83
66,84
66,85
66,86
66,87
66,89
66,93
66,98
66,106
67,68
68,70
68,71
68,72
68,74
68,75
68,76
68,77
68,78
68,79
68,81
69,70
69,71
69,72
69,73
69,74
69,75
69,76
69,78
69,79
69,81
69,82
69,83
69,84
69,85
69,87
69,89
70,71
70,73
70,75
70,76
70,77
70,78
70,79
70,80
70,82
70,83
70,84
70,89
70,93
70,94
70,97
70,98
70,99
70,103
70,104
70,108
70,112
70,117
70,118
70,121
71,73
71,74
71,75
71,76
71,77
71,78
71,79
71,80
71,81
71,82
71,83
71,84
71,85
71,87
71,88
71,89
71,91
71,93
71,94
71,95
71,96
71,97
71,99
71,101
71,102
71,103
71,106
71,108
71,110
71,112
71,114
71,117
71,132
71,133
71,137
71,145
71,148
71,157
71,167
71,175
71,181
71,184
71,187
71,195
71,199
72,75
72,77
72,78
72,79
72,80
73,77
73,78
73,80
73,81
73,82
73,83
73,84
73,85
73,86
73,89
73,93
73,94
73,96
73,97
73,98
73,99
73,101
73,102
73,103
73,108
74,75
74,76
74,77
74,78
74,79
75,76
75,77
75,80
75,81
75,82
75,83
75,84
75,85
75,86
75,88
75,91
75,93
75,94
75,95
75,96
75,98
75,99
75,101
75,103
75,106
75,108
75,110
75,114
75,115
75,118
75,122
75,127
75,128
75,132
75,133
75,137
75,145
75,148
75,157
75,167
75,175
75,181
75,184
75,187
75,195
75,199
76,78
76,79
76,80
76,82
76,83
76,84
76,85
76,86
76,87
76,88
76,89
76,91
76,93
76,94
76,95
76,96
76,98
76,99
76,100
76,101
76,102
76,103
76,106
76,108
76,110
76,112
76,114
76,132
76,133
76,137
76,145
76,148
76,157
76,167
76,175
76,181
76,184
76,187
76,195
76,199
77,78
77,79
77,80
77,83
77,84
77,86
77,87
77,88
77,89
77,94
77,96
77,99
77,100
77,102
77,103
78,80
78,81
78,82
78,83
78,84
78,85
78,86
78,87
78,88
79,81
79,82
79,83
79,84
79,85
79,86
79,87
79,88
79,94
79,96
79,97
79,98
79,99
79,100
79,101
79,103
79,106
79,112
79,113
79,119
79,122
80,81
80,82
80,84
80,86
80,88
80,89
80,93
80,96
80,97
80,98
80,99
80,100
80,101
80,103
80,104
80,112
80,113
80,117
80,119
80,121
80,122
80,123
80,127
81,82
81,83
81,84
81,85
81,86
81,87
81,88
81,89
81,92
81,93
81,94
81,95
81,97
81,98
81,99
81,100
81,101
81,102
81,103
81,104
81,106
81,107
81,108
81,109
81,112
81,113
81,117
81,118
81,119
81,120
81,121
81,122
81,123
81,125
81,127
81,128
81,129
81,134
81,141
82,83
82,84
82,86
82,87
82,89
82,90
82,92
82,93
82,95
82,96
82,97
82,98
82,99
82,100
82,101
82,102
82,103
82,105
82,106
82,108
82,109
82,112
82,117
82,118
82,119
82,120
82,121
83,84
83,85
83,86
83,87
83,88
83,89
83,90
83,92
83,93
83,95
83,96
83,97
83,99
83,100
83,102
83,103
83,104
83,105
84,85
84,87
84,88
84,89
84,90
85,87
85,88
85,89
85,90
85,91
85,92
85,93
85,94
85,95
85,97
85,100
85,101
85,103
85,104
85,105
85,106
85,107
85,109
85,110
85,111
85,112
85,113
85,114
85,115
85,118
85,121
85,122
85,127
85,132
85,133
85,137
85,145
85,148
85,157
85,167
85,175
85,181
85,184
85,187
85,195
85,199
86,89
86,90
86,91
86,92
86,93
86,94
86,95
86,96
86,100
87,90
87,91
87,93
87,94
87,96
87,97
87,98
87,99
87,100
87,101
87,102
87,103
87,104
87,105
87,106
87,108
87,109
87,111
87,112
87,113
87,114
87,115
87,116
87,117
87,118
87,119
87,120
87,121
87,122
87,123
87,126
87,127
87,128
87,129
87,134
87,136
87,138
87,141
88,89
88,91
88,92
88,93
88,94
88,95
88,96
88,97
88,98
88,99
88,100
88,101
88,102
88,103
88,104
88,106
88,108
88,109
88,111
88,112
88,113
88,114
88,115
88,118
88,119
88,120
88,121
88,122
88,123
88,125
89,91
89,92
89,93
89,94
90,91
90,92
90,93
90,94
90,95
90,96
91,92
91,93
91,94
91,95
91,96
91,97
91,98
91,99
91,103
91,110
91,114
91,132
91,133
91,137
91,145
91,148
91,157
91,167
91,175
91,181
91,184
91,187
91,195
91,199
92,93
93,95
93,96
93,97
93,98
93,99
93,100
93,101
93,104
93,105
93,108
93,111
93,112
93,113
93,115
93,120
93,121
93,122
93,123
93,126
93,131
93,136
93,138
94,95
94,97
94,99
94,100
94,101
95,96
95,97
95,103
95,110
95,114
95,132
95,133
95,137
95,145
95,148
95,157
95,167
95,175
95,181
95,184
95,187
95,195
95,199
96,97
96,98
96,99
96,100
96,101
96,103
96,105
96,108
96,109
96,112
96,119
96,120
96,121
96,123
96,125
96,126
96,127
96,129
96,131
96,139
97,98
97,101
98,99
98,101
98,102
98,104
98,107
98,109
98,111
98,113
98,115
98,116
98,117
98,118
98,119
98,120
98,121
98,122
98,123
98,125
98,126
98,127
98,128
98,129
98,130
98,131
98,139
99,100
99,101
99,102
99,103
99,104
99,105
99,107
99,108
99,109
99,111
99,112
99,114
99,116
99,117
99,119
99,120
99,121
99,122
99,123
99,126
99,127
99,128
99,129
99,130
99,131
99,134
99,139
99,141
99,145
99,151
100,103
100,104
100,105
100,106
100,107
100,108
100,109
100,111
100,112
100,113
100,116
100,117
100,118
100,119
100,120
100,121
100,122
100,123
100,124
100,125
100,126
100,127
100,128
100,129
100,130
100,131
100,134
100,136
100,139
100,142
100,143
100,145
100,147
100,150
100,151
101,102
101,103
101,104
101,105
101,106
101,107
101,108
101,109
101,110
101,111
102,103
102,104
102,105
102,106
102,107
102,108
102,110
102,111
103,104
103,105
103,108
103,110
103,114
103,132
103,133
103,137
103,145
103,148
103,157
103,167
103,175
103,181
103,184
103,187
103,195
103,199
104,105
104,106
104,107
104,108
104,109
104,110
104,111
104,112
104,114
104,115
104,116
104,117
104,120
105,106
105,107
106,107
106,108
106,109
106,110
106,111
106,112
106,115
106,116
106,117
106,118
106,119
107,110
107,111
107,112
107,113
107,114
107,115
107,116
107,117
107,118
107,119
107,120
107,123
107,124
107,127
107,128
108,109
108,111
108,112
108,113
108,114
108,116
108,117
108,118
108,119
108,120
108,121
108,123
108,125
108,127
108,128
109,111
109,112
109,113
109,114
109,115
109,116
109,117
109,118
110,114
110,132
110,133
110,137
110,145
110,148
110,157
110,167
110,175
110,181
110,184
110,187
110,195
110,199
111,112
111,113
111,114
111,115
111,116
111,117
111,118
111,119
111,120
111,123
112,113
112,114
113,114
113,115
113,116
113,119
113,120
113,121
113,123
113,124
113,125
113,126
113,127
113,128
113,129
113,143
113,147
114,115
114,116
114,117
114,118
114,119
114,120
114,121
114,122
114,123
114,125
114,126
114,127
114,128
114,129
114,130
114,131
114,132
114,133
114,137
114,145
114,148
114,157
114,167
114,175
114,181
114,184
114,187
114,195
114,199
115,116
115,117
115,119
116,117
116,118
116,119
116,120
116,121
116,122
116,123
116,125
116,128
116,131
116,134
116,135
116,139
116,143
116,144
116,147
116,151
117,118
117,119
117,120
117,121
117,122
117,125
117,126
117,127
117,128
117,130
117,131
117,134
117,135
117,136
117,138
117,139
117,141
117,142
117,144
117,145
117,150
117,151
117,165
118,119
118,120
118,121
118,122
118,124
118,125
118,126
118,127
118,128
118,129
118,130
118,131
118,133
118,134
118,136
118,138
118,139
118,141
118,143
118,145
118,147
118,148
118,150
118,151
118,166
118,169
119,120
119,121
119,122
119,123
119,124
119,125
119,126
119,127
119,128
119,129
119,130
119,131
119,133
119,134
119,135
119,136
119,138
119,139
119,142
119,143
119,145
119,148
119,150
119,151
119,164
119,165
119,166
120,121
120,122
120,123
120,124
120,126
121,122
121,123
121,124
121,125
121,126
121,127
121,128
121,130
121,131
121,133
121,134
121,136
121,138
121,141
121,142
121,143
122,123
122,124
122,126
122,127
122,128
122,129
122,130
122,133
122,134
122,135
122,136
123,124
123,125
123,126
123,127
123,128
123,130
123,131
123,132
123,133
123,134
123,135
123,136
123,138
123,139
123,140
123,141
123,143
123,144
123,145
123,147
123,148
123,150
123,151
123,153
123,164
123,165
123,166
123,169
124,125
124,126
124,127
124,128
124,129
124,130
124,131
124,132
124,133
124,139
124,140
124,141
124,142
124,143
124,144
124,145
124,147
125,126
125,127
125,128
125,129
125,130
125,131
125,132
125,133
125,134
125,135
125,136
125,137
125,138
126,128
126,129
126,130
126,131
126,132
126,133
126,134
126,135
126,136
126,137
126,140
126,141
126,142
126,143
126,144
126,145
126,147
126,148
126,149
126,150
126,154
127,129
127,130
127,131
127,132
127,133
127,134
127,136
127,137
127,139
127,140
127,142
127,143
127,144
127,145
127,146
127,147
127,148
127,149
127,150
127,151
127,153
127,154
127,160
127,165
127,166
127,169
127,170
127,171
128,130
128,131
128,132
128,133
128,134
128,135
128,136
128,139
128,140
128,141
128,142
128,143
128,144
128,146
128,149
128,150
128,151
128,153
128,154
128,156
128,160
128,164
128,165
128,166
128,170
128,171
128,174
129,130
129,131
129,132
129,133
129,134
129,135
130,131
131,132
131,133
131,134
131,139
131,140
131,143
131,144
131,146
131,147
132,133
132,137
132,145
132,148
132,157
132,167
132,175
132,181
132,184
132,187
132,195
132,199
133,134
133,135
133,136
133,137
133,138
133,139
133,143
133,144
133,145
133,146
133,147
133,148
133,150
133,153
133,154
133,157
133,160
133,165
133,166
133,167
133,175
133,181
133,184
133,187
133,195
133,199
134,135
134,136
134,137
134,138
134,139
134,140
134,142
134,143
134,144
134,145
134,146
134,147
134,149
134,151
134,153
134,156
134,159
134,160
134,163
134,165
134,166
134,170
134,172
134,174
134,175
135,137
136,137
136,138
136,140
136,141
136,142
136,144
136,145
136,146
136,147
136,148
136,149
136,150
136,151
136,153
136,154
136,156
136,160
136,163
136,165
136,166
136,168
136,171
136,172
136,174
136,175
136,178
136,185
136,196
137,145
137,148
137,157
137,167
137,175
137,181
137,184
137,187
137,195
137,199
138,139
138,141
138,142
138,143
138,144
138,146
138,147
138,148
138,149
138,150
138,151
138,153
138,154
138,156
138,157
138,159
138,162
138,166
138,168
138,169
138,170
138,171
138,172
138,178
138,182
138,192
139,141
139,143
139,144
139,145
139,148
139,149
139,151
139,152
139,153
139,156
139,157
139,158
139,159
139,160
139,162
139,164
139,165
139,166
139,168
139,169
139,170
139,171
139,175
139,176
139,178
139,182
140,141
140,142
140,143
140,145
140,147
140,148
140,149
140,150
140,151
140,152
140,153
140,154
140,156
140,158
140,160
140,161
140,162
140,163
140,164
140,165
140,166
140,168
140,169
141,142
141,144
141,145
141,146
141,148
141,149
141,150
141,151
141,152
141,153
141,154
141,155
141,157
141,159
141,160
141,161
141,162
141,163
141,164
141,165
141,166
141,167
141,168
141,169
141,170
141,172
141,174
141,176
141,177
141,178
141,182
141,188
141,192
141,196
142,144
142,145
142,146
143,144
143,145
143,146
143,148
143,149
143,150
143,153
143,154
143,155
143,156
143,157
144,145
145,148
145,149
145,150
145,151
145,157
145,167
145,175
145,181
145,184
145,187
145,195
145,199
146,147
146,148
146,149
146,153
146,154
146,156
147,148
147,149
147,150
147,151
147,153
147,154
147,155
147,157
148,149
148,150
148,151
148,153
148,154
148,155
148,156
148,157
148,158
148,159
148,160
148,161
148,162
148,163
148,164
148,167
148,168
148,171
148,175
148,181
148,184
148,187
148,195
148,199
149,151
149,152
149,153
150,151
150,152
150,153
150,154
150,155
150,158
150,159
150,160
150,161
150,162
151,152
151,153
151,154
151,155
151,156
151,157
151,158
151,159
151,160
151,161
151,162
151,163
151,165
151,166
151,167
151,168
151,171
151,173
151,175
151,177
151,178
151,181
151,184
151,186
152,153
152,154
152,155
152,156
152,158
152,159
152,160
152,161
152,162
152,163
152,164
152,165
152,167
152,169
152,170
152,171
152,173
152,174
152,175
152,177
152,178
152,181
152,182
152,186
152,188
152,196
152,198
153,154
153,155
153,156
153,157
153,158
153,159
153,160
153,161
153,162
153,163
153,164
153,165
153,166
153,168
153,169
153,171
153,172
153,173
153,174
153,175
153,176
153,177
153,178
153,181
153,182
153,186
154,155
155,156
155,158
155,159
156,157
156,158
156,159
156,161
156,163
156,164
156,165
156,166
156,168
156,169
156,170
156,171
156,172
156,173
156,174
156,175
156,176
156,177
156,178
156,182
156,183
156,184
156,186
156,195
156,196
157,159
157,160
157,161
157,162
157,163
157,164
157,165
157,167
157,175
157,181
157,184
157,187
157,195
157,199
158,159
158,160
158,161
159,160
159,161
159,162
159,163
159,164
159,165
159,166
159,167
159,171
159,173
159,175
159,176
159,177
159,178
159,181
159,182
159,183
159,184
159,185
159,186
159,192
159,195
159,198
160,165
160,166
160,167
160,168
160,169
160,170
160,171
160,172
160,173
160,174
160,175
160,177
160,178
160,181
160,182
161,162
161,163
161,164
161,165
161,166
161,167
161,168
162,163
162,164
162,165
162,166
162,167
162,168
162,169
162,170
162,171
162,172
162,173
163,164
163,165
163,166
163,167
163,168
163,169
163,170
163,171
163,172
163,173
163,174
163,175
163,176
163,178
163,181
163,182
163,183
163,185
163,186
163,188
163,192
163,198
164,165
164,168
164,169
164,170
164,171
164,172
164,175
164,176
164,177
164,178
164,179
164,181
164,182
164,183
164,184
164,186
164,188
164,189
164,192
164,195
164,196
164,198
164,199
165,168
165,169
165,170
165,171
165,172
165,173
165,175
165,177
165,178
165,179
165,181
165,182
165,183
165,184
165,185
165,188
165,189
165,192
165,196
165,198
165,199
166,167
166,168
166,169
166,170
166,171
166,172
166,173
166,174
166,175
166,176
166,177
166,178
166,179
166,180
166,181
167,170
167,171
167,175
167,181
167,184
167,187
167,195
167,199
168,169
168,170
168,171
168,172
168,173
168,174
168,175
169,170
169,171
169,172
169,173
169,174
169,175
169,176
169,180
169,184
169,185
169,186
169,189
169,192
170,171
170,172
170,173
170,174
170,175
170,176
170,177
170,179
170,180
171,172
171,173
171,174
171,175
171,176
171,177
171,178
171,179
171,181
171,185
171,186
171,187
171,188
171,189
171,190
171,196
172,173
172,174
172,175
172,177
172,178
172,179
172,180
172,181
172,182
172,184
172,185
172,186
172,187
172,188
172,189
172,190
173,175
173,176
173,177
173,178
173,179
173,180
173,181
173,182
173,183
174,175
174,176
174,177
174,178
174,179
174,180
174,181
174,182
174,186
174,187
174,188
174,189
174,190
174,192
174,195
174,196
174,198
174,199
175,181
175,184
175,187
175,195
175,199
176,177
176,179
176,180
176,181
176,182
176,183
176,186
176,187
178,179
178,181
178,182
178,183
178,185
178,186
178,188
178,189
178,190
178,195
178,199
179,180
179,181
179,182
179,183
179,185
179,186
179,188
179,189
179,190
179,193
179,195
179,199
180,183
180,184
180,185
180,186
180,187
180,189
180,190
180,192
180,193
180,195
180,196
180,197
180,198
181,183
181,184
181,185
181,186
181,187
181,188
181,189
181,190
181,192
181,193
181,195
181,197
181,198
181,199
182,184
182,185
182,187
182,188
182,189
183,184
183,186
183,188
183,190
183,192
184,185
184,186
184,187
184,188
184,189
184,190
184,194
184,195
184,197
184,199
185,186
185,188
185,190
186,187
186,188
186,190
186,192
186,193
186,194
186,195
186,198
187,189
187,190
187,192
187,193
187,194
187,195
187,196
187,197
187,198
187,199
188,189
188,192
188,193
188,194
188,195
188,196
188,197
189,190
189,192
189,193
189,196
189,197
190,192
190,193
190,194
190,195
190,196
190,198
190,199
191,192
191,193
191,194
191,195
191,196
191,197
191,198
191,199
192,195
192,196
192,197
192,198
192,199
193,194
193,195
193,197
193,198
193,199
194,195
194,197
194,198
194,199
195,196
195,197
195,198
195,199
196,197
196,198
197,199
198,199
