0,1
0,2
0,3
0,4
0,5
0,6
0,7
0,8
0,9
0,10
1,2
1,3
1,4
1,5
1,6
1,7
1,8
1,9
1,10
2,3
2,4
2,5
2,6
2,7
2,8
2,9
3,4
3,5
3,6
3,7
3,8
3,9
3,10
4,5
4,6
4,7
4,8
4,9
4,10
5,6
5,7
5,8
5,9
5,10
6,7
6,8
6,9
6,10
7,8
7,9
7,10
8,9
8,10
9,10
17,19
17,39
17,87
17,95
17,111
17,120
17,132
17,149
17,167
17,195
19,39
19,87
19,95
19,111
19,120
19,132
19,149
19,167
19,195
39,87
39,95
39,111
39,120
39,132
39,149
39,167
39,195
87,95
87,111
87,120
87,132
87,149
87,167
87,195
95,111
95,120
95,132
95,149
95,167
95,195
111,120
111,132
111,149
111,167
111,195
120,132
120,149
120,167
120,195
131,134
132,133
132,134
132,149
132,167
132,195
134,135
142,149
142,151
149,151
149,153
149,156
149,167
149,195
151,153
151,155
152,153
152,155
152,156
152,160
155,156
155,160
156,159
156,160
157,159
158,159
159,160
160,168
161,163
161,164
161,166
161,168
162,168
162,170
163,164
164,165
164,167
164,170
165,166
166,167
166,168
166,170
167,168
167,169
167,170
167,195
168,169
168,170
169,170
169,171
169,172
170,171
171,173
171,175
172,173
172,174
172,175
172,179
173,174
173,175
175,178
176,179
178,179
178,181
178,183
180,183
181,182
181,183
181,185
181,186
183,185
183,186
183,188
185,186
185,188
185,191
186,188
186,189
188,189
188,190
188,191
189,190
189,191
190,191
190,193
191,192
191,193
191,194
191,195
191,196
192,193
192,194
194,196
194,197
195,196
195,197
196,197
