0,1
0,2
0,3
0,4
0,5
0,6
0,7
0,8
0,9
0,10
0,11
0,12
0,13
0,14
0,15
0,16
0,17
0,18
0,19
0,20
0,21
0,22
0,23
0,24
0,25
0,26
0,27
0,28
0,29
0,30
0,31
0,32
0,33
0,34
0,35
0,36
0,37
0,38
0,39
0,40
0,41
0,42
0,43
0,44
0,45
0,46
0,47
0,48
1,2
1,3
1,4
1,5
1,6
1,7
1,8
1,9
1,10
1,11
1,12
1,13
1,14
1,15
1,16
1,17
1,18
1,19
1,20
1,21
1,22
1,23
1,24
1,25
1,26
1,27
1,28
1,29
1,30
1,31
1,32
1,33
1,34
1,35
1,36
1,37
1,38
1,39
1,40
1,41
1,42
1,43
1,44
1,45
1,46
1,47
1,48
2,3
2,4
2,5
2,6
2,7
2,8
2,9
2,10
2,11
2,12
2,13
2,14
2,15
2,16
2,17
2,18
2,19
2,20
2,21
2,22
2,23
2,24
2,25
2,26
2,27
2,28
2,29
2,30
2,31
2,32
2,33
2,34
2,35
2,36
2,37
2,38
2,39
2,40
2,41
2,42
2,43
2,44
2,45
2,46
2,47
2,48
3,4
3,5
3,6
3,7
3,8
3,9
3,10
3,11
3,12
3,13
3,14
3,15
3,16
3,17
3,18
3,19
3,20
3,21
3,22
3,23
3,24
3,25
3,26
3,27
3,28
3,29
3,30
3,31
3,32
3,33
3,34
3,35
3,36
3,37
3,38
3,39
3,40
3,41
3,42
3,43
3,44
3,45
3,46
3,47
3,48
3,55
3,57
3,64
3,66
3,69
3,72
3,73
3,75
3,77
3,81
3,96
3,97
3,101
3,106
3,117
3,118
3,119
3,125
3,129
3,131
3,137
3,140
3,144
3,145
3,149
3,150
3,151
3,153
3,157
3,165
3,174
3,185
3,186
3,197
4,5
4,6
4,7
4,8
4,9
4,10
4,11
4,12
4,13
4,14
4,15
4,16
4,17
4,18
4,19
4,20
4,21
4,22
4,23
4,24
4,25
4,26
4,27
4,28
4,29
4,30
4,31
4,32
4,33
4,34
4,35
4,36
4,37
4,38
4,39
4,40
4,41
4,42
4,43
4,44
4,45
4,46
4,47
4,48
5,6
5,7
5,8
5,9
5,10
5,11
5,12
5,13
5,14
5,15
5,16
5,17
5,18
5,19
5,20
5,21
5,22
5,23
5,24
5,25
5,26
5,27
5,28
5,29
5,30
5,31
5,32
5,33
5,34
5,35
5,36
5,37
5,38
5,39
5,40
5,41
5,42
5,43
5,44
5,45
5,46
5,47
5,48
5,55
5,57
5,64
5,66
5,69
5,72
5,73
5,75
5,77
5,81
5,96
5,97
5,101
5,106
5,117
5,118
5,119
5,125
5,129
5,131
5,137
5,140
5,144
5,145
5,149
5,150
5,151
5,153
5,157
5,165
5,174
5,185
5,186
5,197
6,7
6,8
6,9
6,10
6,11
6,12
6,13
6,14
6,15
6,16
6,17
6,18
6,19
6,20
6,21
6,22
6,23
6,24
6,25
6,26
6,27
6,28
6,29
6,30
6,31
6,32
6,33
6,34
6,35
6,36
6,37
6,38
6,39
6,40
6,41
6,42
6,43
6,44
6,45
6,46
6,47
6,48
7,8
7,9
7,10
7,11
7,12
7,13
7,14
7,15
7,16
7,17
7,18
7,19
7,20
7,21
7,22
7,23
7,24
7,25
7,26
7,27
7,28
7,29
7,30
7,31
7,32
7,33
7,34
7,35
7,36
7,37
7,38
7,39
7,40
7,41
7,42
7,43
7,44
7,45
7,46
7,47
7,48
8,9
8,10
8,11
8,12
8,13
8,14
8,15
8,16
8,17
8,18
8,19
8,20
8,21
8,22
8,23
8,24
8,25
8,26
8,27
8,28
8,29
8,30
8,31
8,32
8,33
8,34
8,35
8,36
8,37
8,38
8,39
8,40
8,41
8,42
8,43
8,44
8,45
8,46
8,47
8,48
9,10
9,11
9,12
9,13
9,14
9,15
9,16
9,17
9,18
9,19
9,20
9,21
9,22
9,23
9,24
9,25
9,26
9,27
9,28
9,29
9,30
9,31
9,32
9,33
9,34
9,35
9,36
9,37
9,38
9,39
9,40
9,41
9,42
9,43
9,44
9,45
9,46
9,47
9,48
9,55
9,57
9,64
9,66
9,69
9,72
9,73
9,75
9,77
9,81
9,96
9,97
9,101
9,106
9,117
9,118
9,119
9,125
9,129
9,131
9,137
9,140
9,144
9,145
9,149
9,150
9,151
9,153
9,157
9,165
9,174
9,185
9,186
9,197
10,11
10,12
10,13
10,14
10,15
10,16
10,17
10,18
10,19
10,20
10,21
10,22
10,23
10,24
10,25
10,26
10,27
10,28
10,29
10,30
10,31
10,32
10,33
10,34
10,35
10,36
10,37
10,38
10,39
10,40
10,41
10,42
10,43
10,44
10,45
10,46
10,47
10,48
10,55
10,57
10,64
10,66
10,69
10,72
10,73
10,75
10,77
10,81
10,96
10,97
10,101
10,106
10,117
10,118
10,119
10,125
10,129
10,131
10,137
10,140
10,144
10,145
10,149
10,150
10,151
10,153
10,157
10,165
10,174
10,185
10,186
10,197
11,12
11,13
11,14
11,15
11,16
11,17
11,18
11,19
11,20
11,21
11,22
11,23
11,24
11,25
11,26
11,27
11,28
11,29
11,30
11,31
11,32
11,33
11,34
11,35
11,36
11,37
11,38
11,39
11,40
11,41
11,42
11,43
11,44
11,45
11,46
11,47
11,48
12,13
12,14
12,15
12,16
12,17
12,18
12,19
12,20
12,21
12,22
12,23
12,24
12,25
12,26
12,27
12,28
12,29
12,30
12,31
12,32
12,33
12,34
12,35
12,36
12,37
12,38
12,39
12,40
12,41
12,42
12,43
12,44
12,45
12,46
12,47
12,48
13,14
13,15
13,16
13,17
13,18
13,19
13,20
13,21
13,22
13,23
13,24
13,25
13,26
13,27
13,28
13,29
13,30
13,31
13,32
13,33
13,34
13,35
13,36
13,37
13,38
13,39
13,40
13,41
13,42
13,43
13,44
13,45
13,46
13,47
13,48
14,15
14,16
14,17
14,18
14,19
14,20
14,21
14,22
14,23
14,24
14,25
14,26
14,27
14,28
14,29
14,30
14,31
14,32
14,33
14,34
14,35
14,36
14,37
14,38
14,39
14,40
14,41
14,42
14,43
14,44
14,45
14,46
14,47
14,48
14,55
14,57
14,64
14,66
14,69
14,72
14,73
14,75
14,77
14,81
14,96
14,97
14,101
14,106
14,117
14,118
14,119
14,125
14,129
14,131
14,137
14,140
14,144
14,145
14,149
14,150
14,151
14,153
14,157
14,165
14,174
14,185
14,186
14,197
15,16
15,17
15,18
15,19
15,20
15,21
15,22
15,23
15,24
15,25
15,26
15,27
15,28
15,29
15,30
15,31
15,32
15,33
15,34
15,35
15,36
15,37
15,38
15,39
15,40
15,41
15,42
15,43
15,44
15,45
15,46
15,47
15,48
16,17
16,18
16,19
16,20
16,21
16,22
16,23
16,24
16,25
16,26
16,27
16,28
16,29
16,30
16,31
16,32
16,33
16,34
16,35
16,36
16,37
16,38
16,39
16,40
16,41
16,42
16,43
16,44
16,45
16,46
16,47
16,48
16,55
16,57
16,64
16,66
16,69
16,72
16,73
16,75
16,77
16,81
16,96
16,97
16,101
16,106
16,117
16,118
16,119
16,125
16,129
16,131
16,137
16,140
16,144
16,145
16,149
16,150
16,151
16,153
16,157
16,165
16,174
16,185
16,186
16,197
17,18
17,19
17,20
17,21
17,22
17,23
17,24
17,25
17,26
17,27
17,28
17,29
17,30
17,31
17,32
17,33
17,34
17,35
17,36
17,37
17,38
17,39
17,40
17,41
17,42
17,43
17,44
17,45
17,46
17,47
17,48
18,19
18,20
18,21
18,22
18,23
18,24
18,25
18,26
18,27
18,28
18,29
18,30
18,31
18,32
18,33
18,34
18,35
18,36
18,37
18,38
18,39
18,40
18,41
18,42
18,43
18,44
18,45
18,46
18,47
18,48
19,20
19,21
19,22
19,23
19,24
19,25
19,26
19,27
19,28
19,29
19,30
19,31
19,32
19,33
19,34
19,35
19,36
19,37
19,38
19,39
19,40
19,41
19,42
19,43
19,44
19,45
19,46
19,47
19,48
19,55
19,57
19,64
19,66
19,69
19,72
19,73
19,75
19,77
19,81
19,96
19,97
19,101
19,106
19,117
19,118
19,119
19,125
19,129
19,131
19,137
19,140
19,144
19,145
19,149
19,150
19,151
19,153
19,157
19,165
19,174
19,185
19,186
19,197
20,21
20,22
20,23
20,24
20,25
20,26
20,27
20,28
20,29
20,30
20,31
20,32
20,33
20,34
20,35
20,36
20,37
20,38
20,39
20,40
20,41
20,42
20,43
20,44
20,45
20,46
20,47
20,48
21,22
21,23
21,24
21,25
21,26
21,27
21,28
21,29
21,30
21,31
21,32
21,33
21,34
21,35
21,36
21,37
21,38
21,39
21,40
21,41
21,42
21,43
21,44
21,45
21,46
21,47
21,48
22,23
22,24
22,25
22,26
22,27
22,28
22,29
22,30
22,31
22,32
22,33
22,34
22,35
22,36
22,37
22,38
22,39
22,40
22,41
22,42
22,43
22,44
22,45
22,46
22,47
22,48
22,55
22,57
22,64
22,66
22,69
22,72
22,73
22,75
22,77
22,81
22,96
22,97
22,101
22,106
22,117
22,118
22,119
22,125
22,129
22,131
22,137
22,140
22,144
22,145
22,149
22,150
22,151
22,153
22,157
22,165
22,174
22,185
22,186
22,197
23,24
23,25
23,26
23,27
23,28
23,29
23,30
23,31
23,32
23,33
23,34
23,35
23,36
23,37
23,38
23,39
23,40
23,41
23,42
23,43
23,44
23,45
23,46
23,47
23,48
24,25
24,26
24,27
24,28
24,29
24,30
24,31
24,32
24,33
24,34
24,35
24,36
24,37
24,38
24,39
24,40
24,41
24,42
24,43
24,44
24,45
24,46
24,47
24,48
25,26
25,27
25,28
25,29
25,30
25,31
25,32
25,33
25,34
25,35
25,36
25,37
25,38
25,39
25,40
25,41
25,42
25,43
25,44
25,45
25,46
25,47
25,48
25,55
25,57
25,64
25,66
25,69
25,72
25,73
25,75
25,77
25,81
25,96
25,97
25,101
25,106
25,117
25,118
25,119
25,125
25,129
25,131
25,137
25,140
25,144
25,145
25,149
25,150
25,151
25,153
25,157
25,165
25,174
25,185
25,186
25,197
26,27
26,28
26,29
26,30
26,31
26,32
26,33
26,34
26,35
26,36
26,37
26,38
26,39
26,40
26,41
26,42
26,43
26,44
26,45
26,46
26,47
26,48
27,28
27,29
27,30
27,31
27,32
27,33
27,34
27,35
27,36
27,37
27,38
27,39
27,40
27,41
27,42
27,43
27,44
27,45
27,46
27,47
27,48
28,29
28,30
28,31
28,32
28,33
28,34
28,35
28,36
28,37
28,38
28,39
28,40
28,41
28,42
28,43
28,44
28,45
28,46
28,47
28,48
29,30
29,31
29,32
29,33
29,34
29,35
29,36
29,37
29,38
29,39
29,40
29,41
29,42
29,43
29,44
29,45
29,46
29,47
29,48
29,55
29,57
29,64
29,66
29,69
29,72
29,73
29,75
29,77
29,81
29,96
29,97
29,101
29,106
29,117
29,118
29,119
29,125
29,129
29,131
29,137
29,140
29,144
29,145
29,149
29,150
29,151
29,153
29,157
29,165
29,174
29,185
29,186
29,197
30,31
30,32
30,33
30,34
30,35
30,36
30,37
30,38
30,39
30,40
30,41
30,42
30,43
30,44
30,45
30,46
30,47
30,48
31,32
31,33
31,34
31,35
31,36
31,37
31,38
31,39
31,40
31,41
31,42
31,43
31,44
31,45
31,46
31,47
31,48
32,33
32,34
32,35
32,36
32,37
32,38
32,39
32,40
32,41
32,42
32,43
32,44
32,45
32,46
32,47
32,48
32,55
32,57
32,64
32,66
32,69
32,72
32,73
32,75
32,77
32,81
32,96
32,97
32,101
32,106
32,117
32,118
32,119
32,125
32,129
32,131
32,137
32,140
32,144
32,145
32,149
32,150
32,151
32,153
32,157
32,165
32,174
32,185
32,186
32,197
33,34
33,35
33,36
33,37
33,38
33,39
33,40
33,41
33,42
33,43
33,44
33,45
33,46
33,47
33,48
33,55
33,57
33,64
33,66
33,69
33,72
33,73
33,75
33,77
33,81
33,96
33,97
33,101
33,106
33,117
33,118
33,119
33,125
33,129
33,131
33,137
33,140
33,144
33,145
33,149
33,150
33,151
33,153
33,157
33,165
33,174
33,185
33,186
33,197
34,35
34,36
34,37
34,38
34,39
34,40
34,41
34,42
34,43
34,44
34,45
34,46
34,47
34,48
35,36
35,37
35,38
35,39
35,40
35,41
35,42
35,43
35,44
35,45
35,46
35,47
35,48
36,37
36,38
36,39
36,40
36,41
36,42
36,43
36,44
36,45
36,46
36,47
36,48
37,38
37,39
37,40
37,41
37,42
37,43
37,44
37,45
37,46
37,47
37,48
38,39
38,40
38,41
38,42
38,43
38,44
38,45
38,46
38,47
38,48
39,40
39,41
39,42
39,43
39,44
39,45
39,46
39,47
39,48
40,41
40,42
40,43
40,44
40,45
40,46
40,47
40,48
40,55
40,57
40,64
40,66
40,69
40,72
40,73
40,75
40,77
40,81
40,96
40,97
40,101
40,106
40,117
40,118
40,119
40,125
40,129
40,131
40,137
40,140
40,144
40,145
40,149
40,150
40,151
40,153
40,157
40,165
40,174
40,185
40,186
40,197
41,42
41,43
41,44
41,45
41,46
41,47
41,48
42,43
42,44
42,45
42,46
42,47
42,48
42,55
42,57
42,64
42,66
42,69
42,72
42,73
42,75
42,77
42,81
42,96
42,97
42,101
42,106
42,117
42,118
42,119
42,125
42,129
42,131
42,137
42,140
42,144
42,145
42,149
42,150
42,151
42,153
42,157
42,165
42,174
42,185
42,186
42,197
43,44
43,45
43,46
43,47
43,48
44,45
44,46
44,47
44,48
45,46
45,47
46,47
46,48
47,48
48,55
48,57
48,64
48,66
48,69
48,72
48,73
48,75
48,77
48,81
48,96
48,97
48,101
48,106
48,117
48,118
48,119
48,125
48,129
48,131
48,137
48,140
48,144
48,145
48,149
48,150
48,151
48,153
48,157
48,165
48,174
48,185
48,186
48,197
55,57
55,64
55,66
55,69
55,72
55,73
55,75
55,77
55,81
55,96
55,97
55,101
55,106
55,117
55,118
55,119
55,125
55,129
55,131
55,137
55,140
55,144
55,145
55,149
55,150
55,151
55,153
55,157
55,165
55,174
55,185
55,186
55,197
57,64
57,66
57,69
57,72
57,73
57,75
57,77
57,81
57,96
57,97
57,101
57,106
57,117
57,118
57,119
57,125
57,129
57,131
57,137
57,140
57,144
57,145
57,149
57,150
57,151
57,153
57,157
57,165
57,174
57,185
57,186
57,197
64,66
64,69
64,72
64,73
64,75
64,77
64,81
64,96
64,97
64,101
64,106
64,117
64,118
64,119
64,125
64,129
64,131
64,137
64,140
64,144
64,145
64,149
64,150
64,151
64,153
64,157
64,165
64,174
64,185
64,186
64,197
66,69
66,72
66,73
66,75
66,77
66,81
66,96
66,97
66,101
66,106
66,117
66,118
66,119
66,125
66,129
66,131
66,137
66,140
66,144
66,145
66,149
66,150
66,151
66,153
66,157
66,165
66,174
66,185
66,186
66,197
69,72
69,73
69,75
69,77
69,81
69,96
69,97
69,101
69,106
69,117
69,118
69,119
69,125
69,129
69,131
69,137
69,140
69,144
69,145
69,149
69,150
69,151
69,153
69,157
69,165
69,174
69,185
69,186
69,197
72,73
72,75
72,77
72,81
72,96
72,97
72,101
72,106
72,117
72,118
72,119
72,125
72,129
72,131
72,137
72,140
72,144
72,145
72,149
72,150
72,151
72,153
72,157
72,165
72,174
72,185
72,186
72,197
73,75
73,77
73,81
73,96
73,97
73,101
73,106
73,117
73,118
73,119
73,125
73,129
73,131
73,137
73,140
73,144
73,145
73,149
73,150
73,151
73,153
73,157
73,165
73,174
73,185
73,186
73,197
75,77
75,81
75,96
75,97
75,101
75,106
75,117
75,118
75,119
75,125
75,129
75,131
75,137
75,140
75,144
75,145
75,149
75,150
75,151
75,153
75,157
75,165
75,174
75,185
75,186
75,197
77,81
77,96
77,97
77,101
77,106
77,117
77,118
77,119
77,125
77,129
77,131
77,137
77,140
77,144
77,145
77,149
77,150
77,151
77,153
77,157
77,165
77,174
77,185
77,186
77,197
81,96
81,97
81,101
81,106
81,117
81,118
81,119
81,125
81,129
81,131
81,137
81,140
81,144
81,145
81,149
81,150
81,151
81,153
81,157
81,165
81,174
81,185
81,186
81,197
96,97
96,101
96,106
96,117
96,118
96,119
96,125
96,129
96,131
96,137
96,140
96,144
96,145
96,149
96,150
96,151
96,153
96,157
96,165
96,174
96,185
96,186
96,197
97,101
97,106
97,117
97,118
97,119
97,125
97,129
97,131
97,137
97,140
97,144
97,145
97,149
97,150
97,151
97,153
97,157
97,165
97,174
97,185
97,186
97,197
101,106
101,117
101,118
101,119
101,125
101,129
101,131
101,137
101,140
101,144
101,145
101,149
101,150
101,151
101,153
101,157
101,165
101,174
101,185
101,186
101,197
104,112
104,113
104,114
105,108
105,109
106,108
106,109
106,111
106,112
106,114
106,117
106,118
106,119
106,120
106,124
106,125
106,129
106,131
106,132
106,137
106,140
106,144
106,145
106,147
106,149
106,150
106,151
106,153
106,157
106,165
106,174
106,185
106,186
106,197
107,109
107,110
107,111
107,112
107,113
107,114
107,120
107,121
107,122
107,123
107,124
107,125
107,129
107,132
107,135
107,147
108,111
108,112
108,120
108,121
108,122
108,123
108,124
108,129
108,132
108,140
108,143
109,110
109,111
109,112
109,120
109,121
109,123
109,124
109,128
109,130
109,132
109,134
109,138
109,140
109,147
109,150
110,112
110,113
110,114
110,117
110,120
110,121
110,122
110,123
110,124
110,125
110,131
110,135
110,140
110,142
110,147
110,158
111,112
111,113
111,114
111,115
111,116
111,117
111,121
111,122
111,123
111,124
111,125
111,128
111,129
111,130
111,131
111,138
112,114
112,115
112,116
112,117
112,120
112,121
112,122
112,123
112,125
112,128
112,129
112,130
112,131
112,132
112,134
112,135
112,136
112,138
112,143
112,147
112,150
112,158
113,115
113,116
113,117
113,120
113,121
113,122
113,123
113,124
113,125
113,126
114,115
114,117
114,120
114,121
114,123
114,124
114,125
114,126
114,128
114,129
114,132
114,136
114,138
114,140
114,142
114,143
114,147
114,150
114,151
114,155
114,160
115,116
115,117
115,120
115,122
115,123
115,124
115,126
115,128
115,129
115,130
115,131
115,133
115,134
115,135
115,136
115,138
115,142
115,143
115,147
115,155
115,156
115,158
115,160
116,117
116,120
116,121
117,118
117,119
117,122
117,123
117,124
117,125
117,129
117,131
117,137
117,140
117,144
117,145
117,149
117,150
117,151
117,153
117,157
117,165
117,174
117,185
117,186
117,197
118,119
118,123
118,124
118,125
118,126
118,128
118,129
118,130
118,131
118,137
118,140
118,144
118,145
118,149
118,150
118,151
118,153
118,157
118,165
118,174
118,185
118,186
118,197
119,125
119,129
119,131
119,137
119,140
119,144
119,145
119,149
119,150
119,151
119,153
119,157
119,165
119,174
119,185
119,186
119,197
120,122
120,123
120,124
120,125
120,126
120,138
120,140
120,142
120,143
120,151
120,152
121,122
121,125
121,126
121,130
121,131
121,132
121,134
121,135
121,136
121,142
121,143
121,147
121,151
121,152
121,156
122,123
122,124
122,125
122,128
122,130
122,131
122,132
122,134
122,135
122,136
122,138
122,140
122,142
122,147
122,151
122,152
122,155
122,156
122,158
122,187
123,124
123,125
123,126
123,128
123,130
123,132
123,133
123,134
123,135
123,136
123,140
123,142
123,143
123,144
123,145
123,146
123,147
123,151
123,152
124,125
124,126
124,127
124,130
124,131
124,132
124,134
124,135
124,138
124,139
124,140
124,142
124,143
124,144
124,145
124,146
124,148
124,150
124,153
124,155
124,156
125,127
125,128
125,129
125,131
125,132
125,133
125,135
125,136
125,137
125,139
125,140
125,142
125,144
125,145
125,149
125,150
125,151
125,153
125,157
125,165
125,174
125,185
125,186
125,197
126,128
126,129
126,132
127,128
127,129
127,130
127,131
127,133
127,135
127,136
127,138
127,139
127,140
127,142
127,143
127,144
127,160
127,161
128,130
128,132
128,133
128,134
128,135
128,136
128,138
128,139
128,140
128,142
128,143
128,145
128,146
128,147
128,148
128,150
128,151
128,152
128,153
128,158
128,159
128,160
128,161
129,131
129,132
129,134
129,135
129,136
129,137
129,138
129,139
129,140
129,142
129,144
129,145
129,146
129,147
129,149
129,150
129,151
129,152
129,153
129,157
129,159
129,160
129,161
129,165
129,174
129,185
129,186
129,197
130,132
130,134
131,132
131,133
131,134
131,135
131,137
131,138
131,140
131,142
131,144
131,145
131,147
131,149
131,150
131,151
131,152
131,153
131,154
131,155
131,157
131,165
131,171
131,174
131,185
131,186
131,197
132,133
132,135
132,139
132,140
132,141
132,142
132,143
132,144
132,145
132,146
132,147
132,148
132,151
132,152
132,154
132,160
132,161
132,171
133,141
133,142
133,143
133,144
133,145
133,146
133,148
133,150
133,151
133,152
133,153
133,154
133,155
133,156
133,158
133,159
133,160
133,161
134,138
134,140
134,141
134,142
134,143
134,146
134,147
134,148
134,150
134,151
134,152
134,153
134,154
134,155
134,159
134,170
134,171
135,138
135,140
135,141
135,142
135,144
135,145
135,146
135,147
135,148
135,150
135,151
135,152
135,153
135,154
135,155
135,156
135,159
135,161
135,164
135,168
135,171
135,173
135,174
135,194
136,138
136,139
136,142
136,144
136,145
136,146
136,147
136,148
136,150
136,151
136,152
136,153
136,154
136,155
136,156
136,158
136,159
136,160
136,161
136,168
136,171
136,173
136,174
137,140
137,144
137,145
137,149
137,150
137,151
137,153
137,157
137,165
137,174
137,185
137,186
137,197
138,139
138,140
139,142
139,149
139,150
139,152
140,142
140,144
140,145
140,147
140,148
140,149
140,150
140,151
140,153
140,154
140,155
140,156
140,157
140,165
140,174
140,185
140,186
140,197
141,145
141,147
141,148
141,155
141,159
142,143
142,144
142,145
142,146
142,147
142,149
142,151
142,153
142,174
142,178
143,144
143,145
143,147
143,148
143,149
143,156
143,160
143,161
143,162
143,167
143,168
143,170
143,171
143,174
143,178
144,145
144,146
144,149
144,150
144,151
144,153
144,157
144,165
144,174
144,185
144,186
144,197
145,148
145,149
145,150
145,151
145,152
145,153
145,155
145,156
145,157
145,159
145,160
145,162
145,165
145,167
145,171
145,173
145,174
145,178
145,180
145,185
145,186
145,197
146,148
146,150
146,151
146,152
146,155
146,156
146,158
146,159
146,162
147,151
147,152
147,155
147,156
147,158
147,159
147,160
147,162
147,164
147,166
147,169
147,170
147,173
147,177
147,178
147,180
147,181
147,184
148,151
148,152
148,154
148,155
148,156
148,159
148,160
148,164
149,150
149,151
149,153
149,155
149,157
149,165
149,174
149,185
149,186
149,197
150,151
150,153
150,157
150,161
150,162
150,165
150,167
150,168
150,170
150,174
150,176
150,177
150,178
150,185
150,186
150,197
151,152
151,153
151,154
151,155
151,157
151,159
151,164
151,165
151,167
151,168
151,169
151,170
151,171
151,173
151,174
151,176
151,177
151,178
151,180
151,181
151,185
151,186
151,197
152,153
152,154
152,155
152,158
152,159
152,162
152,163
152,164
152,166
152,167
152,168
152,169
152,171
152,173
153,155
153,157
153,158
153,159
153,161
153,162
153,165
153,166
153,168
153,169
153,170
153,171
153,174
153,185
153,186
153,197
155,156
155,162
155,169
155,170
155,171
155,174
155,175
155,177
155,178
155,179
155,181
155,184
156,157
156,159
156,160
156,162
156,163
156,165
156,167
156,168
156,169
156,170
156,171
156,172
156,173
156,174
156,175
157,158
157,159
157,160
157,162
157,163
157,165
157,166
157,168
157,169
157,170
157,174
157,185
157,186
157,197
158,160
158,161
158,162
158,163
158,164
158,167
158,168
158,169
158,170
158,173
158,174
158,175
158,176
158,179
159,160
159,161
159,162
159,163
159,164
159,165
159,168
159,170
159,171
159,172
159,173
159,175
159,176
159,178
159,180
160,161
160,162
160,163
160,165
160,168
160,170
160,171
160,172
160,173
160,175
160,176
160,178
160,179
160,181
160,182
161,162
161,163
161,164
161,165
161,166
161,167
161,168
161,169
161,170
161,173
161,176
161,177
161,178
161,179
161,182
161,194
162,164
162,165
162,166
162,167
162,168
163,164
163,165
163,166
163,167
163,168
163,169
163,170
163,174
163,175
163,176
163,177
163,178
163,179
163,181
163,182
163,183
163,188
164,167
164,171
164,172
164,173
164,174
164,175
164,176
164,178
164,179
165,166
165,168
165,169
165,170
165,172
165,174
165,185
165,186
165,197
166,167
166,168
166,169
166,170
166,171
166,173
166,177
166,178
166,179
166,182
166,183
166,184
166,187
166,188
166,194
167,168
167,169
167,170
167,171
167,172
167,173
167,174
167,175
167,176
167,179
167,181
167,182
167,183
167,184
167,187
167,188
168,169
168,170
168,171
168,172
169,170
169,171
169,175
169,176
169,177
169,178
169,179
169,181
169,183
169,187
170,172
170,173
170,174
170,175
170,177
170,178
170,179
170,180
170,181
170,182
170,183
170,184
170,187
170,188
171,173
171,175
171,176
171,177
172,173
172,175
172,176
172,177
172,178
172,180
172,181
172,182
172,183
172,184
172,188
172,191
172,194
173,174
173,176
173,177
173,178
173,179
173,180
173,181
173,183
173,184
173,187
173,188
173,193
173,194
174,175
174,176
174,177
174,178
174,179
174,180
174,182
174,183
174,184
174,185
174,186
174,187
174,188
174,189
174,190
174,191
174,193
174,197
175,176
175,177
175,178
175,179
175,181
175,182
175,183
175,184
175,187
175,188
175,190
175,191
175,193
175,198
176,177
176,181
176,183
176,184
176,190
176,191
176,193
176,194
177,178
177,179
177,180
177,182
177,183
177,184
177,185
177,187
177,188
177,189
177,191
177,193
177,194
177,195
177,198
178,179
178,180
178,181
178,182
178,183
178,184
178,185
179,180
179,182
179,183
179,186
179,187
179,188
179,189
180,181
180,182
180,183
180,184
180,185
180,188
180,189
180,193
180,194
180,195
180,198
181,182
181,183
181,184
181,185
181,186
181,187
181,188
181,189
181,190
181,191
181,193
181,194
181,195
181,198
182,183
182,184
182,185
182,186
182,187
182,189
182,193
182,195
182,198
183,184
184,185
184,186
184,187
184,188
184,189
184,190
184,191
184,193
184,198
185,186
185,187
185,189
185,197
186,187
186,189
186,190
186,191
186,193
186,194
186,197
187,188
187,189
187,191
187,193
187,194
187,195
187,196
187,198
188,189
188,190
188,191
189,190
189,191
189,193
189,194
189,198
189,199
190,191
190,193
190,196
191,193
191,196
191,199
193,194
193,195
193,196
193,197
193,198
194,195
194,196
194,197
194,198
195,197
195,198
195,199
196,197
196,198
196,199
197,198
197,199
