0,1
0,2
0,3
0,4
0,5
0,6
0,7
0,8
0,9
0,10
0,11
0,12
0,13
0,14
0,15
0,16
0,17
0,18
0,19
0,20
0,21
0,22
0,23
0,24
0,25
0,26
0,27
0,28
0,29
0,30
0,31
0,32
0,33
0,34
0,35
0,36
0,37
0,38
0,39
0,40
0,41
0,42
0,43
0,44
0,45
0,46
0,47
0,48
0,49
0,50
0,51
0,52
0,53
0,54
0,55
0,56
0,57
0,58
0,59
0,60
0,61
0,62
0,63
0,64
0,65
0,66
0,67
0,68
0,69
0,70
0,71
0,72
0,73
0,74
0,75
0,76
0,77
0,78
0,79
0,80
0,81
0,82
0,83
0,84
0,85
0,86
0,87
0,88
0,89
0,90
0,91
0,92
0,93
0,94
0,95
0,96
0,97
0,99
0,100
0,102
0,103
0,105
0,109
0,110
0,112
0,113
0,114
0,115
0,122
0,124
0,130
0,133
0,135
0,136
0,137
0,138
0,140
0,143
0,144
0,149
0,151
0,152
0,153
0,155
0,156
0,159
0,161
0,162
0,163
0,166
0,167
0,170
0,171
0,173
0,175
0,176
0,179
0,183
0,185
0,186
0,187
0,190
0,193
0,195
1,2
1,3
1,4
1,5
1,6
1,7
1,8
1,9
1,10
1,11
1,12
1,13
1,14
1,15
1,16
1,17
1,18
1,19
1,20
1,21
1,22
1,23
1,24
1,25
1,26
1,27
1,28
1,29
1,30
1,31
1,32
1,33
1,34
1,35
1,36
1,37
1,38
1,39
1,40
1,41
1,42
1,43
1,44
1,45
1,46
1,47
1,48
1,49
1,50
1,51
1,52
1,53
1,54
1,55
1,56
1,57
1,58
1,59
1,60
1,61
1,62
1,63
1,64
1,65
1,66
1,67
1,68
1,69
1,70
1,71
1,72
1,73
1,74
1,75
1,76
1,77
1,78
1,79
1,80
1,81
1,82
1,83
1,84
1,85
1,86
1,87
1,88
1,89
1,90
1,91
1,92
1,93
1,94
1,95
1,96
1,97
2,3
2,4
2,5
2,6
2,7
2,8
2,9
2,10
2,11
2,12
2,13
2,14
2,15
2,16
2,17
2,18
2,19
2,20
2,21
2,22
2,23
2,24
2,25
2,26
2,27
2,28
2,29
2,30
2,31
2,32
2,33
2,34
2,35
2,36
2,37
2,38
2,39
2,40
2,41
2,42
2,43
2,44
2,45
2,46
2,47
2,48
2,49
2,50
2,51
2,52
2,53
2,54
2,55
2,56
2,57
2,58
2,59
2,60
2,61
2,62
2,63
2,64
2,65
2,66
2,67
2,68
2,69
2,70
2,71
2,72
2,73
2,74
2,75
2,76
2,77
2,78
2,79
2,80
2,81
2,82
2,83
2,84
2,85
2,86
2,87
2,88
2,89
2,90
2,91
2,92
2,93
2,94
2,95
2,96
2,97
3,4
3,5
3,6
3,7
3,8
3,9
3,10
3,11
3,12
3,13
3,14
3,15
3,16
3,17
3,18
3,19
3,20
3,21
3,22
3,23
3,24
3,25
3,26
3,27
3,28
3,29
3,30
3,31
3,32
3,33
3,34
3,35
3,36
3,37
3,38
3,39
3,40
3,41
3,42
3,43
3,44
3,45
3,46
3,47
3,48
3,49
3,50
3,51
3,52
3,53
3,54
3,55
3,56
3,57
3,58
3,59
3,60
3,61
3,62
3,63
3,64
3,65
3,66
3,67
3,68
3,69
3,70
3,71
3,72
3,73
3,74
3,75
3,76
3,77
3,78
3,79
3,80
3,81
3,82
3,83
3,84
3,85
3,86
3,87
3,88
3,89
3,90
3,91
3,92
3,93
3,94
3,95
3,96
3,97
3,99
3,100
3,102
3,103
3,105
3,109
3,110
3,112
3,113
3,114
3,115
3,122
3,124
3,130
3,133
3,135
3,136
3,137
3,138
3,140
3,143
3,144
3,149
3,151
3,152
3,153
3,155
3,156
3,159
3,161
3,162
3,163
3,166
3,167
3,170
3,171
3,173
3,175
3,176
3,179
3,183
3,185
3,186
3,187
3,190
3,193
3,195
4,5
4,6
4,7
4,8
4,9
4,10
4,11
4,12
4,13
4,14
4,15
4,16
4,17
4,18
4,19
4,20
4,21
4,22
4,23
4,24
4,25
4,26
4,27
4,28
4,29
4,30
4,31
4,32
4,33
4,34
4,35
4,36
4,37
4,38
4,39
4,40
4,41
4,42
4,43
4,44
4,45
4,46
4,47
4,48
4,49
4,50
4,51
4,52
4,53
4,54
4,55
4,56
4,57
4,58
4,59
4,60
4,61
4,62
4,63
4,64
4,65
4,66
4,67
4,68
4,69
4,70
4,71
4,72
4,73
4,74
4,75
4,76
4,77
4,78
4,79
4,80
4,81
4,82
4,83
4,84
4,85
4,86
4,87
4,88
4,89
4,90
4,91
4,92
4,93
4,94
4,95
4,96
4,97
4,99
4,100
4,102
4,103
4,105
4,109
4,110
4,112
4,113
4,114
4,115
4,122
4,124
4,130
4,133
4,135
4,136
4,137
4,138
4,140
4,143
4,144
4,149
4,151
4,152
4,153
4,155
4,156
4,159
4,161
4,162
4,163
4,166
4,167
4,170
4,171
4,173
4,175
4,176
4,179
4,183
4,185
4,186
4,187
4,190
4,193
4,195
5,6
5,7
5,8
5,9
5,10
5,11
5,12
5,13
5,14
5,15
5,16
5,17
5,18
5,19
5,20
5,21
5,22
5,23
5,24
5,25
5,26
5,27
5,28
5,29
5,30
5,31
5,32
5,33
5,34
5,35
5,36
5,37
5,38
5,39
5,40
5,41
5,42
5,43
5,44
5,45
5,46
5,47
5,48
5,49
5,50
5,51
5,52
5,53
5,54
5,55
5,56
5,57
5,58
5,59
5,60
5,61
5,62
5,63
5,64
5,65
5,66
5,67
5,68
5,69
5,70
5,71
5,72
5,73
5,74
5,75
5,76
5,77
5,78
5,79
5,80
5,81
5,82
5,83
5,84
5,85
5,86
5,87
5,88
5,89
5,90
5,91
5,92
5,93
5,94
5,95
5,96
5,97
5,99
5,100
5,102
5,103
5,105
5,109
5,110
5,112
5,113
5,114
5,115
5,122
5,124
5,130
5,133
5,135
5,136
5,137
5,138
5,140
5,143
5,144
5,149
5,151
5,152
5,153
5,155
5,156
5,159
5,161
5,162
5,163
5,166
5,167
5,170
5,171
5,173
5,175
5,176
5,179
5,183
5,185
5,186
5,187
5,190
5,193
5,195
6,7
6,8
6,9
6,10
6,11
6,12
6,13
6,14
6,15
6,16
6,17
6,18
6,19
6,20
6,21
6,22
6,23
6,24
6,25
6,26
6,27
6,28
6,29
6,30
6,31
6,32
6,33
6,34
6,35
6,36
6,37
6,38
6,39
6,40
6,41
6,42
6,43
6,44
6,45
6,46
6,47
6,48
6,49
6,50
6,51
6,52
6,53
6,54
6,55
6,56
6,57
6,58
6,59
6,60
6,61
6,62
6,63
6,64
6,65
6,66
6,67
6,68
6,69
6,70
6,71
6,72
6,73
6,74
6,75
6,76
6,77
6,78
6,79
6,80
6,81
6,82
6,83
6,84
6,85
6,86
6,87
6,88
6,89
6,90
6,91
6,92
6,93
6,94
6,95
6,96
6,97
7,8
7,9
7,10
7,11
7,12
7,13
7,14
7,15
7,16
7,17
7,18
7,19
7,20
7,21
7,22
7,23
7,24
7,25
7,26
7,27
7,28
7,29
7,30
7,31
7,32
7,33
7,34
7,35
7,36
7,37
7,38
7,39
7,40
7,41
7,42
7,43
7,44
7,45
7,46
7,47
7,48
7,49
7,50
7,51
7,52
7,53
7,54
7,55
7,56
7,57
7,58
7,59
7,60
7,61
7,62
7,63
7,64
7,65
7,66
7,67
7,68
7,69
7,70
7,71
7,72
7,73
7,74
7,75
7,76
7,77
7,78
7,79
7,80
7,81
7,82
7,83
7,84
7,85
7,86
7,87
7,88
7,89
7,90
7,91
7,92
7,93
7,94
7,95
7,96
7,97
8,9
8,10
8,11
8,12
8,13
8,14
8,15
8,16
8,17
8,18
8,19
8,20
8,21
8,22
8,23
8,24
8,25
8,26
8,27
8,28
8,29
8,30
8,31
8,32
8,33
8,34
8,35
8,36
8,37
8,38
8,39
8,40
8,41
8,42
8,43
8,44
8,45
8,46
8,47
8,48
8,49
8,50
8,51
8,52
8,53
8,54
8,55
8,56
8,57
8,58
8,59
8,60
8,61
8,62
8,63
8,64
8,65
8,66
8,67
8,68
8,69
8,70
8,71
8,72
8,73
8,74
8,75
8,76
8,77
8,78
8,79
8,80
8,81
8,82
8,83
8,84
8,85
8,86
8,87
8,88
8,89
8,90
8,91
8,92
8,93
8,94
8,95
8,96
8,97
9,10
9,11
9,12
9,13
9,14
9,15
9,16
9,17
9,18
9,19
9,20
9,21
9,22
9,23
9,24
9,25
9,26
9,27
9,28
9,29
9,30
9,31
9,32
9,33
9,34
9,35
9,36
9,37
9,38
9,39
9,40
9,41
9,42
9,43
9,44
9,45
9,46
9,47
9,48
9,49
9,50
9,51
9,52
9,53
9,54
9,55
9,56
9,57
9,58
9,59
9,60
9,61
9,62
9,63
9,64
9,65
9,66
9,67
9,68
9,69
9,70
9,71
9,72
9,73
9,74
9,75
9,76
9,77
9,78
9,79
9,80
9,81
9,82
9,83
9,84
9,85
9,86
9,87
9,88
9,89
9,90
9,91
9,92
9,93
9,94
9,95
9,96
9,97
9,99
9,100
9,102
9,103
9,105
9,109
9,110
9,112
9,113
9,114
9,115
9,122
9,124
9,130
9,133
9,135
9,136
9,137
9,138
9,140
9,143
9,144
9,149
9,151
9,152
9,153
9,155
9,156
9,159
9,161
9,162
9,163
9,166
9,167
9,170
9,171
9,173
9,175
9,176
9,179
9,183
9,185
9,186
9,187
9,190
9,193
9,195
10,11
10,12
10,13
10,14
10,15
10,16
10,17
10,18
10,19
10,20
10,21
10,22
10,23
10,24
10,25
10,26
10,27
10,28
10,29
10,30
10,31
10,32
10,33
10,34
10,35
10,36
10,37
10,38
10,39
10,40
10,41
10,42
10,43
10,44
10,45
10,46
10,47
10,48
10,49
10,50
10,51
10,52
10,53
10,54
10,55
10,56
10,57
10,58
10,59
10,60
10,61
10,62
10,63
10,64
10,65
10,66
10,67
10,68
10,69
10,70
10,71
10,72
10,73
10,74
10,75
10,76
10,77
10,78
10,79
10,80
10,81
10,82
10,83
10,84
10,85
10,86
10,87
10,88
10,89
10,90
10,91
10,92
10,93
10,94
10,95
10,96
10,97
11,12
11,13
11,14
11,15
11,16
11,17
11,18
11,19
11,20
11,21
11,22
11,23
11,24
11,25
11,26
11,27
11,28
11,29
11,30
11,31
11,32
11,33
11,34
11,35
11,36
11,37
11,38
11,39
11,40
11,41
11,42
11,43
11,44
11,45
11,46
11,47
11,48
11,49
11,50
11,51
11,52
11,53
11,54
11,55
11,56
11,57
11,58
11,59
11,60
11,61
11,62
11,63
11,64
11,65
11,66
11,67
11,68
11,69
11,70
11,71
11,72
11,73
11,74
11,75
11,76
11,77
11,78
11,79
11,80
11,81
11,82
11,83
11,84
11,85
11,86
11,87
11,88
11,89
11,90
11,91
11,92
11,93
11,94
11,95
11,96
12,13
12,14
12,15
12,16
12,17
12,18
12,19
12,20
12,21
12,22
12,23
12,24
12,25
12,26
12,27
12,28
12,29
12,30
12,31
12,32
12,33
12,34
12,35
12,36
12,37
12,38
12,39
12,40
12,41
12,42
12,43
12,44
12,45
12,46
12,47
12,48
12,49
12,50
12,51
12,52
12,53
12,54
12,55
12,56
12,57
12,58
12,59
12,60
12,61
12,62
12,63
12,64
12,65
12,66
12,67
12,68
12,69
12,70
12,71
12,72
12,73
12,74
12,75
12,76
12,77
12,78
12,79
12,80
12,81
12,82
12,83
12,84
12,85
12,86
12,87
12,88
12,89
12,90
12,91
12,92
12,93
12,94
12,95
12,96
12,97
12,99
12,100
12,102
12,103
12,105
12,109
12,110
12,112
12,113
12,114
12,115
12,122
12,124
12,130
12,133
12,135
12,136
12,137
12,138
12,140
12,143
12,144
12,149
12,151
12,152
12,153
12,155
12,156
12,159
12,161
12,162
12,163
12,166
12,167
12,170
12,171
12,173
12,175
12,176
12,179
12,183
12,185
12,186
12,187
12,190
12,193
12,195
13,14
13,15
13,16
13,17
13,18
13,19
13,20
13,21
13,22
13,23
13,24
13,25
13,26
13,27
13,28
13,29
13,30
13,31
13,32
13,33
13,34
13,35
13,36
13,37
13,38
13,39
13,40
13,41
13,42
13,43
13,44
13,45
13,46
13,47
13,48
13,49
13,50
13,51
13,52
13,53
13,54
13,55
13,56
13,57
13,58
13,59
13,60
13,61
13,62
13,63
13,64
13,65
13,66
13,67
13,68
13,69
13,70
13,71
13,72
13,73
13,74
13,75
13,76
13,77
13,78
13,79
13,80
13,81
13,82
13,83
13,84
13,85
13,86
13,87
13,88
13,89
13,90
13,91
13,92
13,93
13,94
13,95
13,96
13,97
13,99
13,100
13,102
13,103
13,105
13,109
13,110
13,112
13,113
13,114
13,115
13,122
13,124
13,130
13,133
13,135
13,136
13,137
13,138
13,140
13,143
13,144
13,149
13,151
13,152
13,153
13,155
13,156
13,159
13,161
13,162
13,163
13,166
13,167
13,170
13,171
13,173
13,175
13,176
13,179
13,183
13,185
13,186
13,187
13,190
13,193
13,195
14,15
14,16
14,17
14,18
14,19
14,20
14,21
14,22
14,23
14,24
14,25
14,26
14,27
14,28
14,29
14,30
14,31
14,32
14,33
14,34
14,35
14,36
14,37
14,38
14,39
14,40
14,41
14,42
14,43
14,44
14,45
14,46
14,47
14,48
14,49
14,50
14,51
14,52
14,53
14,54
14,55
14,56
14,57
14,58
14,59
14,60
14,61
14,62
14,63
14,64
14,65
14,66
14,67
14,68
14,69
14,70
14,71
14,72
14,73
14,74
14,75
14,76
14,77
14,78
14,79
14,80
14,81
14,82
14,83
14,84
14,85
14,86
14,87
14,88
14,89
14,90
14,91
14,92
14,93
14,94
14,95
14,96
14,97
15,16
15,17
15,18
15,19
15,20
15,21
15,22
15,23
15,24
15,25
15,26
15,27
15,28
15,29
15,30
15,31
15,32
15,33
15,34
15,35
15,36
15,37
15,38
15,39
15,40
15,41
15,42
15,43
15,44
15,45
15,46
15,47
15,48
15,49
15,50
15,51
15,52
15,53
15,54
15,55
15,56
15,57
15,58
15,59
15,60
15,61
15,62
15,63
15,64
15,65
15,66
15,67
15,68
15,69
15,70
15,71
15,72
15,73
15,74
15,75
15,76
15,77
15,78
15,79
15,80
15,81
15,82
15,83
15,84
15,85
15,86
15,87
15,88
15,89
15,90
15,91
15,92
15,93
15,94
15,95
15,96
15,97
15,99
15,100
15,102
15,103
15,105
15,109
15,110
15,112
15,113
15,114
15,115
15,122
15,124
15,130
15,133
15,135
15,136
15,137
15,138
15,140
15,143
15,144
15,149
15,151
15,152
15,153
15,155
15,156
15,159
15,161
15,162
15,163
15,166
15,167
15,170
15,171
15,173
15,175
15,176
15,179
15,183
15,185
15,186
15,187
15,190
15,193
15,195
16,17
16,18
16,19
16,20
16,21
16,22
16,23
16,24
16,25
16,26
16,27
16,28
16,29
16,30
16,31
16,32
16,33
16,34
16,35
16,36
16,37
16,38
16,39
16,40
16,41
16,42
16,43
16,44
16,45
16,46
16,47
16,48
16,49
16,50
16,51
16,52
16,53
16,54
16,55
16,56
16,57
16,58
16,59
16,60
16,61
16,62
16,63
16,64
16,65
16,66
16,67
16,68
16,69
16,70
16,71
16,72
16,73
16,74
16,75
16,76
16,77
16,78
16,79
16,80
16,81
16,82
16,83
16,84
16,85
16,86
16,87
16,88
16,89
16,90
16,91
16,92
16,93
16,94
16,95
16,96
16,97
17,18
17,19
17,20
17,21
17,22
17,23
17,24
17,25
17,26
17,27
17,28
17,29
17,30
17,31
17,32
17,33
17,34
17,35
17,36
17,37
17,38
17,39
17,40
17,41
17,42
17,43
17,44
17,45
17,46
17,47
17,48
17,49
17,50
17,51
17,52
17,53
17,54
17,55
17,56
17,57
17,58
17,59
17,60
17,61
17,62
17,63
17,64
17,65
17,66
17,67
17,68
17,69
17,70
17,71
17,72
17,73
17,74
17,75
17,76
17,77
17,78
17,79
17,80
17,81
17,82
17,83
17,84
17,85
17,86
17,87
17,88
17,89
17,90
17,91
17,92
17,93
17,94
17,95
17,96
17,97
17,99
17,100
17,102
17,103
17,105
17,109
17,110
17,112
17,113
17,114
17,115
17,122
17,124
17,130
17,133
17,135
17,136
17,137
17,138
17,140
17,143
17,144
17,149
17,151
17,152
17,153
17,155
17,156
17,159
17,161
17,162
17,163
17,166
17,167
17,170
17,171
17,173
17,175
17,176
17,179
17,183
17,185
17,186
17,187
17,190
17,193
17,195
18,19
18,20
18,21
18,22
18,23
18,24
18,25
18,26
18,27
18,28
18,29
18,30
18,31
18,32
18,33
18,34
18,35
18,36
18,37
18,38
18,39
18,40
18,41
18,42
18,43
18,44
18,45
18,46
18,47
18,48
18,49
18,50
18,51
18,52
18,53
18,54
18,55
18,56
18,57
18,58
18,59
18,60
18,61
18,62
18,63
18,64
18,65
18,66
18,67
18,68
18,69
18,70
18,71
18,72
18,73
18,74
18,75
18,76
18,77
18,78
18,79
18,80
18,81
18,82
18,83
18,84
18,85
18,86
18,87
18,88
18,89
18,90
18,91
18,92
18,93
18,94
18,95
18,96
18,97
19,20
19,21
19,22
19,23
19,24
19,25
19,26
19,27
19,28
19,29
19,30
19,31
19,32
19,33
19,34
19,35
19,36
19,37
19,38
19,39
19,40
19,41
19,42
19,43
19,44
19,45
19,46
19,47
19,48
19,49
19,50
19,51
19,52
19,53
19,54
19,55
19,56
19,57
19,58
19,59
19,60
19,61
19,62
19,63
19,64
19,65
19,66
19,67
19,68
19,69
19,70
19,71
19,72
19,73
19,74
19,75
19,76
19,77
19,78
19,79
19,80
19,81
19,82
19,83
19,84
19,85
19,86
19,87
19,88
19,89
19,90
19,91
19,92
19,93
19,94
19,95
19,96
19,97
20,21
20,22
20,23
20,24
20,25
20,26
20,27
20,28
20,29
20,30
20,31
20,32
20,33
20,34
20,35
20,36
20,37
20,38
20,39
20,40
20,41
20,42
20,43
20,44
20,45
20,46
20,47
20,48
20,49
20,50
20,51
20,52
20,53
20,54
20,55
20,56
20,57
20,58
20,59
20,60
20,61
20,62
20,63
20,64
20,65
20,66
20,67
20,68
20,69
20,70
20,71
20,72
20,73
20,74
20,75
20,76
20,77
20,78
20,79
20,80
20,81
20,82
20,83
20,84
20,85
20,86
20,87
20,88
20,89
20,90
20,91
20,92
20,93
20,94
20,95
20,96
20,97
21,22
21,23
21,24
21,25
21,26
21,27
21,28
21,29
21,30
21,31
21,32
21,33
21,34
21,35
21,36
21,37
21,38
21,39
21,40
21,41
21,42
21,43
21,44
21,45
21,46
21,47
21,48
21,49
21,50
21,51
21,52
21,53
21,54
21,55
21,56
21,57
21,58
21,59
21,60
21,61
21,62
21,63
21,64
21,65
21,66
21,67
21,68
21,69
21,70
21,71
21,72
21,73
21,74
21,75
21,76
21,77
21,78
21,79
21,80
21,81
21,82
21,83
21,84
21,85
21,86
21,87
21,88
21,89
21,90
21,91
21,92
21,93
21,94
21,95
21,96
21,97
21,99
21,100
21,102
21,103
21,105
21,109
21,110
21,112
21,113
21,114
21,115
21,122
21,124
21,130
21,133
21,135
21,136
21,137
21,138
21,140
21,143
21,144
21,149
21,151
21,152
21,153
21,155
21,156
21,159
21,161
21,162
21,163
21,166
21,167
21,170
21,171
21,173
21,175
21,176
21,179
21,183
21,185
21,186
21,187
21,190
21,193
21,195
22,23
22,24
22,25
22,26
22,27
22,28
22,29
22,30
22,31
22,32
22,33
22,34
22,35
22,36
22,37
22,38
22,39
22,40
22,41
22,42
22,43
22,44
22,45
22,46
22,47
22,48
22,49
22,50
22,51
22,52
22,53
22,54
22,55
22,56
22,57
22,58
22,59
22,60
22,61
22,62
22,63
22,64
22,65
22,66
22,67
22,68
22,69
22,70
22,71
22,72
22,73
22,74
22,75
22,76
22,77
22,78
22,79
22,80
22,81
22,82
22,83
22,84
22,85
22,86
22,87
22,88
22,89
22,90
22,91
22,92
22,93
22,94
22,95
22,96
22,97
22,99
22,100
22,102
22,103
22,105
22,109
22,110
22,112
22,113
22,114
22,115
22,122
22,124
22,130
22,133
22,135
22,136
22,137
22,138
22,140
22,143
22,144
22,149
22,151
22,152
22,153
22,155
22,156
22,159
22,161
22,162
22,163
22,166
22,167
22,170
22,171
22,173
22,175
22,176
22,179
22,183
22,185
22,186
22,187
22,190
22,193
22,195
23,24
23,25
23,26
23,27
23,28
23,29
23,30
23,31
23,32
23,33
23,34
23,35
23,36
23,37
23,38
23,39
23,40
23,41
23,42
23,43
23,44
23,45
23,46
23,47
23,48
23,49
23,50
23,51
23,52
23,53
23,54
23,55
23,56
23,57
23,58
23,59
23,60
23,61
23,62
23,63
23,64
23,65
23,66
23,67
23,68
23,69
23,70
23,71
23,72
23,73
23,74
23,75
23,76
23,77
23,78
23,79
23,80
23,81
23,82
23,83
23,84
23,85
23,86
23,87
23,88
23,89
23,90
23,91
23,92
23,93
23,94
23,95
23,96
23,97
23,99
23,100
23,102
23,103
23,105
23,109
23,110
23,112
23,113
23,114
23,115
23,122
23,124
23,130
23,133
23,135
23,136
23,137
23,138
23,140
23,143
23,144
23,149
23,151
23,152
23,153
23,155
23,156
23,159
23,161
23,162
23,163
23,166
23,167
23,170
23,171
23,173
23,175
23,176
23,179
23,183
23,185
23,186
23,187
23,190
23,193
23,195
24,25
24,26
24,27
24,28
24,29
24,30
24,31
24,32
24,33
24,34
24,35
24,36
24,37
24,38
24,39
24,40
24,41
24,42
24,43
24,44
24,45
24,46
24,47
24,48
24,49
24,50
24,51
24,52
24,53
24,54
24,55
24,56
24,57
24,58
24,59
24,60
24,61
24,62
24,63
24,64
24,65
24,66
24,67
24,68
24,69
24,70
24,71
24,72
24,73
24,74
24,75
24,76
24,77
24,78
24,79
24,80
24,81
24,82
24,83
24,84
24,85
24,86
24,87
24,88
24,89
24,90
24,91
24,92
24,93
24,94
24,95
24,96
24,97
24,99
24,100
24,102
24,103
24,105
24,109
24,110
24,112
24,113
24,114
24,115
24,122
24,124
24,130
24,133
24,135
24,136
24,137
24,138
24,140
24,143
24,144
24,149
24,151
24,152
24,153
24,155
24,156
24,159
24,161
24,162
24,163
24,166
24,167
24,170
24,171
24,173
24,175
24,176
24,179
24,183
24,185
24,186
24,187
24,190
24,193
24,195
25,26
25,27
25,28
25,29
25,30
25,31
25,32
25,33
25,34
25,35
25,36
25,37
25,38
25,39
25,40
25,41
25,42
25,43
25,44
25,45
25,46
25,47
25,48
25,49
25,50
25,51
25,52
25,53
25,54
25,55
25,56
25,57
25,58
25,59
25,60
25,61
25,62
25,63
25,64
25,65
25,66
25,67
25,68
25,69
25,70
25,71
25,72
25,73
25,74
25,75
25,76
25,77
25,78
25,79
25,80
25,81
25,82
25,83
25,84
25,85
25,86
25,87
25,88
25,89
25,90
25,91
25,92
25,93
25,94
25,95
25,96
25,97
25,99
25,100
25,102
25,103
25,105
25,109
25,110
25,112
25,113
25,114
25,115
25,122
25,124
25,130
25,133
25,135
25,136
25,137
25,138
25,140
25,143
25,144
25,149
25,151
25,152
25,153
25,155
25,156
25,159
25,161
25,162
25,163
25,166
25,167
25,170
25,171
25,173
25,175
25,176
25,179
25,183
25,185
25,186
25,187
25,190
25,193
25,195
26,27
26,28
26,29
26,30
26,31
26,32
26,33
26,34
26,35
26,36
26,37
26,38
26,39
26,40
26,41
26,42
26,43
26,44
26,45
26,46
26,47
26,48
26,49
26,50
26,51
26,52
26,53
26,54
26,55
26,56
26,57
26,58
26,59
26,60
26,61
26,62
26,63
26,64
26,65
26,66
26,67
26,68
26,69
26,70
26,71
26,72
26,73
26,74
26,75
26,76
26,77
26,78
26,79
26,80
26,81
26,82
26,83
26,84
26,85
26,86
26,87
26,88
26,89
26,90
26,91
26,92
26,93
26,94
26,95
26,96
26,97
26,99
26,100
26,102
26,103
26,105
26,109
26,110
26,112
26,113
26,114
26,115
26,122
26,124
26,130
26,133
26,135
26,136
26,137
26,138
26,140
26,143
26,144
26,149
26,151
26,152
26,153
26,155
26,156
26,159
26,161
26,162
26,163
26,166
26,167
26,170
26,171
26,173
26,175
26,176
26,179
26,183
26,185
26,186
26,187
26,190
26,193
26,195
27,28
27,29
27,30
27,31
27,32
27,33
27,34
27,35
27,36
27,37
27,38
27,39
27,40
27,41
27,42
27,43
27,44
27,45
27,46
27,47
27,48
27,49
27,50
27,51
27,52
27,53
27,54
27,55
27,56
27,57
27,58
27,59
27,60
27,61
27,62
27,63
27,64
27,65
27,66
27,67
27,68
27,69
27,70
27,71
27,72
27,73
27,74
27,75
27,76
27,77
27,78
27,79
27,80
27,81
27,82
27,83
27,84
27,85
27,86
27,87
27,88
27,89
27,90
27,91
27,92
27,93
27,94
27,95
27,96
27,97
28,29
28,30
28,31
28,32
28,33
28,34
28,35
28,36
28,37
28,38
28,39
28,40
28,41
28,42
28,43
28,44
28,45
28,46
28,47
28,48
28,49
28,50
28,51
28,52
28,53
28,54
28,55
28,56
28,57
28,58
28,59
28,60
28,61
28,62
28,63
28,64
28,65
28,66
28,67
28,68
28,69
28,70
28,71
28,72
28,73
28,74
28,75
28,76
28,77
28,78
28,79
28,80
28,81
28,82
28,83
28,84
28,85
28,86
28,87
28,88
28,89
28,90
28,91
28,92
28,93
28,94
28,95
28,96
28,97
29,30
29,31
29,32
29,33
29,34
29,35
29,36
29,37
29,38
29,39
29,40
29,41
29,42
29,43
29,44
29,45
29,46
29,47
29,48
29,49
29,50
29,51
29,52
29,53
29,54
29,55
29,56
29,57
29,58
29,59
29,60
29,61
29,62
29,63
29,64
29,65
29,66
29,67
29,68
29,69
29,70
29,71
29,72
29,73
29,74
29,75
29,76
29,77
29,78
29,79
29,80
29,81
29,82
29,83
29,84
29,85
29,86
29,87
29,88
29,89
29,90
29,91
29,92
29,93
29,94
29,95
29,96
29,97
30,31
30,32
30,33
30,34
30,35
30,36
30,37
30,38
30,39
30,40
30,41
30,42
30,43
30,44
30,45
30,46
30,47
30,48
30,49
30,50
30,51
30,52
30,53
30,54
30,55
30,56
30,57
30,58
30,59
30,60
30,61
30,62
30,63
30,64
30,65
30,66
30,67
30,68
30,69
30,70
30,71
30,72
30,73
30,74
30,75
30,76
30,77
30,78
30,79
30,80
30,81
30,82
30,83
30,84
30,85
30,86
30,87
30,88
30,89
30,90
30,91
30,92
30,93
30,94
30,95
30,96
30,97
30,170
30,171
30,172
31,32
31,33
31,34
31,35
31,36
31,37
31,38
31,39
31,40
31,41
31,42
31,43
31,44
31,45
31,46
31,47
31,48
31,49
31,50
31,51
31,52
31,53
31,54
31,55
31,56
31,57
31,58
31,59
31,60
31,61
31,62
31,63
31,64
31,65
31,66
31,67
31,68
31,69
31,70
31,71
31,72
31,73
31,74
31,75
31,76
31,77
31,78
31,79
31,80
31,81
31,82
31,83
31,84
31,85
31,86
31,87
31,88
31,89
31,90
31,91
31,92
31,93
31,94
31,95
31,96
31,97
31,131
31,136
31,137
31,141
31,142
31,143
31,147
31,149
31,153
31,154
31,157
31,158
31,159
31,162
31,165
31,169
31,170
31,172
31,178
31,197
32,33
32,34
32,35
32,36
32,37
32,38
32,39
32,40
32,41
32,42
32,43
32,44
32,45
32,46
32,47
32,48
32,49
32,50
32,51
32,52
32,53
32,54
32,55
32,56
32,57
32,58
32,59
32,60
32,61
32,62
32,63
32,64
32,65
32,66
32,67
32,68
32,69
32,70
32,71
32,72
32,73
32,74
32,75
32,76
32,77
32,78
32,79
32,80
32,81
32,82
32,83
32,84
32,85
32,86
32,87
32,88
32,89
32,90
32,91
32,92
32,93
32,94
32,95
32,96
32,97
32,99
32,100
32,102
32,103
32,105
32,109
32,110
32,112
32,113
32,114
32,115
32,122
32,124
32,130
32,133
32,135
32,136
32,137
32,138
32,140
32,143
32,144
32,149
32,151
32,152
32,153
32,155
32,156
32,159
32,161
32,162
32,163
32,166
32,167
32,170
32,171
32,173
32,175
32,176
32,179
32,183
32,185
32,186
32,187
32,190
32,193
32,195
33,34
33,35
33,36
33,37
33,38
33,39
33,40
33,41
33,42
33,43
33,44
33,45
33,46
33,47
33,48
33,49
33,50
33,51
33,52
33,53
33,54
33,55
33,56
33,57
33,58
33,59
33,60
33,61
33,62
33,63
33,64
33,65
33,66
33,67
33,68
33,69
33,70
33,71
33,72
33,73
33,74
33,75
33,76
33,77
33,78
33,79
33,80
33,81
33,82
33,83
33,84
33,85
33,86
33,87
33,88
33,89
33,90
33,91
33,92
33,93
33,94
33,95
33,96
33,97
33,99
33,100
33,102
33,103
33,105
33,109
33,110
33,112
33,113
33,114
33,115
33,122
33,124
33,130
33,133
33,135
33,136
33,137
33,138
33,140
33,143
33,144
33,149
33,151
33,152
33,153
33,155
33,156
33,159
33,161
33,162
33,163
33,166
33,167
33,170
33,171
33,173
33,175
33,176
33,179
33,183
33,185
33,186
33,187
33,190
33,193
33,195
34,35
34,36
34,37
34,38
34,39
34,40
34,41
34,42
34,43
34,44
34,45
34,46
34,47
34,48
34,49
34,50
34,51
34,52
34,53
34,54
34,55
34,56
34,57
34,58
34,59
34,60
34,61
34,62
34,63
34,64
34,65
34,66
34,67
34,68
34,69
34,70
34,71
34,72
34,73
34,74
34,75
34,76
34,77
34,78
34,79
34,80
34,81
34,82
34,83
34,84
34,85
34,86
34,87
34,88
34,89
34,90
34,91
34,92
34,93
34,94
34,95
34,96
34,97
34,184
35,36
35,37
35,38
35,39
35,40
35,41
35,42
35,43
35,44
35,45
35,46
35,47
35,48
35,49
35,50
35,51
35,52
35,53
35,54
35,55
35,56
35,57
35,58
35,59
35,60
35,61
35,62
35,63
35,64
35,65
35,66
35,67
35,68
35,69
35,70
35,71
35,72
35,73
35,74
35,75
35,76
35,77
35,78
35,79
35,80
35,81
35,82
35,83
35,84
35,85
35,86
35,87
35,88
35,89
35,90
35,91
35,92
35,93
35,94
35,95
35,96
35,97
35,99
35,100
35,102
35,103
35,105
35,109
35,110
35,112
35,113
35,114
35,115
35,122
35,124
35,130
35,133
35,135
35,136
35,137
35,138
35,140
35,143
35,144
35,149
35,151
35,152
35,153
35,155
35,156
35,159
35,161
35,162
35,163
35,166
35,167
35,170
35,171
35,173
35,175
35,176
35,179
35,183
35,185
35,186
35,187
35,190
35,193
35,195
36,37
36,38
36,39
36,40
36,41
36,42
36,43
36,44
36,45
36,46
36,47
36,48
36,49
36,50
36,51
36,52
36,53
36,54
36,55
36,56
36,57
36,58
36,59
36,60
36,61
36,62
36,63
36,64
36,65
36,66
36,67
36,68
36,69
36,70
36,71
36,72
36,73
36,74
36,75
36,76
36,77
36,78
36,79
36,80
36,81
36,82
36,83
36,84
36,85
36,86
36,87
36,88
36,89
36,90
36,91
36,92
36,93
36,94
36,95
36,96
36,97
36,157
36,158
36,162
36,169
36,171
36,174
36,182
36,184
36,185
36,192
36,194
37,38
37,39
37,40
37,41
37,42
37,43
37,44
37,45
37,46
37,47
37,48
37,49
37,50
37,51
37,52
37,53
37,54
37,55
37,56
37,57
37,58
37,59
37,60
37,61
37,62
37,63
37,64
37,65
37,66
37,67
37,68
37,69
37,70
37,71
37,72
37,73
37,74
37,75
37,76
37,77
37,78
37,79
37,80
37,81
37,82
37,83
37,84
37,85
37,86
37,87
37,88
37,89
37,90
37,91
37,92
37,93
37,94
37,95
37,96
37,97
37,99
37,100
37,102
37,103
37,105
37,109
37,110
37,112
37,113
37,114
37,115
37,122
37,124
37,130
37,133
37,135
37,136
37,137
37,138
37,140
37,143
37,144
37,149
37,151
37,152
37,153
37,155
37,156
37,159
37,161
37,162
37,163
37,166
37,167
37,170
37,171
37,173
37,175
37,176
37,178
37,179
37,183
37,184
37,185
37,186
37,187
37,190
37,192
37,193
37,194
37,195
37,197
38,39
38,40
38,41
38,42
38,43
38,44
38,45
38,46
38,47
38,48
38,49
38,50
38,51
38,52
38,53
38,54
38,55
38,56
38,57
38,58
38,59
38,60
38,61
38,62
38,63
38,64
38,65
38,66
38,67
38,68
38,69
38,70
38,71
38,72
38,73
38,74
38,75
38,76
38,77
38,78
38,79
38,80
38,81
38,82
38,83
38,84
38,85
38,86
38,87
38,88
38,89
38,90
38,91
38,92
38,93
38,94
38,95
38,96
38,97
38,99
38,100
38,102
38,103
38,105
38,109
38,110
38,112
38,113
38,114
38,115
38,122
38,124
38,130
38,133
38,135
38,136
38,137
38,138
38,140
38,143
38,144
38,149
38,151
38,152
38,153
38,155
38,156
38,158
38,159
38,160
38,161
38,162
38,163
38,164
38,165
38,166
38,167
38,169
38,170
38,171
38,173
38,174
38,175
38,176
38,179
38,180
38,183
38,184
38,185
38,186
38,187
38,188
38,189
38,190
38,192
38,193
38,195
38,197
38,199
39,40
39,41
39,42
39,43
39,44
39,45
39,46
39,47
39,48
39,49
39,50
39,51
39,52
39,53
39,54
39,55
39,56
39,57
39,58
39,59
39,60
39,61
39,62
39,63
39,64
39,65
39,66
39,67
39,68
39,69
39,70
39,71
39,72
39,73
39,74
39,75
39,76
39,77
39,78
39,79
39,80
39,81
39,82
39,83
39,84
39,85
39,86
39,87
39,88
39,89
39,90
39,91
39,92
39,93
39,94
39,95
39,96
39,97
39,99
39,100
39,102
39,103
39,105
39,109
39,110
39,112
39,113
39,114
39,115
39,122
39,124
39,130
39,133
39,135
39,136
39,137
39,138
39,140
39,143
39,144
39,149
39,151
39,152
39,153
39,155
39,156
39,159
39,161
39,162
39,163
39,166
39,167
39,170
39,171
39,173
39,175
39,176
39,179
39,183
39,185
39,186
39,187
39,190
39,193
39,195
40,41
40,42
40,43
40,44
40,45
40,46
40,47
40,48
40,49
40,50
40,51
40,52
40,53
40,54
40,55
40,56
40,57
40,58
40,59
40,60
40,61
40,62
40,63
40,64
40,65
40,66
40,67
40,68
40,69
40,70
40,71
40,72
40,73
40,74
40,75
40,76
40,77
40,78
40,79
40,80
40,81
40,82
40,83
40,84
40,85
40,86
40,87
40,88
40,89
40,90
40,91
40,92
40,93
40,94
40,95
40,96
40,97
40,99
40,100
40,102
40,103
40,105
40,109
40,110
40,112
40,113
40,114
40,115
40,122
40,124
40,130
40,133
40,135
40,136
40,137
40,138
40,140
40,143
40,144
40,149
40,151
40,152
40,153
40,155
40,156
40,159
40,161
40,162
40,163
40,166
40,167
40,170
40,171
40,173
40,175
40,176
40,179
40,183
40,185
40,186
40,187
40,190
40,193
40,195
41,42
41,43
41,44
41,45
41,46
41,47
41,48
41,49
41,50
41,51
41,52
41,53
41,54
41,55
41,56
41,57
41,58
41,59
41,60
41,61
41,62
41,63
41,64
41,65
41,66
41,67
41,68
41,69
41,70
41,71
41,72
41,73
41,74
41,75
41,76
41,77
41,78
41,79
41,80
41,81
41,82
41,83
41,84
41,85
41,86
41,87
41,88
41,89
41,90
41,91
41,92
41,93
41,94
41,95
41,96
41,97
42,43
42,44
42,45
42,46
42,47
42,48
42,49
42,50
42,51
42,52
42,53
42,54
42,55
42,56
42,57
42,58
42,59
42,60
42,61
42,62
42,63
42,64
42,65
42,66
42,67
42,68
42,69
42,70
42,71
42,72
42,73
42,74
42,75
42,76
42,77
42,78
42,79
42,80
42,81
42,82
42,83
42,84
42,85
42,86
42,87
42,88
42,89
42,90
42,91
42,92
42,93
42,94
42,95
42,96
42,97
43,44
43,45
43,46
43,47
43,48
43,49
43,50
43,51
43,52
43,53
43,54
43,55
43,56
43,57
43,58
43,59
43,60
43,61
43,62
43,63
43,64
43,65
43,66
43,67
43,68
43,69
43,70
43,71
43,72
43,73
43,74
43,75
43,76
43,77
43,78
43,79
43,80
43,81
43,82
43,83
43,84
43,85
43,86
43,87
43,88
43,89
43,90
43,91
43,92
43,93
43,94
43,95
43,96
43,97
44,45
44,46
44,47
44,48
44,49
44,50
44,51
44,52
44,53
44,54
44,55
44,56
44,57
44,58
44,59
44,60
44,61
44,62
44,63
44,64
44,65
44,66
44,67
44,68
44,69
44,70
44,71
44,72
44,73
44,74
44,75
44,76
44,77
44,78
44,79
44,80
44,81
44,82
44,83
44,84
44,85
44,86
44,87
44,88
44,89
44,90
44,91
44,92
44,93
44,94
44,95
44,96
44,97
44,99
44,100
44,102
44,103
44,105
44,109
44,110
44,112
44,113
44,114
44,115
44,122
44,124
44,130
44,133
44,135
44,136
44,137
44,138
44,140
44,143
44,144
44,149
44,151
44,152
44,153
44,155
44,156
44,159
44,161
44,162
44,163
44,166
44,167
44,170
44,171
44,173
44,175
44,176
44,179
44,183
44,185
44,186
44,187
44,190
44,193
44,195
45,46
45,47
45,48
45,49
45,50
45,51
45,52
45,53
45,54
45,55
45,56
45,57
45,58
45,59
45,60
45,61
45,62
45,63
45,64
45,65
45,66
45,67
45,68
45,69
45,70
45,71
45,72
45,73
45,74
45,75
45,76
45,77
45,78
45,79
45,80
45,81
45,82
45,83
45,84
45,85
45,86
45,87
45,88
45,89
45,90
45,91
45,92
45,93
45,94
45,95
45,96
45,97
46,47
46,48
46,49
46,50
46,51
46,52
46,53
46,54
46,55
46,56
46,57
46,58
46,59
46,60
46,61
46,62
46,63
46,64
46,65
46,66
46,67
46,68
46,69
46,70
46,71
46,72
46,73
46,74
46,75
46,76
46,77
46,78
46,79
46,80
46,81
46,82
46,83
46,84
46,85
46,86
46,87
46,88
46,89
46,90
46,91
46,92
46,93
46,94
46,95
46,96
46,97
46,99
46,100
46,102
46,103
46,105
46,109
46,110
46,112
46,113
46,114
46,115
46,122
46,124
46,130
46,133
46,135
46,136
46,137
46,138
46,140
46,143
46,144
46,149
46,151
46,152
46,153
46,155
46,156
46,159
46,161
46,162
46,163
46,166
46,167
46,170
46,171
46,173
46,175
46,176
46,179
46,183
46,185
46,186
46,187
46,190
46,193
46,195
47,48
47,49
47,50
47,51
47,52
47,53
47,54
47,55
47,56
47,57
47,58
47,59
47,60
47,61
47,62
47,63
47,64
47,65
47,66
47,67
47,68
47,69
47,70
47,71
47,72
47,73
47,74
47,75
47,76
47,77
47,78
47,79
47,80
47,81
47,82
47,83
47,84
47,85
47,86
47,87
47,88
47,89
47,90
47,91
47,92
47,93
47,94
47,95
47,96
47,97
48,49
48,50
48,51
48,52
48,53
48,54
48,55
48,56
48,57
48,58
48,59
48,60
48,61
48,62
48,63
48,64
48,65
48,66
48,67
48,68
48,69
48,70
48,71
48,72
48,73
48,74
48,75
48,76
48,77
48,78
48,79
48,80
48,81
48,82
48,83
48,84
48,85
48,86
48,87
48,88
48,89
48,90
48,91
48,92
48,93
48,94
48,95
48,96
48,97
48,99
48,100
48,102
48,103
48,105
48,109
48,110
48,112
48,113
48,114
48,115
48,122
48,124
48,130
48,133
48,135
48,136
48,137
48,138
48,140
48,143
48,144
48,149
48,151
48,152
48,153
48,155
48,156
48,159
48,161
48,162
48,163
48,166
48,167
48,170
48,171
48,173
48,175
48,176
48,179
48,183
48,185
48,186
48,187
48,190
48,193
48,195
49,50
49,51
49,52
49,53
49,54
49,55
49,56
49,57
49,58
49,59
49,60
49,61
49,62
49,63
49,64
49,65
49,66
49,67
49,68
49,69
49,70
49,71
49,72
49,73
49,74
49,75
49,76
49,77
49,78
49,79
49,80
49,81
49,82
49,83
49,84
49,85
49,86
49,87
49,88
49,89
49,90
49,91
49,92
49,93
49,94
49,95
49,96
49,97
50,51
50,52
50,53
50,54
50,55
50,56
50,57
50,58
50,59
50,60
50,61
50,62
50,63
50,64
50,65
50,66
50,67
50,68
50,69
50,70
50,71
50,72
50,73
50,74
50,75
50,76
50,77
50,78
50,79
50,80
50,81
50,82
50,83
50,84
50,85
50,86
50,87
50,88
50,89
50,90
50,91
50,92
50,93
50,94
50,95
50,96
50,97
51,52
51,53
51,54
51,55
51,56
51,57
51,58
51,59
51,60
51,61
51,62
51,63
51,64
51,65
51,66
51,67
51,68
51,69
51,70
51,71
51,72
51,73
51,74
51,75
51,76
51,77
51,78
51,79
51,80
51,81
51,82
51,83
51,84
51,85
51,86
51,87
51,88
51,89
51,90
51,91
51,92
51,93
51,94
51,95
51,96
51,97
51,99
51,100
51,102
51,103
51,105
51,109
51,110
51,112
51,113
51,114
51,115
51,122
51,124
51,130
51,133
51,135
51,136
51,137
51,138
51,140
51,143
51,144
51,149
51,151
51,152
51,153
51,155
51,156
51,159
51,161
51,162
51,163
51,166
51,167
51,170
51,171
51,173
51,175
51,176
51,179
51,183
51,185
51,186
51,187
51,190
51,193
51,195
52,53
52,54
52,55
52,56
52,57
52,58
52,59
52,60
52,61
52,62
52,63
52,64
52,65
52,66
52,67
52,68
52,69
52,70
52,71
52,72
52,73
52,74
52,75
52,76
52,77
52,78
52,79
52,80
52,81
52,82
52,83
52,84
52,85
52,86
52,87
52,88
52,89
52,90
52,91
52,92
52,93
52,94
52,95
52,96
52,97
53,54
53,55
53,56
53,57
53,58
53,59
53,60
53,61
53,62
53,63
53,64
53,65
53,66
53,67
53,68
53,69
53,70
53,71
53,72
53,73
53,74
53,75
53,76
53,77
53,78
53,79
53,80
53,81
53,82
53,83
53,84
53,85
53,86
53,87
53,88
53,89
53,90
53,91
53,92
53,93
53,94
53,95
53,96
53,97
53,99
53,100
53,102
53,103
53,105
53,109
53,110
53,112
53,113
53,114
53,115
53,122
53,124
53,130
53,133
53,135
53,136
53,137
53,138
53,140
53,143
53,144
53,149
53,151
53,152
53,153
53,155
53,156
53,159
53,161
53,162
53,163
53,166
53,167
53,170
53,171
53,173
53,175
53,176
53,179
53,183
53,185
53,186
53,187
53,190
53,193
53,195
54,55
54,56
54,57
54,58
54,59
54,60
54,61
54,62
54,63
54,64
54,65
54,66
54,67
54,68
54,69
54,70
54,71
54,72
54,73
54,74
54,75
54,76
54,77
54,78
54,79
54,80
54,81
54,82
54,83
54,84
54,85
54,86
54,87
54,88
54,89
54,90
54,91
54,92
54,93
54,94
54,95
54,96
54,97
55,56
55,57
55,58
55,59
55,60
55,61
55,62
55,63
55,64
55,65
55,66
55,67
55,68
55,69
55,70
55,71
55,72
55,73
55,74
55,75
55,76
55,77
55,78
55,79
55,80
55,81
55,82
55,83
55,84
55,85
55,86
55,87
55,88
55,89
55,90
55,91
55,92
55,93
55,94
55,95
55,96
55,97
56,57
56,58
56,59
56,60
56,61
56,62
56,63
56,64
56,65
56,66
56,67
56,68
56,69
56,70
56,71
56,72
56,73
56,74
56,75
56,76
56,77
56,78
56,79
56,80
56,81
56,82
56,83
56,84
56,85
56,86
56,87
56,88
56,89
56,90
56,91
56,92
56,93
56,94
56,95
56,96
56,97
57,58
57,59
57,60
57,61
57,62
57,63
57,64
57,65
57,66
57,67
57,68
57,69
57,70
57,71
57,72
57,73
57,74
57,75
57,76
57,77
57,78
57,79
57,80
57,81
57,82
57,83
57,84
57,85
57,86
57,87
57,88
57,89
57,90
57,91
57,92
57,93
57,94
57,95
57,96
57,97
57,99
57,100
57,102
57,103
57,105
57,109
57,110
57,112
57,113
57,114
57,115
57,122
57,124
57,130
57,133
57,135
57,136
57,137
57,138
57,140
57,143
57,144
57,149
57,151
57,152
57,153
57,155
57,156
57,159
57,161
57,162
57,163
57,166
57,167
57,170
57,171
57,173
57,175
57,176
57,179
57,183
57,185
57,186
57,187
57,190
57,193
57,195
58,59
58,60
58,61
58,62
58,63
58,64
58,65
58,66
58,67
58,68
58,69
58,70
58,71
58,72
58,73
58,74
58,75
58,76
58,77
58,78
58,79
58,80
58,81
58,82
58,83
58,84
58,85
58,86
58,87
58,88
58,89
58,90
58,91
58,92
58,93
58,94
58,95
58,96
58,97
59,60
59,61
59,62
59,63
59,64
59,65
59,66
59,67
59,68
59,69
59,70
59,71
59,72
59,73
59,74
59,75
59,76
59,77
59,78
59,79
59,80
59,81
59,82
59,83
59,84
59,85
59,86
59,87
59,88
59,89
59,90
59,91
59,92
59,93
59,94
59,95
59,96
59,97
60,61
60,62
60,63
60,64
60,65
60,66
60,67
60,68
60,69
60,70
60,71
60,72
60,73
60,74
60,75
60,76
60,77
60,78
60,79
60,80
60,81
60,82
60,83
60,84
60,85
60,86
60,87
60,88
60,89
60,90
60,91
60,92
60,93
60,94
60,95
60,96
60,97
61,62
61,63
61,64
61,65
61,66
61,67
61,68
61,69
61,70
61,71
61,72
61,73
61,74
61,75
61,76
61,77
61,78
61,79
61,80
61,81
61,82
61,83
61,84
61,85
61,86
61,87
61,88
61,89
61,90
61,91
61,92
61,93
61,94
61,95
61,96
61,97
61,99
61,100
61,102
61,103
61,105
61,109
61,110
61,112
61,113
61,114
61,115
61,122
61,124
61,130
61,133
61,135
61,136
61,137
61,138
61,140
61,143
61,144
61,149
61,151
61,152
61,153
61,155
61,156
61,159
61,161
61,162
61,163
61,166
61,167
61,170
61,171
61,173
61,175
61,176
61,179
61,183
61,185
61,186
61,187
61,190
61,193
61,195
62,63
62,64
62,65
62,66
62,67
62,68
62,69
62,70
62,71
62,72
62,73
62,74
62,75
62,76
62,77
62,78
62,79
62,80
62,81
62,82
62,83
62,84
62,85
62,86
62,87
62,88
62,89
62,90
62,91
62,92
62,93
62,94
62,95
62,96
62,97
63,64
63,65
63,66
63,67
63,68
63,69
63,70
63,71
63,72
63,73
63,74
63,75
63,76
63,77
63,78
63,79
63,80
63,81
63,82
63,83
63,84
63,85
63,86
63,87
63,88
63,89
63,90
63,91
63,92
63,93
63,94
63,95
63,96
63,97
64,65
64,66
64,67
64,68
64,69
64,70
64,71
64,72
64,73
64,74
64,75
64,76
64,77
64,78
64,79
64,80
64,81
64,82
64,83
64,84
64,85
64,86
64,87
64,88
64,89
64,90
64,91
64,92
64,93
64,94
64,95
64,96
64,97
64,99
64,100
64,102
64,103
64,105
64,109
64,110
64,112
64,113
64,114
64,115
64,122
64,124
64,130
64,133
64,135
64,136
64,137
64,138
64,140
64,143
64,144
64,149
64,151
64,152
64,153
64,155
64,156
64,159
64,161
64,162
64,163
64,166
64,167
64,170
64,171
64,173
64,175
64,176
64,179
64,183
64,185
64,186
64,187
64,190
64,193
64,195
65,66
65,67
65,68
65,69
65,70
65,71
65,72
65,73
65,74
65,75
65,76
65,77
65,78
65,79
65,80
65,81
65,82
65,83
65,84
65,85
65,86
65,87
65,88
65,89
65,90
65,91
65,92
65,93
65,94
65,95
65,96
65,97
66,67
66,68
66,69
66,70
66,71
66,72
66,73
66,74
66,75
66,76
66,77
66,78
66,79
66,80
66,81
66,82
66,83
66,84
66,85
66,86
66,87
66,88
66,89
66,90
66,91
66,92
66,93
66,94
66,95
66,96
66,97
66,99
66,100
66,102
66,103
66,105
66,109
66,110
66,112
66,113
66,114
66,115
66,122
66,124
66,130
66,133
66,135
66,136
66,137
66,138
66,140
66,143
66,144
66,149
66,151
66,152
66,153
66,155
66,156
66,159
66,161
66,162
66,163
66,166
66,167
66,170
66,171
66,173
66,175
66,176
66,179
66,183
66,185
66,186
66,187
66,190
66,193
66,195
67,68
67,69
67,70
67,71
67,72
67,73
67,74
67,75
67,76
67,77
67,78
67,79
67,80
67,81
67,82
67,83
67,84
67,85
67,86
67,87
67,88
67,89
67,90
67,91
67,92
67,93
67,94
67,95
67,96
67,97
67,99
67,100
67,102
67,103
67,105
67,109
67,110
67,112
67,113
67,114
67,115
67,122
67,124
67,130
67,133
67,135
67,136
67,137
67,138
67,140
67,143
67,144
67,149
67,151
67,152
67,153
67,155
67,156
67,159
67,161
67,162
67,163
67,166
67,167
67,170
67,171
67,173
67,175
67,176
67,179
67,183
67,185
67,186
67,187
67,190
67,193
67,195
68,69
68,70
68,71
68,72
68,73
68,74
68,75
68,76
68,77
68,78
68,79
68,80
68,81
68,82
68,83
68,84
68,85
68,86
68,87
68,88
68,89
68,90
68,91
68,92
68,93
68,94
68,95
68,96
68,97
68,99
68,100
68,102
68,103
68,105
68,109
68,110
68,112
68,113
68,114
68,115
68,122
68,124
68,130
68,133
68,135
68,136
68,137
68,138
68,140
68,143
68,144
68,149
68,151
68,152
68,153
68,155
68,156
68,159
68,161
68,162
68,163
68,166
68,167
68,170
68,171
68,173
68,175
68,176
68,179
68,183
68,185
68,186
68,187
68,190
68,193
68,195
69,70
69,71
69,72
69,73
69,74
69,75
69,76
69,77
69,78
69,79
69,80
69,81
69,82
69,83
69,84
69,85
69,86
69,87
69,88
69,89
69,90
69,91
69,92
69,93
69,94
69,95
69,96
69,97
69,99
69,100
69,102
69,103
69,105
69,109
69,110
69,112
69,113
69,114
69,115
69,122
69,124
69,130
69,133
69,135
69,136
69,137
69,138
69,140
69,143
69,144
69,149
69,151
69,152
69,153
69,155
69,156
69,159
69,161
69,162
69,163
69,166
69,167
69,170
69,171
69,173
69,175
69,176
69,179
69,183
69,185
69,186
69,187
69,190
69,193
69,195
70,71
70,72
70,73
70,74
70,75
70,76
70,77
70,78
70,79
70,80
70,81
70,82
70,83
70,84
70,85
70,86
70,87
70,88
70,89
70,90
70,91
70,92
70,93
70,94
70,95
70,96
70,97
70,99
70,100
70,102
70,103
70,105
70,109
70,110
70,112
70,113
70,114
70,115
70,122
70,124
70,130
70,133
70,135
70,136
70,137
70,138
70,140
70,143
70,144
70,149
70,151
70,152
70,153
70,155
70,156
70,159
70,161
70,162
70,163
70,166
70,167
70,170
70,171
70,173
70,175
70,176
70,179
70,183
70,185
70,186
70,187
70,190
70,193
70,195
71,72
71,73
71,74
71,75
71,76
71,77
71,78
71,79
71,80
71,81
71,82
71,83
71,84
71,85
71,86
71,87
71,88
71,89
71,90
71,91
71,92
71,93
71,94
71,95
71,96
71,97
71,99
71,100
71,102
71,103
71,105
71,109
71,110
71,112
71,113
71,114
71,115
71,122
71,124
71,130
71,133
71,135
71,136
71,137
71,138
71,140
71,143
71,144
71,149
71,151
71,152
71,153
71,155
71,156
71,159
71,161
71,162
71,163
71,166
71,167
71,170
71,171
71,173
71,175
71,176
71,179
71,183
71,185
71,186
71,187
71,190
71,193
71,195
72,73
72,74
72,75
72,76
72,77
72,78
72,79
72,80
72,81
72,82
72,83
72,84
72,85
72,86
72,87
72,88
72,89
72,90
72,91
72,92
72,93
72,94
72,95
72,96
72,97
73,74
73,75
73,76
73,77
73,78
73,79
73,80
73,81
73,82
73,83
73,84
73,85
73,86
73,87
73,88
73,89
73,90
73,91
73,92
73,93
73,94
73,95
73,96
73,97
73,99
73,100
73,102
73,103
73,105
73,109
73,110
73,112
73,113
73,114
73,115
73,122
73,124
73,130
73,133
73,135
73,136
73,137
73,138
73,140
73,143
73,144
73,149
73,151
73,152
73,153
73,155
73,156
73,159
73,161
73,162
73,163
73,166
73,167
73,170
73,171
73,173
73,175
73,176
73,179
73,183
73,185
73,186
73,187
73,190
73,193
73,195
74,75
74,76
74,77
74,78
74,79
74,80
74,81
74,82
74,83
74,84
74,85
74,86
74,87
74,88
74,89
74,90
74,91
74,92
74,93
74,94
74,95
74,96
74,97
74,99
74,100
74,102
74,103
74,105
74,109
74,110
74,112
74,113
74,114
74,115
74,122
74,124
74,130
74,133
74,135
74,136
74,137
74,138
74,140
74,143
74,144
74,149
74,151
74,152
74,153
74,155
74,156
74,159
74,161
74,162
74,163
74,166
74,167
74,170
74,171
74,173
74,175
74,176
74,179
74,183
74,185
74,186
74,187
74,190
74,193
74,195
75,76
75,77
75,78
75,79
75,80
75,81
75,82
75,83
75,84
75,85
75,86
75,87
75,88
75,89
75,90
75,91
75,92
75,93
75,94
75,95
75,96
75,97
75,99
75,100
75,102
75,103
75,105
75,109
75,110
75,112
75,113
75,114
75,115
75,122
75,124
75,130
75,133
75,135
75,136
75,137
75,138
75,140
75,143
75,144
75,149
75,151
75,152
75,153
75,155
75,156
75,159
75,161
75,162
75,163
75,166
75,167
75,170
75,171
75,173
75,175
75,176
75,179
75,183
75,185
75,186
75,187
75,190
75,193
75,195
76,77
76,78
76,79
76,80
76,81
76,82
76,83
76,84
76,85
76,86
76,87
76,88
76,89
76,90
76,91
76,92
76,93
76,94
76,95
76,96
76,97
77,78
77,79
77,80
77,81
77,82
77,83
77,84
77,85
77,86
77,87
77,88
77,89
77,90
77,91
77,92
77,93
77,94
77,95
77,96
77,97
77,99
77,100
77,102
77,103
77,105
77,109
77,110
77,112
77,113
77,114
77,115
77,122
77,124
77,130
77,133
77,135
77,136
77,137
77,138
77,140
77,143
77,144
77,149
77,151
77,152
77,153
77,155
77,156
77,159
77,161
77,162
77,163
77,166
77,167
77,170
77,171
77,173
77,175
77,176
77,179
77,183
77,185
77,186
77,187
77,190
77,193
77,195
78,79
78,80
78,81
78,82
78,83
78,84
78,85
78,86
78,87
78,88
78,89
78,90
78,91
78,92
78,93
78,94
78,95
78,96
78,97
79,80
79,81
79,82
79,83
79,84
79,85
79,86
79,87
79,88
79,89
79,90
79,91
79,92
79,93
79,94
79,95
79,96
79,97
80,81
80,82
80,83
80,84
80,85
80,86
80,87
80,88
80,89
80,90
80,91
80,92
80,93
80,94
80,95
80,96
80,97
80,99
80,100
80,102
80,103
80,105
80,109
80,110
80,112
80,113
80,114
80,115
80,122
80,124
80,130
80,133
80,135
80,136
80,137
80,138
80,140
80,143
80,144
80,149
80,151
80,152
80,153
80,155
80,156
80,159
80,161
80,162
80,163
80,166
80,167
80,170
80,171
80,173
80,175
80,176
80,179
80,183
80,185
80,186
80,187
80,190
80,193
80,195
81,82
81,83
81,84
81,85
81,86
81,87
81,88
81,89
81,90
81,91
81,92
81,93
81,94
81,95
81,96
81,97
81,99
81,100
81,102
81,103
81,105
81,109
81,110
81,112
81,113
81,114
81,115
81,122
81,124
81,130
81,133
81,135
81,136
81,137
81,138
81,140
81,143
81,144
81,149
81,151
81,152
81,153
81,155
81,156
81,159
81,161
81,162
81,163
81,166
81,167
81,170
81,171
81,173
81,175
81,176
81,179
81,183
81,185
81,186
81,187
81,190
81,193
81,195
82,83
82,84
82,85
82,86
82,87
82,88
82,89
82,90
82,91
82,92
82,93
82,94
82,95
82,96
82,97
83,84
83,85
83,86
83,87
83,88
83,89
83,90
83,91
83,92
83,93
83,94
83,95
83,96
83,97
84,85
84,86
84,87
84,88
84,89
84,90
84,91
84,92
84,93
84,94
84,95
84,96
84,97
85,86
85,87
85,88
85,89
85,90
85,91
85,92
85,93
85,94
85,95
85,96
85,97
85,99
85,100
85,102
85,103
85,105
85,109
85,110
85,112
85,113
85,114
85,115
85,122
85,124
85,130
85,133
85,135
85,136
85,137
85,138
85,140
85,143
85,144
85,149
85,151
85,152
85,153
85,155
85,156
85,159
85,161
85,162
85,163
85,166
85,167
85,170
85,171
85,173
85,175
85,176
85,179
85,183
85,185
85,186
85,187
85,190
85,193
85,195
86,87
86,88
86,89
86,90
86,91
86,92
86,93
86,94
86,95
86,96
86,97
86,99
86,100
86,102
86,103
86,105
86,109
86,110
86,112
86,113
86,114
86,115
86,122
86,124
86,130
86,133
86,135
86,136
86,137
86,138
86,140
86,143
86,144
86,149
86,151
86,152
86,153
86,155
86,156
86,159
86,161
86,162
86,163
86,166
86,167
86,170
86,171
86,173
86,175
86,176
86,179
86,183
86,185
86,186
86,187
86,190
86,193
86,195
87,88
87,89
87,90
87,91
87,92
87,93
87,94
87,95
87,96
87,97
88,89
88,90
88,91
88,92
88,93
88,94
88,95
88,96
88,97
89,90
89,91
89,92
89,93
89,94
89,95
89,96
89,97
89,99
89,100
89,102
89,103
89,105
89,109
89,110
89,112
89,113
89,114
89,115
89,122
89,124
89,130
89,133
89,135
89,136
89,137
89,138
89,140
89,143
89,144
89,149
89,151
89,152
89,153
89,155
89,156
89,159
89,161
89,162
89,163
89,166
89,167
89,170
89,171
89,173
89,175
89,176
89,179
89,183
89,185
89,186
89,187
89,190
89,193
89,195
90,91
90,92
90,93
90,94
90,95
90,96
90,97
90,99
90,100
90,102
90,103
90,105
90,109
90,110
90,112
90,113
90,114
90,115
90,122
90,124
90,130
90,133
90,135
90,136
90,137
90,138
90,140
90,143
90,144
90,149
90,151
90,152
90,153
90,155
90,156
90,159
90,161
90,162
90,163
90,166
90,167
90,170
90,171
90,173
90,175
90,176
90,179
90,183
90,185
90,186
90,187
90,190
90,193
90,195
91,92
91,93
91,94
91,95
91,96
91,97
91,99
91,100
91,102
91,103
91,105
91,109
91,110
91,112
91,113
91,114
91,115
91,122
91,124
91,130
91,133
91,135
91,136
91,137
91,138
91,140
91,143
91,144
91,149
91,151
91,152
91,153
91,155
91,156
91,159
91,161
91,162
91,163
91,166
91,167
91,170
91,171
91,173
91,175
91,176
91,179
91,183
91,185
91,186
91,187
91,190
91,193
91,195
92,93
92,94
92,95
92,96
92,97
92,99
92,100
92,102
92,103
92,105
92,109
92,110
92,112
92,113
92,114
92,115
92,122
92,124
92,130
92,133
92,135
92,136
92,137
92,138
92,140
92,143
92,144
92,149
92,151
92,152
92,153
92,155
92,156
92,159
92,161
92,162
92,163
92,166
92,167
92,170
92,171
92,173
92,175
92,176
92,179
92,183
92,185
92,186
92,187
92,190
92,193
92,195
93,94
93,95
93,96
93,97
93,99
93,100
93,102
93,103
93,105
93,109
93,110
93,112
93,113
93,114
93,115
93,122
93,124
93,130
93,133
93,135
93,136
93,137
93,138
93,140
93,143
93,144
93,149
93,151
93,152
93,153
93,155
93,156
93,159
93,161
93,162
93,163
93,166
93,167
93,170
93,171
93,173
93,175
93,176
93,179
93,183
93,185
93,186
93,187
93,190
93,193
93,195
94,95
94,96
94,97
94,99
94,100
94,102
94,103
94,105
94,109
94,110
94,112
94,113
94,114
94,115
94,122
94,124
94,130
94,133
94,135
94,136
94,137
94,138
94,140
94,143
94,144
94,149
94,151
94,152
94,153
94,155
94,156
94,159
94,161
94,162
94,163
94,166
94,167
94,170
94,171
94,173
94,175
94,176
94,179
94,183
94,185
94,186
94,187
94,190
94,193
94,195
95,96
95,97
95,99
95,100
95,102
95,103
95,105
95,109
95,110
95,112
95,113
95,114
95,115
95,122
95,124
95,130
95,133
95,135
95,136
95,137
95,138
95,140
95,143
95,144
95,149
95,151
95,152
95,153
95,155
95,156
95,159
95,161
95,162
95,163
95,166
95,167
95,170
95,171
95,173
95,175
95,176
95,179
95,183
95,185
95,186
95,187
95,190
95,193
95,195
96,97
99,100
99,102
99,103
99,105
99,109
99,110
99,112
99,113
99,114
99,115
99,122
99,124
99,130
99,133
99,135
99,136
99,137
99,138
99,140
99,143
99,144
99,149
99,151
99,152
99,153
99,155
99,156
99,159
99,161
99,162
99,163
99,166
99,167
99,170
99,171
99,173
99,175
99,176
99,179
99,183
99,185
99,186
99,187
99,190
99,193
99,195
100,102
100,103
100,105
100,109
100,110
100,112
100,113
100,114
100,115
100,122
100,124
100,130
100,133
100,135
100,136
100,137
100,138
100,140
100,143
100,144
100,149
100,151
100,152
100,153
100,155
100,156
100,159
100,161
100,162
100,163
100,166
100,167
100,170
100,171
100,173
100,175
100,176
100,179
100,183
100,185
100,186
100,187
100,190
100,193
100,195
102,103
102,105
102,109
102,110
102,112
102,113
102,114
102,115
102,122
102,124
102,130
102,133
102,135
102,136
102,137
102,138
102,140
102,143
102,144
102,149
102,151
102,152
102,153
102,155
102,156
102,159
102,161
102,162
102,163
102,166
102,167
102,170
102,171
102,173
102,175
102,176
102,179
102,183
102,185
102,186
102,187
102,190
102,193
102,195
103,105
103,109
103,110
103,112
103,113
103,114
103,115
103,122
103,124
103,130
103,133
103,135
103,136
103,137
103,138
103,140
103,143
103,144
103,149
103,151
103,152
103,153
103,155
103,156
103,159
103,161
103,162
103,163
103,166
103,167
103,170
103,171
103,173
103,175
103,176
103,179
103,183
103,185
103,186
103,187
103,190
103,193
103,195
105,109
105,110
105,112
105,113
105,114
105,115
105,122
105,124
105,130
105,133
105,135
105,136
105,137
105,138
105,140
105,143
105,144
105,149
105,151
105,152
105,153
105,155
105,156
105,159
105,161
105,162
105,163
105,166
105,167
105,170
105,171
105,173
105,175
105,176
105,179
105,183
105,185
105,186
105,187
105,190
105,193
105,195
109,110
109,112
109,113
109,114
109,115
109,122
109,124
109,130
109,133
109,135
109,136
109,137
109,138
109,140
109,143
109,144
109,149
109,151
109,152
109,153
109,155
109,156
109,159
109,161
109,162
109,163
109,166
109,167
109,170
109,171
109,173
109,175
109,176
109,179
109,183
109,185
109,186
109,187
109,190
109,193
109,195
110,112
110,113
110,114
110,115
110,122
110,124
110,130
110,133
110,135
110,136
110,137
110,138
110,140
110,143
110,144
110,149
110,151
110,152
110,153
110,155
110,156
110,159
110,161
110,162
110,163
110,166
110,167
110,170
110,171
110,173
110,175
110,176
110,179
110,183
110,185
110,186
110,187
110,190
110,193
110,195
112,113
112,114
112,115
112,122
112,124
112,130
112,133
112,135
112,136
112,137
112,138
112,140
112,143
112,144
112,149
112,151
112,152
112,153
112,155
112,156
112,159
112,161
112,162
112,163
112,166
112,167
112,170
112,171
112,173
112,175
112,176
112,179
112,183
112,185
112,186
112,187
112,190
112,193
112,195
113,114
113,115
113,122
113,124
113,130
113,133
113,135
113,136
113,137
113,138
113,140
113,143
113,144
113,149
113,151
113,152
113,153
113,155
113,156
113,159
113,161
113,162
113,163
113,166
113,167
113,170
113,171
113,173
113,175
113,176
113,179
113,183
113,185
113,186
113,187
113,190
113,193
113,195
114,115
114,122
114,124
114,130
114,133
114,135
114,136
114,137
114,138
114,140
114,143
114,144
114,149
114,151
114,152
114,153
114,155
114,156
114,159
114,161
114,162
114,163
114,166
114,167
114,170
114,171
114,173
114,175
114,176
114,179
114,183
114,185
114,186
114,187
114,190
114,193
114,195
115,122
115,124
115,130
115,133
115,135
115,136
115,137
115,138
115,140
115,143
115,144
115,149
115,151
115,152
115,153
115,155
115,156
115,159
115,161
115,162
115,163
115,166
115,167
115,170
115,171
115,173
115,175
115,176
115,179
115,183
115,185
115,186
115,187
115,190
115,193
115,195
120,181
121,125
121,127
121,128
121,133
121,135
121,137
121,138
121,140
121,141
121,142
121,143
121,147
121,148
121,150
122,124
122,130
122,133
122,135
122,136
122,137
122,138
122,140
122,143
122,144
122,149
122,151
122,152
122,153
122,155
122,156
122,159
122,161
122,162
122,163
122,166
122,167
122,170
122,171
122,173
122,175
122,176
122,179
122,183
122,185
122,186
122,187
122,190
122,193
122,195
123,127
123,128
123,129
123,132
123,133
123,134
123,135
123,136
123,145
123,147
123,150
123,158
123,171
123,176
123,177
123,182
123,183
123,192
123,199
124,126
124,128
124,129
124,130
124,131
124,132
124,133
124,134
124,135
124,136
124,137
124,138
124,140
124,142
124,143
124,144
124,145
124,148
124,149
124,151
124,152
124,153
124,155
124,156
124,158
124,159
124,161
124,162
124,163
124,165
124,166
124,167
124,170
124,171
124,173
124,175
124,176
124,179
124,183
124,185
124,186
124,187
124,190
124,193
124,195
125,129
125,131
125,132
125,133
125,134
125,135
125,139
125,141
125,154
125,159
125,165
125,168
125,172
125,173
125,177
125,178
125,180
125,181
125,185
125,187
125,192
125,196
125,198
125,199
126,128
126,129
126,131
126,132
126,133
126,135
126,136
126,138
126,139
126,140
126,141
126,142
126,145
126,147
126,148
126,149
126,150
126,154
126,160
126,163
126,165
126,171
126,172
126,174
126,177
126,178
126,179
126,180
126,182
126,185
126,186
126,192
126,196
126,197
126,198
126,199
127,128
127,129
127,131
127,132
127,133
128,129
128,130
128,131
128,133
128,134
128,137
128,139
128,141
128,143
128,145
128,147
128,148
128,149
128,157
128,159
128,160
128,163
128,164
128,172
128,177
128,181
128,185
128,186
128,187
128,189
129,130
129,132
129,134
129,135
129,136
129,137
129,138
129,140
129,141
129,142
129,143
129,144
129,147
129,148
129,149
129,150
129,159
129,160
129,165
129,169
129,172
129,173
129,174
129,177
129,178
129,181
129,182
129,184
129,185
129,186
129,187
129,189
129,196
129,197
129,199
130,132
130,133
130,135
130,136
130,137
130,138
130,140
130,142
130,143
130,144
130,146
130,147
130,148
130,149
130,151
130,152
130,153
130,154
130,155
130,156
130,157
130,159
130,161
130,162
130,163
130,165
130,166
130,167
130,168
130,169
130,170
130,171
130,173
130,174
130,175
130,176
130,177
130,179
130,181
130,182
130,183
130,184
130,185
130,186
130,187
130,189
130,190
130,192
130,193
130,195
130,196
130,198
130,199
131,138
131,140
131,143
131,146
131,147
131,150
131,154
131,168
131,169
131,172
131,176
131,178
131,180
131,181
131,182
131,184
131,188
131,189
131,191
131,197
131,199
132,134
132,135
132,136
132,137
132,138
132,140
132,141
132,145
132,146
132,147
132,149
132,150
132,151
132,154
132,157
132,158
132,159
132,160
132,161
132,162
132,163
132,164
132,165
133,135
133,136
133,137
133,138
133,139
133,140
133,142
133,143
133,144
133,145
133,149
133,150
133,151
133,152
133,153
133,155
133,156
133,158
133,159
133,160
133,161
133,162
133,163
133,166
133,167
133,170
133,171
133,173
133,175
133,176
133,178
133,179
133,182
133,183
133,185
133,186
133,187
133,190
133,192
133,193
133,194
133,195
133,197
133,198
133,199
134,135
134,137
134,141
134,142
134,143
134,146
134,148
134,150
134,151
134,157
134,158
134,159
134,160
135,136
135,137
135,138
135,139
135,140
135,141
135,143
135,144
135,146
135,147
135,148
135,149
135,151
135,152
135,153
135,155
135,156
135,157
135,159
135,161
135,162
135,163
135,165
135,166
135,167
135,169
135,170
135,171
135,173
135,175
135,176
135,177
135,179
135,182
135,183
135,185
135,186
135,187
135,188
135,189
135,190
135,191
135,192
135,193
135,195
135,196
135,197
135,198
135,199
136,137
136,138
136,140
136,143
136,144
136,146
136,147
136,148
136,149
136,151
136,152
136,153
136,154
136,155
136,156
136,158
136,159
136,160
136,161
136,162
136,163
136,164
136,165
136,166
136,167
136,168
136,169
136,170
136,171
136,172
136,173
136,174
136,175
136,176
136,179
136,183
136,185
136,186
136,187
136,190
136,193
136,195
137,138
137,139
137,140
137,143
137,144
137,147
137,148
137,149
137,151
137,152
137,153
137,155
137,156
137,159
137,161
137,162
137,163
137,164
137,165
137,166
137,167
137,168
137,169
137,170
137,171
137,172
137,173
137,174
137,175
137,176
137,177
137,179
137,180
137,181
137,183
137,184
137,185
137,186
137,187
137,190
137,192
137,193
137,195
137,196
137,197
137,198
138,140
138,141
138,143
138,144
138,145
138,147
138,148
138,149
138,151
138,152
138,153
138,155
138,156
138,159
138,161
138,162
138,163
138,166
138,167
138,170
138,171
138,173
138,175
138,176
138,179
138,183
138,185
138,186
138,187
138,190
138,193
138,195
139,141
139,142
139,145
139,146
139,147
139,151
139,154
139,157
139,158
139,159
139,165
139,169
139,172
139,173
139,174
139,175
139,177
139,178
139,182
139,183
139,184
139,188
139,189
139,191
139,195
139,196
139,197
140,141
140,142
140,143
140,144
140,145
140,146
140,147
140,149
140,151
140,152
140,153
140,155
140,156
140,157
140,158
140,159
140,160
140,161
140,162
140,163
140,164
140,165
140,166
140,167
140,170
140,171
140,172
140,173
140,174
140,175
140,176
140,177
140,178
140,179
140,180
140,183
140,184
140,185
140,186
140,187
140,188
140,189
140,190
140,191
140,192
140,193
140,195
140,197
141,142
141,146
141,147
141,148
141,149
141,150
141,152
141,153
141,158
141,160
141,161
141,162
141,163
141,164
141,168
141,169
141,172
141,173
141,175
141,177
141,178
141,180
141,181
141,183
141,186
141,188
141,189
141,191
141,198
141,199
142,143
142,148
142,149
142,152
142,157
142,159
143,144
143,149
143,150
143,151
143,152
143,153
143,154
143,155
143,156
143,158
143,159
143,160
143,161
143,162
143,163
143,166
143,167
143,168
143,169
143,170
143,171
143,173
143,175
143,176
143,178
143,179
143,183
143,185
143,186
143,187
143,188
143,189
143,190
143,192
143,193
143,195
143,197
143,198
144,149
144,151
144,152
144,153
144,155
144,156
144,159
144,161
144,162
144,163
144,166
144,167
144,170
144,171
144,173
144,175
144,176
144,179
144,183
144,185
144,186
144,187
144,190
144,193
144,195
145,148
145,149
145,153
145,154
145,157
145,158
145,165
145,169
145,172
145,178
145,182
145,183
145,187
145,192
145,195
145,196
145,198
145,199
146,147
146,149
146,150
146,153
146,154
146,162
146,165
147,150
147,152
147,153
147,157
147,158
147,159
147,163
147,165
147,168
147,169
147,173
147,174
147,175
147,177
147,178
147,180
147,186
147,187
147,188
147,192
147,195
147,198
147,199
148,150
148,151
148,152
148,155
148,158
148,159
148,161
148,162
148,163
148,165
148,168
148,169
148,171
148,172
148,173
148,175
148,177
148,178
148,180
148,183
148,184
148,186
148,187
148,190
148,191
148,192
148,194
148,197
148,198
148,199
149,150
149,151
149,152
149,153
149,155
149,156
149,159
149,160
149,161
149,162
149,163
149,166
149,167
149,169
149,170
149,171
149,172
149,173
149,175
149,176
149,177
149,178
149,179
149,180
149,182
149,183
149,184
149,185
149,186
149,187
149,190
149,191
149,193
149,194
149,195
149,198
150,157
150,161
150,162
150,167
150,168
150,169
150,170
150,171
150,172
150,173
150,174
150,181
150,182
150,183
150,185
150,186
150,188
150,189
150,190
150,191
150,194
150,195
150,197
150,198
150,199
151,152
151,153
151,155
151,156
151,159
151,160
151,161
151,162
151,163
151,166
151,167
151,170
151,171
151,173
151,175
151,176
151,179
151,183
151,185
151,186
151,187
151,190
151,193
151,195
152,153
152,155
152,156
152,159
152,161
152,162
152,163
152,166
152,167
152,168
152,169
152,170
152,171
152,173
152,175
152,176
152,179
152,183
152,185
152,186
152,187
152,190
152,191
152,193
152,195
152,196
152,197
153,154
153,155
153,156
153,159
153,161
153,162
153,163
153,166
153,167
153,170
153,171
153,173
153,175
153,176
153,178
153,179
153,183
153,184
153,185
153,186
153,187
153,188
153,189
153,190
153,193
153,195
153,196
153,197
153,199
154,157
154,158
154,160
154,161
154,164
154,165
154,167
154,171
154,178
154,180
154,182
154,183
154,185
154,189
154,191
154,194
154,195
154,196
155,156
155,159
155,161
155,162
155,163
155,166
155,167
155,170
155,171
155,173
155,175
155,176
155,179
155,183
155,185
155,186
155,187
155,190
155,193
155,195
156,159
156,161
156,162
156,163
156,166
156,167
156,170
156,171
156,173
156,175
156,176
156,179
156,183
156,185
156,186
156,187
156,190
156,193
156,195
157,158
157,159
157,160
157,163
157,165
157,171
157,172
157,173
157,178
157,182
157,183
157,185
157,186
157,188
157,189
157,197
157,198
157,199
158,161
158,162
158,163
158,164
158,167
158,180
158,181
158,182
158,183
158,184
159,160
159,161
159,162
159,163
159,165
159,166
159,167
159,169
159,170
159,171
159,173
159,174
159,175
159,176
159,178
159,179
159,180
159,181
159,182
159,183
159,185
159,186
159,187
159,189
159,190
159,191
159,192
159,193
159,195
159,197
159,198
160,162
160,164
160,167
160,168
160,172
160,180
160,181
160,182
160,187
160,188
160,189
160,190
160,191
160,196
160,197
160,198
161,162
161,163
161,164
161,166
161,167
161,170
161,171
161,173
161,174
161,175
161,176
161,178
161,179
161,180
161,183
161,184
161,185
161,186
161,187
161,188
161,189
161,190
161,192
161,193
161,194
161,195
161,196
161,197
161,198
161,199
162,163
162,164
162,166
162,167
162,170
162,171
162,173
162,175
162,176
162,179
162,182
162,183
162,184
162,185
162,186
162,187
162,190
162,191
162,192
162,193
162,195
162,197
162,198
163,164
163,166
163,167
163,169
163,170
163,171
163,173
163,174
163,175
163,176
163,178
163,179
163,181
163,183
163,185
163,186
163,187
163,190
163,191
163,193
163,194
163,195
163,196
163,197
163,198
163,199
164,168
164,171
164,172
164,173
164,174
164,178
164,180
164,182
164,185
164,187
164,191
164,194
164,195
164,196
164,197
164,198
164,199
165,168
165,169
165,171
165,172
165,173
165,174
165,177
165,178
165,181
165,183
165,185
165,187
165,190
165,191
165,192
165,194
165,195
165,198
165,199
166,167
166,170
166,171
166,173
166,175
166,176
166,177
166,178
166,179
166,180
166,181
166,182
166,183
166,185
166,186
166,187
166,189
166,190
166,191
166,193
166,195
166,196
166,198
166,199
167,168
167,170
167,171
167,172
167,173
167,175
167,176
167,177
167,178
167,179
167,180
167,182
167,183
167,185
167,186
167,187
167,190
167,192
167,193
167,194
167,195
168,171
168,172
168,173
168,174
168,176
168,177
168,178
168,180
168,183
168,184
168,188
168,189
168,190
168,194
168,196
168,198
169,170
169,171
169,172
169,173
169,174
169,175
169,176
169,177
169,178
169,180
169,182
169,183
169,184
169,185
169,186
169,187
169,188
169,189
169,190
169,191
169,192
169,193
169,194
169,195
169,196
169,197
169,198
170,171
170,172
170,173
170,175
170,176
170,178
170,179
170,181
170,182
170,183
170,185
170,186
170,187
170,188
170,190
170,191
170,192
170,193
170,194
170,195
170,196
171,172
171,173
171,175
171,176
171,178
171,179
171,181
171,182
171,183
171,185
171,186
171,187
171,190
171,191
171,192
171,193
171,195
171,197
171,198
172,174
172,176
172,177
172,178
172,180
172,181
172,182
172,183
172,184
172,185
172,186
172,187
172,188
172,192
172,194
172,196
172,198
172,199
173,174
173,175
173,176
173,179
173,183
173,184
173,185
173,186
173,187
173,188
173,189
173,190
173,191
173,192
173,193
173,194
173,195
173,196
173,199
175,176
175,177
175,179
175,180
175,183
175,185
175,186
175,187
175,190
175,193
175,195
176,177
176,178
176,179
176,180
176,181
176,182
176,183
176,185
176,186
176,187
176,190
176,193
176,194
176,195
176,196
177,178
177,180
177,181
177,183
177,184
177,185
177,191
177,192
177,193
177,194
177,199
178,180
178,181
178,184
178,187
178,188
178,189
178,191
178,192
178,193
178,194
178,196
178,197
178,198
179,183
179,185
179,186
179,187
179,190
179,193
179,195
180,183
180,185
180,186
180,188
180,189
180,190
180,191
180,192
180,194
180,195
181,182
181,183
181,184
181,186
181,188
181,189
181,190
181,192
181,193
181,195
181,197
181,198
181,199
182,183
182,187
182,188
182,189
182,190
182,191
182,193
182,196
182,197
182,198
182,199
183,185
183,186
183,187
183,189
183,190
183,191
183,192
183,193
183,195
183,196
183,197
183,198
183,199
184,185
184,186
184,187
184,188
184,190
184,191
184,192
184,194
184,196
184,197
184,198
185,186
185,187
185,189
185,190
185,191
185,193
185,195
185,197
186,187
186,190
186,191
186,193
186,195
186,197
186,198
187,188
187,189
187,190
187,191
187,192
187,193
187,194
187,195
187,196
188,192
188,194
188,195
188,196
188,197
188,198
189,191
189,192
189,194
189,196
190,191
190,192
190,193
190,194
190,195
190,197
190,198
190,199
191,192
191,193
191,194
191,195
191,196
191,197
191,198
192,194
192,196
192,197
192,199
193,195
193,197
193,198
194,197
194,198
194,199
195,199
196,197
196,199
197,198
197,199
