0,1
0,2
0,3
0,4
0,5
0,6
0,7
0,8
0,9
0,10
0,11
0,12
0,13
0,14
0,15
0,16
0,17
0,18
0,19
0,20
0,21
0,22
0,23
0,24
0,25
0,26
0,27
0,28
0,29
0,30
0,31
0,32
0,33
0,34
0,35
0,36
0,37
0,38
0,39
0,40
0,41
0,42
0,43
0,44
0,45
0,46
0,47
0,48
0,49
0,50
0,51
0,52
0,53
0,54
0,55
0,56
0,57
0,58
0,59
0,60
0,61
0,62
0,63
0,64
0,65
0,66
0,67
0,68
0,69
0,70
0,71
0,72
0,73
0,74
0,75
0,76
0,77
0,111
0,112
0,122
0,128
0,133
0,136
0,142
0,144
0,146
0,151
0,153
0,157
0,158
0,159
0,160
0,161
0,162
0,166
0,168
0,171
0,173
0,175
0,176
0,177
0,179
0,180
0,181
0,182
0,183
0,184
0,185
0,186
0,187
0,188
0,189
0,190
0,192
0,194
0,196
1,2
1,3
1,4
1,5
1,6
1,7
1,8
1,9
1,10
1,11
1,12
1,13
1,14
1,15
1,16
1,17
1,18
1,19
1,20
1,21
1,22
1,23
1,24
1,25
1,26
1,27
1,28
1,29
1,30
1,31
1,32
1,33
1,34
1,35
1,36
1,37
1,38
1,39
1,40
1,41
1,42
1,43
1,44
1,45
1,46
1,47
1,48
1,49
1,50
1,51
1,52
1,53
1,54
1,55
1,56
1,57
1,58
1,59
1,60
1,61
1,62
1,63
1,64
1,65
1,66
1,67
1,68
1,69
1,70
1,71
1,72
1,73
1,74
1,75
1,76
1,77
1,133
1,134
1,136
1,137
1,141
1,142
1,144
1,145
1,147
1,149
1,151
1,153
1,157
1,158
1,159
1,160
1,161
1,162
1,164
1,165
1,166
1,171
1,176
1,179
1,181
1,183
1,184
1,185
1,186
1,187
1,188
1,192
1,193
1,195
2,3
2,4
2,5
2,6
2,7
2,8
2,9
2,10
2,11
2,12
2,13
2,14
2,15
2,16
2,17
2,18
2,19
2,20
2,21
2,22
2,23
2,24
2,25
2,26
2,27
2,28
2,29
2,30
2,31
2,32
2,33
2,34
2,35
2,36
2,37
2,38
2,39
2,40
2,41
2,42
2,43
2,44
2,45
2,46
2,47
2,48
2,49
2,50
2,51
2,52
2,53
2,54
2,55
2,56
2,57
2,58
2,59
2,60
2,61
2,62
2,63
2,64
2,65
2,66
2,67
2,68
2,69
2,70
2,71
2,72
2,73
2,74
2,75
2,76
2,77
2,109
2,111
2,112
2,115
2,118
2,124
2,125
2,127
2,128
2,129
2,130
2,132
2,136
2,137
2,140
2,141
2,142
2,147
2,149
2,151
2,153
2,154
2,156
2,157
2,158
2,159
2,160
2,162
2,163
2,164
2,165
2,166
2,170
2,171
2,172
2,173
2,174
2,175
2,176
2,177
2,179
2,180
2,181
2,182
2,183
2,184
2,185
2,186
2,187
2,188
2,189
2,190
2,192
2,195
2,196
2,197
2,198
2,199
3,4
3,5
3,6
3,7
3,8
3,9
3,10
3,11
3,12
3,13
3,14
3,15
3,16
3,17
3,18
3,19
3,20
3,21
3,22
3,23
3,24
3,25
3,26
3,27
3,28
3,29
3,30
3,31
3,32
3,33
3,34
3,35
3,36
3,37
3,38
3,39
3,40
3,41
3,42
3,43
3,44
3,45
3,46
3,47
3,48
3,49
3,50
3,51
3,52
3,53
3,54
3,55
3,56
3,57
3,58
3,59
3,60
3,61
3,62
3,63
3,64
3,65
3,66
3,67
3,68
3,69
3,70
3,71
3,72
3,73
3,74
3,75
3,76
3,77
3,79
3,80
3,81
3,82
3,84
3,85
3,90
3,91
3,102
3,110
3,112
3,113
3,116
3,117
3,118
3,119
3,120
3,127
3,129
3,135
3,136
3,140
3,143
3,144
3,145
3,146
3,154
3,160
3,163
3,167
3,168
3,171
3,172
3,174
3,175
3,179
3,184
3,186
3,189
3,196
3,197
3,198
4,5
4,6
4,7
4,8
4,9
4,10
4,11
4,12
4,13
4,14
4,15
4,16
4,17
4,18
4,19
4,20
4,21
4,22
4,23
4,24
4,25
4,26
4,27
4,28
4,29
4,30
4,31
4,32
4,33
4,34
4,35
4,36
4,37
4,38
4,39
4,40
4,41
4,42
4,43
4,44
4,45
4,46
4,47
4,48
4,49
4,50
4,51
4,52
4,53
4,54
4,55
4,56
4,57
4,58
4,59
4,60
4,61
4,62
4,63
4,64
4,65
4,66
4,67
4,68
4,69
4,70
4,71
4,72
4,73
4,74
4,75
4,76
4,77
5,6
5,7
5,8
5,9
5,10
5,11
5,12
5,13
5,14
5,15
5,16
5,17
5,18
5,19
5,20
5,21
5,22
5,23
5,24
5,25
5,26
5,27
5,28
5,29
5,30
5,31
5,32
5,33
5,34
5,35
5,36
5,37
5,38
5,39
5,40
5,41
5,42
5,43
5,44
5,45
5,46
5,47
5,48
5,49
5,50
5,51
5,52
5,53
5,54
5,55
5,56
5,57
5,58
5,59
5,60
5,61
5,62
5,63
5,64
5,65
5,66
5,67
5,68
5,69
5,70
5,71
5,72
5,73
5,74
5,75
5,76
5,77
5,79
5,80
5,81
5,82
5,84
5,85
5,90
5,91
5,102
5,110
5,112
5,113
5,116
5,117
5,118
5,119
5,120
5,127
5,129
5,135
5,136
5,140
5,143
5,144
5,145
5,146
5,154
5,160
5,163
5,167
5,168
5,171
5,172
5,174
5,175
5,179
5,184
5,186
5,189
5,196
5,197
5,198
6,7
6,8
6,9
6,10
6,11
6,12
6,13
6,14
6,15
6,16
6,17
6,18
6,19
6,20
6,21
6,22
6,23
6,24
6,25
6,26
6,27
6,28
6,29
6,30
6,31
6,32
6,33
6,34
6,35
6,36
6,37
6,38
6,39
6,40
6,41
6,42
6,43
6,44
6,45
6,46
6,47
6,48
6,49
6,50
6,51
6,52
6,53
6,54
6,55
6,56
6,57
6,58
6,59
6,60
6,61
6,62
6,63
6,64
6,65
6,66
6,67
6,68
6,69
6,70
6,71
6,72
6,73
6,74
6,75
6,76
6,77
6,79
6,80
6,81
6,82
6,84
6,85
6,90
6,91
6,102
6,110
6,112
6,113
6,116
6,117
6,118
6,119
6,120
6,127
6,129
6,135
6,136
6,140
6,143
6,144
6,145
6,146
6,154
6,160
6,163
6,167
6,168
6,171
6,172
6,174
6,175
6,179
6,184
6,186
6,189
6,196
6,197
6,198
7,8
7,9
7,10
7,11
7,12
7,13
7,14
7,15
7,16
7,17
7,18
7,19
7,20
7,21
7,22
7,23
7,24
7,25
7,26
7,27
7,28
7,29
7,30
7,31
7,32
7,33
7,34
7,35
7,36
7,37
7,38
7,39
7,40
7,41
7,42
7,43
7,44
7,45
7,46
7,47
7,48
7,49
7,50
7,51
7,52
7,53
7,54
7,55
7,56
7,57
7,58
7,59
7,60
7,61
7,62
7,63
7,64
7,65
7,66
7,67
7,68
7,69
7,70
7,71
7,72
7,73
7,74
7,75
7,76
7,77
7,79
7,80
7,81
7,82
7,84
7,85
7,90
7,91
7,102
7,110
7,112
7,113
7,116
7,117
7,118
7,119
7,120
7,127
7,129
7,135
7,136
7,140
7,143
7,144
7,145
7,146
7,154
7,160
7,163
7,167
7,168
7,171
7,172
7,174
7,175
7,179
7,184
7,186
7,189
7,196
7,197
7,198
8,9
8,10
8,11
8,12
8,13
8,14
8,15
8,16
8,17
8,18
8,19
8,20
8,21
8,22
8,23
8,24
8,25
8,26
8,27
8,28
8,29
8,30
8,31
8,32
8,33
8,34
8,35
8,36
8,37
8,38
8,39
8,40
8,41
8,42
8,43
8,44
8,45
8,46
8,47
8,48
8,49
8,50
8,51
8,52
8,53
8,54
8,55
8,56
8,57
8,58
8,59
8,60
8,61
8,62
8,63
8,64
8,65
8,66
8,67
8,68
8,69
8,70
8,71
8,72
8,73
8,74
8,75
8,76
8,77
8,79
8,80
8,81
8,82
8,84
8,85
8,90
8,91
8,102
8,110
8,112
8,113
8,116
8,117
8,118
8,119
8,120
8,127
8,129
8,135
8,136
8,140
8,143
8,144
8,145
8,146
8,154
8,160
8,163
8,165
8,167
8,168
8,171
8,172
8,174
8,175
8,179
8,181
8,184
8,186
8,189
8,196
8,197
8,198
9,10
9,11
9,12
9,13
9,14
9,15
9,16
9,17
9,18
9,19
9,20
9,21
9,22
9,23
9,24
9,25
9,26
9,27
9,28
9,29
9,30
9,31
9,32
9,33
9,34
9,35
9,36
9,37
9,38
9,39
9,40
9,41
9,42
9,43
9,44
9,45
9,46
9,47
9,48
9,49
9,50
9,51
9,52
9,53
9,54
9,55
9,56
9,57
9,58
9,59
9,60
9,61
9,62
9,63
9,64
9,65
9,66
9,67
9,68
9,69
9,70
9,71
9,72
9,73
9,74
9,75
9,76
9,77
9,79
9,80
9,81
9,82
9,84
9,85
9,90
9,91
9,102
9,110
9,112
9,113
9,116
9,117
9,118
9,119
9,120
9,127
9,128
9,129
9,135
9,136
9,140
9,143
9,144
9,145
9,146
9,154
9,160
9,163
9,167
9,168
9,171
9,172
9,174
9,175
9,179
9,184
9,186
9,189
9,196
9,197
9,198
10,11
10,12
10,13
10,14
10,15
10,16
10,17
10,18
10,19
10,20
10,21
10,22
10,23
10,24
10,25
10,26
10,27
10,28
10,29
10,30
10,31
10,32
10,33
10,34
10,35
10,36
10,37
10,38
10,39
10,40
10,41
10,42
10,43
10,44
10,45
10,46
10,47
10,48
10,49
10,50
10,51
10,52
10,53
10,54
10,55
10,56
10,57
10,58
10,59
10,60
10,61
10,62
10,63
10,64
10,65
10,66
10,67
10,68
10,69
10,70
10,71
10,72
10,73
10,74
10,75
10,76
10,77
11,12
11,13
11,14
11,15
11,16
11,17
11,18
11,19
11,20
11,21
11,22
11,23
11,24
11,25
11,26
11,27
11,28
11,29
11,30
11,31
11,32
11,33
11,34
11,35
11,36
11,37
11,38
11,39
11,40
11,41
11,42
11,43
11,44
11,45
11,46
11,47
11,48
11,49
11,50
11,51
11,52
11,53
11,54
11,55
11,56
11,57
11,58
11,59
11,60
11,61
11,62
11,63
11,64
11,65
11,66
11,67
11,68
11,69
11,70
11,71
11,72
11,73
11,74
11,75
11,76
11,77
11,111
11,114
11,115
11,128
11,129
11,142
11,145
11,147
11,153
11,158
11,159
11,161
11,163
11,168
11,171
11,172
11,173
11,174
11,176
11,177
11,179
11,180
11,181
11,187
11,189
11,190
11,192
11,194
11,199
12,13
12,14
12,15
12,16
12,17
12,18
12,19
12,20
12,21
12,22
12,23
12,24
12,25
12,26
12,27
12,28
12,29
12,30
12,31
12,32
12,33
12,34
12,35
12,36
12,37
12,38
12,39
12,40
12,41
12,42
12,43
12,44
12,45
12,46
12,47
12,48
12,49
12,50
12,51
12,52
12,53
12,54
12,55
12,56
12,57
12,58
12,59
12,60
12,61
12,62
12,63
12,64
12,65
12,66
12,67
12,68
12,69
12,70
12,71
12,72
12,73
12,74
12,75
12,76
12,77
12,79
12,80
12,81
12,82
12,84
12,85
12,90
12,91
12,102
12,106
12,107
12,109
12,110
12,111
12,112
12,113
12,114
12,115
12,116
12,117
12,118
12,119
12,120
12,122
12,124
12,125
12,126
12,127
12,128
12,129
12,133
12,135
12,136
12,139
12,140
12,141
12,143
12,144
12,145
12,146
12,147
12,148
12,149
12,150
12,151
12,152
12,154
12,155
12,156
12,157
12,159
12,160
12,162
12,163
12,164
12,165
12,166
12,167
12,168
12,169
12,171
12,172
12,174
12,175
12,177
12,179
12,181
12,182
12,183
12,184
12,186
12,187
12,188
12,189
12,193
12,194
12,195
12,196
12,197
12,198
13,14
13,15
13,16
13,17
13,18
13,19
13,20
13,21
13,22
13,23
13,24
13,25
13,26
13,27
13,28
13,29
13,30
13,31
13,32
13,33
13,34
13,35
13,36
13,37
13,38
13,39
13,40
13,41
13,42
13,43
13,44
13,45
13,46
13,47
13,48
13,49
13,50
13,51
13,52
13,53
13,54
13,55
13,56
13,57
13,58
13,59
13,60
13,61
13,62
13,63
13,64
13,65
13,66
13,67
13,68
13,69
13,70
13,71
13,72
13,73
13,74
13,75
13,76
13,77
13,95
13,101
13,103
13,104
13,106
13,107
13,109
13,111
13,112
13,115
13,122
13,124
13,125
13,126
13,127
13,128
13,132
13,136
13,137
13,138
13,139
13,140
13,141
13,142
13,143
13,147
13,148
13,149
13,150
13,151
13,153
13,155
13,157
13,158
13,159
13,160
13,161
13,162
13,163
13,164
13,165
13,166
13,167
13,168
13,169
13,170
13,171
13,172
13,174
13,175
13,176
13,179
13,180
13,181
13,182
13,183
13,184
13,187
13,188
13,190
13,191
13,193
13,194
14,15
14,16
14,17
14,18
14,19
14,20
14,21
14,22
14,23
14,24
14,25
14,26
14,27
14,28
14,29
14,30
14,31
14,32
14,33
14,34
14,35
14,36
14,37
14,38
14,39
14,40
14,41
14,42
14,43
14,44
14,45
14,46
14,47
14,48
14,49
14,50
14,51
14,52
14,53
14,54
14,55
14,56
14,57
14,58
14,59
14,60
14,61
14,62
14,63
14,64
14,65
14,66
14,67
14,68
14,69
14,70
14,71
14,72
14,73
14,74
14,75
14,76
14,77
14,79
14,80
14,81
14,82
14,84
14,85
14,90
14,91
14,102
14,110
14,112
14,113
14,116
14,117
14,118
14,119
14,120
14,127
14,129
14,135
14,136
14,140
14,143
14,144
14,145
14,146
14,154
14,160
14,163
14,167
14,168
14,171
14,172
14,174
14,175
14,179
14,184
14,186
14,189
14,196
14,197
14,198
15,16
15,17
15,18
15,19
15,20
15,21
15,22
15,23
15,24
15,25
15,26
15,27
15,28
15,29
15,30
15,31
15,32
15,33
15,34
15,35
15,36
15,37
15,38
15,39
15,40
15,41
15,42
15,43
15,44
15,45
15,46
15,47
15,48
15,49
15,50
15,51
15,52
15,53
15,54
15,55
15,56
15,57
15,58
15,59
15,60
15,61
15,62
15,63
15,64
15,65
15,66
15,67
15,68
15,69
15,70
15,71
15,72
15,73
15,74
15,75
15,76
15,77
15,79
15,80
15,81
15,82
15,84
15,85
15,90
15,91
15,102
15,109
15,110
15,111
15,112
15,113
15,114
15,116
15,117
15,118
15,119
15,120
15,122
15,124
15,126
15,127
15,129
15,130
15,132
15,134
15,135
15,136
15,139
15,140
15,141
15,143
15,144
15,145
15,146
15,147
15,148
15,149
15,150
15,151
15,153
15,154
15,156
15,157
15,158
15,160
15,162
15,163
15,164
15,165
15,166
15,167
15,168
15,169
15,170
15,171
15,172
15,174
15,175
15,179
15,180
15,182
15,183
15,184
15,186
15,187
15,188
15,189
15,190
15,191
15,193
15,194
15,195
15,196
15,197
15,198
16,17
16,18
16,19
16,20
16,21
16,22
16,23
16,24
16,25
16,26
16,27
16,28
16,29
16,30
16,31
16,32
16,33
16,34
16,35
16,36
16,37
16,38
16,39
16,40
16,41
16,42
16,43
16,44
16,45
16,46
16,47
16,48
16,49
16,50
16,51
16,52
16,53
16,54
16,55
16,56
16,57
16,58
16,59
16,60
16,61
16,62
16,63
16,64
16,65
16,66
16,67
16,68
16,69
16,70
16,71
16,72
16,73
16,74
16,75
16,76
16,77
16,101
16,106
16,107
16,109
16,111
16,115
16,122
16,123
16,124
16,125
16,127
16,129
16,132
16,133
16,134
16,135
16,136
16,138
16,139
16,140
16,141
16,142
16,144
16,145
16,146
16,147
16,148
16,149
16,150
16,151
16,152
16,153
16,155
16,156
16,159
16,160
16,161
16,163
16,164
16,165
16,167
16,168
16,170
16,171
16,176
17,18
17,19
17,20
17,21
17,22
17,23
17,24
17,25
17,26
17,27
17,28
17,29
17,30
17,31
17,32
17,33
17,34
17,35
17,36
17,37
17,38
17,39
17,40
17,41
17,42
17,43
17,44
17,45
17,46
17,47
17,48
17,49
17,50
17,51
17,52
17,53
17,54
17,55
17,56
17,57
17,58
17,59
17,60
17,61
17,62
17,63
17,64
17,65
17,66
17,67
17,68
17,69
17,70
17,71
17,72
17,73
17,74
17,75
17,76
17,77
17,79
17,80
17,81
17,82
17,84
17,85
17,90
17,91
17,102
17,105
17,106
17,107
17,110
17,112
17,113
17,114
17,115
17,116
17,117
17,118
17,119
17,120
17,122
17,123
17,124
17,125
17,126
17,127
17,128
17,129
17,130
17,131
17,132
17,133
17,134
17,135
17,136
17,138
17,139
17,140
17,141
17,142
17,143
17,144
17,145
17,146
17,154
17,160
17,163
17,167
17,168
17,171
17,172
17,174
17,175
17,179
17,184
17,186
17,189
17,196
17,197
17,198
18,19
18,20
18,21
18,22
18,23
18,24
18,25
18,26
18,27
18,28
18,29
18,30
18,31
18,32
18,33
18,34
18,35
18,36
18,37
18,38
18,39
18,40
18,41
18,42
18,43
18,44
18,45
18,46
18,47
18,48
18,49
18,50
18,51
18,52
18,53
18,54
18,55
18,56
18,57
18,58
18,59
18,60
18,61
18,62
18,63
18,64
18,65
18,66
18,67
18,68
18,69
18,70
18,71
18,72
18,73
18,74
18,75
18,76
18,77
18,79
18,80
18,81
18,82
18,84
18,85
18,90
18,91
18,102
18,110
18,112
18,113
18,116
18,117
18,118
18,119
18,120
18,127
18,129
18,135
18,136
18,140
18,143
18,144
18,145
18,146
18,154
18,160
18,163
18,167
18,168
18,171
18,172
18,174
18,175
18,179
18,184
18,186
18,189
18,196
18,197
18,198
19,20
19,21
19,22
19,23
19,24
19,25
19,26
19,27
19,28
19,29
19,30
19,31
19,32
19,33
19,34
19,35
19,36
19,37
19,38
19,39
19,40
19,41
19,42
19,43
19,44
19,45
19,46
19,47
19,48
19,49
19,50
19,51
19,52
19,53
19,54
19,55
19,56
19,57
19,58
19,59
19,60
19,61
19,62
19,63
19,64
19,65
19,66
19,67
19,68
19,69
19,70
19,71
19,72
19,73
19,74
19,75
19,76
19,77
19,99
19,100
19,101
19,103
19,104
19,105
19,106
19,107
19,111
19,112
19,114
19,115
19,118
19,119
19,121
19,122
19,123
19,125
19,126
19,127
19,130
19,132
19,134
19,135
19,136
19,137
19,140
19,141
19,144
19,145
19,146
19,147
19,149
19,152
19,155
19,157
19,160
19,161
19,162
19,164
19,167
19,168
19,169
19,170
19,172
19,176
19,177
19,179
19,182
19,183
19,186
19,188
19,193
19,194
19,195
19,199
20,21
20,22
20,23
20,24
20,25
20,26
20,27
20,28
20,29
20,30
20,31
20,32
20,33
20,34
20,35
20,36
20,37
20,38
20,39
20,40
20,41
20,42
20,43
20,44
20,45
20,46
20,47
20,48
20,49
20,50
20,51
20,52
20,53
20,54
20,55
20,56
20,57
20,58
20,59
20,60
20,61
20,62
20,63
20,64
20,65
20,66
20,67
20,68
20,69
20,70
20,71
20,72
20,73
20,74
20,75
20,76
20,77
20,95
20,96
20,98
20,99
20,100
20,101
20,103
20,104
20,105
20,108
20,111
20,112
20,114
20,115
20,118
20,119
20,121
20,124
20,125
20,126
20,127
20,128
20,129
20,130
20,131
20,132
20,133
20,134
20,136
20,138
20,139
20,140
20,143
20,144
20,145
20,146
20,148
20,149
20,150
20,151
20,152
20,153
20,155
20,156
20,159
20,160
20,161
20,162
20,164
20,165
20,167
20,168
21,22
21,23
21,24
21,25
21,26
21,27
21,28
21,29
21,30
21,31
21,32
21,33
21,34
21,35
21,36
21,37
21,38
21,39
21,40
21,41
21,42
21,43
21,44
21,45
21,46
21,47
21,48
21,49
21,50
21,51
21,52
21,53
21,54
21,55
21,56
21,57
21,58
21,59
21,60
21,61
21,62
21,63
21,64
21,65
21,66
21,67
21,68
21,69
21,70
21,71
21,72
21,73
21,74
21,75
21,76
21,77
21,79
21,80
21,81
21,82
21,84
21,85
21,90
21,91
21,97
21,98
21,99
21,100
21,102
21,105
21,107
21,108
21,110
21,111
21,112
21,113
21,114
21,115
21,116
21,117
21,118
21,119
21,120
21,121
21,122
21,124
21,126
21,127
21,128
21,129
21,130
21,131
21,132
21,133
21,134
21,135
21,136
21,138
21,139
21,140
21,141
21,142
21,143
21,144
21,145
21,146
21,149
21,150
21,152
21,154
21,155
21,156
21,158
21,159
21,160
21,161
21,162
21,163
21,164
21,166
21,167
21,168
21,169
21,171
21,172
21,173
21,174
21,175
21,178
21,179
21,181
21,182
21,183
21,184
21,186
21,188
21,189
21,190
21,191
21,193
21,194
21,196
21,197
21,198
21,199
22,23
22,24
22,25
22,26
22,27
22,28
22,29
22,30
22,31
22,32
22,33
22,34
22,35
22,36
22,37
22,38
22,39
22,40
22,41
22,42
22,43
22,44
22,45
22,46
22,47
22,48
22,49
22,50
22,51
22,52
22,53
22,54
22,55
22,56
22,57
22,58
22,59
22,60
22,61
22,62
22,63
22,64
22,65
22,66
22,67
22,68
22,69
22,70
22,71
22,72
22,73
22,74
22,75
22,76
22,77
22,98
22,99
22,103
22,104
22,105
22,106
22,107
22,108
22,109
22,111
22,112
22,116
22,117
22,118
22,119
22,121
22,124
22,128
22,129
22,130
23,24
23,25
23,26
23,27
23,28
23,29
23,30
23,31
23,32
23,33
23,34
23,35
23,36
23,37
23,38
23,39
23,40
23,41
23,42
23,43
23,44
23,45
23,46
23,47
23,48
23,49
23,50
23,51
23,52
23,53
23,54
23,55
23,56
23,57
23,58
23,59
23,60
23,61
23,62
23,63
23,64
23,65
23,66
23,67
23,68
23,69
23,70
23,71
23,72
23,73
23,74
23,75
23,76
23,77
23,96
24,25
24,26
24,27
24,28
24,29
24,30
24,31
24,32
24,33
24,34
24,35
24,36
24,37
24,38
24,39
24,40
24,41
24,42
24,43
24,44
24,45
24,46
24,47
24,48
24,49
24,50
24,51
24,52
24,53
24,54
24,55
24,56
24,57
24,58
24,59
24,60
24,61
24,62
24,63
24,64
24,65
24,66
24,67
24,68
24,69
24,70
24,71
24,72
24,73
24,74
24,75
24,76
24,77
25,26
25,27
25,28
25,29
25,30
25,31
25,32
25,33
25,34
25,35
25,36
25,37
25,38
25,39
25,40
25,41
25,42
25,43
25,44
25,45
25,46
25,47
25,48
25,49
25,50
25,51
25,52
25,53
25,54
25,55
25,56
25,57
25,58
25,59
25,60
25,61
25,62
25,63
25,64
25,65
25,66
25,67
25,68
25,69
25,70
25,71
25,72
25,73
25,74
25,75
25,76
25,77
25,79
25,80
25,81
25,82
25,84
25,85
25,90
25,91
25,102
25,110
25,112
25,113
25,116
25,117
25,118
25,119
25,120
25,127
25,129
25,135
25,136
25,140
25,143
25,144
25,145
25,146
25,154
25,160
25,163
25,167
25,168
25,171
25,172
25,174
25,175
25,179
25,184
25,186
25,189
25,196
25,197
25,198
26,27
26,28
26,29
26,30
26,31
26,32
26,33
26,34
26,35
26,36
26,37
26,38
26,39
26,40
26,41
26,42
26,43
26,44
26,45
26,46
26,47
26,48
26,49
26,50
26,51
26,52
26,53
26,54
26,55
26,56
26,57
26,58
26,59
26,60
26,61
26,62
26,63
26,64
26,65
26,66
26,67
26,68
26,69
26,70
26,71
26,72
26,73
26,74
26,75
26,76
26,77
26,98
26,99
26,100
26,101
26,103
26,104
26,105
26,106
26,107
26,108
26,109
26,111
26,114
26,115
26,116
26,117
26,118
26,121
26,122
26,124
26,125
26,126
26,130
26,131
26,132
26,135
26,138
26,143
26,145
26,148
26,149
26,151
26,152
26,153
26,155
26,158
26,159
26,160
26,161
26,162
26,164
26,167
26,168
26,169
26,170
26,172
26,177
26,178
26,180
26,182
26,183
26,185
26,186
26,188
26,189
26,192
26,193
26,199
27,28
27,29
27,30
27,31
27,32
27,33
27,34
27,35
27,36
27,37
27,38
27,39
27,40
27,41
27,42
27,43
27,44
27,45
27,46
27,47
27,48
27,49
27,50
27,51
27,52
27,53
27,54
27,55
27,56
27,57
27,58
27,59
27,60
27,61
27,62
27,63
27,64
27,65
27,66
27,67
27,68
27,69
27,70
27,71
27,72
27,73
27,74
27,75
27,76
27,77
27,79
27,80
27,81
27,82
27,84
27,85
27,90
27,91
27,102
27,110
27,112
27,113
27,116
27,117
27,118
27,119
27,120
27,127
27,129
27,135
27,136
27,140
27,143
27,144
27,145
27,146
27,154
27,160
27,163
27,167
27,168
27,171
27,172
27,174
27,175
27,179
27,184
27,186
27,189
27,196
27,197
27,198
28,29
28,30
28,31
28,32
28,33
28,34
28,35
28,36
28,37
28,38
28,39
28,40
28,41
28,42
28,43
28,44
28,45
28,46
28,47
28,48
28,49
28,50
28,51
28,52
28,53
28,54
28,55
28,56
28,57
28,58
28,59
28,60
28,61
28,62
28,63
28,64
28,65
28,66
28,67
28,68
28,69
28,70
28,71
28,72
28,73
28,74
28,75
28,76
28,77
28,79
28,80
28,81
28,82
28,84
28,85
28,90
28,91
28,102
28,110
28,112
28,113
28,116
28,117
28,118
28,119
28,120
28,127
28,129
28,135
28,136
28,140
28,141
28,143
28,144
28,145
28,146
28,148
28,149
28,151
28,154
28,155
28,156
28,158
28,160
28,163
28,164
28,166
28,167
28,168
28,171
28,172
28,174
28,175
28,179
28,184
28,186
28,189
28,196
28,197
28,198
29,30
29,31
29,32
29,33
29,34
29,35
29,36
29,37
29,38
29,39
29,40
29,41
29,42
29,43
29,44
29,45
29,46
29,47
29,48
29,49
29,50
29,51
29,52
29,53
29,54
29,55
29,56
29,57
29,58
29,59
29,60
29,61
29,62
29,63
29,64
29,65
29,66
29,67
29,68
29,69
29,70
29,71
29,72
29,73
29,74
29,75
29,76
29,77
29,92
29,98
29,99
29,100
29,104
29,105
29,106
29,108
29,109
29,110
29,115
29,118
29,121
29,124
29,125
29,126
29,127
29,129
29,130
30,31
30,32
30,33
30,34
30,35
30,36
30,37
30,38
30,39
30,40
30,41
30,42
30,43
30,44
30,45
30,46
30,47
30,48
30,49
30,50
30,51
30,52
30,53
30,54
30,55
30,56
30,57
30,58
30,59
30,60
30,61
30,62
30,63
30,64
30,65
30,66
30,67
30,68
30,69
30,70
30,71
30,72
30,73
30,74
30,75
30,76
30,77
31,32
31,33
31,34
31,35
31,36
31,37
31,38
31,39
31,40
31,41
31,42
31,43
31,44
31,45
31,46
31,47
31,48
31,49
31,50
31,51
31,52
31,53
31,54
31,55
31,56
31,57
31,58
31,59
31,60
31,61
31,62
31,63
31,64
31,65
31,66
31,67
31,68
31,69
31,70
31,71
31,72
31,73
31,74
31,75
31,76
31,77
31,79
31,80
31,81
31,82
31,84
31,85
31,90
31,91
31,102
31,110
31,112
31,113
31,116
31,117
31,118
31,119
31,120
31,127
31,129
31,135
31,136
31,140
31,143
31,144
31,145
31,146
31,154
31,160
31,163
31,167
31,168
31,171
31,172
31,174
31,175
31,179
31,184
31,186
31,189
31,196
31,197
31,198
32,33
32,34
32,35
32,36
32,37
32,38
32,39
32,40
32,41
32,42
32,43
32,44
32,45
32,46
32,47
32,48
32,49
32,50
32,51
32,52
32,53
32,54
32,55
32,56
32,57
32,58
32,59
32,60
32,61
32,62
32,63
32,64
32,65
32,66
32,67
32,68
32,69
32,70
32,71
32,72
32,73
32,74
32,75
32,76
32,77
32,100
32,105
32,111
32,113
32,114
32,115
32,116
32,118
32,119
32,120
32,122
32,123
32,124
32,125
32,126
32,128
32,130
32,131
32,132
32,133
32,134
32,137
32,139
32,141
32,146
32,147
32,148
32,151
32,152
32,153
32,155
32,156
32,157
32,158
32,160
32,161
32,165
32,166
32,167
32,168
32,170
32,173
32,180
32,188
32,191
33,34
33,35
33,36
33,37
33,38
33,39
33,40
33,41
33,42
33,43
33,44
33,45
33,46
33,47
33,48
33,49
33,50
33,51
33,52
33,53
33,54
33,55
33,56
33,57
33,58
33,59
33,60
33,61
33,62
33,63
33,64
33,65
33,66
33,67
33,68
33,69
33,70
33,71
33,72
33,73
33,74
33,75
33,76
33,77
33,79
33,80
33,81
33,82
33,84
33,85
33,90
33,91
33,101
33,102
33,104
33,105
33,107
33,109
33,110
33,112
33,113
33,116
33,117
33,118
33,119
33,120
33,126
33,127
33,128
33,129
33,130
33,131
33,132
33,135
33,136
33,137
33,138
33,140
33,142
33,143
33,144
33,145
33,146
33,148
33,151
33,152
33,154
33,155
33,157
33,158
33,159
33,160
33,161
33,162
33,163
33,164
33,166
33,167
33,168
33,169
33,170
33,171
33,172
33,173
33,174
33,175
33,177
33,179
33,180
33,182
33,183
33,184
33,185
33,186
33,187
33,188
33,189
33,196
33,197
33,198
34,35
34,36
34,37
34,38
34,39
34,40
34,41
34,42
34,43
34,44
34,45
34,46
34,47
34,48
34,49
34,50
34,51
34,52
34,53
34,54
34,55
34,56
34,57
34,58
34,59
34,60
34,61
34,62
34,63
34,64
34,65
34,66
34,67
34,68
34,69
34,70
34,71
34,72
34,73
34,74
34,75
34,76
34,77
34,79
34,80
34,81
34,82
34,84
34,85
34,90
34,91
34,99
34,100
34,101
34,102
34,104
34,106
34,107
34,108
34,109
34,110
34,112
34,113
34,114
34,115
34,116
34,117
34,118
34,119
34,120
34,122
34,123
34,124
34,125
34,127
34,128
34,129
34,130
34,131
34,132
34,133
34,134
34,135
34,136
34,138
34,140
34,141
34,142
34,143
34,144
34,145
34,146
34,147
34,148
34,151
34,152
34,153
34,154
34,155
34,157
34,158
34,160
34,161
34,163
34,164
34,166
34,167
34,168
34,169
34,171
34,172
34,173
34,174
34,175
34,179
34,180
34,181
34,183
34,184
34,185
34,186
34,187
34,189
34,191
34,192
34,195
34,196
34,197
34,198
35,36
35,37
35,38
35,39
35,40
35,41
35,42
35,43
35,44
35,45
35,46
35,47
35,48
35,49
35,50
35,51
35,52
35,53
35,54
35,55
35,56
35,57
35,58
35,59
35,60
35,61
35,62
35,63
35,64
35,65
35,66
35,67
35,68
35,69
35,70
35,71
35,72
35,73
35,74
35,75
35,76
35,77
36,37
36,38
36,39
36,40
36,41
36,42
36,43
36,44
36,45
36,46
36,47
36,48
36,49
36,50
36,51
36,52
36,53
36,54
36,55
36,56
36,57
36,58
36,59
36,60
36,61
36,62
36,63
36,64
36,65
36,66
36,67
36,68
36,69
36,70
36,71
36,72
36,73
36,74
36,75
36,76
36,77
36,79
36,80
36,81
36,82
36,84
36,85
36,90
36,91
36,98
36,99
36,101
36,102
36,103
36,104
36,107
36,109
36,110
36,112
36,113
36,115
36,116
36,117
36,118
36,119
36,120
36,121
36,123
36,124
36,127
36,129
36,130
36,131
36,133
36,134
36,135
36,136
36,139
36,140
36,142
36,143
36,144
36,145
36,146
36,152
36,153
36,154
36,157
36,158
36,159
36,160
36,162
36,163
36,164
36,165
36,166
36,167
36,168
36,169
36,171
36,172
36,173
36,174
36,175
36,179
36,184
36,186
36,189
36,196
36,197
36,198
37,38
37,39
37,40
37,41
37,42
37,43
37,44
37,45
37,46
37,47
37,48
37,49
37,50
37,51
37,52
37,53
37,54
37,55
37,56
37,57
37,58
37,59
37,60
37,61
37,62
37,63
37,64
37,65
37,66
37,67
37,68
37,69
37,70
37,71
37,72
37,73
37,74
37,75
37,76
37,77
37,79
37,80
37,81
37,82
37,84
37,85
37,90
37,91
37,102
37,110
37,112
37,113
37,116
37,117
37,118
37,119
37,120
37,127
37,129
37,135
37,136
37,140
37,143
37,144
37,145
37,146
37,154
37,160
37,163
37,167
37,168
37,171
37,172
37,174
37,175
37,179
37,184
37,186
37,189
37,196
37,197
37,198
38,39
38,40
38,41
38,42
38,43
38,44
38,45
38,46
38,47
38,48
38,49
38,50
38,51
38,52
38,53
38,54
38,55
38,56
38,57
38,58
38,59
38,60
38,61
38,62
38,63
38,64
38,65
38,66
38,67
38,68
38,69
38,70
38,71
38,72
38,73
38,74
38,75
38,76
38,77
39,40
39,41
39,42
39,43
39,44
39,45
39,46
39,47
39,48
39,49
39,50
39,51
39,52
39,53
39,54
39,55
39,56
39,57
39,58
39,59
39,60
39,61
39,62
39,63
39,64
39,65
39,66
39,67
39,68
39,69
39,70
39,71
39,72
39,73
39,74
39,75
39,76
39,77
39,79
39,80
39,81
39,82
39,84
39,85
39,90
39,91
39,102
39,110
39,112
39,113
39,116
39,117
39,118
39,119
39,120
39,127
39,129
39,135
39,136
39,140
39,143
39,144
39,145
39,146
39,154
39,160
39,163
39,167
39,168
39,171
39,172
39,174
39,175
39,179
39,184
39,186
39,189
39,196
39,197
39,198
40,41
40,42
40,43
40,44
40,45
40,46
40,47
40,48
40,49
40,50
40,51
40,52
40,53
40,54
40,55
40,56
40,57
40,58
40,59
40,60
40,61
40,62
40,63
40,64
40,65
40,66
40,67
40,68
40,69
40,70
40,71
40,72
40,73
40,74
40,75
40,76
40,77
40,79
40,80
40,81
40,82
40,84
40,85
40,90
40,91
40,102
40,110
40,112
40,113
40,116
40,117
40,118
40,119
40,120
40,127
40,129
40,135
40,136
40,140
40,143
40,144
40,145
40,146
40,154
40,160
40,163
40,167
40,168
40,171
40,172
40,174
40,175
40,179
40,184
40,186
40,189
40,196
40,197
40,198
41,42
41,43
41,44
41,45
41,46
41,47
41,48
41,49
41,50
41,51
41,52
41,53
41,54
41,55
41,56
41,57
41,58
41,59
41,60
41,61
41,62
41,63
41,64
41,65
41,66
41,67
41,68
41,69
41,70
41,71
41,72
41,73
41,74
41,75
41,76
41,77
41,79
41,80
41,81
41,82
41,84
41,85
41,90
41,91
41,102
41,110
41,112
41,113
41,116
41,117
41,118
41,119
41,120
41,127
41,129
41,135
41,136
41,140
41,143
41,144
41,145
41,146
41,154
41,160
41,163
41,167
41,168
41,171
41,172
41,174
41,175
41,179
41,184
41,186
41,189
41,196
41,197
41,198
42,43
42,44
42,45
42,46
42,47
42,48
42,49
42,50
42,51
42,52
42,53
42,54
42,55
42,56
42,57
42,58
42,59
42,60
42,61
42,62
42,63
42,64
42,65
42,66
42,67
42,68
42,69
42,70
42,71
42,72
42,73
42,74
42,75
42,76
42,77
43,44
43,45
43,46
43,47
43,48
43,49
43,50
43,51
43,52
43,53
43,54
43,55
43,56
43,57
43,58
43,59
43,60
43,61
43,62
43,63
43,64
43,65
43,66
43,67
43,68
43,69
43,70
43,71
43,72
43,73
43,74
43,75
43,76
43,77
43,105
43,106
43,107
43,108
43,109
43,119
43,120
43,123
43,124
43,130
43,131
43,132
43,136
43,137
43,138
43,142
43,147
43,148
43,149
43,152
43,157
43,158
43,159
43,161
43,162
43,171
43,174
43,175
43,177
43,180
43,181
43,191
44,45
44,46
44,47
44,48
44,49
44,50
44,51
44,52
44,53
44,54
44,55
44,56
44,57
44,58
44,59
44,60
44,61
44,62
44,63
44,64
44,65
44,66
44,67
44,68
44,69
44,70
44,71
44,72
44,73
44,74
44,75
44,76
44,77
44,97
44,99
44,100
44,103
44,104
44,106
44,107
44,108
44,109
44,112
44,117
44,119
44,120
44,121
44,122
44,123
44,125
44,127
44,128
44,130
44,131
45,46
45,47
45,48
45,49
45,50
45,51
45,52
45,53
45,54
45,55
45,56
45,57
45,58
45,59
45,60
45,61
45,62
45,63
45,64
45,65
45,66
45,67
45,68
45,69
45,70
45,71
45,72
45,73
45,74
45,75
45,76
45,77
45,79
45,80
45,81
45,82
45,84
45,85
45,90
45,91
45,99
45,100
45,102
45,103
45,104
45,105
45,108
45,109
45,110
45,111
45,112
45,113
45,114
45,116
45,117
45,118
45,119
45,120
45,121
45,123
45,124
45,126
45,127
45,128
45,129
45,132
45,135
45,136
45,137
45,138
45,140
45,142
45,143
45,144
45,145
45,146
45,148
45,149
45,150
45,152
45,153
45,154
45,156
45,157
45,158
45,159
45,160
45,162
45,163
45,164
45,165
45,167
45,168
45,169
45,170
45,171
45,172
45,173
45,174
45,175
45,178
45,179
45,180
45,181
45,182
45,183
45,184
45,186
45,188
45,189
45,191
45,192
45,193
45,196
45,197
45,198
46,47
46,48
46,49
46,50
46,51
46,52
46,53
46,54
46,55
46,56
46,57
46,58
46,59
46,60
46,61
46,62
46,63
46,64
46,65
46,66
46,67
46,68
46,69
46,70
46,71
46,72
46,73
46,74
46,75
46,76
46,77
46,79
46,80
46,81
46,82
46,84
46,85
46,90
46,91
46,102
46,110
46,112
46,113
46,116
46,117
46,118
46,119
46,120
46,124
46,125
46,126
46,127
46,128
46,129
46,131
46,132
46,133
46,134
46,135
46,136
46,137
46,140
46,143
46,144
46,145
46,146
46,154
46,160
46,163
46,167
46,168
46,171
46,172
46,174
46,175
46,179
46,184
46,186
46,189
46,196
46,197
46,198
47,48
47,49
47,50
47,51
47,52
47,53
47,54
47,55
47,56
47,57
47,58
47,59
47,60
47,61
47,62
47,63
47,64
47,65
47,66
47,67
47,68
47,69
47,70
47,71
47,72
47,73
47,74
47,75
47,76
47,77
47,79
47,80
47,81
47,82
47,84
47,85
47,90
47,91
47,102
47,105
47,106
47,107
47,108
47,109
47,110
47,112
47,113
47,114
47,115
47,116
47,117
47,118
47,119
47,120
47,122
47,123
47,124
47,125
47,126
47,127
47,128
47,129
47,130
47,131
47,135
47,136
47,140
47,143
47,144
47,145
47,146
47,154
47,160
47,163
47,167
47,168
47,171
47,172
47,174
47,175
47,179
47,184
47,186
47,189
47,196
47,197
47,198
48,49
48,50
48,51
48,52
48,53
48,54
48,55
48,56
48,57
48,58
48,59
48,60
48,61
48,62
48,63
48,64
48,65
48,66
48,67
48,68
48,69
48,70
48,71
48,72
48,73
48,74
48,75
48,76
48,77
49,50
49,51
49,52
49,53
49,54
49,55
49,56
49,57
49,58
49,59
49,60
49,61
49,62
49,63
49,64
49,65
49,66
49,67
49,68
49,69
49,70
49,71
49,72
49,73
49,74
49,75
49,76
49,77
50,51
50,52
50,53
50,54
50,55
50,56
50,57
50,58
50,59
50,60
50,61
50,62
50,63
50,64
50,65
50,66
50,67
50,68
50,69
50,70
50,71
50,72
50,73
50,74
50,75
50,76
50,77
50,107
50,108
50,109
50,111
50,112
50,114
50,115
50,118
50,119
50,120
50,121
50,122
50,123
50,125
51,52
51,53
51,54
51,55
51,56
51,57
51,58
51,59
51,60
51,61
51,62
51,63
51,64
51,65
51,66
51,67
51,68
51,69
51,70
51,71
51,72
51,73
51,74
51,75
51,76
51,77
51,79
51,80
51,81
51,82
51,84
51,85
51,90
51,91
51,102
51,110
51,112
51,113
51,116
51,117
51,118
51,119
51,120
51,127
51,129
51,135
51,136
51,140
51,143
51,144
51,145
51,146
51,154
51,160
51,163
51,167
51,168
51,171
51,172
51,174
51,175
51,179
51,184
51,186
51,189
51,196
51,197
51,198
52,53
52,54
52,55
52,56
52,57
52,58
52,59
52,60
52,61
52,62
52,63
52,64
52,65
52,66
52,67
52,68
52,69
52,70
52,71
52,72
52,73
52,74
52,75
52,76
52,77
52,79
52,80
52,81
52,82
52,84
52,85
52,90
52,91
52,102
52,110
52,112
52,113
52,116
52,117
52,118
52,119
52,120
52,127
52,129
52,135
52,136
52,140
52,143
52,144
52,145
52,146
52,154
52,160
52,163
52,167
52,168
52,171
52,172
52,174
52,175
52,179
52,184
52,186
52,189
52,196
52,197
52,198
53,54
53,55
53,56
53,57
53,58
53,59
53,60
53,61
53,62
53,63
53,64
53,65
53,66
53,67
53,68
53,69
53,70
53,71
53,72
53,73
53,74
53,75
53,76
53,77
54,55
54,56
54,57
54,58
54,59
54,60
54,61
54,62
54,63
54,64
54,65
54,66
54,67
54,68
54,69
54,70
54,71
54,72
54,73
54,74
54,75
54,76
54,77
54,106
54,108
54,109
54,111
54,112
54,114
54,122
54,123
54,124
54,125
54,126
54,127
54,129
54,131
54,133
54,134
54,135
54,136
54,137
54,139
54,144
54,154
54,156
54,157
54,160
54,161
54,169
55,56
55,57
55,58
55,59
55,60
55,61
55,62
55,63
55,64
55,65
55,66
55,67
55,68
55,69
55,70
55,71
55,72
55,73
55,74
55,75
55,76
55,77
55,91
55,96
55,98
55,99
55,100
55,103
55,104
55,106
55,107
55,108
55,109
55,111
55,112
55,113
55,114
55,117
55,118
55,119
55,120
55,121
55,122
55,126
55,127
55,128
55,130
55,131
55,132
55,133
55,134
55,135
55,136
55,137
55,139
55,143
55,144
55,148
55,150
55,151
55,153
55,154
55,157
55,158
55,159
55,160
55,161
55,162
55,165
55,169
55,173
55,177
55,181
55,182
55,190
55,194
56,57
56,58
56,59
56,60
56,61
56,62
56,63
56,64
56,65
56,66
56,67
56,68
56,69
56,70
56,71
56,72
56,73
56,74
56,75
56,76
56,77
56,91
56,93
56,95
56,96
56,97
56,98
56,99
56,100
56,103
56,104
56,105
56,106
56,107
56,108
56,109
56,110
56,111
56,112
56,113
56,114
56,115
56,116
56,118
56,119
56,120
56,123
56,125
56,126
56,128
56,129
56,131
56,132
56,133
56,134
56,135
56,136
56,137
56,138
56,139
56,142
56,143
56,144
56,150
56,151
56,153
56,154
56,157
56,158
56,159
56,160
56,161
56,162
56,165
56,166
56,167
56,169
56,171
56,173
56,181
56,182
56,185
56,190
56,193
56,194
56,195
56,197
57,58
57,59
57,60
57,61
57,62
57,63
57,64
57,65
57,66
57,67
57,68
57,69
57,70
57,71
57,72
57,73
57,74
57,75
57,76
57,77
58,59
58,60
58,61
58,62
58,63
58,64
58,65
58,66
58,67
58,68
58,69
58,70
58,71
58,72
58,73
58,74
58,75
58,76
58,77
58,79
58,80
58,81
58,82
58,84
58,85
58,90
58,91
58,102
58,110
58,112
58,113
58,116
58,117
58,118
58,119
58,120
58,126
58,127
58,129
58,132
58,134
58,135
58,136
58,139
58,140
58,141
58,143
58,144
58,145
58,146
58,148
58,149
58,151
58,154
58,156
58,157
58,158
58,159
58,160
58,161
58,163
58,167
58,168
58,171
58,172
58,174
58,175
58,179
58,184
58,186
58,189
58,196
58,197
58,198
59,60
59,61
59,62
59,63
59,64
59,65
59,66
59,67
59,68
59,69
59,70
59,71
59,72
59,73
59,74
59,75
59,76
59,77
60,61
60,62
60,63
60,64
60,65
60,66
60,67
60,68
60,69
60,70
60,71
60,72
60,73
60,74
60,75
60,76
60,77
61,62
61,63
61,64
61,65
61,66
61,67
61,68
61,69
61,70
61,71
61,72
61,73
61,74
61,75
61,76
61,77
61,116
61,117
62,63
62,64
62,65
62,66
62,67
62,68
62,69
62,70
62,71
62,72
62,73
62,74
62,75
62,76
62,77
62,79
62,80
62,81
62,82
62,84
62,85
62,90
62,91
62,102
62,107
62,108
62,109
62,110
62,111
62,112
62,113
62,115
62,116
62,117
62,118
62,119
62,120
62,122
62,123
62,125
62,127
62,129
62,130
62,131
62,135
62,136
62,140
62,143
62,144
62,145
62,146
62,154
62,160
62,163
62,167
62,168
62,171
62,172
62,174
62,175
62,179
62,184
62,186
62,189
62,196
62,197
62,198
63,64
63,65
63,66
63,67
63,68
63,69
63,70
63,71
63,72
63,73
63,74
63,75
63,76
63,77
63,94
63,95
63,96
63,97
63,98
63,102
63,103
63,104
63,105
63,106
63,107
63,108
63,109
63,110
63,112
63,113
63,114
63,115
63,116
63,117
63,118
63,120
63,121
63,122
63,123
63,124
63,125
63,127
63,128
63,130
63,131
63,132
63,135
63,136
63,139
63,147
63,149
63,151
63,153
63,156
63,159
63,160
63,162
64,65
64,66
64,67
64,68
64,69
64,70
64,71
64,72
64,73
64,74
64,75
64,76
64,77
65,66
65,67
65,68
65,69
65,70
65,71
65,72
65,73
65,74
65,75
65,76
65,77
65,99
65,100
65,101
65,104
65,107
65,108
65,109
65,110
65,112
65,113
65,114
65,115
66,67
66,68
66,69
66,70
66,71
66,72
66,73
66,74
66,75
66,76
66,77
66,97
66,98
66,99
66,100
66,101
66,105
66,106
66,109
66,111
66,112
66,113
66,114
66,115
66,118
66,119
66,120
66,121
66,122
66,124
66,125
66,126
66,127
66,128
66,130
66,133
66,134
66,138
66,139
66,141
66,142
66,143
66,147
66,149
66,152
66,153
66,156
66,158
66,164
66,165
66,166
66,167
66,169
66,171
66,180
66,181
66,185
67,68
67,69
67,70
67,71
67,72
67,73
67,74
67,75
67,76
67,77
67,93
67,94
67,95
67,96
67,97
67,98
67,99
67,100
67,101
67,102
67,103
67,105
67,106
67,107
67,109
67,110
67,112
67,113
67,114
67,115
67,116
67,118
67,119
67,120
67,122
67,123
67,126
68,69
68,70
68,71
68,72
68,73
68,74
68,75
68,76
68,77
68,79
68,80
68,81
68,82
68,84
68,85
68,90
68,91
68,99
68,100
68,101
68,102
68,103
68,104
68,105
68,106
68,108
68,109
68,110
68,112
68,113
68,116
68,117
68,118
68,119
68,120
68,122
68,123
68,124
68,125
68,126
68,127
68,128
68,129
68,130
68,131
68,133
68,134
68,135
68,136
68,138
68,140
68,141
68,142
68,143
68,144
68,145
68,146
68,148
68,149
68,151
68,154
68,160
68,163
68,167
68,168
68,171
68,172
68,174
68,175
68,179
68,184
68,186
68,189
68,196
68,197
68,198
69,70
69,71
69,72
69,73
69,74
69,75
69,76
69,77
69,79
69,80
69,81
69,82
69,84
69,85
69,90
69,91
69,99
69,100
69,101
69,102
69,103
69,104
69,106
69,108
69,109
69,110
69,112
69,113
69,114
69,116
69,117
69,118
69,119
69,120
69,122
69,123
69,124
69,125
69,127
69,129
69,135
69,136
69,140
69,143
69,144
69,145
69,146
69,154
69,160
69,163
69,167
69,168
69,171
69,172
69,174
69,175
69,179
69,184
69,186
69,189
69,196
69,197
69,198
70,71
70,72
70,73
70,74
70,75
70,76
70,77
70,79
70,80
70,81
70,82
70,84
70,85
70,90
70,91
70,102
70,110
70,112
70,113
70,116
70,117
70,118
70,119
70,120
70,127
70,129
70,135
70,136
70,140
70,143
70,144
70,145
70,146
70,154
70,160
70,163
70,167
70,168
70,171
70,172
70,174
70,175
70,179
70,184
70,186
70,189
70,196
70,197
70,198
71,72
71,73
71,74
71,75
71,76
71,77
72,73
72,74
72,75
72,76
72,77
72,97
72,101
72,103
72,104
72,105
72,108
72,110
72,111
72,112
72,113
72,115
72,116
72,117
72,118
72,120
72,121
72,122
72,128
72,129
72,130
72,158
72,159
72,160
72,161
72,165
72,167
72,169
72,173
72,181
72,193
72,195
73,74
73,75
73,76
73,77
73,79
73,80
73,81
73,82
73,84
73,85
73,90
73,91
73,102
73,105
73,106
73,107
73,108
73,109
73,110
73,111
73,112
73,113
73,114
73,115
73,116
73,117
73,118
73,119
73,120
73,123
73,127
73,128
73,129
73,131
73,133
73,134
73,135
73,136
73,140
73,143
73,144
73,145
73,146
73,154
73,160
73,163
73,167
73,168
73,171
73,172
73,174
73,175
73,179
73,184
73,186
73,189
73,196
73,197
73,198
74,75
74,76
74,79
74,80
74,81
74,82
74,84
74,85
74,90
74,91
74,102
74,110
74,112
74,113
74,116
74,117
74,118
74,119
74,120
74,127
74,129
74,135
74,136
74,140
74,143
74,144
74,145
74,146
74,154
74,160
74,163
74,167
74,168
74,171
74,172
74,174
74,175
74,179
74,184
74,186
74,189
74,196
74,197
74,198
75,76
75,77
76,77
76,79
76,80
76,81
76,82
76,84
76,85
76,90
76,91
76,102
76,110
76,112
76,113
76,116
76,117
76,118
76,119
76,120
76,127
76,129
76,135
76,136
76,140
76,143
76,144
76,145
76,146
76,154
76,160
76,163
76,167
76,168
76,171
76,172
76,174
76,175
76,179
76,184
76,186
76,189
76,196
76,197
76,198
78,100
78,103
78,104
78,105
78,106
78,107
78,108
78,109
78,110
78,111
78,112
79,80
79,81
79,82
79,84
79,85
79,90
79,91
79,101
79,102
79,104
79,105
79,106
79,107
79,109
79,110
79,112
79,113
79,115
79,116
79,117
79,118
79,119
79,120
79,121
79,123
79,124
79,126
79,127
79,128
79,129
79,130
79,133
79,134
79,135
79,136
79,138
79,139
79,140
79,141
79,142
79,143
79,144
79,145
79,146
79,148
79,154
79,155
79,160
79,163
79,167
79,168
79,171
79,172
79,174
79,175
79,179
79,184
79,186
79,189
79,196
79,197
79,198
80,81
80,82
80,84
80,85
80,90
80,91
80,94
80,95
80,98
80,99
80,101
80,102
80,103
80,104
80,106
80,107
80,108
80,109
80,110
80,112
80,113
80,114
80,115
80,116
80,117
80,118
80,119
80,120
80,121
80,123
80,124
80,126
80,127
80,129
80,130
80,132
80,133
80,135
80,136
80,138
80,139
80,140
80,141
80,142
80,143
80,144
80,145
80,146
80,149
80,154
80,155
80,156
80,160
80,163
80,167
80,168
80,171
80,172
80,173
80,174
80,175
80,179
80,184
80,186
80,189
80,196
80,197
80,198
81,82
81,84
81,85
81,90
81,91
81,96
81,98
81,99
81,101
81,102
81,104
81,106
81,107
81,108
81,109
81,110
81,112
81,113
81,115
81,116
81,117
81,118
81,119
81,120
81,121
81,122
81,123
81,124
81,125
81,127
81,128
81,129
81,132
81,133
81,135
81,136
81,138
81,139
81,140
81,141
81,142
81,143
81,144
81,145
81,146
81,148
81,149
81,150
81,154
81,160
81,163
81,167
81,168
81,171
81,172
81,174
81,175
81,179
81,184
81,186
81,189
81,196
81,197
81,198
82,84
82,85
82,90
82,91
82,101
82,102
82,103
82,105
82,106
82,107
82,108
82,109
82,110
82,111
82,112
82,113
82,114
82,115
82,116
82,117
82,118
82,119
82,120
82,122
82,123
82,124
82,125
82,126
82,127
82,128
82,129
82,131
82,132
82,133
82,134
82,135
82,136
82,140
82,143
82,144
82,145
82,146
82,154
82,160
82,163
82,167
82,168
82,171
82,172
82,174
82,175
82,179
82,184
82,186
82,189
82,196
82,197
82,198
83,92
83,94
83,95
83,97
83,98
83,99
83,100
83,101
83,102
83,103
83,106
83,107
83,108
83,111
84,85
84,90
84,91
84,99
84,100
84,101
84,102
84,103
84,104
84,105
84,110
84,112
84,113
84,116
84,117
84,118
84,119
84,120
84,127
84,129
84,135
84,136
84,140
84,143
84,144
84,145
84,146
84,154
84,160
84,163
84,167
84,168
84,171
84,172
84,174
84,175
84,179
84,184
84,186
84,189
84,196
84,197
84,198
85,89
85,90
85,91
85,95
85,96
85,97
85,98
85,99
85,100
85,102
85,103
85,108
85,109
85,110
85,112
85,113
85,114
85,115
85,116
85,117
85,118
85,119
85,120
85,123
85,125
85,127
85,129
85,131
85,132
85,135
85,136
85,137
85,140
85,143
85,144
85,145
85,146
85,148
85,149
85,150
85,153
85,154
85,155
85,156
85,160
85,162
85,163
85,164
85,165
85,167
85,168
85,171
85,172
85,174
85,175
85,179
85,184
85,186
85,189
85,196
85,197
85,198
87,94
87,95
87,97
87,98
87,100
87,101
87,102
87,103
87,106
87,108
87,109
87,110
87,111
87,112
87,113
87,114
87,115
87,122
87,123
87,126
87,130
87,131
87,132
87,137
87,140
87,141
87,142
87,147
87,148
87,150
87,153
87,155
88,89
88,95
88,97
88,101
88,104
88,105
88,107
88,108
89,92
89,93
89,94
89,95
89,96
89,97
89,98
89,99
89,102
89,104
89,105
89,106
89,107
89,108
89,109
89,111
89,112
89,113
89,114
89,115
89,116
89,118
89,122
89,124
89,127
89,130
89,131
89,132
89,133
89,136
89,137
89,138
89,140
89,141
89,142
89,144
89,147
89,149
89,151
89,152
89,153
89,158
89,159
89,161
89,162
90,91
90,93
90,95
90,97
90,99
90,100
90,101
90,102
90,103
90,104
90,105
90,106
90,107
90,108
90,109
90,110
90,112
90,113
90,116
90,117
90,118
90,119
90,120
90,121
90,122
90,123
90,125
90,126
90,127
90,128
90,129
90,130
90,131
90,132
90,134
90,135
90,136
90,137
90,138
90,140
90,143
90,144
90,145
90,146
90,154
90,160
90,163
90,167
90,168
90,171
90,172
90,174
90,175
90,179
90,184
90,186
90,189
90,196
90,197
90,198
91,93
91,102
91,110
91,112
91,113
91,116
91,117
91,118
91,119
91,120
91,127
91,129
91,135
91,136
91,140
91,143
91,144
91,145
91,146
91,154
91,160
91,163
91,167
91,168
91,171
91,172
91,174
91,175
91,179
91,184
91,186
91,189
91,196
91,197
91,198
92,93
92,94
92,97
92,98
92,100
92,101
92,102
92,103
92,104
92,105
92,106
92,107
92,108
92,109
92,110
92,111
92,113
92,114
92,115
92,121
92,122
92,123
92,125
92,126
92,128
92,129
92,130
92,132
92,133
92,134
92,137
92,138
92,141
92,149
92,150
92,153
92,155
92,156
92,159
92,161
93,94
93,95
93,96
93,99
93,100
94,95
94,96
94,97
94,98
94,99
94,100
94,101
94,102
94,103
94,104
94,105
94,106
95,96
95,97
95,98
95,99
95,101
95,102
95,103
95,104
95,105
95,107
95,108
95,111
95,112
95,113
95,116
95,117
95,118
95,121
95,122
95,125
95,126
95,128
95,129
95,130
95,132
95,133
95,134
95,136
95,138
95,143
95,148
95,149
95,150
95,151
95,153
95,155
95,156
95,158
95,159
95,165
95,171
95,175
95,177
96,98
96,99
97,99
97,100
97,101
97,102
97,103
97,107
97,108
97,109
97,110
97,111
97,112
97,113
98,99
98,100
98,101
98,102
99,100
99,101
99,105
99,107
99,108
99,109
99,110
99,111
99,112
99,113
99,114
99,116
99,122
99,124
99,125
99,126
99,128
99,129
99,130
99,132
99,133
99,134
99,136
99,137
99,140
99,144
99,148
99,149
99,150
99,152
99,154
99,155
99,158
99,162
99,164
99,173
99,175
99,181
99,187
99,194
99,195
100,101
100,103
100,104
100,106
100,107
100,108
100,109
100,110
100,111
100,113
100,114
100,117
100,118
100,120
100,121
100,122
100,123
100,124
100,125
100,126
100,127
100,128
100,129
100,130
100,131
100,132
100,133
100,134
100,135
100,136
100,137
100,140
100,141
100,142
100,143
100,144
100,147
100,149
100,150
100,151
100,152
100,153
100,155
100,156
100,158
100,159
100,162
100,165
100,171
100,173
100,175
100,177
100,181
100,183
100,185
100,187
100,191
100,193
100,194
100,195
100,197
101,102
101,104
101,105
101,106
101,110
101,112
101,113
101,116
101,117
101,118
101,119
101,120
101,121
101,122
101,123
101,124
101,125
101,127
101,128
101,129
101,130
101,131
101,132
101,133
101,134
101,135
101,136
101,137
101,140
101,141
101,142
101,143
102,110
102,112
102,113
102,116
102,117
102,118
102,119
102,120
102,127
102,129
102,135
102,136
102,140
102,143
102,144
102,145
102,146
102,154
102,160
102,163
102,167
102,168
102,171
102,172
102,174
102,175
102,179
102,184
102,186
102,189
102,196
102,197
102,198
103,106
103,107
103,108
103,109
103,110
103,111
103,113
103,114
103,116
103,117
103,118
103,121
103,122
104,105
104,106
104,107
104,108
104,109
104,110
104,111
104,113
104,114
104,115
104,119
104,121
104,122
104,124
104,125
104,127
104,128
104,135
104,136
104,137
104,138
104,139
104,140
104,143
104,144
104,145
104,148
104,149
104,150
104,152
104,153
104,155
105,106
105,107
105,108
105,109
106,107
106,108
106,112
106,114
106,115
106,116
106,120
106,121
106,123
106,125
106,129
106,134
106,135
106,136
106,137
106,138
106,139
106,140
106,141
106,142
106,143
106,144
106,145
106,148
106,149
106,150
106,151
106,152
106,153
106,154
106,155
106,156
106,157
106,159
106,161
106,162
106,164
106,165
106,173
106,175
106,183
106,185
106,187
106,189
106,191
106,199
107,108
107,112
107,113
107,114
107,115
107,116
107,118
107,123
107,124
107,125
107,128
107,129
107,130
107,131
107,132
107,133
107,134
107,135
107,136
107,138
107,139
107,141
107,142
107,144
107,145
107,147
107,149
107,150
107,151
107,153
107,154
107,155
107,156
107,157
107,158
107,160
107,161
107,162
107,165
107,169
107,171
107,173
107,175
107,181
107,183
107,185
107,189
107,190
107,191
107,193
107,195
108,109
108,110
108,114
108,115
108,118
108,119
108,120
108,121
108,123
108,124
108,125
108,129
108,130
108,131
108,133
108,134
108,135
108,136
108,137
108,138
108,142
108,143
108,144
108,145
108,146
108,147
108,148
108,149
108,150
108,151
108,152
108,154
109,113
109,114
109,115
109,116
109,117
109,118
109,119
109,120
109,121
109,123
109,124
109,125
109,126
109,127
109,128
109,129
109,130
109,131
109,132
109,133
109,134
109,135
109,136
109,137
109,141
109,142
109,143
109,144
109,146
109,148
109,149
109,150
109,151
109,152
109,153
109,154
109,156
109,157
109,160
109,161
109,164
109,165
109,167
109,169
109,170
109,171
109,172
109,173
109,176
109,181
109,183
109,185
109,187
109,190
109,191
109,192
109,195
109,199
110,111
110,112
110,113
110,114
110,115
110,116
110,117
110,118
110,119
110,120
110,122
110,124
110,127
110,129
110,135
110,136
110,140
110,143
110,144
110,145
110,146
110,154
110,160
110,163
110,167
110,168
110,171
110,172
110,174
110,175
110,179
110,184
110,186
110,189
110,196
110,197
110,198
111,112
111,113
111,114
111,115
111,116
111,117
111,121
111,122
111,123
111,124
111,125
111,126
111,127
111,128
111,130
111,132
111,134
111,136
111,137
111,138
111,140
111,141
111,143
111,144
111,145
111,149
111,151
111,152
111,153
111,154
111,156
111,157
111,158
111,159
111,160
111,161
111,162
111,164
111,165
111,166
111,167
111,168
111,169
111,170
111,171
111,173
111,175
111,176
111,178
111,180
111,183
111,185
111,187
111,188
111,192
111,194
111,195
111,198
111,199
112,113
112,114
112,116
112,117
112,118
112,119
112,120
112,121
112,122
112,123
112,124
112,126
112,127
112,128
112,129
112,130
112,131
112,135
112,136
112,137
112,138
112,140
112,141
112,142
112,143
112,144
112,145
112,146
112,148
112,150
112,151
112,152
112,154
112,155
112,156
112,157
112,158
112,160
112,161
112,162
112,163
112,164
112,165
112,166
112,167
112,168
112,169
112,170
112,171
112,172
112,173
112,174
112,175
112,176
112,177
112,178
112,179
112,180
112,183
112,184
112,186
112,187
112,189
112,192
112,193
112,194
112,196
112,197
112,198
112,199
113,115
113,116
113,117
113,118
113,119
113,120
113,122
113,123
113,124
113,126
113,127
113,128
113,129
113,130
113,131
113,133
113,134
113,135
113,136
113,137
113,138
113,140
113,143
113,144
113,145
113,146
113,154
113,160
113,163
113,167
113,168
113,171
113,172
113,174
113,175
113,179
113,184
113,186
113,189
113,196
113,197
113,198
114,115
114,117
114,120
114,121
114,122
114,123
114,125
114,128
114,129
114,130
114,131
114,132
114,134
114,135
114,136
114,137
114,138
114,139
114,140
114,144
114,145
114,147
114,149
114,150
114,151
114,152
114,155
114,156
114,157
114,160
114,162
114,165
114,167
114,168
114,169
114,170
114,171
114,173
114,176
114,177
114,178
114,179
114,180
114,182
114,183
114,185
114,187
114,189
114,190
114,196
114,197
114,198
115,116
115,117
115,119
115,120
115,121
115,126
115,128
115,129
115,130
115,131
115,133
115,134
115,135
115,137
115,138
115,139
115,140
115,143
115,144
115,145
115,146
115,147
115,148
115,149
115,150
115,151
115,152
115,153
115,154
115,155
115,156
115,157
115,158
115,159
115,160
115,161
115,162
115,163
115,165
115,166
115,167
115,168
115,169
116,117
116,118
116,119
116,120
116,122
116,124
116,125
116,126
116,127
116,128
116,129
116,135
116,136
116,140
116,143
116,144
116,145
116,146
116,154
116,160
116,163
116,167
116,168
116,171
116,172
116,174
116,175
116,179
116,184
116,186
116,189
116,196
116,197
116,198
117,118
117,119
117,120
117,121
117,122
117,124
117,126
117,127
117,128
117,129
117,130
117,132
117,133
117,134
117,135
117,136
117,138
117,139
117,140
117,141
117,142
117,143
117,144
117,145
117,146
117,148
117,149
117,150
117,151
117,152
117,154
117,160
117,163
117,167
117,168
117,171
117,172
117,174
117,175
117,179
117,184
117,186
117,189
117,196
117,197
117,198
118,119
118,120
118,121
118,122
118,123
118,124
118,126
118,127
118,129
118,131
118,132
118,133
118,135
118,136
118,137
118,138
118,139
118,140
118,141
118,142
118,143
118,144
118,145
118,146
118,147
118,148
118,149
118,150
118,151
118,152
118,153
118,154
118,155
118,156
118,158
118,159
118,160
118,163
118,164
118,165
118,166
118,167
118,168
118,169
118,171
118,172
118,173
118,174
118,175
118,176
118,178
118,179
118,181
118,182
118,183
118,184
118,185
118,186
118,189
118,190
118,191
118,196
118,197
118,198
119,120
119,121
119,122
119,123
119,124
119,126
119,127
119,128
119,129
119,130
119,132
119,133
119,134
119,135
119,136
119,137
119,138
119,140
119,143
119,144
119,145
119,146
119,154
119,160
119,163
119,167
119,168
119,171
119,172
119,174
119,175
119,179
119,184
119,186
119,189
119,196
119,197
119,198
120,121
120,123
120,124
120,125
120,126
120,127
120,128
120,129
120,130
120,131
120,132
120,133
120,135
120,136
120,138
120,139
120,140
120,141
120,143
120,144
120,145
120,146
120,149
120,150
120,152
120,154
120,160
120,163
120,167
120,168
120,171
120,172
120,174
120,175
120,179
120,184
120,186
120,189
120,196
120,197
120,198
121,122
121,124
121,125
121,126
121,130
121,131
121,132
121,133
121,134
121,135
121,136
121,137
121,138
121,139
121,141
121,142
121,144
121,146
121,147
122,123
122,124
122,125
122,126
122,127
122,128
122,129
122,130
122,131
122,132
122,133
122,134
122,135
122,136
122,137
122,138
122,140
122,143
122,144
122,146
122,147
122,148
122,149
122,150
122,151
122,152
122,157
122,163
122,164
122,165
122,168
122,169
122,175
122,176
122,177
122,178
122,181
122,185
122,187
122,189
122,193
122,194
122,195
122,196
122,197
123,124
123,125
123,126
123,127
123,128
123,130
123,132
123,133
123,134
123,135
123,136
123,137
123,138
123,139
123,141
123,142
123,143
123,144
123,146
123,147
123,148
123,149
123,150
123,151
123,152
123,153
123,155
123,156
123,157
123,158
123,159
123,160
123,161
123,162
123,163
123,164
124,125
124,126
124,127
124,129
124,130
124,133
124,134
124,135
124,136
124,137
124,138
124,139
124,140
124,141
124,142
124,144
124,145
124,147
124,148
124,151
124,154
124,155
124,156
124,158
124,159
124,165
124,166
124,167
124,169
124,173
124,175
124,176
124,177
124,179
124,181
124,182
124,183
124,184
124,187
124,188
124,189
124,190
124,191
124,192
124,194
124,196
124,197
124,198
125,126
125,127
125,128
125,129
125,130
125,131
125,132
125,133
125,135
125,136
125,137
125,139
125,140
125,141
125,142
125,143
125,144
125,145
125,146
125,147
125,148
125,149
125,150
125,151
125,152
125,154
125,155
125,156
125,157
125,158
125,159
125,160
125,161
125,162
125,163
125,164
125,165
125,166
125,168
125,169
125,170
125,171
125,175
125,177
125,178
125,179
125,181
125,182
125,183
125,184
125,185
125,186
125,187
125,188
125,189
125,190
125,191
125,192
126,128
126,129
126,130
126,131
126,132
126,133
126,134
126,135
126,136
126,137
126,138
126,139
126,140
126,141
126,142
127,128
127,129
127,132
127,133
127,134
127,135
127,136
127,137
127,138
127,139
127,140
127,142
127,143
127,144
127,145
127,146
127,148
127,149
127,150
127,151
127,154
127,155
127,156
127,157
127,160
127,161
127,162
127,163
127,165
127,166
127,167
127,168
127,169
127,171
127,172
127,174
127,175
127,176
127,177
127,178
127,179
127,180
127,181
127,182
127,183
127,184
127,185
127,186
127,187
127,188
127,189
127,190
127,191
127,196
127,197
127,198
127,199
128,129
128,130
128,131
128,132
128,134
128,135
128,136
128,137
128,138
128,139
128,140
128,141
128,142
128,143
128,144
128,145
128,147
128,148
128,149
128,150
128,151
128,153
128,155
128,156
128,157
128,160
128,162
128,164
128,165
128,166
128,167
128,168
128,169
128,170
128,171
128,172
128,173
128,175
128,176
128,177
128,178
128,179
128,180
128,181
128,182
128,183
128,184
128,185
128,186
128,187
128,190
128,191
128,193
128,194
128,195
128,196
128,198
128,199
129,131
129,132
129,133
129,134
129,135
129,136
129,137
129,138
129,139
129,140
129,141
129,142
129,143
129,144
129,145
129,146
129,149
129,150
129,153
129,154
129,155
129,156
129,157
129,159
129,160
129,161
129,163
129,164
129,165
129,166
129,167
129,168
129,170
129,171
129,172
129,174
129,175
129,176
129,177
129,178
129,179
129,181
129,182
129,184
129,185
129,186
129,187
129,189
129,190
129,193
129,196
129,197
129,198
130,131
130,132
130,133
130,134
130,135
130,136
130,137
130,138
130,139
130,140
131,132
131,134
132,133
132,134
132,137
132,138
132,140
132,141
132,142
132,145
132,148
132,150
132,151
132,152
132,153
132,154
132,155
132,157
132,159
132,161
132,162
132,163
132,164
132,169
132,170
132,172
132,173
132,174
132,176
132,177
132,178
132,179
132,180
132,181
132,183
132,184
132,185
132,187
132,188
132,189
132,190
132,191
132,193
132,197
132,198
132,199
133,134
133,135
133,137
133,138
133,140
133,141
133,142
133,143
133,144
133,145
133,146
133,147
133,148
133,151
133,152
133,155
133,156
133,157
133,158
133,159
133,162
133,163
133,168
133,170
133,172
133,174
133,175
133,176
133,177
133,178
133,179
133,180
133,181
133,182
133,183
133,185
133,186
133,187
133,188
133,189
133,190
133,193
133,197
133,198
133,199
134,136
134,137
134,138
134,140
134,141
134,142
134,143
134,144
134,145
134,146
134,147
134,148
134,150
134,151
134,152
134,156
134,157
134,158
134,160
134,162
134,163
134,164
134,167
134,168
134,169
134,170
134,171
134,172
135,136
135,137
135,138
135,139
135,140
135,141
135,142
135,143
135,144
135,145
135,146
135,154
135,160
135,163
135,167
135,168
135,171
135,172
135,174
135,175
135,179
135,184
135,186
135,189
135,196
135,197
135,198
136,140
136,143
136,144
136,145
136,146
136,148
136,150
136,151
136,152
136,153
136,154
136,156
136,157
136,158
136,160
136,163
136,164
136,165
136,167
136,168
136,170
136,171
136,172
136,173
136,174
136,175
136,176
136,177
136,178
136,179
136,183
136,184
136,186
136,189
136,191
136,192
136,195
136,196
136,197
136,198
137,140
137,141
137,142
137,143
137,146
137,147
137,148
137,149
137,150
137,151
137,152
137,153
137,154
137,157
137,158
137,159
137,161
137,162
137,163
137,165
137,166
137,169
137,170
137,172
137,174
137,175
137,176
137,177
137,178
137,180
137,181
137,182
137,183
137,184
137,185
137,186
137,188
137,189
137,190
137,191
137,192
137,193
137,194
137,199
138,140
138,143
138,144
138,145
138,146
138,148
138,150
138,152
138,154
138,155
138,156
138,157
138,158
138,159
139,142
139,143
139,144
139,145
139,146
139,148
139,150
139,152
139,154
139,155
139,156
139,158
139,159
139,161
139,162
139,163
139,165
139,166
139,167
139,168
139,169
139,170
139,172
139,173
139,174
139,175
139,176
139,177
139,178
139,179
139,180
139,181
139,182
139,183
139,184
139,185
139,186
139,187
139,188
139,189
140,142
140,143
140,144
140,145
140,146
140,148
140,149
140,151
140,152
140,153
140,154
140,155
140,158
140,160
140,161
140,162
140,163
140,165
140,166
140,167
140,168
140,169
140,170
140,171
140,172
140,174
140,175
140,176
140,177
140,178
140,179
140,184
140,186
140,189
140,196
140,197
140,198
141,142
141,143
141,146
141,148
141,149
141,150
141,151
141,153
141,154
141,155
141,156
141,157
141,158
141,159
141,160
141,161
141,163
141,164
141,165
141,166
141,168
141,169
141,170
141,171
141,172
141,173
141,175
141,176
141,177
141,178
141,181
141,183
141,185
141,186
141,188
141,196
141,198
141,199
142,143
142,145
142,146
142,147
142,148
142,151
142,152
142,153
142,155
142,156
142,157
142,160
142,162
142,163
142,164
142,165
142,166
142,167
142,168
142,169
142,171
142,172
142,173
142,174
142,175
142,177
142,179
142,180
142,181
142,182
142,184
142,185
142,186
142,187
142,188
142,189
142,195
142,196
142,197
142,198
142,199
143,144
143,145
143,146
143,151
143,152
143,154
143,155
143,157
143,160
143,163
143,167
143,168
143,171
143,172
143,174
143,175
143,179
143,184
143,186
143,189
143,196
143,197
143,198
144,145
144,146
144,147
144,149
144,150
144,151
144,152
144,153
144,154
144,155
144,156
144,157
144,158
144,159
144,160
144,161
144,163
144,164
144,165
144,166
144,167
144,168
144,169
144,170
144,171
144,172
144,174
144,175
144,176
144,177
144,178
144,179
144,183
144,184
144,185
144,186
144,189
144,193
144,195
144,196
144,197
144,198
144,199
145,146
145,147
145,149
145,150
145,151
145,152
145,153
145,154
145,155
145,156
145,157
145,159
145,160
145,163
145,167
145,168
145,171
145,172
145,174
145,175
145,179
145,184
145,186
145,189
145,196
145,197
145,198
146,148
146,150
146,152
146,154
146,155
146,156
146,157
146,158
146,159
146,160
146,161
146,162
146,163
146,164
146,165
146,167
146,168
146,171
146,172
146,173
146,174
146,175
146,177
146,178
146,179
146,182
146,184
146,185
146,186
146,187
146,189
146,191
146,192
146,193
146,194
146,195
146,196
146,197
146,198
146,199
147,148
147,149
147,150
147,151
147,152
147,153
147,156
147,157
147,158
147,159
147,161
147,162
147,163
147,164
147,165
147,166
147,167
147,168
147,172
147,173
147,174
147,175
147,176
147,177
147,178
147,179
147,180
147,182
147,184
147,185
147,187
147,188
147,190
147,191
147,192
147,193
147,195
148,149
148,150
148,151
148,152
148,153
148,155
148,156
148,157
148,158
148,159
148,160
148,162
148,163
148,164
148,165
148,166
148,168
148,169
148,170
148,171
148,172
148,173
148,174
148,177
148,178
148,179
148,180
148,181
148,182
148,184
149,150
149,151
149,152
149,153
149,154
149,155
149,157
149,158
149,159
149,160
149,162
149,163
149,164
149,165
149,167
149,168
149,169
149,172
149,173
149,174
149,175
150,152
150,153
150,155
150,156
150,158
150,159
150,161
150,162
150,163
150,164
150,165
150,166
150,167
150,168
150,169
150,170
150,171
151,152
151,154
151,155
151,156
151,157
151,158
151,159
151,160
151,161
151,162
151,164
151,165
151,166
151,167
151,168
151,169
151,171
151,172
151,173
151,174
151,175
151,176
151,178
151,181
151,182
151,183
151,184
151,185
151,187
152,153
152,154
152,155
152,156
152,157
152,158
152,159
152,160
152,161
152,162
152,163
152,164
152,165
152,167
152,168
152,169
152,171
152,172
152,174
152,176
152,177
152,178
152,180
152,181
152,182
153,155
153,156
153,157
153,158
153,159
153,161
154,155
154,158
154,159
154,160
154,161
154,162
154,163
154,167
154,168
154,170
154,171
154,172
154,173
154,174
154,175
154,176
154,178
154,179
154,180
154,182
154,184
154,186
154,189
154,194
154,196
154,197
154,198
155,157
155,158
155,159
155,161
155,162
155,164
155,165
155,166
155,167
156,157
156,158
156,160
156,161
156,162
156,163
156,164
156,165
156,166
156,167
156,169
156,176
156,177
156,178
156,180
156,181
156,182
156,184
156,185
157,158
157,159
157,160
157,161
157,162
157,163
157,164
157,165
157,166
157,167
157,169
157,170
157,171
157,173
157,174
157,175
157,176
157,177
157,181
157,182
157,184
157,185
157,186
157,187
157,193
157,194
157,199
158,159
158,161
158,162
158,163
158,166
158,167
158,169
158,170
158,172
158,173
158,174
158,177
158,179
158,180
158,182
158,183
158,185
158,187
158,188
158,189
158,192
158,193
158,194
158,195
158,196
158,198
158,199
159,160
159,161
159,162
159,163
159,164
159,165
159,166
159,167
159,168
159,169
159,170
159,172
159,173
159,174
159,175
159,176
159,177
159,178
159,179
159,180
159,181
159,182
159,183
159,185
159,186
159,187
159,188
159,189
159,190
159,192
159,193
159,194
159,195
159,196
159,198
159,199
160,161
160,162
160,163
160,164
160,166
160,167
160,168
160,169
160,170
160,171
160,172
160,173
160,174
160,175
160,177
160,178
160,179
160,180
160,181
160,182
160,183
160,184
160,186
160,187
160,188
160,189
160,190
160,193
160,194
160,195
160,196
160,197
160,198
160,199
161,162
161,163
161,164
161,165
161,166
161,167
161,168
161,169
161,170
161,171
161,173
161,174
161,175
161,176
161,177
161,178
161,180
161,181
161,182
161,183
161,184
161,185
161,186
161,187
161,188
161,189
161,190
161,191
161,192
161,193
161,194
161,195
161,196
161,198
161,199
162,164
162,165
162,167
162,168
162,169
162,170
162,171
162,173
162,176
162,178
162,179
162,182
162,183
162,184
162,185
162,186
162,187
162,188
162,189
162,190
162,191
162,192
162,193
162,194
162,195
162,198
162,199
163,165
163,166
163,167
163,168
163,169
163,170
163,171
163,172
163,173
163,174
163,175
163,178
163,179
163,180
163,181
163,183
163,184
163,186
163,189
163,196
163,197
163,198
164,165
164,167
164,170
164,171
164,172
164,176
164,177
164,178
164,180
164,181
164,182
164,183
164,184
164,185
164,186
164,187
164,188
164,190
164,191
164,193
164,194
164,195
164,196
164,197
164,198
165,166
165,167
165,168
165,169
165,170
165,172
165,174
165,175
165,176
165,177
165,178
165,180
165,181
165,182
165,183
165,185
165,187
165,188
165,189
165,190
165,191
165,192
165,193
165,194
165,195
165,196
165,197
165,198
165,199
166,167
166,168
166,169
166,170
166,171
166,172
166,173
166,174
166,175
166,176
166,177
166,178
166,180
166,181
166,182
166,183
166,184
166,185
166,186
166,187
166,188
166,189
166,190
166,191
166,192
166,193
166,194
166,195
166,196
166,197
167,168
167,169
167,170
167,171
167,172
167,174
167,175
167,176
167,177
167,178
167,179
167,181
167,184
167,186
167,189
167,196
167,197
167,198
168,170
168,171
168,172
168,173
168,174
168,175
168,176
168,177
168,179
168,184
168,186
168,189
168,196
168,197
168,198
169,170
169,171
169,172
169,173
169,174
169,177
169,178
169,180
169,182
169,185
170,171
170,172
170,173
170,174
170,175
170,176
170,177
170,178
171,172
171,174
171,175
171,176
171,177
171,178
171,179
171,180
171,181
171,182
171,184
171,186
171,187
171,188
171,189
171,190
171,191
171,192
171,194
171,195
171,196
171,197
171,198
172,173
172,174
172,175
172,176
172,177
172,179
172,182
172,183
172,184
172,185
172,186
172,187
172,188
172,189
172,191
172,192
172,194
172,195
172,196
172,197
172,198
173,175
173,176
173,177
173,179
173,180
173,181
173,182
173,183
173,185
173,187
173,188
173,189
173,191
173,192
173,194
173,195
173,197
174,175
174,176
174,177
174,178
174,179
174,180
174,182
174,183
174,184
174,186
174,187
174,188
174,189
174,190
174,191
174,192
174,193
174,194
174,195
174,196
174,197
174,198
175,177
175,178
175,179
175,180
175,182
175,184
175,185
175,186
175,187
175,189
175,190
175,191
175,192
175,193
175,194
175,195
175,196
175,197
175,198
175,199
176,178
176,180
176,181
176,185
176,187
176,188
176,189
176,190
176,191
176,192
176,193
176,196
176,198
176,199
177,178
177,179
177,181
177,182
177,183
177,188
177,189
177,190
177,191
177,192
177,193
177,194
177,196
177,197
177,199
178,179
179,181
179,182
179,183
179,184
179,185
179,186
179,187
179,188
179,189
179,190
179,191
179,192
179,193
179,195
179,196
179,197
179,198
180,181
180,182
180,183
180,186
180,187
180,188
180,189
180,190
180,191
180,192
180,193
180,194
180,195
180,196
180,198
180,199
181,183
181,184
181,185
181,186
181,187
181,188
181,192
181,193
181,195
181,196
181,197
181,198
181,199
182,184
182,185
182,186
182,188
182,189
182,191
182,193
182,194
182,195
182,196
182,197
182,198
182,199
183,185
183,186
183,188
183,191
183,192
183,193
183,194
183,195
183,196
183,197
183,198
184,186
184,187
184,188
184,189
184,191
184,192
184,193
184,194
184,195
184,196
184,197
184,198
185,186
185,188
185,189
185,192
185,193
185,194
185,195
185,197
185,198
186,187
186,189
186,190
186,191
186,195
186,196
186,197
186,198
186,199
187,188
187,189
187,190
187,191
187,192
187,193
187,194
187,195
187,196
187,197
187,198
187,199
188,190
188,191
188,192
188,193
188,194
188,195
188,196
188,197
188,198
188,199
189,190
189,191
189,192
189,193
189,194
189,195
189,196
189,197
189,198
190,191
190,193
190,194
190,195
190,196
190,197
190,198
192,196
192,198
192,199
193,195
193,196
193,197
193,199
194,196
194,198
194,199
195,197
195,198
195,199
196,197
196,198
197,198
197,199
198,199
