0,1
0,2
0,3
0,4
0,5
0,6
0,7
0,8
0,9
0,10
0,11
0,12
0,13
0,14
0,15
0,16
0,17
0,18
0,19
0,20
0,21
0,22
0,23
0,24
0,25
0,26
0,27
0,28
0,29
0,30
0,31
0,32
0,33
0,34
0,35
0,36
0,37
0,38
0,39
0,40
0,41
0,42
0,43
0,44
0,45
0,46
0,47
0,48
0,49
0,50
0,51
0,52
0,53
0,54
0,55
0,56
0,57
0,58
0,59
0,60
0,61
0,62
0,63
0,64
0,65
0,69
0,70
0,72
0,74
0,76
0,77
0,78
0,80
0,81
0,84
0,86
0,90
0,95
0,96
0,103
0,105
0,109
0,110
0,113
0,117
0,120
0,122
0,129
0,130
0,131
0,141
0,142
0,150
0,155
0,156
0,159
0,167
0,170
0,174
0,180
0,184
0,185
0,189
0,193
0,194
1,2
1,3
1,4
1,5
1,6
1,7
1,8
1,9
1,10
1,11
1,12
1,13
1,14
1,15
1,16
1,17
1,18
1,19
1,20
1,21
1,22
1,23
1,24
1,25
1,26
1,27
1,28
1,29
1,30
1,31
1,32
1,33
1,34
1,35
1,36
1,37
1,38
1,39
1,40
1,41
1,42
1,43
1,44
1,45
1,46
1,47
1,48
1,49
1,50
1,51
1,52
1,53
1,54
1,55
1,56
1,57
1,58
1,59
1,60
1,61
1,62
1,63
1,64
1,65
2,3
2,4
2,5
2,6
2,7
2,8
2,9
2,10
2,11
2,12
2,13
2,14
2,15
2,16
2,17
2,18
2,19
2,20
2,21
2,22
2,23
2,24
2,25
2,26
2,27
2,28
2,29
2,30
2,31
2,32
2,33
2,34
2,35
2,36
2,37
2,38
2,39
2,40
2,41
2,42
2,43
2,44
2,45
2,46
2,47
2,48
2,49
2,50
2,51
2,52
2,53
2,54
2,55
2,56
2,57
2,58
2,59
2,60
2,61
2,62
2,63
2,64
2,65
3,4
3,5
3,6
3,7
3,8
3,9
3,10
3,11
3,12
3,13
3,14
3,15
3,16
3,17
3,18
3,19
3,20
3,21
3,22
3,23
3,24
3,25
3,26
3,27
3,28
3,29
3,30
3,31
3,32
3,33
3,34
3,35
3,36
3,37
3,38
3,39
3,40
3,41
3,42
3,43
3,44
3,45
3,46
3,47
3,48
3,49
3,50
3,51
3,52
3,53
3,54
3,55
3,56
3,57
3,58
3,59
3,60
3,61
3,62
3,63
3,64
3,65
3,69
3,70
3,72
3,74
3,76
3,77
3,78
3,80
3,81
3,84
3,86
3,90
3,95
3,96
3,103
3,105
3,109
3,110
3,113
3,117
3,120
3,122
3,129
3,130
3,131
3,141
3,142
3,150
3,155
3,156
3,159
3,167
3,170
3,174
3,180
3,184
3,185
3,189
3,193
3,194
4,5
4,6
4,7
4,8
4,9
4,10
4,11
4,12
4,13
4,14
4,15
4,16
4,17
4,18
4,19
4,20
4,21
4,22
4,23
4,24
4,25
4,26
4,27
4,28
4,29
4,30
4,31
4,32
4,33
4,34
4,35
4,36
4,37
4,38
4,39
4,40
4,41
4,42
4,43
4,44
4,45
4,46
4,47
4,48
4,49
4,50
4,51
4,52
4,53
4,54
4,55
4,56
4,57
4,58
4,59
4,60
4,61
4,62
4,63
4,64
4,65
5,6
5,7
5,8
5,9
5,10
5,11
5,12
5,13
5,14
5,15
5,16
5,17
5,18
5,19
5,20
5,21
5,22
5,23
5,24
5,25
5,26
5,27
5,28
5,29
5,30
5,31
5,32
5,33
5,34
5,35
5,36
5,37
5,38
5,39
5,40
5,41
5,42
5,43
5,44
5,45
5,46
5,47
5,48
5,49
5,50
5,51
5,52
5,53
5,54
5,55
5,56
5,57
5,58
5,59
5,60
5,61
5,62
5,63
5,64
5,65
5,69
5,70
5,72
5,74
5,76
5,77
5,78
5,80
5,81
5,84
5,86
5,90
5,95
5,96
5,103
5,105
5,109
5,110
5,113
5,117
5,120
5,122
5,129
5,130
5,131
5,141
5,142
5,150
5,155
5,156
5,159
5,167
5,170
5,174
5,180
5,184
5,185
5,189
5,193
5,194
6,7
6,8
6,9
6,10
6,11
6,12
6,13
6,14
6,15
6,16
6,17
6,18
6,19
6,20
6,21
6,22
6,23
6,24
6,25
6,26
6,27
6,28
6,29
6,30
6,31
6,32
6,33
6,34
6,35
6,36
6,37
6,38
6,39
6,40
6,41
6,42
6,43
6,44
6,45
6,46
6,47
6,48
6,49
6,50
6,51
6,52
6,53
6,54
6,55
6,56
6,57
6,58
6,59
6,60
6,61
6,62
6,63
6,64
6,65
7,8
7,9
7,10
7,11
7,12
7,13
7,14
7,15
7,16
7,17
7,18
7,19
7,20
7,21
7,22
7,23
7,24
7,25
7,26
7,27
7,28
7,29
7,30
7,31
7,32
7,33
7,34
7,35
7,36
7,37
7,38
7,39
7,40
7,41
7,42
7,43
7,44
7,45
7,46
7,47
7,48
7,49
7,50
7,51
7,52
7,53
7,54
7,55
7,56
7,57
7,58
7,59
7,60
7,61
7,62
7,63
7,64
7,65
8,9
8,10
8,11
8,12
8,13
8,14
8,15
8,16
8,17
8,18
8,19
8,20
8,21
8,22
8,23
8,24
8,25
8,26
8,27
8,28
8,29
8,30
8,31
8,32
8,33
8,34
8,35
8,36
8,37
8,38
8,39
8,40
8,41
8,42
8,43
8,44
8,45
8,46
8,47
8,48
8,49
8,50
8,51
8,52
8,53
8,54
8,55
8,56
8,57
8,58
8,59
8,60
8,61
8,62
8,63
8,64
8,65
9,10
9,11
9,12
9,13
9,14
9,15
9,16
9,17
9,18
9,19
9,20
9,21
9,22
9,23
9,24
9,25
9,26
9,27
9,28
9,29
9,30
9,31
9,32
9,33
9,34
9,35
9,36
9,37
9,38
9,39
9,40
9,41
9,42
9,43
9,44
9,45
9,46
9,47
9,48
9,49
9,50
9,51
9,52
9,53
9,54
9,55
9,56
9,57
9,58
9,59
9,60
9,61
9,62
9,63
9,64
9,65
10,11
10,12
10,13
10,14
10,15
10,16
10,17
10,18
10,19
10,20
10,21
10,22
10,23
10,24
10,25
10,26
10,27
10,28
10,29
10,30
10,31
10,32
10,33
10,34
10,35
10,36
10,37
10,38
10,39
10,40
10,41
10,42
10,43
10,44
10,45
10,46
10,47
10,48
10,49
10,50
10,51
10,52
10,53
10,54
10,55
10,56
10,57
10,58
10,59
10,60
10,61
10,62
10,63
10,64
10,65
11,12
11,13
11,14
11,15
11,16
11,17
11,18
11,19
11,20
11,21
11,22
11,23
11,24
11,25
11,26
11,27
11,28
11,29
11,30
11,31
11,32
11,33
11,34
11,35
11,36
11,37
11,38
11,39
11,40
11,41
11,42
11,43
11,44
11,45
11,46
11,47
11,48
11,49
11,50
11,51
11,52
11,53
11,54
11,55
11,56
11,57
11,58
11,59
11,60
11,61
11,62
11,63
11,64
11,65
11,69
11,70
11,72
11,74
11,76
11,77
11,78
11,80
11,81
11,84
11,86
11,90
11,95
11,96
11,103
11,105
11,109
11,110
11,113
11,117
11,120
11,122
11,129
11,130
11,131
11,141
11,142
11,150
11,155
11,156
11,159
11,167
11,170
11,174
11,180
11,184
11,185
11,189
11,193
11,194
12,13
12,14
12,15
12,16
12,17
12,18
12,19
12,20
12,21
12,22
12,23
12,24
12,25
12,26
12,27
12,28
12,29
12,30
12,31
12,32
12,33
12,34
12,35
12,36
12,37
12,38
12,39
12,40
12,41
12,42
12,43
12,44
12,45
12,46
12,47
12,48
12,49
12,50
12,51
12,52
12,53
12,54
12,55
12,56
12,57
12,58
12,59
12,60
12,61
12,62
12,63
12,64
12,65
12,69
12,70
12,72
12,74
12,76
12,77
12,78
12,80
12,81
12,84
12,86
12,90
12,95
12,96
12,103
12,105
12,109
12,110
12,113
12,117
12,120
12,122
12,129
12,130
12,131
12,141
12,142
12,150
12,155
12,156
12,159
12,167
12,170
12,174
12,180
12,184
12,185
12,189
12,193
12,194
13,14
13,15
13,16
13,17
13,18
13,19
13,20
13,21
13,22
13,23
13,24
13,25
13,26
13,27
13,28
13,29
13,30
13,31
13,32
13,33
13,34
13,35
13,36
13,37
13,38
13,39
13,40
13,41
13,42
13,43
13,44
13,45
13,46
13,47
13,48
13,49
13,50
13,51
13,52
13,53
13,54
13,55
13,56
13,57
13,58
13,59
13,60
13,61
13,62
13,63
13,64
13,65
14,15
14,16
14,17
14,18
14,19
14,20
14,21
14,22
14,23
14,24
14,25
14,26
14,27
14,28
14,29
14,30
14,31
14,32
14,33
14,34
14,35
14,36
14,37
14,38
14,39
14,40
14,41
14,42
14,43
14,44
14,45
14,46
14,47
14,48
14,49
14,50
14,51
14,52
14,53
14,54
14,55
14,56
14,57
14,58
14,59
14,60
14,61
14,62
14,63
14,64
14,65
14,69
14,70
14,72
14,74
14,76
14,77
14,78
14,80
14,81
14,84
14,86
14,90
14,95
14,96
14,103
14,105
14,109
14,110
14,113
14,117
14,120
14,122
14,129
14,130
14,131
14,141
14,142
14,150
14,155
14,156
14,159
14,167
14,170
14,174
14,180
14,184
14,185
14,189
14,193
14,194
15,16
15,17
15,18
15,19
15,20
15,21
15,22
15,23
15,24
15,25
15,26
15,27
15,28
15,29
15,30
15,31
15,32
15,33
15,34
15,35
15,36
15,37
15,38
15,39
15,40
15,41
15,42
15,43
15,44
15,45
15,46
15,47
15,48
15,49
15,50
15,51
15,52
15,53
15,54
15,55
15,56
15,57
15,58
15,59
15,60
15,61
15,62
15,63
15,64
15,65
15,69
15,70
15,72
15,74
15,76
15,77
15,78
15,80
15,81
15,84
15,86
15,90
15,95
15,96
15,103
15,105
15,109
15,110
15,113
15,117
15,120
15,122
15,129
15,130
15,131
15,141
15,142
15,150
15,155
15,156
15,159
15,167
15,170
15,174
15,180
15,184
15,185
15,189
15,193
15,194
16,17
16,18
16,19
16,20
16,21
16,22
16,23
16,24
16,25
16,26
16,27
16,28
16,29
16,30
16,31
16,32
16,33
16,34
16,35
16,36
16,37
16,38
16,39
16,40
16,41
16,42
16,43
16,44
16,45
16,46
16,47
16,48
16,49
16,50
16,51
16,52
16,53
16,54
16,55
16,56
16,57
16,58
16,59
16,60
16,61
16,62
16,63
16,64
16,65
17,18
17,19
17,20
17,21
17,22
17,23
17,24
17,25
17,26
17,27
17,28
17,29
17,30
17,31
17,32
17,33
17,34
17,35
17,36
17,37
17,38
17,39
17,40
17,41
17,42
17,43
17,44
17,45
17,46
17,47
17,48
17,49
17,50
17,51
17,52
17,53
17,54
17,55
17,56
17,57
17,58
17,59
17,60
17,61
17,62
17,63
17,64
17,65
17,69
17,70
17,72
17,74
17,76
17,77
17,78
17,80
17,81
17,84
17,86
17,90
17,95
17,96
17,103
17,105
17,109
17,110
17,113
17,117
17,120
17,122
17,129
17,130
17,131
17,141
17,142
17,150
17,155
17,156
17,159
17,167
17,170
17,174
17,180
17,184
17,185
17,189
17,193
17,194
18,19
18,20
18,21
18,22
18,23
18,24
18,25
18,26
18,27
18,28
18,29
18,30
18,31
18,32
18,33
18,34
18,35
18,36
18,37
18,38
18,39
18,40
18,41
18,42
18,43
18,44
18,45
18,46
18,47
18,48
18,49
18,50
18,51
18,52
18,53
18,54
18,55
18,56
18,57
18,58
18,59
18,60
18,61
18,62
18,63
18,64
18,65
18,69
18,70
18,72
18,74
18,76
18,77
18,78
18,80
18,81
18,84
18,86
18,90
18,95
18,96
18,103
18,105
18,109
18,110
18,113
18,117
18,120
18,122
18,129
18,130
18,131
18,141
18,142
18,150
18,155
18,156
18,159
18,167
18,170
18,174
18,180
18,184
18,185
18,189
18,193
18,194
19,20
19,21
19,22
19,23
19,24
19,25
19,26
19,27
19,28
19,29
19,30
19,31
19,32
19,33
19,34
19,35
19,36
19,37
19,38
19,39
19,40
19,41
19,42
19,43
19,44
19,45
19,46
19,47
19,48
19,49
19,50
19,51
19,52
19,53
19,54
19,55
19,56
19,57
19,58
19,59
19,60
19,61
19,62
19,63
19,64
19,65
20,21
20,22
20,23
20,24
20,25
20,26
20,27
20,28
20,29
20,30
20,31
20,32
20,33
20,34
20,35
20,36
20,37
20,38
20,39
20,40
20,41
20,42
20,43
20,44
20,45
20,46
20,47
20,48
20,49
20,50
20,51
20,52
20,53
20,54
20,55
20,56
20,57
20,58
20,59
20,60
20,61
20,62
20,63
20,64
20,65
21,22
21,23
21,24
21,25
21,26
21,27
21,28
21,29
21,30
21,31
21,32
21,33
21,34
21,35
21,36
21,37
21,38
21,39
21,40
21,41
21,42
21,43
21,44
21,45
21,46
21,47
21,48
21,49
21,50
21,51
21,52
21,53
21,54
21,55
21,56
21,57
21,58
21,59
21,60
21,61
21,62
21,63
21,64
21,65
22,23
22,24
22,25
22,26
22,27
22,28
22,29
22,30
22,31
22,32
22,33
22,34
22,35
22,36
22,37
22,38
22,39
22,40
22,41
22,42
22,43
22,44
22,45
22,46
22,47
22,48
22,49
22,50
22,51
22,52
22,53
22,54
22,55
22,56
22,57
22,58
22,59
22,60
22,61
22,62
22,63
22,64
22,65
23,24
23,25
23,26
23,27
23,28
23,29
23,30
23,31
23,32
23,33
23,34
23,35
23,36
23,37
23,38
23,39
23,40
23,41
23,42
23,43
23,44
23,45
23,46
23,47
23,48
23,49
23,50
23,51
23,52
23,53
23,54
23,55
23,56
23,57
23,58
23,59
23,60
23,61
23,62
23,63
23,64
23,65
24,25
24,26
24,27
24,28
24,29
24,30
24,31
24,32
24,33
24,34
24,35
24,36
24,37
24,38
24,39
24,40
24,41
24,42
24,43
24,44
24,45
24,46
24,47
24,48
24,49
24,50
24,51
24,52
24,53
24,54
24,55
24,56
24,57
24,58
24,59
24,60
24,61
24,62
24,63
24,64
24,65
24,69
24,70
24,72
24,74
24,76
24,77
24,78
24,80
24,81
24,84
24,86
24,90
24,95
24,96
24,103
24,105
24,109
24,110
24,113
24,117
24,120
24,122
24,129
24,130
24,131
24,141
24,142
24,150
24,155
24,156
24,159
24,167
24,170
24,174
24,180
24,184
24,185
24,189
24,193
24,194
25,26
25,27
25,28
25,29
25,30
25,31
25,32
25,33
25,34
25,35
25,36
25,37
25,38
25,39
25,40
25,41
25,42
25,43
25,44
25,45
25,46
25,47
25,48
25,49
25,50
25,51
25,52
25,53
25,54
25,55
25,56
25,57
25,58
25,59
25,60
25,61
25,62
25,63
25,64
25,65
25,69
25,70
25,72
25,74
25,76
25,77
25,78
25,80
25,81
25,84
25,86
25,90
25,95
25,96
25,103
25,105
25,109
25,110
25,113
25,117
25,120
25,122
25,129
25,130
25,131
25,141
25,142
25,150
25,155
25,156
25,159
25,167
25,170
25,174
25,180
25,184
25,185
25,189
25,193
25,194
26,27
26,28
26,29
26,30
26,31
26,32
26,33
26,34
26,35
26,36
26,37
26,38
26,39
26,40
26,41
26,42
26,43
26,44
26,45
26,46
26,47
26,48
26,49
26,50
26,51
26,52
26,53
26,54
26,55
26,56
26,57
26,58
26,59
26,60
26,61
26,62
26,63
26,64
26,65
27,28
27,29
27,30
27,31
27,32
27,33
27,34
27,35
27,36
27,37
27,38
27,39
27,40
27,41
27,42
27,43
27,44
27,45
27,46
27,47
27,48
27,49
27,50
27,51
27,52
27,53
27,54
27,55
27,56
27,57
27,58
27,59
27,60
27,61
27,62
27,63
27,64
27,65
28,29
28,30
28,31
28,32
28,33
28,34
28,35
28,36
28,37
28,38
28,39
28,40
28,41
28,42
28,43
28,44
28,45
28,46
28,47
28,48
28,49
28,50
28,51
28,52
28,53
28,54
28,55
28,56
28,57
28,58
28,59
28,60
28,61
28,62
28,63
28,64
28,65
28,69
28,70
28,72
28,74
28,76
28,77
28,78
28,80
28,81
28,84
28,86
28,90
28,95
28,96
28,103
28,105
28,109
28,110
28,113
28,117
28,120
28,122
28,129
28,130
28,131
28,141
28,142
28,150
28,155
28,156
28,159
28,167
28,170
28,174
28,180
28,184
28,185
28,189
28,193
28,194
29,30
29,31
29,32
29,33
29,34
29,35
29,36
29,37
29,38
29,39
29,40
29,41
29,42
29,43
29,44
29,45
29,46
29,47
29,48
29,49
29,50
29,51
29,52
29,53
29,54
29,55
29,56
29,57
29,58
29,59
29,60
29,61
29,62
29,63
29,64
29,65
29,69
29,70
29,72
29,74
29,76
29,77
29,78
29,80
29,81
29,84
29,86
29,90
29,95
29,96
29,103
29,105
29,109
29,110
29,113
29,117
29,120
29,122
29,129
29,130
29,131
29,141
29,142
29,150
29,155
29,156
29,159
29,167
29,170
29,174
29,180
29,184
29,185
29,189
29,193
29,194
30,31
30,32
30,33
30,34
30,35
30,36
30,37
30,38
30,39
30,40
30,41
30,42
30,43
30,44
30,45
30,46
30,47
30,48
30,49
30,50
30,51
30,52
30,53
30,54
30,55
30,56
30,57
30,58
30,59
30,60
30,61
30,62
30,63
30,64
30,65
31,32
31,33
31,34
31,35
31,36
31,37
31,38
31,39
31,40
31,41
31,42
31,43
31,44
31,45
31,46
31,47
31,48
31,49
31,50
31,51
31,52
31,53
31,54
31,55
31,56
31,57
31,58
31,59
31,60
31,61
31,62
31,63
31,64
32,33
32,34
32,35
32,36
32,37
32,38
32,39
32,40
32,41
32,42
32,43
32,44
32,45
32,46
32,47
32,48
32,49
32,50
32,51
32,52
32,53
32,54
32,55
32,56
32,57
32,58
32,59
32,60
32,61
32,62
32,63
32,64
32,65
33,34
33,35
33,36
33,37
33,38
33,39
33,40
33,41
33,42
33,43
33,44
33,45
33,46
33,47
33,48
33,49
33,50
33,51
33,52
33,53
33,54
33,55
33,56
33,57
33,58
33,59
33,60
33,61
33,62
33,63
33,64
33,65
34,35
34,36
34,37
34,38
34,39
34,40
34,41
34,42
34,43
34,44
34,45
34,46
34,47
34,48
34,49
34,50
34,51
34,52
34,53
34,54
34,55
34,56
34,57
34,58
34,59
34,60
34,61
34,62
34,63
34,64
34,65
35,36
35,37
35,38
35,39
35,40
35,41
35,42
35,43
35,44
35,45
35,46
35,47
35,48
35,49
35,50
35,51
35,52
35,53
35,54
35,55
35,56
35,57
35,58
35,59
35,60
35,61
35,62
35,63
35,64
35,65
36,37
36,38
36,39
36,40
36,41
36,42
36,43
36,44
36,45
36,46
36,47
36,48
36,49
36,50
36,51
36,52
36,53
36,54
36,55
36,56
36,57
36,58
36,59
36,60
36,61
36,62
36,63
36,64
36,65
37,38
37,39
37,40
37,41
37,42
37,43
37,44
37,45
37,46
37,47
37,48
37,49
37,50
37,51
37,52
37,53
37,54
37,55
37,56
37,57
37,58
37,59
37,60
37,61
37,62
37,63
37,64
37,65
37,69
37,70
37,72
37,74
37,76
37,77
37,78
37,80
37,81
37,84
37,86
37,90
37,95
37,96
37,103
37,105
37,109
37,110
37,113
37,117
37,120
37,122
37,129
37,130
37,131
37,141
37,142
37,150
37,155
37,156
37,159
37,167
37,170
37,174
37,180
37,184
37,185
37,189
37,193
37,194
38,39
38,40
38,41
38,42
38,43
38,44
38,45
38,46
38,47
38,48
38,49
38,50
38,51
38,52
38,53
38,54
38,55
38,56
38,57
38,58
38,59
38,60
38,61
38,62
38,63
38,64
38,65
38,69
38,70
38,72
38,74
38,76
38,77
38,78
38,80
38,81
38,84
38,86
38,90
38,95
38,96
38,103
38,105
38,109
38,110
38,113
38,117
38,120
38,122
38,129
38,130
38,131
38,141
38,142
38,150
38,155
38,156
38,159
38,167
38,170
38,174
38,180
38,184
38,185
38,189
38,193
38,194
39,40
39,41
39,42
39,43
39,44
39,45
39,46
39,47
39,48
39,49
39,50
39,51
39,52
39,53
39,54
39,55
39,56
39,57
39,58
39,59
39,60
39,61
39,62
39,63
39,64
39,65
39,69
39,70
39,72
39,74
39,76
39,77
39,78
39,80
39,81
39,84
39,86
39,90
39,95
39,96
39,103
39,105
39,109
39,110
39,113
39,117
39,120
39,122
39,129
39,130
39,131
39,141
39,142
39,150
39,155
39,156
39,159
39,167
39,170
39,174
39,180
39,184
39,185
39,189
39,193
39,194
40,41
40,42
40,43
40,44
40,45
40,46
40,47
40,48
40,49
40,50
40,51
40,52
40,53
40,54
40,55
40,56
40,57
40,58
40,59
40,60
40,61
40,62
40,63
40,64
40,65
41,42
41,43
41,44
41,45
41,46
41,47
41,48
41,49
41,50
41,51
41,52
41,53
41,54
41,55
41,56
41,57
41,58
41,59
41,60
41,61
41,62
41,63
41,64
41,65
41,69
41,70
41,72
41,74
41,76
41,77
41,78
41,80
41,81
41,84
41,86
41,90
41,95
41,96
41,103
41,105
41,109
41,110
41,113
41,117
41,120
41,122
41,129
41,130
41,131
41,141
41,142
41,150
41,155
41,156
41,159
41,167
41,170
41,174
41,180
41,184
41,185
41,189
41,193
41,194
42,43
42,44
42,45
42,46
42,47
42,48
42,49
42,50
42,51
42,52
42,53
42,54
42,55
42,56
42,57
42,58
42,59
42,60
42,61
42,62
42,63
42,64
42,65
42,69
42,70
42,72
42,74
42,76
42,77
42,78
42,80
42,81
42,84
42,86
42,90
42,95
42,96
42,103
42,105
42,109
42,110
42,113
42,117
42,120
42,122
42,129
42,130
42,131
42,141
42,142
42,150
42,155
42,156
42,159
42,167
42,170
42,174
42,180
42,184
42,185
42,189
42,193
42,194
43,44
43,45
43,46
43,47
43,48
43,49
43,50
43,51
43,52
43,53
43,54
43,55
43,56
43,57
43,58
43,59
43,60
43,61
43,62
43,63
43,64
43,65
44,45
44,46
44,47
44,48
44,49
44,50
44,51
44,52
44,53
44,54
44,55
44,56
44,57
44,58
44,59
44,60
44,61
44,62
44,63
44,64
44,65
44,69
44,70
44,72
44,74
44,76
44,77
44,78
44,80
44,81
44,84
44,86
44,90
44,95
44,96
44,103
44,105
44,109
44,110
44,113
44,117
44,120
44,122
44,129
44,130
44,131
44,141
44,142
44,150
44,155
44,156
44,159
44,167
44,170
44,174
44,180
44,184
44,185
44,189
44,193
44,194
45,46
45,47
45,48
45,49
45,50
45,51
45,52
45,53
45,54
45,55
45,56
45,57
45,58
45,59
45,60
45,61
45,62
45,63
45,64
45,65
46,47
46,48
46,49
46,50
46,51
46,52
46,53
46,54
46,55
46,56
46,57
46,58
46,59
46,60
46,61
46,62
46,63
46,64
46,65
47,48
47,49
47,50
47,51
47,52
47,53
47,54
47,55
47,56
47,57
47,58
47,59
47,60
47,61
47,62
47,63
47,64
47,65
47,69
47,70
47,72
47,74
47,76
47,77
47,78
47,80
47,81
47,84
47,86
47,90
47,95
47,96
47,103
47,105
47,109
47,110
47,113
47,117
47,120
47,122
47,129
47,130
47,131
47,141
47,142
47,150
47,155
47,156
47,159
47,167
47,170
47,174
47,180
47,184
47,185
47,189
47,193
47,194
48,49
48,50
48,51
48,52
48,53
48,54
48,55
48,56
48,57
48,58
48,59
48,60
48,61
48,62
48,63
48,64
48,65
49,50
49,51
49,52
49,53
49,54
49,55
49,56
49,57
49,58
49,59
49,60
49,61
49,62
49,63
49,64
49,65
49,69
49,70
49,72
49,74
49,76
49,77
49,78
49,80
49,81
49,84
49,86
49,90
49,95
49,96
49,103
49,105
49,109
49,110
49,113
49,117
49,120
49,122
49,129
49,130
49,131
49,141
49,142
49,150
49,155
49,156
49,159
49,167
49,170
49,174
49,180
49,184
49,185
49,189
49,193
49,194
50,51
50,52
50,53
50,54
50,55
50,56
50,57
50,58
50,59
50,60
50,61
50,62
50,63
50,64
50,65
51,52
51,53
51,54
51,55
51,56
51,57
51,58
51,59
51,60
51,61
51,62
51,63
51,64
51,65
52,53
52,54
52,55
52,56
52,57
52,58
52,59
52,60
52,61
52,62
52,63
52,64
52,65
53,54
53,55
53,56
53,57
53,58
53,59
53,60
53,61
53,62
53,63
53,64
53,65
54,55
54,56
54,57
54,58
54,59
54,60
54,61
54,62
54,63
54,64
54,65
54,69
54,70
54,72
54,74
54,76
54,77
54,78
54,80
54,81
54,84
54,86
54,90
54,95
54,96
54,103
54,105
54,109
54,110
54,113
54,117
54,120
54,122
54,129
54,130
54,131
54,141
54,142
54,150
54,155
54,156
54,159
54,167
54,170
54,174
54,180
54,184
54,185
54,189
54,193
54,194
55,56
55,57
55,58
55,59
55,60
55,61
55,62
55,63
55,64
55,65
56,57
56,58
56,59
56,60
56,61
56,62
56,63
56,64
56,65
57,58
57,59
57,60
57,61
57,62
57,63
57,64
57,65
57,69
57,70
57,72
57,74
57,76
57,77
57,78
57,80
57,81
57,84
57,86
57,90
57,95
57,96
57,103
57,105
57,109
57,110
57,113
57,117
57,120
57,122
57,129
57,130
57,131
57,141
57,142
57,150
57,155
57,156
57,159
57,167
57,170
57,174
57,180
57,184
57,185
57,189
57,193
57,194
58,59
58,60
58,61
58,62
58,63
58,64
58,65
59,60
59,61
59,62
59,63
59,64
59,65
60,61
60,62
60,63
60,64
60,65
60,69
60,70
60,72
60,74
60,76
60,77
60,78
60,80
60,81
60,84
60,86
60,90
60,95
60,96
60,103
60,105
60,109
60,110
60,113
60,117
60,120
60,122
60,129
60,130
60,131
60,141
60,142
60,150
60,155
60,156
60,159
60,167
60,170
60,174
60,180
60,184
60,185
60,189
60,193
60,194
61,62
61,63
61,64
61,65
62,63
62,64
62,65
63,64
63,65
63,69
63,70
63,72
63,74
63,76
63,77
63,78
63,80
63,81
63,84
63,86
63,90
63,95
63,96
63,103
63,105
63,109
63,110
63,113
63,117
63,120
63,122
63,129
63,130
63,131
63,141
63,142
63,150
63,155
63,156
63,159
63,167
63,170
63,174
63,180
63,184
63,185
63,189
63,193
63,194
64,65
65,69
65,70
65,72
65,74
65,76
65,77
65,78
65,80
65,81
65,84
65,86
65,90
65,95
65,96
65,103
65,105
65,109
65,110
65,113
65,117
65,120
65,122
65,129
65,130
65,131
65,141
65,142
65,150
65,155
65,156
65,159
65,167
65,170
65,174
65,180
65,184
65,185
65,189
65,193
65,194
69,70
69,72
69,74
69,76
69,77
69,78
69,80
69,81
69,84
69,86
69,90
69,95
69,96
69,103
69,105
69,109
69,110
69,113
69,117
69,120
69,122
69,129
69,130
69,131
69,141
69,142
69,150
69,155
69,156
69,159
69,167
69,170
69,174
69,180
69,184
69,185
69,189
69,193
69,194
70,72
70,74
70,76
70,77
70,78
70,80
70,81
70,84
70,86
70,90
70,95
70,96
70,103
70,105
70,109
70,110
70,113
70,117
70,120
70,122
70,129
70,130
70,131
70,141
70,142
70,150
70,152
70,155
70,156
70,158
70,159
70,167
70,170
70,174
70,180
70,184
70,185
70,189
70,193
70,194
72,74
72,76
72,77
72,78
72,80
72,81
72,84
72,86
72,90
72,95
72,96
72,103
72,105
72,109
72,110
72,113
72,117
72,120
72,122
72,124
72,129
72,130
72,131
72,141
72,142
72,150
72,155
72,156
72,159
72,167
72,170
72,174
72,180
72,184
72,185
72,189
72,193
72,194
74,76
74,77
74,78
74,80
74,81
74,84
74,86
74,90
74,95
74,96
74,103
74,105
74,108
74,109
74,110
74,113
74,117
74,119
74,120
74,122
74,126
74,129
74,130
74,131
74,137
74,141
74,142
74,145
74,149
74,150
74,151
74,155
74,156
74,158
74,159
74,164
74,167
74,170
74,174
74,180
74,184
74,185
74,189
74,193
74,194
76,77
76,78
76,80
76,81
76,84
76,86
76,90
76,95
76,96
76,103
76,105
76,109
76,110
76,113
76,117
76,120
76,121
76,122
76,129
76,130
76,131
76,134
76,136
76,138
76,139
76,141
76,142
76,145
76,149
76,150
76,151
76,155
76,156
76,159
76,164
76,167
76,170
76,171
76,172
76,174
76,177
76,180
76,184
76,185
76,189
76,193
76,194
77,78
77,80
77,81
77,84
77,86
77,90
77,95
77,96
77,100
77,102
77,103
77,104
77,105
77,107
77,108
77,109
77,110
77,112
77,113
77,115
77,117
77,118
77,119
77,120
77,121
77,122
77,124
77,129
77,130
77,131
77,141
77,142
77,150
77,155
77,156
77,159
77,167
77,170
77,174
77,180
77,184
77,185
77,189
77,193
77,194
78,80
78,81
78,84
78,86
78,90
78,94
78,95
78,96
78,98
78,101
78,102
78,103
78,104
78,105
78,106
78,108
78,109
78,110
78,113
78,114
78,117
78,118
78,119
78,120
78,121
78,122
78,124
78,126
78,127
78,128
78,129
78,130
78,131
78,134
78,136
78,139
78,140
78,141
78,142
78,143
78,145
78,146
78,150
78,155
78,156
78,159
78,167
78,170
78,174
78,180
78,184
78,185
78,189
78,193
78,194
79,92
79,94
79,100
79,101
79,104
79,106
79,107
79,108
79,110
79,111
79,112
79,114
79,125
79,127
79,128
79,133
79,134
79,135
79,136
79,138
79,139
79,140
79,143
79,144
79,145
79,146
79,149
79,151
79,164
79,171
79,173
79,177
80,81
80,84
80,86
80,90
80,95
80,96
80,100
80,102
80,103
80,104
80,105
80,107
80,109
80,110
80,112
80,113
80,117
80,120
80,122
80,129
80,130
80,131
80,141
80,142
80,150
80,155
80,156
80,159
80,167
80,170
80,174
80,180
80,184
80,185
80,189
80,193
80,194
81,84
81,86
81,90
81,95
81,96
81,98
81,100
81,101
81,102
81,103
81,104
81,105
81,107
81,109
81,110
81,113
81,117
81,120
81,122
81,129
81,130
81,131
81,141
81,142
81,150
81,155
81,156
81,159
81,167
81,170
81,174
81,180
81,184
81,185
81,189
81,193
81,194
82,94
82,98
82,100
82,102
82,103
82,104
82,107
82,108
82,111
82,112
82,114
82,115
82,118
82,123
82,124
82,128
83,92
83,94
83,99
83,100
83,101
83,104
83,105
83,106
83,108
83,111
83,112
83,113
83,114
83,116
83,118
83,119
83,121
83,123
83,128
83,133
83,135
83,136
83,137
83,140
83,143
83,144
83,147
83,148
83,151
83,154
83,157
83,166
83,173
83,176
83,177
84,86
84,90
84,92
84,94
84,95
84,96
84,98
84,99
84,101
84,102
84,103
84,104
84,105
84,106
84,108
84,109
84,110
84,112
84,113
84,114
84,115
84,116
84,117
84,118
84,119
84,120
84,121
84,122
84,123
84,124
84,125
84,127
84,128
84,129
84,130
84,131
84,132
84,134
84,135
84,136
84,137
84,139
84,140
84,141
84,142
84,143
84,144
84,145
84,146
84,147
84,148
84,149
84,150
84,151
84,154
84,155
84,156
84,159
84,163
84,167
84,170
84,174
84,180
84,184
84,185
84,189
84,193
84,194
86,90
86,95
86,96
86,103
86,105
86,109
86,110
86,113
86,117
86,120
86,122
86,129
86,130
86,131
86,141
86,142
86,150
86,155
86,156
86,159
86,167
86,170
86,174
86,180
86,184
86,185
86,189
86,193
86,194
87,89
87,92
87,93
87,94
87,95
87,98
87,101
87,102
87,103
88,89
88,90
88,91
88,92
88,94
88,95
88,98
88,99
88,101
88,102
88,104
88,105
88,106
88,112
88,113
88,119
88,121
88,125
88,127
88,132
89,90
89,91
90,91
90,92
90,95
90,96
90,98
90,101
90,102
90,103
90,104
90,105
90,106
90,108
90,109
90,110
90,113
90,114
90,115
90,116
90,117
90,118
90,119
90,120
90,121
90,122
90,123
90,124
90,125
90,126
90,127
90,128
90,129
90,130
90,131
90,135
90,138
90,141
90,142
90,144
90,147
90,149
90,150
90,154
90,155
90,156
90,158
90,159
90,167
90,170
90,174
90,180
90,184
90,185
90,189
90,193
90,194
91,92
91,93
91,94
92,94
92,98
92,101
92,102
92,103
92,104
92,105
92,106
92,107
92,108
92,112
92,119
92,121
92,124
92,126
93,94
93,98
93,99
93,100
93,103
93,104
93,105
93,106
93,107
93,108
93,109
93,110
93,114
93,118
93,119
93,121
93,122
93,123
93,124
93,125
93,126
93,127
93,128
93,132
93,135
93,136
94,97
94,98
94,99
94,100
94,102
94,103
94,104
94,106
94,107
94,109
94,111
94,112
94,113
94,114
94,115
94,116
94,117
94,121
94,122
94,123
94,124
94,125
94,126
94,127
94,137
94,139
94,154
95,96
95,97
95,98
95,101
95,102
95,103
95,105
95,106
95,107
95,109
95,110
95,113
95,114
95,117
95,120
95,122
95,129
95,130
95,131
95,141
95,142
95,150
95,155
95,156
95,159
95,167
95,170
95,174
95,180
95,184
95,185
95,189
95,193
95,194
96,101
96,103
96,104
96,105
96,106
96,107
96,108
96,109
96,110
96,113
96,114
96,115
96,117
96,120
96,122
96,129
96,130
96,131
96,141
96,142
96,150
96,155
96,156
96,159
96,167
96,170
96,174
96,180
96,184
96,185
96,189
96,193
96,194
97,98
97,99
97,101
97,103
97,105
97,106
97,107
97,108
97,109
97,112
97,113
97,114
97,116
97,118
97,119
98,100
98,101
98,103
98,104
98,105
98,107
98,108
98,109
98,110
98,112
98,113
98,114
98,115
98,116
98,117
98,119
98,124
98,126
98,128
98,133
98,134
98,135
98,136
98,137
98,138
98,139
98,147
98,157
98,163
98,168
99,100
99,101
99,107
99,108
99,110
99,111
99,112
99,113
99,115
99,116
99,118
100,101
100,102
100,103
100,104
100,105
100,107
100,109
100,110
100,111
100,112
100,113
100,114
100,115
100,116
100,117
100,118
100,119
100,121
100,122
100,123
100,124
100,125
100,127
100,128
100,133
100,134
100,136
100,137
100,138
100,140
100,149
100,157
100,158
100,159
100,163
100,168
100,172
100,173
101,102
101,103
101,105
101,109
101,110
101,111
101,112
101,114
101,115
101,116
101,117
101,118
101,119
101,121
101,122
101,124
101,125
101,127
101,128
101,133
101,134
101,135
101,136
101,138
102,105
102,106
102,107
102,108
102,109
102,110
102,111
102,112
102,113
102,114
102,116
102,117
102,118
102,119
102,123
102,124
102,125
102,127
102,128
102,131
102,133
102,134
102,135
102,136
102,137
102,139
102,144
102,148
102,149
103,105
103,106
103,107
103,108
103,109
103,110
103,112
103,113
103,116
103,117
103,119
103,120
103,122
103,129
103,130
103,131
103,141
103,142
103,150
103,155
103,156
103,159
103,167
103,170
103,174
103,180
103,184
103,185
103,189
103,193
103,194
104,105
104,106
104,109
104,110
104,111
104,112
104,113
104,115
104,117
104,118
104,119
104,122
104,124
104,126
104,127
104,128
104,132
104,133
104,134
104,135
104,136
104,138
104,140
104,144
104,147
104,148
104,157
104,160
104,163
104,165
105,108
105,109
105,110
105,112
105,113
105,114
105,116
105,117
105,118
105,119
105,120
105,122
105,124
105,125
105,126
105,127
105,128
105,129
105,130
105,131
105,132
105,133
105,134
105,136
105,138
105,140
105,141
105,142
105,144
105,147
105,148
105,150
105,151
105,155
105,156
105,159
105,167
105,170
105,174
105,180
105,184
105,185
105,189
105,193
105,194
106,108
106,109
106,110
106,111
106,112
106,113
106,114
106,116
106,117
106,118
106,119
106,121
106,124
106,125
106,126
106,128
106,131
106,132
106,133
106,134
106,135
106,136
106,137
106,138
106,140
106,143
106,145
106,146
106,147
106,148
106,149
106,151
106,152
106,154
106,160
106,163
106,165
106,171
106,173
107,108
107,109
107,110
107,111
107,112
107,113
107,114
107,117
107,118
107,119
107,121
107,122
107,123
107,124
107,125
107,126
107,128
107,132
107,133
107,135
107,136
107,137
107,138
107,140
107,141
107,144
107,146
107,147
107,148
107,149
107,151
107,152
107,158
107,165
107,168
107,173
107,181
108,109
108,110
108,112
108,113
108,114
109,110
109,111
109,113
109,114
109,115
109,117
109,119
109,120
109,121
109,122
109,123
109,124
109,125
109,126
109,127
109,129
109,130
109,131
109,133
109,135
109,136
109,137
109,138
109,139
109,141
109,142
109,143
109,144
109,146
109,147
109,148
109,149
109,150
109,151
109,152
109,154
109,155
109,156
109,159
109,163
109,165
109,166
109,167
109,168
109,170
109,174
109,180
109,184
109,185
109,189
109,193
109,194
110,112
110,113
110,114
110,115
110,116
110,117
110,118
110,119
110,120
110,121
110,122
110,124
110,125
110,126
110,127
110,128
110,129
110,130
110,131
110,132
110,133
110,134
110,135
110,137
110,138
110,139
110,140
110,141
110,142
110,143
110,144
110,146
110,148
110,150
110,152
110,154
110,155
110,156
110,157
110,159
110,163
110,165
110,166
110,167
110,168
110,170
110,174
110,180
110,181
110,184
110,185
110,189
110,193
110,194
111,112
111,115
111,116
111,118
111,119
111,121
111,122
111,123
111,124
111,125
111,126
111,133
111,134
111,137
111,138
111,141
111,143
111,144
111,147
111,148
111,149
111,151
111,152
111,154
111,157
111,158
111,159
111,160
111,162
111,163
111,164
111,166
111,168
111,171
111,172
111,173
112,113
112,114
112,115
112,117
112,118
112,121
112,123
112,126
112,127
112,128
112,131
112,133
112,134
112,135
112,136
112,137
112,139
112,140
112,141
112,143
112,144
112,145
112,146
112,148
112,149
112,151
112,152
112,154
112,159
112,160
112,163
112,164
112,168
112,172
112,173
112,181
113,114
113,115
113,116
113,117
113,118
113,119
113,120
113,121
113,122
113,123
113,124
113,126
113,128
113,129
113,130
113,131
113,141
113,142
113,150
113,155
113,156
113,159
113,167
113,170
113,174
113,180
113,184
113,185
113,189
113,193
113,194
114,116
114,117
114,118
114,121
114,122
114,124
114,125
114,126
114,127
114,128
114,132
114,134
115,116
115,117
115,118
115,119
115,120
115,121
115,122
115,123
115,125
115,126
115,127
115,128
115,132
115,133
115,134
115,135
115,136
115,141
115,142
115,143
115,144
115,145
115,149
115,152
115,154
116,118
116,120
116,121
116,122
116,125
116,127
116,128
116,132
116,133
116,134
116,139
116,141
116,142
116,143
116,144
116,147
116,148
116,151
116,152
116,154
116,158
116,159
116,162
116,164
116,165
116,166
116,169
116,172
116,176
116,179
117,118
117,119
117,120
117,121
117,122
117,123
117,126
117,127
117,128
117,129
117,130
117,131
117,132
117,133
117,134
117,135
117,136
117,137
117,139
117,141
117,142
117,143
117,144
117,145
117,146
117,147
117,149
117,150
117,151
117,155
117,156
117,157
117,158
117,159
117,162
117,165
117,166
117,167
117,168
117,169
117,170
117,171
117,172
117,173
117,174
117,176
117,180
117,184
117,185
117,189
117,193
117,194
118,123
118,124
118,125
118,126
118,127
118,128
118,130
118,131
118,132
118,134
119,120
119,121
119,122
120,121
120,122
120,123
120,124
120,126
120,129
120,130
120,131
120,133
120,136
120,138
120,139
120,141
120,142
120,143
120,147
120,149
120,150
120,151
120,153
120,155
120,156
120,159
120,167
120,170
120,174
120,180
120,184
120,185
120,189
120,193
120,194
121,122
121,123
121,124
121,125
121,126
121,127
121,130
121,132
121,133
121,136
121,137
121,138
121,139
122,123
122,124
122,125
122,126
122,127
122,128
122,129
122,130
122,131
122,132
122,133
122,134
122,136
122,137
122,138
122,139
122,140
122,141
122,142
122,143
122,145
122,146
122,150
122,151
122,155
122,156
122,159
122,162
122,163
122,164
122,165
122,167
122,169
122,170
122,172
122,173
122,174
122,180
122,184
122,185
122,187
122,189
122,193
122,194
123,124
123,125
123,127
123,130
123,133
123,134
123,138
123,139
123,140
123,141
123,143
123,145
123,146
123,147
123,148
123,149
123,157
123,159
123,160
123,162
123,163
123,164
123,165
123,166
123,169
123,172
123,173
123,177
123,178
123,187
123,197
124,125
124,129
124,130
124,131
124,132
124,133
124,135
124,136
124,137
124,138
124,140
124,141
124,143
124,145
124,146
124,147
124,148
124,149
124,151
124,152
124,153
124,154
124,158
124,159
124,162
124,163
124,164
124,166
124,168
125,126
125,127
125,131
125,132
125,133
125,134
125,135
125,138
125,139
125,140
126,128
126,129
126,130
126,131
126,132
126,133
126,134
126,135
126,136
126,138
126,139
126,141
126,143
126,144
126,145
126,149
126,151
126,152
126,153
126,154
126,155
126,158
126,159
126,161
126,162
126,163
126,164
126,165
126,166
126,168
126,169
126,171
126,173
126,175
126,177
126,179
126,187
126,197
126,198
127,129
127,130
127,131
127,132
127,133
127,134
127,136
127,138
127,139
127,140
127,141
127,142
127,143
127,144
127,145
127,146
127,147
127,151
127,152
127,154
127,157
127,159
127,160
127,162
127,165
127,166
127,168
127,169
127,171
127,172
127,173
127,175
127,177
127,178
127,179
127,198
128,129
128,130
128,131
128,132
128,133
128,135
128,136
128,138
128,139
128,141
128,142
128,143
128,146
128,151
128,154
128,155
128,157
128,158
128,159
128,160
128,162
128,163
128,164
128,166
128,168
128,169
128,171
128,172
128,175
128,176
128,177
128,178
128,179
128,181
129,130
129,131
129,133
129,135
129,136
129,137
129,139
129,141
129,142
129,143
129,144
129,145
129,146
129,147
129,148
129,150
129,152
129,155
129,156
129,159
129,167
129,170
129,174
129,180
129,184
129,185
129,189
129,193
129,194
130,131
130,133
130,141
130,142
130,150
130,155
130,156
130,159
130,167
130,170
130,174
130,180
130,184
130,185
130,189
130,193
130,194
131,135
131,136
131,137
131,139
131,141
131,142
131,143
131,144
131,150
131,151
131,152
131,153
131,154
131,155
131,156
131,159
131,162
131,163
131,164
131,165
131,166
131,167
131,168
131,169
131,170
131,171
131,172
131,174
131,175
131,180
131,184
131,185
131,189
131,193
131,194
132,133
132,135
132,136
132,140
132,141
132,142
132,143
132,144
132,146
132,148
132,149
132,150
132,151
132,152
132,153
132,155
132,157
132,158
132,160
132,161
132,162
132,163
132,164
132,165
132,166
132,168
132,171
132,172
133,136
133,137
133,140
133,141
133,142
133,143
133,144
133,146
133,147
133,152
133,153
133,154
133,155
133,157
133,158
133,159
133,160
133,161
133,162
133,163
133,164
133,165
133,166
133,168
133,169
133,171
133,172
133,173
133,175
133,177
133,178
133,179
134,136
134,137
134,138
134,140
134,141
134,142
134,143
134,147
134,148
134,149
134,150
134,151
134,153
134,154
134,159
134,160
134,161
134,162
134,163
134,164
134,165
134,166
134,168
134,169
134,171
134,172
134,173
134,175
134,176
134,177
134,178
134,179
134,190
134,197
135,136
135,137
135,139
135,140
135,141
135,142
135,143
135,144
135,146
135,147
135,148
135,149
135,152
135,155
135,156
135,157
135,159
135,160
135,161
135,162
135,163
135,164
135,165
135,166
135,168
135,169
135,170
135,172
135,173
135,174
135,175
135,177
135,178
136,137
136,138
136,139
136,140
136,141
136,142
136,144
137,140
137,141
137,142
137,145
137,146
137,149
137,152
137,153
137,156
137,161
137,163
137,164
137,165
137,166
137,167
137,168
137,169
137,170
137,171
137,172
137,173
137,174
137,175
137,178
137,179
137,181
137,182
137,187
138,140
138,141
138,143
138,146
138,147
138,148
138,149
138,151
138,153
138,154
138,155
138,156
138,157
138,159
138,161
138,163
138,164
138,166
138,168
138,169
138,170
138,171
138,172
138,173
138,174
138,175
138,176
138,177
138,178
138,179
138,182
138,187
138,190
138,197
139,141
139,142
139,143
139,144
139,145
139,147
139,148
139,150
139,151
139,153
139,154
139,155
139,156
139,157
139,158
139,159
139,160
139,161
139,164
139,165
139,166
139,167
139,168
139,169
139,171
139,172
139,173
139,174
139,176
139,177
139,178
139,179
139,181
140,141
140,143
140,144
140,145
140,146
140,149
140,150
140,153
140,154
140,155
140,159
140,160
140,161
140,163
140,164
140,165
140,166
140,167
140,169
140,170
140,171
140,173
140,174
140,175
140,176
140,181
140,182
140,187
140,192
140,197
141,142
141,143
141,145
141,146
141,147
141,149
141,150
141,151
141,152
141,155
141,156
141,157
141,159
141,161
141,162
141,164
141,166
141,167
141,168
141,169
141,170
141,172
141,174
141,175
141,176
141,178
141,179
141,180
141,181
141,182
141,183
141,184
141,185
141,187
141,188
141,189
141,190
141,192
141,193
141,194
141,196
141,197
142,149
142,150
142,151
142,152
142,153
142,154
142,155
142,156
142,157
142,158
142,159
142,162
142,163
142,164
142,165
142,166
142,167
142,168
142,169
142,170
142,171
142,172
142,174
142,178
142,179
142,180
142,181
142,182
142,183
142,184
142,185
142,189
142,193
142,194
142,196
142,198
144,145
144,146
144,148
144,149
144,153
144,157
144,158
144,160
144,161
144,162
144,163
144,164
144,165
144,167
144,168
144,169
144,170
144,171
144,172
144,174
144,176
144,177
144,178
144,180
144,187
144,188
144,196
144,197
145,148
145,149
145,152
145,153
145,154
145,155
145,156
145,157
145,158
145,162
145,163
145,164
145,166
145,168
145,170
145,171
145,172
145,174
145,175
145,176
145,177
145,179
145,180
145,181
145,183
145,185
145,187
145,188
145,190
145,192
145,196
145,197
145,198
145,199
146,147
146,148
146,149
146,151
146,152
146,153
146,154
146,155
146,156
146,157
146,158
146,159
146,160
146,162
146,163
146,164
146,165
146,167
146,170
146,171
146,172
146,173
146,174
146,175
146,177
146,178
146,180
146,181
146,183
146,185
146,188
146,190
146,192
146,196
146,197
147,148
147,149
147,150
147,151
147,152
147,154
147,155
147,156
147,157
147,158
147,159
147,161
147,162
147,164
147,165
147,167
147,168
147,169
147,170
147,171
147,172
147,173
147,174
147,175
147,176
147,178
147,180
147,181
147,185
147,186
147,187
147,188
147,190
147,191
147,192
147,196
147,197
147,198
148,151
148,152
148,153
148,154
148,155
148,157
148,158
148,159
148,160
148,162
148,163
148,164
148,165
149,150
149,151
149,152
149,153
149,154
149,155
149,157
149,159
149,160
149,161
149,162
149,163
149,165
149,166
149,167
149,169
149,170
149,171
149,173
149,174
149,176
149,178
149,179
149,180
149,185
149,186
149,187
149,188
149,190
149,191
149,192
149,195
149,197
149,199
150,152
150,153
150,154
150,155
150,156
150,158
150,159
150,160
150,161
150,162
150,163
150,164
150,165
150,167
150,169
150,170
150,171
150,172
150,173
150,174
150,176
150,177
150,179
150,180
150,181
150,182
150,183
150,184
150,185
150,187
150,188
150,189
150,190
150,191
150,193
150,194
150,195
150,196
150,197
150,199
151,152
151,153
151,154
151,155
151,156
151,158
151,159
151,160
151,161
151,162
151,163
151,164
151,165
151,166
152,154
152,156
152,158
152,159
152,160
152,161
152,162
152,163
152,164
152,165
152,166
152,167
152,169
152,170
152,172
152,174
152,176
152,177
152,178
152,180
152,181
152,182
152,183
152,185
152,187
152,188
152,190
152,191
152,192
153,155
153,156
153,158
153,159
154,156
154,160
154,161
154,162
154,163
154,164
154,165
154,166
154,169
154,170
154,171
154,172
154,174
154,176
154,178
154,179
154,180
154,181
154,183
154,187
154,189
155,156
155,158
155,159
155,161
155,162
155,163
155,164
155,166
155,167
155,170
155,171
155,172
155,174
155,176
155,177
155,178
155,179
155,180
155,181
155,183
155,184
155,185
155,187
155,188
155,189
155,190
155,191
155,192
155,193
155,194
155,195
155,196
155,199
156,159
156,160
156,161
156,162
156,163
156,164
156,165
156,166
156,167
156,168
156,169
156,170
156,171
156,172
156,174
156,175
156,176
156,177
156,178
156,179
156,180
156,181
156,182
156,184
156,185
156,189
156,193
156,194
157,160
157,162
157,163
157,164
157,165
157,166
157,168
157,171
157,172
157,173
157,175
157,176
157,177
158,159
159,162
159,165
159,166
159,167
159,168
159,170
159,172
159,173
159,174
159,175
159,176
159,178
159,179
159,180
159,184
159,185
159,189
159,193
159,194
160,161
160,162
160,164
160,165
160,166
160,168
160,169
160,172
160,173
160,174
160,179
160,180
160,182
160,183
160,186
160,187
160,188
160,189
160,191
160,192
161,163
161,164
161,165
161,166
161,167
161,170
161,172
161,173
161,175
161,177
161,178
161,179
161,180
161,182
161,183
161,185
161,186
161,187
161,188
161,196
161,197
161,198
161,199
162,163
162,164
162,165
162,166
162,170
162,172
162,173
162,174
162,179
162,180
162,181
162,182
162,186
162,187
162,188
162,189
162,192
162,195
162,196
162,197
162,199
163,164
163,165
163,166
163,167
163,168
163,169
163,172
163,174
163,176
163,177
163,179
163,180
163,181
163,182
163,183
163,185
163,186
163,187
163,188
163,189
163,190
163,191
163,192
163,196
163,197
163,198
163,199
164,166
164,167
164,168
164,169
164,170
164,171
164,172
164,173
164,174
164,175
164,176
164,177
164,178
164,179
164,180
164,181
164,182
164,185
164,186
164,187
164,188
164,189
164,190
164,191
164,192
164,196
164,197
164,198
164,199
165,171
165,172
165,175
165,177
165,178
165,181
165,182
165,183
165,186
165,187
165,188
165,189
165,190
165,191
165,192
165,196
165,197
165,198
166,167
166,168
166,169
166,170
166,172
166,173
166,174
166,175
166,176
166,177
166,178
166,179
166,180
166,181
166,182
166,183
166,186
166,187
166,188
166,189
166,190
166,196
166,198
167,168
167,169
167,170
167,171
167,172
167,173
167,174
167,175
167,176
167,177
167,178
167,180
167,181
167,182
167,184
167,185
167,186
167,187
167,188
167,189
167,190
167,191
167,192
167,193
167,194
167,195
168,169
168,170
168,173
168,174
168,176
168,177
168,179
168,180
168,183
168,186
168,187
168,188
168,189
168,190
168,191
168,192
168,198
168,199
169,172
169,173
169,174
169,175
169,176
169,177
169,178
169,179
169,180
169,181
169,182
169,183
169,187
170,172
170,173
170,174
170,175
170,176
170,177
170,179
170,180
170,182
170,184
170,185
170,186
170,187
170,189
170,191
170,192
170,193
170,194
170,195
170,196
170,197
170,198
170,199
171,173
171,174
171,175
171,176
171,177
171,178
171,182
171,183
171,184
171,185
171,187
171,188
171,189
171,191
171,192
171,195
171,196
171,199
172,173
172,174
172,175
172,176
172,177
172,179
172,180
172,181
172,183
172,184
172,185
172,186
172,187
172,188
172,189
172,190
172,192
172,195
172,196
172,197
172,198
173,174
173,177
173,178
173,180
173,181
173,182
173,183
173,188
173,189
173,190
173,191
173,192
173,195
173,196
174,177
174,179
174,180
174,181
174,183
174,184
174,185
174,187
174,188
174,189
174,190
174,191
174,193
174,194
175,176
175,178
175,179
175,180
175,181
175,183
175,184
175,185
175,186
175,188
175,189
175,190
175,192
175,195
175,198
175,199
176,177
176,179
176,180
176,181
176,183
176,184
176,185
176,186
176,188
176,189
176,191
176,192
176,195
176,196
176,197
176,198
176,199
177,178
177,179
177,180
177,181
177,182
177,183
177,185
177,186
177,187
177,188
177,189
177,195
177,197
177,199
178,179
178,180
178,182
178,186
178,187
178,188
178,189
178,193
178,195
178,196
178,197
178,198
178,199
179,180
179,181
179,182
179,183
179,187
179,190
180,181
180,182
180,183
180,184
180,185
180,186
180,189
180,193
180,194
180,196
180,197
180,198
180,199
181,182
181,183
181,185
181,186
181,187
181,190
181,195
181,197
181,199
182,183
182,184
182,186
182,189
183,184
183,186
183,187
183,195
183,197
183,198
183,199
184,185
184,186
184,188
184,189
184,190
184,193
184,194
184,195
184,196
184,197
184,198
184,199
185,188
185,189
185,190
185,192
185,193
185,194
185,195
185,196
185,197
185,198
185,199
186,188
186,189
186,190
186,191
186,192
186,195
186,196
186,197
186,199
187,189
187,190
187,191
187,192
187,193
187,196
187,197
187,198
187,199
188,189
188,190
188,195
188,196
188,197
188,198
188,199
189,191
189,192
189,193
189,194
189,196
189,197
189,198
189,199
190,193
190,196
190,197
191,192
191,195
191,196
191,197
191,198
191,199
193,194
193,195
193,197
193,199
195,196
195,197
195,198
195,199
196,197
196,199
197,198
198,199
