0,1
0,2
0,3
0,4
0,5
0,6
0,7
0,8
0,9
0,10
0,11
0,12
0,13
0,14
0,15
0,16
0,17
0,18
0,19
0,20
0,21
0,22
0,23
0,24
0,25
0,26
0,27
0,28
0,29
0,30
0,31
0,32
0,33
0,34
0,35
0,36
0,37
0,38
0,39
1,2
1,3
1,4
1,5
1,6
1,7
1,8
1,9
1,10
1,11
1,12
1,13
1,14
1,15
1,16
1,17
1,18
1,19
1,20
1,21
1,22
1,23
1,24
1,25
1,26
1,27
1,28
1,29
1,30
1,31
1,32
1,33
1,34
1,35
1,36
1,37
1,38
1,39
1,100
1,108
1,116
1,119
1,121
2,3
2,4
2,5
2,6
2,7
2,8
2,9
2,10
2,11
2,12
2,13
2,14
2,15
2,16
2,17
2,18
2,19
2,20
2,21
2,22
2,23
2,24
2,25
2,26
2,27
2,28
2,29
2,30
2,31
2,32
2,33
2,34
2,35
2,36
2,37
2,38
2,39
2,64
2,66
2,73
2,76
2,84
3,4
3,5
3,6
3,7
3,8
3,9
3,10
3,11
3,12
3,13
3,14
3,15
3,16
3,17
3,18
3,19
3,20
3,21
3,22
3,23
3,24
3,25
3,26
3,27
3,28
3,29
3,30
3,31
3,32
3,33
3,34
3,35
3,36
3,37
3,38
3,39
3,55
3,56
3,57
3,58
3,61
3,64
3,66
3,73
3,75
3,76
3,80
3,83
3,84
3,88
3,91
3,92
3,95
3,96
3,98
3,100
4,5
4,6
4,7
4,8
4,9
4,10
4,11
4,12
4,13
4,14
4,15
4,16
4,17
4,18
4,19
4,20
4,21
4,22
4,23
4,24
4,25
4,26
4,27
4,28
4,29
4,30
4,31
4,32
4,33
4,34
4,35
4,36
4,37
4,38
4,39
4,45
4,50
4,52
4,54
4,55
4,56
4,57
4,58
5,6
5,7
5,8
5,9
5,10
5,11
5,12
5,13
5,14
5,15
5,16
5,17
5,18
5,19
5,20
5,21
5,22
5,23
5,24
5,25
5,26
5,27
5,28
5,29
5,30
5,31
5,32
5,33
5,34
5,35
5,36
5,37
5,38
5,39
5,42
5,43
5,46
5,50
5,51
5,52
5,53
5,54
5,55
5,56
5,57
5,58
5,59
5,61
5,62
5,64
5,66
5,67
5,71
5,72
5,73
5,75
5,76
5,77
5,78
5,79
5,80
5,83
5,84
5,88
5,90
5,91
5,92
5,95
5,96
5,97
5,98
5,100
5,101
5,103
5,107
5,108
5,116
5,117
6,7
6,8
6,9
6,10
6,11
6,12
6,13
6,14
6,15
6,16
6,17
6,18
6,19
6,20
6,21
6,22
6,23
6,24
6,25
6,26
6,27
6,28
6,29
6,30
6,31
6,32
6,33
6,34
6,35
6,36
6,37
6,38
6,39
6,42
6,44
6,47
6,50
6,51
6,52
6,53
6,54
6,55
6,56
6,57
6,58
6,59
6,62
6,64
6,70
6,82
6,83
6,84
6,85
6,93
6,100
6,111
6,112
6,113
6,116
6,120
6,121
6,122
6,124
6,129
6,141
6,143
6,144
6,157
6,168
6,173
6,177
6,179
6,182
6,189
6,191
6,195
7,8
7,9
7,10
7,11
7,12
7,13
7,14
7,15
7,16
7,17
7,18
7,19
7,20
7,21
7,22
7,23
7,24
7,25
7,26
7,27
7,28
7,29
7,30
7,31
7,32
7,33
7,34
7,35
7,36
7,37
7,38
7,39
7,45
7,46
7,47
7,48
7,49
7,50
7,51
7,52
7,53
8,9
8,10
8,11
8,12
8,13
8,14
8,15
8,16
8,17
8,18
8,19
8,20
8,21
8,22
8,23
8,24
8,25
8,26
8,27
8,28
8,29
8,30
8,31
8,32
8,33
8,34
8,35
8,36
8,37
8,38
8,39
8,42
8,43
8,44
8,46
8,47
8,48
8,49
8,50
8,51
8,52
8,54
8,55
8,56
8,57
8,58
8,59
8,60
8,61
8,62
8,63
8,64
8,66
8,67
8,70
8,71
8,72
8,73
8,75
8,76
8,77
8,78
8,79
8,80
8,81
8,83
9,10
9,11
9,12
9,13
9,14
9,15
9,16
9,17
9,18
9,19
9,20
9,21
9,22
9,23
9,24
9,25
9,26
9,27
9,28
9,29
9,30
9,31
9,32
9,33
9,34
9,35
9,36
9,37
9,38
9,39
9,45
9,46
9,47
10,11
10,12
10,13
10,14
10,15
10,16
10,17
10,18
10,19
10,20
10,21
10,22
10,23
10,24
10,25
10,26
10,27
10,28
10,29
10,30
10,31
10,32
10,33
10,34
10,35
10,36
10,37
10,38
10,39
11,12
11,13
11,14
11,15
11,16
11,17
11,18
11,19
11,20
11,21
11,22
11,23
11,24
11,25
11,26
11,27
11,28
11,29
11,30
11,31
11,32
11,33
11,34
11,35
11,36
11,37
11,38
11,39
11,50
11,51
11,53
11,54
11,55
11,56
11,57
11,58
11,59
11,60
11,61
11,62
11,63
11,66
11,67
11,70
12,13
12,14
12,15
12,16
12,17
12,18
12,19
12,20
12,21
12,22
12,23
12,24
12,25
12,26
12,27
12,28
12,29
12,30
12,31
12,32
12,33
12,34
12,35
12,36
12,37
12,38
12,39
13,14
13,15
13,16
13,17
13,18
13,19
13,20
13,21
13,22
13,23
13,24
13,25
13,26
13,27
13,28
13,29
13,30
13,31
13,32
13,33
13,34
13,35
13,36
13,37
13,38
13,39
13,46
13,47
13,48
13,49
13,50
13,51
13,52
13,53
13,54
13,56
13,57
13,58
13,59
13,60
13,61
13,62
13,63
13,64
13,65
13,66
13,67
13,68
13,70
13,71
13,72
14,15
14,16
14,17
14,18
14,19
14,20
14,21
14,22
14,23
14,24
14,25
14,26
14,27
14,28
14,29
14,30
14,31
14,32
14,33
14,34
14,35
14,36
14,37
14,38
14,39
14,42
14,44
14,45
14,46
14,47
14,48
14,49
14,50
14,51
14,52
14,53
14,54
14,55
14,56
14,57
14,58
14,59
14,60
14,61
14,62
14,63
14,64
14,65
14,66
14,67
14,68
14,69
14,70
14,71
14,72
14,74
14,75
14,76
14,78
14,79
14,80
14,81
14,82
14,83
14,84
14,85
14,86
14,87
14,88
14,90
14,92
14,93
14,97
14,98
14,100
14,101
14,102
14,104
14,106
14,107
14,108
14,109
14,111
14,112
14,113
14,115
14,116
14,117
14,119
14,120
14,121
14,122
14,124
14,126
14,129
14,131
14,133
14,141
14,143
14,144
14,145
14,147
14,149
14,152
14,153
14,155
14,156
14,157
14,158
14,164
14,165
14,168
14,173
14,177
14,178
14,179
14,181
14,182
14,185
14,186
14,188
14,189
14,191
14,195
15,16
15,17
15,18
15,19
15,20
15,21
15,22
15,23
15,24
15,25
15,26
15,27
15,28
15,29
15,30
15,31
15,32
15,33
15,34
15,35
15,36
15,37
15,38
15,39
16,17
16,18
16,19
16,20
16,21
16,22
16,23
16,24
16,25
16,26
16,27
16,28
16,29
16,30
16,31
16,32
16,33
16,34
16,35
16,36
16,37
16,38
16,39
17,18
17,19
17,20
17,21
17,22
17,23
17,24
17,25
17,26
17,27
17,28
17,29
17,30
17,31
17,32
17,33
17,34
17,35
17,36
17,37
17,38
17,39
17,42
17,44
17,46
17,47
17,48
17,49
17,50
17,51
17,53
17,54
17,55
17,56
17,58
17,60
17,61
17,62
17,63
17,64
17,65
17,66
17,67
17,68
17,69
17,70
17,71
17,72
17,74
17,77
17,78
17,80
17,81
17,82
17,83
17,84
17,85
17,87
17,88
17,89
17,90
17,91
17,92
17,93
17,96
17,97
17,98
17,99
17,100
17,101
17,103
17,104
17,105
17,107
17,108
17,109
17,110
17,111
17,112
17,113
17,114
17,115
17,116
17,117
17,119
17,120
17,121
17,122
17,123
17,124
17,126
17,129
17,131
17,133
17,135
17,136
17,137
17,141
17,142
17,143
17,144
17,145
17,146
17,147
17,148
17,149
17,152
17,153
17,155
17,156
17,157
17,158
17,159
17,160
17,161
17,162
17,164
17,165
17,167
17,168
17,169
17,173
17,177
17,179
17,182
17,189
17,191
17,195
18,19
18,20
18,21
18,22
18,23
18,24
18,25
18,26
18,27
18,28
18,29
18,30
18,31
18,32
18,33
18,34
18,35
18,36
18,37
18,38
18,39
18,46
18,47
18,48
18,49
18,50
18,51
18,52
18,53
18,54
18,55
18,56
18,57
18,58
18,60
18,61
18,62
18,63
18,64
19,20
19,21
19,22
19,23
19,24
19,25
19,26
19,27
19,28
19,29
19,30
19,31
19,32
19,33
19,34
19,35
19,36
19,37
19,38
19,39
19,49
19,50
19,51
19,52
19,53
19,54
19,55
19,56
19,57
19,58
19,59
19,60
19,61
19,62
19,64
19,65
19,66
20,21
20,22
20,23
20,24
20,25
20,26
20,27
20,28
20,29
20,30
20,31
20,32
20,33
20,34
20,35
20,36
20,37
20,38
20,39
20,42
20,44
20,51
20,53
20,55
20,62
20,64
20,70
20,82
20,83
20,84
20,85
20,93
20,100
20,111
20,112
20,113
20,116
20,120
20,121
20,122
20,124
20,129
20,141
20,143
20,144
20,157
20,168
20,173
20,177
20,179
20,182
20,189
20,191
20,195
21,22
21,23
21,24
21,25
21,26
21,27
21,28
21,29
21,30
21,31
21,32
21,33
21,34
21,35
21,36
21,37
21,38
21,39
22,23
22,24
22,25
22,26
22,27
22,28
22,29
22,30
22,31
22,32
22,33
22,34
22,35
22,36
22,37
22,38
22,39
22,42
22,43
22,44
22,45
22,46
22,47
22,48
22,49
22,50
22,51
22,52
22,53
22,54
22,55
22,56
22,57
22,58
22,59
22,60
22,61
22,62
22,63
22,64
22,65
22,66
22,67
22,68
22,69
22,70
22,72
22,74
22,75
22,76
22,77
22,78
22,79
22,81
22,83
22,86
22,88
22,89
22,90
22,91
22,93
22,95
22,96
22,99
22,100
22,101
22,102
22,103
22,104
22,105
22,106
22,107
22,108
22,109
22,110
22,111
22,114
22,115
22,117
22,118
22,119
22,122
22,125
22,126
22,129
22,131
22,132
22,133
22,135
22,136
22,137
22,139
22,140
22,142
22,146
22,147
22,148
22,153
22,154
22,155
22,156
22,158
22,159
22,160
22,162
22,163
22,164
22,165
22,166
22,173
22,174
23,24
23,25
23,26
23,27
23,28
23,29
23,30
23,31
23,32
23,33
23,34
23,35
23,36
23,37
23,38
23,39
23,42
23,43
23,44
23,45
23,47
23,48
23,49
23,50
23,51
23,52
23,53
23,54
23,55
23,56
23,58
23,59
23,60
23,61
23,62
23,63
23,64
23,65
23,66
23,69
23,70
23,71
23,72
23,73
23,74
23,75
23,76
23,77
23,78
23,79
23,81
23,83
23,86
23,87
23,88
23,89
23,90
23,91
23,92
23,93
23,94
23,95
23,97
23,98
23,99
23,100
23,101
23,102
23,103
23,104
23,105
23,106
23,107
23,108
23,109
23,110
23,112
23,114
23,115
23,116
23,117
23,118
23,119
23,121
23,122
23,123
23,125
23,126
23,128
23,129
23,131
23,132
23,133
23,134
23,135
23,136
23,137
23,139
23,140
23,141
23,142
23,143
23,145
23,146
23,147
23,148
23,149
23,150
23,151
23,152
23,153
24,25
24,26
24,27
24,28
24,29
24,30
24,31
24,32
24,33
24,34
24,35
24,36
24,37
24,38
24,39
24,42
24,44
24,46
24,47
24,48
24,49
24,50
24,51
24,52
24,53
24,54
24,55
24,56
24,57
24,58
24,60
24,61
24,62
24,63
24,64
24,65
24,66
24,67
24,68
24,69
24,70
24,71
24,72
24,73
24,74
24,75
24,76
24,77
24,78
24,79
24,80
24,81
24,82
24,83
24,84
24,85
24,86
24,87
24,88
24,89
24,90
24,91
24,92
24,93
24,94
24,95
24,96
24,97
24,98
24,99
24,100
24,101
24,102
24,104
24,105
24,106
24,107
24,108
24,109
24,110
24,111
24,112
24,113
24,114
24,115
24,116
24,118
24,119
24,120
24,121
24,122
24,123
24,124
24,125
24,126
24,127
24,129
24,141
24,143
24,144
24,157
24,168
24,173
24,177
24,179
24,182
24,189
24,191
24,195
25,26
25,27
25,28
25,29
25,30
25,31
25,32
25,33
25,34
25,35
25,36
25,37
25,38
25,39
25,43
25,44
25,45
25,47
25,49
25,50
25,51
25,52
25,53
25,54
25,55
25,56
26,27
26,28
26,29
26,30
26,31
26,32
26,33
26,34
26,35
26,36
26,37
26,38
26,39
26,44
26,45
26,47
26,48
26,49
26,50
27,28
27,29
27,30
27,31
27,32
27,33
27,34
27,35
27,36
27,37
27,38
27,39
27,47
27,49
27,50
27,52
27,53
27,54
27,55
27,56
27,57
27,58
27,59
27,60
27,61
27,62
27,63
27,64
27,65
27,66
27,67
27,68
27,69
27,70
27,71
27,72
27,73
27,74
27,75
27,76
27,77
27,78
27,79
27,80
27,81
27,83
27,86
27,87
27,88
27,89
27,90
28,29
28,30
28,31
28,32
28,33
28,34
28,35
28,36
28,37
28,38
28,39
29,30
29,31
29,32
29,33
29,34
29,35
29,36
29,37
29,38
29,39
29,44
29,45
30,31
30,32
30,33
30,34
30,35
30,36
30,37
30,38
30,39
30,43
30,44
30,45
30,46
30,47
30,48
30,49
30,50
30,51
30,52
30,53
30,54
30,55
30,56
30,57
30,58
30,59
30,60
30,61
30,62
30,64
30,65
30,66
30,67
30,68
30,69
30,70
30,72
30,73
30,74
30,76
30,77
30,79
30,80
30,81
30,83
30,84
30,88
30,89
30,90
30,91
30,93
30,94
30,95
30,96
30,97
30,100
30,103
30,104
30,105
30,106
30,107
30,108
30,109
30,111
30,112
30,114
30,116
30,117
30,118
30,119
30,121
30,122
30,123
30,126
30,127
30,128
30,129
30,132
30,135
30,136
30,137
30,140
31,32
31,33
31,34
31,35
31,36
31,37
31,38
31,39
31,45
31,46
31,47
31,48
31,49
31,50
31,51
31,52
32,33
32,34
32,35
32,36
32,37
32,38
32,39
32,44
32,45
32,46
32,47
32,48
32,49
32,50
32,51
32,53
32,54
32,55
32,56
32,57
32,58
32,59
32,60
32,61
32,62
32,63
32,64
32,65
32,67
32,68
32,69
32,70
32,71
32,72
32,73
32,74
32,75
32,76
32,77
32,78
32,79
32,80
32,81
32,83
32,84
32,85
32,86
33,34
33,35
33,36
33,37
33,38
33,39
33,52
33,53
33,54
33,55
33,56
33,57
33,58
33,59
33,60
33,61
33,62
33,63
33,64
33,65
33,66
33,67
33,68
33,69
33,70
33,71
33,72
33,73
33,74
34,35
34,36
34,37
34,38
34,39
34,45
34,46
34,47
34,48
34,49
34,50
34,51
34,52
34,53
34,54
34,55
34,56
34,57
34,58
34,59
34,60
34,61
34,62
34,63
34,64
34,65
34,66
34,67
34,68
34,69
34,70
34,72
34,73
34,75
34,76
34,77
34,78
34,79
34,80
34,81
34,83
34,84
34,85
34,86
34,87
34,88
34,89
34,90
34,91
34,92
34,93
34,94
34,95
34,96
34,97
34,98
34,99
34,100
34,101
34,103
34,104
34,105
34,107
34,108
34,109
34,110
34,111
34,112
34,113
34,114
34,117
34,118
34,121
34,122
34,123
34,125
34,126
34,127
34,128
34,129
34,130
34,131
34,132
34,133
34,134
34,136
34,137
35,36
35,37
35,38
35,39
35,48
35,49
35,50
35,51
35,52
35,53
35,54
35,55
35,56
35,57
35,58
35,59
35,60
35,61
35,62
35,63
35,64
35,65
35,66
35,67
35,68
35,69
35,70
35,71
35,72
35,73
35,74
35,75
35,76
35,77
35,78
35,79
35,80
36,37
36,38
36,39
36,50
36,51
36,53
36,54
36,55
36,56
36,57
36,58
36,59
36,60
36,61
36,62
36,63
36,64
36,65
36,66
36,67
36,68
36,69
37,38
38,39
39,45
39,46
39,47
39,48
39,49
39,50
39,51
39,52
39,53
39,54
39,55
39,56
39,57
39,58
39,59
39,60
39,61
39,62
39,63
39,64
39,65
39,66
39,67
39,69
39,70
39,71
39,72
39,74
39,77
39,78
39,79
39,80
39,82
39,84
39,87
39,88
39,90
39,91
39,92
39,93
39,94
39,95
39,96
39,97
39,98
39,99
39,100
39,101
39,103
39,104
39,105
39,107
39,108
39,109
39,110
39,111
39,112
39,114
39,115
39,117
39,118
39,122
39,123
39,124
39,125
39,126
39,127
39,128
39,129
39,130
39,131
39,132
39,133
39,134
39,135
39,136
39,137
39,143
39,145
39,147
39,149
39,154
39,155
39,156
39,162
39,164
39,169
39,172
39,173
39,175
39,181
40,43
40,44
40,45
40,46
40,47
40,48
40,49
40,50
40,51
40,52
40,53
40,54
40,55
41,42
41,44
41,45
41,46
41,47
41,48
41,49
41,50
41,51
41,52
41,54
41,55
41,56
41,57
41,58
41,59
41,60
41,61
41,62
41,63
41,64
41,65
42,43
42,44
42,45
42,46
42,48
42,49
42,51
42,53
42,55
42,62
42,64
42,70
42,82
42,83
42,84
42,85
42,93
42,100
42,111
42,112
42,113
42,116
42,120
42,121
42,122
42,124
42,129
42,141
42,143
42,144
42,157
42,168
42,173
42,177
42,179
42,182
42,189
42,191
42,195
43,44
43,45
43,46
43,47
43,48
43,50
43,51
43,52
43,53
43,54
43,55
43,56
43,57
43,58
43,59
43,60
43,61
43,62
43,63
43,64
43,65
43,66
43,67
43,68
43,69
43,71
43,72
43,73
43,74
43,76
43,77
43,78
43,79
43,80
43,81
43,82
43,84
43,85
43,87
43,88
43,89
43,91
43,94
43,95
43,96
43,99
43,100
43,101
43,103
43,104
43,105
43,106
43,107
43,108
43,109
43,110
43,111
43,112
43,113
43,115
43,116
43,117
43,118
44,45
44,46
44,47
44,49
44,50
44,51
44,52
44,53
44,54
44,55
44,62
44,64
44,70
44,82
44,83
44,84
44,85
44,93
44,100
44,111
44,112
44,113
44,116
44,120
44,121
44,122
44,124
44,129
44,141
44,143
44,144
44,157
44,168
44,173
44,177
44,179
44,182
44,189
44,191
44,195
45,46
45,47
45,48
45,49
45,50
45,51
45,52
45,53
45,54
45,55
45,56
45,57
45,58
45,59
45,60
45,61
45,62
45,63
45,64
45,65
45,66
45,67
46,47
46,48
46,49
46,50
46,51
46,52
46,53
46,54
46,55
46,56
46,57
46,58
46,59
46,60
46,61
46,62
46,63
46,64
46,65
46,67
46,68
46,69
46,70
46,71
46,72
46,74
46,75
46,77
46,78
46,79
46,80
46,81
46,82
46,83
46,84
46,86
46,87
46,88
46,90
46,91
46,92
46,93
46,94
46,95
46,96
46,97
46,99
46,100
46,101
47,49
47,50
47,51
47,52
47,53
47,54
47,55
47,57
47,58
47,59
47,60
47,61
47,62
47,64
47,65
47,66
47,67
47,68
47,70
47,71
47,72
47,73
47,74
47,75
47,76
47,77
47,78
47,79
47,80
47,81
47,82
48,49
48,50
48,51
48,52
48,53
48,54
48,55
48,57
48,58
48,59
48,60
48,61
48,63
48,65
48,66
48,67
48,68
48,69
48,70
48,71
48,73
49,50
49,51
50,52
50,53
50,54
50,55
50,56
50,57
50,58
50,59
50,60
50,61
50,62
51,52
51,53
51,54
51,55
51,57
51,58
51,59
51,60
51,61
51,62
51,64
51,65
51,66
51,67
51,68
51,69
51,70
51,71
51,72
51,73
51,74
51,75
51,76
51,77
51,78
51,82
51,83
51,84
51,85
51,93
51,100
51,111
51,112
51,113
51,116
51,120
51,121
51,122
51,124
51,129
51,141
51,143
51,144
51,157
51,168
51,173
51,177
51,179
51,182
51,189
51,191
51,195
52,53
52,54
52,55
52,57
52,58
52,59
52,60
52,61
52,62
52,63
52,64
52,65
52,66
52,67
52,68
52,69
52,70
52,71
52,72
52,73
52,74
52,75
52,76
52,77
52,78
52,79
52,80
52,83
52,84
52,85
52,86
52,87
52,88
52,90
52,91
52,93
52,96
52,97
52,99
52,100
52,104
52,106
52,108
52,109
52,111
52,112
52,113
52,114
52,116
52,117
52,122
52,123
53,54
53,55
53,56
53,57
53,58
53,59
53,60
53,61
53,62
53,63
53,64
53,65
53,66
53,67
53,68
53,69
53,70
53,71
53,72
53,73
53,74
53,75
53,82
53,83
53,84
53,85
53,93
53,100
53,111
53,112
53,113
53,116
53,120
53,121
53,122
53,124
53,129
53,141
53,143
53,144
53,157
53,168
53,173
53,177
53,179
53,182
53,189
53,191
53,195
54,55
54,56
54,57
54,58
54,59
54,60
54,61
54,62
54,63
54,64
54,65
54,66
54,67
54,68
54,69
54,70
54,71
54,72
54,73
54,75
54,76
54,77
54,78
54,79
54,80
54,81
54,83
54,84
54,85
54,86
54,88
55,56
55,57
55,62
55,64
55,70
55,82
55,83
55,84
55,85
55,93
55,100
55,111
55,112
55,113
55,116
55,120
55,121
55,122
55,124
55,129
55,141
55,143
55,144
55,157
55,168
55,173
55,177
55,179
55,182
55,189
55,191
55,195
56,57
56,58
56,59
56,60
56,61
56,63
56,64
56,65
56,66
56,67
56,68
56,69
56,70
56,71
56,72
56,73
56,74
56,75
56,76
56,77
56,78
56,79
56,80
56,81
56,82
56,83
56,85
56,86
56,88
56,89
56,90
56,92
56,93
56,94
56,95
56,96
56,97
56,99
56,100
56,101
56,102
56,103
56,104
56,105
56,106
56,107
56,108
56,109
56,110
56,111
56,112
56,113
56,114
56,115
56,116
56,117
56,121
56,122
56,123
56,125
56,128
56,129
56,130
56,131
56,134
56,135
56,137
56,140
56,141
56,142
56,146
56,147
57,58
57,59
57,60
57,61
57,62
57,63
57,64
57,65
57,66
57,67
57,68
57,69
57,70
57,71
57,72
57,73
57,75
57,76
57,78
57,79
57,80
57,81
57,83
57,85
57,86
57,87
57,88
57,89
57,90
57,91
57,92
57,93
57,94
57,95
58,59
58,60
58,61
59,61
59,63
59,65
59,66
59,67
59,69
59,70
59,71
60,61
60,62
60,63
60,64
60,65
60,66
60,67
60,68
60,69
60,70
60,71
60,72
60,73
60,74
60,75
60,76
60,77
60,78
60,79
61,62
61,63
61,64
61,65
61,66
61,67
61,68
61,69
61,70
61,71
61,72
61,73
61,74
61,75
61,76
61,77
62,63
62,64
62,65
62,66
62,68
62,70
62,82
62,83
62,84
62,85
62,93
62,100
62,111
62,112
62,113
62,116
62,120
62,121
62,122
62,124
62,129
62,141
62,143
62,144
62,157
62,168
62,173
62,177
62,179
62,182
62,189
62,191
62,195
64,65
64,66
64,67
64,68
64,69
64,70
64,72
64,73
64,74
64,75
64,76
64,77
64,78
64,79
64,80
64,81
64,82
64,83
64,84
64,85
64,86
64,87
64,88
64,89
64,90
64,91
64,92
64,93
64,94
64,95
64,96
64,98
64,99
64,100
64,101
64,102
64,103
64,104
64,105
64,106
64,107
64,108
64,109
64,110
64,111
64,112
64,113
64,114
64,116
64,117
64,118
64,119
64,120
64,121
64,122
64,123
64,124
64,127
64,128
64,129
64,130
64,131
64,132
64,133
64,134
64,135
64,136
64,139
64,140
64,141
64,142
64,143
64,144
64,146
64,148
64,149
64,151
64,155
64,157
64,160
64,163
64,164
64,166
64,168
64,169
64,171
64,172
64,173
64,174
64,177
64,179
64,182
64,189
64,191
64,195
65,66
65,67
65,68
65,69
65,70
65,71
65,73
65,74
65,75
65,77
65,78
65,79
65,80
65,81
65,82
65,83
65,84
65,86
65,87
65,88
65,89
65,90
65,91
65,92
65,93
65,94
65,95
65,96
65,98
66,67
66,68
66,69
66,70
66,71
66,72
66,73
66,74
66,75
66,76
66,77
66,78
66,79
66,80
66,81
66,82
66,83
66,84
66,86
66,87
66,88
66,89
66,90
66,91
66,92
66,93
66,94
66,96
66,97
66,98
66,99
66,100
66,101
66,102
66,103
66,104
66,105
66,107
66,108
66,110
66,112
66,113
66,115
66,116
66,117
66,119
66,121
66,122
66,123
66,124
66,125
66,126
66,127
66,128
66,129
66,130
66,131
66,134
66,135
66,136
66,139
66,141
66,142
66,143
66,144
66,145
66,146
66,147
66,148
66,149
66,150
66,152
66,154
66,155
66,156
66,158
66,160
66,163
66,164
66,165
66,167
66,168
66,169
66,171
66,172
66,174
66,177
66,178
66,183
66,188
66,190
67,68
67,69
67,70
67,72
67,73
67,74
67,75
67,76
67,77
67,78
67,80
67,81
67,83
67,84
67,85
67,86
67,87
67,88
67,89
67,90
67,91
67,93
67,94
67,95
67,96
67,97
67,98
67,99
67,100
67,101
67,102
67,104
67,105
67,106
67,107
67,108
67,109
67,110
67,111
67,112
67,113
68,69
68,70
68,71
68,72
68,73
68,74
68,75
68,76
68,77
68,78
68,79
69,70
69,71
69,72
69,73
69,74
69,75
69,76
70,71
70,72
70,73
70,74
70,75
70,76
70,78
70,79
70,80
70,81
70,82
70,83
70,84
70,85
70,86
70,87
70,93
70,100
70,111
70,112
70,113
70,116
70,120
70,121
70,122
70,124
70,129
70,141
70,143
70,144
70,157
70,168
70,173
70,177
70,179
70,182
70,189
70,191
70,195
71,72
71,73
71,74
71,75
71,76
71,78
71,79
71,80
71,81
71,82
71,83
71,84
71,85
71,86
71,87
71,88
71,89
71,90
71,91
71,92
71,93
71,94
71,95
71,96
71,97
71,99
71,100
71,101
71,102
71,103
71,104
71,105
71,106
72,73
72,74
72,75
72,76
72,77
72,78
72,79
72,81
72,82
72,83
72,84
72,85
72,86
72,87
72,88
72,89
72,90
72,91
72,92
72,93
72,94
72,95
72,96
73,74
73,75
73,76
73,78
73,79
73,80
73,81
73,82
73,83
73,84
73,85
73,86
73,88
73,89
73,90
73,91
73,92
73,93
73,94
73,95
73,96
73,97
73,98
73,99
73,100
73,101
73,102
73,105
73,106
73,107
73,108
73,109
73,110
73,113
73,114
73,117
73,118
73,119
73,122
73,123
73,125
73,126
73,127
73,128
73,129
73,130
73,131
73,133
73,134
73,136
73,140
73,141
73,142
73,143
73,144
73,145
73,147
73,148
73,149
73,150
73,151
73,152
73,153
73,155
73,156
73,157
73,158
73,160
73,163
73,164
73,167
73,168
73,169
73,171
73,172
73,174
73,175
73,177
73,180
73,181
73,183
73,186
74,75
74,76
74,77
74,78
74,79
74,80
74,81
74,82
74,83
74,84
74,85
74,86
74,87
74,88
74,89
74,90
74,91
74,92
75,76
75,77
75,78
75,79
75,80
75,81
75,82
75,83
75,84
75,85
75,86
75,87
75,88
75,89
75,90
75,91
75,93
75,94
75,95
75,96
75,97
75,98
75,99
75,100
75,101
75,102
75,103
75,104
75,105
75,106
75,107
75,108
75,109
75,113
75,114
75,115
75,116
75,117
75,118
75,119
75,122
75,123
75,125
75,126
75,128
75,129
75,130
75,131
75,132
75,133
75,135
75,136
75,137
75,138
75,139
75,140
75,142
75,144
75,146
75,147
75,148
75,149
75,150
75,151
75,152
75,153
75,154
76,77
76,78
76,79
76,80
76,81
76,82
76,84
76,85
76,86
76,87
76,88
76,89
76,90
76,92
76,93
76,94
76,95
76,96
76,97
76,98
76,99
76,100
76,101
76,102
76,103
76,104
76,105
76,106
76,107
76,108
76,109
76,110
76,111
76,112
76,113
76,114
76,115
76,116
76,117
76,119
76,120
76,122
76,123
76,124
76,125
76,126
76,127
76,128
76,129
76,130
76,131
76,132
76,133
76,134
76,135
76,136
76,137
76,138
76,139
76,140
76,141
76,143
76,144
76,145
76,146
76,147
76,148
76,149
76,150
76,151
76,152
76,155
76,156
76,158
76,159
76,160
76,163
76,164
76,165
76,166
77,78
77,80
77,81
77,82
77,83
77,84
77,85
77,86
77,87
77,88
77,89
77,90
77,91
77,92
77,93
77,94
78,79
78,80
78,81
78,82
78,83
78,84
79,80
79,81
79,82
79,83
79,84
79,85
79,86
79,87
79,88
79,89
79,90
79,91
79,92
79,93
79,95
79,97
79,98
79,99
79,100
79,101
79,102
79,103
79,104
79,105
79,107
80,81
80,82
80,83
80,84
80,85
80,86
80,87
80,88
80,89
81,82
81,83
81,84
81,85
81,86
81,87
81,88
81,89
81,90
81,91
81,92
82,83
82,84
82,85
82,86
82,87
82,88
82,89
82,90
82,93
82,100
82,111
82,112
82,113
82,116
82,120
82,121
82,122
82,124
82,129
82,141
82,143
82,144
82,157
82,168
82,173
82,177
82,179
82,182
82,189
82,191
82,195
83,84
83,85
83,86
83,87
83,88
83,89
83,90
83,91
83,92
83,93
83,94
83,95
83,96
83,97
83,98
83,99
83,100
83,101
83,102
83,103
83,104
83,105
83,107
83,108
83,109
83,111
83,112
83,113
83,116
83,120
83,121
83,122
83,124
83,129
83,141
83,143
83,144
83,157
83,168
83,173
83,177
83,179
83,182
83,189
83,191
83,195
84,85
84,86
84,87
84,88
84,89
84,90
84,91
84,92
84,93
84,94
84,96
84,97
84,98
84,99
84,100
84,101
84,102
84,103
84,105
84,106
84,107
84,109
84,110
84,111
84,112
84,113
84,114
84,115
84,116
84,117
84,119
84,120
84,121
84,122
84,123
84,124
84,126
84,127
84,129
84,130
84,131
84,132
84,133
84,134
84,135
84,137
84,138
84,139
84,140
84,141
84,143
84,144
84,145
84,146
84,148
84,149
84,150
84,151
84,152
84,153
84,154
84,155
84,156
84,157
84,168
84,173
84,177
84,179
84,182
84,189
84,191
84,195
85,86
85,87
85,88
85,89
85,90
85,91
85,92
85,93
85,94
85,95
85,96
85,97
85,98
85,99
85,100
85,101
85,102
85,111
85,112
85,113
85,116
85,120
85,121
85,122
85,124
85,129
85,141
85,143
85,144
85,157
85,168
85,173
85,177
85,179
85,182
85,189
85,191
85,195
86,87
86,88
86,89
86,90
86,91
86,95
86,96
86,97
86,98
86,99
86,101
86,102
86,103
86,104
86,105
86,106
86,107
86,108
86,109
86,110
86,111
86,112
86,114
86,116
86,117
86,118
86,122
86,123
86,125
86,127
86,128
86,129
86,130
86,131
86,132
86,133
86,134
86,135
86,136
86,137
86,138
86,139
86,140
86,141
87,88
87,89
87,90
87,91
87,93
87,94
87,95
87,96
87,97
87,98
87,99
87,100
87,101
87,102
87,103
88,89
88,90
88,91
88,92
88,93
88,94
88,95
88,96
88,97
88,98
88,99
88,100
88,101
88,102
88,103
88,104
88,106
88,107
88,108
88,109
88,110
88,111
88,112
88,114
88,115
88,116
88,117
88,118
88,119
88,120
88,121
88,122
88,124
88,125
88,126
88,127
88,128
88,129
88,130
88,131
88,132
88,133
88,134
88,135
88,136
88,137
88,139
88,140
88,141
88,143
88,144
88,146
88,147
88,148
88,149
88,150
88,151
88,152
88,153
88,154
88,155
88,156
88,157
88,160
88,161
88,162
88,164
88,165
88,166
88,167
88,168
88,169
88,170
88,171
88,173
88,174
88,175
88,178
88,181
88,184
88,186
88,187
88,194
88,198
89,90
89,91
89,92
89,93
89,94
89,95
89,96
89,97
89,98
89,99
89,100
89,101
89,102
89,103
89,104
90,91
90,92
90,93
90,94
90,96
90,97
90,98
90,99
90,101
90,102
90,103
90,104
90,105
90,106
90,107
90,108
90,109
90,110
90,111
90,112
90,113
90,114
90,115
91,92
91,93
91,94
91,95
91,96
91,97
92,94
92,95
92,96
92,97
92,98
92,99
92,100
92,101
92,102
92,103
92,104
92,105
92,106
92,107
92,108
92,109
92,110
93,94
93,95
93,96
93,97
93,98
93,99
93,100
93,101
93,102
93,103
93,104
93,105
93,106
93,107
93,108
93,109
93,110
93,111
93,112
93,113
93,114
93,115
93,116
93,117
93,118
93,119
93,120
93,121
93,122
93,123
93,124
93,125
93,127
93,128
93,129
93,130
93,131
93,132
93,141
93,143
93,144
93,157
93,168
93,173
93,177
93,179
93,182
93,189
93,191
93,195
94,95
94,96
94,97
94,98
94,99
95,96
95,97
95,98
95,99
95,100
95,102
95,103
95,104
95,105
95,106
95,107
95,108
95,109
95,110
95,111
95,112
95,113
95,114
95,115
95,116
95,117
95,118
95,120
95,123
95,124
95,125
95,127
95,128
95,129
95,130
95,132
95,133
95,134
95,137
95,138
95,139
95,141
95,143
95,144
95,146
95,149
95,150
95,151
95,152
95,153
95,155
95,156
95,157
95,159
95,160
95,161
95,163
95,164
95,165
95,166
95,168
95,169
95,170
95,171
95,172
95,173
95,174
95,175
95,177
95,178
96,97
96,98
96,99
96,100
96,101
96,102
96,104
96,105
96,106
96,107
96,108
96,109
96,110
96,111
96,112
96,113
96,114
96,115
96,116
96,117
96,118
96,119
96,120
96,121
96,122
96,123
96,124
96,125
96,126
96,129
96,130
96,132
96,133
96,134
96,136
96,138
96,139
96,140
96,141
96,143
96,144
96,145
96,146
96,148
96,149
96,150
96,151
96,152
96,153
96,154
96,155
96,156
96,157
96,158
96,159
97,98
97,99
97,100
97,101
97,102
97,103
97,104
97,105
98,99
98,100
98,101
98,102
98,103
98,104
98,105
98,106
98,107
98,108
98,109
98,110
98,111
98,112
98,113
98,114
98,115
98,118
98,120
98,121
98,122
98,123
98,124
98,125
98,126
98,127
98,128
98,129
98,130
98,131
98,132
98,133
98,134
98,135
98,136
98,137
98,138
98,139
98,140
98,141
98,143
98,144
98,146
98,147
98,148
98,149
98,150
98,151
98,152
98,153
98,154
98,155
98,156
98,157
98,158
98,159
98,160
98,161
98,163
98,164
98,165
98,166
98,167
98,168
98,169
98,170
98,171
98,172
98,173
98,174
98,175
98,176
98,177
98,178
98,180
98,183
98,184
98,186
98,187
98,192
98,193
98,194
98,198
99,100
99,101
99,102
99,103
99,104
99,105
99,106
99,107
99,108
100,101
100,102
100,103
100,104
100,105
100,106
100,107
100,108
100,110
100,111
100,112
100,113
100,116
100,120
100,121
100,122
100,124
100,129
100,141
100,143
100,144
100,157
100,168
100,173
100,177
100,179
100,182
100,189
100,191
100,195
101,102
101,103
101,104
101,105
101,106
101,107
101,108
101,109
101,110
101,111
101,114
101,115
101,116
101,117
101,118
101,120
101,121
101,123
101,124
101,125
101,126
101,127
101,129
101,130
101,131
101,132
101,133
101,134
101,135
101,136
101,137
101,138
101,139
101,140
101,141
101,142
101,143
101,144
101,145
101,146
101,147
101,148
102,103
102,104
102,105
102,106
102,107
102,108
102,109
102,110
102,111
102,113
102,114
102,115
102,116
102,117
102,118
102,119
102,120
102,121
102,122
102,123
102,124
102,125
102,126
102,127
102,128
102,129
102,130
102,132
102,133
103,104
103,105
103,107
103,108
103,109
103,110
103,111
103,112
103,113
103,114
103,115
103,116
103,117
103,118
103,120
103,122
103,123
103,124
103,125
103,126
103,127
103,128
103,129
103,130
104,105
104,106
104,107
104,108
104,109
104,110
104,111
105,106
105,107
105,108
105,109
105,110
105,111
105,112
105,113
105,114
105,115
105,116
105,118
105,119
105,120
105,121
105,122
105,123
105,124
106,107
106,108
106,109
106,110
106,111
106,112
106,113
106,114
106,115
106,116
106,117
106,118
106,119
106,120
106,121
106,122
106,123
106,124
106,125
106,126
106,128
106,129
106,130
106,131
106,132
107,108
107,109
107,110
107,111
107,112
107,113
107,114
107,115
107,116
107,117
107,118
107,119
108,109
108,110
108,111
108,112
108,113
108,114
108,115
108,116
108,117
108,118
108,119
108,120
108,121
108,122
108,123
108,124
108,125
108,126
108,128
108,129
108,130
108,131
108,132
108,134
108,135
108,136
108,137
108,139
108,140
108,141
108,142
108,143
108,144
108,146
108,147
108,148
108,149
108,150
108,151
108,153
108,155
108,157
108,158
108,161
108,162
108,163
108,164
108,165
108,166
108,167
108,168
108,169
108,170
108,171
108,172
108,174
108,175
108,176
108,177
108,178
108,181
108,184
108,186
108,187
108,192
108,193
108,196
108,198
109,110
109,111
109,112
109,113
109,114
109,115
109,116
109,117
109,118
109,119
109,120
109,121
109,122
109,123
109,124
109,125
109,126
109,127
109,128
109,129
109,130
109,131
109,132
109,135
109,136
109,137
109,138
109,139
109,140
109,141
109,142
109,143
109,144
109,145
109,146
109,147
109,148
109,151
109,152
109,153
109,154
109,155
109,157
109,158
109,160
109,161
109,162
109,163
109,164
109,165
109,166
109,167
109,168
109,169
109,170
109,172
109,173
109,174
109,175
109,176
109,177
109,178
109,180
110,111
110,112
110,113
110,114
111,112
111,113
111,115
111,116
111,117
111,119
111,120
111,121
111,122
111,123
111,124
111,125
111,126
111,127
111,128
111,129
111,130
111,131
111,132
111,133
111,134
111,135
111,136
111,137
111,138
111,141
111,143
111,144
111,157
111,168
111,173
111,177
111,179
111,182
111,189
111,191
111,195
112,113
112,116
112,117
112,118
112,119
112,120
112,121
112,122
112,123
112,124
112,125
112,126
112,127
112,128
112,129
112,130
112,131
112,132
112,133
112,134
112,135
112,136
112,138
112,139
112,140
112,141
112,142
112,143
112,144
112,157
112,168
112,173
112,177
112,179
112,182
112,189
112,191
112,195
113,114
113,115
113,116
113,120
113,121
113,122
113,124
113,129
113,141
113,143
113,144
113,157
113,168
113,173
113,177
113,179
113,182
113,189
113,191
113,195
114,115
114,116
114,117
114,118
114,119
114,120
114,121
114,122
115,116
115,117
115,119
116,117
116,118
116,119
116,120
116,121
116,122
116,123
116,124
116,125
116,127
116,128
116,129
116,130
116,131
116,132
116,133
116,135
116,136
116,137
116,138
116,140
116,141
116,142
116,143
116,144
116,145
116,148
116,150
116,152
116,153
116,154
116,155
116,156
116,157
116,158
116,159
116,160
116,161
116,162
116,163
116,164
116,166
116,167
116,168
116,169
116,170
116,171
116,172
116,173
116,174
116,175
116,176
116,177
116,178
116,179
116,180
116,181
116,182
116,183
116,184
116,186
116,187
116,189
116,191
116,193
116,194
116,195
116,198
117,118
117,119
117,120
117,121
117,123
117,124
117,125
117,126
117,127
117,128
117,130
117,131
117,132
117,133
117,134
117,135
117,136
117,137
117,138
117,139
117,140
117,141
117,142
117,143
117,145
117,146
117,148
117,149
117,150
118,119
118,120
119,120
119,121
119,122
119,123
119,124
119,125
119,126
119,127
119,128
119,130
119,132
119,133
119,135
119,136
119,137
119,138
119,140
119,141
119,142
119,143
119,145
119,146
119,147
119,148
119,149
119,150
119,153
119,154
119,155
119,156
119,157
119,158
119,159
119,160
119,161
119,162
119,163
119,164
119,165
119,166
119,167
119,168
119,169
119,170
119,171
119,172
119,173
119,174
119,175
119,176
119,177
119,178
119,180
119,181
119,183
119,184
119,185
119,186
119,187
119,189
119,192
119,193
119,194
119,196
120,121
120,122
120,123
120,124
120,125
120,126
120,127
120,128
120,129
120,130
120,131
120,141
120,143
120,144
120,157
120,168
120,173
120,177
120,179
120,182
120,189
120,191
120,195
121,122
121,123
121,124
121,125
121,126
121,127
121,128
121,129
121,130
121,131
121,132
121,133
121,134
121,135
121,136
121,137
121,138
121,139
121,140
121,141
121,142
121,143
121,144
121,145
121,146
121,147
121,148
121,149
121,157
121,168
121,173
121,177
121,179
121,182
121,189
121,191
121,195
122,123
122,124
122,125
122,127
122,128
122,129
122,130
122,131
122,132
122,133
122,134
122,135
122,136
122,141
122,143
122,144
122,157
122,168
122,173
122,177
122,179
122,182
122,189
122,191
122,195
123,124
123,125
123,126
123,127
123,128
123,129
123,130
123,131
123,132
123,133
123,134
123,135
123,136
123,137
123,138
123,139
123,140
123,141
123,143
123,144
123,145
124,125
124,129
124,141
124,143
124,144
124,157
124,168
124,173
124,177
124,179
124,182
124,189
124,191
124,195
125,126
125,127
125,128
125,129
125,130
125,131
125,133
125,134
125,135
125,136
125,137
125,139
125,140
125,141
125,143
125,144
125,145
125,146
125,147
125,148
125,149
125,150
125,151
125,152
125,153
125,154
125,155
125,156
125,157
125,158
125,159
125,160
125,161
125,162
125,163
125,164
125,165
125,166
125,167
125,168
125,169
125,170
125,172
126,127
126,128
126,129
126,130
126,131
126,132
126,134
126,135
126,136
126,137
126,138
126,139
126,140
126,141
126,142
126,143
126,144
126,145
126,146
126,147
126,148
126,149
126,150
126,151
126,152
126,153
126,154
126,155
126,156
126,157
126,158
126,159
126,160
126,161
126,162
126,163
126,165
126,166
126,167
126,168
126,169
126,170
126,171
126,172
126,173
126,174
126,175
126,176
126,177
126,178
126,180
126,181
126,183
126,184
126,185
126,187
126,188
126,189
126,192
126,193
126,194
127,128
128,129
129,130
129,131
129,133
129,134
129,135
129,136
129,137
129,138
129,139
129,140
129,141
129,142
129,143
129,144
129,145
129,146
129,147
129,148
129,149
129,150
129,151
129,157
129,168
129,173
129,177
129,179
129,182
129,189
129,191
129,195
130,131
130,132
130,133
130,134
130,135
130,136
130,138
130,139
130,140
130,141
130,142
130,143
130,145
130,146
130,147
130,148
130,149
130,150
130,151
130,152
130,153
130,155
130,156
130,157
130,158
130,161
130,162
130,163
130,164
130,165
130,166
130,167
130,170
130,171
130,172
130,173
130,175
130,176
130,177
131,132
131,133
131,134
131,135
131,136
131,137
131,138
131,139
131,140
131,141
131,142
131,144
131,145
131,146
131,147
131,148
131,149
131,150
131,151
131,152
132,133
132,134
132,135
132,136
132,137
132,138
132,139
132,140
132,141
132,142
132,143
132,144
132,145
132,146
132,147
132,149
132,150
132,151
132,153
132,154
132,155
132,156
132,157
132,158
132,159
132,160
132,161
132,162
132,163
132,164
132,165
132,166
132,167
132,168
132,169
132,170
132,171
132,172
132,173
133,134
133,135
133,136
133,137
133,138
133,139
133,140
133,141
133,142
133,143
133,144
133,145
133,146
133,147
133,148
133,149
133,150
133,151
133,152
133,153
133,154
133,155
133,156
133,157
133,158
133,159
133,160
133,161
133,162
133,163
133,164
133,165
133,166
133,167
133,168
133,169
133,170
133,171
133,172
133,173
133,174
133,175
133,176
133,177
133,178
133,179
133,180
133,183
133,184
133,185
133,188
133,189
133,190
133,192
133,194
133,196
133,197
133,198
133,199
134,135
135,136
135,137
135,138
135,139
136,137
136,138
136,139
136,140
136,142
136,144
136,145
136,146
136,147
136,148
136,149
136,150
136,151
136,152
136,153
136,154
136,155
136,156
136,157
137,138
137,139
137,140
137,141
137,142
138,140
138,141
138,142
138,143
138,145
138,146
139,141
139,142
139,143
139,145
139,146
139,147
139,149
139,150
139,151
139,152
139,153
139,154
139,156
139,157
139,159
139,160
139,161
139,162
139,163
139,164
139,165
139,166
139,167
139,168
139,169
139,170
139,171
139,172
139,173
139,174
139,175
139,176
139,177
139,179
139,180
139,181
139,183
139,184
139,186
139,187
139,189
139,190
139,191
139,192
139,193
139,195
139,196
139,197
139,198
139,199
140,141
140,143
140,144
141,143
141,144
141,145
141,146
141,147
141,148
141,149
141,150
141,151
141,153
141,154
141,155
141,157
141,168
141,173
141,177
141,179
141,182
141,189
141,191
141,195
142,143
142,144
142,145
142,146
142,147
142,148
142,149
142,150
142,151
142,152
142,154
142,155
142,156
142,157
142,158
142,159
142,160
142,161
142,162
143,144
143,145
143,146
143,147
143,148
143,149
143,150
143,151
143,152
143,153
143,154
143,155
143,156
143,157
143,158
143,159
143,160
143,161
143,162
143,163
143,164
143,165
143,167
143,168
143,169
143,170
143,171
143,172
143,173
143,174
143,175
143,176
143,177
143,178
143,179
143,180
143,181
143,182
143,183
143,184
143,185
143,186
143,187
143,188
143,189
143,191
143,195
144,145
144,146
144,147
144,148
144,149
144,150
144,151
144,152
144,153
144,154
144,155
144,156
144,157
144,158
144,159
144,160
144,161
144,162
144,163
144,164
144,168
144,173
144,177
144,179
144,182
144,189
144,191
144,195
145,146
145,147
145,148
145,149
145,150
145,151
145,152
145,153
145,154
145,155
145,156
145,157
145,158
145,159
145,160
145,161
145,162
145,163
145,164
145,165
145,166
145,167
145,168
145,169
145,170
145,171
145,172
145,174
145,175
145,176
145,177
145,178
145,179
145,180
145,181
145,183
145,184
145,185
145,186
145,187
145,188
145,189
145,190
145,191
145,192
145,193
145,194
145,195
145,196
145,197
145,198
145,199
146,147
146,148
146,149
146,150
146,151
146,152
146,153
146,155
146,156
146,157
146,158
146,159
146,160
146,161
147,148
147,149
147,150
147,151
147,152
147,153
147,154
147,155
147,156
147,157
147,158
147,160
147,161
147,162
147,163
147,165
147,168
147,169
147,170
147,171
147,172
147,173
147,174
147,175
147,178
147,179
147,180
147,181
147,183
147,184
147,185
147,186
147,187
147,188
147,189
147,190
147,191
147,192
147,193
147,194
147,195
147,196
147,197
147,198
147,199
148,149
148,150
148,151
148,152
148,153
148,154
148,155
148,156
148,157
148,158
148,159
148,160
148,161
148,162
149,150
149,151
149,152
149,154
149,155
149,156
149,157
149,158
149,159
149,160
149,161
149,162
149,163
149,164
149,165
149,166
149,167
149,168
149,169
149,170
149,171
149,173
149,174
149,175
149,176
149,177
149,178
149,179
149,180
149,181
149,182
149,183
149,184
149,185
149,186
149,187
149,188
149,189
149,190
149,191
149,192
149,193
149,194
149,195
149,196
149,197
149,198
149,199
150,151
150,152
150,153
150,154
150,155
150,156
150,157
150,158
151,152
151,153
151,154
151,155
151,156
151,157
151,158
151,159
151,160
152,153
152,154
152,155
152,156
152,157
152,158
152,159
152,160
152,161
152,162
152,163
152,164
152,165
152,166
152,167
152,168
152,169
152,170
152,171
152,172
152,173
152,174
152,175
152,177
152,178
152,179
152,181
152,182
152,183
152,184
152,185
152,186
152,187
152,188
152,189
152,190
152,191
152,194
152,195
152,196
152,197
152,199
153,154
153,155
153,156
153,157
153,158
153,159
153,160
153,161
153,162
153,163
153,164
153,165
153,166
153,167
153,168
153,169
153,170
154,155
154,156
154,157
154,158
154,159
154,160
154,161
154,162
154,163
154,164
154,165
154,166
154,167
154,168
154,169
154,170
154,171
154,172
154,174
154,175
154,176
154,177
154,179
154,180
154,181
154,182
154,183
154,184
154,185
154,186
154,187
154,188
154,189
154,190
154,191
154,192
154,194
154,195
154,196
154,197
154,198
154,199
155,156
155,157
155,158
155,159
155,160
155,161
155,163
155,164
156,157
156,158
156,159
156,160
156,161
156,163
156,164
156,165
156,166
156,168
156,169
156,170
156,172
156,174
156,175
156,176
156,177
156,179
156,180
156,181
156,182
157,158
157,159
157,160
157,161
157,162
157,163
157,164
157,165
157,167
157,168
157,169
157,170
157,172
157,173
157,174
157,175
157,176
157,177
157,179
157,182
157,189
157,191
157,195
158,159
158,160
158,161
158,163
158,164
158,165
158,166
158,167
158,168
158,169
158,170
158,171
158,172
158,173
158,174
158,175
158,176
158,179
158,180
158,181
158,182
158,183
158,184
158,185
158,186
158,187
158,188
158,189
158,190
158,191
158,192
158,193
158,195
158,196
158,197
158,198
158,199
159,160
159,161
159,162
159,163
159,164
159,165
159,166
159,167
160,161
160,163
160,164
160,165
160,166
160,167
160,168
160,169
160,170
160,172
160,173
160,174
160,176
160,177
160,178
160,179
160,180
160,181
160,183
160,184
160,185
160,186
160,187
160,188
160,189
160,190
160,191
160,192
160,193
160,194
160,195
161,162
161,163
161,164
161,165
161,166
161,167
161,168
161,169
161,170
161,171
161,172
161,173
161,174
161,175
161,176
161,177
161,178
161,179
161,180
161,181
161,182
161,183
161,184
161,185
161,186
161,187
161,188
161,189
161,190
161,191
161,192
161,193
161,194
161,195
161,196
161,197
161,198
161,199
162,163
162,164
162,165
162,166
162,167
162,168
162,169
162,170
162,171
162,172
162,173
162,174
162,175
162,176
162,177
162,178
162,179
162,180
162,181
162,182
162,183
162,184
162,185
162,186
162,187
163,164
163,166
163,167
163,168
163,169
163,170
163,171
163,172
163,173
163,175
163,176
163,177
163,179
163,180
163,181
163,182
163,183
163,184
163,185
163,186
163,187
163,188
163,189
163,190
163,191
163,192
163,193
163,194
163,195
163,196
163,197
163,198
164,165
164,166
164,167
164,168
164,169
164,170
164,171
164,172
164,173
164,174
164,175
164,176
164,177
164,178
164,179
164,180
164,181
164,182
164,183
164,184
164,185
164,186
164,187
164,188
164,189
164,190
164,191
164,192
164,193
164,194
164,195
164,196
164,197
164,198
164,199
165,166
165,167
165,168
165,169
165,170
165,171
165,172
165,173
165,175
165,176
165,177
165,178
165,179
165,180
165,181
165,182
165,183
165,185
165,186
165,187
165,188
165,189
165,190
165,191
165,192
165,193
165,195
165,196
165,197
165,198
166,167
166,168
166,169
166,170
166,171
166,172
166,173
166,174
166,175
166,176
166,178
166,179
166,180
166,181
166,182
166,183
166,184
166,185
166,186
166,187
166,188
166,189
166,190
166,191
166,192
166,193
166,194
166,195
166,196
166,197
167,169
167,170
167,171
167,172
167,173
167,174
167,175
167,176
167,177
167,178
167,179
167,180
167,181
167,182
167,184
167,185
167,186
167,187
167,188
167,189
167,190
167,191
167,192
167,193
167,194
167,195
167,196
167,197
167,198
168,173
168,177
168,179
168,182
168,189
168,191
168,195
169,170
169,171
169,172
169,173
169,174
169,175
169,176
169,177
169,178
169,179
169,180
169,181
169,182
169,183
169,184
169,186
169,187
169,188
169,189
169,190
169,192
169,193
169,194
169,195
169,196
169,197
169,198
169,199
170,171
170,172
170,173
170,174
170,175
170,176
170,177
170,178
170,179
170,181
170,182
170,183
170,184
170,185
170,187
170,188
170,189
170,190
170,191
170,192
170,193
170,194
170,195
170,196
170,197
170,198
172,173
172,174
172,175
172,176
172,177
172,178
172,179
172,181
173,174
173,175
173,176
173,177
173,178
173,179
173,180
173,181
173,182
173,184
173,185
173,186
173,187
173,188
173,189
173,190
173,191
173,192
173,193
173,194
173,195
173,196
173,198
173,199
174,175
174,176
174,177
174,178
174,179
174,180
174,181
174,182
174,183
174,184
174,185
174,186
174,187
174,188
174,189
174,190
174,191
174,192
174,193
174,194
174,195
174,196
174,197
174,198
174,199
175,176
175,177
175,178
175,179
175,180
175,181
175,182
175,183
175,184
175,185
175,187
175,188
175,189
175,190
175,191
175,192
175,193
175,194
175,195
175,196
175,197
175,198
175,199
176,177
176,178
177,178
177,179
177,180
177,181
177,182
177,183
177,189
177,191
177,195
178,179
178,180
178,182
178,183
178,184
178,187
178,188
178,189
178,190
178,191
178,192
178,193
178,195
178,196
178,197
178,198
178,199
179,180
179,181
179,182
179,183
179,184
179,185
179,186
179,187
179,188
179,189
179,190
179,191
179,192
179,194
179,195
179,196
179,197
179,198
179,199
180,181
180,183
180,184
180,185
180,186
180,187
180,188
180,189
180,190
181,182
181,183
182,185
182,186
182,187
182,188
182,189
182,190
182,191
182,193
182,194
182,195
182,196
182,197
182,198
183,184
183,185
183,186
183,187
183,188
183,189
183,190
183,191
183,192
184,186
184,187
184,188
185,186
185,187
185,188
185,189
185,190
185,191
185,192
185,193
186,187
186,188
186,189
186,190
186,191
186,192
186,193
186,194
186,196
186,197
186,198
186,199
187,188
187,189
187,190
187,191
187,192
187,193
187,194
187,195
187,196
187,197
187,198
187,199
188,189
188,190
188,191
188,193
188,194
188,195
188,196
188,197
188,198
188,199
189,190
189,191
189,192
189,193
189,194
189,195
189,196
189,197
189,198
189,199
190,191
190,192
190,193
190,194
190,196
190,197
190,198
190,199
191,192
191,194
191,195
191,196
191,197
191,198
191,199
192,193
192,194
192,196
192,197
192,198
192,199
193,194
193,195
193,196
193,198
193,199
194,195
194,196
194,197
194,198
194,199
195,196
195,197
195,198
196,198
196,199
197,199
198,199
