0,1
0,2
0,3
0,4
0,5
0,6
0,7
0,8
0,9
0,10
0,11
0,12
0,13
0,14
0,15
0,16
0,17
0,18
0,19
0,20
0,21
0,22
0,23
0,24
0,25
0,26
0,27
0,28
0,29
0,30
0,31
0,32
0,33
0,34
0,35
0,36
0,37
0,38
0,39
0,40
0,41
0,42
0,43
0,44
0,45
0,46
0,47
0,48
0,49
0,50
0,51
0,52
0,53
0,54
0,55
0,56
0,57
0,58
0,59
0,60
0,61
0,62
0,63
0,64
0,65
0,66
0,67
0,68
0,69
0,70
0,71
0,72
0,73
0,74
0,75
0,76
0,77
0,78
0,79
0,80
0,81
1,2
1,3
1,4
1,5
1,6
1,7
1,8
1,9
1,10
1,11
1,12
1,13
1,14
1,15
1,16
1,17
1,18
1,19
1,20
1,21
1,22
1,23
1,24
1,25
1,26
1,27
1,28
1,29
1,30
1,31
1,32
1,33
1,34
1,35
1,36
1,37
1,38
1,39
1,40
1,41
1,42
1,43
1,44
1,45
1,46
1,47
1,48
1,49
1,50
1,51
1,52
1,53
1,54
1,55
1,56
1,57
1,58
1,59
1,60
1,61
1,62
1,63
1,64
1,65
1,66
1,67
1,68
1,69
1,70
1,71
1,72
1,73
1,74
1,75
1,76
1,77
1,78
1,79
1,80
1,81
2,3
2,4
2,5
2,6
2,7
2,8
2,9
2,10
2,11
2,12
2,13
2,14
2,15
2,16
2,17
2,18
2,19
2,20
2,21
2,22
2,23
2,24
2,25
2,26
2,27
2,28
2,29
2,30
2,31
2,32
2,33
2,34
2,35
2,36
2,37
2,38
2,39
2,40
2,41
2,42
2,43
2,44
2,45
2,46
2,47
2,48
2,49
2,50
2,51
2,52
2,53
2,54
2,55
2,56
2,57
2,58
2,59
2,60
2,61
2,62
2,63
2,64
2,65
2,66
2,67
2,68
2,69
2,70
2,71
2,72
2,73
2,74
2,75
2,76
2,77
2,78
2,79
2,80
2,81
3,4
3,5
3,6
3,7
3,8
3,9
3,10
3,11
3,12
3,13
3,14
3,15
3,16
3,17
3,18
3,19
3,20
3,21
3,22
3,23
3,24
3,25
3,26
3,27
3,28
3,29
3,30
3,31
3,32
3,33
3,34
3,35
3,36
3,37
3,38
3,39
3,40
3,41
3,42
3,43
3,44
3,45
3,46
3,47
3,48
3,49
3,50
3,51
3,52
3,53
3,54
3,55
3,56
3,57
3,58
3,59
3,60
3,61
3,62
3,63
3,64
3,65
3,66
3,67
3,68
3,69
3,70
3,71
3,72
3,73
3,74
3,75
3,76
3,77
3,78
3,79
3,80
3,81
4,5
4,6
4,7
4,8
4,9
4,10
4,11
4,12
4,13
4,14
4,15
4,16
4,17
4,18
4,19
4,20
4,21
4,22
4,23
4,24
4,25
4,26
4,27
4,28
4,29
4,30
4,31
4,32
4,33
4,34
4,35
4,36
4,37
4,38
4,39
4,40
4,41
4,42
4,43
4,44
4,45
4,46
4,47
4,48
4,49
4,50
4,51
4,52
4,53
4,54
4,55
4,56
4,57
4,58
4,59
4,60
4,61
4,62
4,63
4,64
4,65
4,66
4,67
4,68
4,69
4,70
4,71
4,72
4,73
4,74
4,75
4,76
4,77
4,78
4,79
4,80
4,81
4,83
4,84
4,85
4,86
4,97
4,99
4,101
4,107
4,109
4,111
4,114
4,115
4,116
4,120
4,122
4,124
4,125
4,126
4,128
4,135
4,136
4,137
4,141
4,143
4,147
4,149
4,150
4,157
4,158
4,163
4,165
4,167
4,169
4,171
4,172
4,175
4,176
4,178
4,179
4,181
4,185
4,187
4,191
4,192
4,193
4,194
4,195
4,196
4,199
5,6
5,7
5,8
5,9
5,10
5,11
5,12
5,13
5,14
5,15
5,16
5,17
5,18
5,19
5,20
5,21
5,22
5,23
5,24
5,25
5,26
5,27
5,28
5,29
5,30
5,31
5,32
5,33
5,34
5,35
5,36
5,37
5,38
5,39
5,40
5,41
5,42
5,43
5,44
5,45
5,46
5,47
5,48
5,49
5,50
5,51
5,52
5,53
5,54
5,55
5,56
5,57
5,58
5,59
5,60
5,61
5,62
5,63
5,64
5,65
5,66
5,67
5,68
5,69
5,70
5,71
5,72
5,73
5,74
5,75
5,76
5,77
5,78
5,79
5,80
5,81
6,7
6,8
6,9
6,10
6,11
6,12
6,13
6,14
6,15
6,16
6,17
6,18
6,19
6,20
6,21
6,22
6,23
6,24
6,25
6,26
6,27
6,28
6,29
6,30
6,31
6,32
6,33
6,34
6,35
6,36
6,37
6,38
6,39
6,40
6,41
6,42
6,43
6,44
6,45
6,46
6,47
6,48
6,49
6,50
6,51
6,52
6,53
6,54
6,55
6,56
6,57
6,58
6,59
6,60
6,61
6,62
6,63
6,64
6,65
6,66
6,67
6,68
6,69
6,70
6,71
6,72
6,73
6,74
6,75
6,76
6,77
6,78
6,79
6,80
6,81
7,8
7,9
7,10
7,11
7,12
7,13
7,14
7,15
7,16
7,17
7,18
7,19
7,20
7,21
7,22
7,23
7,24
7,25
7,26
7,27
7,28
7,29
7,30
7,31
7,32
7,33
7,34
7,35
7,36
7,37
7,38
7,39
7,40
7,41
7,42
7,43
7,44
7,45
7,46
7,47
7,48
7,49
7,50
7,51
7,52
7,53
7,54
7,55
7,56
7,57
7,58
7,59
7,60
7,61
7,62
7,63
7,64
7,65
7,66
7,67
7,68
7,69
7,70
7,71
7,72
7,73
7,74
7,75
7,76
7,77
7,78
7,79
7,80
7,81
7,83
7,84
7,85
7,86
7,97
7,99
7,101
7,107
7,109
7,111
7,114
7,115
7,116
7,120
7,122
7,124
7,125
7,126
7,128
7,135
7,136
7,137
7,141
7,143
7,147
7,149
7,150
7,157
7,158
7,163
7,165
7,167
7,169
7,171
7,172
7,175
7,176
7,178
7,179
7,181
7,185
7,187
7,191
7,192
7,193
7,194
7,195
7,196
7,199
8,9
8,10
8,11
8,12
8,13
8,14
8,15
8,16
8,17
8,18
8,19
8,20
8,21
8,22
8,23
8,24
8,25
8,26
8,27
8,28
8,29
8,30
8,31
8,32
8,33
8,34
8,35
8,36
8,37
8,38
8,39
8,40
8,41
8,42
8,43
8,44
8,45
8,46
8,47
8,48
8,49
8,50
8,51
8,52
8,53
8,54
8,55
8,56
8,57
8,58
8,59
8,60
8,61
8,62
8,63
8,64
8,65
8,66
8,67
8,68
8,69
8,70
8,71
8,72
8,73
8,74
8,75
8,76
8,77
8,78
8,79
8,80
8,81
8,83
8,84
8,85
8,86
8,97
8,99
8,101
8,107
8,109
8,111
8,114
8,115
8,116
8,120
8,122
8,124
8,125
8,126
8,128
8,135
8,136
8,137
8,141
8,143
8,147
8,149
8,150
8,157
8,158
8,163
8,165
8,167
8,169
8,171
8,172
8,175
8,176
8,178
8,179
8,181
8,185
8,187
8,191
8,192
8,193
8,194
8,195
8,196
8,199
9,10
9,11
9,12
9,13
9,14
9,15
9,16
9,17
9,18
9,19
9,20
9,21
9,22
9,23
9,24
9,25
9,26
9,27
9,28
9,29
9,30
9,31
9,32
9,33
9,34
9,35
9,36
9,37
9,38
9,39
9,40
9,41
9,42
9,43
9,44
9,45
9,46
9,47
9,48
9,49
9,50
9,51
9,52
9,53
9,54
9,55
9,56
9,57
9,58
9,59
9,60
9,61
9,62
9,63
9,64
9,65
9,66
9,67
9,68
9,69
9,70
9,71
9,72
9,73
9,74
9,75
9,76
9,77
9,78
9,79
9,80
9,81
9,83
9,84
9,85
9,86
9,97
9,99
9,101
9,107
9,109
9,111
9,114
9,115
9,116
9,120
9,122
9,124
9,125
9,126
9,128
9,135
9,136
9,137
9,141
9,143
9,147
9,149
9,150
9,157
9,158
9,163
9,165
9,167
9,169
9,171
9,172
9,175
9,176
9,178
9,179
9,181
9,185
9,187
9,191
9,192
9,193
9,194
9,195
9,196
9,199
10,11
10,12
10,13
10,14
10,15
10,16
10,17
10,18
10,19
10,20
10,21
10,22
10,23
10,24
10,25
10,26
10,27
10,28
10,29
10,30
10,31
10,32
10,33
10,34
10,35
10,36
10,37
10,38
10,39
10,40
10,41
10,42
10,43
10,44
10,45
10,46
10,47
10,48
10,49
10,50
10,51
10,52
10,53
10,54
10,55
10,56
10,57
10,58
10,59
10,60
10,61
10,62
10,63
10,64
10,65
10,66
10,67
10,68
10,69
10,70
10,71
10,72
10,73
10,74
10,75
10,76
10,77
10,78
10,79
10,80
10,81
11,12
11,13
11,14
11,15
11,16
11,17
11,18
11,19
11,20
11,21
11,22
11,23
11,24
11,25
11,26
11,27
11,28
11,29
11,30
11,31
11,32
11,33
11,34
11,35
11,36
11,37
11,38
11,39
11,40
11,41
11,42
11,43
11,44
11,45
11,46
11,47
11,48
11,49
11,50
11,51
11,52
11,53
11,54
11,55
11,56
11,57
11,58
11,59
11,60
11,61
11,62
11,63
11,64
11,65
11,66
11,67
11,68
11,69
11,70
11,71
11,72
11,73
11,74
11,75
11,76
11,77
11,78
11,79
11,80
11,81
12,13
12,14
12,15
12,16
12,17
12,18
12,19
12,20
12,21
12,22
12,23
12,24
12,25
12,26
12,27
12,28
12,29
12,30
12,31
12,32
12,33
12,34
12,35
12,36
12,37
12,38
12,39
12,40
12,41
12,42
12,43
12,44
12,45
12,46
12,47
12,48
12,49
12,50
12,51
12,52
12,53
12,54
12,55
12,56
12,57
12,58
12,59
12,60
12,61
12,62
12,63
12,64
12,65
12,66
12,67
12,68
12,69
12,70
12,71
12,72
12,73
12,74
12,75
12,76
12,77
12,78
12,79
12,80
12,81
13,14
13,15
13,16
13,17
13,18
13,19
13,20
13,21
13,22
13,23
13,24
13,25
13,26
13,27
13,28
13,29
13,30
13,31
13,32
13,33
13,34
13,35
13,36
13,37
13,38
13,39
13,40
13,41
13,42
13,43
13,44
13,45
13,46
13,47
13,48
13,49
13,50
13,51
13,52
13,53
13,54
13,55
13,56
13,57
13,58
13,59
13,60
13,61
13,62
13,63
13,64
13,65
13,66
13,67
13,68
13,69
13,70
13,71
13,72
13,73
13,74
13,75
13,76
13,77
13,78
13,79
13,80
13,81
14,15
14,16
14,17
14,18
14,19
14,20
14,21
14,22
14,23
14,24
14,25
14,26
14,27
14,28
14,29
14,30
14,31
14,32
14,33
14,34
14,35
14,36
14,37
14,38
14,39
14,40
14,41
14,42
14,43
14,44
14,45
14,46
14,47
14,48
14,49
14,50
14,51
14,52
14,53
14,54
14,55
14,56
14,57
14,58
14,59
14,60
14,61
14,62
14,63
14,64
14,65
14,66
14,67
14,68
14,69
14,70
14,71
14,72
14,73
14,74
14,75
14,76
14,77
14,78
14,79
14,80
14,81
14,83
14,84
14,85
14,86
14,97
14,99
14,101
14,107
14,109
14,111
14,114
14,115
14,116
14,120
14,122
14,124
14,125
14,126
14,128
14,135
14,136
14,137
14,141
14,143
14,147
14,149
14,150
14,157
14,158
14,163
14,165
14,167
14,169
14,171
14,172
14,175
14,176
14,178
14,179
14,181
14,185
14,187
14,191
14,192
14,193
14,194
14,195
14,196
14,199
15,16
15,17
15,18
15,19
15,20
15,21
15,22
15,23
15,24
15,25
15,26
15,27
15,28
15,29
15,30
15,31
15,32
15,33
15,34
15,35
15,36
15,37
15,38
15,39
15,40
15,41
15,42
15,43
15,44
15,45
15,46
15,47
15,48
15,49
15,50
15,51
15,52
15,53
15,54
15,55
15,56
15,57
15,58
15,59
15,60
15,61
15,62
15,63
15,64
15,65
15,66
15,67
15,68
15,69
15,70
15,71
15,72
15,73
15,74
15,75
15,76
15,77
15,78
15,79
15,80
15,81
16,17
16,18
16,19
16,20
16,21
16,22
16,23
16,24
16,25
16,26
16,27
16,28
16,29
16,30
16,31
16,32
16,33
16,34
16,35
16,36
16,37
16,38
16,39
16,40
16,41
16,42
16,43
16,44
16,45
16,46
16,47
16,48
16,49
16,50
16,51
16,52
16,53
16,54
16,55
16,56
16,57
16,58
16,59
16,60
16,61
16,62
16,63
16,64
16,65
16,66
16,67
16,68
16,69
16,70
16,71
16,72
16,73
16,74
16,75
16,76
16,77
16,78
16,79
16,80
16,81
17,18
17,19
17,20
17,21
17,22
17,23
17,24
17,25
17,26
17,27
17,28
17,29
17,30
17,31
17,32
17,33
17,34
17,35
17,36
17,37
17,38
17,39
17,40
17,41
17,42
17,43
17,44
17,45
17,46
17,47
17,48
17,49
17,50
17,51
17,52
17,53
17,54
17,55
17,56
17,57
17,58
17,59
17,60
17,61
17,62
17,63
17,64
17,65
17,66
17,67
17,68
17,69
17,70
17,71
17,72
17,73
17,74
17,75
17,76
17,77
17,78
17,79
17,80
17,81
18,19
18,20
18,21
18,22
18,23
18,24
18,25
18,26
18,27
18,28
18,29
18,30
18,31
18,32
18,33
18,34
18,35
18,36
18,37
18,38
18,39
18,40
18,41
18,42
18,43
18,44
18,45
18,46
18,47
18,48
18,49
18,50
18,51
18,52
18,53
18,54
18,55
18,56
18,57
18,58
18,59
18,60
18,61
18,62
18,63
18,64
18,65
18,66
18,67
18,68
18,69
18,70
18,71
18,72
18,73
18,74
18,75
18,76
18,77
18,78
18,79
18,80
18,81
18,83
18,84
18,85
18,86
18,97
18,99
18,101
18,107
18,109
18,111
18,114
18,115
18,116
18,120
18,122
18,124
18,125
18,126
18,128
18,135
18,136
18,137
18,141
18,143
18,147
18,149
18,150
18,157
18,158
18,163
18,165
18,167
18,169
18,171
18,172
18,175
18,176
18,178
18,179
18,181
18,185
18,187
18,191
18,192
18,193
18,194
18,195
18,196
18,199
19,20
19,21
19,22
19,23
19,24
19,25
19,26
19,27
19,28
19,29
19,30
19,31
19,32
19,33
19,34
19,35
19,36
19,37
19,38
19,39
19,40
19,41
19,42
19,43
19,44
19,45
19,46
19,47
19,48
19,49
19,50
19,51
19,52
19,53
19,54
19,55
19,56
19,57
19,58
19,59
19,60
19,61
19,62
19,63
19,64
19,65
19,66
19,67
19,68
19,69
19,70
19,71
19,72
19,73
19,74
19,75
19,76
19,77
19,78
19,79
19,80
19,81
19,83
19,84
19,85
19,86
19,97
19,99
19,101
19,107
19,109
19,111
19,114
19,115
19,116
19,120
19,122
19,124
19,125
19,126
19,128
19,135
19,136
19,137
19,141
19,143
19,147
19,149
19,150
19,157
19,158
19,163
19,165
19,167
19,169
19,171
19,172
19,175
19,176
19,178
19,179
19,181
19,185
19,187
19,191
19,192
19,193
19,194
19,195
19,196
19,199
20,21
20,22
20,23
20,24
20,25
20,26
20,27
20,28
20,29
20,30
20,31
20,32
20,33
20,34
20,35
20,36
20,37
20,38
20,39
20,40
20,41
20,42
20,43
20,44
20,45
20,46
20,47
20,48
20,49
20,50
20,51
20,52
20,53
20,54
20,55
20,56
20,57
20,58
20,59
20,60
20,61
20,62
20,63
20,64
20,65
20,66
20,67
20,68
20,69
20,70
20,71
20,72
20,73
20,74
20,75
20,76
20,77
20,78
20,79
20,80
20,81
21,22
21,23
21,24
21,25
21,26
21,27
21,28
21,29
21,30
21,31
21,32
21,33
21,34
21,35
21,36
21,37
21,38
21,39
21,40
21,41
21,42
21,43
21,44
21,45
21,46
21,47
21,48
21,49
21,50
21,51
21,52
21,53
21,54
21,55
21,56
21,57
21,58
21,59
21,60
21,61
21,62
21,63
21,64
21,65
21,66
21,67
21,68
21,69
21,70
21,71
21,72
21,73
21,74
21,75
21,76
21,77
21,78
21,79
21,80
21,81
21,83
21,84
21,85
21,86
21,97
21,99
21,101
21,107
21,109
21,111
21,114
21,115
21,116
21,120
21,122
21,124
21,125
21,126
21,128
21,135
21,136
21,137
21,141
21,143
21,147
21,149
21,150
21,157
21,158
21,163
21,165
21,167
21,169
21,171
21,172
21,175
21,176
21,178
21,179
21,181
21,185
21,187
21,191
21,192
21,193
21,194
21,195
21,196
21,199
22,23
22,24
22,25
22,26
22,27
22,28
22,29
22,30
22,31
22,32
22,33
22,34
22,35
22,36
22,37
22,38
22,39
22,40
22,41
22,42
22,43
22,44
22,45
22,46
22,47
22,48
22,49
22,50
22,51
22,52
22,53
22,54
22,55
22,56
22,57
22,58
22,59
22,60
22,61
22,62
22,63
22,64
22,65
22,66
22,67
22,68
22,69
22,70
22,71
22,72
22,73
22,74
22,75
22,76
22,77
22,78
22,79
22,80
22,81
23,24
23,25
23,26
23,27
23,28
23,29
23,30
23,31
23,32
23,33
23,34
23,35
23,36
23,37
23,38
23,39
23,40
23,41
23,42
23,43
23,44
23,45
23,46
23,47
23,48
23,49
23,50
23,51
23,52
23,53
23,54
23,55
23,56
23,57
23,58
23,59
23,60
23,61
23,62
23,63
23,64
23,65
23,66
23,67
23,68
23,69
23,70
23,71
23,72
23,73
23,74
23,75
23,76
23,77
23,78
23,79
23,80
23,81
23,83
23,84
23,85
23,86
23,97
23,99
23,101
23,107
23,109
23,111
23,114
23,115
23,116
23,120
23,122
23,124
23,125
23,126
23,128
23,135
23,136
23,137
23,141
23,143
23,147
23,149
23,150
23,157
23,158
23,163
23,165
23,167
23,169
23,171
23,172
23,175
23,176
23,178
23,179
23,181
23,185
23,187
23,191
23,192
23,193
23,194
23,195
23,196
23,199
24,25
24,26
24,27
24,28
24,29
24,30
24,31
24,32
24,33
24,34
24,35
24,36
24,37
24,38
24,39
24,40
24,41
24,42
24,43
24,44
24,45
24,46
24,47
24,48
24,49
24,50
24,51
24,52
24,53
24,54
24,55
24,56
24,57
24,58
24,59
24,60
24,61
24,62
24,63
24,64
24,65
24,66
24,67
24,68
24,69
24,70
24,71
24,72
24,73
24,74
24,75
24,76
24,77
24,78
24,79
24,80
24,81
24,83
24,84
24,85
24,86
24,97
24,99
24,101
24,107
24,109
24,111
24,114
24,115
24,116
24,120
24,122
24,124
24,125
24,126
24,128
24,135
24,136
24,137
24,141
24,143
24,147
24,149
24,150
24,157
24,158
24,163
24,165
24,167
24,169
24,171
24,172
24,175
24,176
24,178
24,179
24,181
24,185
24,187
24,191
24,192
24,193
24,194
24,195
24,196
24,199
25,26
25,27
25,28
25,29
25,30
25,31
25,32
25,33
25,34
25,35
25,36
25,37
25,38
25,39
25,40
25,41
25,42
25,43
25,44
25,45
25,46
25,47
25,48
25,49
25,50
25,51
25,52
25,53
25,54
25,55
25,56
25,57
25,58
25,59
25,60
25,61
25,62
25,63
25,64
25,65
25,66
25,67
25,68
25,69
25,70
25,71
25,72
25,73
25,74
25,75
25,76
25,77
25,78
25,79
25,80
25,81
25,83
25,84
25,85
25,86
25,97
25,99
25,101
25,107
25,109
25,111
25,114
25,115
25,116
25,120
25,122
25,124
25,125
25,126
25,128
25,135
25,136
25,137
25,141
25,143
25,147
25,149
25,150
25,157
25,158
25,163
25,165
25,167
25,169
25,171
25,172
25,175
25,176
25,178
25,179
25,181
25,185
25,187
25,191
25,192
25,193
25,194
25,195
25,196
25,199
26,27
26,28
26,29
26,30
26,31
26,32
26,33
26,34
26,35
26,36
26,37
26,38
26,39
26,40
26,41
26,42
26,43
26,44
26,45
26,46
26,47
26,48
26,49
26,50
26,51
26,52
26,53
26,54
26,55
26,56
26,57
26,58
26,59
26,60
26,61
26,62
26,63
26,64
26,65
26,66
26,67
26,68
26,69
26,70
26,71
26,72
26,73
26,74
26,75
26,76
26,77
26,78
26,79
26,80
26,81
27,28
27,29
27,30
27,31
27,32
27,33
27,34
27,35
27,36
27,37
27,38
27,39
27,40
27,41
27,42
27,43
27,44
27,45
27,46
27,47
27,48
27,49
27,50
27,51
27,52
27,53
27,54
27,55
27,56
27,57
27,58
27,59
27,60
27,61
27,62
27,63
27,64
27,65
27,66
27,67
27,68
27,69
27,70
27,71
27,72
27,73
27,74
27,75
27,76
27,77
27,78
27,79
27,80
27,81
28,29
28,30
28,31
28,32
28,33
28,34
28,35
28,36
28,37
28,38
28,39
28,40
28,41
28,42
28,43
28,44
28,45
28,46
28,47
28,48
28,49
28,50
28,51
28,52
28,53
28,54
28,55
28,56
28,57
28,58
28,59
28,60
28,61
28,62
28,63
28,64
28,65
28,66
28,67
28,68
28,69
28,70
28,71
28,72
28,73
28,74
28,75
28,76
28,77
28,78
28,79
28,80
28,81
29,30
29,31
29,32
29,33
29,34
29,35
29,36
29,37
29,38
29,39
29,40
29,41
29,42
29,43
29,44
29,45
29,46
29,47
29,48
29,49
29,50
29,51
29,52
29,53
29,54
29,55
29,56
29,57
29,58
29,59
29,60
29,61
29,62
29,63
29,64
29,65
29,66
29,67
29,68
29,69
29,70
29,71
29,72
29,73
29,74
29,75
29,76
29,77
29,78
29,79
29,80
29,81
30,31
30,32
30,33
30,34
30,35
30,36
30,37
30,38
30,39
30,40
30,41
30,42
30,43
30,44
30,45
30,46
30,47
30,48
30,49
30,50
30,51
30,52
30,53
30,54
30,55
30,56
30,57
30,58
30,59
30,60
30,61
30,62
30,63
30,64
30,65
30,66
30,67
30,68
30,69
30,70
30,71
30,72
30,73
30,74
30,75
30,76
30,77
30,78
30,79
30,80
30,81
31,32
31,33
31,34
31,35
31,36
31,37
31,38
31,39
31,40
31,41
31,42
31,43
31,44
31,45
31,46
31,47
31,48
31,49
31,50
31,51
31,52
31,53
31,54
31,55
31,56
31,57
31,58
31,59
31,60
31,61
31,62
31,63
31,64
31,65
31,66
31,67
31,68
31,69
31,70
31,71
31,72
31,73
31,74
31,75
31,76
31,77
31,78
31,79
31,80
31,81
31,83
31,84
31,85
31,86
31,97
31,99
31,101
31,107
31,109
31,111
31,114
31,115
31,116
31,120
31,122
31,124
31,125
31,126
31,128
31,135
31,136
31,137
31,141
31,143
31,147
31,149
31,150
31,157
31,158
31,163
31,165
31,167
31,169
31,171
31,172
31,175
31,176
31,178
31,179
31,181
31,185
31,187
31,191
31,192
31,193
31,194
31,195
31,196
31,199
32,33
32,34
32,35
32,36
32,37
32,38
32,39
32,40
32,41
32,42
32,43
32,44
32,45
32,46
32,47
32,48
32,49
32,50
32,51
32,52
32,53
32,54
32,55
32,56
32,57
32,58
32,59
32,60
32,61
32,62
32,63
32,64
32,65
32,66
32,67
32,68
32,69
32,70
32,71
32,72
32,73
32,74
32,75
32,76
32,77
32,78
32,79
32,80
32,81
32,83
32,84
32,85
32,86
32,97
32,99
32,101
32,107
32,109
32,111
32,114
32,115
32,116
32,120
32,122
32,124
32,125
32,126
32,128
32,135
32,136
32,137
32,141
32,143
32,147
32,149
32,150
32,157
32,158
32,163
32,165
32,167
32,169
32,171
32,172
32,175
32,176
32,178
32,179
32,181
32,185
32,187
32,191
32,192
32,193
32,194
32,195
32,196
32,199
33,34
33,35
33,36
33,37
33,38
33,39
33,40
33,41
33,42
33,43
33,44
33,45
33,46
33,47
33,48
33,49
33,50
33,51
33,52
33,53
33,54
33,55
33,56
33,57
33,58
33,59
33,60
33,61
33,62
33,63
33,64
33,65
33,66
33,67
33,68
33,69
33,70
33,71
33,72
33,73
33,74
33,75
33,76
33,77
33,78
33,79
33,80
33,81
34,35
34,36
34,37
34,38
34,39
34,40
34,41
34,42
34,43
34,44
34,45
34,46
34,47
34,48
34,49
34,50
34,51
34,52
34,53
34,54
34,55
34,56
34,57
34,58
34,59
34,60
34,61
34,62
34,63
34,64
34,65
34,66
34,67
34,68
34,69
34,70
34,71
34,72
34,73
34,74
34,75
34,76
34,77
34,78
34,79
34,80
34,81
34,83
34,84
34,85
34,86
34,97
34,99
34,101
34,107
34,109
34,111
34,114
34,115
34,116
34,120
34,122
34,124
34,125
34,126
34,128
34,135
34,136
34,137
34,141
34,143
34,147
34,149
34,150
34,157
34,158
34,163
34,165
34,167
34,169
34,171
34,172
34,175
34,176
34,178
34,179
34,181
34,185
34,187
34,191
34,192
34,193
34,194
34,195
34,196
34,199
35,36
35,37
35,38
35,39
35,40
35,41
35,42
35,43
35,44
35,45
35,46
35,47
35,48
35,49
35,50
35,51
35,52
35,53
35,54
35,55
35,56
35,57
35,58
35,59
35,60
35,61
35,62
35,63
35,64
35,65
35,66
35,67
35,68
35,69
35,70
35,71
35,72
35,73
35,74
35,75
35,76
35,77
35,78
35,79
35,80
35,81
36,37
36,38
36,39
36,40
36,41
36,42
36,43
36,44
36,45
36,46
36,47
36,48
36,49
36,50
36,51
36,52
36,53
36,54
36,55
36,56
36,57
36,58
36,59
36,60
36,61
36,62
36,63
36,64
36,65
36,66
36,67
36,68
36,69
36,70
36,71
36,72
36,73
36,74
36,75
36,76
36,77
36,78
36,79
36,80
36,81
36,83
36,84
36,85
36,86
36,97
36,99
36,101
36,107
36,109
36,111
36,114
36,115
36,116
36,120
36,122
36,124
36,125
36,126
36,128
36,135
36,136
36,137
36,141
36,143
36,147
36,149
36,150
36,157
36,158
36,163
36,165
36,167
36,169
36,171
36,172
36,175
36,176
36,178
36,179
36,181
36,185
36,187
36,191
36,192
36,193
36,194
36,195
36,196
36,199
37,38
37,39
37,40
37,41
37,42
37,43
37,44
37,45
37,46
37,47
37,48
37,49
37,50
37,51
37,52
37,53
37,54
37,55
37,56
37,57
37,58
37,59
37,60
37,61
37,62
37,63
37,64
37,65
37,66
37,67
37,68
37,69
37,70
37,71
37,72
37,73
37,74
37,75
37,76
37,77
37,78
37,79
37,80
37,81
38,39
38,40
38,41
38,42
38,43
38,44
38,45
38,46
38,47
38,48
38,49
38,50
38,51
38,52
38,53
38,54
38,55
38,56
38,57
38,58
38,59
38,60
38,61
38,62
38,63
38,64
38,65
38,66
38,67
38,68
38,69
38,70
38,71
38,72
38,73
38,74
38,75
38,76
38,77
38,78
38,79
38,80
38,81
39,40
39,41
39,42
39,43
39,44
39,45
39,46
39,47
39,48
39,49
39,50
39,51
39,52
39,53
39,54
39,55
39,56
39,57
39,58
39,59
39,60
39,61
39,62
39,63
39,64
39,65
39,66
39,67
39,68
39,69
39,70
39,71
39,72
39,73
39,74
39,75
39,76
39,77
39,78
39,79
39,80
39,81
40,41
40,42
40,43
40,44
40,45
40,46
40,47
40,48
40,49
40,50
40,51
40,52
40,53
40,54
40,55
40,56
40,57
40,58
40,59
40,60
40,61
40,62
40,63
40,64
40,65
40,66
40,67
40,68
40,69
40,70
40,71
40,72
40,73
40,74
40,75
40,76
40,77
40,78
40,79
40,80
40,81
41,42
41,43
41,44
41,45
41,46
41,47
41,48
41,49
41,50
41,51
41,52
41,53
41,54
41,55
41,56
41,57
41,58
41,59
41,60
41,61
41,62
41,63
41,64
41,65
41,66
41,67
41,68
41,69
41,70
41,71
41,72
41,73
41,74
41,75
41,76
41,77
41,78
41,79
41,80
41,81
42,43
42,44
42,45
42,46
42,47
42,48
42,49
42,50
42,51
42,52
42,53
42,54
42,55
42,56
42,57
42,58
42,59
42,60
42,61
42,62
42,63
42,64
42,65
42,66
42,67
42,68
42,69
42,70
42,71
42,72
42,73
42,74
42,75
42,76
42,77
42,78
42,79
42,80
42,81
43,44
43,45
43,46
43,47
43,48
43,49
43,50
43,51
43,52
43,53
43,54
43,55
43,56
43,57
43,58
43,59
43,60
43,61
43,62
43,63
43,64
43,65
43,66
43,67
43,68
43,69
43,70
43,71
43,72
43,73
43,74
43,75
43,76
43,77
43,78
43,79
43,80
43,81
43,83
43,84
43,85
43,86
43,97
43,99
43,101
43,107
43,109
43,111
43,114
43,115
43,116
43,120
43,122
43,124
43,125
43,126
43,128
43,135
43,136
43,137
43,141
43,143
43,147
43,149
43,150
43,157
43,158
43,163
43,165
43,167
43,169
43,171
43,172
43,175
43,176
43,178
43,179
43,181
43,185
43,187
43,191
43,192
43,193
43,194
43,195
43,196
43,199
44,45
44,46
44,47
44,48
44,49
44,50
44,51
44,52
44,53
44,54
44,55
44,56
44,57
44,58
44,59
44,60
44,61
44,62
44,63
44,64
44,65
44,66
44,67
44,68
44,69
44,70
44,71
44,72
44,73
44,74
44,75
44,76
44,77
44,78
44,79
44,80
44,81
45,46
45,47
45,48
45,49
45,50
45,51
45,52
45,53
45,54
45,55
45,56
45,57
45,58
45,59
45,60
45,61
45,62
45,63
45,64
45,65
45,66
45,67
45,68
45,69
45,70
45,71
45,72
45,73
45,74
45,75
45,76
45,77
45,78
45,79
45,80
45,81
45,83
45,84
45,85
45,86
45,97
45,99
45,101
45,107
45,109
45,111
45,114
45,115
45,116
45,120
45,122
45,124
45,125
45,126
45,128
45,135
45,136
45,137
45,141
45,143
45,147
45,149
45,150
45,157
45,158
45,163
45,165
45,167
45,169
45,171
45,172
45,175
45,176
45,178
45,179
45,181
45,185
45,187
45,191
45,192
45,193
45,194
45,195
45,196
45,199
46,47
46,48
46,49
46,50
46,51
46,52
46,53
46,54
46,55
46,56
46,57
46,58
46,59
46,60
46,61
46,62
46,63
46,64
46,65
46,66
46,67
46,68
46,69
46,70
46,71
46,72
46,73
46,74
46,75
46,76
46,77
46,78
46,79
46,80
46,81
47,48
47,49
47,50
47,51
47,52
47,53
47,54
47,55
47,56
47,57
47,58
47,59
47,60
47,61
47,62
47,63
47,64
47,65
47,66
47,67
47,68
47,69
47,70
47,71
47,72
47,73
47,74
47,75
47,76
47,77
47,78
47,79
47,80
47,81
48,49
48,50
48,51
48,52
48,53
48,54
48,55
48,56
48,57
48,58
48,59
48,60
48,61
48,62
48,63
48,64
48,65
48,66
48,67
48,68
48,69
48,70
48,71
48,72
48,73
48,74
48,75
48,76
48,77
48,78
48,79
48,80
48,81
48,83
48,84
48,85
48,86
48,97
48,99
48,101
48,107
48,109
48,111
48,114
48,115
48,116
48,120
48,122
48,124
48,125
48,126
48,128
48,135
48,136
48,137
48,141
48,143
48,147
48,149
48,150
48,157
48,158
48,163
48,165
48,167
48,169
48,171
48,172
48,175
48,176
48,178
48,179
48,181
48,185
48,187
48,191
48,192
48,193
48,194
48,195
48,196
48,199
49,50
49,51
49,52
49,53
49,54
49,55
49,56
49,57
49,58
49,59
49,60
49,61
49,62
49,63
49,64
49,65
49,66
49,67
49,68
49,69
49,70
49,71
49,72
49,73
49,74
49,75
49,76
49,77
49,78
49,79
49,80
49,81
49,83
49,84
49,85
49,86
49,97
49,99
49,101
49,107
49,109
49,111
49,114
49,115
49,116
49,120
49,122
49,124
49,125
49,126
49,128
49,135
49,136
49,137
49,141
49,143
49,147
49,149
49,150
49,157
49,158
49,163
49,165
49,167
49,169
49,171
49,172
49,175
49,176
49,178
49,179
49,181
49,185
49,187
49,191
49,192
49,193
49,194
49,195
49,196
49,199
50,51
50,52
50,53
50,54
50,55
50,56
50,57
50,58
50,59
50,60
50,61
50,62
50,63
50,64
50,65
50,66
50,67
50,68
50,69
50,70
50,71
50,72
50,73
50,74
50,75
50,76
50,77
50,78
50,79
50,80
50,81
51,52
51,53
51,54
51,55
51,56
51,57
51,58
51,59
51,60
51,61
51,62
51,63
51,64
51,65
51,66
51,67
51,68
51,69
51,70
51,71
51,72
51,73
51,74
51,75
51,76
51,77
51,78
51,79
51,80
51,81
51,83
51,84
51,85
51,86
51,97
51,99
51,101
51,107
51,109
51,111
51,114
51,115
51,116
51,120
51,122
51,124
51,125
51,126
51,128
51,135
51,136
51,137
51,141
51,143
51,147
51,149
51,150
51,157
51,158
51,163
51,165
51,167
51,169
51,171
51,172
51,175
51,176
51,178
51,179
51,181
51,185
51,187
51,191
51,192
51,193
51,194
51,195
51,196
51,199
52,53
52,54
52,55
52,56
52,57
52,58
52,59
52,60
52,61
52,62
52,63
52,64
52,65
52,66
52,67
52,68
52,69
52,70
52,71
52,72
52,73
52,74
52,75
52,76
52,77
52,78
52,79
52,80
52,81
53,54
53,55
53,56
53,57
53,58
53,59
53,60
53,61
53,62
53,63
53,64
53,65
53,66
53,67
53,68
53,69
53,70
53,71
53,72
53,73
53,74
53,75
53,76
53,77
53,78
53,79
53,80
53,81
54,55
54,56
54,57
54,58
54,59
54,60
54,61
54,62
54,63
54,64
54,65
54,66
54,67
54,68
54,69
54,70
54,71
54,72
54,73
54,74
54,75
54,76
54,77
54,78
54,79
54,80
54,81
55,56
55,57
55,58
55,59
55,60
55,61
55,62
55,63
55,64
55,65
55,66
55,67
55,68
55,69
55,70
55,71
55,72
55,73
55,74
55,75
55,76
55,77
55,78
55,79
55,80
55,81
55,83
55,84
55,85
55,86
55,97
55,99
55,101
55,107
55,109
55,111
55,114
55,115
55,116
55,120
55,122
55,124
55,125
55,126
55,128
55,135
55,136
55,137
55,141
55,143
55,147
55,149
55,150
55,157
55,158
55,163
55,165
55,167
55,169
55,171
55,172
55,175
55,176
55,178
55,179
55,181
55,185
55,187
55,191
55,192
55,193
55,194
55,195
55,196
55,199
56,57
56,58
56,59
56,60
56,61
56,62
56,63
56,64
56,65
56,66
56,67
56,68
56,69
56,70
56,71
56,72
56,73
56,74
56,75
56,76
56,77
56,78
56,79
56,80
56,81
57,58
57,59
57,60
57,61
57,62
57,63
57,64
57,65
57,66
57,67
57,68
57,69
57,70
57,71
57,72
57,73
57,74
57,75
57,76
57,77
57,78
57,79
57,80
57,81
58,59
58,60
58,61
58,62
58,63
58,64
58,65
58,66
58,67
58,68
58,69
58,70
58,71
58,72
58,73
58,74
58,75
58,76
58,77
58,78
58,79
58,80
58,81
58,83
58,84
58,85
58,86
58,97
58,99
58,101
58,107
58,109
58,111
58,114
58,115
58,116
58,120
58,122
58,124
58,125
58,126
58,128
58,135
58,136
58,137
58,141
58,143
58,147
58,149
58,150
58,157
58,158
58,163
58,165
58,167
58,169
58,171
58,172
58,175
58,176
58,178
58,179
58,181
58,185
58,187
58,191
58,192
58,193
58,194
58,195
58,196
58,199
59,60
59,61
59,62
59,63
59,64
59,65
59,66
59,67
59,68
59,69
59,70
59,71
59,72
59,73
59,74
59,75
59,76
59,77
59,78
59,79
59,80
59,81
59,83
59,84
59,85
59,86
59,97
59,99
59,101
59,107
59,109
59,111
59,114
59,115
59,116
59,120
59,122
59,124
59,125
59,126
59,128
59,135
59,136
59,137
59,141
59,143
59,147
59,149
59,150
59,157
59,158
59,163
59,165
59,167
59,169
59,171
59,172
59,175
59,176
59,178
59,179
59,181
59,185
59,187
59,191
59,192
59,193
59,194
59,195
59,196
59,199
60,61
60,62
60,63
60,64
60,65
60,66
60,67
60,68
60,69
60,70
60,71
60,72
60,73
60,74
60,75
60,76
60,77
60,78
60,79
60,80
60,81
60,83
60,84
60,85
60,86
60,97
60,99
60,101
60,107
60,109
60,111
60,114
60,115
60,116
60,120
60,122
60,124
60,125
60,126
60,128
60,135
60,136
60,137
60,141
60,143
60,147
60,149
60,150
60,157
60,158
60,163
60,165
60,167
60,169
60,171
60,172
60,175
60,176
60,178
60,179
60,181
60,185
60,187
60,191
60,192
60,193
60,194
60,195
60,196
60,199
61,62
61,63
61,64
61,65
61,66
61,67
61,68
61,69
61,70
61,71
61,72
61,73
61,74
61,75
61,76
61,77
61,78
61,79
61,80
61,81
61,83
61,84
61,85
61,86
61,97
61,99
61,101
61,107
61,109
61,111
61,114
61,115
61,116
61,120
61,122
61,124
61,125
61,126
61,128
61,135
61,136
61,137
61,141
61,143
61,147
61,149
61,150
61,157
61,158
61,163
61,165
61,167
61,169
61,171
61,172
61,175
61,176
61,178
61,179
61,181
61,185
61,187
61,191
61,192
61,193
61,194
61,195
61,196
61,199
62,63
62,64
62,65
62,66
62,67
62,68
62,69
62,70
62,71
62,72
62,73
62,74
62,75
62,76
62,77
62,78
62,79
62,80
62,81
63,64
63,65
63,66
63,67
63,68
63,69
63,70
63,71
63,72
63,73
63,74
63,75
63,76
63,77
63,78
63,79
63,80
63,81
64,65
64,66
64,67
64,68
64,69
64,70
64,71
64,72
64,73
64,74
64,75
64,76
64,77
64,78
64,79
64,80
64,81
64,83
64,84
64,85
64,86
64,97
64,99
64,101
64,107
64,109
64,111
64,114
64,115
64,116
64,120
64,122
64,124
64,125
64,126
64,128
64,135
64,136
64,137
64,141
64,143
64,147
64,149
64,150
64,157
64,158
64,163
64,165
64,167
64,169
64,171
64,172
64,175
64,176
64,178
64,179
64,181
64,185
64,187
64,191
64,192
64,193
64,194
64,195
64,196
64,199
65,66
65,67
65,68
65,69
65,70
65,71
65,72
65,73
65,74
65,75
65,76
65,77
65,78
65,79
65,80
65,81
66,67
66,68
66,69
66,70
66,71
66,72
66,73
66,74
66,75
66,76
66,77
66,78
66,79
66,80
66,81
66,83
66,84
66,85
66,86
66,97
66,99
66,101
66,107
66,109
66,111
66,114
66,115
66,116
66,120
66,122
66,124
66,125
66,126
66,128
66,135
66,136
66,137
66,141
66,143
66,147
66,149
66,150
66,157
66,158
66,163
66,165
66,167
66,169
66,171
66,172
66,175
66,176
66,178
66,179
66,181
66,185
66,187
66,191
66,192
66,193
66,194
66,195
66,196
66,199
67,68
67,69
67,70
67,71
67,72
67,73
67,74
67,75
67,76
67,77
67,78
67,79
67,80
67,81
67,83
67,84
67,85
67,86
67,97
67,99
67,101
67,107
67,109
67,111
67,114
67,115
67,116
67,120
67,122
67,124
67,125
67,126
67,128
67,135
67,136
67,137
67,141
67,143
67,147
67,149
67,150
67,157
67,158
67,163
67,165
67,167
67,169
67,171
67,172
67,175
67,176
67,178
67,179
67,181
67,185
67,187
67,191
67,192
67,193
67,194
67,195
67,196
67,199
68,69
68,70
68,71
68,72
68,73
68,74
68,75
68,76
68,77
68,78
68,79
68,80
68,81
68,83
68,84
68,85
68,86
68,97
68,99
68,101
68,107
68,109
68,111
68,114
68,115
68,116
68,120
68,122
68,124
68,125
68,126
68,128
68,135
68,136
68,137
68,141
68,143
68,147
68,149
68,150
68,157
68,158
68,163
68,165
68,167
68,169
68,171
68,172
68,175
68,176
68,178
68,179
68,181
68,185
68,187
68,191
68,192
68,193
68,194
68,195
68,196
68,199
69,70
69,71
69,72
69,73
69,74
69,75
69,76
69,77
69,78
69,79
69,80
69,81
70,71
70,72
70,73
70,74
70,75
70,76
70,77
70,78
70,79
70,80
70,81
71,72
71,73
71,74
71,75
71,76
71,77
71,78
71,79
71,80
71,81
71,83
71,84
71,85
71,86
71,97
71,99
71,101
71,107
71,109
71,111
71,114
71,115
71,116
71,120
71,122
71,124
71,125
71,126
71,128
71,135
71,136
71,137
71,141
71,143
71,147
71,149
71,150
71,157
71,158
71,163
71,165
71,167
71,169
71,171
71,172
71,175
71,176
71,178
71,179
71,181
71,185
71,187
71,191
71,192
71,193
71,194
71,195
71,196
71,199
72,73
72,74
72,75
72,76
72,77
72,78
72,79
72,80
72,81
73,74
73,75
73,76
73,77
73,78
73,79
73,80
74,75
74,76
74,77
74,78
74,79
74,80
74,81
75,76
75,77
75,78
75,79
75,80
75,81
75,83
75,84
75,85
75,86
75,97
75,99
75,101
75,107
75,109
75,111
75,114
75,115
75,116
75,120
75,122
75,124
75,125
75,126
75,128
75,135
75,136
75,137
75,141
75,143
75,147
75,149
75,150
75,157
75,158
75,163
75,165
75,167
75,169
75,171
75,172
75,175
75,176
75,178
75,179
75,181
75,185
75,187
75,191
75,192
75,193
75,194
75,195
75,196
75,199
76,77
76,78
76,79
76,80
76,81
77,78
77,79
77,80
77,81
77,83
77,84
77,85
77,86
77,97
77,99
77,101
77,107
77,109
77,111
77,114
77,115
77,116
77,120
77,122
77,124
77,125
77,126
77,128
77,135
77,136
77,137
77,141
77,143
77,147
77,149
77,150
77,157
77,158
77,163
77,165
77,167
77,169
77,171
77,172
77,175
77,176
77,178
77,179
77,181
77,185
77,187
77,191
77,192
77,193
77,194
77,195
77,196
77,199
78,79
78,80
78,81
79,80
79,81
80,81
81,83
81,84
81,85
81,86
81,97
81,99
81,101
81,107
81,109
81,111
81,114
81,115
81,116
81,120
81,122
81,124
81,125
81,126
81,128
81,135
81,136
81,137
81,141
81,143
81,147
81,149
81,150
81,157
81,158
81,163
81,165
81,167
81,169
81,171
81,172
81,175
81,176
81,178
81,179
81,181
81,185
81,187
81,191
81,192
81,193
81,194
81,195
81,196
81,199
83,84
83,85
83,86
83,97
83,99
83,101
83,107
83,109
83,111
83,114
83,115
83,116
83,120
83,122
83,124
83,125
83,126
83,128
83,135
83,136
83,137
83,141
83,143
83,147
83,149
83,150
83,157
83,158
83,163
83,165
83,167
83,169
83,171
83,172
83,175
83,176
83,178
83,179
83,181
83,185
83,187
83,191
83,192
83,193
83,194
83,195
83,196
83,199
84,85
84,86
84,97
84,99
84,101
84,107
84,109
84,111
84,114
84,115
84,116
84,120
84,122
84,124
84,125
84,126
84,128
84,135
84,136
84,137
84,141
84,143
84,147
84,149
84,150
84,157
84,158
84,163
84,165
84,167
84,169
84,171
84,172
84,175
84,176
84,178
84,179
84,181
84,185
84,187
84,191
84,192
84,193
84,194
84,195
84,196
84,199
85,86
85,97
85,99
85,101
85,107
85,109
85,111
85,114
85,115
85,116
85,120
85,122
85,124
85,125
85,126
85,128
85,135
85,136
85,137
85,141
85,143
85,147
85,149
85,150
85,157
85,158
85,163
85,165
85,167
85,169
85,171
85,172
85,175
85,176
85,178
85,179
85,181
85,185
85,187
85,191
85,192
85,193
85,194
85,195
85,196
85,199
86,97
86,99
86,101
86,107
86,109
86,111
86,114
86,115
86,116
86,120
86,122
86,124
86,125
86,126
86,128
86,135
86,136
86,137
86,141
86,143
86,147
86,149
86,150
86,157
86,158
86,163
86,165
86,167
86,169
86,171
86,172
86,175
86,176
86,178
86,179
86,181
86,185
86,187
86,191
86,192
86,193
86,194
86,195
86,196
86,199
97,99
97,101
97,107
97,109
97,111
97,114
97,115
97,116
97,120
97,122
97,124
97,125
97,126
97,128
97,135
97,136
97,137
97,141
97,143
97,147
97,149
97,150
97,157
97,158
97,163
97,165
97,167
97,169
97,171
97,172
97,175
97,176
97,178
97,179
97,181
97,185
97,187
97,191
97,192
97,193
97,194
97,195
97,196
97,199
99,101
99,107
99,109
99,111
99,114
99,115
99,116
99,120
99,122
99,124
99,125
99,126
99,128
99,135
99,136
99,137
99,141
99,143
99,147
99,149
99,150
99,157
99,158
99,163
99,165
99,167
99,169
99,171
99,172
99,175
99,176
99,178
99,179
99,181
99,185
99,187
99,191
99,192
99,193
99,194
99,195
99,196
99,199
101,107
101,109
101,111
101,114
101,115
101,116
101,120
101,122
101,124
101,125
101,126
101,128
101,135
101,136
101,137
101,141
101,143
101,147
101,149
101,150
101,157
101,158
101,163
101,165
101,167
101,169
101,171
101,172
101,175
101,176
101,178
101,179
101,181
101,185
101,187
101,191
101,192
101,193
101,194
101,195
101,196
101,199
107,109
107,111
107,114
107,115
107,116
107,120
107,122
107,124
107,125
107,126
107,128
107,135
107,136
107,137
107,141
107,143
107,147
107,149
107,150
107,157
107,158
107,163
107,165
107,167
107,169
107,171
107,172
107,175
107,176
107,178
107,179
107,181
107,185
107,187
107,191
107,192
107,193
107,194
107,195
107,196
107,199
109,111
109,114
109,115
109,116
109,120
109,122
109,124
109,125
109,126
109,128
109,135
109,136
109,137
109,141
109,143
109,147
109,149
109,150
109,157
109,158
109,163
109,165
109,167
109,169
109,171
109,172
109,175
109,176
109,178
109,179
109,181
109,185
109,187
109,191
109,192
109,193
109,194
109,195
109,196
109,199
111,114
111,115
111,116
111,120
111,122
111,124
111,125
111,126
111,128
111,135
111,136
111,137
111,141
111,143
111,147
111,149
111,150
111,157
111,158
111,163
111,165
111,167
111,169
111,171
111,172
111,175
111,176
111,178
111,179
111,181
111,185
111,187
111,191
111,192
111,193
111,194
111,195
111,196
111,199
114,115
114,116
114,120
114,122
114,124
114,125
114,126
114,128
114,135
114,136
114,137
114,141
114,143
114,147
114,149
114,150
114,157
114,158
114,163
114,165
114,167
114,169
114,171
114,172
114,175
114,176
114,178
114,179
114,181
114,185
114,187
114,191
114,192
114,193
114,194
114,195
114,196
114,199
115,116
115,120
115,122
115,124
115,125
115,126
115,128
115,135
115,136
115,137
115,141
115,143
115,147
115,149
115,150
115,157
115,158
115,163
115,165
115,167
115,169
115,171
115,172
115,175
115,176
115,178
115,179
115,181
115,185
115,187
115,191
115,192
115,193
115,194
115,195
115,196
115,199
116,120
116,122
116,124
116,125
116,126
116,128
116,135
116,136
116,137
116,141
116,143
116,147
116,149
116,150
116,157
116,158
116,163
116,165
116,167
116,169
116,171
116,172
116,175
116,176
116,178
116,179
116,181
116,185
116,187
116,191
116,192
116,193
116,194
116,195
116,196
116,199
120,122
120,124
120,125
120,126
120,128
120,135
120,136
120,137
120,141
120,143
120,147
120,149
120,150
120,157
120,158
120,163
120,165
120,167
120,169
120,171
120,172
120,175
120,176
120,178
120,179
120,181
120,185
120,187
120,191
120,192
120,193
120,194
120,195
120,196
120,199
122,124
122,125
122,126
122,128
122,135
122,136
122,137
122,141
122,143
122,147
122,149
122,150
122,157
122,158
122,163
122,165
122,167
122,169
122,171
122,172
122,175
122,176
122,178
122,179
122,181
122,185
122,187
122,191
122,192
122,193
122,194
122,195
122,196
122,199
124,125
124,126
124,128
124,135
124,136
124,137
124,141
124,143
124,147
124,149
124,150
124,157
124,158
124,163
124,165
124,167
124,169
124,171
124,172
124,175
124,176
124,178
124,179
124,181
124,185
124,187
124,191
124,192
124,193
124,194
124,195
124,196
124,199
125,126
125,128
125,135
125,136
125,137
125,141
125,143
125,147
125,149
125,150
125,157
125,158
125,163
125,165
125,167
125,169
125,171
125,172
125,175
125,176
125,178
125,179
125,181
125,185
125,187
125,191
125,192
125,193
125,194
125,195
125,196
125,199
126,128
126,135
126,136
126,137
126,141
126,143
126,147
126,149
126,150
126,157
126,158
126,163
126,165
126,167
126,169
126,171
126,172
126,175
126,176
126,178
126,179
126,181
126,185
126,187
126,191
126,192
126,193
126,194
126,195
126,196
126,199
128,135
128,136
128,137
128,141
128,143
128,147
128,149
128,150
128,157
128,158
128,163
128,165
128,167
128,169
128,171
128,172
128,175
128,176
128,178
128,179
128,181
128,185
128,187
128,191
128,192
128,193
128,194
128,195
128,196
128,199
135,136
135,137
135,141
135,143
135,147
135,149
135,150
135,157
135,158
135,163
135,165
135,167
135,169
135,171
135,172
135,175
135,176
135,178
135,179
135,181
135,185
135,187
135,191
135,192
135,193
135,194
135,195
135,196
135,199
136,137
136,141
136,143
136,147
136,149
136,150
136,157
136,158
136,163
136,165
136,167
136,169
136,171
136,172
136,175
136,176
136,178
136,179
136,181
136,185
136,187
136,191
136,192
136,193
136,194
136,195
136,196
136,199
137,141
137,143
137,147
137,149
137,150
137,157
137,158
137,163
137,165
137,167
137,169
137,171
137,172
137,175
137,176
137,178
137,179
137,181
137,185
137,187
137,191
137,192
137,193
137,194
137,195
137,196
137,199
141,143
141,147
141,149
141,150
141,157
141,158
141,163
141,165
141,167
141,169
141,171
141,172
141,175
141,176
141,178
141,179
141,181
141,185
141,187
141,191
141,192
141,193
141,194
141,195
141,196
141,199
143,147
143,149
143,150
143,157
143,158
143,163
143,165
143,167
143,169
143,171
143,172
143,175
143,176
143,178
143,179
143,181
143,185
143,187
143,191
143,192
143,193
143,194
143,195
143,196
143,199
147,149
147,150
147,157
147,158
147,163
147,165
147,167
147,169
147,171
147,172
147,175
147,176
147,178
147,179
147,181
147,185
147,187
147,191
147,192
147,193
147,194
147,195
147,196
147,199
149,150
149,157
149,158
149,163
149,165
149,167
149,169
149,171
149,172
149,175
149,176
149,178
149,179
149,181
149,185
149,187
149,191
149,192
149,193
149,194
149,195
149,196
149,199
150,157
150,158
150,163
150,165
150,167
150,169
150,171
150,172
150,175
150,176
150,178
150,179
150,181
150,185
150,187
150,191
150,192
150,193
150,194
150,195
150,196
150,199
157,158
157,163
157,165
157,167
157,169
157,171
157,172
157,175
157,176
157,178
157,179
157,181
157,185
157,187
157,191
157,192
157,193
157,194
157,195
157,196
157,199
158,163
158,165
158,167
158,169
158,171
158,172
158,175
158,176
158,178
158,179
158,181
158,185
158,187
158,191
158,192
158,193
158,194
158,195
158,196
158,199
163,165
163,167
163,169
163,171
163,172
163,175
163,176
163,178
163,179
163,181
163,185
163,187
163,191
163,192
163,193
163,194
163,195
163,196
163,199
165,167
165,169
165,171
165,172
165,175
165,176
165,178
165,179
165,181
165,185
165,187
165,191
165,192
165,193
165,194
165,195
165,196
165,199
167,169
167,171
167,172
167,175
167,176
167,178
167,179
167,181
167,185
167,187
167,191
167,192
167,193
167,194
167,195
167,196
167,199
169,171
169,172
169,175
169,176
169,178
169,179
169,181
169,185
169,187
169,191
169,192
169,193
169,194
169,195
169,196
169,199
170,178
170,189
170,190
171,172
171,175
171,176
171,177
171,178
171,179
171,181
171,184
171,185
171,186
171,187
171,189
171,190
171,191
171,192
171,193
171,194
171,195
171,196
171,199
172,175
172,176
172,178
172,179
172,181
172,184
172,185
172,186
172,187
172,188
172,190
172,191
172,192
172,193
172,194
172,195
172,196
172,199
173,174
173,175
173,177
173,182
173,183
173,185
173,186
173,188
173,190
174,175
174,177
174,178
174,183
174,184
174,185
174,186
174,188
174,189
174,190
174,198
175,176
175,178
175,179
175,181
175,185
175,186
175,187
175,189
175,190
175,191
175,192
175,193
175,194
175,195
175,196
175,199
176,178
176,179
176,181
176,185
176,186
176,187
176,188
176,190
176,191
176,192
176,193
176,194
176,195
176,196
176,199
177,180
177,181
177,182
177,186
177,188
177,190
178,179
178,181
178,182
178,183
178,184
178,185
178,187
178,188
178,189
178,190
178,191
178,192
178,193
178,194
178,195
178,196
178,198
178,199
179,181
179,184
179,185
179,187
179,191
179,192
179,193
179,194
179,195
179,196
179,198
179,199
180,182
180,184
180,185
180,188
180,191
180,198
180,199
181,185
181,187
181,188
181,190
181,191
181,192
181,193
181,194
181,195
181,196
181,198
181,199
182,185
183,185
183,189
183,190
184,185
184,186
184,189
184,190
184,199
185,186
185,187
185,189
185,191
185,192
185,193
185,194
185,195
185,196
185,199
186,189
186,191
186,199
187,188
187,189
187,190
187,191
187,192
187,193
187,194
187,195
187,196
187,199
188,189
188,190
188,191
188,199
189,191
190,199
191,192
191,193
191,194
191,195
191,196
191,198
191,199
192,193
192,194
192,195
192,196
192,199
193,194
193,195
193,196
193,199
194,195
194,196
194,199
195,196
195,199
196,199
