0,1
0,2
0,3
0,4
0,5
0,6
0,7
0,8
0,9
0,10
0,11
0,12
0,13
0,14
0,15
0,16
0,17
0,18
0,19
0,20
0,21
0,22
0,23
0,24
0,25
0,26
0,27
0,28
0,29
0,30
0,31
0,32
0,33
0,34
0,35
0,36
0,37
0,38
0,39
0,40
0,41
0,42
0,43
0,44
0,45
0,46
0,47
0,48
0,49
0,50
0,51
0,52
0,53
0,54
0,55
0,56
0,57
0,58
0,59
0,60
0,61
0,62
0,63
0,64
0,65
0,66
0,67
0,68
0,69
0,70
0,71
0,72
0,73
0,74
0,75
0,76
0,77
0,140
0,141
0,150
0,157
0,162
0,165
0,167
0,168
0,171
0,176
0,177
0,179
0,180
0,181
0,183
0,184
0,186
0,187
0,189
0,190
0,191
0,193
0,194
0,195
0,196
0,197
0,198
0,199
1,2
1,3
1,4
1,5
1,6
1,7
1,8
1,9
1,10
1,11
1,12
1,13
1,14
1,15
1,16
1,17
1,18
1,19
1,20
1,21
1,22
1,23
1,24
1,25
1,26
1,27
1,28
1,29
1,30
1,31
1,32
1,33
1,34
1,35
1,36
1,37
1,38
1,39
1,40
1,41
1,42
1,43
1,44
1,45
1,46
1,47
1,48
1,49
1,50
1,51
1,52
1,53
1,54
1,55
1,56
1,57
1,58
1,59
1,60
1,61
1,62
1,63
1,64
1,65
1,66
1,67
1,68
1,69
1,70
1,71
1,72
1,73
1,74
1,75
1,76
1,77
2,3
2,4
2,5
2,6
2,7
2,8
2,9
2,10
2,11
2,12
2,13
2,14
2,15
2,16
2,17
2,18
2,19
2,20
2,21
2,22
2,23
2,24
2,25
2,26
2,27
2,28
2,29
2,30
2,31
2,32
2,33
2,34
2,35
2,36
2,37
2,38
2,39
2,40
2,41
2,42
2,43
2,44
2,45
2,46
2,47
2,48
2,49
2,50
2,51
2,52
2,53
2,54
2,55
2,56
2,57
2,58
2,59
2,60
2,61
2,62
2,63
2,64
2,65
2,66
2,67
2,68
2,69
2,70
2,71
2,72
2,73
2,74
2,75
2,76
2,77
3,4
3,5
3,6
3,7
3,8
3,9
3,10
3,11
3,12
3,13
3,14
3,15
3,16
3,17
3,18
3,19
3,20
3,21
3,22
3,23
3,24
3,25
3,26
3,27
3,28
3,29
3,30
3,31
3,32
3,33
3,34
3,35
3,36
3,37
3,38
3,39
3,40
3,41
3,42
3,43
3,44
3,45
3,46
3,47
3,48
3,49
3,50
3,51
3,52
3,53
3,54
3,55
3,56
3,57
3,58
3,59
3,60
3,61
3,62
3,63
3,64
3,65
3,66
3,67
3,68
3,69
3,70
3,71
3,72
3,73
3,74
3,75
3,76
3,77
4,5
4,6
4,7
4,8
4,9
4,10
4,11
4,12
4,13
4,14
4,15
4,16
4,17
4,18
4,19
4,20
4,21
4,22
4,23
4,24
4,25
4,26
4,27
4,28
4,29
4,30
4,31
4,32
4,33
4,34
4,35
4,36
4,37
4,38
4,39
4,40
4,41
4,42
4,43
4,44
4,45
4,46
4,47
4,48
4,49
4,50
4,51
4,52
4,53
4,54
4,55
4,56
4,57
4,58
4,59
4,60
4,61
4,62
4,63
4,64
4,65
4,66
4,67
4,68
4,69
4,70
4,71
4,72
4,73
4,74
4,75
4,76
4,77
5,6
5,7
5,8
5,9
5,10
5,11
5,12
5,13
5,14
5,15
5,16
5,17
5,18
5,19
5,20
5,21
5,22
5,23
5,24
5,25
5,26
5,27
5,28
5,29
5,30
5,31
5,32
5,33
5,34
5,35
5,36
5,37
5,38
5,39
5,40
5,41
5,42
5,43
5,44
5,45
5,46
5,47
5,48
5,49
5,50
5,51
5,52
5,53
5,54
5,55
5,56
5,57
5,58
5,59
5,60
5,61
5,62
5,63
5,64
5,65
5,66
5,67
5,68
5,69
5,70
5,71
5,72
5,73
5,74
5,75
5,76
5,77
6,7
6,8
6,9
6,10
6,11
6,12
6,13
6,14
6,15
6,16
6,17
6,18
6,19
6,20
6,21
6,22
6,23
6,24
6,25
6,26
6,27
6,28
6,29
6,30
6,31
6,32
6,33
6,34
6,35
6,36
6,37
6,38
6,39
6,40
6,41
6,42
6,43
6,44
6,45
6,46
6,47
6,48
6,49
6,50
6,51
6,52
6,53
6,54
6,55
6,56
6,57
6,58
6,59
6,60
6,61
6,62
6,63
6,64
6,65
6,66
6,67
6,68
6,69
6,70
6,71
6,72
6,73
6,74
6,75
6,76
6,77
6,151
6,156
6,157
6,158
6,162
7,8
7,9
7,10
7,11
7,12
7,13
7,14
7,15
7,16
7,17
7,18
7,19
7,20
7,21
7,22
7,23
7,24
7,25
7,26
7,27
7,28
7,29
7,30
7,31
7,32
7,33
7,34
7,35
7,36
7,37
7,38
7,39
7,40
7,41
7,42
7,43
7,44
7,45
7,46
7,47
7,48
7,49
7,50
7,51
7,52
7,53
7,54
7,55
7,56
7,57
7,58
7,59
7,60
7,61
7,62
7,63
7,64
7,65
7,66
7,67
7,68
7,69
7,70
7,71
7,72
7,73
7,74
7,75
7,76
7,77
7,79
7,81
7,83
7,87
7,90
7,91
7,92
7,93
7,94
7,95
7,96
7,99
7,101
7,102
7,104
7,105
7,106
7,107
7,111
7,112
7,115
7,116
7,117
7,118
7,123
7,128
7,129
7,132
7,133
7,134
7,137
7,138
7,141
7,143
7,151
7,156
7,158
7,159
7,162
7,163
7,165
7,169
7,170
7,171
7,174
7,178
7,187
7,192
7,198
8,9
8,10
8,11
8,12
8,13
8,14
8,15
8,16
8,17
8,18
8,19
8,20
8,21
8,22
8,23
8,24
8,25
8,26
8,27
8,28
8,29
8,30
8,31
8,32
8,33
8,34
8,35
8,36
8,37
8,38
8,39
8,40
8,41
8,42
8,43
8,44
8,45
8,46
8,47
8,48
8,49
8,50
8,51
8,52
8,53
8,54
8,55
8,56
8,57
8,58
8,59
8,60
8,61
8,62
8,63
8,64
8,65
8,66
8,67
8,68
8,69
8,70
8,71
8,72
8,73
8,74
8,75
8,76
8,77
8,79
8,81
8,83
8,87
8,90
8,91
8,92
8,93
8,94
8,95
8,96
8,99
8,101
8,102
8,104
8,105
8,106
8,107
8,111
8,112
8,115
8,116
8,117
8,118
8,123
8,128
8,129
8,132
8,133
8,134
8,137
8,138
8,141
8,143
8,151
8,156
8,158
8,159
8,162
8,163
8,165
8,169
8,170
8,171
8,174
8,178
8,187
8,192
8,198
9,10
9,11
9,12
9,13
9,14
9,15
9,16
9,17
9,18
9,19
9,20
9,21
9,22
9,23
9,24
9,25
9,26
9,27
9,28
9,29
9,30
9,31
9,32
9,33
9,34
9,35
9,36
9,37
9,38
9,39
9,40
9,41
9,42
9,43
9,44
9,45
9,46
9,47
9,48
9,49
9,50
9,51
9,52
9,53
9,54
9,55
9,56
9,57
9,58
9,59
9,60
9,61
9,62
9,63
9,64
9,65
9,66
9,67
9,68
9,69
9,70
9,71
9,72
9,73
9,74
9,75
9,76
9,77
9,79
9,81
9,83
9,87
9,90
9,91
9,92
9,93
9,94
9,95
9,96
9,99
9,101
9,102
9,104
9,105
9,106
9,107
9,111
9,112
9,115
9,116
9,117
9,118
9,123
9,128
9,129
9,132
9,133
9,134
9,137
9,138
9,141
9,143
9,151
9,156
9,158
9,159
9,162
9,163
9,165
9,169
9,170
9,171
9,174
9,178
9,187
9,192
9,198
10,11
10,12
10,13
10,14
10,15
10,16
10,17
10,18
10,19
10,20
10,21
10,22
10,23
10,24
10,25
10,26
10,27
10,28
10,29
10,30
10,31
10,32
10,33
10,34
10,35
10,36
10,37
10,38
10,39
10,40
10,41
10,42
10,43
10,44
10,45
10,46
10,47
10,48
10,49
10,50
10,51
10,52
10,53
10,54
10,55
10,56
10,57
10,58
10,59
10,60
10,61
10,62
10,63
10,64
10,65
10,66
10,67
10,68
10,69
10,70
10,71
10,72
10,73
10,74
10,75
10,76
10,77
11,12
11,13
11,14
11,15
11,16
11,17
11,18
11,19
11,20
11,21
11,22
11,23
11,24
11,25
11,26
11,27
11,28
11,29
11,30
11,31
11,32
11,33
11,34
11,35
11,36
11,37
11,38
11,39
11,40
11,41
11,42
11,43
11,44
11,45
11,46
11,47
11,48
11,49
11,50
11,51
11,52
11,53
11,54
11,55
11,56
11,57
11,58
11,59
11,60
11,61
11,62
11,63
11,64
11,65
11,66
11,67
11,68
11,69
11,70
11,71
11,72
11,73
11,74
11,75
11,76
11,77
11,79
11,81
11,83
11,87
11,90
11,91
11,92
11,93
11,94
11,95
11,96
11,99
11,101
11,102
11,104
11,105
11,106
11,107
11,111
11,112
11,115
11,116
11,117
11,118
11,123
11,128
11,129
11,132
11,133
11,134
11,137
11,138
11,141
11,143
11,151
11,156
11,158
11,159
11,162
11,163
11,165
11,169
11,170
11,171
11,174
11,178
11,187
11,192
11,198
12,13
12,14
12,15
12,16
12,17
12,18
12,19
12,20
12,21
12,22
12,23
12,24
12,25
12,26
12,27
12,28
12,29
12,30
12,31
12,32
12,33
12,34
12,35
12,36
12,37
12,38
12,39
12,40
12,41
12,42
12,43
12,44
12,45
12,46
12,47
12,48
12,49
12,50
12,51
12,52
12,53
12,54
12,55
12,56
12,57
12,58
12,59
12,60
12,61
12,62
12,63
12,64
12,65
12,66
12,67
12,68
12,69
12,70
12,71
12,72
12,73
12,74
12,75
12,76
12,77
13,14
13,15
13,16
13,17
13,18
13,19
13,20
13,21
13,22
13,23
13,24
13,25
13,26
13,27
13,28
13,29
13,30
13,31
13,32
13,33
13,34
13,35
13,36
13,37
13,38
13,39
13,40
13,41
13,42
13,43
13,44
13,45
13,46
13,47
13,48
13,49
13,50
13,51
13,52
13,53
13,54
13,55
13,56
13,57
13,58
13,59
13,60
13,61
13,62
13,63
13,64
13,65
13,66
13,67
13,68
13,69
13,70
13,71
13,72
13,73
13,74
13,75
13,76
13,77
13,79
13,81
13,83
13,87
13,90
13,91
13,92
13,93
13,94
13,95
13,96
13,99
13,101
13,102
13,104
13,105
13,106
13,107
13,111
13,112
13,115
13,116
13,117
13,118
13,123
13,128
13,129
13,132
13,133
13,134
13,137
13,138
13,141
13,143
13,151
13,156
13,158
13,159
13,162
13,163
13,165
13,169
13,170
13,171
13,174
13,178
13,187
13,192
13,198
14,15
14,16
14,17
14,18
14,19
14,20
14,21
14,22
14,23
14,24
14,25
14,26
14,27
14,28
14,29
14,30
14,31
14,32
14,33
14,34
14,35
14,36
14,37
14,38
14,39
14,40
14,41
14,42
14,43
14,44
14,45
14,46
14,47
14,48
14,49
14,50
14,51
14,52
14,53
14,54
14,55
14,56
14,57
14,58
14,59
14,60
14,61
14,62
14,63
14,64
14,65
14,66
14,67
14,68
14,69
14,70
14,71
14,72
14,73
14,74
14,75
14,76
14,77
14,79
14,81
14,83
14,87
14,90
14,91
14,92
14,93
14,94
14,95
14,96
14,99
14,101
14,102
14,104
14,105
14,106
14,107
14,111
14,112
14,115
14,116
14,117
14,118
14,123
14,128
14,129
14,132
14,133
14,134
14,137
14,138
14,141
14,143
14,151
14,156
14,158
14,159
14,162
14,163
14,165
14,169
14,170
14,171
14,174
14,178
14,187
14,192
14,198
15,16
15,17
15,18
15,19
15,20
15,21
15,22
15,23
15,24
15,25
15,26
15,27
15,28
15,29
15,30
15,31
15,32
15,33
15,34
15,35
15,36
15,37
15,38
15,39
15,40
15,41
15,42
15,43
15,44
15,45
15,46
15,47
15,48
15,49
15,50
15,51
15,52
15,53
15,54
15,55
15,56
15,57
15,58
15,59
15,60
15,61
15,62
15,63
15,64
15,65
15,66
15,67
15,68
15,69
15,70
15,71
15,72
15,73
15,74
15,75
15,76
15,77
15,79
15,81
15,83
15,87
15,90
15,91
15,92
15,93
15,94
15,95
15,96
15,99
15,101
15,102
15,104
15,105
15,106
15,107
15,111
15,112
15,115
15,116
15,117
15,118
15,123
15,128
15,129
15,132
15,133
15,134
15,137
15,138
15,141
15,143
15,151
15,156
15,158
15,159
15,162
15,163
15,165
15,169
15,170
15,171
15,174
15,178
15,187
15,192
15,198
16,17
16,18
16,19
16,20
16,21
16,22
16,23
16,24
16,25
16,26
16,27
16,28
16,29
16,30
16,31
16,32
16,33
16,34
16,35
16,36
16,37
16,38
16,39
16,40
16,41
16,42
16,43
16,44
16,45
16,46
16,47
16,48
16,49
16,50
16,51
16,52
16,53
16,54
16,55
16,56
16,57
16,58
16,59
16,60
16,61
16,62
16,63
16,64
16,65
16,66
16,67
16,68
16,69
16,70
16,71
16,72
16,73
16,74
16,75
16,76
16,77
17,18
17,19
17,20
17,21
17,22
17,23
17,24
17,25
17,26
17,27
17,28
17,29
17,30
17,31
17,32
17,33
17,34
17,35
17,36
17,37
17,38
17,39
17,40
17,41
17,42
17,43
17,44
17,45
17,46
17,47
17,48
17,49
17,50
17,51
17,52
17,53
17,54
17,55
17,56
17,57
17,58
17,59
17,60
17,61
17,62
17,63
17,64
17,65
17,66
17,67
17,68
17,69
17,70
17,71
17,72
17,73
17,74
17,75
17,76
17,77
18,19
18,20
18,21
18,22
18,23
18,24
18,25
18,26
18,27
18,28
18,29
18,30
18,31
18,32
18,33
18,34
18,35
18,36
18,37
18,38
18,39
18,40
18,41
18,42
18,43
18,44
18,45
18,46
18,47
18,48
18,49
18,50
18,51
18,52
18,53
18,54
18,55
18,56
18,57
18,58
18,59
18,60
18,61
18,62
18,63
18,64
18,65
18,66
18,67
18,68
18,69
18,70
18,71
18,72
18,73
18,74
18,75
18,76
18,77
18,79
18,81
18,83
18,87
18,90
18,91
18,92
18,93
18,94
18,95
18,96
18,99
18,101
18,102
18,104
18,105
18,106
18,107
18,111
18,112
18,115
18,116
18,117
18,118
18,123
18,128
18,129
18,132
18,133
18,134
18,137
18,138
18,141
18,143
18,151
18,156
18,158
18,159
18,162
18,163
18,165
18,169
18,170
18,171
18,174
18,178
18,187
18,192
18,198
19,20
19,21
19,22
19,23
19,24
19,25
19,26
19,27
19,28
19,29
19,30
19,31
19,32
19,33
19,34
19,35
19,36
19,37
19,38
19,39
19,40
19,41
19,42
19,43
19,44
19,45
19,46
19,47
19,48
19,49
19,50
19,51
19,52
19,53
19,54
19,55
19,56
19,57
19,58
19,59
19,60
19,61
19,62
19,63
19,64
19,65
19,66
19,67
19,68
19,69
19,70
19,71
19,72
19,73
19,74
19,75
19,76
19,77
20,21
20,22
20,23
20,24
20,25
20,26
20,27
20,28
20,29
20,30
20,31
20,32
20,33
20,34
20,35
20,36
20,37
20,38
20,39
20,40
20,41
20,42
20,43
20,44
20,45
20,46
20,47
20,48
20,49
20,50
20,51
20,52
20,53
20,54
20,55
20,56
20,57
20,58
20,59
20,60
20,61
20,62
20,63
20,64
20,65
20,66
20,67
20,68
20,69
20,70
20,71
20,72
20,73
20,74
20,75
20,76
20,77
21,22
21,23
21,24
21,25
21,26
21,27
21,28
21,29
21,30
21,31
21,32
21,33
21,34
21,35
21,36
21,37
21,38
21,39
21,40
21,41
21,42
21,43
21,44
21,45
21,46
21,47
21,48
21,49
21,50
21,51
21,52
21,53
21,54
21,55
21,56
21,57
21,58
21,59
21,60
21,61
21,62
21,63
21,64
21,65
21,66
21,67
21,68
21,69
21,70
21,71
21,72
21,73
21,74
21,75
21,76
21,77
21,79
21,81
21,83
21,87
21,90
21,91
21,92
21,93
21,94
21,95
21,96
21,99
21,101
21,102
21,104
21,105
21,106
21,107
21,111
21,112
21,115
21,116
21,117
21,118
21,123
21,128
21,129
21,132
21,133
21,134
21,137
21,138
21,141
21,143
21,151
21,156
21,158
21,159
21,162
21,163
21,165
21,169
21,170
21,171
21,174
21,178
21,187
21,192
21,198
22,23
22,24
22,25
22,26
22,27
22,28
22,29
22,30
22,31
22,32
22,33
22,34
22,35
22,36
22,37
22,38
22,39
22,40
22,41
22,42
22,43
22,44
22,45
22,46
22,47
22,48
22,49
22,50
22,51
22,52
22,53
22,54
22,55
22,56
22,57
22,58
22,59
22,60
22,61
22,62
22,63
22,64
22,65
22,66
22,67
22,68
22,69
22,70
22,71
22,72
22,73
22,74
22,75
22,76
22,77
23,24
23,25
23,26
23,27
23,28
23,29
23,30
23,31
23,32
23,33
23,34
23,35
23,36
23,37
23,38
23,39
23,40
23,41
23,42
23,43
23,44
23,45
23,46
23,47
23,48
23,49
23,50
23,51
23,52
23,53
23,54
23,55
23,56
23,57
23,58
23,59
23,60
23,61
23,62
23,63
23,64
23,65
23,66
23,67
23,68
23,69
23,70
23,71
23,72
23,73
23,74
23,75
23,76
23,77
24,25
24,26
24,27
24,28
24,29
24,30
24,31
24,32
24,33
24,34
24,35
24,36
24,37
24,38
24,39
24,40
24,41
24,42
24,43
24,44
24,45
24,46
24,47
24,48
24,49
24,50
24,51
24,52
24,53
24,54
24,55
24,56
24,57
24,58
24,59
24,60
24,61
24,62
24,63
24,64
24,65
24,66
24,67
24,68
24,69
24,70
24,71
24,72
24,73
24,74
24,75
24,76
24,77
24,79
24,81
24,83
24,87
24,90
24,91
24,92
24,93
24,94
24,95
24,96
24,99
24,101
24,102
24,104
24,105
24,106
24,107
24,111
24,112
24,115
24,116
24,117
24,118
24,123
24,128
24,129
24,132
24,133
24,134
24,137
24,138
24,141
24,143
24,151
24,156
24,158
24,159
24,162
24,163
24,165
24,169
24,170
24,171
24,174
24,178
24,187
24,192
24,198
25,26
25,27
25,28
25,29
25,30
25,31
25,32
25,33
25,34
25,35
25,36
25,37
25,38
25,39
25,40
25,41
25,42
25,43
25,44
25,45
25,46
25,47
25,48
25,49
25,50
25,51
25,52
25,53
25,54
25,55
25,56
25,57
25,58
25,59
25,60
25,61
25,62
25,63
25,64
25,65
25,66
25,67
25,68
25,69
25,70
25,71
25,72
25,73
25,74
25,75
25,76
25,77
26,27
26,28
26,29
26,30
26,31
26,32
26,33
26,34
26,35
26,36
26,37
26,38
26,39
26,40
26,41
26,42
26,43
26,44
26,45
26,46
26,47
26,48
26,49
26,50
26,51
26,52
26,53
26,54
26,55
26,56
26,57
26,58
26,59
26,60
26,61
26,62
26,63
26,64
26,65
26,66
26,67
26,68
26,69
26,70
26,71
26,72
26,73
26,74
26,75
26,76
26,77
26,79
26,81
26,83
26,87
26,90
26,91
26,92
26,93
26,94
26,95
26,96
26,99
26,101
26,102
26,104
26,105
26,106
26,107
26,111
26,112
26,115
26,116
26,117
26,118
26,123
26,128
26,129
26,132
26,133
26,134
26,137
26,138
26,141
26,143
26,151
26,156
26,158
26,159
26,162
26,163
26,165
26,169
26,170
26,171
26,174
26,178
26,187
26,192
26,198
27,28
27,29
27,30
27,31
27,32
27,33
27,34
27,35
27,36
27,37
27,38
27,39
27,40
27,41
27,42
27,43
27,44
27,45
27,46
27,47
27,48
27,49
27,50
27,51
27,52
27,53
27,54
27,55
27,56
27,57
27,58
27,59
27,60
27,61
27,62
27,63
27,64
27,65
27,66
27,67
27,68
27,69
27,70
27,71
27,72
27,73
27,74
27,75
27,76
27,77
28,29
28,30
28,31
28,32
28,33
28,34
28,35
28,36
28,37
28,38
28,39
28,40
28,41
28,42
28,43
28,44
28,45
28,46
28,47
28,48
28,49
28,50
28,51
28,52
28,53
28,54
28,55
28,56
28,57
28,58
28,59
28,60
28,61
28,62
28,63
28,64
28,65
28,66
28,67
28,68
28,69
28,70
28,71
28,72
28,73
28,74
28,75
28,76
28,77
28,79
28,81
28,83
28,87
28,90
28,91
28,92
28,93
28,94
28,95
28,96
28,99
28,101
28,102
28,104
28,105
28,106
28,107
28,111
28,112
28,115
28,116
28,117
28,118
28,123
28,128
28,129
28,132
28,133
28,134
28,137
28,138
28,141
28,143
28,151
28,156
28,158
28,159
28,162
28,163
28,165
28,169
28,170
28,171
28,174
28,178
28,187
28,192
28,198
29,30
29,31
29,32
29,33
29,34
29,35
29,36
29,37
29,38
29,39
29,40
29,41
29,42
29,43
29,44
29,45
29,46
29,47
29,48
29,49
29,50
29,51
29,52
29,53
29,54
29,55
29,56
29,57
29,58
29,59
29,60
29,61
29,62
29,63
29,64
29,65
29,66
29,67
29,68
29,69
29,70
29,71
29,72
29,73
29,74
29,75
29,76
29,77
30,31
30,32
30,33
30,34
30,35
30,36
30,37
30,38
30,39
30,40
30,41
30,42
30,43
30,44
30,45
30,46
30,47
30,48
30,49
30,50
30,51
30,52
30,53
30,54
30,55
30,56
30,57
30,58
30,59
30,60
30,61
30,62
30,63
30,64
30,65
30,66
30,67
30,68
30,69
30,70
30,71
30,72
30,73
30,74
30,75
30,76
30,77
30,79
30,81
30,83
30,87
30,90
30,91
30,92
30,93
30,94
30,95
30,96
30,99
30,101
30,102
30,104
30,105
30,106
30,107
30,111
30,112
30,115
30,116
30,117
30,118
30,123
30,128
30,129
30,132
30,133
30,134
30,137
30,138
30,141
30,143
30,151
30,156
30,158
30,159
30,162
30,163
30,165
30,169
30,170
30,171
30,174
30,178
30,187
30,192
30,198
31,32
31,33
31,34
31,35
31,36
31,37
31,38
31,39
31,40
31,41
31,42
31,43
31,44
31,45
31,46
31,47
31,48
31,49
31,50
31,51
31,52
31,53
31,54
31,55
31,56
31,57
31,58
31,59
31,60
31,61
31,62
31,63
31,64
31,65
31,66
31,67
31,68
31,69
31,70
31,71
31,72
31,73
31,74
31,75
31,76
31,77
31,79
31,81
31,83
31,87
31,90
31,91
31,92
31,93
31,94
31,95
31,96
31,99
31,101
31,102
31,104
31,105
31,106
31,107
31,111
31,112
31,115
31,116
31,117
31,118
31,123
31,128
31,129
31,132
31,133
31,134
31,137
31,138
31,141
31,143
31,151
31,156
31,158
31,159
31,162
31,163
31,165
31,169
31,170
31,171
31,174
31,178
31,187
31,192
31,198
32,33
32,34
32,35
32,36
32,37
32,38
32,39
32,40
32,41
32,42
32,43
32,44
32,45
32,46
32,47
32,48
32,49
32,50
32,51
32,52
32,53
32,54
32,55
32,56
32,57
32,58
32,59
32,60
32,61
32,62
32,63
32,64
32,65
32,66
32,67
32,68
32,69
32,70
32,71
32,72
32,73
32,74
32,75
32,76
32,77
32,79
32,81
32,83
32,87
32,90
32,91
32,92
32,93
32,94
32,95
32,96
32,99
32,101
32,102
32,104
32,105
32,106
32,107
32,111
32,112
32,115
32,116
32,117
32,118
32,123
32,128
32,129
32,132
32,133
32,134
32,137
32,138
32,141
32,143
32,151
32,156
32,158
32,159
32,162
32,163
32,165
32,169
32,170
32,171
32,174
32,178
32,187
32,192
32,198
33,34
33,35
33,36
33,37
33,38
33,39
33,40
33,41
33,42
33,43
33,44
33,45
33,46
33,47
33,48
33,49
33,50
33,51
33,52
33,53
33,54
33,55
33,56
33,57
33,58
33,59
33,60
33,61
33,62
33,63
33,64
33,65
33,66
33,67
33,68
33,69
33,70
33,71
33,72
33,73
33,74
33,75
33,76
33,77
34,35
34,36
34,37
34,38
34,39
34,40
34,41
34,42
34,43
34,44
34,45
34,46
34,47
34,48
34,49
34,50
34,51
34,52
34,53
34,54
34,55
34,56
34,57
34,58
34,59
34,60
34,61
34,62
34,63
34,64
34,65
34,66
34,67
34,68
34,69
34,70
34,71
34,72
34,73
34,74
34,75
34,76
34,77
34,79
34,81
34,83
34,87
34,90
34,91
34,92
34,93
34,94
34,95
34,96
34,99
34,101
34,102
34,104
34,105
34,106
34,107
34,111
34,112
34,115
34,116
34,117
34,118
34,123
34,128
34,129
34,132
34,133
34,134
34,137
34,138
34,141
34,143
34,151
34,156
34,158
34,159
34,162
34,163
34,165
34,169
34,170
34,171
34,174
34,178
34,187
34,192
34,198
35,36
35,37
35,38
35,39
35,40
35,41
35,42
35,43
35,44
35,45
35,46
35,47
35,48
35,49
35,50
35,51
35,52
35,53
35,54
35,55
35,56
35,57
35,58
35,59
35,60
35,61
35,62
35,63
35,64
35,65
35,66
35,67
35,68
35,69
35,70
35,71
35,72
35,73
35,74
35,75
35,76
35,77
35,79
35,81
35,83
35,87
35,90
35,91
35,92
35,93
35,94
35,95
35,96
35,99
35,101
35,102
35,104
35,105
35,106
35,107
35,111
35,112
35,115
35,116
35,117
35,118
35,123
35,128
35,129
35,132
35,133
35,134
35,137
35,138
35,141
35,143
35,151
35,156
35,158
35,159
35,162
35,163
35,165
35,169
35,170
35,171
35,174
35,178
35,187
35,192
35,198
36,37
36,38
36,39
36,40
36,41
36,42
36,43
36,44
36,45
36,46
36,47
36,48
36,49
36,50
36,51
36,52
36,53
36,54
36,55
36,56
36,57
36,58
36,59
36,60
36,61
36,62
36,63
36,64
36,65
36,66
36,67
36,68
36,69
36,70
36,71
36,72
36,73
36,74
36,75
36,76
36,77
36,79
36,81
36,83
36,87
36,90
36,91
36,92
36,93
36,94
36,95
36,96
36,99
36,101
36,102
36,104
36,105
36,106
36,107
36,111
36,112
36,115
36,116
36,117
36,118
36,123
36,128
36,129
36,132
36,133
36,134
36,137
36,138
36,141
36,143
36,151
36,156
36,158
36,159
36,162
36,163
36,165
36,169
36,170
36,171
36,174
36,178
36,187
36,192
36,198
37,38
37,39
37,40
37,41
37,42
37,43
37,44
37,45
37,46
37,47
37,48
37,49
37,50
37,51
37,52
37,53
37,54
37,55
37,56
37,57
37,58
37,59
37,60
37,61
37,62
37,63
37,64
37,65
37,66
37,67
37,68
37,69
37,70
37,71
37,72
37,73
37,74
37,75
37,76
37,77
37,79
37,81
37,83
37,87
37,90
37,91
37,92
37,93
37,94
37,95
37,96
37,99
37,101
37,102
37,104
37,105
37,106
37,107
37,111
37,112
37,115
37,116
37,117
37,118
37,123
37,128
37,129
37,132
37,133
37,134
37,137
37,138
37,141
37,143
37,151
37,156
37,158
37,159
37,162
37,163
37,165
37,169
37,170
37,171
37,174
37,178
37,187
37,192
37,198
38,39
38,40
38,41
38,42
38,43
38,44
38,45
38,46
38,47
38,48
38,49
38,50
38,51
38,52
38,53
38,54
38,55
38,56
38,57
38,58
38,59
38,60
38,61
38,62
38,63
38,64
38,65
38,66
38,67
38,68
38,69
38,70
38,71
38,72
38,73
38,74
38,75
38,76
38,77
39,40
39,41
39,42
39,43
39,44
39,45
39,46
39,47
39,48
39,49
39,50
39,51
39,52
39,53
39,54
39,55
39,56
39,57
39,58
39,59
39,60
39,61
39,62
39,63
39,64
39,65
39,66
39,67
39,68
39,69
39,70
39,71
39,72
39,73
39,74
39,75
39,76
39,77
39,79
39,81
39,83
39,87
39,90
39,91
39,92
39,93
39,94
39,95
39,96
39,99
39,101
39,102
39,104
39,105
39,106
39,107
39,111
39,112
39,115
39,116
39,117
39,118
39,123
39,128
39,129
39,132
39,133
39,134
39,137
39,138
39,141
39,143
39,151
39,156
39,158
39,159
39,162
39,163
39,165
39,169
39,170
39,171
39,174
39,178
39,187
39,192
39,198
40,41
40,42
40,43
40,44
40,45
40,46
40,47
40,48
40,49
40,50
40,51
40,52
40,53
40,54
40,55
40,56
40,57
40,58
40,59
40,60
40,61
40,62
40,63
40,64
40,65
40,66
40,67
40,68
40,69
40,70
40,71
40,72
40,73
40,74
40,75
40,76
40,77
41,42
41,43
41,44
41,45
41,46
41,47
41,48
41,49
41,50
41,51
41,52
41,53
41,54
41,55
41,56
41,57
41,58
41,59
41,60
41,61
41,62
41,63
41,64
41,65
41,66
41,67
41,68
41,69
41,70
41,71
41,72
41,73
41,74
41,75
41,76
41,77
42,43
42,44
42,45
42,46
42,47
42,48
42,49
42,50
42,51
42,52
42,53
42,54
42,55
42,56
42,57
42,58
42,59
42,60
42,61
42,62
42,63
42,64
42,65
42,66
42,67
42,68
42,69
42,70
42,71
42,72
42,73
42,74
42,75
42,76
42,77
43,44
43,45
43,46
43,47
43,48
43,49
43,50
43,51
43,52
43,53
43,54
43,55
43,56
43,57
43,58
43,59
43,60
43,61
43,62
43,63
43,64
43,65
43,66
43,67
43,68
43,69
43,70
43,71
43,72
43,73
43,74
43,75
43,76
43,77
43,79
43,81
43,83
43,87
43,90
43,91
43,92
43,93
43,94
43,95
43,96
43,99
43,101
43,102
43,104
43,105
43,106
43,107
43,111
43,112
43,115
43,116
43,117
43,118
43,123
43,128
43,129
43,132
43,133
43,134
43,137
43,138
43,141
43,143
43,151
43,156
43,158
43,159
43,162
43,163
43,165
43,169
43,170
43,171
43,174
43,178
43,187
43,192
43,198
44,45
44,46
44,47
44,48
44,49
44,50
44,51
44,52
44,53
44,54
44,55
44,56
44,57
44,58
44,59
44,60
44,61
44,62
44,63
44,64
44,65
44,66
44,67
44,68
44,69
44,70
44,71
44,72
44,73
44,74
44,75
44,76
44,77
45,46
45,47
45,48
45,49
45,50
45,51
45,52
45,53
45,54
45,55
45,56
45,57
45,58
45,59
45,60
45,61
45,62
45,63
45,64
45,65
45,66
45,67
45,68
45,69
45,70
45,71
45,72
45,73
45,74
45,75
45,76
45,77
46,47
46,48
46,49
46,50
46,51
46,52
46,53
46,54
46,55
46,56
46,57
46,58
46,59
46,60
46,61
46,62
46,63
46,64
46,65
46,66
46,67
46,68
46,69
46,70
46,71
46,72
46,73
46,74
46,75
46,76
46,77
47,48
47,49
47,50
47,51
47,52
47,53
47,54
47,55
47,56
47,57
47,58
47,59
47,60
47,61
47,62
47,63
47,64
47,65
47,66
47,67
47,68
47,69
47,70
47,71
47,72
47,73
47,74
47,75
47,76
47,77
47,79
47,81
47,83
47,87
47,90
47,91
47,92
47,93
47,94
47,95
47,96
47,99
47,101
47,102
47,104
47,105
47,106
47,107
47,111
47,112
47,115
47,116
47,117
47,118
47,123
47,128
47,129
47,132
47,133
47,134
47,137
47,138
47,141
47,143
47,151
47,156
47,158
47,159
47,162
47,163
47,165
47,169
47,170
47,171
47,174
47,178
47,187
47,192
47,198
48,49
48,50
48,51
48,52
48,53
48,54
48,55
48,56
48,57
48,58
48,59
48,60
48,61
48,62
48,63
48,64
48,65
48,66
48,67
48,68
48,69
48,70
48,71
48,72
48,73
48,74
48,75
48,76
48,77
49,50
49,51
49,52
49,53
49,54
49,55
49,56
49,57
49,58
49,59
49,60
49,61
49,62
49,63
49,64
49,65
49,66
49,67
49,68
49,69
49,70
49,71
49,72
49,73
49,74
49,75
49,76
49,77
50,51
50,52
50,53
50,54
50,55
50,56
50,57
50,58
50,59
50,60
50,61
50,62
50,63
50,64
50,65
50,66
50,67
50,68
50,69
50,70
50,71
50,72
50,73
50,74
50,75
50,76
50,77
51,52
51,53
51,54
51,55
51,56
51,57
51,58
51,59
51,60
51,61
51,62
51,63
51,64
51,65
51,66
51,67
51,68
51,69
51,70
51,71
51,72
51,73
51,74
51,75
51,76
51,77
52,53
52,54
52,55
52,56
52,57
52,58
52,59
52,60
52,61
52,62
52,63
52,64
52,65
52,66
52,67
52,68
52,69
52,70
52,71
52,72
52,73
52,74
52,75
52,76
52,77
53,54
53,55
53,56
53,57
53,58
53,59
53,60
53,61
53,62
53,63
53,64
53,65
53,66
53,67
53,68
53,69
53,70
53,71
53,72
53,73
53,74
53,75
53,76
53,77
54,55
54,56
54,57
54,58
54,59
54,60
54,61
54,62
54,63
54,64
54,65
54,66
54,67
54,68
54,69
54,70
54,71
54,72
54,73
54,74
54,75
54,76
54,77
54,79
54,81
54,83
54,87
54,90
54,91
54,92
54,93
54,94
54,95
54,96
54,99
54,101
54,102
54,104
54,105
54,106
54,107
54,111
54,112
54,115
54,116
54,117
54,118
54,123
54,128
54,129
54,132
54,133
54,134
54,137
54,138
54,141
54,143
54,151
54,156
54,158
54,159
54,162
54,163
54,165
54,169
54,170
54,171
54,174
54,178
54,187
54,192
54,198
55,56
55,57
55,58
55,59
55,60
55,61
55,62
55,63
55,64
55,65
55,66
55,67
55,68
55,69
55,70
55,71
55,72
55,73
55,74
55,75
55,76
55,77
55,79
55,81
55,83
55,87
55,90
55,91
55,92
55,93
55,94
55,95
55,96
55,99
55,101
55,102
55,104
55,105
55,106
55,107
55,111
55,112
55,115
55,116
55,117
55,118
55,123
55,128
55,129
55,132
55,133
55,134
55,137
55,138
55,141
55,143
55,151
55,156
55,158
55,159
55,162
55,163
55,165
55,169
55,170
55,171
55,174
55,178
55,187
55,192
55,198
56,57
56,58
56,59
56,60
56,61
56,62
56,63
56,64
56,65
56,66
56,67
56,68
56,69
56,70
56,71
56,72
56,73
56,74
56,75
56,76
56,77
57,58
57,59
57,60
57,61
57,62
57,63
57,64
57,65
57,66
57,67
57,68
57,69
57,70
57,71
57,72
57,73
57,74
57,75
57,76
57,77
58,59
58,60
58,61
58,62
58,63
58,64
58,65
58,66
58,67
58,68
58,69
58,70
58,71
58,72
58,73
58,74
58,75
58,76
58,77
58,79
58,81
58,83
58,87
58,90
58,91
58,92
58,93
58,94
58,95
58,96
58,99
58,101
58,102
58,104
58,105
58,106
58,107
58,111
58,112
58,115
58,116
58,117
58,118
58,123
58,128
58,129
58,132
58,133
58,134
58,137
58,138
58,141
58,143
58,151
58,156
58,158
58,159
58,162
58,163
58,165
58,169
58,170
58,171
58,174
58,178
58,187
58,192
58,198
59,60
59,61
59,62
59,63
59,64
59,65
59,66
59,67
59,68
59,69
59,70
59,71
59,72
59,73
59,74
59,75
59,76
59,77
59,79
59,81
59,83
59,87
59,90
59,91
59,92
59,93
59,94
59,95
59,96
59,99
59,101
59,102
59,104
59,105
59,106
59,107
59,111
59,112
59,115
59,116
59,117
59,118
59,123
59,128
59,129
59,132
59,133
59,134
59,137
59,138
59,141
59,143
59,151
59,156
59,158
59,159
59,162
59,163
59,165
59,169
59,170
59,171
59,174
59,178
59,187
59,192
59,198
60,61
60,62
60,63
60,64
60,65
60,66
60,67
60,68
60,69
60,70
60,71
60,72
60,73
60,74
60,75
60,76
60,77
61,62
61,63
61,64
61,65
61,66
61,67
61,68
61,69
61,70
61,71
61,72
61,73
61,74
61,75
61,76
61,77
62,63
62,64
62,65
62,66
62,67
62,68
62,69
62,70
62,71
62,72
62,73
62,74
62,75
62,76
62,77
63,64
63,65
63,66
63,67
63,68
63,69
63,70
63,71
63,72
63,73
63,74
63,75
63,76
63,77
64,65
64,66
64,67
64,68
64,69
64,70
64,71
64,72
64,73
64,74
64,75
64,76
64,77
65,66
65,67
65,68
65,69
65,70
65,71
65,72
65,73
65,74
65,75
65,76
65,77
66,67
66,68
66,69
66,70
66,71
66,72
66,73
66,74
66,75
66,76
66,77
67,68
67,69
67,70
67,71
67,72
67,73
67,74
67,75
67,76
67,77
68,69
68,70
68,71
68,72
68,73
68,74
68,75
68,76
68,77
69,70
69,71
69,72
69,73
69,74
69,75
69,76
69,77
70,71
70,72
70,73
70,74
70,75
70,76
70,77
71,72
71,73
71,74
71,75
71,76
71,77
71,79
71,81
71,83
71,87
71,90
71,91
71,92
71,93
71,94
71,95
71,96
71,99
71,101
71,102
71,104
71,105
71,106
71,107
71,111
71,112
71,115
71,116
71,117
71,118
71,123
71,128
71,129
71,132
71,133
71,134
71,137
71,138
71,141
71,143
71,151
71,156
71,158
71,159
71,162
71,163
71,165
71,169
71,170
71,171
71,174
71,178
71,187
71,192
71,198
72,73
72,74
72,75
72,76
72,77
73,74
73,75
73,76
73,77
74,75
74,76
74,77
75,76
75,77
75,79
75,81
75,83
75,87
75,90
75,91
75,92
75,93
75,94
75,95
75,96
75,99
75,101
75,102
75,104
75,105
75,106
75,107
75,111
75,112
75,115
75,116
75,117
75,118
75,123
75,128
75,129
75,132
75,133
75,134
75,137
75,138
75,141
75,143
75,151
75,156
75,158
75,159
75,162
75,163
75,165
75,169
75,170
75,171
75,174
75,178
75,187
75,192
75,198
77,79
77,81
77,83
77,87
77,90
77,91
77,92
77,93
77,94
77,95
77,96
77,99
77,101
77,102
77,104
77,105
77,106
77,107
77,111
77,112
77,115
77,116
77,117
77,118
77,123
77,128
77,129
77,132
77,133
77,134
77,137
77,138
77,141
77,143
77,151
77,156
77,158
77,159
77,162
77,163
77,165
77,169
77,170
77,171
77,174
77,178
77,187
77,192
77,198
79,81
79,83
79,87
79,90
79,91
79,92
79,93
79,94
79,95
79,96
79,99
79,101
79,102
79,104
79,105
79,106
79,107
79,111
79,112
79,115
79,116
79,117
79,118
79,123
79,128
79,129
79,132
79,133
79,134
79,137
79,138
79,141
79,143
79,151
79,156
79,158
79,159
79,162
79,163
79,165
79,169
79,170
79,171
79,174
79,178
79,187
79,192
79,198
81,83
81,87
81,90
81,91
81,92
81,93
81,94
81,95
81,96
81,99
81,101
81,102
81,104
81,105
81,106
81,107
81,111
81,112
81,115
81,116
81,117
81,118
81,123
81,128
81,129
81,132
81,133
81,134
81,137
81,138
81,141
81,143
81,151
81,156
81,158
81,159
81,162
81,163
81,165
81,169
81,170
81,171
81,174
81,178
81,187
81,192
81,198
83,87
83,90
83,91
83,92
83,93
83,94
83,95
83,96
83,99
83,101
83,102
83,104
83,105
83,106
83,107
83,111
83,112
83,115
83,116
83,117
83,118
83,123
83,128
83,129
83,132
83,133
83,134
83,137
83,138
83,141
83,143
83,151
83,156
83,158
83,159
83,162
83,163
83,165
83,169
83,170
83,171
83,174
83,178
83,187
83,192
83,198
87,90
87,91
87,92
87,93
87,94
87,95
87,96
87,99
87,101
87,102
87,104
87,105
87,106
87,107
87,111
87,112
87,115
87,116
87,117
87,118
87,123
87,128
87,129
87,132
87,133
87,134
87,137
87,138
87,141
87,143
87,151
87,156
87,158
87,159
87,162
87,163
87,165
87,169
87,170
87,171
87,174
87,178
87,187
87,192
87,198
90,91
90,92
90,93
90,94
90,95
90,96
90,99
90,101
90,102
90,104
90,105
90,106
90,107
90,111
90,112
90,115
90,116
90,117
90,118
90,123
90,128
90,129
90,132
90,133
90,134
90,137
90,138
90,141
90,143
90,151
90,156
90,158
90,159
90,162
90,163
90,165
90,169
90,170
90,171
90,174
90,178
90,187
90,192
90,198
91,92
91,93
91,94
91,95
91,96
91,99
91,101
91,102
91,104
91,105
91,106
91,107
91,111
91,112
91,115
91,116
91,117
91,118
91,123
91,128
91,129
91,132
91,133
91,134
91,137
91,138
91,141
91,143
91,151
91,156
91,158
91,159
91,162
91,163
91,165
91,169
91,170
91,171
91,174
91,178
91,187
91,192
91,198
92,93
92,94
92,95
92,96
92,99
92,101
92,102
92,104
92,105
92,106
92,107
92,111
92,112
92,115
92,116
92,117
92,118
92,123
92,128
92,129
92,132
92,133
92,134
92,137
92,138
92,141
92,143
92,151
92,156
92,158
92,159
92,162
92,163
92,165
92,169
92,170
92,171
92,174
92,178
92,187
92,192
92,198
93,94
93,95
93,96
93,99
93,101
93,102
93,104
93,105
93,106
93,107
93,111
93,112
93,115
93,116
93,117
93,118
93,123
93,128
93,129
93,132
93,133
93,134
93,137
93,138
93,141
93,143
93,151
93,156
93,158
93,159
93,162
93,163
93,165
93,169
93,170
93,171
93,174
93,178
93,187
93,192
93,198
94,95
94,96
94,99
94,101
94,102
94,104
94,105
94,106
94,107
94,111
94,112
94,115
94,116
94,117
94,118
94,123
94,128
94,129
94,132
94,133
94,134
94,137
94,138
94,141
94,143
94,151
94,156
94,158
94,159
94,162
94,163
94,165
94,169
94,170
94,171
94,174
94,178
94,187
94,192
94,198
95,96
95,99
95,101
95,102
95,104
95,105
95,106
95,107
95,111
95,112
95,115
95,116
95,117
95,118
95,123
95,128
95,129
95,132
95,133
95,134
95,137
95,138
95,141
95,143
95,151
95,156
95,158
95,159
95,162
95,163
95,165
95,169
95,170
95,171
95,174
95,178
95,187
95,192
95,198
96,99
96,101
96,102
96,104
96,105
96,106
96,107
96,111
96,112
96,115
96,116
96,117
96,118
96,123
96,128
96,129
96,132
96,133
96,134
96,137
96,138
96,141
96,143
96,151
96,156
96,158
96,159
96,162
96,163
96,165
96,169
96,170
96,171
96,174
96,178
96,187
96,192
96,198
99,101
99,102
99,104
99,105
99,106
99,107
99,111
99,112
99,115
99,116
99,117
99,118
99,123
99,128
99,129
99,132
99,133
99,134
99,137
99,138
99,141
99,143
99,151
99,156
99,158
99,159
99,162
99,163
99,165
99,169
99,170
99,171
99,174
99,178
99,187
99,192
99,198
101,102
101,104
101,105
101,106
101,107
101,111
101,112
101,115
101,116
101,117
101,118
101,123
101,128
101,129
101,132
101,133
101,134
101,137
101,138
101,141
101,143
101,151
101,156
101,158
101,159
101,162
101,163
101,165
101,169
101,170
101,171
101,174
101,178
101,187
101,192
101,198
102,104
102,105
102,106
102,107
102,111
102,112
102,115
102,116
102,117
102,118
102,123
102,128
102,129
102,132
102,133
102,134
102,137
102,138
102,141
102,143
102,151
102,156
102,158
102,159
102,162
102,163
102,165
102,169
102,170
102,171
102,174
102,178
102,187
102,192
102,198
104,105
104,106
104,107
104,111
104,112
104,115
104,116
104,117
104,118
104,123
104,128
104,129
104,132
104,133
104,134
104,137
104,138
104,141
104,143
104,151
104,156
104,158
104,159
104,162
104,163
104,165
104,169
104,170
104,171
104,174
104,178
104,187
104,192
104,198
105,106
105,107
105,111
105,112
105,115
105,116
105,117
105,118
105,123
105,128
105,129
105,132
105,133
105,134
105,137
105,138
105,141
105,143
105,151
105,156
105,158
105,159
105,162
105,163
105,165
105,169
105,170
105,171
105,174
105,178
105,187
105,192
105,198
106,107
106,111
106,112
106,115
106,116
106,117
106,118
106,123
106,128
106,129
106,132
106,133
106,134
106,137
106,138
106,141
106,143
106,151
106,156
106,158
106,159
106,162
106,163
106,165
106,169
106,170
106,171
106,174
106,178
106,187
106,192
106,198
107,111
107,112
107,115
107,116
107,117
107,118
107,123
107,128
107,129
107,132
107,133
107,134
107,137
107,138
107,141
107,143
107,151
107,156
107,158
107,159
107,162
107,163
107,165
107,169
107,170
107,171
107,174
107,178
107,187
107,192
107,198
111,112
111,115
111,116
111,117
111,118
111,123
111,128
111,129
111,132
111,133
111,134
111,137
111,138
111,141
111,143
111,151
111,156
111,158
111,159
111,162
111,163
111,165
111,169
111,170
111,171
111,174
111,178
111,187
111,192
111,198
112,115
112,116
112,117
112,118
112,123
112,128
112,129
112,132
112,133
112,134
112,137
112,138
112,141
112,143
112,151
112,156
112,158
112,159
112,162
112,163
112,165
112,169
112,170
112,171
112,174
112,178
112,187
112,192
112,198
115,116
115,117
115,118
115,123
115,128
115,129
115,132
115,133
115,134
115,137
115,138
115,141
115,143
115,151
115,156
115,158
115,159
115,162
115,163
115,165
115,169
115,170
115,171
115,174
115,178
115,187
115,192
115,198
116,117
116,118
116,123
116,128
116,129
116,132
116,133
116,134
116,137
116,138
116,141
116,143
116,151
116,156
116,158
116,159
116,162
116,163
116,165
116,169
116,170
116,171
116,174
116,178
116,187
116,192
116,198
117,118
117,123
117,128
117,129
117,132
117,133
117,134
117,137
117,138
117,141
117,143
117,151
117,156
117,158
117,159
117,162
117,163
117,165
117,169
117,170
117,171
117,174
117,178
117,187
117,192
117,198
118,123
118,128
118,129
118,132
118,133
118,134
118,137
118,138
118,141
118,143
118,151
118,156
118,158
118,159
118,162
118,163
118,165
118,169
118,170
118,171
118,174
118,178
118,187
118,192
118,198
123,128
123,129
123,132
123,133
123,134
123,137
123,138
123,141
123,143
123,151
123,156
123,158
123,159
123,162
123,163
123,165
123,169
123,170
123,171
123,174
123,178
123,187
123,192
123,198
128,129
128,132
128,133
128,134
128,137
128,138
128,141
128,143
128,151
128,156
128,158
128,159
128,162
128,163
128,165
128,169
128,170
128,171
128,174
128,178
128,187
128,192
128,198
129,132
129,133
129,134
129,137
129,138
129,141
129,143
129,151
129,156
129,158
129,159
129,162
129,163
129,165
129,169
129,170
129,171
129,174
129,178
129,187
129,192
129,198
132,133
132,134
132,137
132,138
132,141
132,143
132,151
132,156
132,158
132,159
132,162
132,163
132,165
132,169
132,170
132,171
132,174
132,178
132,187
132,192
132,198
133,134
133,137
133,138
133,141
133,143
133,151
133,156
133,158
133,159
133,162
133,163
133,165
133,169
133,170
133,171
133,174
133,178
133,187
133,192
133,198
134,137
134,138
134,141
134,143
134,151
134,156
134,158
134,159
134,162
134,163
134,165
134,169
134,170
134,171
134,174
134,178
134,187
134,192
134,198
137,138
137,141
137,143
137,151
137,156
137,158
137,159
137,162
137,163
137,165
137,169
137,170
137,171
137,174
137,178
137,187
137,192
137,198
138,141
138,143
138,151
138,156
138,158
138,159
138,162
138,163
138,165
138,169
138,170
138,171
138,174
138,178
138,187
138,192
138,198
140,148
140,149
140,150
140,155
140,156
140,158
140,160
140,161
140,164
140,168
140,172
140,180
140,184
140,190
140,194
141,142
141,143
141,145
141,147
141,148
141,149
141,150
141,151
141,153
141,155
141,156
141,158
141,159
141,161
141,162
141,163
141,164
141,165
141,166
141,168
141,169
141,170
141,171
141,173
141,174
141,176
141,177
141,178
141,179
141,180
141,181
141,184
141,187
141,188
141,190
141,191
141,192
141,194
141,198
142,144
142,147
142,148
142,150
142,152
142,153
142,154
142,155
142,160
142,166
142,179
142,181
142,183
142,184
142,185
142,194
142,199
143,145
143,146
143,147
143,149
143,150
143,151
143,153
143,156
143,158
143,159
143,162
143,163
143,165
143,169
143,170
143,171
143,174
143,178
143,187
143,192
143,198
144,147
144,149
144,151
144,157
144,164
144,166
144,177
144,179
144,181
144,183
144,185
144,189
144,191
144,193
144,194
145,149
145,150
145,151
145,152
145,153
145,154
145,158
145,164
145,165
145,167
145,177
145,179
145,181
145,183
145,189
145,194
145,195
145,199
146,148
146,149
146,150
146,152
146,155
146,158
146,159
146,160
146,162
146,163
146,164
146,165
146,166
146,175
146,176
146,177
146,178
146,179
147,148
147,149
147,150
147,157
147,160
147,161
147,162
147,163
147,165
147,166
147,168
147,172
147,173
147,175
147,177
147,178
147,179
148,150
148,154
148,156
148,157
148,158
148,159
148,161
148,163
148,166
148,168
148,172
148,175
149,150
149,151
149,154
149,155
149,157
149,160
149,161
149,163
150,151
150,152
150,153
150,154
150,155
150,158
150,159
150,160
150,161
150,165
150,167
150,168
150,175
150,177
150,179
150,181
150,182
151,152
151,154
151,155
151,156
151,158
151,159
151,161
151,162
151,163
151,164
151,165
151,167
151,168
151,169
151,170
151,171
151,172
151,174
151,175
151,177
151,178
151,179
151,180
151,181
151,184
151,185
151,187
151,192
151,198
152,153
152,157
152,158
152,159
152,160
152,161
152,162
152,163
152,164
152,165
152,166
152,167
152,172
152,175
152,177
152,182
153,157
153,158
153,159
153,160
153,162
153,163
153,164
153,165
153,166
153,168
153,172
153,173
153,175
153,176
153,177
153,179
153,180
153,181
153,182
153,184
153,190
153,191
154,159
154,160
154,161
154,162
154,163
154,165
154,172
154,173
154,175
154,182
154,183
154,184
154,185
154,187
154,189
154,190
154,194
155,156
155,157
155,158
155,159
155,161
155,162
155,164
155,165
156,158
156,159
156,162
156,163
156,165
156,166
156,168
156,169
156,170
156,171
156,173
156,174
156,176
156,178
156,180
156,185
156,187
156,192
156,198
157,158
157,159
157,161
157,162
157,163
157,164
157,165
157,166
157,172
157,173
157,176
157,180
157,182
157,183
157,185
157,193
157,194
158,159
158,162
158,163
158,165
158,166
158,167
158,168
158,169
158,170
158,171
158,172
158,174
158,178
158,187
158,192
158,198
159,161
159,162
159,163
159,165
159,167
159,168
159,169
159,170
159,171
159,174
159,178
159,187
159,192
159,198
160,161
160,162
160,163
160,164
160,165
160,166
160,167
160,168
160,172
160,175
160,176
160,180
161,165
161,167
161,168
161,173
161,175
161,176
161,177
161,179
161,180
161,183
161,185
161,187
161,190
161,194
162,163
162,165
162,167
162,169
162,170
162,171
162,173
162,174
162,175
162,176
162,177
162,178
162,181
162,183
162,184
162,187
162,192
162,193
162,194
162,198
163,165
163,167
163,169
163,170
163,171
163,173
163,174
163,177
163,178
163,181
163,182
163,187
163,192
163,198
164,168
164,173
164,175
164,176
164,181
164,182
164,183
164,187
164,190
164,191
164,193
164,194
164,196
165,169
165,170
165,171
165,174
165,178
165,179
165,180
165,187
165,190
165,191
165,192
165,193
165,194
165,195
165,196
165,198
166,173
166,175
166,176
166,180
166,183
166,184
166,185
167,168
167,171
167,172
167,173
167,182
167,183
167,184
167,185
167,186
167,190
167,191
167,194
167,195
167,196
167,199
168,171
168,172
168,173
168,174
168,176
168,179
168,181
168,182
168,183
168,184
168,185
168,190
168,191
168,194
168,195
168,196
168,199
169,170
169,171
169,174
169,178
169,187
169,192
169,198
170,171
170,174
170,178
170,187
170,192
170,198
171,174
171,175
171,177
171,178
171,179
171,187
171,190
171,191
171,192
171,196
171,198
171,199
172,173
172,175
172,177
172,179
172,180
172,182
172,183
172,190
172,195
172,196
173,175
173,176
173,177
173,178
173,179
173,180
173,181
173,182
173,183
173,184
173,185
173,186
173,187
173,190
173,191
173,196
173,199
174,178
174,180
174,182
174,183
174,184
174,185
174,186
174,187
174,188
174,192
174,197
174,198
174,199
175,176
175,177
175,178
175,179
175,180
175,181
175,182
175,183
175,184
175,185
175,186
175,187
175,188
175,191
175,195
175,197
175,199
176,177
176,178
176,179
176,181
176,183
176,185
176,187
176,188
176,190
176,191
176,193
176,195
176,196
176,197
176,199
177,179
177,180
177,181
177,182
177,183
177,187
177,188
177,189
177,190
177,191
177,196
177,199
178,179
178,180
178,181
178,182
178,183
178,185
178,186
178,187
178,188
178,189
178,190
178,192
178,193
178,194
178,195
178,196
178,198
179,180
179,181
179,182
179,183
179,184
179,185
179,186
179,188
179,189
179,190
179,193
179,195
179,196
179,197
179,199
180,183
180,184
180,185
180,187
180,188
180,193
180,194
181,183
181,184
181,185
181,187
181,188
181,190
181,191
181,195
181,196
183,185
183,193
184,185
184,186
184,188
184,190
184,193
184,195
184,196
184,199
185,186
185,188
185,189
185,190
185,191
185,192
186,187
186,190
186,195
186,196
186,197
186,199
187,188
187,189
187,192
187,196
187,197
187,198
188,191
188,192
188,193
188,194
188,195
188,197
188,199
189,191
189,192
189,193
189,194
189,195
189,197
190,192
190,193
190,194
190,195
190,199
191,199
192,194
192,195
192,197
192,198
193,194
193,196
193,197
193,199
194,195
194,196
194,197
194,199
195,196
195,197
195,199
196,199
197,199
