0,1
0,2
0,3
0,4
0,5
0,6
0,7
0,8
0,9
0,10
0,11
0,12
0,13
0,14
0,15
0,16
0,17
0,18
0,19
0,20
0,21
0,22
0,23
0,24
0,25
0,26
0,27
0,28
0,29
0,30
0,31
0,32
0,33
0,34
0,35
0,36
0,37
0,38
0,39
0,40
0,41
0,42
0,43
0,44
0,45
0,46
0,47
0,48
0,49
0,50
0,51
0,125
0,126
1,2
1,3
1,4
1,5
1,6
1,7
1,8
1,9
1,10
1,11
1,12
1,13
1,14
1,15
1,16
1,17
1,18
1,19
1,20
1,21
1,22
1,23
1,24
1,25
1,26
1,27
1,28
1,29
1,30
1,31
1,32
1,33
1,34
1,35
1,36
1,37
1,38
1,39
1,40
1,41
1,42
1,43
1,44
1,45
1,46
1,47
1,48
1,49
1,50
1,51
2,3
2,4
2,5
2,6
2,7
2,8
2,9
2,10
2,11
2,12
2,13
2,14
2,15
2,16
2,17
2,18
2,19
2,20
2,21
2,22
2,23
2,24
2,25
2,26
2,27
2,28
2,29
2,30
2,31
2,32
2,33
2,34
2,35
2,36
2,37
2,38
2,39
2,40
2,41
2,42
2,43
2,44
2,45
2,46
2,47
2,48
2,49
2,50
2,51
3,4
3,5
3,6
3,7
3,8
3,9
3,10
3,11
3,12
3,13
3,14
3,15
3,16
3,17
3,18
3,19
3,20
3,21
3,22
3,23
3,24
3,25
3,26
3,27
3,28
3,29
3,30
3,31
3,32
3,33
3,34
3,35
3,36
3,37
3,38
3,39
3,40
3,41
3,42
3,43
3,44
3,45
3,46
3,47
3,48
3,49
3,50
3,51
4,5
4,6
4,7
4,8
4,9
4,10
4,11
4,12
4,13
4,14
4,15
4,16
4,17
4,18
4,19
4,20
4,21
4,22
4,23
4,24
4,25
4,26
4,27
4,28
4,29
4,30
4,31
4,32
4,33
4,34
4,35
4,36
4,37
4,38
4,39
4,40
4,41
4,42
4,43
4,44
4,45
4,46
4,47
4,48
4,49
4,50
4,51
5,6
5,7
5,8
5,9
5,10
5,11
5,12
5,13
5,14
5,15
5,16
5,17
5,18
5,19
5,20
5,21
5,22
5,23
5,24
5,25
5,26
5,27
5,28
5,29
5,30
5,31
5,32
5,33
5,34
5,35
5,36
5,37
5,38
5,39
5,40
5,41
5,42
5,43
5,44
5,45
5,46
5,47
5,48
5,49
5,50
5,51
5,52
5,53
5,55
5,57
5,64
5,68
5,70
5,79
5,84
5,88
5,90
5,91
5,92
5,93
5,96
5,98
5,99
5,100
5,104
5,110
5,116
5,122
5,125
5,129
5,135
5,152
5,156
5,159
5,161
5,162
5,170
5,173
5,175
5,179
5,183
5,190
5,191
5,192
5,193
5,197
6,7
6,8
6,9
6,10
6,11
6,12
6,13
6,14
6,15
6,16
6,17
6,18
6,19
6,20
6,21
6,22
6,23
6,24
6,25
6,26
6,27
6,28
6,29
6,30
6,31
6,32
6,33
6,34
6,35
6,36
6,37
6,38
6,39
6,40
6,41
6,42
6,43
6,44
6,45
6,46
6,47
6,48
6,49
6,50
6,51
7,8
7,9
7,10
7,11
7,12
7,13
7,14
7,15
7,16
7,17
7,18
7,19
7,20
7,21
7,22
7,23
7,24
7,25
7,26
7,27
7,28
7,29
7,30
7,31
7,32
7,33
7,34
7,35
7,36
7,37
7,38
7,39
7,40
7,41
7,42
7,43
7,44
7,45
7,46
7,47
7,48
7,49
7,50
7,51
7,52
7,53
7,55
7,57
7,64
7,68
7,70
7,79
7,84
7,88
7,90
7,91
7,92
7,93
7,96
7,98
7,99
7,100
7,104
7,110
7,116
7,122
7,125
7,129
7,135
7,152
7,156
7,159
7,161
7,162
7,170
7,173
7,175
7,179
7,183
7,190
7,191
7,192
7,193
7,197
8,9
8,10
8,11
8,12
8,13
8,14
8,15
8,16
8,17
8,18
8,19
8,20
8,21
8,22
8,23
8,24
8,25
8,26
8,27
8,28
8,29
8,30
8,31
8,32
8,33
8,34
8,35
8,36
8,37
8,38
8,39
8,40
8,41
8,42
8,43
8,44
8,45
8,46
8,47
8,48
8,49
8,50
8,51
8,176
8,181
8,185
8,186
8,187
8,188
8,189
8,190
8,191
8,193
8,194
8,195
8,196
8,197
9,10
9,11
9,12
9,13
9,14
9,15
9,16
9,17
9,18
9,19
9,20
9,21
9,22
9,23
9,24
9,25
9,26
9,27
9,28
9,29
9,30
9,31
9,32
9,33
9,34
9,35
9,36
9,37
9,38
9,39
9,40
9,41
9,42
9,43
9,44
9,45
9,46
9,47
9,48
9,49
9,50
9,51
10,11
10,12
10,13
10,14
10,15
10,16
10,17
10,18
10,19
10,20
10,21
10,22
10,23
10,24
10,25
10,26
10,27
10,28
10,29
10,30
10,31
10,32
10,33
10,34
10,35
10,36
10,37
10,38
10,39
10,40
10,41
10,42
10,43
10,44
10,45
10,46
10,47
10,48
10,49
10,50
10,51
11,12
11,13
11,14
11,15
11,16
11,17
11,18
11,19
11,20
11,21
11,22
11,23
11,24
11,25
11,26
11,27
11,28
11,29
11,30
11,31
11,32
11,33
11,34
11,35
11,36
11,37
11,38
11,39
11,40
11,41
11,42
11,43
11,44
11,45
11,46
11,47
11,48
11,49
11,50
11,51
11,87
11,96
11,101
11,102
11,106
11,108
11,119
12,13
12,14
12,15
12,16
12,17
12,18
12,19
12,20
12,21
12,22
12,23
12,24
12,25
12,26
12,27
12,28
12,29
12,30
12,31
12,32
12,33
12,34
12,35
12,36
12,37
12,38
12,39
12,40
12,41
12,42
12,43
12,44
12,45
12,46
12,47
12,48
12,49
12,50
13,14
13,15
13,16
13,17
13,18
13,19
13,20
13,21
13,22
13,23
13,24
13,25
13,26
13,27
13,28
13,29
13,30
13,31
13,32
13,33
13,34
13,35
13,36
13,37
13,38
13,39
13,40
13,41
13,42
13,43
13,44
13,45
13,46
13,47
13,48
13,49
13,50
13,51
13,52
13,53
13,55
13,57
13,64
13,68
13,70
13,79
13,84
13,88
13,90
13,91
13,92
13,93
13,96
13,98
13,99
13,100
13,104
13,110
13,116
13,122
13,125
13,129
13,135
13,152
13,156
13,159
13,161
13,162
13,170
13,173
13,175
13,179
13,183
13,190
13,191
13,192
13,193
13,197
14,15
14,16
14,17
14,18
14,19
14,20
14,21
14,22
14,23
14,24
14,25
14,26
14,27
14,28
14,29
14,30
14,31
14,32
14,33
14,34
14,35
14,36
14,37
14,38
14,39
14,40
14,41
14,42
14,43
14,44
14,45
14,46
14,47
14,48
14,49
14,50
14,51
14,52
14,53
14,55
14,57
14,64
14,68
14,70
14,79
14,84
14,88
14,90
14,91
14,92
14,93
14,96
14,98
14,99
14,100
14,104
14,109
14,110
14,112
14,113
14,114
14,116
14,122
14,125
14,126
14,129
14,135
14,151
14,152
14,155
14,156
14,157
14,159
14,161
14,162
14,163
14,164
14,170
14,173
14,175
14,179
14,183
14,190
14,191
14,192
14,193
14,197
15,16
15,17
15,18
15,19
15,20
15,21
15,22
15,23
15,24
15,25
15,26
15,27
15,28
15,29
15,30
15,31
15,32
15,33
15,34
15,35
15,36
15,37
15,38
15,39
15,40
15,41
15,42
15,43
15,44
15,45
15,46
15,47
15,48
15,49
15,50
15,51
15,79
15,84
15,85
15,86
15,87
16,17
16,18
16,19
16,20
16,21
16,22
16,23
16,24
16,25
16,26
16,27
16,28
16,29
16,30
16,31
16,32
16,33
16,34
16,35
16,36
16,37
16,38
16,39
16,40
16,41
16,42
16,43
16,44
16,45
16,46
16,47
16,48
16,49
16,50
16,51
16,77
16,78
16,79
16,84
16,85
16,86
16,87
16,89
16,92
16,96
16,101
16,104
16,106
17,18
17,19
17,20
17,21
17,22
17,23
17,24
17,25
17,26
17,27
17,28
17,29
17,30
17,31
17,32
17,33
17,34
17,35
17,36
17,37
17,38
17,39
17,40
17,41
17,42
17,43
17,44
17,45
17,46
17,47
17,48
17,49
17,50
17,51
17,70
17,74
17,75
17,77
17,78
17,79
17,81
17,84
17,85
17,87
17,92
18,19
18,20
18,21
18,22
18,23
18,24
18,25
18,26
18,27
18,28
18,29
18,30
18,31
18,32
18,33
18,34
18,35
18,36
18,37
18,38
18,39
18,40
18,41
18,42
18,43
18,44
18,45
18,46
18,47
18,48
18,49
18,50
18,51
19,20
19,21
19,22
19,23
19,24
19,25
19,26
19,27
19,28
19,29
19,30
19,31
19,32
19,33
19,34
19,35
19,36
19,37
19,38
19,39
19,40
19,41
19,42
19,43
19,44
19,45
19,46
19,47
19,48
19,49
19,50
19,51
19,76
19,77
20,21
20,22
20,23
20,24
20,25
20,26
20,27
20,28
20,29
20,30
20,31
20,32
20,33
20,34
20,35
20,36
20,37
20,38
20,39
20,40
20,41
20,42
20,43
20,44
20,45
20,46
20,47
20,48
20,49
20,50
20,51
20,52
20,53
20,55
20,57
20,64
20,68
20,70
20,73
20,74
20,75
20,76
20,78
20,79
20,83
20,84
20,86
20,87
20,88
20,89
20,90
20,91
20,92
20,93
20,94
20,96
20,98
20,99
20,100
20,104
20,110
20,116
20,122
20,125
20,129
20,135
20,152
20,156
20,159
20,161
20,162
20,170
20,173
20,175
20,179
20,183
20,190
20,191
20,192
20,193
20,197
21,22
21,23
21,24
21,25
21,26
21,27
21,28
21,29
21,30
21,31
21,32
21,33
21,34
21,35
21,36
21,37
21,38
21,39
21,40
21,41
21,42
21,43
21,44
21,45
21,46
21,47
21,48
21,49
21,50
21,51
21,68
21,70
21,71
21,73
21,74
21,75
21,77
21,78
21,79
21,81
21,83
21,86
21,87
21,89
21,90
21,92
21,94
21,95
21,96
21,97
21,101
21,103
21,104
21,105
21,106
21,114
21,117
21,119
21,125
21,126
21,130
21,131
21,134
22,23
22,24
22,25
22,26
22,27
22,28
22,29
22,30
22,31
22,32
22,33
22,34
22,35
22,36
22,37
22,38
22,39
22,40
22,41
22,42
22,43
22,44
22,45
22,46
22,47
22,48
22,49
22,50
22,51
23,24
23,25
23,26
23,27
23,28
23,29
23,30
23,31
23,32
23,33
23,34
23,35
23,36
23,37
23,38
23,39
23,40
23,41
23,42
23,43
23,44
23,45
23,46
23,47
23,48
23,49
23,50
23,51
23,74
23,75
23,77
23,78
23,79
24,25
24,26
24,27
24,28
24,29
24,30
24,31
24,32
24,33
24,34
24,35
24,36
24,37
24,38
24,39
24,40
24,41
24,42
24,43
24,44
24,45
24,46
24,47
24,48
24,49
24,50
24,51
24,66
24,67
24,68
24,70
24,71
24,72
24,73
24,74
24,75
24,76
24,77
24,78
24,79
24,81
24,83
24,85
24,87
24,89
24,90
24,95
24,97
24,101
24,102
24,103
24,104
24,105
24,106
24,107
24,112
24,117
24,119
24,120
24,127
24,130
24,131
24,134
24,146
24,151
24,163
24,164
24,166
24,172
24,174
24,182
24,185
24,189
24,194
25,26
25,27
25,28
25,29
25,30
25,31
25,32
25,33
25,34
25,35
25,36
25,37
25,38
25,39
25,40
25,41
25,42
25,43
25,44
25,45
25,46
25,47
25,48
25,49
25,50
25,51
25,66
25,67
25,68
25,69
25,70
25,71
25,72
25,74
25,75
25,76
25,77
25,78
25,79
25,80
25,81
25,82
25,83
25,84
25,85
25,86
25,89
25,90
25,92
25,96
25,97
25,98
25,100
25,101
25,102
25,103
25,104
25,105
25,106
25,107
25,109
25,112
25,113
25,114
25,119
25,120
25,130
25,134
25,139
25,142
25,143
25,146
25,148
25,151
25,153
25,157
25,158
25,159
25,160
25,163
26,27
26,28
26,29
26,30
26,31
26,32
26,33
26,34
26,35
26,36
26,37
26,38
26,39
26,40
26,41
26,42
26,43
26,44
26,45
26,46
26,47
26,48
26,49
26,50
26,51
26,66
26,67
26,68
26,70
26,71
26,72
26,73
26,74
26,75
26,76
26,77
26,79
26,80
26,81
26,82
26,83
26,84
26,85
26,86
26,87
26,89
26,90
27,28
27,29
27,30
27,31
27,32
27,33
27,34
27,35
27,36
27,37
27,38
27,39
27,40
27,41
27,42
27,43
27,44
27,45
27,46
27,47
27,48
27,49
27,50
27,51
27,67
27,68
27,69
27,70
27,71
27,72
27,73
27,74
27,75
27,76
27,77
27,78
27,79
27,80
27,81
27,82
27,83
27,84
27,85
27,87
27,88
27,89
27,90
27,93
27,95
27,97
27,98
27,100
27,103
27,104
27,105
27,106
27,107
27,108
27,109
27,113
27,114
27,119
27,120
27,122
27,123
28,29
28,30
28,31
28,32
28,33
28,34
28,35
28,36
28,37
28,38
28,39
28,40
28,41
28,42
28,43
28,44
28,45
28,46
28,47
28,48
28,49
28,50
28,51
28,52
28,53
28,55
28,57
28,64
28,66
28,67
28,68
28,69
28,70
28,71
28,73
28,74
28,75
28,77
28,78
28,79
28,80
28,81
28,82
28,84
28,85
28,86
28,88
28,90
28,91
28,92
28,93
28,95
28,96
28,97
28,98
28,99
28,100
28,102
28,103
28,104
28,105
28,106
28,107
28,108
28,109
28,110
28,113
28,114
28,116
28,119
28,120
28,122
28,123
28,125
28,127
28,129
28,131
28,134
28,135
28,137
28,139
28,142
28,143
28,146
28,152
28,153
28,155
28,156
28,157
28,158
28,159
28,160
28,161
28,162
28,163
28,166
28,167
28,170
28,172
28,173
28,175
28,179
28,182
28,183
28,190
28,191
28,192
28,193
28,197
29,30
29,31
29,32
29,33
29,34
29,35
29,36
29,37
29,38
29,39
29,40
29,41
29,42
29,43
29,44
29,45
29,46
29,47
29,48
29,49
29,50
29,51
29,68
29,69
29,70
29,71
29,72
30,31
30,32
30,33
30,34
30,35
30,36
30,37
30,38
30,39
30,40
30,41
30,42
30,43
30,44
30,45
30,46
30,47
30,48
30,49
30,50
30,51
31,32
31,33
31,34
31,35
31,36
31,37
31,38
31,39
31,40
31,41
31,42
31,43
31,44
31,45
31,46
31,47
31,48
31,49
31,50
31,51
31,79
31,81
31,85
31,86
31,90
31,93
31,94
31,95
32,33
32,34
32,35
32,36
32,37
32,38
32,39
32,40
32,41
32,42
32,43
32,44
32,45
32,46
32,47
32,48
32,49
32,50
32,51
32,68
32,69
32,70
32,71
32,72
32,73
32,75
32,76
32,77
32,78
32,79
32,80
32,81
32,82
32,83
32,84
32,85
32,86
32,87
32,88
32,90
32,91
32,92
32,93
32,94
32,95
32,97
32,100
32,101
32,102
32,103
32,104
33,34
33,35
33,36
33,37
33,38
33,39
33,40
33,41
33,42
33,43
33,44
33,45
33,46
33,47
33,48
33,49
33,50
33,51
34,35
34,36
34,37
34,38
34,39
34,40
34,41
34,42
34,43
34,44
34,45
34,46
34,47
34,48
34,49
34,50
34,51
35,36
35,37
35,38
35,39
35,40
35,41
35,42
35,43
35,44
35,45
35,46
35,47
35,48
35,49
35,50
35,51
36,37
36,38
36,39
36,40
36,41
36,42
36,43
36,44
36,45
36,46
36,47
36,48
36,49
36,50
36,51
37,38
37,39
37,40
37,41
37,42
37,43
37,44
37,45
37,46
37,47
37,48
37,49
37,50
37,51
37,65
37,67
37,76
37,77
37,79
37,80
37,81
37,92
37,93
37,94
37,95
37,96
37,97
37,101
37,103
37,104
37,106
37,107
37,109
37,112
37,116
37,119
37,122
37,125
37,127
37,132
37,139
37,148
37,153
37,154
37,157
37,160
37,174
37,184
37,185
37,189
37,191
37,192
38,39
38,40
38,41
38,42
38,43
38,44
38,45
38,46
38,47
38,48
38,49
38,50
38,51
38,52
38,53
38,55
38,57
38,64
38,68
38,70
38,79
38,84
38,88
38,90
38,91
38,92
38,93
38,96
38,98
38,99
38,100
38,104
38,110
38,116
38,122
38,125
38,129
38,135
38,152
38,156
38,159
38,161
38,162
38,170
38,173
38,175
38,179
38,183
38,190
38,191
38,192
38,193
38,197
39,40
39,41
39,42
39,43
39,44
39,45
39,46
39,47
39,48
39,49
39,50
39,51
39,52
39,53
39,55
39,57
39,64
39,68
39,70
39,79
39,84
39,88
39,90
39,91
39,92
39,93
39,96
39,98
39,99
39,100
39,104
39,110
39,116
39,122
39,125
39,129
39,135
39,152
39,156
39,159
39,161
39,162
39,170
39,173
39,175
39,179
39,183
39,190
39,191
39,192
39,193
39,197
40,41
40,42
40,43
40,44
40,45
40,46
40,47
40,48
40,49
40,50
40,51
40,52
40,53
40,55
40,57
40,64
40,68
40,70
40,79
40,84
40,88
40,90
40,91
40,92
40,93
40,96
40,98
40,99
40,100
40,104
40,110
40,116
40,122
40,125
40,129
40,135
40,152
40,156
40,159
40,161
40,162
40,170
40,173
40,175
40,179
40,183
40,190
40,191
40,192
40,193
40,197
41,42
41,43
41,44
41,45
41,46
41,47
41,48
41,49
41,50
41,51
41,52
41,53
41,55
41,57
41,64
41,68
41,70
41,79
41,84
41,88
41,90
41,91
41,92
41,93
41,96
41,98
41,99
41,100
41,104
41,106
41,107
41,109
41,110
41,116
41,118
41,122
41,123
41,125
41,126
41,127
41,129
41,132
41,135
41,139
41,140
41,142
41,144
41,148
41,152
41,153
41,154
41,155
41,156
41,157
41,158
41,159
41,160
41,161
41,162
41,166
41,167
41,170
41,172
41,173
41,175
41,179
41,183
41,190
41,191
41,192
41,193
41,197
42,43
42,44
42,45
42,46
42,47
42,48
42,49
42,50
42,51
42,52
42,53
42,55
42,57
42,64
42,68
42,70
42,79
42,84
42,88
42,90
42,91
42,92
42,93
42,96
42,98
42,99
42,100
42,104
42,110
42,116
42,122
42,125
42,129
42,135
42,152
42,156
42,159
42,161
42,162
42,170
42,173
42,175
42,179
42,183
42,190
42,191
42,192
42,193
42,197
43,44
43,45
43,46
43,47
43,48
43,49
43,50
43,51
44,45
44,46
44,47
44,48
44,49
44,50
44,51
44,82
44,83
44,84
44,85
44,86
44,88
44,89
45,46
45,47
45,48
45,49
45,50
45,51
46,47
46,48
46,49
46,50
46,51
46,74
46,76
46,77
46,80
46,84
46,87
46,88
46,89
46,94
46,95
46,96
46,97
46,101
46,105
46,107
46,112
47,48
47,49
47,50
47,51
47,52
47,53
47,55
47,57
47,64
47,68
47,70
47,76
47,78
47,79
47,80
47,81
47,83
47,84
47,85
47,86
47,87
47,88
47,89
47,90
47,91
47,92
47,93
47,94
47,95
47,96
47,98
47,99
47,100
47,104
47,106
47,107
47,108
47,109
47,110
47,111
47,116
47,118
47,119
47,120
47,122
47,125
47,129
47,135
47,152
47,156
47,159
47,161
47,162
47,170
47,173
47,175
47,179
47,183
47,190
47,191
47,192
47,193
47,197
48,49
48,50
48,51
49,50
49,51
49,73
49,74
49,77
49,78
49,79
49,81
49,82
49,84
49,85
49,86
49,87
49,88
49,91
49,92
49,93
49,94
49,95
49,96
49,97
49,99
49,103
49,105
49,108
49,109
49,111
49,112
49,113
49,120
49,123
49,124
49,126
49,128
50,51
50,72
50,74
50,75
50,76
50,77
50,78
50,79
50,80
50,81
50,82
51,68
51,71
51,73
51,74
51,75
51,76
51,79
51,80
51,82
51,83
51,85
51,86
51,87
51,88
51,89
51,91
51,92
51,93
51,95
51,96
51,97
51,99
52,53
52,55
52,57
52,64
52,65
52,67
52,68
52,70
52,71
52,73
52,74
52,75
52,76
52,79
52,84
52,88
52,90
52,91
52,92
52,93
52,96
52,98
52,99
52,100
52,104
52,110
52,116
52,122
52,125
52,129
52,135
52,152
52,156
52,159
52,161
52,162
52,170
52,173
52,175
52,179
52,183
52,190
52,191
52,192
52,193
52,197
53,55
53,57
53,64
53,68
53,70
53,71
53,72
53,73
53,74
53,75
53,76
53,79
53,80
53,83
53,84
53,86
53,87
53,88
53,90
53,91
53,92
53,93
53,94
53,95
53,96
53,97
53,98
53,99
53,100
53,104
53,105
53,106
53,108
53,110
53,116
53,122
53,125
53,129
53,135
53,152
53,156
53,159
53,161
53,162
53,170
53,173
53,175
53,179
53,183
53,190
53,191
53,192
53,193
53,197
54,70
54,71
54,72
54,74
54,75
54,76
54,77
54,78
54,79
54,80
54,81
54,82
54,83
54,84
54,86
54,87
54,88
54,89
54,90
54,92
54,93
54,94
54,95
54,99
55,57
55,64
55,67
55,68
55,69
55,70
55,72
55,73
55,74
55,75
55,76
55,77
55,78
55,79
55,80
55,83
55,84
55,85
55,87
55,88
55,89
55,90
55,91
55,92
55,93
55,95
55,96
55,97
55,98
55,99
55,100
55,102
55,104
55,105
55,107
55,108
55,109
55,110
55,116
55,118
55,119
55,120
55,121
55,122
55,125
55,126
55,129
55,134
55,135
55,136
55,137
55,148
55,152
55,153
55,155
55,156
55,159
55,161
55,162
55,170
55,173
55,175
55,179
55,183
55,190
55,191
55,192
55,193
55,197
57,64
57,68
57,70
57,72
57,73
57,74
57,75
57,76
57,78
57,79
57,83
57,84
57,85
57,86
57,87
57,88
57,90
57,91
57,92
57,93
57,94
57,95
57,96
57,97
57,98
57,99
57,100
57,104
57,110
57,116
57,122
57,125
57,129
57,135
57,152
57,156
57,159
57,161
57,162
57,170
57,173
57,175
57,179
57,183
57,190
57,191
57,192
57,193
57,197
59,72
59,73
60,61
60,65
60,66
60,69
60,70
60,71
60,72
60,73
60,75
60,76
60,79
60,80
60,81
60,82
60,83
60,85
60,86
60,88
60,89
60,90
60,91
60,92
60,93
60,94
60,95
60,96
60,98
60,99
60,100
60,101
60,102
60,103
60,105
60,107
60,111
60,112
60,113
60,114
60,115
60,118
60,120
60,124
60,126
60,127
60,132
60,134
60,136
60,139
60,140
60,146
60,148
60,151
60,152
60,155
60,167
61,63
61,65
61,66
61,67
61,68
61,69
61,70
61,71
61,72
61,73
61,74
61,75
61,76
61,77
61,78
61,81
61,83
61,85
61,88
61,89
61,90
61,91
61,92
61,93
61,94
61,95
61,96
61,97
61,98
61,99
61,101
61,102
61,103
61,105
61,106
61,107
61,108
61,111
62,63
62,64
62,65
62,66
62,67
62,68
62,69
62,70
62,71
63,64
63,65
63,66
63,67
63,68
63,69
63,70
63,71
63,74
63,75
63,77
63,78
63,80
63,81
63,83
63,85
63,86
63,87
63,88
63,89
63,90
63,91
63,92
63,93
63,95
63,96
63,97
63,98
63,99
63,100
63,101
63,102
63,103
63,105
63,106
63,107
63,108
63,111
63,112
63,113
63,114
63,115
63,118
63,119
63,120
63,124
63,127
63,131
63,134
63,136
63,139
63,143
63,146
64,65
64,66
64,67
64,68
64,69
64,70
64,71
64,72
64,74
64,75
64,76
64,77
64,78
64,79
64,80
64,81
64,82
64,83
64,84
64,88
64,90
64,91
64,92
64,93
64,96
64,98
64,99
64,100
64,104
64,110
64,116
64,122
64,125
64,129
64,135
64,152
64,156
64,159
64,161
64,162
64,170
64,173
64,175
64,179
64,183
64,190
64,191
64,192
64,193
64,197
65,66
65,67
65,68
65,69
65,70
65,71
65,73
65,74
65,75
66,68
66,69
66,70
66,71
66,72
66,73
66,74
66,75
66,79
66,80
66,81
66,82
66,83
66,84
66,86
66,87
66,88
66,90
66,92
66,93
66,98
66,99
66,100
66,101
66,102
66,103
66,105
66,108
66,111
66,112
66,113
66,118
66,119
66,120
66,122
66,123
66,124
66,125
66,126
66,128
66,130
66,131
66,132
68,69
68,70
68,73
68,74
68,75
68,76
68,79
68,81
68,82
68,83
68,84
68,86
68,87
68,88
68,89
68,90
68,91
68,92
68,93
68,94
68,95
68,96
68,97
68,98
68,99
68,100
68,102
68,104
68,105
68,107
68,108
68,109
68,110
68,112
68,113
68,114
68,116
68,117
68,118
68,119
68,120
68,121
68,122
68,123
68,124
68,125
68,129
68,135
68,152
68,156
68,159
68,161
68,162
68,170
68,173
68,175
68,179
68,183
68,190
68,191
68,192
68,193
68,197
69,71
69,72
69,73
69,74
69,75
69,76
69,78
69,79
69,80
69,81
69,82
69,83
69,84
69,86
69,87
69,88
69,90
69,91
69,92
69,94
69,95
69,96
69,97
69,98
69,99
69,100
69,101
69,102
69,103
69,104
69,105
69,106
69,107
69,108
69,109
69,110
69,111
69,112
69,113
69,114
69,115
70,72
70,73
70,74
70,75
70,76
70,78
70,79
70,80
70,81
70,83
70,84
70,85
70,86
70,87
70,88
70,90
70,91
70,92
70,93
70,95
70,96
70,97
70,98
70,99
70,100
70,101
70,102
70,103
70,104
70,107
70,108
70,109
70,110
70,111
70,112
70,113
70,116
70,118
70,119
70,120
70,121
70,122
70,123
70,124
70,125
70,126
70,127
70,128
70,129
70,131
70,132
70,134
70,135
70,136
70,137
70,139
70,140
70,142
70,143
70,144
70,148
70,152
70,156
70,157
70,159
70,161
70,162
70,170
70,173
70,175
70,179
70,182
70,183
70,190
70,191
70,192
70,193
70,197
71,72
71,75
71,76
71,77
71,78
73,74
73,75
73,76
73,81
73,83
73,84
73,88
73,90
73,91
73,92
73,93
73,94
73,95
73,96
73,97
73,98
73,99
73,100
73,102
73,103
73,104
73,105
73,107
73,108
74,75
74,76
74,77
74,78
74,79
74,80
74,82
74,83
74,84
74,85
74,86
74,87
74,88
74,89
74,91
74,92
74,94
74,95
74,96
74,97
74,98
74,99
74,100
74,101
74,102
74,104
74,105
74,107
74,108
74,109
74,110
74,111
74,112
74,114
74,115
74,118
74,119
74,120
74,122
74,123
74,126
74,127
74,128
74,130
74,131
74,132
74,133
74,136
75,77
75,78
75,79
75,80
75,85
75,87
75,89
75,91
75,92
75,93
75,94
75,95
75,96
75,97
75,98
75,99
75,100
75,101
75,102
75,103
75,105
75,106
75,107
75,108
75,111
75,112
75,114
75,115
75,116
75,117
75,118
75,119
75,120
75,122
75,123
75,124
75,125
75,127
75,128
75,132
75,134
75,136
75,137
75,140
75,144
75,148
75,150
75,153
75,155
75,157
75,167
75,168
76,77
76,78
76,79
76,80
76,81
76,82
76,83
76,85
76,87
76,88
76,89
76,90
76,91
76,92
76,93
76,94
76,95
76,96
76,98
76,99
76,100
76,101
76,103
76,105
76,106
76,107
76,108
76,109
76,110
77,78
77,79
77,80
77,81
77,83
77,84
77,85
77,86
77,87
77,88
77,89
77,90
77,91
77,92
77,93
77,94
77,95
77,96
77,97
78,79
78,80
78,81
78,82
78,84
78,85
78,86
78,87
78,89
78,90
78,91
78,92
79,80
79,81
79,82
79,83
79,84
79,85
79,87
79,88
79,90
79,91
79,92
79,93
79,96
79,98
79,99
79,100
79,104
79,110
79,116
79,122
79,125
79,129
79,135
79,152
79,156
79,159
79,161
79,162
79,170
79,173
79,175
79,179
79,183
79,190
79,191
79,192
79,193
79,197
80,82
80,83
80,84
80,85
80,86
81,82
81,83
81,84
81,85
81,86
81,88
81,90
81,91
81,93
81,94
81,95
81,96
81,97
81,98
81,100
81,102
81,103
81,105
81,109
81,114
81,115
81,117
81,123
81,124
81,126
81,128
81,129
81,130
81,131
81,132
81,133
81,136
81,137
81,139
81,140
81,142
81,143
81,146
82,83
82,84
83,85
83,86
83,87
83,88
83,90
83,93
83,94
83,95
83,96
83,97
83,98
83,99
83,100
84,85
84,86
84,87
84,88
84,89
84,90
84,91
84,92
84,93
84,94
84,95
84,96
84,97
84,98
84,99
84,100
84,102
84,104
84,105
84,107
84,108
84,109
84,110
84,111
84,112
84,116
84,117
84,118
84,119
84,120
84,122
84,124
84,125
84,126
84,128
84,129
84,130
84,131
84,132
84,134
84,135
84,136
84,138
84,139
84,140
84,142
84,143
84,144
84,146
84,151
84,152
84,153
84,156
84,159
84,161
84,162
84,170
84,173
84,175
84,179
84,183
84,190
84,191
84,192
84,193
84,197
85,86
85,89
85,90
85,91
85,92
85,93
85,94
85,96
85,98
85,99
85,100
85,103
85,104
85,105
85,106
85,107
85,108
85,109
85,111
85,113
85,114
85,115
85,116
85,117
85,118
85,119
85,120
85,121
85,122
85,123
85,124
85,126
85,127
85,128
85,130
85,131
86,87
86,88
86,89
86,90
86,91
86,92
86,93
86,94
86,95
86,96
86,97
86,98
86,99
86,100
86,103
86,104
86,105
86,106
86,107
86,108
86,111
86,112
86,114
86,115
86,116
86,117
86,118
86,119
86,120
86,122
86,123
86,124
86,126
86,127
86,128
86,130
86,131
86,132
86,133
86,134
86,136
86,137
86,138
86,139
86,142
86,143
86,144
86,148
86,151
86,153
87,88
87,89
87,90
87,91
87,93
87,95
87,97
87,98
87,99
87,100
87,101
87,102
87,103
87,105
87,107
87,108
87,109
87,110
87,111
87,112
87,113
87,115
87,116
87,117
87,118
87,119
87,120
87,121
87,122
87,124
87,125
87,126
87,127
88,89
88,90
88,91
88,92
88,93
88,94
88,95
88,96
88,97
88,98
88,99
88,100
88,101
88,102
88,104
88,110
88,116
88,122
88,125
88,129
88,135
88,152
88,156
88,159
88,161
88,162
88,170
88,173
88,175
88,179
88,183
88,190
88,191
88,192
88,193
88,197
89,90
90,91
90,92
90,93
90,95
90,96
90,97
90,98
90,99
90,100
90,101
90,103
90,104
90,105
90,106
90,107
90,108
90,109
90,110
90,111
90,113
90,115
90,116
90,117
90,118
90,119
90,120
90,121
90,122
90,123
90,124
90,125
90,126
90,128
90,129
90,130
90,133
90,134
90,135
90,136
90,137
90,138
90,142
90,146
90,152
90,155
90,156
90,159
90,160
90,161
90,162
90,166
90,168
90,170
90,173
90,174
90,175
90,179
90,182
90,183
90,184
90,190
90,191
90,192
90,193
90,197
91,92
91,93
91,94
91,95
91,96
91,98
91,99
91,100
91,104
91,110
91,116
91,122
91,125
91,129
91,135
91,152
91,156
91,159
91,161
91,162
91,170
91,173
91,175
91,179
91,183
91,190
91,191
91,192
91,193
91,197
92,93
92,95
92,96
92,97
92,98
92,99
92,100
92,101
92,103
92,104
92,106
92,107
92,109
92,110
92,111
92,113
92,114
92,115
92,116
92,117
92,119
92,120
92,122
92,124
92,125
92,128
92,129
92,130
92,131
92,132
92,133
92,134
92,135
92,136
92,138
92,139
92,143
92,148
92,149
92,150
92,152
92,154
92,155
92,156
92,158
92,159
92,160
92,161
92,162
92,170
92,173
92,175
92,178
92,179
92,181
92,182
92,183
92,187
92,190
92,191
92,192
92,193
92,197
93,94
93,95
93,96
93,98
93,99
93,100
93,103
93,104
93,105
93,106
93,107
93,110
93,116
93,122
93,125
93,129
93,135
93,152
93,156
93,159
93,161
93,162
93,170
93,173
93,175
93,179
93,183
93,190
93,191
93,192
93,193
93,197
94,95
94,96
94,97
94,98
94,102
94,104
94,105
94,106
94,107
94,108
94,109
94,110
94,115
94,116
94,117
94,118
94,119
94,120
94,121
94,122
94,124
94,125
94,126
94,127
94,128
94,129
94,130
94,131
94,132
94,134
94,136
94,137
94,138
94,139
94,143
94,146
94,148
94,149
94,150
94,152
94,153
94,155
94,156
94,158
94,160
94,166
94,169
94,171
94,172
94,177
94,178
94,180
94,181
94,182
94,184
94,196
95,96
95,97
95,98
95,99
95,100
95,101
95,102
95,103
95,104
95,105
95,106
95,107
95,108
95,109
95,110
95,111
95,112
95,113
95,114
95,115
95,116
95,117
95,118
95,119
95,120
95,121
95,122
95,123
95,124
95,125
95,127
95,128
95,129
95,130
96,97
96,98
96,99
96,100
96,101
96,102
96,103
96,104
96,105
96,106
96,107
96,108
96,109
96,110
96,112
96,113
96,114
96,115
96,116
96,117
96,118
96,119
96,120
96,121
96,122
96,123
96,124
96,125
96,126
96,129
96,130
96,131
96,133
96,134
96,135
96,138
96,139
96,140
96,141
96,142
96,143
96,146
96,148
96,149
96,150
96,151
96,152
96,153
96,154
96,156
96,159
96,161
96,162
96,170
96,173
96,175
96,179
96,183
96,190
96,191
96,192
96,193
96,197
97,101
97,104
97,105
97,106
97,110
97,111
97,112
97,114
97,115
97,116
97,117
97,118
97,119
97,120
97,121
97,122
97,123
97,124
97,125
97,126
97,127
97,128
97,130
97,131
97,132
98,99
98,100
98,103
98,104
98,105
98,110
98,116
98,122
98,125
98,129
98,135
98,152
98,156
98,159
98,161
98,162
98,170
98,173
98,175
98,179
98,183
98,190
98,191
98,192
98,193
98,197
99,100
99,101
99,102
99,103
99,104
99,105
99,106
99,107
99,108
99,109
99,110
99,112
99,113
99,114
99,115
99,116
99,117
99,118
99,122
99,125
99,129
99,135
99,152
99,156
99,159
99,161
99,162
99,170
99,173
99,175
99,179
99,183
99,190
99,191
99,192
99,193
99,197
100,103
100,104
100,106
100,107
100,108
100,109
100,110
100,111
100,113
100,115
100,116
100,117
100,118
100,119
100,122
100,125
100,129
100,135
100,152
100,156
100,159
100,161
100,162
100,170
100,173
100,175
100,179
100,183
100,190
100,191
100,192
100,193
100,197
101,103
101,104
101,105
101,106
101,107
101,108
101,109
101,111
101,112
101,113
101,114
101,115
101,117
101,118
101,120
101,121
101,125
101,126
101,128
101,130
101,132
101,133
101,137
101,138
101,140
101,141
101,142
101,143
101,144
101,145
101,146
101,148
101,149
101,150
101,151
101,152
101,154
101,155
101,156
101,166
101,167
101,168
101,169
101,171
101,172
101,174
101,177
101,180
101,182
101,183
101,184
101,187
101,196
102,104
102,105
102,106
102,110
102,112
102,113
102,114
102,115
102,116
102,117
102,118
102,119
102,120
102,121
102,122
102,123
102,124
102,125
102,126
102,127
102,128
102,130
102,131
102,132
102,133
102,134
102,137
102,138
102,139
102,140
102,141
102,144
102,145
102,146
102,147
102,149
102,150
102,151
102,152
102,153
102,154
102,155
102,157
102,158
102,160
102,163
102,165
102,167
102,168
102,169
102,171
102,172
102,174
102,177
102,180
102,181
103,104
103,106
103,107
103,108
103,109
103,110
103,111
103,112
103,113
103,114
103,115
103,116
103,117
103,118
103,119
103,121
103,122
103,124
103,125
103,126
103,127
103,128
103,130
103,131
103,132
103,133
103,137
103,138
104,105
104,107
104,108
104,109
104,110
104,111
104,112
104,113
104,114
104,115
104,116
104,117
104,118
104,120
104,121
104,122
104,123
104,124
104,125
104,126
104,127
104,128
104,129
104,132
104,133
104,134
104,135
104,136
104,137
104,138
104,139
104,140
104,141
104,142
104,143
104,144
104,145
104,147
104,148
104,149
104,150
104,152
104,154
104,155
104,156
104,157
104,158
104,159
104,161
104,162
104,170
104,173
104,175
104,179
104,183
104,190
104,191
104,192
104,193
104,197
105,106
105,107
105,108
105,109
105,111
105,113
105,114
105,115
105,116
105,117
105,118
105,119
105,120
105,121
105,122
105,124
105,126
105,128
105,129
105,130
105,131
105,132
105,133
105,134
105,136
105,137
105,138
105,139
105,140
105,141
105,142
105,143
105,144
105,145
105,146
105,147
105,148
105,149
105,150
105,151
105,152
105,153
105,154
105,155
105,157
105,158
105,160
105,161
105,163
105,165
105,166
105,167
105,168
105,171
105,175
105,178
105,180
105,182
105,183
105,185
105,186
105,187
105,196
106,107
106,108
106,109
106,110
106,111
106,112
106,113
106,114
106,115
106,116
107,108
107,109
107,110
107,111
107,113
107,114
107,115
107,116
107,118
107,120
107,121
107,122
107,123
107,125
107,126
107,127
107,128
107,131
107,136
107,137
107,139
107,140
107,142
107,143
107,144
107,145
107,146
107,147
107,148
107,149
107,150
107,151
107,152
107,153
107,154
107,155
107,156
107,157
107,158
107,161
107,163
107,165
107,166
108,110
108,111
108,112
108,113
108,114
108,115
108,116
108,117
108,118
108,119
108,121
108,122
108,123
108,124
108,125
108,126
108,127
108,128
108,129
108,130
108,131
108,132
108,133
108,134
109,110
109,111
109,112
109,113
109,114
109,115
109,117
109,118
109,119
109,120
109,122
109,123
109,124
109,125
109,126
109,127
109,128
109,129
109,130
109,131
109,132
109,133
109,134
109,137
109,138
109,139
109,141
109,142
109,144
109,145
109,146
109,147
109,148
109,149
109,150
109,151
109,154
109,155
109,157
109,158
109,161
109,163
109,164
109,165
109,167
109,168
109,171
109,175
109,176
109,177
109,178
109,180
109,182
109,183
109,184
109,186
109,192
110,114
110,115
110,116
110,122
110,125
110,129
110,135
110,152
110,156
110,159
110,161
110,162
110,170
110,173
110,175
110,179
110,183
110,190
110,191
110,192
110,193
110,197
111,112
111,113
111,114
111,115
111,116
111,117
111,118
111,119
111,120
111,122
111,123
111,124
112,113
112,114
112,115
112,117
112,119
112,120
112,121
112,122
112,123
112,124
112,125
112,126
112,127
112,128
112,129
112,131
112,132
112,133
112,136
112,137
112,138
112,139
112,140
112,142
112,143
112,144
112,145
112,146
112,147
112,150
112,151
112,152
112,154
112,155
112,156
112,157
112,158
113,115
113,116
113,118
113,120
113,121
113,122
113,123
113,124
113,125
113,126
113,127
113,128
113,129
113,130
113,131
113,133
113,134
113,135
113,136
113,137
113,138
113,139
113,140
113,141
113,142
113,143
113,144
113,146
113,148
113,149
113,150
113,151
113,152
113,154
113,155
113,157
113,160
113,161
113,162
113,163
113,164
113,165
113,166
113,167
113,168
113,169
113,171
113,172
113,174
113,177
113,178
113,180
113,182
113,183
113,187
113,189
113,192
113,196
114,115
114,116
114,117
114,118
114,119
114,120
114,121
114,122
114,124
114,125
114,126
114,127
114,128
114,129
114,130
114,131
114,133
114,134
114,136
114,138
115,116
115,117
115,118
115,119
115,120
115,121
115,122
115,123
115,124
115,125
115,126
115,127
115,128
115,129
115,130
115,131
115,132
115,133
115,134
115,135
115,136
115,137
115,138
115,139
115,140
115,141
115,142
115,143
115,144
115,145
115,146
115,147
115,148
115,149
115,150
115,151
115,152
116,117
116,118
116,119
116,120
116,121
116,122
116,123
116,124
116,125
116,126
116,127
116,129
116,135
116,152
116,156
116,159
116,161
116,162
116,170
116,173
116,175
116,179
116,183
116,190
116,191
116,192
116,193
116,197
117,118
117,120
117,122
117,123
117,124
117,126
117,127
117,129
117,130
117,131
117,132
117,135
117,136
117,137
117,138
117,139
117,140
117,141
117,142
117,143
117,144
117,146
117,147
117,149
117,150
117,152
117,153
117,154
117,155
117,156
117,160
117,163
117,165
117,166
117,168
117,169
117,171
117,174
117,178
117,180
117,181
117,182
117,185
117,186
117,187
117,189
117,190
117,192
117,198
118,119
118,120
118,121
118,122
118,123
118,127
118,128
118,129
118,130
118,131
118,132
118,133
118,134
118,135
118,136
118,137
118,138
118,139
118,140
119,120
119,121
119,122
120,121
120,122
120,125
120,126
120,128
120,129
120,130
120,131
120,132
120,133
120,134
121,122
121,123
121,124
121,125
121,127
121,129
121,131
121,132
121,134
121,135
121,137
121,138
121,141
121,142
121,144
121,145
121,148
121,149
121,153
121,154
121,155
121,156
121,160
121,161
121,163
121,164
121,165
121,168
121,169
121,171
121,172
121,173
121,174
121,177
121,178
121,180
121,183
121,186
121,187
121,189
121,190
121,198
122,123
122,124
122,125
122,126
122,127
122,128
122,129
122,130
122,131
122,132
122,133
122,134
122,135
122,136
122,137
122,138
122,141
122,142
122,143
122,144
122,145
122,146
122,147
122,149
122,150
122,151
122,152
122,153
122,154
122,155
122,156
122,157
122,159
122,160
122,161
122,162
122,163
122,164
122,165
122,166
122,167
122,168
122,169
122,170
122,173
122,175
122,179
122,183
122,190
122,191
122,192
122,193
122,197
123,124
123,125
123,128
123,129
123,131
123,132
123,133
123,136
123,137
123,138
123,139
123,141
123,142
123,143
123,144
123,145
123,146
123,147
123,148
123,149
123,150
123,151
123,152
123,153
123,154
123,155
123,156
123,157
123,158
123,159
123,161
123,162
123,164
123,168
123,169
123,171
123,172
123,173
123,174
123,176
123,178
123,180
123,182
123,183
123,184
123,185
123,186
123,187
123,188
123,190
123,191
123,192
123,194
123,198
124,125
124,126
124,128
124,130
124,131
124,132
124,133
124,135
124,136
124,137
124,138
124,139
124,140
124,143
124,144
124,145
124,146
124,147
124,149
125,126
125,127
125,128
125,129
125,130
125,133
125,134
125,135
125,136
125,137
125,138
125,139
125,144
125,145
125,146
125,147
125,148
125,149
125,150
125,151
125,152
125,153
125,154
125,155
125,156
125,157
125,158
125,159
125,160
125,161
125,162
125,163
125,164
125,165
125,166
125,167
125,169
125,170
125,171
125,172
125,173
125,174
125,175
125,176
125,177
125,178
125,179
125,182
125,183
125,185
125,186
125,187
125,190
125,191
125,192
125,193
125,194
125,196
125,197
126,127
126,128
126,129
126,130
126,132
126,134
126,137
126,138
126,139
126,140
126,142
126,143
126,144
126,145
126,146
126,148
126,149
126,150
126,151
126,152
126,153
126,154
126,155
126,156
126,157
126,158
126,159
126,160
126,166
126,167
126,168
126,169
126,171
126,174
126,177
126,178
126,180
126,181
126,182
126,183
126,184
126,185
126,186
126,187
126,188
126,189
126,191
126,192
126,193
126,194
126,196
127,128
127,130
127,131
127,132
127,133
127,135
127,136
127,137
127,138
127,139
127,140
127,141
127,142
127,145
127,146
127,147
127,148
127,150
127,151
127,152
127,153
127,156
127,157
127,158
127,160
127,161
127,162
127,163
127,164
127,167
127,168
127,169
127,171
127,172
127,174
127,176
127,177
127,178
127,179
127,180
127,181
127,182
127,183
127,184
127,185
127,186
127,187
127,188
127,191
127,192
127,196
127,197
127,198
127,199
128,129
128,130
128,131
128,132
128,133
128,134
128,136
128,137
128,138
128,139
128,140
128,141
128,142
128,143
128,144
128,145
128,146
128,147
128,148
128,149
128,150
128,151
128,152
128,153
128,154
128,155
128,157
128,158
128,159
128,160
128,163
128,164
128,165
128,166
128,167
128,168
128,169
128,171
129,130
129,131
129,132
129,133
129,134
129,135
129,136
129,137
129,138
129,140
129,141
129,142
129,143
129,144
129,145
129,146
129,147
129,148
129,152
129,156
129,159
129,161
129,162
129,170
129,173
129,175
129,179
129,183
129,190
129,191
129,192
129,193
129,197
130,131
130,133
130,134
130,135
130,136
130,137
130,138
130,139
130,140
130,141
130,142
130,143
130,144
130,145
130,146
130,147
130,148
130,152
130,155
130,156
130,157
130,158
130,159
130,160
130,163
130,164
130,166
130,167
130,168
130,171
130,175
130,179
130,180
130,183
130,185
130,186
130,189
130,190
130,191
130,192
130,193
130,194
130,199
131,132
131,133
131,134
131,135
131,136
131,137
131,138
131,139
131,140
131,141
131,142
131,143
131,144
131,145
131,146
131,147
131,148
131,149
131,150
131,151
131,153
131,154
131,155
131,156
131,158
131,159
131,160
131,163
131,164
131,165
131,166
131,167
131,168
131,171
131,172
131,173
131,174
131,175
131,176
131,177
131,179
131,180
131,181
131,182
131,184
131,185
131,186
131,187
131,188
131,189
131,190
131,191
131,192
131,193
131,194
131,195
131,196
131,197
131,198
131,199
132,133
132,135
132,136
132,137
132,138
132,139
132,140
132,143
133,136
133,137
133,138
133,139
133,140
133,141
134,135
134,136
134,139
134,140
134,141
134,142
134,143
134,144
134,145
134,146
134,147
134,149
134,150
134,151
134,152
134,155
134,157
134,159
134,163
134,164
134,165
134,166
134,168
134,169
134,171
134,173
134,174
134,175
134,178
134,179
134,185
134,186
134,187
134,189
134,190
134,191
134,192
134,193
134,195
134,196
134,197
134,198
134,199
135,137
135,138
135,140
135,141
135,152
135,156
135,159
135,161
135,162
135,170
135,173
135,175
135,179
135,183
135,190
135,191
135,192
135,193
135,197
136,139
136,140
136,141
136,142
136,143
136,144
136,145
136,146
136,147
136,148
136,150
136,151
137,138
137,139
137,141
137,143
137,144
137,145
137,146
137,147
137,148
137,150
137,151
137,152
137,154
137,157
137,158
138,139
138,140
138,141
138,142
138,143
138,144
139,140
139,141
139,142
139,143
139,144
139,145
139,146
139,147
139,148
139,152
139,154
139,155
139,156
139,157
139,158
139,159
139,160
139,162
139,165
139,167
139,168
139,169
139,172
139,173
139,175
139,176
139,177
139,179
139,182
139,184
139,187
139,189
139,192
139,193
139,194
139,198
140,141
140,142
140,143
140,144
140,145
140,146
140,147
140,148
140,149
140,150
140,151
140,152
140,153
140,154
140,155
140,156
141,142
141,143
141,144
141,146
141,147
142,143
142,144
142,145
142,146
142,147
142,148
142,149
142,150
142,151
142,152
142,153
142,154
142,155
142,156
142,157
142,158
142,159
142,162
142,163
142,166
142,167
142,168
142,169
142,170
142,172
142,175
144,146
144,147
144,150
144,151
144,152
144,153
144,154
144,155
144,156
145,147
145,148
145,149
145,150
145,151
145,153
145,154
145,155
145,156
145,157
145,158
145,159
145,160
145,161
145,163
145,165
145,167
145,168
145,169
145,170
145,172
145,173
145,174
146,147
146,148
146,149
146,150
146,151
146,153
146,154
146,156
146,157
146,158
146,159
146,160
146,161
146,162
146,163
146,165
146,166
146,167
146,168
146,169
146,170
146,172
146,173
146,174
146,175
146,178
147,148
147,149
147,151
147,152
147,153
147,154
147,155
147,156
147,157
147,158
147,159
147,160
147,161
147,162
147,164
147,165
147,166
147,167
147,168
147,169
147,170
147,171
147,172
147,173
147,174
147,175
147,176
147,177
147,178
147,179
147,182
147,184
147,185
147,187
147,191
147,192
147,193
147,195
147,199
148,149
148,150
148,151
148,152
148,153
148,154
148,155
148,156
148,157
148,158
148,159
148,160
148,161
148,162
149,151
149,152
149,153
149,154
149,155
149,156
150,151
150,152
150,153
151,152
151,154
151,155
151,156
151,157
151,158
151,161
151,163
151,165
151,166
151,169
151,171
151,172
151,173
151,183
151,184
151,185
151,190
151,191
151,192
151,193
151,195
151,198
151,199
152,153
152,154
152,155
152,156
152,157
152,158
152,159
152,160
152,161
152,162
152,163
152,164
152,165
152,166
152,167
152,168
152,170
152,171
152,172
152,173
152,175
152,177
152,178
152,179
152,180
152,183
152,184
152,186
152,187
152,190
152,191
152,192
152,193
152,197
152,198
152,199
153,154
153,155
153,156
153,157
153,158
153,160
153,163
153,164
153,165
153,166
153,167
153,168
153,169
153,171
153,172
153,173
153,174
153,175
153,176
153,177
153,178
153,180
153,181
153,182
153,183
153,184
153,185
153,186
153,187
153,189
153,190
153,192
153,195
153,196
153,199
154,155
154,156
154,157
154,159
154,160
154,161
154,163
154,164
154,165
155,157
155,158
155,159
155,161
155,162
155,163
155,165
155,166
155,167
155,168
155,169
155,171
155,172
155,177
156,157
156,158
156,159
156,160
156,161
156,162
156,163
156,164
156,165
156,166
156,167
156,169
156,170
156,171
156,172
156,173
156,174
156,175
156,176
156,177
156,178
156,179
156,180
156,183
156,184
156,185
156,186
156,187
156,189
156,190
156,191
156,192
156,193
156,194
156,196
156,197
157,158
157,160
157,162
157,163
157,165
157,166
157,167
157,168
157,169
157,170
157,171
157,172
157,173
157,174
157,175
157,176
157,177
157,178
157,180
157,181
157,182
157,183
157,184
157,185
157,186
157,187
157,188
157,189
157,192
157,195
157,196
157,198
157,199
158,159
158,160
158,161
158,162
158,163
158,165
158,166
158,167
158,168
158,169
158,170
158,171
158,174
158,179
158,180
158,181
158,182
158,183
158,184
158,185
158,186
158,187
158,188
158,189
158,190
158,192
158,194
158,195
158,196
158,197
158,198
158,199
159,160
159,161
159,162
159,163
159,164
159,165
159,166
159,167
159,168
159,169
159,170
159,171
159,172
159,173
159,174
159,175
159,176
159,178
159,179
159,181
159,183
159,184
159,186
159,188
159,189
159,190
159,191
159,192
159,193
159,197
160,161
160,162
160,163
160,164
160,165
160,166
160,167
160,168
160,169
160,170
160,171
160,172
160,173
160,174
160,175
160,176
160,178
160,180
160,181
160,182
160,183
160,184
160,185
160,186
160,187
160,188
160,189
160,191
160,192
160,193
160,195
160,196
160,197
160,198
160,199
161,162
161,163
161,167
161,168
161,169
161,170
161,172
161,173
161,174
161,175
161,176
161,177
161,179
161,180
161,181
161,182
161,183
161,184
161,185
161,187
161,188
161,189
161,190
161,191
161,192
161,193
161,197
162,163
162,164
162,165
162,166
162,167
162,168
162,169
162,170
162,173
162,175
162,179
162,183
162,190
162,191
162,192
162,193
162,197
163,164
163,165
163,166
163,167
163,169
163,171
163,172
163,173
163,174
163,175
163,176
163,177
163,178
163,180
163,183
163,184
163,186
163,187
163,188
163,191
163,192
163,193
163,194
163,197
163,198
163,199
164,165
164,166
164,167
164,169
164,171
164,173
164,174
164,175
164,176
164,178
164,179
164,180
165,166
165,167
166,167
166,168
166,171
166,172
166,173
166,175
166,176
166,178
166,179
166,180
166,182
166,184
166,185
166,187
166,188
166,190
167,169
167,170
167,171
167,172
167,173
167,174
167,175
167,176
167,177
167,178
167,179
167,180
167,183
167,184
167,185
167,186
167,187
167,188
167,189
167,190
167,191
167,192
167,194
167,196
167,197
167,199
169,170
169,171
169,172
169,173
169,174
169,175
169,176
169,177
169,179
169,182
169,186
169,187
169,188
169,189
169,190
169,191
169,192
169,193
169,194
169,196
169,197
169,199
170,171
170,172
170,173
170,175
170,179
170,183
170,190
170,191
170,192
170,193
170,197
171,172
171,173
171,174
171,175
171,176
171,177
171,178
171,179
171,180
171,181
171,183
171,184
171,185
171,188
171,189
171,190
171,191
171,192
171,194
171,196
171,197
171,198
172,173
172,174
172,176
172,177
172,178
172,179
172,180
172,181
172,182
172,183
172,184
172,185
172,186
172,187
172,188
172,189
172,190
172,191
172,192
172,193
172,194
172,196
172,197
172,198
172,199
173,174
173,175
173,178
173,179
173,180
173,181
173,182
173,183
173,185
173,186
173,188
173,189
173,190
173,191
173,192
173,193
173,195
173,197
173,198
173,199
174,175
174,176
174,177
174,178
174,179
174,180
174,182
174,183
174,184
174,186
174,187
174,188
174,189
174,190
174,192
174,193
174,194
174,195
174,196
174,197
174,198
174,199
175,176
175,177
175,178
175,179
175,180
175,182
175,183
175,184
175,185
175,186
175,187
175,188
175,189
175,190
175,191
175,192
175,193
175,194
175,195
175,196
175,197
175,198
175,199
178,179
178,180
178,183
178,185
178,187
178,188
178,189
178,190
178,191
178,193
178,194
178,195
178,197
179,180
179,182
179,183
179,184
179,185
179,186
179,187
179,188
179,190
179,191
179,192
179,193
179,197
180,181
180,182
180,183
180,184
180,186
180,187
180,188
180,189
180,190
180,191
180,192
180,193
180,194
180,195
180,198
180,199
181,182
182,183
182,184
182,186
182,188
182,189
182,191
182,192
182,193
183,184
183,185
183,186
183,187
183,190
183,191
183,192
183,193
183,197
184,185
184,186
184,187
184,189
184,191
184,193
184,194
184,195
184,196
184,197
184,198
185,186
185,188
185,189
185,190
185,191
185,192
185,193
185,194
185,196
185,199
186,187
186,188
186,189
187,189
187,190
187,191
187,193
187,194
188,189
188,190
188,191
188,192
188,193
188,194
188,195
188,196
188,198
189,190
189,192
189,193
189,194
189,195
189,197
189,198
189,199
190,191
190,192
190,193
190,194
190,195
190,196
190,197
190,198
190,199
191,192
191,193
191,194
191,195
191,196
191,197
191,199
192,193
192,195
192,196
192,197
192,198
192,199
193,194
193,195
193,197
194,195
194,196
194,197
194,198
194,199
195,196
195,197
195,198
195,199
196,197
196,198
196,199
197,198
197,199
