0,1
0,2
0,3
0,4
0,5
0,6
0,7
0,8
0,9
0,10
0,11
0,12
0,13
0,14
0,15
0,16
0,17
0,18
0,19
0,20
0,21
0,22
0,23
0,24
0,25
0,26
0,27
0,28
0,29
0,30
0,31
0,32
0,33
0,34
0,35
0,36
0,37
0,38
0,39
0,40
0,41
0,42
0,43
0,44
0,45
0,46
0,47
0,48
0,49
0,50
0,51
0,52
1,2
1,3
1,4
1,5
1,6
1,7
1,8
1,9
1,10
1,11
1,12
1,13
1,14
1,15
1,16
1,17
1,18
1,19
1,20
1,21
1,22
1,23
1,24
1,25
1,26
1,27
1,28
1,29
1,30
1,31
1,32
1,33
1,34
1,35
1,36
1,37
1,38
1,39
1,40
1,41
1,42
1,43
1,44
1,45
1,46
1,47
1,48
1,49
1,50
1,51
1,52
2,3
2,4
2,5
2,6
2,7
2,8
2,9
2,10
2,11
2,12
2,13
2,14
2,15
2,16
2,17
2,18
2,19
2,20
2,21
2,22
2,23
2,24
2,25
2,26
2,27
2,28
2,29
2,30
2,31
2,32
2,33
2,34
2,35
2,36
2,37
2,38
2,39
2,40
2,41
2,42
2,43
2,44
2,45
2,46
2,47
2,48
2,49
2,50
2,51
2,52
3,4
3,5
3,6
3,7
3,8
3,9
3,10
3,11
3,12
3,13
3,14
3,15
3,16
3,17
3,18
3,19
3,20
3,21
3,22
3,23
3,24
3,25
3,26
3,27
3,28
3,29
3,30
3,31
3,32
3,33
3,34
3,35
3,36
3,37
3,38
3,39
3,40
3,41
3,42
3,43
3,44
3,45
3,46
3,47
3,48
3,49
3,50
3,51
3,52
3,54
3,56
3,58
3,61
3,66
3,67
3,70
3,74
3,80
3,81
3,84
3,89
3,91
3,106
3,107
3,112
3,114
3,120
3,124
3,129
3,133
3,138
3,143
3,145
3,149
3,157
3,159
3,161
3,162
3,163
3,166
3,167
3,172
3,175
3,177
3,180
3,186
3,197
3,198
4,5
4,6
4,7
4,8
4,9
4,10
4,11
4,12
4,13
4,14
4,15
4,16
4,17
4,18
4,19
4,20
4,21
4,22
4,23
4,24
4,25
4,26
4,27
4,28
4,29
4,30
4,31
4,32
4,33
4,34
4,35
4,36
4,37
4,38
4,39
4,40
4,41
4,42
4,43
4,44
4,45
4,46
4,47
4,48
4,49
4,50
4,51
4,52
5,6
5,7
5,8
5,9
5,10
5,11
5,12
5,13
5,14
5,15
5,16
5,17
5,18
5,19
5,20
5,21
5,22
5,23
5,24
5,25
5,26
5,27
5,28
5,29
5,30
5,31
5,32
5,33
5,34
5,35
5,36
5,37
5,38
5,39
5,40
5,41
5,42
5,43
5,44
5,45
5,46
5,47
5,48
5,49
5,50
5,51
5,52
6,7
6,8
6,9
6,10
6,11
6,12
6,13
6,14
6,15
6,16
6,17
6,18
6,19
6,20
6,21
6,22
6,23
6,24
6,25
6,26
6,27
6,28
6,29
6,30
6,31
6,32
6,33
6,34
6,35
6,36
6,37
6,38
6,39
6,40
6,41
6,42
6,43
6,44
6,45
6,46
6,47
6,48
6,49
6,50
6,51
6,52
6,54
6,56
6,58
6,61
6,66
6,67
6,70
6,74
6,80
6,81
6,84
6,89
6,91
6,106
6,107
6,112
6,114
6,120
6,124
6,129
6,133
6,138
6,143
6,145
6,149
6,157
6,159
6,161
6,162
6,163
6,166
6,167
6,172
6,175
6,177
6,180
6,186
6,197
6,198
7,8
7,9
7,10
7,11
7,12
7,13
7,14
7,15
7,16
7,17
7,18
7,19
7,20
7,21
7,22
7,23
7,24
7,25
7,26
7,27
7,28
7,29
7,30
7,31
7,32
7,33
7,34
7,35
7,36
7,37
7,38
7,39
7,40
7,41
7,42
7,43
7,44
7,45
7,46
7,47
7,48
7,49
7,50
7,51
7,52
7,54
7,56
7,58
7,61
7,66
7,67
7,70
7,74
7,80
7,81
7,84
7,89
7,91
7,106
7,107
7,112
7,114
7,120
7,124
7,129
7,133
7,138
7,143
7,145
7,149
7,157
7,159
7,161
7,162
7,163
7,166
7,167
7,172
7,175
7,177
7,180
7,186
7,197
7,198
8,9
8,10
8,11
8,12
8,13
8,14
8,15
8,16
8,17
8,18
8,19
8,20
8,21
8,22
8,23
8,24
8,25
8,26
8,27
8,28
8,29
8,30
8,31
8,32
8,33
8,34
8,35
8,36
8,37
8,38
8,39
8,40
8,41
8,42
8,43
8,44
8,45
8,46
8,47
8,48
8,49
8,50
8,51
8,52
9,10
9,11
9,12
9,13
9,14
9,15
9,16
9,17
9,18
9,19
9,20
9,21
9,22
9,23
9,24
9,25
9,26
9,27
9,28
9,29
9,30
9,31
9,32
9,33
9,34
9,35
9,36
9,37
9,38
9,39
9,40
9,41
9,42
9,43
9,44
9,45
9,46
9,47
9,48
9,49
9,50
9,51
9,52
10,11
10,12
10,13
10,14
10,15
10,16
10,17
10,18
10,19
10,20
10,21
10,22
10,23
10,24
10,25
10,26
10,27
10,28
10,29
10,30
10,31
10,32
10,33
10,34
10,35
10,36
10,37
10,38
10,39
10,40
10,41
10,42
10,43
10,44
10,45
10,46
10,47
10,48
10,49
10,50
10,51
10,52
10,54
10,56
10,58
10,61
10,66
10,67
10,70
10,74
10,80
10,81
10,84
10,89
10,91
10,106
10,107
10,112
10,114
10,120
10,124
10,129
10,133
10,138
10,143
10,145
10,149
10,157
10,159
10,161
10,162
10,163
10,166
10,167
10,172
10,175
10,177
10,180
10,186
10,197
10,198
11,12
11,13
11,14
11,15
11,16
11,17
11,18
11,19
11,20
11,21
11,22
11,23
11,24
11,25
11,26
11,27
11,28
11,29
11,30
11,31
11,32
11,33
11,34
11,35
11,36
11,37
11,38
11,39
11,40
11,41
11,42
11,43
11,44
11,45
11,46
11,47
11,48
11,49
11,50
11,51
11,52
11,54
11,56
11,58
11,61
11,66
11,67
11,70
11,74
11,80
11,81
11,84
11,89
11,91
11,106
11,107
11,112
11,114
11,120
11,124
11,129
11,133
11,138
11,143
11,145
11,149
11,157
11,159
11,161
11,162
11,163
11,166
11,167
11,172
11,175
11,177
11,180
11,186
11,197
11,198
12,13
12,14
12,15
12,16
12,17
12,18
12,19
12,20
12,21
12,22
12,23
12,24
12,25
12,26
12,27
12,28
12,29
12,30
12,31
12,32
12,33
12,34
12,35
12,36
12,37
12,38
12,39
12,40
12,41
12,42
12,43
12,44
12,45
12,46
12,47
12,48
12,49
12,50
12,51
12,52
13,14
13,15
13,16
13,17
13,18
13,19
13,20
13,21
13,22
13,23
13,24
13,25
13,26
13,27
13,28
13,29
13,30
13,31
13,32
13,33
13,34
13,35
13,36
13,37
13,38
13,39
13,40
13,41
13,42
13,43
13,44
13,45
13,46
13,47
13,48
13,49
13,50
13,51
13,52
14,15
14,16
14,17
14,18
14,19
14,20
14,21
14,22
14,23
14,24
14,25
14,26
14,27
14,28
14,29
14,30
14,31
14,32
14,33
14,34
14,35
14,36
14,37
14,38
14,39
14,40
14,41
14,42
14,43
14,44
14,45
14,46
14,47
14,48
14,49
14,50
14,51
14,52
15,16
15,17
15,18
15,19
15,20
15,21
15,22
15,23
15,24
15,25
15,26
15,27
15,28
15,29
15,30
15,31
15,32
15,33
15,34
15,35
15,36
15,37
15,38
15,39
15,40
15,41
15,42
15,43
15,44
15,45
15,46
15,47
15,48
15,49
15,50
15,51
15,52
16,17
16,18
16,19
16,20
16,21
16,22
16,23
16,24
16,25
16,26
16,27
16,28
16,29
16,30
16,31
16,32
16,33
16,34
16,35
16,36
16,37
16,38
16,39
16,40
16,41
16,42
16,43
16,44
16,45
16,46
16,47
16,48
16,49
16,50
16,51
16,52
17,18
17,19
17,20
17,21
17,22
17,23
17,24
17,25
17,26
17,27
17,28
17,29
17,30
17,31
17,32
17,33
17,34
17,35
17,36
17,37
17,38
17,39
17,40
17,41
17,42
17,43
17,44
17,45
17,46
17,47
17,48
17,49
17,50
17,51
17,52
18,19
18,20
18,21
18,22
18,23
18,24
18,25
18,26
18,27
18,28
18,29
18,30
18,31
18,32
18,33
18,34
18,35
18,36
18,37
18,38
18,39
18,40
18,41
18,42
18,43
18,44
18,45
18,46
18,47
18,48
18,49
18,50
18,51
18,52
19,20
19,21
19,22
19,23
19,24
19,25
19,26
19,27
19,28
19,29
19,30
19,31
19,32
19,33
19,34
19,35
19,36
19,37
19,38
19,39
19,40
19,41
19,42
19,43
19,44
19,45
19,46
19,47
19,48
19,49
19,50
19,51
19,52
20,21
20,22
20,23
20,24
20,25
20,26
20,27
20,28
20,29
20,30
20,31
20,32
20,33
20,34
20,35
20,36
20,37
20,38
20,39
20,40
20,41
20,42
20,43
20,44
20,45
20,46
20,47
20,48
20,49
20,50
20,51
20,52
20,54
20,56
20,58
20,61
20,66
20,67
20,70
20,74
20,80
20,81
20,84
20,89
20,91
20,106
20,107
20,112
20,114
20,120
20,124
20,129
20,133
20,138
20,143
20,145
20,149
20,157
20,159
20,161
20,162
20,163
20,166
20,167
20,172
20,175
20,177
20,180
20,186
20,197
20,198
21,22
21,23
21,24
21,25
21,26
21,27
21,28
21,29
21,30
21,31
21,32
21,33
21,34
21,35
21,36
21,37
21,38
21,39
21,40
21,41
21,42
21,43
21,44
21,45
21,46
21,47
21,48
21,49
21,50
21,51
21,52
22,23
22,24
22,25
22,26
22,27
22,28
22,29
22,30
22,31
22,32
22,33
22,34
22,35
22,36
22,37
22,38
22,39
22,40
22,41
22,42
22,43
22,44
22,45
22,46
22,47
22,48
22,49
22,50
22,51
22,52
23,24
23,25
23,26
23,27
23,28
23,29
23,30
23,31
23,32
23,33
23,34
23,35
23,36
23,37
23,38
23,39
23,40
23,41
23,42
23,43
23,44
23,45
23,46
23,47
23,48
23,49
23,50
23,51
23,52
24,25
24,26
24,27
24,28
24,29
24,30
24,31
24,32
24,33
24,34
24,35
24,36
24,37
24,38
24,39
24,40
24,41
24,42
24,43
24,44
24,45
24,46
24,47
24,48
24,49
24,50
24,51
24,52
24,54
24,56
24,58
24,61
24,66
24,67
24,70
24,74
24,80
24,81
24,84
24,89
24,91
24,106
24,107
24,112
24,114
24,120
24,124
24,129
24,133
24,138
24,143
24,145
24,149
24,157
24,159
24,161
24,162
24,163
24,166
24,167
24,172
24,175
24,177
24,180
24,186
24,197
24,198
25,26
25,27
25,28
25,29
25,30
25,31
25,32
25,33
25,34
25,35
25,36
25,37
25,38
25,39
25,40
25,41
25,42
25,43
25,44
25,45
25,46
25,47
25,48
25,49
25,50
25,51
25,52
26,27
26,28
26,29
26,30
26,31
26,32
26,33
26,34
26,35
26,36
26,37
26,38
26,39
26,40
26,41
26,42
26,43
26,44
26,45
26,46
26,47
26,48
26,49
26,50
26,51
26,52
26,54
26,56
26,58
26,61
26,66
26,67
26,70
26,74
26,80
26,81
26,84
26,89
26,91
26,106
26,107
26,112
26,114
26,120
26,124
26,129
26,133
26,138
26,143
26,145
26,149
26,157
26,159
26,161
26,162
26,163
26,166
26,167
26,172
26,175
26,177
26,180
26,186
26,197
26,198
27,28
27,29
27,30
27,31
27,32
27,33
27,34
27,35
27,36
27,37
27,38
27,39
27,40
27,41
27,42
27,43
27,44
27,45
27,46
27,47
27,48
27,49
27,50
27,51
27,52
27,54
27,56
27,58
27,61
27,66
27,67
27,70
27,74
27,80
27,81
27,84
27,89
27,91
27,106
27,107
27,112
27,114
27,120
27,124
27,129
27,133
27,138
27,143
27,145
27,149
27,157
27,159
27,161
27,162
27,163
27,166
27,167
27,172
27,175
27,177
27,180
27,186
27,197
27,198
28,29
28,30
28,31
28,32
28,33
28,34
28,35
28,36
28,37
28,38
28,39
28,40
28,41
28,42
28,43
28,44
28,45
28,46
28,47
28,48
28,49
28,50
28,51
28,52
29,30
29,31
29,32
29,33
29,34
29,35
29,36
29,37
29,38
29,39
29,40
29,41
29,42
29,43
29,44
29,45
29,46
29,47
29,48
29,49
29,50
29,51
29,52
30,31
30,32
30,33
30,34
30,35
30,36
30,37
30,38
30,39
30,40
30,41
30,42
30,43
30,44
30,45
30,46
30,47
30,48
30,49
30,50
30,51
30,52
31,32
31,33
31,34
31,35
31,36
31,37
31,38
31,39
31,40
31,41
31,42
31,43
31,44
31,45
31,46
31,47
31,48
31,49
31,50
31,51
31,52
31,54
31,56
31,58
31,61
31,66
31,67
31,70
31,74
31,80
31,81
31,84
31,89
31,91
31,106
31,107
31,112
31,114
31,120
31,124
31,129
31,133
31,138
31,143
31,145
31,149
31,157
31,159
31,161
31,162
31,163
31,166
31,167
31,172
31,175
31,177
31,180
31,186
31,197
31,198
32,33
32,34
32,35
32,36
32,37
32,38
32,39
32,40
32,41
32,42
32,43
32,44
32,45
32,46
32,47
32,48
32,49
32,50
32,51
32,52
33,34
33,35
33,36
33,37
33,38
33,39
33,40
33,41
33,42
33,43
33,44
33,45
33,46
33,47
33,48
33,49
33,50
33,51
33,52
33,54
33,56
33,58
33,61
33,66
33,67
33,70
33,74
33,80
33,81
33,84
33,89
33,91
33,106
33,107
33,112
33,114
33,120
33,124
33,129
33,133
33,138
33,143
33,145
33,149
33,157
33,159
33,161
33,162
33,163
33,166
33,167
33,172
33,175
33,177
33,180
33,186
33,197
33,198
34,35
34,36
34,37
34,38
34,39
34,40
34,41
34,42
34,43
34,44
34,45
34,46
34,47
34,48
34,49
34,50
34,51
34,52
35,36
35,37
35,38
35,39
35,40
35,41
35,42
35,43
35,44
35,45
35,46
35,47
35,48
35,49
35,50
35,51
35,52
36,37
36,38
36,39
36,40
36,41
36,42
36,43
36,44
36,45
36,46
36,47
36,48
36,49
36,50
36,51
36,52
37,38
37,39
37,40
37,41
37,42
37,43
37,44
37,45
37,46
37,47
37,48
37,49
37,50
37,51
37,52
37,54
37,56
37,58
37,61
37,66
37,67
37,70
37,74
37,80
37,81
37,84
37,89
37,91
37,106
37,107
37,112
37,114
37,120
37,124
37,129
37,133
37,138
37,143
37,145
37,149
37,157
37,159
37,161
37,162
37,163
37,166
37,167
37,172
37,175
37,177
37,180
37,186
37,197
37,198
38,39
38,40
38,41
38,42
38,43
38,44
38,45
38,46
38,47
38,48
38,49
38,50
38,51
38,52
39,40
39,41
39,42
39,43
39,44
39,45
39,46
39,47
39,48
39,49
39,50
39,51
40,41
40,42
40,43
40,44
40,45
40,46
40,47
40,48
40,49
40,50
40,51
40,52
41,42
41,43
41,44
41,45
41,46
41,47
41,48
41,49
41,50
41,51
41,52
42,43
42,44
42,45
42,46
42,47
42,48
42,49
42,50
42,51
42,52
43,44
43,45
43,46
43,47
43,48
43,49
43,50
43,51
43,52
44,45
44,46
44,47
44,48
44,49
44,50
44,51
44,52
44,54
44,56
44,58
44,61
44,66
44,67
44,70
44,74
44,80
44,81
44,84
44,89
44,91
44,106
44,107
44,112
44,114
44,120
44,124
44,129
44,133
44,138
44,143
44,145
44,149
44,157
44,159
44,161
44,162
44,163
44,166
44,167
44,172
44,175
44,177
44,180
44,186
44,197
44,198
45,46
45,47
45,48
45,49
45,50
45,51
45,52
46,47
46,48
46,49
46,50
46,51
46,52
47,48
47,49
47,50
47,51
47,52
48,49
48,50
48,51
48,52
49,50
49,51
49,52
50,51
50,52
51,52
51,54
51,56
51,58
51,61
51,66
51,67
51,70
51,74
51,80
51,81
51,84
51,89
51,91
51,106
51,107
51,112
51,114
51,120
51,124
51,129
51,133
51,138
51,143
51,145
51,149
51,157
51,159
51,161
51,162
51,163
51,166
51,167
51,172
51,175
51,177
51,180
51,186
51,197
51,198
54,56
54,58
54,61
54,66
54,67
54,70
54,74
54,80
54,81
54,84
54,89
54,91
54,106
54,107
54,112
54,114
54,120
54,124
54,129
54,133
54,138
54,143
54,145
54,149
54,157
54,159
54,161
54,162
54,163
54,166
54,167
54,172
54,175
54,177
54,180
54,186
54,197
54,198
56,58
56,61
56,66
56,67
56,70
56,74
56,80
56,81
56,84
56,89
56,91
56,106
56,107
56,112
56,114
56,120
56,124
56,129
56,133
56,138
56,143
56,145
56,149
56,157
56,159
56,161
56,162
56,163
56,166
56,167
56,172
56,175
56,177
56,180
56,186
56,197
56,198
58,61
58,66
58,67
58,70
58,74
58,80
58,81
58,84
58,89
58,91
58,106
58,107
58,112
58,114
58,120
58,124
58,129
58,133
58,138
58,143
58,145
58,149
58,157
58,159
58,161
58,162
58,163
58,166
58,167
58,172
58,175
58,177
58,180
58,186
58,197
58,198
61,66
61,67
61,70
61,74
61,80
61,81
61,84
61,89
61,91
61,106
61,107
61,112
61,114
61,120
61,124
61,129
61,133
61,138
61,143
61,145
61,149
61,157
61,159
61,161
61,162
61,163
61,166
61,167
61,172
61,175
61,177
61,180
61,186
61,197
61,198
66,67
66,70
66,74
66,80
66,81
66,84
66,89
66,91
66,106
66,107
66,112
66,114
66,120
66,124
66,129
66,133
66,138
66,143
66,145
66,149
66,157
66,159
66,161
66,162
66,163
66,166
66,167
66,172
66,175
66,177
66,180
66,186
66,197
66,198
67,70
67,74
67,80
67,81
67,84
67,89
67,91
67,106
67,107
67,112
67,114
67,120
67,124
67,129
67,133
67,138
67,143
67,145
67,149
67,157
67,159
67,161
67,162
67,163
67,166
67,167
67,172
67,175
67,177
67,180
67,186
67,197
67,198
70,74
70,80
70,81
70,84
70,89
70,91
70,106
70,107
70,112
70,114
70,120
70,124
70,129
70,133
70,138
70,143
70,145
70,149
70,157
70,159
70,161
70,162
70,163
70,166
70,167
70,172
70,175
70,177
70,180
70,186
70,197
70,198
74,80
74,81
74,84
74,89
74,91
74,106
74,107
74,112
74,114
74,120
74,124
74,129
74,133
74,138
74,143
74,145
74,149
74,157
74,159
74,161
74,162
74,163
74,166
74,167
74,172
74,175
74,177
74,180
74,186
74,197
74,198
80,81
80,84
80,89
80,91
80,106
80,107
80,112
80,114
80,120
80,124
80,129
80,133
80,138
80,143
80,145
80,149
80,157
80,159
80,161
80,162
80,163
80,166
80,167
80,172
80,175
80,177
80,180
80,186
80,197
80,198
81,84
81,89
81,91
81,106
81,107
81,112
81,114
81,120
81,124
81,129
81,133
81,138
81,143
81,145
81,149
81,157
81,159
81,161
81,162
81,163
81,166
81,167
81,172
81,175
81,177
81,180
81,186
81,197
81,198
84,89
84,91
84,106
84,107
84,112
84,114
84,120
84,124
84,129
84,133
84,138
84,143
84,145
84,149
84,157
84,159
84,161
84,162
84,163
84,166
84,167
84,172
84,175
84,177
84,180
84,186
84,197
84,198
89,91
89,106
89,107
89,112
89,114
89,120
89,124
89,129
89,133
89,138
89,143
89,145
89,149
89,157
89,159
89,161
89,162
89,163
89,166
89,167
89,172
89,175
89,177
89,180
89,186
89,197
89,198
91,106
91,107
91,112
91,114
91,120
91,124
91,129
91,133
91,138
91,143
91,145
91,149
91,157
91,159
91,161
91,162
91,163
91,166
91,167
91,172
91,175
91,177
91,180
91,186
91,197
91,198
106,107
106,112
106,114
106,120
106,124
106,129
106,133
106,138
106,143
106,145
106,149
106,157
106,159
106,161
106,162
106,163
106,166
106,167
106,172
106,175
106,177
106,180
106,186
106,197
106,198
107,112
107,114
107,120
107,124
107,129
107,133
107,138
107,143
107,145
107,149
107,157
107,159
107,161
107,162
107,163
107,166
107,167
107,172
107,175
107,177
107,180
107,186
107,197
107,198
112,114
112,120
112,124
112,129
112,133
112,138
112,143
112,145
112,149
112,157
112,159
112,161
112,162
112,163
112,166
112,167
112,172
112,175
112,177
112,180
112,186
112,197
112,198
114,120
114,124
114,129
114,133
114,138
114,143
114,145
114,149
114,157
114,159
114,161
114,162
114,163
114,166
114,167
114,172
114,175
114,177
114,180
114,186
114,197
114,198
120,124
120,129
120,133
120,138
120,143
120,145
120,149
120,157
120,159
120,161
120,162
120,163
120,166
120,167
120,172
120,175
120,177
120,180
120,186
120,197
120,198
124,129
124,133
124,138
124,143
124,145
124,149
124,157
124,159
124,161
124,162
124,163
124,166
124,167
124,172
124,175
124,177
124,180
124,186
124,197
124,198
129,133
129,138
129,143
129,145
129,149
129,157
129,159
129,161
129,162
129,163
129,166
129,167
129,172
129,175
129,177
129,180
129,186
129,197
129,198
133,138
133,143
133,145
133,149
133,157
133,159
133,161
133,162
133,163
133,166
133,167
133,172
133,175
133,177
133,180
133,186
133,197
133,198
137,158
137,165
138,142
138,143
138,144
138,145
138,147
138,148
138,149
138,150
138,153
138,156
138,157
138,158
138,159
138,161
138,162
138,163
138,166
138,167
138,172
138,175
138,177
138,180
138,186
138,197
138,198
139,141
140,141
140,144
140,145
140,146
140,148
140,150
140,151
140,153
140,155
140,157
140,158
141,145
141,146
141,147
141,148
141,149
141,150
141,151
141,152
141,153
141,155
141,156
141,157
141,158
141,170
142,144
142,145
142,146
142,147
142,148
142,149
142,151
142,152
142,153
142,154
142,155
142,156
142,158
142,170
142,181
143,145
143,149
143,157
143,159
143,161
143,162
143,163
143,166
143,167
143,172
143,175
143,177
143,180
143,186
143,197
143,198
144,145
144,146
144,147
144,148
144,151
144,152
144,153
144,154
144,155
144,158
144,165
144,166
144,181
145,149
145,150
145,152
145,157
145,159
145,161
145,162
145,163
145,166
145,167
145,172
145,175
145,177
145,180
145,181
145,182
145,186
145,197
145,198
146,147
146,148
146,151
146,154
146,155
146,156
146,157
146,158
146,162
146,165
146,170
146,171
146,181
146,182
147,151
147,152
147,153
147,154
147,155
147,156
147,157
147,158
147,159
147,160
147,162
147,165
147,166
147,174
147,175
147,181
147,182
148,155
148,156
148,157
148,158
148,159
148,160
148,162
148,165
148,166
148,170
148,171
148,174
148,175
149,155
149,156
149,157
149,159
149,161
149,162
149,163
149,166
149,167
149,172
149,175
149,177
149,180
149,186
149,197
149,198
150,157
150,158
150,159
150,160
150,162
150,170
150,175
150,181
150,182
150,185
151,153
151,156
151,159
151,160
151,162
151,163
151,166
151,168
151,170
151,171
151,174
151,175
151,178
151,181
151,185
152,153
152,154
152,155
153,154
153,155
153,157
153,158
153,159
153,162
153,166
153,168
153,171
153,173
153,174
153,175
153,181
154,155
154,159
154,162
154,163
154,164
154,166
154,168
154,169
154,171
154,173
154,174
154,175
154,178
154,181
154,185
154,187
154,193
155,156
155,157
155,158
155,162
155,163
155,164
155,166
155,168
155,169
155,173
155,174
155,175
155,178
155,181
155,182
155,184
155,187
156,159
156,160
156,163
156,164
156,165
156,166
156,168
156,169
156,171
156,173
156,175
156,181
156,182
156,183
156,184
156,185
156,187
156,193
156,195
157,158
157,159
157,160
157,161
157,162
157,163
157,164
157,165
157,166
157,167
157,168
157,169
157,170
157,171
157,172
157,173
157,175
157,177
157,178
157,180
157,181
157,182
157,184
157,185
157,186
157,195
157,197
157,198
158,160
158,163
158,164
158,165
158,168
158,169
158,170
158,171
158,175
158,176
158,178
158,181
158,182
158,183
158,187
158,193
158,199
159,161
159,162
159,163
159,164
159,165
159,166
159,167
159,168
159,169
159,171
159,172
159,173
159,174
159,175
159,176
159,177
159,178
159,180
159,182
159,183
159,184
159,185
159,186
159,193
159,197
159,198
159,199
160,164
160,168
160,169
160,170
160,173
160,174
160,175
160,176
160,180
160,181
160,182
160,184
160,185
160,187
160,193
161,162
161,163
161,166
161,167
161,168
161,169
161,171
161,172
161,174
161,175
161,177
161,178
161,180
161,183
161,184
161,185
161,186
161,197
161,198
162,163
162,166
162,167
162,170
162,171
162,172
162,174
162,175
162,176
162,177
162,178
162,180
162,182
162,186
162,197
162,198
163,165
163,166
163,167
163,168
163,169
163,170
163,171
163,172
163,173
163,175
163,177
163,180
163,181
163,182
163,183
163,185
163,186
163,193
163,195
163,197
163,198
164,169
164,170
164,174
164,176
164,178
164,179
165,169
165,170
165,171
165,173
165,174
165,175
165,176
165,178
165,179
165,180
165,181
165,184
165,185
165,193
166,167
166,170
166,171
166,172
166,173
166,174
166,175
166,176
166,177
166,180
166,181
166,182
166,184
166,185
166,186
166,193
166,195
166,196
166,197
166,198
167,169
167,170
167,171
167,172
167,175
167,177
167,180
167,186
167,197
167,198
169,174
169,176
169,180
169,184
169,185
169,187
170,173
170,174
170,175
170,176
170,179
170,180
170,181
170,183
170,184
170,185
171,173
171,174
171,175
171,176
172,175
172,177
172,180
172,181
172,183
172,186
172,197
172,198
173,178
173,180
173,181
173,182
173,183
173,185
173,186
173,187
173,189
173,192
173,193
173,196
174,176
174,178
174,179
174,183
174,184
174,185
174,186
174,188
174,189
174,193
174,195
174,196
175,177
175,180
175,181
175,183
175,185
175,186
175,187
175,188
175,192
175,193
175,195
175,196
175,197
175,198
175,199
176,177
176,178
176,179
176,180
176,182
176,183
176,184
176,185
176,187
176,188
176,189
176,191
176,192
176,193
176,195
176,196
177,179
177,180
177,181
177,184
177,185
177,186
177,187
177,188
177,189
177,191
177,192
177,197
177,198
178,180
178,181
179,180
179,181
179,182
179,183
179,185
179,188
179,189
179,191
179,192
180,181
180,183
180,184
180,185
180,186
180,187
180,188
180,191
180,192
180,196
180,197
180,198
180,199
181,182
181,183
181,185
181,189
181,191
181,192
181,193
181,196
182,183
182,184
182,186
182,187
182,193
182,196
183,186
183,187
183,188
183,189
183,190
183,191
183,193
183,195
183,196
184,185
184,186
184,187
184,188
184,189
184,190
184,191
184,193
184,194
184,195
184,196
184,197
184,199
185,186
185,187
185,188
185,189
185,190
185,193
185,195
185,197
185,198
186,187
186,188
186,189
186,190
186,191
186,194
186,195
186,196
186,197
186,198
186,199
187,188
187,189
187,190
187,191
187,192
187,193
187,194
187,195
187,196
188,189
188,191
188,192
188,194
188,195
188,198
188,199
189,190
189,191
189,192
189,194
189,195
189,196
189,198
190,191
191,192
191,193
191,194
191,195
191,196
191,197
191,198
191,199
192,193
192,194
192,196
192,197
192,199
193,194
193,195
193,196
193,197
194,196
194,197
195,196
195,197
195,199
196,197
196,198
196,199
197,198
