0,1
0,2
0,3
0,4
0,5
0,6
0,7
0,8
0,9
0,10
0,11
0,12
0,13
0,14
0,15
0,16
0,17
0,18
0,19
0,20
0,21
0,22
0,23
0,24
0,25
0,26
0,27
0,28
0,29
0,30
0,31
0,32
0,33
0,34
0,35
0,36
0,37
1,2
1,3
1,4
1,5
1,6
1,7
1,8
1,9
1,10
1,11
1,12
1,13
1,14
1,15
1,16
1,17
1,18
1,19
1,20
1,21
1,22
1,23
1,24
1,25
1,26
1,27
1,28
1,29
1,30
1,31
1,32
1,33
1,34
1,35
1,36
1,37
2,3
2,4
2,5
2,6
2,7
2,8
2,9
2,10
2,11
2,12
2,13
2,14
2,15
2,16
2,17
2,18
2,19
2,20
2,21
2,22
2,23
2,24
2,25
2,26
2,27
2,28
2,29
2,30
2,31
2,32
2,33
2,34
2,35
2,36
2,37
3,4
3,5
3,6
3,7
3,8
3,9
3,10
3,11
3,12
3,13
3,14
3,15
3,16
3,17
3,18
3,19
3,20
3,21
3,22
3,23
3,24
3,25
3,26
3,27
3,28
3,29
3,30
3,31
3,32
3,33
3,34
3,35
3,36
3,37
4,5
4,6
4,7
4,8
4,9
4,10
4,11
4,12
4,13
4,14
4,15
4,16
4,17
4,18
4,19
4,20
4,21
4,22
4,23
4,24
4,25
4,26
4,27
4,28
4,29
4,30
4,31
4,32
4,33
4,34
4,35
4,36
4,37
5,6
5,7
5,8
5,9
5,10
5,11
5,12
5,13
5,14
5,15
5,16
5,17
5,18
5,19
5,20
5,21
5,22
5,23
5,24
5,25
5,26
5,27
5,28
5,29
5,30
5,31
5,32
5,33
5,34
5,35
5,36
5,37
5,39
5,44
5,55
5,58
5,64
5,80
5,83
5,84
5,89
5,92
5,94
5,96
5,104
5,108
5,117
5,121
5,124
5,127
5,130
5,134
5,140
5,141
5,162
5,175
5,176
5,177
5,182
5,184
5,193
5,197
5,198
6,7
6,8
6,9
6,10
6,11
6,12
6,13
6,14
6,15
6,16
6,17
6,18
6,19
6,20
6,21
6,22
6,23
6,24
6,25
6,26
6,27
6,28
6,29
6,30
6,31
6,32
6,33
6,34
6,35
6,36
6,37
7,8
7,9
7,10
7,11
7,12
7,13
7,14
7,15
7,16
7,17
7,18
7,19
7,20
7,21
7,22
7,23
7,24
7,25
7,26
7,27
7,28
7,29
7,30
7,31
7,32
7,33
7,34
7,35
7,36
7,37
8,9
8,10
8,11
8,12
8,13
8,14
8,15
8,16
8,17
8,18
8,19
8,20
8,21
8,22
8,23
8,24
8,25
8,26
8,27
8,28
8,29
8,30
8,31
8,32
8,33
8,34
8,35
8,36
8,37
8,39
8,44
8,55
8,58
8,64
8,80
8,83
8,84
8,89
8,92
8,94
8,96
8,104
8,108
8,117
8,121
8,124
8,127
8,130
8,134
8,140
8,141
8,162
8,175
8,176
8,177
8,182
8,184
8,193
8,197
8,198
9,10
9,11
9,12
9,13
9,14
9,15
9,16
9,17
9,18
9,19
9,20
9,21
9,22
9,23
9,24
9,25
9,26
9,27
9,28
9,29
9,30
9,31
9,32
9,33
9,34
9,35
9,36
9,37
10,11
10,12
10,13
10,14
10,15
10,16
10,17
10,18
10,19
10,20
10,21
10,22
10,23
10,24
10,25
10,26
10,27
10,28
10,29
10,30
10,31
10,32
10,33
10,34
10,35
10,36
10,37
10,39
10,44
10,55
10,58
10,64
10,80
10,83
10,84
10,89
10,92
10,94
10,96
10,104
10,108
10,117
10,121
10,124
10,127
10,130
10,134
10,140
10,141
10,162
10,175
10,176
10,177
10,182
10,184
10,193
10,197
10,198
11,12
11,13
11,14
11,15
11,16
11,17
11,18
11,19
11,20
11,21
11,22
11,23
11,24
11,25
11,26
11,27
11,28
11,29
11,30
11,31
11,32
11,33
11,34
11,35
11,36
11,37
12,13
12,14
12,15
12,16
12,17
12,18
12,19
12,20
12,21
12,22
12,23
12,24
12,25
12,26
12,27
12,28
12,29
12,30
12,31
12,32
12,33
12,34
12,35
12,36
12,37
13,14
13,15
13,16
13,17
13,18
13,19
13,20
13,21
13,22
13,23
13,24
13,25
13,26
13,27
13,28
13,29
13,30
13,31
13,32
13,33
13,34
13,35
13,36
13,37
14,15
14,16
14,17
14,18
14,19
14,20
14,21
14,22
14,23
14,24
14,25
14,26
14,27
14,28
14,29
14,30
14,31
14,32
14,33
14,34
14,35
14,36
14,37
15,16
15,17
15,18
15,19
15,20
15,21
15,22
15,23
15,24
15,25
15,26
15,27
15,28
15,29
15,30
15,31
15,32
15,33
15,34
15,35
15,36
15,37
15,39
15,44
15,55
15,58
15,64
15,80
15,83
15,84
15,89
15,92
15,94
15,96
15,104
15,108
15,117
15,121
15,124
15,127
15,130
15,134
15,140
15,141
15,162
15,175
15,176
15,177
15,182
15,184
15,193
15,197
15,198
16,17
16,18
16,19
16,20
16,21
16,22
16,23
16,24
16,25
16,26
16,27
16,28
16,29
16,30
16,31
16,32
16,33
16,34
16,35
16,36
16,37
16,39
16,44
16,55
16,58
16,64
16,80
16,83
16,84
16,89
16,92
16,94
16,96
16,104
16,108
16,117
16,121
16,124
16,127
16,130
16,134
16,140
16,141
16,162
16,175
16,176
16,177
16,182
16,184
16,193
16,197
16,198
17,18
17,19
17,20
17,21
17,22
17,23
17,24
17,25
17,26
17,27
17,28
17,29
17,30
17,31
17,32
17,33
17,34
17,35
17,36
17,37
18,19
18,20
18,21
18,22
18,23
18,24
18,25
18,26
18,27
18,28
18,29
18,30
18,31
18,32
18,33
18,34
18,35
18,36
18,37
19,20
19,21
19,22
19,23
19,24
19,25
19,26
19,27
19,28
19,29
19,30
19,31
19,32
19,33
19,34
19,35
19,36
19,37
20,21
20,22
20,23
20,24
20,25
20,26
20,27
20,28
20,29
20,30
20,31
20,32
20,33
20,34
20,35
20,36
20,37
21,22
21,23
21,24
21,25
21,26
21,27
21,28
21,29
21,30
21,31
21,32
21,33
21,34
21,35
21,36
21,37
22,23
22,24
22,25
22,26
22,27
22,28
22,29
22,30
22,31
22,32
22,33
22,34
22,35
22,36
22,37
23,24
23,25
23,26
23,27
23,28
23,29
23,30
23,31
23,32
23,33
23,34
23,35
23,36
23,37
24,25
24,26
24,27
24,28
24,29
24,30
24,31
24,32
24,33
24,34
24,35
24,36
24,37
25,26
25,27
25,28
25,29
25,30
25,31
25,32
25,33
25,34
25,35
25,36
25,37
26,27
26,28
26,29
26,30
26,31
26,32
26,33
26,34
26,35
26,36
26,37
27,28
27,29
27,30
27,31
27,32
27,33
27,34
27,35
27,36
27,37
28,29
28,30
28,31
28,32
28,33
28,34
28,35
28,36
28,37
29,30
29,31
29,32
29,33
29,34
29,35
29,36
29,37
30,31
30,32
30,33
30,34
30,35
30,36
30,37
31,32
31,33
31,34
31,35
31,36
31,37
32,33
32,34
32,35
32,36
32,37
32,39
32,44
32,55
32,58
32,64
32,80
32,83
32,84
32,89
32,92
32,94
32,96
32,104
32,108
32,117
32,121
32,124
32,127
32,130
32,134
32,140
32,141
32,162
32,175
32,176
32,177
32,182
32,184
32,193
32,197
32,198
33,34
33,35
33,36
33,37
34,35
34,36
34,37
34,39
34,44
34,55
34,58
34,64
34,80
34,83
34,84
34,89
34,92
34,94
34,96
34,104
34,108
34,117
34,121
34,124
34,127
34,130
34,134
34,140
34,141
34,162
34,175
34,176
34,177
34,182
34,184
34,193
34,197
34,198
35,36
36,37
39,44
39,55
39,58
39,64
39,80
39,83
39,84
39,89
39,92
39,94
39,96
39,104
39,108
39,117
39,121
39,124
39,127
39,130
39,134
39,140
39,141
39,162
39,175
39,176
39,177
39,182
39,184
39,193
39,197
39,198
44,55
44,58
44,64
44,80
44,83
44,84
44,89
44,92
44,94
44,96
44,104
44,108
44,117
44,121
44,124
44,127
44,130
44,134
44,140
44,141
44,162
44,175
44,176
44,177
44,182
44,184
44,193
44,197
44,198
55,58
55,64
55,80
55,83
55,84
55,89
55,92
55,94
55,96
55,104
55,108
55,117
55,121
55,124
55,127
55,130
55,134
55,140
55,141
55,162
55,175
55,176
55,177
55,182
55,184
55,193
55,197
55,198
58,64
58,80
58,83
58,84
58,89
58,92
58,94
58,96
58,104
58,108
58,117
58,121
58,124
58,127
58,130
58,134
58,140
58,141
58,162
58,175
58,176
58,177
58,182
58,184
58,193
58,197
58,198
64,80
64,83
64,84
64,89
64,92
64,94
64,96
64,104
64,108
64,117
64,121
64,124
64,127
64,130
64,134
64,140
64,141
64,162
64,175
64,176
64,177
64,182
64,184
64,193
64,197
64,198
65,70
65,76
65,77
65,79
65,80
66,70
66,72
66,73
66,74
67,68
67,69
67,70
67,72
67,73
67,74
67,75
67,76
67,77
67,79
67,80
67,82
67,84
67,85
67,86
67,87
67,90
67,93
67,109
68,69
68,70
68,71
68,72
68,73
68,74
68,75
68,76
68,77
68,79
68,80
68,81
68,82
68,84
68,85
68,86
68,87
68,88
68,89
68,90
69,71
69,73
69,74
69,75
69,77
69,79
69,80
69,81
69,82
69,84
69,85
69,86
69,87
69,88
69,89
69,90
69,92
69,93
69,100
69,106
70,71
70,72
70,73
70,76
70,77
70,78
70,79
70,80
70,81
70,83
71,72
71,73
71,76
71,77
71,78
71,79
71,80
71,81
71,83
71,84
71,85
71,86
71,87
71,88
71,89
71,90
71,93
71,95
71,98
71,109
72,73
72,74
72,75
72,76
72,77
72,78
72,79
72,80
72,81
72,82
72,84
72,86
72,87
72,89
72,90
72,92
72,93
72,98
72,106
72,109
72,112
72,114
72,126
73,77
73,78
73,79
73,81
73,82
73,83
73,85
73,86
73,87
73,89
73,90
73,92
73,93
73,95
73,105
73,106
73,112
73,114
73,117
73,119
74,75
74,76
74,77
74,81
74,82
74,83
74,84
74,85
74,86
74,88
74,90
74,92
74,93
74,95
74,98
74,100
74,103
74,105
74,106
74,109
74,112
74,114
74,117
74,119
75,76
75,77
75,78
75,79
75,82
75,83
75,84
75,85
75,86
75,87
75,88
75,89
75,90
75,93
75,95
75,97
75,98
76,77
76,78
76,79
76,80
76,81
76,82
76,83
76,84
76,85
76,86
76,87
76,88
76,89
76,90
76,92
76,93
76,95
76,96
76,97
76,98
76,103
76,105
76,106
76,109
76,112
76,114
76,117
76,119
77,78
77,79
77,80
77,81
77,83
77,84
77,85
77,86
77,87
77,88
77,89
77,90
77,91
77,93
77,95
77,96
77,97
77,98
77,100
77,103
77,105
77,106
77,107
77,109
77,112
77,114
77,117
77,118
77,119
77,126
77,138
78,79
78,81
78,82
78,83
78,84
78,85
78,86
78,87
78,88
78,89
78,90
79,80
79,81
79,82
79,84
79,85
79,86
79,88
79,89
79,90
79,91
79,94
79,95
79,96
79,97
79,98
79,100
79,103
79,105
79,107
79,112
79,113
79,114
79,118
79,119
79,126
80,81
80,82
80,83
80,84
80,85
80,86
80,89
80,92
80,94
80,96
80,104
80,108
80,117
80,121
80,124
80,127
80,130
80,134
80,140
80,141
80,162
80,175
80,176
80,177
80,182
80,184
80,193
80,197
80,198
81,83
81,84
81,85
81,86
81,87
81,88
82,84
82,85
82,86
82,87
82,90
82,91
82,92
82,93
82,95
82,98
82,104
82,105
82,106
82,110
82,111
82,112
82,114
82,121
82,123
83,84
83,85
83,86
83,87
83,88
83,89
83,90
83,91
83,92
83,93
83,94
83,95
83,96
83,97
83,101
83,102
83,104
83,105
83,106
83,107
83,108
83,110
83,113
83,114
83,117
83,121
83,124
83,127
83,130
83,134
83,140
83,141
83,162
83,175
83,176
83,177
83,182
83,184
83,193
83,197
83,198
84,86
84,87
84,88
84,89
84,90
84,91
84,92
84,93
84,94
84,96
84,97
84,98
84,99
84,101
84,102
84,103
84,104
84,108
84,109
84,110
84,112
84,113
84,114
84,115
84,117
84,118
84,119
84,121
84,122
84,123
84,124
84,126
84,127
84,130
84,134
84,135
84,140
84,141
84,162
84,175
84,176
84,177
84,182
84,184
84,193
84,197
84,198
85,86
85,87
85,88
85,90
85,91
85,93
85,96
85,99
85,101
85,102
85,103
85,107
85,108
85,109
85,110
85,111
85,112
85,113
86,87
86,89
86,90
86,91
86,93
86,94
86,96
86,97
86,98
86,99
86,101
86,102
86,103
86,105
86,107
86,109
86,110
86,111
86,113
86,114
86,115
86,118
86,119
86,121
86,122
86,126
86,135
87,88
87,89
88,89
88,90
88,91
88,92
88,93
88,94
88,98
88,99
88,101
88,102
88,103
88,107
88,108
88,109
88,111
88,112
88,113
88,114
89,90
89,91
89,92
89,94
89,95
89,96
89,99
89,101
89,102
89,103
89,104
89,105
89,107
89,108
89,109
89,111
89,112
89,113
89,114
89,115
89,117
89,118
89,119
89,121
89,124
89,127
89,130
89,134
89,135
89,138
89,140
89,141
89,162
89,175
89,176
89,177
89,182
89,184
89,193
89,197
89,198
90,91
90,92
90,93
90,95
90,97
90,98
90,99
90,100
90,101
90,103
90,105
90,107
90,108
90,109
91,92
91,93
91,94
91,95
91,96
91,98
91,99
91,101
91,102
91,103
91,106
91,107
91,108
91,109
91,110
91,112
91,113
91,114
91,115
91,116
91,118
91,119
91,121
91,122
92,93
92,94
92,95
92,96
92,97
92,98
92,102
92,103
92,104
92,105
92,106
92,108
92,109
92,110
92,111
92,112
92,114
92,116
92,117
92,118
92,119
92,121
92,122
92,123
92,124
92,125
92,126
92,127
92,130
92,134
92,140
92,141
92,162
92,175
92,176
92,177
92,182
92,184
92,193
92,197
92,198
93,94
93,95
93,96
93,97
93,98
93,99
93,100
93,102
93,103
93,104
93,106
93,107
93,108
93,109
93,110
93,111
93,112
93,114
93,115
93,116
93,117
93,121
93,123
93,125
93,126
93,138
94,95
94,96
94,97
94,98
94,99
94,100
94,101
94,102
94,103
94,104
94,106
94,107
94,108
94,110
94,111
94,112
94,113
94,115
94,116
94,117
94,118
94,119
94,121
94,123
94,124
94,125
94,126
94,127
94,130
94,131
94,134
94,140
94,141
94,162
94,175
94,176
94,177
94,182
94,184
94,193
94,197
94,198
95,96
95,97
95,99
95,100
95,101
96,97
96,98
96,99
96,100
96,101
96,102
96,104
96,108
96,117
96,121
96,124
96,127
96,130
96,134
96,140
96,141
96,162
96,175
96,176
96,177
96,182
96,184
96,193
96,197
96,198
97,98
97,102
97,103
97,104
97,105
97,106
97,107
97,108
97,111
97,112
97,113
97,115
98,100
98,101
98,102
98,103
98,104
98,105
98,106
98,107
98,108
100,101
100,102
100,103
100,104
100,105
100,106
100,107
100,109
100,110
100,111
100,112
100,113
100,114
100,115
100,121
100,122
100,123
100,126
100,138
100,148
101,102
101,104
101,105
102,104
102,106
103,106
103,107
103,109
103,110
103,112
103,113
103,114
103,115
103,121
104,108
104,117
104,121
104,124
104,127
104,130
104,134
104,140
104,141
104,162
104,175
104,176
104,177
104,182
104,184
104,193
104,197
104,198
105,109
105,111
105,112
105,113
105,114
105,115
105,116
105,117
105,119
105,120
105,121
105,122
105,124
105,126
105,146
106,107
106,108
106,111
106,112
106,114
106,115
106,116
106,117
106,118
106,119
107,108
107,109
107,111
107,112
107,113
107,114
107,115
107,116
107,117
107,118
107,119
107,120
107,121
107,123
107,125
108,111
108,112
108,113
108,114
108,115
108,117
108,118
108,119
108,120
108,121
108,124
108,127
108,130
108,134
108,140
108,141
108,162
108,175
108,176
108,177
108,182
108,184
108,193
108,197
108,198
109,110
109,111
109,112
109,113
109,114
109,115
109,116
109,117
109,118
109,119
109,120
109,121
109,122
109,123
109,124
109,125
109,128
110,111
110,113
110,114
110,116
110,117
110,118
110,119
110,121
110,122
110,123
110,124
111,112
111,113
111,114
111,115
111,116
111,117
111,118
111,119
111,122
111,124
111,125
111,128
111,131
112,113
112,114
112,115
112,116
112,117
112,118
112,120
112,121
112,122
112,124
112,125
112,126
112,128
112,133
112,135
112,148
112,150
113,115
113,116
113,117
113,119
113,121
113,122
113,123
113,124
113,125
113,131
113,133
113,135
113,146
113,150
113,153
114,115
114,118
114,119
114,120
114,122
114,123
114,124
114,125
114,128
114,131
114,138
114,153
115,117
115,118
115,119
115,120
115,121
115,122
115,123
115,124
115,125
115,126
115,128
116,117
116,118
116,119
116,120
116,121
116,122
116,123
116,124
116,125
116,128
116,129
116,132
116,133
116,138
116,146
116,148
117,119
117,120
117,121
117,122
117,123
117,124
117,125
117,126
117,127
117,128
117,129
117,130
117,131
117,132
117,134
117,138
117,140
117,141
117,146
117,148
117,150
117,162
117,175
117,176
117,177
117,182
117,184
117,193
117,197
117,198
118,119
118,121
118,122
118,124
118,125
118,126
118,128
118,129
118,131
118,132
118,133
118,135
118,139
118,140
118,146
118,148
118,153
119,120
119,121
119,122
119,123
119,124
119,126
119,128
119,129
119,131
119,132
119,134
119,136
119,138
119,139
119,140
119,144
119,146
119,148
119,150
119,153
120,121
120,122
120,123
120,125
120,126
120,127
120,129
120,132
120,133
120,134
120,135
120,136
120,138
120,139
120,140
120,142
120,144
120,146
120,147
120,148
121,122
121,123
121,124
121,125
121,126
121,127
121,128
121,129
121,130
121,131
121,132
121,133
121,134
121,135
121,136
121,138
121,139
121,140
121,141
121,146
121,148
121,153
121,156
121,162
121,167
121,175
121,176
121,177
121,182
121,184
121,193
121,197
121,198
122,123
122,124
122,125
122,128
122,129
122,130
122,131
122,132
122,133
122,136
122,137
122,138
122,139
122,140
122,148
123,124
123,125
123,126
123,127
123,129
123,130
123,132
123,133
123,134
123,135
123,138
123,139
123,140
123,144
123,145
123,147
123,148
123,150
123,151
123,152
123,153
123,156
123,165
123,167
124,127
124,128
124,129
124,130
124,132
124,133
124,134
124,135
124,136
124,137
124,138
124,139
124,140
124,141
124,142
124,144
124,145
124,146
124,147
124,148
124,150
124,151
124,152
124,153
124,162
124,175
124,176
124,177
124,182
124,184
124,193
124,197
124,198
125,126
125,127
125,128
125,129
125,130
125,131
125,132
125,133
125,134
125,135
125,136
125,137
125,138
125,139
125,142
125,144
125,145
125,146
125,147
125,148
125,150
125,151
125,152
125,153
125,156
125,157
125,165
126,127
126,128
126,129
126,130
126,131
126,132
126,133
126,134
126,135
126,136
126,137
126,138
126,139
126,140
126,141
126,143
126,144
126,145
126,146
126,147
126,150
126,152
126,153
127,129
127,130
127,131
127,133
127,134
127,135
127,136
127,137
127,138
127,140
127,141
127,143
127,144
127,146
127,147
127,148
127,149
127,150
127,162
127,175
127,176
127,177
127,182
127,184
127,193
127,197
127,198
128,129
128,130
128,132
128,133
128,134
128,135
128,136
128,138
128,139
129,130
129,131
130,131
130,132
130,133
130,134
130,135
130,136
130,137
130,138
130,139
130,140
130,141
130,142
130,143
130,144
130,147
130,148
130,150
130,151
130,152
130,156
130,157
130,162
130,165
130,167
130,175
130,176
130,177
130,182
130,184
130,193
130,197
130,198
131,132
131,133
131,134
131,135
131,136
131,137
131,138
131,139
131,140
131,141
131,143
131,144
131,145
131,147
132,133
132,134
132,135
132,136
132,137
132,138
132,140
132,141
132,142
132,143
132,144
132,145
132,146
132,147
132,148
132,149
132,151
132,152
132,153
132,156
132,157
132,163
132,165
132,167
132,171
133,135
133,136
133,137
133,138
133,139
133,140
133,141
133,142
133,143
133,145
133,146
133,148
133,149
133,151
133,152
133,153
133,154
133,156
133,157
134,135
134,136
134,137
134,138
134,139
134,140
134,141
134,142
134,143
134,144
134,145
134,146
134,162
134,175
134,176
134,177
134,182
134,184
134,193
134,197
134,198
135,136
135,137
135,138
135,139
135,140
135,141
135,142
135,145
135,146
135,147
135,149
135,150
135,152
135,153
135,154
135,156
135,167
135,171
136,137
136,139
136,140
136,141
137,139
137,140
137,141
137,143
137,144
137,145
138,139
138,140
138,141
138,142
138,143
138,145
138,146
138,147
138,148
138,149
138,150
138,153
138,154
138,157
138,158
138,160
138,162
138,163
138,165
138,167
138,171
139,140
139,141
139,143
139,144
139,145
139,146
139,147
139,148
139,149
139,151
139,152
139,153
139,154
139,156
139,157
139,158
140,141
140,142
140,143
140,144
140,145
140,148
140,149
140,150
140,151
140,152
140,153
140,154
140,156
140,157
140,158
140,162
140,163
140,164
140,165
140,167
140,169
140,175
140,176
140,177
140,182
140,184
140,193
140,197
140,198
141,142
141,143
141,144
141,145
141,146
141,147
141,149
141,150
141,151
141,152
141,153
141,154
141,155
141,156
141,162
141,175
141,176
141,177
141,182
141,184
141,193
141,197
141,198
142,143
142,148
142,150
142,151
142,152
142,153
142,154
142,157
142,158
142,159
142,160
142,162
142,163
142,164
142,165
142,167
142,168
142,169
142,171
143,144
144,146
144,147
144,148
144,149
144,150
144,154
144,157
144,158
144,159
144,162
144,164
144,165
144,167
144,169
144,173
145,147
145,149
145,151
145,152
145,153
145,154
145,155
145,156
145,157
145,159
145,160
145,162
145,163
145,165
145,167
145,168
145,171
145,173
146,147
146,148
146,152
146,153
146,155
146,156
146,157
146,158
146,159
146,160
146,162
146,163
146,164
146,167
146,168
146,169
146,171
146,173
147,150
147,151
147,152
147,153
147,154
147,155
147,157
147,159
147,160
147,162
147,163
147,164
147,165
147,167
147,168
147,169
147,170
147,172
148,149
148,150
148,151
148,152
148,153
148,154
148,156
148,157
148,158
148,159
148,160
148,162
148,163
148,164
148,167
148,168
148,169
148,170
148,171
148,172
148,173
148,174
148,180
149,150
149,151
149,152
149,153
149,154
149,155
149,157
149,158
149,159
149,160
149,162
149,163
149,165
149,166
149,167
149,169
149,170
149,173
149,174
149,180
150,151
150,152
150,154
150,155
150,156
150,157
150,159
150,160
150,161
150,162
150,163
150,164
150,165
150,166
150,167
150,168
150,169
150,170
150,171
150,173
150,174
150,176
150,180
151,152
151,153
151,154
151,155
151,156
151,157
151,158
151,159
151,160
151,161
151,162
151,163
151,167
151,168
151,169
151,170
151,171
151,172
151,173
151,174
151,175
151,176
151,180
152,153
152,155
152,156
152,157
152,159
152,160
152,163
152,164
152,165
152,166
152,168
152,169
152,171
152,172
152,173
152,174
153,154
153,155
153,156
153,157
153,158
153,159
153,160
153,162
153,163
153,164
153,165
153,166
153,167
153,169
153,170
153,171
153,172
153,173
153,174
153,175
153,176
154,155
154,156
154,157
154,158
154,160
155,156
155,157
155,158
155,159
155,160
155,161
155,162
155,164
155,166
155,167
155,168
155,169
156,157
156,158
156,159
156,163
156,166
156,167
156,168
156,169
156,171
156,172
156,173
156,174
156,176
156,180
157,160
157,161
157,162
157,163
157,164
157,165
157,166
157,167
157,168
157,169
157,170
157,171
157,172
157,173
157,174
157,175
157,176
157,180
157,189
157,194
158,159
158,160
158,161
158,162
158,163
158,164
158,166
158,167
158,168
158,169
158,170
158,174
158,175
158,176
158,177
158,180
158,184
158,188
158,189
158,194
159,160
159,161
159,162
159,163
159,164
159,165
159,166
159,167
159,168
159,169
159,171
159,172
159,174
159,176
159,177
159,179
159,180
159,188
159,189
159,193
159,199
160,161
161,163
162,163
162,164
162,168
162,169
162,170
162,171
162,172
162,174
162,175
162,176
162,177
162,179
162,181
162,182
162,184
162,193
162,196
162,197
162,198
163,164
163,165
163,167
163,168
163,169
163,172
163,173
163,174
163,179
163,181
164,166
164,167
164,169
164,172
164,173
164,174
164,175
164,176
164,179
164,188
164,189
164,191
164,194
164,196
164,199
165,167
165,169
165,170
165,172
165,173
165,174
165,175
165,176
165,177
165,178
165,180
165,181
165,183
165,184
165,189
165,191
165,193
165,196
165,199
166,167
166,168
166,169
166,170
166,172
166,173
166,174
166,175
166,177
166,179
166,180
166,181
166,183
166,184
166,189
166,191
167,168
167,169
167,171
167,172
167,173
167,175
167,176
167,177
167,178
167,180
167,181
167,183
167,184
167,188
167,189
167,190
167,191
167,196
168,169
168,170
168,171
168,172
168,174
168,176
168,177
168,178
168,179
168,181
168,183
168,184
168,186
169,170
169,171
169,172
169,174
169,175
169,176
169,177
169,178
169,179
169,180
169,181
169,182
169,183
169,184
169,185
169,186
169,187
169,188
169,190
169,191
169,192
169,193
169,196
169,199
170,171
170,172
170,173
170,175
170,176
170,177
170,178
171,172
171,173
171,175
171,176
171,178
171,179
171,180
171,182
171,184
171,186
171,187
171,190
171,191
171,192
171,193
171,194
171,196
172,174
172,175
172,176
172,178
172,179
172,180
172,181
172,182
172,183
172,184
172,185
172,186
172,188
172,189
172,190
173,174
173,176
173,178
173,179
173,180
173,181
173,182
173,184
173,185
173,186
173,187
173,188
173,189
173,190
173,191
173,192
173,193
173,196
174,175
174,176
174,178
174,181
174,182
174,183
174,184
174,185
174,186
174,187
174,188
174,189
174,190
174,191
174,192
174,193
174,194
174,196
174,198
174,199
175,176
175,177
175,182
175,184
175,193
175,197
175,198
176,177
176,179
176,182
176,184
176,193
176,197
176,198
177,178
177,179
177,180
177,181
177,182
177,183
177,184
177,185
177,186
177,188
177,189
177,190
177,191
177,193
177,194
177,197
177,198
178,179
178,180
178,181
179,183
179,184
179,185
179,186
179,187
179,188
179,189
179,190
179,191
179,193
179,194
179,196
179,198
179,199
180,182
180,183
180,184
180,185
180,187
181,182
181,184
181,185
181,187
181,188
181,190
181,191
181,192
181,193
181,194
182,184
182,186
182,187
182,188
182,190
182,191
182,192
182,193
182,194
182,196
182,197
182,198
182,199
183,184
183,186
183,187
183,188
183,191
183,192
183,193
183,194
183,196
183,197
184,185
184,186
184,193
184,197
184,198
185,186
185,187
185,188
185,190
185,192
185,193
185,194
185,195
185,196
185,197
185,198
185,199
186,187
186,188
186,189
186,190
186,191
186,192
186,193
186,195
187,188
187,190
187,191
187,192
187,193
187,195
187,196
188,190
188,191
188,192
188,194
188,196
188,198
189,190
189,191
189,192
189,193
190,191
190,192
190,193
190,194
190,195
190,198
190,199
191,192
191,193
191,195
191,196
191,199
192,193
192,194
192,195
192,198
192,199
193,194
193,195
193,196
193,197
193,198
193,199
194,195
194,196
194,197
194,198
194,199
195,197
196,197
197,198
197,199
198,199
