0,1
0,2
0,3
0,4
0,5
0,6
0,7
0,8
0,9
0,10
0,11
0,12
0,13
0,14
0,15
0,16
0,17
0,18
0,19
0,20
0,21
0,22
0,23
1,2
1,3
1,4
1,5
1,6
1,7
1,8
1,9
1,10
1,11
1,12
1,13
1,14
1,15
1,16
1,17
1,18
1,19
1,20
1,21
1,22
1,23
2,3
2,4
2,5
2,6
2,7
2,8
2,9
2,10
2,11
2,12
2,13
2,14
2,15
2,16
2,17
2,18
2,19
2,20
2,21
2,22
2,23
3,4
3,5
3,6
3,7
3,8
3,9
3,10
3,11
3,12
3,13
3,14
3,15
3,16
3,17
3,18
3,19
3,20
3,21
3,22
3,23
4,5
4,6
4,7
4,8
4,9
4,10
4,11
4,12
4,13
4,14
4,15
4,16
4,17
4,18
4,19
4,20
4,21
4,22
4,23
4,29
4,59
4,67
4,77
4,84
4,90
4,91
4,102
4,111
4,118
4,119
4,134
4,135
4,137
4,154
4,158
4,173
4,184
4,190
4,198
5,6
5,7
5,8
5,9
5,10
5,11
5,12
5,13
5,14
5,15
5,16
5,17
5,18
5,19
5,20
5,21
5,22
5,23
6,7
6,8
6,9
6,10
6,11
6,12
6,13
6,14
6,15
6,16
6,17
6,18
6,19
6,20
6,21
6,22
6,23
7,8
7,9
7,10
7,11
7,12
7,13
7,14
7,15
7,16
7,17
7,18
7,19
7,20
7,21
7,22
7,23
8,9
8,10
8,11
8,12
8,13
8,14
8,15
8,16
8,17
8,18
8,19
8,20
8,21
8,22
8,23
9,10
9,11
9,12
9,13
9,14
9,15
9,16
9,17
9,18
9,19
9,20
9,21
9,22
9,23
10,11
10,12
10,13
10,14
10,15
10,16
10,17
10,18
10,19
10,20
10,21
10,22
10,23
10,29
10,59
10,67
10,77
10,84
10,90
10,91
10,102
10,111
10,118
10,119
10,134
10,135
10,137
10,154
10,158
10,173
10,184
10,190
10,198
11,12
11,13
11,14
11,15
11,16
11,17
11,18
11,19
11,20
11,21
11,22
12,13
12,14
12,15
12,16
12,17
12,18
12,19
12,20
12,21
12,22
12,23
13,14
13,15
13,16
13,17
13,18
13,19
13,20
13,21
13,22
13,23
13,49
13,51
13,52
13,57
13,65
13,66
13,71
13,72
13,82
13,83
13,86
13,91
13,98
13,102
13,128
13,131
14,15
14,16
14,17
14,18
14,19
14,20
14,21
14,22
14,23
14,32
14,41
14,44
14,49
14,50
14,51
14,52
14,53
14,57
14,59
14,61
15,16
15,17
15,18
15,19
15,20
15,21
15,22
15,23
15,30
15,32
15,35
15,36
15,37
15,39
15,41
15,44
15,46
15,49
15,50
15,51
15,52
15,56
15,57
15,59
15,61
15,65
15,66
15,68
16,17
16,18
16,19
16,20
16,21
16,22
16,23
16,29
16,30
16,31
16,32
16,34
16,35
16,36
16,37
16,39
16,41
16,42
16,44
16,45
16,46
16,49
16,50
16,51
17,18
17,19
17,20
17,21
17,22
17,23
18,19
18,20
18,21
18,22
18,23
19,20
19,21
19,22
19,23
19,29
19,59
19,67
19,77
19,84
19,90
19,91
19,102
19,111
19,118
19,119
19,134
19,135
19,137
19,154
19,158
19,173
19,184
19,190
19,198
20,21
20,22
20,23
21,22
21,23
21,31
21,32
21,33
21,34
21,35
21,36
21,37
21,39
21,40
21,41
21,42
21,43
21,44
21,45
21,46
21,48
21,49
22,23
22,28
22,29
22,30
22,31
22,32
22,34
22,35
23,29
23,34
23,35
23,36
23,59
23,67
23,77
23,84
23,90
23,91
23,102
23,111
23,118
23,119
23,134
23,135
23,137
23,154
23,158
23,173
23,184
23,190
23,198
24,30
24,31
24,32
24,33
24,34
24,36
24,37
24,39
24,41
24,42
24,43
24,44
24,45
24,46
24,47
24,48
24,49
24,50
24,52
24,53
24,54
25,29
25,30
25,31
25,32
25,33
25,34
25,35
25,36
25,37
25,39
25,41
25,42
25,43
25,44
25,45
25,47
25,48
25,49
25,50
25,51
25,52
25,53
25,54
25,56
25,57
25,58
25,59
26,28
26,29
26,30
26,31
26,32
26,33
26,34
26,35
26,36
26,37
26,38
27,28
27,29
27,30
27,31
27,32
27,33
28,29
28,30
28,31
28,32
28,33
28,34
28,35
28,36
28,38
28,39
29,30
29,31
29,32
29,33
29,34
29,35
29,36
29,37
29,38
29,39
29,40
29,41
29,42
29,43
29,44
29,45
29,46
29,48
29,49
29,50
29,51
29,52
29,53
29,54
29,55
29,56
29,57
29,58
29,59
29,60
29,62
29,67
29,77
29,84
29,90
29,91
29,102
29,111
29,118
29,119
29,134
29,135
29,137
29,154
29,158
29,173
29,184
29,190
29,198
30,31
30,32
30,33
30,34
30,35
30,36
30,37
30,38
30,39
30,40
30,41
30,42
30,43
30,44
30,45
30,46
30,47
30,48
31,32
31,34
31,35
31,36
31,37
31,38
31,39
31,40
31,41
31,42
31,43
31,44
31,45
31,46
31,47
31,48
31,49
31,50
31,51
31,52
31,53
31,54
31,55
31,56
31,57
31,58
31,59
31,60
32,34
32,35
32,36
32,37
32,39
32,40
32,41
32,42
32,43
32,45
32,46
32,47
32,48
32,49
32,50
32,51
32,52
32,53
32,54
32,55
32,56
32,57
32,58
32,59
32,60
32,61
33,34
33,35
33,36
33,37
33,38
33,39
33,40
33,41
35,36
35,39
35,40
35,41
35,42
36,37
36,38
36,39
36,40
36,41
36,42
36,43
36,45
36,47
37,38
37,39
37,40
37,41
37,42
37,43
37,44
37,45
37,46
37,47
37,48
37,49
37,50
37,51
37,52
37,54
37,55
37,56
37,57
38,39
38,40
38,41
38,42
38,44
38,45
38,46
38,47
38,48
38,49
38,50
38,51
38,52
39,40
39,41
39,42
39,43
39,44
39,45
40,41
40,42
40,43
40,44
40,45
40,46
40,47
40,48
40,49
40,50
40,51
40,52
40,53
40,54
40,55
40,56
40,57
40,59
40,60
40,61
40,62
40,63
40,65
41,42
41,43
41,44
41,45
41,46
41,47
41,48
41,49
41,50
41,51
41,52
41,53
41,54
41,55
41,56
41,58
41,60
41,61
41,62
41,63
41,65
41,67
41,68
41,70
41,71
41,72
41,74
41,80
42,43
42,44
42,45
42,46
42,47
42,48
42,49
42,50
42,51
42,52
42,53
42,54
42,55
42,57
42,58
42,59
42,60
42,61
42,62
42,63
42,65
42,66
42,67
42,68
42,70
42,71
42,72
42,74
42,77
42,80
43,44
43,45
43,46
44,46
44,47
44,48
44,49
44,51
44,52
44,54
44,55
44,56
44,57
44,58
44,59
44,60
44,61
44,62
44,64
44,65
44,66
44,67
44,70
45,46
45,47
45,48
45,49
45,50
45,51
45,52
45,53
45,54
45,55
46,47
46,48
46,49
46,50
47,48
47,49
47,50
47,51
47,53
47,54
47,55
47,56
47,57
47,58
47,59
47,60
47,62
47,63
47,64
47,65
47,67
47,68
47,71
47,73
47,74
47,75
47,76
47,77
47,78
47,80
47,82
47,83
47,86
47,90
48,49
48,50
48,51
48,52
48,53
48,55
48,56
48,59
48,60
48,61
48,62
48,63
48,64
48,65
48,66
48,67
48,68
48,69
48,70
48,71
48,72
48,73
48,74
48,75
48,76
48,77
48,78
48,80
48,81
48,82
48,83
48,86
49,50
49,51
49,52
49,53
49,54
49,55
49,56
50,52
50,53
50,55
50,56
50,57
50,58
50,59
50,60
50,61
50,62
50,63
50,64
50,65
50,66
51,52
52,53
52,54
52,55
52,56
52,57
52,58
52,59
52,60
52,61
52,62
52,63
52,64
52,65
52,67
52,68
52,70
52,71
52,72
52,74
52,75
52,77
52,78
52,79
52,80
52,81
52,83
52,85
52,90
52,94
52,98
52,101
52,106
52,109
52,130
52,133
52,137
52,146
52,161
52,171
53,55
53,56
53,57
53,58
53,59
53,60
53,61
53,62
53,63
53,64
54,56
54,57
54,58
54,59
54,60
54,61
54,62
54,64
54,65
54,66
54,67
54,68
54,69
54,70
54,71
54,72
54,73
54,74
54,76
54,77
54,78
54,79
54,80
54,81
54,82
54,83
55,57
55,58
56,57
56,58
56,59
56,60
56,61
56,62
56,63
56,64
56,66
56,67
57,58
57,59
57,60
57,62
57,63
57,64
57,65
57,66
57,67
57,68
57,69
57,70
57,72
57,73
57,74
57,75
57,76
57,77
57,78
57,79
57,80
57,81
57,82
57,83
57,84
57,85
57,86
57,87
57,88
57,90
57,98
57,100
57,101
57,106
57,109
57,110
57,120
57,122
58,59
58,60
58,61
58,62
58,63
58,64
58,65
58,66
58,67
58,68
58,69
58,70
58,72
58,73
58,74
58,75
58,76
58,77
58,78
58,79
58,80
58,81
58,82
58,83
58,84
58,86
58,87
58,88
58,90
58,91
59,67
59,77
59,84
59,90
59,91
59,102
59,111
59,118
59,119
59,134
59,135
59,137
59,154
59,158
59,173
59,184
59,190
59,198
60,62
60,63
60,64
60,65
60,66
60,67
60,68
60,69
60,70
60,71
60,72
60,73
61,62
61,63
61,64
61,66
61,67
61,68
61,69
61,70
61,71
61,72
61,73
61,74
61,75
61,77
61,78
61,79
61,81
61,82
61,83
61,85
61,86
62,63
62,64
62,65
62,66
62,67
62,68
62,69
62,70
62,71
62,72
62,73
62,74
63,64
63,65
63,66
63,67
63,68
63,69
63,70
63,71
63,72
63,73
63,74
63,75
64,65
64,66
64,67
64,68
64,69
64,71
65,66
65,67
65,68
65,69
65,70
65,71
65,72
65,73
65,74
65,75
65,76
65,77
65,78
66,67
66,68
66,69
66,70
66,71
66,72
66,73
66,74
66,75
66,76
66,77
66,78
66,79
66,80
66,81
66,82
66,83
66,84
66,85
66,86
66,87
66,95
66,96
66,97
66,98
67,68
67,69
67,70
67,71
67,72
67,73
67,74
67,75
67,76
67,77
67,84
67,90
67,91
67,102
67,111
67,118
67,119
67,134
67,135
67,137
67,154
67,158
67,173
67,184
67,190
67,198
68,69
68,70
68,71
68,72
68,73
68,74
68,75
68,76
68,77
68,78
68,79
68,80
68,81
68,82
68,84
68,85
68,86
68,88
68,90
68,94
68,95
68,97
68,98
68,101
68,103
68,113
68,114
68,117
68,119
68,130
68,133
68,137
68,141
68,146
68,147
68,148
70,71
70,72
70,73
70,74
70,76
70,77
70,78
70,80
70,81
70,82
71,72
71,73
71,74
71,75
71,76
71,77
71,78
71,79
71,80
71,81
72,73
72,74
72,75
72,76
72,77
72,78
72,79
72,80
72,81
72,82
72,83
72,85
72,86
72,87
72,88
72,89
72,90
72,91
72,94
72,96
72,97
72,98
72,99
72,100
72,101
72,102
72,103
72,104
72,109
72,110
72,113
72,114
72,116
72,117
72,118
72,122
72,124
72,126
72,129
72,130
72,137
72,141
73,74
73,75
73,76
73,77
73,78
74,77
74,78
74,79
74,81
74,82
74,83
74,85
74,86
74,87
74,88
74,89
74,90
74,91
74,94
74,95
74,97
74,99
74,100
74,101
74,103
74,104
74,105
74,106
74,107
74,108
74,109
74,110
74,111
74,113
74,114
75,76
75,77
75,78
75,79
75,80
75,81
75,82
75,83
75,84
75,85
75,86
75,87
75,88
75,89
75,90
75,91
75,92
75,94
75,95
75,96
75,97
75,98
75,99
75,100
75,101
75,102
75,103
75,104
75,105
75,106
75,107
75,108
75,109
75,110
75,111
76,77
76,78
76,79
76,80
76,81
76,82
76,83
76,84
76,85
76,86
76,87
76,88
76,89
76,90
77,78
77,79
77,80
77,81
77,82
77,83
77,84
77,85
77,86
77,87
77,88
77,89
77,90
77,91
77,102
77,111
77,118
77,119
77,134
77,135
77,137
77,154
77,158
77,173
77,184
77,190
77,198
78,79
78,80
78,81
78,82
78,83
78,84
78,85
78,86
78,87
78,88
78,89
78,90
78,91
78,92
78,94
78,95
78,96
78,97
78,98
78,99
78,100
78,101
78,103
78,104
78,105
78,108
78,109
78,110
79,80
79,81
79,82
79,83
79,84
79,85
79,86
79,87
79,88
79,89
79,90
79,91
79,92
79,94
79,95
79,96
79,98
79,99
79,100
79,102
79,103
79,104
80,81
80,82
80,83
80,84
80,86
80,87
80,88
80,89
80,90
80,91
80,92
80,94
80,95
80,96
80,97
80,98
80,99
80,100
80,101
80,102
80,103
81,82
81,83
81,84
81,85
81,86
81,88
81,90
81,91
81,92
81,93
81,94
81,95
81,96
81,97
82,83
82,84
82,85
82,86
82,87
82,88
83,84
83,85
83,86
83,87
83,88
83,90
83,91
83,92
83,93
83,94
84,85
84,90
84,91
84,102
84,111
84,118
84,119
84,134
84,135
84,137
84,154
84,158
84,173
84,184
84,190
84,198
85,86
85,87
85,88
85,89
85,90
85,91
85,92
85,93
85,94
85,95
85,96
85,97
85,98
85,99
85,100
85,101
85,102
85,103
85,105
85,106
85,107
85,109
85,110
85,111
85,113
85,114
85,115
85,116
85,117
85,118
85,119
85,120
86,87
86,88
86,89
86,90
86,91
86,92
86,93
86,94
86,95
86,96
86,97
86,98
86,99
86,100
86,101
86,102
86,103
86,105
86,106
86,107
86,108
86,109
86,110
86,111
86,112
86,113
86,114
86,115
86,116
86,117
86,118
86,119
86,120
86,122
86,124
86,125
86,126
86,128
86,131
86,134
86,137
86,138
86,139
86,141
86,146
86,147
86,158
87,88
87,89
88,89
88,90
88,91
88,92
88,93
89,90
89,91
89,92
89,94
89,95
89,96
90,91
90,92
90,93
90,94
90,95
90,96
90,97
90,98
90,99
90,100
90,101
90,102
90,103
90,104
90,105
90,106
90,107
90,108
90,109
90,110
90,111
90,118
90,119
90,134
90,135
90,137
90,154
90,158
90,173
90,184
90,190
90,198
91,93
91,94
91,95
91,96
91,97
91,98
91,99
91,100
91,101
91,102
91,103
91,104
91,105
91,106
91,107
91,108
91,109
91,110
91,111
91,112
91,113
91,115
91,116
91,117
91,118
91,119
91,122
91,123
91,125
91,127
91,128
91,134
91,135
91,137
91,154
91,158
91,173
91,184
91,190
91,198
92,93
92,94
92,95
92,96
92,97
92,98
92,99
92,100
92,101
92,102
92,103
92,104
92,105
92,106
92,107
92,108
92,109
92,110
92,112
92,114
92,115
92,116
92,117
92,118
93,94
93,95
93,96
93,97
93,98
93,99
93,100
94,95
94,96
94,97
94,98
95,96
95,97
95,98
95,99
95,100
95,101
95,102
95,103
95,104
95,105
95,106
95,107
95,108
95,109
95,111
95,112
95,113
95,115
95,116
95,117
96,97
96,98
96,99
96,100
96,102
96,103
96,104
96,105
96,106
97,98
97,99
97,100
97,101
97,102
97,103
97,104
97,105
98,99
98,100
98,101
98,102
98,103
98,104
98,105
98,106
98,107
98,108
98,109
98,110
98,112
98,113
98,114
98,115
98,116
98,117
98,118
98,120
98,122
98,123
98,124
98,125
98,126
98,127
98,128
98,129
98,130
98,132
98,133
98,134
98,137
98,138
98,144
98,146
98,148
98,163
98,172
99,100
99,101
100,101
100,103
100,104
100,105
100,106
100,107
100,108
100,109
100,110
100,111
100,112
100,113
100,114
100,115
100,116
100,117
100,118
100,119
100,120
100,122
100,123
100,124
100,125
101,102
101,103
101,104
101,105
101,106
101,107
101,108
101,109
101,110
101,111
101,112
101,113
101,114
101,115
101,116
101,117
101,118
101,119
101,120
101,121
101,122
101,123
101,124
101,125
101,126
101,127
101,130
101,131
101,132
101,134
102,103
102,104
102,105
102,106
102,107
102,109
102,110
102,111
102,112
102,113
102,114
102,115
102,116
102,117
102,118
102,119
102,134
102,135
102,137
102,154
102,158
102,173
102,184
102,190
102,198
103,104
103,105
103,106
103,107
103,108
104,106
104,108
104,109
104,110
104,111
104,112
104,113
104,114
104,115
104,116
104,117
104,118
104,119
104,120
104,121
104,122
104,124
104,125
104,127
105,106
105,107
105,108
105,109
105,110
105,111
105,112
105,113
105,114
105,115
105,118
105,119
105,120
105,121
105,122
105,123
105,124
105,125
105,126
105,129
105,130
105,131
105,132
105,133
105,134
105,135
105,136
105,137
105,138
105,142
105,144
105,145
105,146
105,147
105,150
105,151
106,107
107,108
107,109
107,110
107,111
107,113
107,114
107,115
107,116
107,118
107,119
107,120
107,121
107,123
107,124
107,125
107,127
107,128
107,129
107,130
107,131
107,132
107,133
107,134
107,135
107,136
107,137
107,140
107,142
107,143
107,144
107,145
107,146
107,147
107,149
107,150
107,151
107,152
109,110
109,111
109,112
109,113
109,114
109,115
109,116
109,117
109,118
109,119
109,120
109,121
109,122
109,123
109,124
109,125
109,126
109,127
109,128
109,129
109,130
109,131
109,133
109,134
109,135
109,136
109,137
110,111
110,112
110,113
110,114
110,115
111,112
111,118
111,119
111,134
111,135
111,137
111,154
111,158
111,173
111,184
111,190
111,198
112,113
112,114
112,115
112,116
112,117
112,118
112,119
112,120
112,121
112,122
112,123
113,115
113,116
113,117
113,119
114,115
114,116
114,117
114,118
114,119
114,120
114,122
114,123
114,125
114,126
114,127
114,128
114,129
114,132
115,116
116,117
116,118
116,119
116,120
116,121
116,122
116,123
116,124
116,125
116,126
116,127
116,128
117,118
117,119
117,120
117,121
117,122
117,123
117,124
117,125
117,126
117,127
117,128
117,129
117,131
118,119
118,120
118,121
118,122
118,123
118,124
118,125
118,126
118,127
118,128
118,129
118,130
118,131
118,134
118,135
118,137
118,154
118,158
118,173
118,184
118,190
118,198
119,120
119,121
119,122
119,123
119,124
119,125
119,126
119,127
119,128
119,129
119,131
119,132
119,133
119,134
119,135
119,136
119,137
119,139
119,140
119,142
119,154
119,158
119,173
119,184
119,190
119,198
120,121
120,122
120,123
120,124
120,125
120,126
120,127
120,128
120,129
120,130
120,131
120,132
120,134
120,136
120,137
120,138
120,139
120,140
120,141
120,142
120,143
120,144
120,145
120,147
120,149
120,150
120,151
120,154
120,158
120,161
121,122
121,123
121,124
121,125
121,126
122,123
122,124
123,124
123,125
123,126
123,128
123,130
123,131
123,132
123,133
123,134
123,135
123,136
123,137
123,138
123,139
123,140
123,142
123,144
123,145
123,147
123,148
123,149
123,150
123,151
123,152
123,154
123,155
123,158
123,161
123,162
124,125
124,127
124,128
124,129
124,130
124,131
124,132
124,133
124,134
124,135
124,137
124,138
124,139
124,140
124,142
124,143
124,144
124,147
124,148
124,149
124,150
124,151
124,152
124,154
125,126
125,127
125,128
125,129
125,130
125,131
125,132
125,133
125,134
125,135
125,136
125,137
125,139
125,140
125,141
125,142
125,143
125,144
125,145
125,146
125,147
125,148
126,127
126,128
126,129
126,130
126,131
126,132
126,133
126,134
126,135
127,128
127,129
127,130
127,131
127,132
127,133
127,134
127,135
127,136
127,137
127,138
127,139
127,140
127,141
127,142
127,143
127,144
127,145
127,146
127,147
127,148
127,149
127,150
127,151
127,152
127,154
127,155
127,157
127,158
127,160
127,161
127,162
127,167
127,169
128,130
128,131
128,132
128,133
128,134
128,135
128,136
128,137
128,138
128,139
128,140
128,141
128,142
128,143
128,144
130,131
130,133
130,134
130,135
130,137
130,138
130,139
130,140
130,141
130,142
130,144
130,145
130,146
130,147
130,148
130,149
130,150
130,151
130,153
130,154
130,155
130,157
130,158
130,160
130,161
130,162
130,163
130,167
130,168
130,169
130,172
130,178
131,132
131,133
131,134
131,135
131,136
131,137
131,138
131,139
131,140
131,141
131,142
132,133
132,134
132,135
132,136
132,137
132,138
132,139
132,140
132,141
132,142
132,143
132,144
132,146
133,134
133,135
133,136
133,137
133,138
134,135
134,136
134,137
134,138
134,139
134,140
134,141
134,142
134,143
134,144
134,145
134,146
134,147
134,149
134,150
134,151
134,152
134,153
134,154
134,155
134,156
134,157
134,158
134,159
134,160
134,161
134,162
134,163
134,166
134,167
134,169
134,171
134,172
134,173
134,174
134,184
134,186
134,190
134,198
135,136
135,137
135,138
135,139
135,154
135,158
135,173
135,184
135,190
135,198
136,137
136,138
136,139
136,140
136,141
136,142
136,143
137,138
137,139
137,140
137,141
137,142
137,143
137,144
137,145
137,146
137,147
137,148
137,149
137,150
137,151
137,153
137,154
137,155
137,156
137,157
137,158
137,160
137,161
137,162
137,163
137,164
137,166
137,167
137,168
137,169
137,172
137,173
137,174
137,184
137,190
137,193
137,198
138,139
138,140
138,141
138,142
138,143
138,144
138,145
138,146
138,147
138,148
138,149
138,150
138,151
138,152
138,153
138,154
138,155
138,156
138,157
138,158
138,159
138,160
138,161
138,162
138,163
138,164
138,165
138,166
138,167
138,168
138,169
138,171
138,172
138,174
138,176
138,178
138,179
139,140
140,141
140,142
140,143
140,144
140,145
140,146
140,147
140,148
140,149
141,142
141,143
141,144
141,145
141,146
141,148
141,149
141,150
141,151
141,152
141,153
141,154
141,155
141,156
141,157
141,158
141,159
141,161
141,162
141,163
141,164
141,165
141,166
141,167
141,168
141,169
141,171
141,172
141,174
141,176
141,177
141,178
141,179
141,182
141,186
141,187
141,193
142,143
142,144
142,145
142,146
142,147
142,148
142,149
142,150
143,144
143,145
143,146
143,147
143,148
143,149
143,151
143,152
143,154
143,155
143,156
143,157
143,158
143,159
143,160
143,161
143,162
143,163
143,165
143,166
143,168
143,169
144,145
144,146
144,147
145,147
145,148
145,149
145,150
145,151
145,152
145,153
145,154
145,155
145,156
145,157
145,158
145,159
145,160
145,161
145,162
145,163
145,164
145,165
145,166
145,167
146,147
146,148
146,149
146,150
146,151
146,152
146,153
146,154
146,155
146,156
146,157
146,158
146,159
146,160
146,161
146,162
146,163
146,164
146,165
146,166
146,167
146,168
146,169
146,170
146,172
146,174
146,176
146,177
146,178
146,179
147,149
147,150
147,151
147,152
147,153
147,155
147,156
147,157
147,158
147,159
147,160
147,161
148,149
148,150
148,151
148,152
148,153
148,154
148,155
148,156
148,157
148,158
148,159
148,160
148,161
148,162
148,163
149,150
149,151
149,152
149,153
150,151
151,153
151,154
151,155
151,156
152,154
152,155
152,156
152,157
152,158
152,159
152,160
152,164
152,165
152,166
152,167
152,168
152,169
152,170
152,173
152,174
152,175
152,176
152,177
152,178
152,179
153,154
153,155
153,156
153,157
153,158
153,159
153,160
153,161
153,163
153,164
153,165
153,166
153,167
153,168
153,169
153,171
153,172
153,173
153,174
153,175
153,176
153,177
154,155
154,156
154,157
154,158
154,160
154,161
154,162
154,163
154,164
154,165
154,166
154,167
154,173
154,184
154,190
154,198
155,156
155,157
155,158
156,157
156,158
156,159
156,160
156,161
156,162
156,164
156,165
156,166
157,158
157,159
157,160
157,161
157,163
157,164
157,165
157,166
157,167
157,168
157,169
157,171
157,173
157,174
157,175
158,159
158,160
158,161
158,162
158,163
158,164
158,165
158,166
158,167
158,168
158,169
158,170
158,173
158,174
158,175
158,176
158,177
158,178
158,179
158,180
158,184
158,186
158,187
158,190
158,193
158,197
158,198
159,160
160,161
160,162
160,163
160,164
160,165
160,166
160,167
160,168
160,169
160,170
160,171
160,172
160,173
160,174
160,175
160,176
160,177
160,178
160,180
160,185
160,186
160,187
160,190
161,162
161,163
161,164
161,165
161,166
161,167
161,168
161,169
161,170
161,171
161,172
161,173
161,174
161,175
161,176
161,177
161,178
161,180
161,182
161,183
161,185
162,163
162,164
162,165
162,166
162,167
162,168
162,169
162,170
162,171
162,172
162,173
162,174
162,175
162,176
162,177
162,179
162,180
162,182
162,183
162,185
162,186
162,187
162,188
162,189
162,190
162,192
162,193
163,164
164,165
164,167
164,168
164,169
164,170
164,171
164,172
164,173
164,174
164,175
164,176
164,177
164,178
164,180
164,182
164,183
164,185
164,186
164,187
164,188
164,189
164,190
164,192
164,193
164,197
165,166
165,167
165,168
165,169
165,170
165,171
165,172
165,174
165,175
165,176
165,177
165,179
165,180
165,181
165,182
165,185
165,186
165,187
165,188
165,189
165,190
165,192
165,193
165,196
165,197
166,167
166,168
166,169
166,170
166,171
166,172
166,173
166,174
166,175
166,176
166,177
166,178
166,179
166,180
166,181
166,182
166,183
166,185
166,186
166,187
166,188
166,189
166,190
166,192
166,193
166,195
166,196
166,197
166,199
167,168
167,169
168,169
168,170
168,171
169,170
169,171
169,172
169,173
169,174
169,175
169,176
169,177
169,178
170,171
170,172
170,173
170,174
170,175
170,176
170,177
170,178
170,179
170,180
170,181
170,182
170,183
170,184
170,185
170,187
170,188
170,189
170,190
171,172
171,173
171,174
171,175
171,176
171,177
171,178
171,179
171,180
171,181
171,182
171,183
171,184
171,185
171,188
171,189
171,190
171,191
171,192
172,175
172,176
173,174
173,175
173,176
173,177
173,178
173,184
173,190
173,198
174,175
174,176
174,177
174,178
174,179
174,180
174,181
174,182
174,183
174,184
174,185
174,186
174,187
174,188
174,190
174,191
174,192
174,193
174,194
174,195
174,196
174,197
174,199
175,177
175,178
175,179
175,180
175,181
175,182
176,177
176,178
176,179
176,180
176,181
176,183
177,178
177,179
177,180
177,181
177,182
177,184
177,185
177,186
177,187
177,188
177,189
177,190
177,191
177,192
177,193
177,194
177,195
177,197
177,198
177,199
178,179
178,180
178,181
178,182
178,183
178,184
179,180
179,181
179,182
179,183
179,184
179,185
179,186
179,187
179,188
179,189
179,190
179,191
179,192
179,193
179,194
179,195
179,196
179,197
180,181
180,182
180,183
180,184
180,185
180,186
180,187
180,188
180,189
180,190
180,191
180,192
180,193
180,194
180,195
180,196
180,197
180,198
180,199
181,182
181,183
181,184
181,186
181,187
181,188
181,189
182,183
182,184
182,185
182,186
182,187
182,188
182,189
182,190
182,191
182,193
182,194
182,195
182,196
182,197
182,198
182,199
183,184
183,186
184,185
184,186
184,187
184,188
184,190
184,191
184,192
184,193
184,194
184,198
185,186
185,187
185,188
185,189
185,190
185,191
185,192
185,193
185,195
185,196
185,197
185,198
185,199
186,187
186,188
186,189
186,190
186,191
186,192
186,193
186,194
186,195
186,196
186,197
186,198
186,199
187,188
187,189
187,190
187,191
187,192
187,194
187,195
187,198
187,199
189,190
189,191
189,192
189,193
189,194
190,191
190,192
190,193
190,194
190,195
190,196
190,197
190,198
190,199
191,192
191,193
191,194
191,195
191,196
191,197
191,198
191,199
192,193
192,194
192,195
192,196
192,197
193,194
193,195
193,196
193,197
193,198
193,199
194,195
194,196
194,197
194,198
194,199
195,196
195,197
195,198
195,199
196,197
196,198
196,199
197,198
197,199
198,199
