0,1
0,2
0,3
0,4
0,5
0,6
0,7
0,8
0,9
0,10
0,11
0,12
0,13
0,14
0,15
0,16
0,17
0,18
0,19
0,20
0,21
0,22
0,23
0,24
0,25
0,26
0,27
0,28
0,29
0,30
0,31
0,32
1,2
1,3
1,4
1,5
1,6
1,7
1,8
1,9
1,10
1,11
1,12
1,13
1,14
1,15
1,16
1,17
1,18
1,19
1,20
1,21
1,22
1,23
1,24
1,25
1,26
1,27
1,28
1,29
1,30
1,31
1,32
1,43
1,54
1,63
1,72
1,73
1,81
1,97
1,107
1,114
1,119
1,123
1,126
1,135
1,137
1,139
1,143
1,146
1,159
1,163
1,165
1,169
1,170
1,176
1,178
1,182
1,188
1,190
1,192
1,199
2,3
2,4
2,5
2,6
2,7
2,8
2,9
2,10
2,11
2,12
2,13
2,14
2,15
2,16
2,17
2,18
2,19
2,20
2,21
2,22
2,23
2,24
2,25
2,26
2,27
2,28
2,29
2,30
2,31
2,32
3,4
3,5
3,6
3,7
3,8
3,9
3,10
3,11
3,12
3,13
3,14
3,15
3,16
3,17
3,18
3,19
3,20
3,21
3,22
3,23
3,24
3,25
3,26
3,27
3,28
3,29
3,30
3,31
3,32
4,5
4,6
4,7
4,8
4,9
4,10
4,11
4,12
4,13
4,14
4,15
4,16
4,17
4,18
4,19
4,20
4,21
4,22
4,23
4,24
4,25
4,26
4,27
4,28
4,29
4,30
4,31
4,32
5,6
5,7
5,8
5,9
5,10
5,11
5,12
5,13
5,14
5,15
5,16
5,17
5,18
5,19
5,20
5,21
5,22
5,23
5,24
5,25
5,26
5,27
5,28
5,29
5,30
5,31
5,32
6,7
6,8
6,9
6,10
6,11
6,12
6,13
6,14
6,15
6,16
6,17
6,18
6,19
6,20
6,21
6,22
6,23
6,24
6,25
6,26
6,27
6,28
6,29
6,30
6,31
6,32
7,8
7,9
7,10
7,11
7,12
7,13
7,14
7,15
7,16
7,17
7,18
7,19
7,20
7,21
7,22
7,23
7,24
7,25
7,26
7,27
7,28
7,29
7,30
7,31
7,32
8,9
8,10
8,11
8,12
8,13
8,14
8,15
8,16
8,17
8,18
8,19
8,20
8,21
8,22
8,23
8,24
8,25
8,26
8,27
8,28
8,29
8,30
8,31
8,32
8,43
8,54
8,63
8,72
8,73
8,81
8,97
8,107
8,114
8,119
8,123
8,126
8,135
8,137
8,139
8,143
8,146
8,159
8,163
8,165
8,169
8,170
8,176
8,178
8,182
8,188
8,190
8,192
8,199
9,10
9,11
9,12
9,13
9,14
9,15
9,16
9,17
9,18
9,19
9,20
9,21
9,22
9,23
9,24
9,25
9,26
9,27
9,28
9,29
9,30
9,31
9,32
10,11
10,12
10,13
10,14
10,15
10,16
10,17
10,18
10,19
10,20
10,21
10,22
10,23
10,24
10,25
10,26
10,27
10,28
10,29
10,30
10,31
10,32
10,43
10,54
10,63
10,72
10,73
10,81
10,97
10,107
10,114
10,119
10,123
10,126
10,135
10,137
10,139
10,143
10,146
10,159
10,163
10,165
10,169
10,170
10,176
10,178
10,182
10,188
10,190
10,192
10,199
11,12
11,13
11,14
11,15
11,16
11,17
11,18
11,19
11,20
11,21
11,22
11,23
11,24
11,25
11,26
11,27
11,28
11,29
11,30
11,31
11,32
12,13
12,14
12,15
12,16
12,17
12,18
12,19
12,20
12,21
12,22
12,23
12,24
12,25
12,26
12,27
12,28
12,29
12,30
12,31
12,32
13,14
13,15
13,16
13,17
13,18
13,19
13,20
13,21
13,22
13,23
13,24
13,25
13,26
13,27
13,28
13,29
13,30
13,31
13,32
14,15
14,16
14,17
14,18
14,19
14,20
14,21
14,22
14,23
14,24
14,25
14,26
14,27
14,28
14,29
14,30
14,31
14,32
15,16
15,17
15,18
15,19
15,20
15,21
15,22
15,23
15,24
15,25
15,26
15,27
15,28
15,29
15,30
15,31
15,32
16,17
16,18
16,19
16,20
16,21
16,22
16,23
16,24
16,25
16,26
16,27
16,28
16,29
16,30
16,31
16,32
17,18
17,19
17,20
17,21
17,22
17,23
17,24
17,25
17,26
17,27
17,28
17,29
17,30
17,31
17,32
18,19
18,20
18,21
18,22
18,23
18,24
18,25
18,26
18,27
18,28
18,29
18,30
18,31
18,32
19,20
19,21
19,22
19,23
19,24
19,25
19,26
19,27
19,28
19,29
19,30
19,31
20,21
20,22
20,23
20,24
20,25
20,26
20,27
20,28
20,29
20,30
20,31
20,32
21,22
21,23
21,24
21,25
21,26
21,27
21,28
21,29
21,30
21,31
21,32
21,43
21,54
21,63
21,72
21,73
21,81
21,97
21,107
21,114
21,119
21,123
21,126
21,135
21,137
21,139
21,143
21,146
21,159
21,163
21,165
21,169
21,170
21,176
21,178
21,182
21,188
21,190
21,192
21,199
22,23
22,24
22,25
22,26
22,27
22,28
22,29
22,30
22,31
22,32
23,24
23,25
23,26
23,27
23,28
23,29
23,30
23,31
23,32
24,25
24,26
24,27
24,28
24,29
24,30
24,31
24,32
25,26
25,27
25,28
25,29
25,30
25,31
25,32
26,27
26,28
26,29
26,30
26,31
26,32
27,28
27,29
27,30
27,31
27,32
28,29
28,30
28,31
28,32
29,30
29,31
29,32
30,31
30,32
31,32
40,49
40,52
40,53
40,54
40,56
40,57
40,58
40,59
40,67
40,69
40,71
42,46
42,47
42,48
42,52
42,53
42,54
42,56
42,58
42,59
42,60
42,61
42,62
42,63
42,64
42,65
42,67
42,69
42,70
42,71
42,73
42,75
42,77
42,86
42,99
43,44
43,45
43,46
43,47
43,48
43,49
43,52
43,53
43,54
43,56
43,57
43,58
43,59
43,63
43,72
43,73
43,81
43,97
43,107
43,114
43,119
43,123
43,126
43,135
43,137
43,139
43,143
43,146
43,159
43,163
43,165
43,169
43,170
43,176
43,178
43,182
43,188
43,190
43,192
43,199
44,45
44,46
44,47
44,48
44,49
44,50
44,51
44,52
44,54
44,56
44,57
44,58
44,59
44,60
44,63
44,64
44,65
44,66
44,67
44,69
44,70
44,71
44,73
44,75
44,77
44,85
44,86
45,46
45,47
45,48
45,51
45,52
45,53
45,55
45,56
45,57
45,58
45,59
45,60
45,62
45,63
45,64
45,65
46,47
46,48
46,49
46,50
46,51
46,52
46,53
46,54
46,55
46,56
46,57
46,58
46,59
46,60
46,62
46,64
46,65
46,66
46,70
46,71
46,74
46,75
46,76
46,77
46,82
47,48
47,49
47,50
47,51
47,52
47,53
47,54
47,55
47,56
47,60
47,61
47,62
47,63
47,64
47,65
47,66
47,67
47,70
47,71
47,73
47,74
47,75
48,49
48,50
48,51
49,50
49,51
49,53
49,54
49,56
49,57
49,58
49,59
49,60
49,61
49,63
49,64
49,65
49,66
49,67
49,69
49,70
49,71
50,51
50,52
50,53
50,54
50,55
50,58
50,59
50,60
50,61
50,63
50,64
50,65
50,66
50,67
50,69
50,70
50,71
50,75
50,76
50,77
50,81
50,82
50,83
50,88
50,97
51,54
51,55
51,60
51,61
51,62
51,64
51,65
51,66
51,67
51,69
51,70
51,71
51,73
51,74
51,75
51,76
51,77
51,78
51,81
51,82
51,85
51,86
51,89
51,94
51,96
51,97
51,98
51,99
51,106
52,53
52,54
52,55
53,55
53,56
53,57
53,58
53,59
53,60
53,61
53,63
53,64
53,66
53,67
53,68
53,70
53,71
53,73
53,74
53,75
53,76
53,78
53,79
53,81
53,82
53,83
53,85
53,88
53,89
53,90
53,94
53,96
53,97
53,98
53,99
53,106
53,110
53,115
53,119
54,55
54,57
54,59
54,60
54,61
54,62
54,63
54,64
54,65
54,66
54,68
54,69
54,70
54,71
54,72
54,73
54,74
54,75
54,76
54,77
54,78
54,79
54,80
54,81
54,82
54,83
54,84
54,89
54,90
54,94
54,96
54,97
54,98
54,99
54,100
54,105
54,106
54,107
54,110
54,114
54,115
54,119
54,123
54,126
54,135
54,137
54,139
54,143
54,146
54,159
54,163
54,165
54,169
54,170
54,176
54,178
54,182
54,188
54,190
54,192
54,199
56,58
56,59
56,60
56,61
56,62
56,63
56,64
56,65
56,66
56,67
56,68
56,69
56,70
56,71
56,73
56,74
56,75
56,77
56,78
56,79
56,80
56,81
56,83
56,85
56,86
56,88
56,89
56,90
56,91
56,94
56,96
56,97
56,98
56,99
56,100
56,105
56,108
56,110
56,111
56,115
57,58
57,59
57,60
57,61
58,59
58,60
58,61
58,62
58,63
58,64
58,65
58,66
58,67
58,68
58,69
59,60
59,61
59,62
59,63
59,65
59,66
59,67
59,68
59,69
59,71
59,72
59,73
59,75
59,76
59,77
59,78
60,62
60,63
60,65
60,66
60,68
60,69
60,71
60,73
60,74
60,75
60,78
60,79
60,82
60,83
60,88
60,89
60,90
60,96
60,97
60,99
60,100
60,102
60,103
60,104
60,105
60,106
60,108
60,109
60,111
60,115
60,119
60,147
61,64
61,65
61,66
61,67
61,68
61,69
61,70
61,71
61,72
62,63
63,65
63,66
63,69
63,72
63,73
63,74
63,75
63,76
63,77
63,78
63,80
63,81
63,97
63,107
63,114
63,119
63,123
63,126
63,135
63,137
63,139
63,143
63,146
63,159
63,163
63,165
63,169
63,170
63,176
63,178
63,182
63,188
63,190
63,192
63,199
64,66
64,67
64,68
64,69
64,70
64,71
64,73
64,74
64,75
64,78
64,79
64,80
64,82
64,83
64,84
64,85
64,88
64,91
64,93
64,97
64,99
64,100
65,66
65,67
65,68
65,69
66,67
66,69
66,70
66,71
67,68
68,69
68,70
68,71
68,72
68,73
68,74
68,75
69,70
69,71
69,72
69,73
69,74
69,75
69,76
69,77
69,78
69,79
69,80
69,81
69,83
69,85
69,88
69,93
69,97
69,98
69,100
69,116
69,119
70,71
70,72
70,73
70,75
70,76
70,77
70,78
70,79
70,80
70,81
70,82
70,83
70,84
70,85
70,86
71,72
71,73
71,74
71,76
71,77
71,78
71,79
71,80
71,81
71,82
71,83
71,84
71,85
71,86
71,88
71,90
71,91
71,93
72,73
72,74
72,75
72,76
72,77
72,78
72,79
72,81
72,82
72,83
72,84
72,85
72,97
72,107
72,114
72,119
72,123
72,126
72,135
72,137
72,139
72,143
72,146
72,159
72,163
72,165
72,169
72,170
72,176
72,178
72,182
72,188
72,190
72,192
72,199
73,74
73,75
73,76
73,77
73,78
73,79
73,80
73,81
73,82
73,83
73,84
73,85
73,86
73,87
73,88
73,90
73,92
73,93
73,94
73,96
73,97
73,98
73,99
73,100
73,101
73,107
73,114
73,119
73,123
73,126
73,135
73,137
73,139
73,143
73,146
73,159
73,163
73,165
73,169
73,170
73,176
73,178
73,182
73,188
73,190
73,192
73,199
74,75
74,77
74,79
74,80
74,81
74,82
74,83
74,84
74,85
74,86
74,87
74,88
74,89
74,90
74,92
74,93
74,94
74,95
74,96
74,97
74,98
74,99
74,100
74,101
74,103
74,106
74,107
75,76
75,77
75,78
75,79
75,80
75,81
75,82
75,83
75,84
75,85
75,86
75,87
75,88
75,89
75,90
75,91
75,92
75,93
75,95
75,96
75,97
75,98
75,99
75,100
75,101
75,102
75,103
75,104
75,105
75,106
75,107
75,108
75,109
75,120
75,121
75,123
75,124
76,77
76,78
76,80
76,81
76,82
76,83
76,84
76,85
76,86
76,87
76,88
76,90
76,92
76,93
76,94
76,95
76,96
76,98
76,99
76,100
76,102
76,103
76,104
76,105
76,106
76,107
76,108
76,109
76,110
76,111
76,114
77,78
77,80
77,81
77,82
77,83
77,84
77,86
77,87
77,88
77,90
78,79
79,80
79,82
79,84
79,85
79,87
79,88
79,90
79,91
79,92
79,95
79,97
79,98
79,99
79,100
79,101
79,102
79,103
79,105
79,106
80,81
80,82
80,83
80,84
80,85
80,87
81,97
81,107
81,114
81,119
81,123
81,126
81,135
81,137
81,139
81,143
81,146
81,159
81,163
81,165
81,169
81,170
81,176
81,178
81,182
81,188
81,190
81,192
81,199
82,83
82,85
82,86
82,88
82,90
82,92
82,93
82,94
82,95
82,96
82,97
82,98
82,99
82,100
82,101
82,102
82,103
82,104
82,105
82,107
82,109
82,110
82,111
82,114
82,123
82,124
83,84
83,85
83,86
83,87
83,88
83,89
83,90
83,91
84,85
84,86
84,87
84,88
84,89
84,90
84,91
84,92
85,87
85,88
85,89
85,90
85,92
85,93
85,94
85,95
85,96
85,97
85,98
85,99
85,100
85,101
85,103
85,104
85,105
85,106
85,107
86,87
86,88
86,89
86,90
86,91
86,92
86,93
86,94
86,95
86,96
86,97
86,98
86,99
86,100
86,101
86,102
86,103
86,104
86,105
86,106
86,107
86,108
86,109
86,110
86,111
86,118
86,119
86,120
86,123
86,124
86,127
86,147
87,88
87,89
87,90
87,91
87,92
87,93
87,94
87,95
87,96
87,97
87,98
87,99
87,100
87,101
87,103
87,104
87,106
87,108
87,109
87,110
87,111
88,89
88,90
88,92
88,93
88,94
88,95
88,96
88,97
88,98
88,99
88,101
88,102
88,103
88,104
88,105
88,106
88,107
88,108
88,109
88,110
88,111
88,112
88,114
88,115
88,116
88,118
88,120
88,121
88,122
88,123
88,124
88,126
88,128
88,143
89,93
89,94
89,96
89,97
89,98
89,99
90,91
90,92
90,93
90,94
90,95
90,96
90,97
90,98
90,100
90,101
90,102
90,103
90,104
90,105
90,106
90,107
90,109
90,112
90,114
90,115
90,116
90,118
90,122
90,124
90,126
90,127
90,128
90,133
90,140
90,147
91,93
91,94
91,95
91,96
91,97
91,98
91,99
91,100
91,101
91,102
91,103
91,104
91,105
91,106
91,108
91,109
91,110
91,111
91,112
91,114
91,115
91,116
91,118
91,119
91,120
92,93
92,94
92,95
92,96
92,98
94,95
94,96
94,97
94,98
94,99
94,100
94,101
94,103
94,104
94,105
94,106
94,107
94,109
94,111
94,112
94,113
94,114
94,115
94,116
94,118
94,119
94,120
94,121
94,122
94,123
94,124
94,126
96,98
96,99
96,100
96,102
96,104
96,105
96,106
96,107
96,108
96,109
96,110
96,111
96,112
96,113
96,114
96,115
96,116
96,118
96,119
96,120
96,121
96,122
96,123
96,124
96,126
96,128
96,133
96,136
97,98
97,99
97,101
97,102
97,104
97,105
97,106
97,107
97,108
97,109
97,110
97,111
97,112
97,113
97,114
97,115
97,116
97,118
97,119
97,120
97,121
97,123
97,126
97,135
97,137
97,139
97,143
97,146
97,159
97,163
97,165
97,169
97,170
97,176
97,178
97,182
97,188
97,190
97,192
97,199
98,99
98,100
98,101
98,102
98,103
98,104
98,106
98,107
98,108
98,110
98,112
98,113
98,114
98,115
98,116
98,120
98,121
98,122
98,124
98,126
98,127
98,128
98,131
98,133
98,136
98,143
99,100
99,102
99,103
99,104
99,106
99,107
99,108
99,110
99,111
99,112
99,113
99,115
99,116
99,118
99,119
99,120
99,121
99,122
99,123
99,124
99,127
99,128
99,131
99,136
99,137
99,139
99,140
99,143
99,146
101,102
101,103
102,103
102,104
102,105
102,106
102,107
103,104
103,105
103,106
103,107
103,108
103,109
103,112
103,113
104,105
104,106
104,107
104,108
104,109
104,110
104,111
104,112
104,113
104,114
104,115
104,116
104,117
104,118
104,119
104,121
104,125
104,126
104,127
104,133
105,106
105,107
105,108
105,109
105,111
105,112
105,113
105,114
105,115
105,116
105,118
105,119
105,120
105,122
105,123
105,124
105,125
105,126
105,127
106,107
106,108
106,109
106,110
106,111
106,113
106,114
106,115
106,116
106,117
106,118
106,119
106,120
106,121
106,122
106,123
106,125
106,126
106,127
106,128
106,129
106,131
106,133
106,136
107,114
107,119
107,123
107,126
107,135
107,137
107,139
107,143
107,146
107,159
107,163
107,165
107,169
107,170
107,176
107,178
107,182
107,188
107,190
107,192
107,199
108,110
108,111
108,112
108,113
108,114
108,115
108,116
108,117
108,119
108,120
108,124
108,125
108,126
108,129
108,131
108,132
108,133
108,136
108,137
108,139
108,146
108,147
109,110
109,111
109,112
109,114
109,115
109,116
109,117
109,118
109,119
109,120
109,122
109,123
109,124
109,125
109,126
109,127
109,128
109,129
109,132
109,133
109,136
109,137
109,139
109,140
109,146
109,147
109,155
110,111
110,112
110,113
110,114
110,115
110,116
110,117
110,118
110,119
110,120
110,122
110,123
110,124
110,125
110,126
110,128
110,130
110,131
110,132
110,135
110,136
110,137
110,139
110,141
110,143
110,144
110,146
110,147
110,148
110,150
110,151
110,154
110,155
111,112
111,113
111,114
111,115
111,116
111,117
111,118
111,119
111,120
111,122
111,123
111,124
111,125
113,115
113,116
114,115
114,116
114,118
114,119
114,121
114,122
114,123
114,124
114,125
114,126
114,128
114,130
114,131
114,135
114,137
114,139
114,143
114,146
114,159
114,163
114,165
114,169
114,170
114,176
114,178
114,182
114,188
114,190
114,192
114,199
115,116
115,117
115,118
115,120
115,121
115,122
115,124
115,125
115,126
115,128
115,129
115,131
115,132
115,136
115,137
115,139
115,140
115,141
115,142
115,146
115,147
115,150
115,151
115,155
115,160
116,118
116,120
116,121
116,122
116,124
116,125
116,126
116,127
117,118
118,119
119,120
119,121
119,122
119,123
119,125
119,126
119,128
119,129
119,131
119,132
119,133
119,134
119,135
119,136
119,137
119,139
119,140
119,141
119,143
119,146
119,148
119,149
119,150
119,151
119,152
119,154
119,155
119,159
119,160
119,163
119,165
119,169
119,170
119,176
119,178
119,182
119,188
119,190
119,192
119,199
121,122
121,124
121,125
121,127
121,128
121,129
121,130
121,131
121,132
121,133
121,134
121,136
121,139
121,140
121,141
121,142
121,143
121,144
121,147
121,148
121,149
121,150
121,151
122,124
122,125
122,126
122,127
122,128
122,129
122,130
122,131
122,132
122,133
122,134
122,135
122,136
122,137
122,139
122,140
122,141
122,142
122,143
122,144
122,146
122,147
122,148
122,149
122,150
122,151
122,152
123,124
123,125
123,126
123,127
123,128
123,129
123,130
123,133
123,135
123,137
123,139
123,143
123,146
123,159
123,163
123,165
123,169
123,170
123,176
123,178
123,182
123,188
123,190
123,192
123,199
124,125
124,127
124,128
124,129
124,130
124,131
124,132
124,133
124,134
124,135
124,136
124,137
124,139
124,142
124,146
124,147
124,149
124,150
124,151
124,154
125,126
125,127
125,128
125,129
125,130
125,131
125,132
125,133
125,134
125,135
125,136
125,139
125,140
125,141
125,142
125,143
125,144
125,147
125,148
125,149
125,150
125,151
125,152
125,154
125,155
125,160
126,127
126,128
126,129
126,130
126,131
126,132
126,133
126,134
126,135
126,136
126,137
126,138
126,139
126,140
126,141
126,143
126,144
126,146
126,147
126,148
126,149
126,150
126,151
126,152
126,155
126,159
126,163
126,165
126,169
126,170
126,176
126,178
126,182
126,188
126,190
126,192
126,199
127,128
127,129
127,130
127,131
127,132
127,133
127,135
127,136
127,138
127,139
127,140
127,141
127,142
127,143
127,145
127,149
127,150
127,151
127,152
127,154
127,155
127,160
127,164
127,166
127,177
128,129
128,130
128,131
128,132
128,133
128,134
129,131
130,131
130,133
130,134
130,135
130,136
130,138
130,139
130,140
131,132
131,133
131,135
132,133
132,134
132,135
132,136
132,137
132,138
132,139
132,140
132,141
132,142
132,143
132,144
132,145
132,146
132,147
132,148
132,149
132,150
133,134
133,135
133,136
133,138
133,139
133,140
133,141
133,142
133,143
133,144
133,145
133,146
133,147
133,148
133,149
133,150
133,153
133,155
133,157
133,158
133,160
133,166
134,138
134,139
134,140
134,141
134,142
135,136
135,137
135,138
135,139
135,140
135,142
135,143
135,146
135,159
135,163
135,165
135,169
135,170
135,176
135,178
135,182
135,188
135,190
135,192
135,199
136,137
136,138
136,140
136,141
136,142
136,143
136,146
136,147
136,148
136,149
136,152
136,153
136,154
136,160
137,138
137,139
137,140
137,141
137,143
137,144
137,146
137,147
137,148
137,159
137,163
137,165
137,169
137,170
137,176
137,178
137,182
137,188
137,190
137,192
137,199
138,139
138,140
138,141
138,142
138,144
139,140
139,141
139,142
139,143
139,144
139,145
139,146
139,147
139,148
139,149
139,150
139,152
139,153
139,154
139,158
139,159
139,160
139,161
139,163
139,164
139,165
139,166
139,169
139,170
139,176
139,178
139,182
139,188
139,190
139,192
139,199
140,141
140,142
140,144
140,146
140,147
140,148
140,149
140,150
140,153
140,154
140,156
140,157
140,160
140,161
140,166
141,142
141,143
141,144
141,145
141,146
141,147
141,148
141,150
141,151
141,152
141,153
141,154
141,156
141,157
141,158
141,160
141,161
141,166
141,177
142,143
142,144
142,145
142,146
142,147
142,148
142,149
142,150
142,151
142,152
142,153
142,154
142,156
142,157
142,158
142,159
142,160
142,161
142,162
142,163
142,164
142,166
142,167
142,175
142,177
143,145
143,146
143,147
143,148
143,149
143,150
143,151
143,152
143,153
143,159
143,163
143,165
143,169
143,170
143,176
143,178
143,182
143,188
143,190
143,192
143,199
144,145
144,146
144,147
144,148
144,149
144,150
144,151
144,152
144,153
144,154
144,155
144,156
144,157
144,158
144,159
144,160
144,161
144,162
144,163
144,164
144,165
144,166
144,167
144,171
144,177
145,146
145,148
145,149
145,150
145,151
145,152
145,153
145,154
145,155
145,156
145,157
145,158
145,159
145,160
145,161
145,162
145,163
145,164
145,165
145,166
145,171
145,175
145,180
145,185
146,147
146,148
146,149
146,151
146,152
146,153
146,154
146,155
146,156
146,157
146,158
146,159
146,160
146,161
146,162
146,163
146,164
146,165
146,166
146,168
146,169
146,170
146,171
146,172
146,175
146,176
146,178
146,180
146,181
146,182
146,185
146,188
146,190
146,192
146,199
147,149
147,150
147,151
147,152
147,154
147,155
147,156
147,158
147,159
147,160
147,162
147,163
147,164
147,165
147,166
147,167
147,168
147,171
147,172
147,175
147,177
147,179
147,180
147,181
147,184
147,185
147,186
148,149
148,150
148,151
148,152
148,153
148,154
148,156
148,158
148,159
149,150
149,151
149,152
149,153
149,154
149,155
149,156
149,157
149,158
149,160
149,161
149,162
149,163
149,164
149,165
149,166
149,168
149,171
150,151
150,152
150,153
150,154
150,155
150,156
150,157
150,158
150,159
150,160
150,161
150,162
150,163
150,164
150,165
150,167
150,168
150,169
150,171
150,172
150,174
150,175
150,177
150,179
150,181
150,184
150,185
150,186
151,152
151,153
151,156
151,157
151,158
151,159
151,160
151,161
151,162
151,163
151,166
151,167
151,168
152,153
152,154
152,155
152,156
152,157
152,158
152,159
154,156
154,157
154,158
154,160
154,162
154,163
154,164
154,167
154,170
154,171
154,174
154,179
154,180
154,181
154,182
154,185
154,186
155,156
155,157
155,158
155,159
155,161
155,162
155,163
155,164
155,165
155,166
155,167
155,168
155,169
155,170
155,171
155,172
155,173
155,174
155,177
155,179
155,181
155,182
156,157
156,159
156,160
156,162
156,163
156,164
156,165
156,166
157,159
157,161
157,162
157,163
157,164
157,165
157,166
157,167
157,168
157,169
157,170
157,171
158,160
158,161
158,162
158,163
159,160
159,161
159,162
159,163
159,164
159,165
159,167
159,169
159,170
159,176
159,178
159,182
159,188
159,190
159,192
159,199
160,161
160,162
160,163
160,164
160,165
160,166
160,167
160,168
160,169
160,170
160,171
160,172
160,173
160,174
160,177
160,178
160,179
160,180
160,182
160,186
160,189
161,164
161,166
161,167
161,168
161,169
161,170
161,171
161,172
161,173
161,174
161,175
161,177
161,178
161,179
161,180
161,181
161,182
161,184
161,185
161,186
161,189
161,194
161,195
162,163
162,164
162,166
162,167
162,169
162,171
162,172
162,173
162,175
162,177
162,178
162,179
162,180
162,181
162,182
162,184
162,185
162,186
162,189
162,191
163,164
163,165
163,166
163,167
163,168
163,169
163,170
163,172
163,173
163,174
163,175
163,176
163,177
163,178
163,179
163,180
163,181
163,182
163,184
163,185
163,186
163,188
163,189
163,190
163,191
163,192
163,194
163,195
163,199
164,166
164,168
164,169
164,170
164,171
164,172
164,173
164,174
164,177
164,179
164,180
164,181
165,166
165,167
165,169
165,170
165,171
165,172
165,173
165,174
165,175
165,176
165,177
165,178
165,179
165,180
165,182
165,184
165,185
165,188
165,190
165,191
165,192
165,199
166,169
166,170
166,171
166,172
166,173
166,174
166,175
166,176
166,177
166,178
166,179
166,181
166,182
166,184
166,185
166,186
166,189
166,191
166,194
166,195
167,168
167,169
168,169
168,170
168,171
168,172
168,173
168,174
168,175
168,176
168,177
168,178
168,179
168,180
168,181
168,182
168,184
168,185
168,186
168,188
168,189
168,191
169,170
169,171
169,172
169,173
169,174
169,175
169,176
169,177
169,178
169,179
169,180
169,182
169,184
169,185
169,187
169,188
169,189
169,190
169,191
169,192
169,194
169,195
169,199
170,171
170,172
170,173
170,174
170,175
170,176
170,178
170,179
170,180
170,182
170,184
170,185
170,186
170,187
170,188
170,190
170,191
170,192
170,194
170,195
170,199
171,172
171,173
172,177
172,178
172,179
172,180
172,181
172,183
172,184
172,185
172,186
172,187
172,191
172,194
172,195
172,198
173,174
173,175
173,176
173,177
173,178
173,179
173,180
173,181
173,183
173,184
173,185
174,175
174,176
175,176
175,177
175,178
175,179
175,181
175,182
175,183
175,184
175,185
175,186
175,189
175,190
175,192
175,194
175,195
175,198
176,177
176,178
176,180
176,181
176,182
176,183
176,188
176,190
176,192
176,199
178,179
178,180
178,182
178,188
178,190
178,192
178,199
180,181
180,183
180,186
180,187
180,188
180,189
180,192
180,194
180,195
180,198
181,182
181,183
181,184
181,186
181,187
181,189
181,191
181,192
181,194
181,195
181,198
182,183
182,184
182,185
182,186
182,187
182,188
182,189
182,190
182,191
182,192
182,194
182,198
182,199
183,184
183,185
183,186
183,187
183,189
183,190
183,191
183,192
183,194
183,195
183,197
184,186
184,187
184,189
184,192
184,194
184,195
184,196
184,197
184,198
184,199
185,186
185,187
185,188
185,189
186,187
186,188
186,190
186,191
186,192
186,194
186,195
186,196
187,190
188,189
188,190
188,192
188,194
188,195
188,198
188,199
189,190
189,191
189,192
189,193
189,194
189,195
189,196
189,197
189,198
189,199
190,191
190,192
190,193
190,195
190,196
190,197
190,198
190,199
191,193
191,194
191,195
191,196
191,197
191,198
191,199
192,193
192,194
192,195
192,196
192,197
192,198
192,199
193,194
194,195
194,196
194,197
194,198
194,199
195,196
195,197
195,198
196,197
196,199
197,199
