0,1
0,2
0,3
0,4
0,5
0,6
0,7
0,8
0,9
0,10
0,11
0,12
0,13
0,14
0,15
0,16
0,17
0,18
0,19
0,20
0,21
0,22
0,23
0,24
0,25
0,26
0,27
0,28
0,29
0,30
0,31
0,32
0,33
0,34
0,35
0,36
0,37
0,38
0,39
0,40
0,41
0,42
0,43
0,44
0,46
0,49
0,52
0,58
0,66
0,69
0,70
0,79
0,83
0,87
0,92
0,105
0,106
0,107
0,108
0,117
0,118
0,119
0,127
0,128
0,133
0,137
0,140
0,141
0,144
0,151
0,152
0,156
0,163
0,168
0,172
0,173
0,177
0,178
0,180
0,182
0,192
1,2
1,3
1,4
1,5
1,6
1,7
1,8
1,9
1,10
1,11
1,12
1,13
1,14
1,15
1,16
1,17
1,18
1,19
1,20
1,21
1,22
1,23
1,24
1,25
1,26
1,27
1,28
1,29
1,30
1,31
1,32
1,33
1,34
1,35
1,36
1,37
1,38
1,39
1,40
1,41
1,42
1,43
1,44
2,3
2,4
2,5
2,6
2,7
2,8
2,9
2,10
2,11
2,12
2,13
2,14
2,15
2,16
2,17
2,18
2,19
2,20
2,21
2,22
2,23
2,24
2,25
2,26
2,27
2,28
2,29
2,30
2,31
2,32
2,33
2,34
2,35
2,36
2,37
2,38
2,39
2,40
2,41
2,42
2,43
2,44
3,4
3,5
3,6
3,7
3,8
3,9
3,10
3,11
3,12
3,13
3,14
3,15
3,16
3,17
3,18
3,19
3,20
3,21
3,22
3,23
3,24
3,25
3,26
3,27
3,28
3,29
3,30
3,31
3,32
3,33
3,34
3,35
3,36
3,37
3,38
3,39
3,40
3,41
3,42
3,43
3,44
4,5
4,6
4,7
4,8
4,9
4,10
4,11
4,12
4,13
4,14
4,15
4,16
4,17
4,18
4,19
4,20
4,21
4,22
4,23
4,24
4,25
4,26
4,27
4,28
4,29
4,30
4,31
4,32
4,33
4,34
4,35
4,36
4,37
4,38
4,39
4,40
4,41
4,42
4,43
4,44
5,6
5,7
5,8
5,9
5,10
5,11
5,12
5,13
5,14
5,15
5,16
5,17
5,18
5,19
5,20
5,21
5,22
5,23
5,24
5,25
5,26
5,27
5,28
5,29
5,30
5,31
5,32
5,33
5,34
5,35
5,36
5,37
5,38
5,39
5,40
5,41
5,42
5,43
5,44
6,7
6,8
6,9
6,10
6,11
6,12
6,13
6,14
6,15
6,16
6,17
6,18
6,19
6,20
6,21
6,22
6,23
6,24
6,25
6,26
6,27
6,28
6,29
6,30
6,31
6,32
6,33
6,34
6,35
6,36
6,37
6,38
6,39
6,40
6,41
6,42
6,43
6,44
6,71
6,73
6,75
6,79
7,8
7,9
7,10
7,11
7,12
7,13
7,14
7,15
7,16
7,17
7,18
7,19
7,20
7,21
7,22
7,23
7,24
7,25
7,26
7,27
7,28
7,29
7,30
7,31
7,32
7,33
7,34
7,35
7,36
7,37
7,38
7,39
7,40
7,41
7,42
7,43
7,44
7,57
7,61
7,63
7,65
7,68
7,70
7,71
7,73
7,75
7,77
7,79
7,89
7,93
7,113
7,120
8,9
8,10
8,11
8,12
8,13
8,14
8,15
8,16
8,17
8,18
8,19
8,20
8,21
8,22
8,23
8,24
8,25
8,26
8,27
8,28
8,29
8,30
8,31
8,32
8,33
8,34
8,35
8,36
8,37
8,38
8,39
8,40
8,41
8,42
8,43
8,44
8,58
8,59
8,61
8,62
8,63
8,65
8,66
8,68
8,70
8,72
8,73
8,75
8,76
8,77
8,79
8,88
8,89
8,92
8,93
8,96
9,10
9,11
9,12
9,13
9,14
9,15
9,16
9,17
9,18
9,19
9,20
9,21
9,22
9,23
9,24
9,25
9,26
9,27
9,28
9,29
9,30
9,31
9,32
9,33
9,34
9,35
9,36
9,37
9,38
9,39
9,40
9,41
9,42
9,43
9,44
9,58
9,59
9,61
9,63
9,64
9,65
9,66
9,70
9,71
9,72
9,73
9,75
9,76
9,77
9,79
9,81
9,83
9,85
9,88
9,89
9,92
9,93
9,96
9,103
9,106
9,113
9,119
9,120
9,121
9,122
9,133
9,137
9,141
9,156
9,157
9,160
10,11
10,12
10,13
10,14
10,15
10,16
10,17
10,18
10,19
10,20
10,21
10,22
10,23
10,24
10,25
10,26
10,27
10,28
10,29
10,30
10,31
10,32
10,33
10,34
10,35
10,36
10,37
10,38
10,39
10,40
10,41
10,42
10,43
10,44
10,58
10,59
10,60
10,62
10,63
10,64
10,65
10,66
10,68
10,69
10,70
10,71
10,72
10,77
10,79
10,81
10,82
10,83
10,84
10,85
10,88
10,92
10,93
10,95
10,96
10,101
10,103
11,12
11,13
11,14
11,15
11,16
11,17
11,18
11,19
11,20
11,21
11,22
11,23
11,24
11,25
11,26
11,27
11,28
11,29
11,30
11,31
11,32
11,33
11,34
11,35
11,36
11,37
11,38
11,39
11,40
11,41
11,42
11,43
11,44
12,13
12,14
12,15
12,16
12,17
12,18
12,19
12,20
12,21
12,22
12,23
12,24
12,25
12,26
12,27
12,28
12,29
12,30
12,31
12,32
12,33
12,34
12,35
12,36
12,37
12,38
12,39
12,40
12,41
12,42
12,43
12,44
13,14
13,15
13,16
13,17
13,18
13,19
13,20
13,21
13,22
13,23
13,24
13,25
13,26
13,27
13,28
13,29
13,30
13,31
13,32
13,33
13,34
13,35
13,36
13,37
13,38
13,39
13,40
13,41
13,42
13,43
13,44
13,58
13,59
13,60
13,61
13,62
14,15
14,16
14,17
14,18
14,19
14,20
14,21
14,22
14,23
14,24
14,25
14,26
14,27
14,28
14,29
14,30
14,31
14,32
14,33
14,34
14,35
14,36
14,37
14,38
14,39
14,40
14,41
14,42
14,43
14,44
15,16
15,17
15,18
15,19
15,20
15,21
15,22
15,23
15,24
15,25
15,26
15,27
15,28
15,29
15,30
15,31
15,32
15,33
15,34
15,35
15,36
15,37
15,38
15,39
15,40
15,41
15,42
15,43
15,44
15,46
15,49
15,52
15,57
15,58
15,59
15,60
15,61
15,62
15,64
15,65
15,66
15,69
15,70
15,72
15,77
15,78
15,79
15,80
15,81
15,82
15,83
15,84
15,85
15,87
15,92
15,95
15,96
15,101
15,103
15,104
15,105
15,106
15,107
15,108
15,113
15,114
15,117
15,118
15,119
15,121
15,122
15,127
15,128
15,133
15,136
15,137
15,140
15,141
15,143
15,144
15,151
15,152
15,156
15,163
15,168
15,169
15,172
15,173
15,177
15,178
15,180
15,182
15,183
15,186
15,187
15,191
15,192
15,193
15,195
15,196
15,197
15,199
16,17
16,18
16,19
16,20
16,21
16,22
16,23
16,24
16,25
16,26
16,27
16,28
16,29
16,30
16,31
16,32
16,33
16,34
16,35
16,36
16,37
16,38
16,39
16,40
16,41
16,42
16,43
16,44
16,57
16,58
16,59
16,61
16,62
16,64
16,68
16,69
16,70
16,71
16,72
16,73
17,18
17,19
17,20
17,21
17,22
17,23
17,24
17,25
17,26
17,27
17,28
17,29
17,30
17,31
17,32
17,33
17,34
17,35
17,36
17,37
17,38
17,39
17,40
17,41
17,42
17,43
17,44
18,19
18,20
18,21
18,22
18,23
18,24
18,25
18,26
18,27
18,28
18,29
18,30
18,31
18,32
18,33
18,34
18,35
18,36
18,37
18,38
18,39
18,40
18,41
18,42
18,43
18,44
18,46
18,49
18,52
18,55
18,56
18,57
18,58
18,59
18,60
18,61
18,62
18,63
18,65
18,66
18,67
18,68
18,69
18,70
18,71
18,72
18,75
18,76
18,77
18,78
18,79
18,80
18,81
18,82
18,83
18,84
18,85
18,87
18,88
18,89
18,91
18,92
18,93
18,96
18,101
18,102
18,103
18,105
18,106
18,107
18,108
18,111
18,113
18,114
18,117
18,118
18,119
18,120
18,126
18,127
18,128
18,129
18,130
18,131
18,133
18,137
18,140
18,141
18,144
18,148
18,149
18,151
18,152
18,153
18,154
18,156
18,157
18,158
18,160
18,162
18,163
18,166
18,168
18,171
18,172
18,173
18,174
18,176
18,177
18,178
18,180
18,181
18,182
18,186
18,187
18,189
18,190
18,191
18,192
18,195
18,196
18,197
18,199
19,20
19,21
19,22
19,23
19,24
19,25
19,26
19,27
19,28
19,29
19,30
19,31
19,32
19,33
19,34
19,35
19,36
19,37
19,38
19,39
19,40
19,41
19,42
19,43
19,44
19,46
19,49
19,52
19,56
19,57
19,58
19,59
19,60
19,61
19,62
19,63
19,64
19,65
19,66
19,67
19,68
19,69
19,70
19,71
19,72
19,73
19,75
19,76
19,77
19,78
19,79
19,80
19,81
19,82
19,83
19,84
19,85
19,87
19,88
19,89
19,90
19,91
19,92
19,93
19,94
19,95
19,96
19,102
19,103
19,104
19,105
19,106
19,107
19,108
19,110
19,111
19,112
19,113
19,114
19,117
19,118
19,119
19,120
19,121
19,122
19,126
19,127
19,128
19,129
19,130
19,131
19,133
19,134
19,135
19,137
19,140
19,141
19,143
19,144
19,145
19,148
19,149
19,150
19,151
19,152
19,153
19,154
19,155
19,156
19,157
19,158
19,159
19,160
19,161
19,162
19,163
19,164
19,165
19,166
19,167
19,168
19,169
19,171
19,172
19,173
19,174
19,175
19,176
19,177
19,178
19,180
19,181
19,182
19,183
19,184
19,186
19,187
19,188
19,190
19,191
19,192
19,193
19,195
19,196
19,197
19,198
19,199
20,21
20,22
20,23
20,24
20,25
20,26
20,27
20,28
20,29
20,30
20,31
20,32
20,33
20,34
20,35
20,36
20,37
20,38
20,39
20,40
20,41
20,42
20,43
20,44
20,55
20,56
20,57
20,58
20,60
20,61
20,62
20,63
20,64
20,65
20,66
21,22
21,23
21,24
21,25
21,26
21,27
21,28
21,29
21,30
21,31
21,32
21,33
21,34
21,35
21,36
21,37
21,38
21,39
21,40
21,41
21,42
21,43
21,44
21,58
21,59
21,61
21,62
21,63
21,64
21,65
21,66
21,67
21,68
21,69
21,70
21,72
21,75
21,76
21,77
21,78
21,80
21,81
21,82
21,84
22,23
22,24
22,25
22,26
22,27
22,28
22,29
22,30
22,31
22,32
22,33
22,34
22,35
22,36
22,37
22,38
22,39
22,40
22,41
22,42
22,43
22,44
22,57
22,58
22,59
22,60
22,61
22,62
22,63
22,64
22,65
22,66
22,67
22,68
22,69
22,70
22,71
22,72
22,73
22,75
22,76
22,77
22,78
22,79
22,80
22,81
22,82
23,24
23,25
23,26
23,27
23,28
23,29
23,30
23,31
23,32
23,33
23,34
23,35
23,36
23,37
23,38
23,39
23,40
23,41
23,42
23,43
23,44
23,55
23,56
23,57
23,58
23,59
23,60
23,61
23,62
23,64
23,65
23,66
23,68
23,69
23,70
23,71
23,72
23,73
23,75
24,25
24,26
24,27
24,28
24,29
24,30
24,31
24,32
24,33
24,34
24,35
24,36
24,37
24,38
24,39
24,40
24,41
24,42
24,43
24,44
24,55
24,56
24,57
24,58
24,59
24,60
24,61
25,26
25,27
25,28
25,29
25,30
25,31
25,32
25,33
25,34
25,35
25,36
25,37
25,38
25,39
25,40
25,41
25,42
25,43
25,44
25,51
25,55
25,56
25,57
25,58
25,59
25,60
25,61
25,62
25,63
25,64
25,65
25,66
25,67
25,69
25,70
25,71
25,72
25,73
25,74
25,75
25,76
25,77
25,78
25,79
25,80
25,82
25,83
25,84
25,85
25,86
25,87
25,88
25,90
25,91
25,92
25,93
25,94
25,97
25,101
25,102
25,103
25,104
25,110
25,111
25,112
25,113
25,115
25,120
25,121
25,126
25,128
25,133
25,134
25,137
25,138
25,140
25,142
25,143
25,145
25,148
25,150
25,154
25,155
25,160
25,161
25,162
25,164
26,27
26,28
26,29
26,30
26,31
26,32
26,33
26,34
26,35
26,36
26,37
26,38
26,39
26,40
26,41
26,42
26,43
27,28
27,29
27,30
27,31
27,32
27,33
27,34
27,35
27,36
27,37
27,38
27,39
27,40
27,41
27,42
27,43
27,44
28,29
28,30
28,31
28,32
28,33
28,34
28,35
28,36
28,37
28,38
28,39
28,40
28,41
28,42
28,43
28,44
29,30
29,31
29,32
29,33
29,34
29,35
29,36
29,37
29,38
29,39
29,40
29,41
29,42
29,43
29,44
30,31
30,32
30,33
30,34
30,35
30,36
30,37
30,38
30,39
30,40
30,41
30,42
30,43
30,44
30,52
30,53
30,55
30,56
30,57
30,58
30,59
30,60
30,61
30,62
30,63
30,64
30,65
30,67
30,69
30,70
30,71
30,72
30,73
30,75
30,76
30,77
30,78
30,79
30,80
30,82
30,83
30,85
30,86
30,90
30,91
30,92
30,93
30,96
30,101
30,103
31,32
31,33
31,34
31,35
31,36
31,37
31,38
31,39
31,40
31,41
31,42
31,43
31,44
31,46
31,49
31,52
31,55
31,56
31,57
31,58
31,59
31,60
31,61
31,62
31,63
31,64
31,66
31,67
31,69
31,70
31,71
31,72
31,73
31,74
31,75
31,76
31,77
31,78
31,79
31,80
31,81
31,83
31,85
31,86
31,87
31,89
31,90
31,91
31,92
31,93
31,94
31,95
31,96
31,97
31,101
31,105
31,106
31,107
31,108
31,117
31,118
31,119
31,127
31,128
31,133
31,137
31,140
31,141
31,144
31,151
31,152
31,156
31,163
31,168
31,172
31,173
31,177
31,178
31,180
31,182
31,192
32,33
32,34
32,35
32,36
32,37
32,38
32,39
32,40
32,41
32,42
32,43
32,44
32,55
32,56
32,57
32,58
32,59
33,34
33,35
33,36
33,37
33,38
33,39
33,40
33,41
33,42
33,43
33,44
33,51
33,54
33,55
33,56
33,57
33,58
33,59
33,60
33,61
33,62
33,63
33,65
33,66
33,67
33,68
33,69
33,70
33,71
33,73
33,74
33,75
33,76
33,77
33,78
33,79
33,80
33,82
33,83
33,84
33,85
33,86
33,87
33,88
33,89
33,90
33,93
33,94
33,96
33,99
33,101
33,102
33,103
33,106
34,35
34,36
34,37
34,38
34,39
34,40
34,41
34,42
34,43
34,44
34,51
34,52
34,53
34,54
34,56
34,57
34,58
34,59
34,60
34,61
34,62
34,63
34,64
34,65
34,66
34,67
34,68
34,69
34,70
34,71
34,72
34,73
34,74
34,75
34,76
34,77
34,79
34,80
34,81
34,83
34,84
34,86
34,87
34,88
34,89
34,90
34,91
34,92
34,93
34,94
34,96
34,97
34,99
35,36
35,37
35,38
35,39
35,40
35,41
35,42
35,43
35,44
35,49
35,51
35,52
35,53
35,54
35,55
35,56
35,57
35,59
35,60
35,61
35,62
35,63
35,64
35,65
35,66
35,68
35,69
35,70
35,71
35,72
35,73
35,74
35,75
35,76
35,77
35,78
35,79
35,80
35,81
35,83
35,85
35,86
35,87
35,88
35,89
35,90
35,91
35,92
35,93
35,94
35,96
35,97
35,99
35,100
35,101
35,102
35,103
35,106
35,109
35,111
35,112
35,113
36,37
36,38
36,39
36,40
36,41
36,42
36,43
36,44
36,46
36,49
36,52
36,57
36,58
36,59
36,60
36,61
36,62
36,63
36,64
36,65
36,66
36,67
36,68
36,69
36,70
36,79
36,83
36,87
36,92
36,105
36,106
36,107
36,108
36,117
36,118
36,119
36,127
36,128
36,133
36,137
36,140
36,141
36,144
36,151
36,152
36,156
36,163
36,168
36,172
36,173
36,177
36,178
36,180
36,182
36,192
37,38
37,39
37,40
37,41
37,42
37,43
37,44
37,46
37,49
37,52
37,55
37,56
37,57
37,58
37,59
37,60
37,61
37,62
37,63
37,64
37,65
37,66
37,67
37,68
37,69
37,70
37,71
37,73
37,74
37,76
37,77
37,78
37,79
37,80
37,81
37,82
37,83
37,84
37,86
37,87
37,88
37,89
37,90
37,91
37,92
37,93
37,94
37,105
37,106
37,107
37,108
37,117
37,118
37,119
37,127
37,128
37,133
37,137
37,140
37,141
37,144
37,151
37,152
37,156
37,163
37,168
37,172
37,173
37,177
37,178
37,180
37,182
37,192
38,39
38,40
38,41
38,42
38,43
38,44
39,40
39,41
39,42
39,43
39,44
39,60
39,61
39,62
39,63
39,64
39,65
39,66
39,68
39,70
39,71
39,72
39,73
39,74
39,75
39,77
39,78
39,79
39,81
39,82
39,83
39,84
39,85
39,86
39,88
40,41
40,42
40,43
40,44
40,57
40,58
40,59
40,60
40,61
40,62
40,63
40,64
40,65
40,66
40,67
40,68
40,70
40,71
41,42
41,43
41,44
41,55
41,56
41,57
41,58
41,59
41,60
41,61
41,62
41,63
41,64
42,43
42,44
42,46
42,49
42,52
42,58
42,66
42,69
42,70
42,79
42,83
42,87
42,92
42,105
42,106
42,107
42,108
42,117
42,118
42,119
42,127
42,128
42,133
42,137
42,140
42,141
42,144
42,151
42,152
42,156
42,163
42,168
42,172
42,173
42,177
42,178
42,180
42,182
42,192
43,44
44,61
44,62
44,63
44,64
44,67
44,69
44,71
44,72
44,75
44,77
44,78
44,79
44,80
44,81
44,82
44,83
44,84
44,85
44,86
44,88
44,89
44,90
44,91
44,94
44,95
44,96
44,97
44,99
44,103
44,106
44,109
44,111
44,112
44,120
44,121
44,122
44,125
44,126
46,49
46,52
46,54
46,56
46,57
46,58
46,60
46,61
46,62
46,63
46,64
46,65
46,66
46,67
46,68
46,69
46,70
46,73
46,74
46,75
46,77
46,78
46,79
46,80
46,81
46,82
46,83
46,84
46,85
46,87
46,88
46,89
46,90
46,91
46,92
46,93
46,94
46,96
46,100
46,101
46,105
46,106
46,107
46,108
46,109
46,111
46,112
46,113
46,114
46,117
46,118
46,119
46,120
46,121
46,127
46,128
46,133
46,137
46,140
46,141
46,144
46,151
46,152
46,156
46,163
46,168
46,172
46,173
46,177
46,178
46,180
46,182
46,192
47,53
47,54
47,55
47,56
47,57
47,59
47,60
47,61
47,62
47,63
47,64
47,65
47,67
47,68
47,69
47,70
47,71
47,73
47,74
47,75
47,77
47,78
47,80
47,81
47,82
47,83
48,53
48,54
48,55
48,56
48,57
48,58
48,59
48,60
48,61
48,62
48,64
48,65
48,66
48,67
48,68
48,69
49,50
49,51
49,52
49,53
49,54
49,55
49,57
49,58
49,59
49,60
49,61
49,62
49,63
49,64
49,65
49,66
49,67
49,68
49,69
49,70
49,71
49,73
49,74
49,75
49,76
49,77
49,78
49,79
49,80
49,81
49,83
49,85
49,86
49,87
49,88
49,89
49,90
49,92
49,93
49,94
49,95
49,96
49,97
49,99
49,101
49,103
49,104
49,105
49,106
49,107
49,108
49,109
49,111
49,112
49,113
49,114
49,116
49,117
49,118
49,119
49,120
49,121
49,122
49,123
49,124
49,125
49,126
49,127
49,128
49,130
49,133
49,135
49,137
49,138
49,140
49,141
49,142
49,144
49,148
49,151
49,152
49,156
49,163
49,168
49,172
49,173
49,177
49,178
49,180
49,182
49,192
50,51
50,52
50,53
50,54
50,55
50,56
50,57
50,58
50,59
50,60
50,61
50,62
50,63
50,64
50,65
50,66
50,67
50,68
50,69
50,70
50,71
50,72
50,73
50,75
50,77
50,79
50,80
51,52
51,53
51,54
51,55
51,56
51,57
51,58
51,59
51,60
51,61
51,62
51,63
51,64
51,67
51,68
51,69
51,70
51,72
51,73
51,74
51,75
51,76
51,77
51,78
51,79
51,80
51,83
51,84
51,85
51,86
51,88
51,89
51,90
51,91
51,92
51,93
51,94
51,95
51,97
51,99
51,100
51,101
51,103
51,104
51,109
51,111
51,112
51,113
51,114
51,115
51,116
51,120
51,121
51,122
52,53
52,54
52,55
52,58
52,66
52,69
52,70
52,79
52,83
52,87
52,92
52,105
52,106
52,107
52,108
52,117
52,118
52,119
52,127
52,128
52,133
52,137
52,140
52,141
52,144
52,151
52,152
52,156
52,163
52,168
52,172
52,173
52,177
52,178
52,180
52,182
52,192
53,54
53,55
55,56
55,57
55,58
55,59
55,60
56,57
56,58
56,59
56,60
56,63
56,66
56,67
56,68
56,69
56,70
56,71
56,72
56,74
56,75
56,76
57,58
58,60
58,61
58,63
58,64
58,65
58,66
58,68
58,69
58,70
58,71
58,72
58,74
58,75
58,76
58,77
58,78
58,79
58,83
58,87
58,92
58,105
58,106
58,107
58,108
58,117
58,118
58,119
58,127
58,128
58,133
58,137
58,140
58,141
58,144
58,151
58,152
58,156
58,163
58,168
58,172
58,173
58,177
58,178
58,180
58,182
58,192
59,60
59,61
59,62
59,63
59,64
59,65
59,66
59,67
59,68
59,69
59,70
59,71
59,72
59,73
59,74
59,75
59,76
59,77
59,78
59,80
59,81
59,82
59,83
59,84
59,85
59,86
59,87
59,88
59,94
59,95
59,97
59,100
59,101
59,102
59,104
60,62
60,63
60,64
60,65
60,66
60,67
60,68
60,69
60,70
60,71
60,72
60,74
60,75
60,76
60,77
60,78
61,62
61,63
61,64
61,65
61,66
61,67
61,68
61,69
61,70
61,71
61,72
61,73
61,74
61,75
61,77
61,78
61,80
61,81
61,82
61,83
61,84
61,85
61,87
61,88
61,89
61,92
61,94
61,95
61,96
61,97
61,99
61,100
61,101
61,102
61,103
61,104
61,112
61,114
61,115
61,120
61,122
61,123
61,128
61,130
61,132
61,138
61,142
61,143
61,148
61,166
61,171
61,196
62,63
62,64
62,66
62,67
62,68
62,69
62,70
62,71
62,72
62,73
63,64
63,65
63,66
63,67
63,68
63,69
63,70
63,71
63,72
63,74
63,75
63,76
63,77
63,78
63,79
63,80
63,81
63,82
63,83
63,84
63,85
63,86
63,87
63,88
63,89
63,91
63,92
63,93
63,94
63,95
63,96
63,97
63,98
63,99
63,100
63,101
63,102
63,103
63,104
63,105
63,106
63,107
63,108
63,109
63,111
63,112
63,113
63,114
63,115
63,116
63,119
63,120
63,121
63,122
63,123
63,125
63,128
63,130
63,132
63,134
63,135
63,136
63,137
63,138
63,139
63,142
63,143
63,148
63,155
63,156
63,160
63,161
63,163
63,165
63,166
63,169
63,171
64,65
64,67
64,68
64,69
64,70
64,71
64,72
64,73
64,74
64,75
64,76
64,77
64,78
64,79
64,80
64,81
64,82
64,83
64,84
64,85
64,86
64,87
64,88
64,89
64,90
64,91
64,92
64,93
64,94
64,95
64,96
64,97
64,98
64,99
64,100
64,101
64,102
64,103
64,104
64,105
64,107
64,108
64,109
64,110
64,111
64,115
64,116
64,119
64,120
64,121
64,122
64,123
64,125
64,128
64,129
64,130
64,132
64,133
64,134
64,135
64,136
64,137
65,66
65,67
65,68
65,69
65,70
65,71
65,72
65,73
65,74
65,75
65,76
65,77
65,78
65,79
65,80
65,81
65,82
65,83
65,84
65,85
65,86
65,87
65,89
65,90
65,91
65,92
65,93
65,94
65,95
65,96
65,97
65,98
65,99
65,100
65,101
65,102
65,103
65,104
65,105
65,106
65,107
65,108
65,109
65,110
65,111
65,112
65,113
65,115
65,116
65,117
65,119
65,120
65,121
65,123
65,124
65,125
66,67
66,68
66,69
66,70
66,71
66,72
66,73
66,74
66,75
66,76
66,77
66,78
66,79
66,80
66,81
66,82
66,83
66,84
66,85
66,86
66,87
66,88
66,89
66,90
66,91
66,92
66,93
66,94
66,95
66,97
66,98
66,99
66,100
66,101
66,102
66,103
66,104
66,105
66,106
66,107
66,108
66,117
66,118
66,119
66,127
66,128
66,133
66,137
66,140
66,141
66,144
66,151
66,152
66,156
66,163
66,168
66,172
66,173
66,177
66,178
66,180
66,182
66,192
67,68
67,69
68,69
68,70
68,71
68,73
68,74
68,75
68,77
68,78
68,79
68,81
68,82
68,83
68,84
68,85
68,88
68,89
68,90
68,91
68,92
68,95
68,97
68,98
68,99
68,100
68,102
68,103
68,104
68,105
68,106
68,107
68,108
69,70
69,71
69,72
69,73
69,76
69,77
69,78
69,79
69,80
69,81
69,82
69,83
69,84
69,85
69,86
69,87
69,88
69,89
69,90
69,91
69,92
69,93
69,94
69,95
69,96
69,97
69,98
69,99
69,105
69,106
69,107
69,108
69,117
69,118
69,119
69,127
69,128
69,133
69,137
69,140
69,141
69,144
69,151
69,152
69,156
69,163
69,168
69,172
69,173
69,177
69,178
69,180
69,182
69,192
70,72
70,73
70,75
70,76
70,77
70,78
70,79
70,80
70,81
70,82
70,83
70,84
70,85
70,86
70,87
70,88
70,89
70,90
70,91
70,92
70,93
70,94
70,95
70,96
70,97
70,98
70,99
70,100
70,101
70,102
70,103
70,104
70,105
70,106
70,107
70,108
70,109
70,110
70,111
70,112
70,113
70,114
70,115
70,117
70,118
70,119
70,127
70,128
70,133
70,137
70,140
70,141
70,144
70,151
70,152
70,156
70,163
70,168
70,172
70,173
70,177
70,178
70,180
70,182
70,192
71,72
71,73
71,74
71,75
71,76
71,77
71,78
71,79
71,80
71,81
71,82
71,83
71,84
71,85
71,86
71,87
71,88
71,89
71,90
71,91
71,92
71,94
71,95
71,96
71,97
71,98
71,99
71,100
71,101
71,103
71,104
71,105
71,107
71,108
71,109
71,110
71,111
71,112
71,113
71,114
71,115
71,117
72,73
72,74
72,75
72,76
72,77
73,74
73,75
73,76
73,77
73,78
73,79
73,80
73,81
73,82
73,83
73,86
73,88
73,89
73,90
73,91
73,93
73,94
73,95
73,96
73,97
73,99
73,100
73,102
73,103
73,104
73,105
73,107
73,108
73,109
73,110
73,111
73,112
73,113
73,114
73,115
73,116
73,117
73,120
73,121
73,122
73,123
73,124
73,125
73,128
73,129
73,131
73,133
73,134
73,135
73,139
73,140
73,141
73,142
73,144
73,145
73,148
73,149
73,153
73,154
73,155
73,162
73,165
73,166
73,169
73,175
73,176
73,185
73,198
74,75
74,76
74,78
74,79
74,80
74,81
74,83
74,84
74,85
74,86
74,87
74,88
74,89
74,90
74,91
74,92
74,93
74,94
74,95
74,96
74,97
74,99
74,101
74,102
74,103
74,105
74,106
74,109
74,110
74,111
74,112
74,113
74,114
74,115
74,116
74,117
74,120
74,121
74,122
74,123
74,124
74,125
74,126
74,127
74,128
74,129
74,133
75,76
75,77
75,78
75,79
75,80
75,81
75,82
75,83
75,84
75,86
75,87
75,88
75,89
75,90
75,91
75,92
75,93
75,94
75,95
75,96
75,97
75,98
75,99
75,100
75,101
75,102
75,103
75,104
75,105
75,106
75,107
75,109
75,110
75,111
76,77
76,78
76,79
76,80
76,81
76,82
76,83
76,84
76,85
76,86
76,87
76,88
76,89
76,90
76,91
76,92
76,93
76,94
76,95
76,96
76,97
76,98
76,99
76,100
76,101
76,102
76,104
76,105
76,107
76,109
76,110
76,111
76,113
76,114
76,115
76,116
76,117
76,119
76,120
76,121
76,122
76,123
76,124
76,125
76,126
76,127
76,128
76,129
76,131
76,133
76,134
76,135
76,136
76,138
76,141
76,142
76,144
76,145
76,147
76,148
76,149
76,154
76,155
77,78
77,79
77,80
77,81
77,82
77,84
77,85
77,86
77,87
77,88
77,89
77,91
77,92
77,93
77,94
77,95
77,96
77,97
77,98
77,99
77,100
77,101
77,102
77,103
77,104
77,107
77,108
77,110
77,112
77,113
77,114
77,115
77,116
77,119
77,120
77,121
77,122
77,123
77,124
77,125
77,126
77,127
77,128
77,129
77,130
77,131
77,132
77,133
77,134
77,135
77,136
77,138
77,139
77,141
77,142
77,144
77,145
78,79
78,80
78,81
79,81
79,82
79,83
79,84
79,86
79,87
79,88
79,90
79,91
79,92
79,93
79,94
79,95
79,96
79,97
79,98
79,99
79,100
79,101
79,102
79,103
79,104
79,105
79,106
79,107
79,108
79,109
79,110
79,111
79,112
79,113
79,114
79,115
79,117
79,118
79,119
79,120
79,121
79,122
79,123
79,124
79,125
79,127
79,128
79,133
79,137
79,140
79,141
79,144
79,151
79,152
79,156
79,163
79,168
79,172
79,173
79,177
79,178
79,180
79,182
79,192
80,81
80,82
80,83
80,84
80,85
80,86
80,87
80,89
80,90
80,91
80,92
80,93
80,94
80,95
80,96
80,97
80,98
81,82
81,83
81,84
81,85
81,87
81,88
81,89
81,90
82,83
82,84
82,86
82,87
82,88
82,89
82,90
82,91
82,92
82,93
82,94
82,95
83,84
83,85
83,86
83,87
83,88
83,90
83,91
83,92
83,95
83,96
83,97
83,98
83,99
83,100
83,101
83,102
83,103
83,104
83,105
83,106
83,107
83,108
83,110
83,114
83,115
83,117
83,118
83,119
83,120
83,121
83,122
83,123
83,124
83,125
83,127
83,128
83,130
83,131
83,132
83,133
83,134
83,137
83,138
83,139
83,140
83,141
83,144
83,151
83,152
83,156
83,163
83,168
83,172
83,173
83,177
83,178
83,180
83,182
83,192
84,85
84,87
84,88
84,89
84,90
84,91
85,86
85,87
85,88
85,90
85,91
85,92
86,87
86,88
86,89
87,88
87,89
87,90
87,91
87,92
87,94
87,96
87,97
87,100
87,101
87,103
87,105
87,106
87,107
87,108
87,109
87,111
87,113
87,114
87,115
87,116
87,117
87,118
87,119
87,120
87,121
87,122
87,123
87,124
87,125
87,126
87,127
87,128
87,129
87,130
87,132
87,133
87,134
87,135
87,136
87,137
87,138
87,140
87,141
87,142
87,143
87,144
87,145
87,147
87,151
87,152
87,156
87,163
87,168
87,172
87,173
87,177
87,178
87,180
87,182
87,192
88,89
88,90
88,91
88,92
88,93
88,94
88,95
88,96
88,97
88,98
88,100
88,101
88,102
88,103
88,106
88,107
88,108
88,110
88,111
88,112
88,113
88,114
88,115
88,116
88,117
88,119
88,120
88,121
88,122
88,123
88,124
88,125
88,126
88,129
88,130
88,132
88,133
88,134
88,135
88,136
88,138
88,139
88,141
88,142
88,143
88,145
88,147
88,148
88,149
88,152
88,182
89,90
89,91
89,93
89,94
89,95
89,96
89,97
89,98
89,99
89,100
89,101
89,102
89,103
89,104
89,105
89,106
89,107
89,108
89,110
89,111
89,112
89,113
89,114
89,115
89,116
89,117
89,118
89,119
89,120
89,121
89,123
89,124
89,125
89,127
89,128
89,129
89,130
89,131
89,132
89,133
89,134
89,135
89,136
89,138
89,139
89,140
89,141
89,142
89,143
89,144
89,148
89,149
89,152
89,153
89,154
89,155
89,156
89,157
89,158
89,161
89,162
89,165
89,166
89,167
89,175
89,176
89,182
89,184
89,185
89,188
89,198
90,92
90,93
90,94
90,95
90,96
90,97
90,98
90,99
90,100
90,101
90,102
90,103
90,104
90,105
90,107
90,108
90,109
90,110
91,93
92,94
92,95
92,96
92,97
92,98
92,99
92,100
92,101
92,102
92,103
92,104
92,105
92,106
92,107
92,108
92,110
92,111
92,112
92,113
92,115
92,116
92,117
92,118
92,119
92,121
92,122
92,124
92,125
92,127
92,128
92,129
92,130
92,132
92,133
92,134
92,135
92,136
92,137
92,138
92,139
92,140
92,141
92,142
92,143
92,144
92,145
92,147
92,148
92,150
92,151
92,152
92,154
92,155
92,156
92,157
92,158
92,160
92,162
92,163
92,165
92,166
92,167
92,168
92,172
92,173
92,176
92,177
92,178
92,180
92,182
92,184
92,185
92,188
92,189
92,192
93,94
93,95
93,96
93,97
93,98
93,99
93,100
93,101
93,102
93,103
93,104
93,106
93,107
93,108
93,109
93,110
93,111
93,112
93,113
93,114
93,115
93,117
93,119
93,120
93,121
93,122
93,125
93,126
93,127
93,128
93,129
93,130
93,132
93,133
93,134
93,135
93,136
93,137
93,138
93,139
93,140
93,141
93,142
93,143
93,144
93,145
93,146
93,148
93,150
93,152
93,153
93,154
93,155
93,157
93,158
93,160
93,163
93,164
93,165
93,166
94,95
94,97
94,98
94,99
94,101
94,102
94,103
94,105
94,106
94,107
94,108
94,110
94,111
94,112
94,113
94,114
94,115
94,116
94,117
94,118
94,119
94,121
94,122
94,123
94,124
94,125
94,126
94,127
94,128
94,129
95,96
95,97
95,98
95,99
95,100
95,102
95,103
95,104
95,105
95,106
95,107
95,108
95,109
95,111
95,112
95,113
95,114
95,115
95,116
95,117
95,118
95,119
95,120
95,122
95,124
96,97
96,98
96,99
96,100
96,101
96,102
96,103
96,104
96,105
96,106
96,107
96,108
96,109
96,110
96,111
96,112
96,113
96,114
96,115
96,117
96,118
96,120
96,122
96,123
96,124
96,125
96,126
96,128
96,129
96,131
96,132
96,133
96,134
96,135
96,136
96,137
96,139
96,140
96,141
96,142
96,143
96,144
96,145
96,146
96,147
96,148
96,150
96,152
96,153
96,154
96,155
96,156
96,159
96,160
96,161
96,162
96,163
96,165
96,166
96,169
96,170
96,171
96,174
96,175
96,176
96,181
96,184
96,185
96,186
96,187
96,188
96,189
96,191
98,101
98,102
99,100
99,101
99,102
99,103
99,104
99,105
99,107
99,108
99,109
99,110
99,114
99,115
99,116
99,117
99,118
99,119
99,120
99,122
99,123
99,124
99,125
99,126
100,101
100,103
100,104
100,105
100,107
100,108
100,109
100,110
100,111
100,112
100,113
100,114
101,102
101,103
101,104
101,106
101,108
101,109
101,110
101,111
101,112
101,113
101,114
101,115
101,116
101,117
101,118
101,119
101,120
101,121
101,122
101,124
101,125
101,126
101,127
101,128
101,129
101,130
101,131
101,133
101,135
101,137
101,138
101,140
101,141
101,142
101,143
101,144
101,145
101,146
101,147
101,148
101,149
101,152
101,154
101,155
101,156
101,157
101,158
101,162
101,164
101,165
101,166
101,170
101,174
102,103
102,104
102,105
102,106
102,108
102,109
102,110
102,111
102,112
103,105
103,106
103,107
103,108
103,109
103,110
103,111
103,112
103,114
103,115
103,119
103,120
103,121
103,122
103,123
103,124
103,125
103,126
103,127
103,128
103,129
103,130
103,131
103,132
103,133
103,134
103,135
103,136
103,137
103,139
103,140
103,141
103,142
103,143
103,144
103,145
103,146
103,147
103,148
103,149
103,150
103,152
103,154
103,156
103,157
103,158
103,161
103,162
103,164
103,165
103,166
103,167
103,169
103,170
103,174
103,175
103,176
103,177
103,178
103,179
103,181
103,182
103,183
103,184
103,185
103,186
103,187
103,188
103,189
103,191
103,197
104,105
104,106
104,107
104,108
104,109
104,110
104,111
104,112
104,113
104,114
104,115
104,116
104,117
104,118
104,119
104,120
104,121
104,122
104,123
104,124
104,125
104,126
104,127
104,128
104,129
104,130
104,131
104,132
104,133
104,134
104,135
104,136
104,137
104,138
104,139
104,140
104,141
104,145
104,146
104,147
104,148
104,149
104,150
105,106
105,107
105,108
105,109
105,110
105,111
105,113
105,114
105,115
105,116
105,117
105,118
105,119
105,127
105,128
105,133
105,137
105,140
105,141
105,144
105,151
105,152
105,156
105,163
105,168
105,172
105,173
105,177
105,178
105,180
105,182
105,192
106,107
106,108
106,109
106,110
106,111
106,112
106,113
106,114
106,115
106,117
106,118
106,119
106,122
106,123
106,124
106,125
106,126
106,127
106,128
106,129
106,130
106,131
106,133
106,135
106,136
106,137
106,138
106,139
106,140
106,141
106,142
106,144
106,145
106,147
106,149
106,150
106,151
106,152
106,153
106,154
106,155
106,156
106,158
106,160
106,162
106,163
106,164
106,165
106,166
106,168
106,169
106,170
106,172
106,173
106,174
106,175
106,176
106,177
106,178
106,180
106,182
106,192
107,108
107,109
107,110
107,111
107,112
107,113
107,114
107,115
107,116
107,117
107,118
107,119
107,127
107,128
107,133
107,137
107,140
107,141
107,144
107,151
107,152
107,156
107,163
107,168
107,172
107,173
107,177
107,178
107,180
107,182
107,192
108,109
108,110
108,111
108,112
108,113
108,114
108,116
108,117
108,118
108,119
108,120
108,121
108,122
108,123
108,124
108,125
108,126
108,127
108,128
108,129
108,130
108,131
108,132
108,133
108,135
108,136
108,137
108,138
108,139
108,140
108,141
108,142
108,144
108,145
108,146
108,147
108,148
108,149
108,150
108,151
108,152
108,154
108,155
108,156
108,157
108,158
108,160
108,161
108,162
108,163
108,164
108,165
108,168
108,172
108,173
108,177
108,178
108,180
108,182
108,192
110,113
110,114
110,115
110,116
110,117
110,119
110,120
110,121
110,122
110,123
110,124
110,127
110,128
110,129
110,131
110,132
110,133
111,114
111,115
111,116
111,117
111,119
111,120
111,121
111,122
111,123
111,124
111,125
111,126
111,128
111,130
112,113
112,114
112,115
112,116
112,117
112,118
112,119
112,120
112,122
112,123
112,125
112,126
112,127
112,128
112,129
112,130
112,132
112,133
112,135
112,136
112,137
112,138
112,139
112,140
112,141
112,142
112,143
112,145
112,146
112,147
112,148
113,114
113,115
113,116
113,117
113,118
113,119
113,120
113,121
113,122
113,123
113,124
113,125
113,126
113,127
113,128
113,129
113,130
113,131
113,132
113,133
113,135
113,136
113,137
113,138
113,139
113,140
113,141
113,142
113,143
113,144
113,145
113,146
113,147
113,150
113,152
113,153
113,154
113,155
113,157
113,158
113,159
113,160
113,161
113,162
113,164
113,165
113,166
113,169
113,170
113,172
113,174
113,175
113,177
113,178
113,181
113,183
113,184
113,185
113,190
113,191
113,198
114,115
114,116
114,117
114,118
114,119
114,120
114,121
114,122
114,123
114,124
114,125
114,126
114,127
114,128
114,130
114,131
114,132
114,133
114,134
114,135
114,136
114,137
114,138
114,139
114,140
114,141
114,142
114,143
114,144
114,145
114,147
114,148
114,149
114,150
114,152
114,153
114,154
114,155
114,157
114,158
114,159
114,160
114,161
114,162
114,163
114,164
114,165
114,166
114,168
114,169
114,170
114,171
114,172
114,174
114,175
114,176
114,177
114,178
114,181
114,182
114,183
114,185
114,189
114,190
114,191
114,197
114,198
116,117
116,118
116,120
116,121
116,122
116,123
116,124
116,125
116,126
116,127
116,128
116,129
116,130
116,131
116,132
116,133
116,134
116,135
116,136
116,137
116,139
116,141
116,142
117,118
117,119
117,120
117,121
117,122
117,123
117,124
117,125
117,126
117,127
117,128
117,129
117,131
117,133
117,137
117,140
117,141
117,144
117,151
117,152
117,156
117,163
117,168
117,172
117,173
117,177
117,178
117,180
117,182
117,192
118,119
118,127
118,128
118,133
118,137
118,140
118,141
118,144
118,151
118,152
118,156
118,163
118,168
118,172
118,173
118,177
118,178
118,180
118,182
118,192
119,120
119,121
119,122
119,123
119,124
119,125
119,126
119,127
119,128
119,129
119,130
119,131
119,132
119,133
119,135
119,136
119,137
119,138
119,139
119,140
119,141
119,143
119,144
119,145
119,146
119,147
119,148
119,149
119,151
119,152
119,156
119,163
119,168
119,172
119,173
119,177
119,178
119,180
119,182
119,192
120,121
120,122
120,123
120,124
120,125
120,126
120,127
120,129
120,130
120,131
120,132
120,133
120,134
120,135
120,136
120,138
120,139
120,140
120,141
120,142
120,143
120,144
120,145
120,146
120,147
120,148
120,149
120,152
120,153
120,154
120,158
120,160
120,161
120,162
120,163
120,165
120,166
120,168
120,169
120,170
120,171
120,172
120,175
120,178
120,179
120,181
120,182
120,184
120,185
120,186
120,187
120,188
120,189
120,190
120,191
120,196
120,197
120,198
120,199
121,124
121,125
121,126
121,127
121,128
121,129
121,130
121,131
121,132
121,133
121,134
122,123
122,124
122,125
122,126
122,127
122,128
122,129
122,130
122,131
122,133
122,134
122,135
122,136
122,137
122,138
122,139
122,141
122,142
122,143
122,144
122,145
122,146
122,147
122,149
122,150
122,152
122,153
122,154
122,155
122,156
122,157
122,158
122,163
122,166
122,167
122,169
122,170
122,171
122,172
122,174
122,175
122,177
122,178
122,179
122,181
122,182
122,183
122,184
122,185
122,186
122,187
122,188
122,189
122,191
122,192
122,194
122,196
122,197
122,198
123,125
123,126
123,127
123,128
123,129
123,130
123,131
123,132
123,133
123,134
123,137
123,138
123,139
123,140
123,141
123,142
123,143
123,144
124,126
125,127
125,128
125,129
125,130
125,131
125,132
126,127
126,128
126,129
126,132
126,133
126,134
126,135
126,136
126,138
126,139
126,140
126,141
126,142
126,143
126,144
126,145
126,147
126,148
126,149
126,154
126,156
126,157
126,158
126,159
126,160
126,163
127,128
127,129
127,131
127,132
127,133
127,134
127,135
127,136
127,137
127,138
127,139
127,140
127,141
127,144
127,151
127,152
127,156
127,163
127,168
127,172
127,173
127,177
127,178
127,180
127,182
127,192
128,129
128,130
128,133
128,134
128,135
128,136
128,137
128,139
128,140
128,141
128,142
128,143
128,144
128,145
128,146
128,147
128,148
128,149
128,150
128,151
128,152
128,154
128,155
128,156
128,157
128,158
128,160
128,162
128,163
128,164
128,165
128,166
128,167
128,168
128,170
128,171
128,172
128,173
128,175
128,177
128,178
128,179
128,180
128,182
128,183
128,185
128,186
128,187
128,188
128,189
128,190
128,192
128,193
128,194
129,130
129,131
129,132
129,133
129,134
129,135
129,136
129,137
129,138
129,139
129,140
129,141
129,142
129,143
129,144
129,145
129,148
129,150
129,151
129,153
129,154
129,155
130,131
130,132
130,133
130,135
130,136
130,137
130,138
130,139
130,140
130,141
130,142
130,143
130,144
130,145
130,146
130,147
130,148
130,149
130,150
130,151
130,153
130,154
130,155
130,156
130,157
130,158
130,159
130,161
130,162
130,163
130,164
130,165
130,166
130,168
130,169
130,170
130,171
130,172
130,175
130,176
130,177
130,178
130,181
130,185
130,186
130,187
130,188
131,132
131,133
131,134
131,135
131,136
131,137
131,138
131,139
131,140
131,141
131,142
131,143
131,144
131,145
131,146
131,147
131,148
131,149
131,150
131,151
131,152
131,153
131,154
131,155
132,133
132,134
132,135
132,136
132,137
132,138
132,139
132,140
132,141
132,142
132,143
132,144
132,146
132,147
132,148
132,149
132,150
133,134
133,135
133,136
133,137
133,138
133,139
133,140
133,141
133,144
133,145
133,146
133,147
133,148
133,149
133,150
133,151
133,152
133,154
133,156
133,157
133,158
133,159
133,160
133,162
133,163
133,165
133,166
133,168
133,169
133,172
133,173
133,177
133,178
133,180
133,182
133,192
134,135
134,136
134,137
134,138
134,139
134,140
134,141
134,142
134,143
134,144
134,145
134,146
134,147
134,149
134,150
134,152
134,154
134,155
134,156
134,157
134,158
134,159
134,161
134,162
134,163
134,164
134,165
134,166
134,167
134,168
134,169
134,171
135,136
135,137
135,138
135,140
135,142
135,143
136,137
136,138
136,139
136,140
136,141
136,142
136,143
136,144
136,145
136,146
136,147
136,149
136,150
136,151
136,152
136,154
136,155
136,156
136,157
136,158
136,160
136,161
136,162
136,163
136,164
136,165
136,166
136,167
136,168
136,169
136,171
136,172
136,176
136,177
136,178
136,179
136,180
136,181
136,183
136,184
136,185
137,138
137,140
137,141
137,144
137,151
137,152
137,156
137,163
137,168
137,172
137,173
137,177
137,178
137,180
137,182
137,192
138,139
138,140
138,141
138,142
138,143
138,145
138,146
138,147
138,148
138,149
138,150
138,151
138,152
138,153
138,154
138,155
138,156
138,157
138,158
138,159
138,160
138,161
138,162
139,141
140,141
140,142
140,143
140,144
140,145
140,148
140,149
140,150
140,151
140,152
140,153
140,154
140,155
140,156
140,157
140,158
140,159
140,160
140,161
140,163
140,165
140,166
140,167
140,168
140,172
140,173
140,177
140,178
140,180
140,182
140,192
141,142
141,143
141,144
141,145
141,146
141,147
141,148
141,149
141,151
141,152
141,153
141,154
141,155
141,156
141,157
141,158
141,159
141,160
141,161
141,163
141,165
141,166
141,167
141,168
141,170
141,171
141,172
141,173
141,174
141,176
141,177
141,178
141,179
141,180
141,181
141,182
141,184
141,187
141,189
141,191
141,192
141,193
141,196
141,198
142,143
142,144
142,145
143,144
143,145
143,146
143,147
143,148
143,150
143,151
143,152
143,153
143,155
143,156
143,157
143,158
143,159
143,160
143,161
143,162
143,164
143,165
143,166
143,168
143,169
143,170
143,171
143,172
143,176
143,177
143,178
143,179
144,145
144,146
144,148
144,149
144,150
144,151
144,152
144,153
144,154
144,156
144,157
144,158
144,159
144,160
144,161
144,163
144,164
144,165
144,166
144,167
144,168
144,169
144,170
144,171
144,172
144,173
144,175
144,176
144,177
144,178
144,179
144,180
144,181
144,182
144,184
144,185
144,186
144,189
144,190
144,191
144,192
144,193
145,146
145,147
145,148
145,149
145,150
145,151
145,152
145,153
146,147
146,148
146,149
146,150
146,151
146,152
146,153
146,154
146,155
146,156
146,157
146,158
146,159
146,160
146,163
146,164
146,165
146,166
146,168
146,169
146,170
146,171
146,172
146,174
147,148
147,149
147,150
147,151
147,153
147,154
147,155
147,156
147,157
147,158
147,159
148,149
148,150
148,151
148,152
148,153
148,154
148,155
148,156
148,157
148,158
148,159
148,160
148,161
148,162
148,165
148,166
148,168
148,169
148,170
148,171
148,173
148,174
148,175
148,176
148,177
148,179
148,180
148,183
148,184
148,185
148,187
148,188
148,192
148,193
148,196
148,198
149,150
149,151
149,152
149,153
149,154
149,155
149,156
149,157
149,158
149,159
149,160
149,161
149,162
149,163
149,164
149,165
149,166
149,167
149,168
149,169
149,170
149,171
149,172
149,173
149,174
149,175
149,176
149,177
150,151
150,152
150,153
150,154
150,155
150,156
150,157
150,158
150,159
150,160
150,161
150,162
150,163
150,164
150,165
150,166
150,167
150,168
150,169
150,170
150,171
150,172
150,173
150,174
150,175
150,176
150,177
150,178
150,179
150,180
150,181
150,183
150,184
150,185
150,186
150,187
150,188
150,189
150,190
150,191
150,192
150,193
150,194
150,196
150,197
150,198
150,199
151,152
151,156
151,163
151,168
151,172
151,173
151,177
151,178
151,180
151,182
151,192
152,153
152,155
152,156
152,157
152,158
152,159
152,160
152,161
152,162
152,163
152,164
152,165
152,166
152,167
152,168
152,172
152,173
152,177
152,178
152,180
152,182
152,192
153,154
153,155
153,157
153,158
153,159
153,160
153,161
153,162
153,163
153,164
153,165
153,166
153,167
153,168
153,169
153,170
153,171
153,172
153,173
153,174
153,175
154,155
154,156
154,157
154,158
154,159
154,160
154,161
154,162
154,163
154,164
154,165
154,166
154,167
154,168
154,169
154,170
154,171
154,172
154,173
154,174
154,175
154,176
154,177
154,178
154,179
154,180
154,181
154,184
154,185
154,186
154,187
154,188
154,189
154,190
154,191
156,157
156,158
156,160
156,162
156,163
156,164
156,165
156,167
156,168
156,169
156,170
156,171
156,172
156,173
156,174
156,175
156,176
156,177
156,178
156,179
156,180
156,181
156,182
156,183
156,185
156,186
156,187
156,188
156,189
156,190
156,191
156,192
156,193
157,158
157,159
157,161
157,162
157,164
157,165
157,166
157,167
157,168
157,169
157,170
157,171
157,172
157,174
157,175
157,176
157,178
157,179
157,181
157,182
157,184
157,186
157,187
157,188
157,189
157,190
157,191
157,192
157,193
157,194
157,198
157,199
158,159
158,160
158,162
158,163
158,164
158,165
158,166
158,167
158,168
158,169
158,170
158,171
158,172
158,173
158,174
158,176
158,178
158,179
158,180
158,181
158,182
158,183
158,184
158,185
158,186
158,187
158,188
158,189
158,190
158,191
158,192
158,193
158,194
158,195
158,196
158,197
158,198
158,199
159,160
159,161
160,161
160,163
160,164
160,165
160,166
160,167
160,168
160,169
160,170
160,171
160,172
160,173
160,174
160,175
160,176
160,177
160,179
161,163
161,164
161,165
161,166
161,167
161,168
161,169
161,170
161,171
161,172
161,175
161,176
161,177
161,178
161,179
161,180
161,181
161,182
161,183
161,184
161,185
161,186
161,187
161,188
161,189
161,190
161,191
161,193
161,194
161,195
161,196
161,198
161,199
162,164
162,165
162,167
162,168
162,169
163,164
163,165
163,166
163,167
163,168
163,169
163,170
163,171
163,172
163,173
163,174
163,175
163,176
163,177
163,178
163,179
163,180
163,181
163,182
163,183
163,185
163,186
163,187
163,188
163,189
163,190
163,191
163,192
163,193
163,194
163,195
163,196
163,197
163,198
163,199
164,165
164,166
164,167
164,168
164,169
164,171
164,172
164,173
164,174
164,175
164,176
164,177
164,178
164,179
164,180
164,181
164,182
164,183
164,185
164,186
164,187
164,188
164,189
165,166
165,167
165,168
165,169
165,170
165,171
165,172
165,173
165,174
165,175
165,178
165,179
165,180
165,181
165,182
165,183
165,185
165,186
165,187
165,189
165,190
165,191
165,192
165,193
165,194
165,195
165,196
165,197
165,198
165,199
166,169
166,170
166,171
166,172
166,173
166,174
166,175
166,176
166,178
166,179
166,180
166,181
166,182
166,183
166,184
166,185
166,186
166,187
166,188
166,189
166,190
166,191
166,192
166,194
166,195
166,196
166,197
166,198
166,199
167,168
167,169
167,170
167,171
167,172
167,175
167,176
167,177
167,178
167,179
167,180
167,181
167,182
167,183
167,184
167,185
167,186
167,187
167,188
167,189
167,190
167,191
167,192
167,193
167,194
167,198
167,199
168,170
168,171
168,172
168,173
168,177
168,178
168,180
168,182
168,192
169,170
169,172
169,173
169,174
169,175
169,177
169,179
169,180
169,181
169,182
169,185
169,186
170,171
170,172
170,173
170,174
170,175
170,176
170,177
170,178
170,179
170,180
170,181
170,183
170,184
170,185
171,172
171,173
171,174
171,176
171,177
171,178
171,179
171,180
171,182
171,183
172,173
172,174
172,175
172,176
172,177
172,178
172,179
172,180
172,181
172,182
172,183
172,185
172,186
172,187
172,188
172,189
172,191
172,192
172,193
172,195
172,196
172,197
172,198
172,199
173,174
173,175
173,176
173,177
173,178
173,179
173,180
173,181
173,182
173,183
173,184
173,185
173,188
173,189
173,190
173,191
173,192
173,193
173,194
173,196
173,197
173,198
173,199
174,175
174,176
174,177
174,178
174,179
174,180
174,181
174,182
174,183
174,184
174,185
174,186
174,187
174,189
174,190
174,191
174,192
174,194
174,195
174,196
174,197
174,198
174,199
175,177
175,178
175,179
175,180
176,178
176,179
176,180
176,182
177,178
177,179
177,180
177,181
177,182
177,183
177,184
177,185
177,188
177,189
177,190
177,191
177,192
177,193
177,194
177,195
177,196
177,197
177,198
177,199
178,179
178,180
178,182
178,183
178,184
178,185
178,186
178,187
178,188
178,189
178,190
178,191
178,192
178,193
178,194
178,195
178,196
178,197
178,199
179,180
179,181
179,183
179,186
179,188
179,189
179,191
179,192
179,193
179,194
179,195
179,196
179,197
179,198
179,199
180,181
180,182
180,183
180,184
180,185
180,188
180,189
180,190
180,191
180,192
180,195
180,196
180,197
180,198
181,183
181,184
181,185
181,186
181,187
181,188
181,189
181,190
181,191
181,192
181,193
181,194
181,195
181,196
181,197
181,198
181,199
182,184
182,185
182,186
182,187
182,188
182,189
182,190
182,191
182,192
182,193
182,195
182,196
182,197
182,198
182,199
183,184
183,185
183,186
183,187
183,188
183,189
183,190
183,191
183,192
183,193
183,194
183,195
183,196
183,198
183,199
184,186
184,187
184,188
184,189
184,190
184,191
184,192
184,193
184,194
184,195
184,196
184,197
184,198
185,186
185,187
185,188
185,189
185,190
186,187
186,188
186,189
186,190
186,191
186,192
186,193
186,194
186,196
186,197
187,188
187,189
187,190
187,191
187,192
187,193
187,194
187,195
187,197
187,198
187,199
188,189
188,190
188,191
188,192
188,193
188,194
188,195
188,196
188,197
188,198
188,199
189,190
189,191
189,192
189,193
189,194
189,195
189,196
189,197
189,198
189,199
190,191
190,192
190,193
190,194
190,196
190,197
190,198
190,199
191,193
191,194
191,195
191,196
191,197
191,198
191,199
192,194
192,195
192,196
192,197
192,198
192,199
193,195
193,196
193,197
194,195
194,196
194,197
194,198
195,196
195,197
195,198
195,199
196,197
196,198
196,199
197,198
197,199
198,199
