0,1
0,2
0,3
0,4
0,5
0,6
0,7
0,8
0,9
0,10
0,11
0,12
0,13
0,14
0,15
0,16
0,17
0,18
0,19
0,20
0,21
0,22
0,23
0,24
0,25
0,26
0,27
0,28
0,29
0,30
0,31
0,32
0,33
0,34
0,35
0,36
0,37
0,38
1,2
1,3
1,4
1,5
1,6
1,7
1,8
1,9
1,10
1,11
1,12
1,13
1,14
1,15
1,16
1,17
1,18
1,19
1,20
1,21
1,22
1,23
1,24
1,25
1,26
1,27
1,28
1,29
1,30
1,31
1,32
1,33
1,34
1,35
1,36
1,37
1,38
1,41
1,47
1,62
1,64
1,71
1,74
1,76
1,78
1,82
1,88
1,90
1,106
1,110
1,112
1,123
1,126
1,129
1,136
1,145
1,147
1,153
1,156
1,157
1,170
1,174
1,180
1,182
1,187
1,190
1,194
1,195
1,197
2,3
2,4
2,5
2,6
2,7
2,8
2,9
2,10
2,11
2,12
2,13
2,14
2,15
2,16
2,17
2,18
2,19
2,20
2,21
2,22
2,23
2,24
2,25
2,26
2,27
2,28
2,29
2,30
2,31
2,32
2,33
2,34
2,35
2,36
2,37
2,38
3,4
3,5
3,6
3,7
3,8
3,9
3,10
3,11
3,12
3,13
3,14
3,15
3,16
3,17
3,18
3,19
3,20
3,21
3,22
3,23
3,24
3,25
3,26
3,27
3,28
3,29
3,30
3,31
3,32
3,33
3,34
3,35
3,36
3,37
3,38
4,5
4,6
4,7
4,8
4,9
4,10
4,11
4,12
4,13
4,14
4,15
4,16
4,17
4,18
4,19
4,20
4,21
4,22
4,23
4,24
4,25
4,26
4,27
4,28
4,29
4,30
4,31
4,32
4,33
4,34
4,35
4,36
4,37
4,38
5,6
5,7
5,8
5,9
5,10
5,11
5,12
5,13
5,14
5,15
5,16
5,17
5,18
5,19
5,20
5,21
5,22
5,23
5,24
5,25
5,26
5,27
5,28
5,29
5,30
5,31
5,32
5,33
5,34
5,35
5,36
5,37
5,38
6,7
6,8
6,9
6,10
6,11
6,12
6,13
6,14
6,15
6,16
6,17
6,18
6,19
6,20
6,21
6,22
6,23
6,24
6,25
6,26
6,27
6,28
6,29
6,30
6,31
6,32
6,33
6,34
6,35
6,36
6,37
6,38
7,8
7,9
7,10
7,11
7,12
7,13
7,14
7,15
7,16
7,17
7,18
7,19
7,20
7,21
7,22
7,23
7,24
7,25
7,26
7,27
7,28
7,29
7,30
7,31
7,32
7,33
7,34
7,35
7,36
7,37
7,38
8,9
8,10
8,11
8,12
8,13
8,14
8,15
8,16
8,17
8,18
8,19
8,20
8,21
8,22
8,23
8,24
8,25
8,26
8,27
8,28
8,29
8,30
8,31
8,32
8,33
8,34
8,35
8,36
8,37
8,38
9,10
9,11
9,12
9,13
9,14
9,15
9,16
9,17
9,18
9,19
9,20
9,21
9,22
9,23
9,24
9,25
9,26
9,27
9,28
9,29
9,30
9,31
9,32
9,33
9,34
9,35
9,36
9,37
9,38
10,11
10,12
10,13
10,14
10,15
10,16
10,17
10,18
10,19
10,20
10,21
10,22
10,23
10,24
10,25
10,26
10,27
10,28
10,29
10,30
10,31
10,32
10,33
10,34
10,35
10,36
10,37
10,38
11,12
11,13
11,14
11,15
11,16
11,17
11,18
11,19
11,20
11,21
11,22
11,23
11,24
11,25
11,26
11,27
11,28
11,29
11,30
11,31
11,32
11,33
11,34
11,35
11,36
11,37
11,38
12,13
12,14
12,15
12,16
12,17
12,18
12,19
12,20
12,21
12,22
12,23
12,24
12,25
12,26
12,27
12,28
12,29
12,30
12,31
12,32
12,33
12,34
12,35
12,36
12,37
12,38
13,14
13,15
13,16
13,17
13,18
13,19
13,20
13,21
13,22
13,23
13,24
13,25
13,26
13,27
13,28
13,29
13,30
13,31
13,32
13,33
13,34
13,35
13,36
13,37
13,38
14,15
14,16
14,17
14,18
14,19
14,20
14,21
14,22
14,23
14,24
14,25
14,26
14,27
14,28
14,29
14,30
14,31
14,32
14,33
14,34
14,35
14,36
14,37
15,16
15,17
15,18
15,19
15,20
15,21
15,22
15,23
15,24
15,25
15,26
15,27
15,28
15,29
15,30
15,31
15,32
15,33
15,34
15,35
15,36
15,37
15,38
16,17
16,18
16,19
16,20
16,21
16,22
16,23
16,24
16,25
16,26
16,27
16,28
16,29
16,30
16,31
16,32
16,33
16,34
16,35
16,36
16,37
16,38
16,41
16,47
16,62
16,64
16,71
16,74
16,76
16,78
16,82
16,88
16,90
16,106
16,110
16,112
16,123
16,126
16,129
16,136
16,145
16,147
16,153
16,156
16,157
16,170
16,174
16,180
16,182
16,187
16,190
16,194
16,195
16,197
17,18
17,19
17,20
17,21
17,22
17,23
17,24
17,25
17,26
17,27
17,28
17,29
17,30
17,31
17,32
17,33
17,34
17,35
17,36
17,37
17,38
18,19
18,20
18,21
18,22
18,23
18,24
18,25
18,26
18,27
18,28
18,29
18,30
18,31
18,32
18,33
18,34
18,35
18,36
18,37
18,38
19,20
19,21
19,22
19,23
19,24
19,25
19,26
19,27
19,28
19,29
19,30
19,31
19,32
19,33
19,34
19,35
19,36
19,37
19,38
19,41
19,47
19,62
19,64
19,71
19,74
19,76
19,78
19,82
19,88
19,90
19,106
19,110
19,112
19,123
19,126
19,129
19,136
19,145
19,147
19,153
19,156
19,157
19,170
19,174
19,180
19,182
19,187
19,190
19,194
19,195
19,197
20,21
20,22
20,23
20,24
20,25
20,26
20,27
20,28
20,29
20,30
20,31
20,32
20,33
20,34
20,35
20,36
20,37
20,38
20,41
20,47
20,62
20,64
20,71
20,74
20,76
20,78
20,82
20,88
20,90
20,106
20,110
20,112
20,123
20,126
20,129
20,136
20,145
20,147
20,153
20,156
20,157
20,170
20,174
20,180
20,182
20,187
20,190
20,194
20,195
20,197
21,22
21,23
21,24
21,25
21,26
21,27
21,28
21,29
21,30
21,31
21,32
21,33
21,34
21,35
21,36
21,37
21,38
21,41
21,47
21,62
21,64
21,71
21,74
21,76
21,78
21,82
21,88
21,90
21,106
21,110
21,112
21,123
21,126
21,129
21,136
21,145
21,147
21,153
21,156
21,157
21,170
21,174
21,180
21,182
21,187
21,190
21,194
21,195
21,197
22,23
22,24
22,25
22,26
22,27
22,28
22,29
22,30
22,31
22,32
22,33
22,34
22,35
22,36
22,37
22,38
23,24
23,25
23,26
23,27
23,28
23,29
23,30
23,31
23,32
23,33
23,34
23,35
23,36
23,37
23,38
24,25
24,26
24,27
24,28
24,29
24,30
24,31
24,32
24,33
24,34
24,35
24,36
24,37
24,38
25,26
25,27
25,28
25,29
25,30
25,31
25,32
25,33
25,34
25,35
25,36
25,37
25,38
26,27
26,28
26,29
26,30
26,31
26,32
26,33
26,34
26,35
26,36
26,37
26,38
27,28
27,29
27,30
27,31
27,32
27,33
27,34
27,35
27,36
27,37
27,38
28,29
28,30
28,31
28,32
28,33
28,34
28,35
28,36
28,37
28,38
29,30
29,31
29,32
29,33
29,34
29,35
29,36
29,37
29,38
30,31
30,32
30,33
30,34
30,35
30,36
30,37
30,38
30,41
30,47
30,62
30,64
30,71
30,74
30,76
30,78
30,82
30,88
30,90
30,106
30,110
30,112
30,123
30,126
30,129
30,136
30,145
30,147
30,153
30,156
30,157
30,170
30,174
30,180
30,182
30,187
30,190
30,194
30,195
30,197
31,32
31,33
31,34
31,35
31,36
31,37
31,38
32,33
32,34
32,35
32,36
32,37
32,38
33,34
33,35
33,36
33,37
33,38
34,35
34,36
34,37
34,38
35,36
35,37
35,38
36,37
36,38
36,41
36,47
36,62
36,64
36,71
36,74
36,76
36,78
36,82
36,88
36,90
36,106
36,110
36,112
36,123
36,126
36,129
36,136
36,145
36,147
36,153
36,156
36,157
36,170
36,174
36,180
36,182
36,187
36,190
36,194
36,195
36,197
37,38
41,47
41,62
41,64
41,71
41,74
41,76
41,78
41,82
41,88
41,90
41,106
41,110
41,112
41,123
41,126
41,129
41,136
41,145
41,147
41,153
41,156
41,157
41,170
41,174
41,180
41,182
41,187
41,190
41,194
41,195
41,197
47,62
47,64
47,71
47,74
47,76
47,78
47,82
47,88
47,90
47,106
47,110
47,112
47,123
47,126
47,129
47,136
47,145
47,147
47,153
47,156
47,157
47,170
47,174
47,180
47,182
47,187
47,190
47,194
47,195
47,197
60,72
60,74
60,80
60,82
60,86
61,63
62,63
62,64
62,65
62,66
62,67
62,71
62,74
62,76
62,78
62,82
62,88
62,90
62,106
62,110
62,112
62,123
62,126
62,129
62,136
62,145
62,147
62,153
62,156
62,157
62,170
62,174
62,180
62,182
62,187
62,190
62,194
62,195
62,197
63,65
63,67
63,68
63,70
64,65
64,67
64,68
64,71
64,74
64,76
64,78
64,82
64,88
64,90
64,106
64,110
64,112
64,123
64,126
64,129
64,136
64,145
64,147
64,153
64,156
64,157
64,170
64,174
64,180
64,182
64,187
64,190
64,194
64,195
64,197
66,68
66,69
66,70
66,71
66,80
66,82
66,83
66,87
66,91
67,69
67,70
67,71
67,74
67,75
67,76
67,78
67,79
67,80
67,82
67,83
67,87
67,91
67,92
67,94
67,107
67,110
68,70
68,71
68,75
68,76
68,78
68,79
68,81
68,82
68,87
68,91
68,95
68,97
68,98
68,107
68,110
68,118
69,71
69,74
69,75
69,76
69,77
69,78
69,80
69,81
69,82
69,83
69,86
69,87
69,92
69,94
69,95
69,98
69,99
69,102
70,71
70,72
70,74
70,76
70,79
70,80
70,81
70,82
70,85
70,86
70,87
70,91
70,92
70,94
70,95
70,97
70,98
70,102
70,105
70,116
70,124
71,72
71,73
71,74
71,75
71,76
71,78
71,79
71,80
71,81
71,82
71,83
71,85
71,86
71,87
71,88
71,90
71,91
71,92
71,93
71,94
71,106
71,110
71,112
71,123
71,126
71,129
71,136
71,145
71,147
71,153
71,156
71,157
71,170
71,174
71,180
71,182
71,187
71,190
71,194
71,195
71,197
72,74
72,75
72,76
72,77
72,78
72,79
72,80
73,74
73,77
73,78
73,79
73,80
73,82
73,83
73,87
74,75
74,76
74,77
74,78
74,79
74,80
74,81
74,82
74,83
74,85
74,86
74,88
74,90
74,106
74,110
74,112
74,123
74,126
74,129
74,136
74,145
74,147
74,153
74,156
74,157
74,170
74,174
74,180
74,182
74,187
74,190
74,194
74,195
74,197
75,76
75,77
75,78
75,79
75,80
75,81
75,83
75,84
75,85
75,86
75,88
75,95
75,96
75,97
75,110
75,111
75,115
75,118
75,124
75,152
76,77
76,78
76,79
76,80
76,81
76,82
76,83
76,84
76,88
76,90
76,106
76,110
76,112
76,123
76,126
76,129
76,136
76,145
76,147
76,153
76,156
76,157
76,170
76,174
76,180
76,182
76,187
76,190
76,194
76,195
76,197
77,79
77,81
77,83
77,85
77,86
77,87
77,88
77,89
77,91
77,92
77,93
77,96
77,97
77,98
77,99
77,101
77,102
77,111
77,116
77,118
77,124
77,127
78,80
78,81
78,82
78,84
78,86
78,88
78,90
78,91
78,106
78,110
78,112
78,123
78,126
78,129
78,136
78,145
78,147
78,153
78,156
78,157
78,170
78,174
78,180
78,182
78,187
78,190
78,194
78,195
78,197
79,80
79,81
79,85
79,86
79,87
79,88
79,89
79,90
79,92
79,94
79,95
79,96
80,81
80,82
80,84
80,85
80,87
80,88
80,89
80,90
80,91
80,92
80,94
80,95
80,96
80,98
80,99
80,101
80,102
80,103
81,82
81,86
81,87
81,89
81,90
81,92
81,93
81,94
81,95
81,96
81,97
81,98
81,101
81,102
81,103
81,108
82,83
82,84
82,86
82,87
82,88
82,90
82,91
82,92
82,106
82,110
82,112
82,123
82,126
82,129
82,136
82,145
82,147
82,153
82,156
82,157
82,170
82,174
82,180
82,182
82,187
82,190
82,194
82,195
82,197
83,84
83,85
83,86
83,87
83,90
83,91
83,92
83,93
83,94
83,95
83,96
83,97
83,98
83,99
83,100
84,85
84,86
84,88
84,89
84,90
84,91
84,92
84,93
84,94
84,96
84,97
84,98
84,100
84,104
84,105
84,108
84,116
85,86
85,87
85,88
85,89
85,90
85,92
85,93
85,94
85,95
85,96
85,97
85,100
85,101
85,103
85,104
85,105
85,108
85,109
85,110
85,115
85,116
85,119
86,88
86,89
86,90
86,91
86,92
86,93
86,94
86,95
86,96
86,97
86,98
86,99
86,101
86,102
86,103
86,104
86,105
86,107
86,108
86,109
86,110
86,111
86,115
86,116
86,118
86,119
87,88
87,89
87,90
87,91
87,93
87,94
87,95
87,96
87,100
87,101
87,102
87,104
87,105
87,107
87,108
87,109
87,110
87,111
87,115
87,116
87,117
87,118
87,119
88,90
88,91
88,92
88,93
88,94
88,96
88,99
88,101
88,102
88,103
88,104
88,105
88,106
88,107
88,108
88,109
88,110
88,111
88,112
88,113
88,114
88,116
88,117
88,118
88,119
88,123
88,125
88,126
88,129
88,136
88,145
88,147
88,153
88,156
88,157
88,170
88,174
88,180
88,182
88,187
88,190
88,194
88,195
88,197
90,92
90,93
90,106
90,110
90,112
90,123
90,126
90,129
90,136
90,145
90,147
90,153
90,156
90,157
90,170
90,174
90,180
90,182
90,187
90,190
90,194
90,195
90,197
91,92
91,93
91,96
91,98
91,99
91,100
91,101
91,102
91,103
91,105
91,109
91,110
91,111
91,113
91,114
91,115
91,116
91,117
91,119
91,125
91,127
92,93
92,96
92,97
92,98
92,99
92,100
92,101
93,95
93,96
93,97
93,98
93,101
94,95
94,96
94,97
94,98
94,99
94,100
94,101
94,102
94,109
94,110
94,112
94,113
94,114
94,115
94,116
94,117
94,119
94,124
94,125
94,127
95,96
95,97
95,98
95,99
95,100
95,101
95,102
95,103
95,104
95,105
95,108
95,110
95,111
95,112
95,113
95,114
95,116
95,117
95,118
95,124
95,125
95,127
95,133
95,150
96,97
96,98
96,99
96,100
96,101
96,102
96,103
96,104
96,105
96,106
96,107
96,108
96,109
96,110
96,111
96,112
96,113
96,115
96,116
96,117
96,119
96,122
96,124
96,125
96,127
96,130
96,133
97,99
97,100
97,102
97,103
97,104
97,105
97,106
97,107
97,108
97,109
97,110
97,111
97,112
97,113
97,115
98,99
98,100
98,101
98,102
98,104
98,105
98,106
98,107
98,109
98,112
98,115
98,116
98,117
98,118
98,119
98,122
98,123
98,124
98,125
98,127
98,129
98,130
98,131
98,132
98,133
98,134
99,100
99,101
99,102
99,103
99,104
99,105
99,106
99,109
99,110
99,111
99,112
99,113
99,114
99,115
99,116
99,118
99,119
99,122
99,123
99,124
99,127
99,129
99,130
99,131
99,132
99,133
99,134
99,139
99,142
99,150
99,152
100,102
100,103
100,104
100,105
100,106
100,107
100,110
101,102
101,103
101,104
101,105
101,107
101,108
101,109
101,115
101,118
101,122
102,106
102,107
102,109
102,110
102,112
102,113
102,114
102,115
102,116
102,117
102,118
102,119
103,104
103,105
103,107
103,108
103,109
103,110
103,111
103,112
103,113
103,114
103,116
104,105
104,106
104,107
104,108
104,109
104,110
104,111
104,113
104,114
104,115
104,116
104,119
104,120
104,125
104,127
104,129
104,131
104,132
104,133
104,139
104,152
106,108
106,110
106,112
106,123
106,126
106,129
106,136
106,145
106,147
106,153
106,156
106,157
106,170
106,174
106,180
106,182
106,187
106,190
106,194
106,195
106,197
107,109
107,110
107,112
107,114
107,116
107,118
107,119
107,120
107,123
107,124
107,125
107,127
107,130
107,131
107,132
107,134
107,135
107,136
108,109
109,110
109,114
109,115
109,119
109,120
109,121
109,122
109,123
109,124
109,125
109,127
109,131
109,133
109,135
109,136
109,138
109,142
109,150
109,152
110,112
110,113
110,114
110,115
110,116
110,117
110,118
110,119
110,120
110,121
110,122
110,123
110,124
110,125
110,126
110,127
110,129
110,130
110,131
110,132
110,133
110,134
110,135
110,136
110,138
110,139
110,142
110,145
110,147
110,152
110,153
110,156
110,157
110,170
110,174
110,180
110,182
110,187
110,190
110,194
110,195
110,197
111,112
111,113
112,113
112,115
112,116
112,117
112,118
112,122
112,123
112,124
112,126
112,129
112,136
112,145
112,147
112,153
112,156
112,157
112,170
112,174
112,180
112,182
112,187
112,190
112,194
112,195
112,197
113,114
113,115
113,116
113,117
113,118
113,119
113,120
113,122
113,123
113,124
113,125
113,126
113,127
113,130
113,132
113,134
113,135
113,136
113,138
113,139
113,142
114,115
114,116
114,117
114,118
114,119
114,120
114,121
114,123
114,124
114,126
114,127
114,130
114,133
114,134
115,116
115,117
115,120
115,121
115,122
115,123
115,124
115,125
115,126
115,127
115,129
115,130
115,131
115,132
115,133
115,134
115,135
115,136
115,137
115,138
116,118
116,120
116,121
116,122
116,123
116,124
116,125
116,126
116,129
116,130
116,131
116,132
116,133
116,134
116,135
116,137
116,138
116,139
116,141
116,143
116,146
116,151
117,118
117,119
117,120
117,122
117,123
117,124
117,125
117,127
117,129
117,130
117,131
117,132
117,133
117,134
117,135
117,136
118,119
118,120
118,121
118,122
118,123
118,125
118,126
118,127
118,129
118,130
119,121
119,122
119,123
119,124
119,125
119,126
119,127
119,129
119,130
119,131
119,132
119,133
119,134
119,135
119,137
119,138
119,139
119,141
119,143
119,150
119,151
120,121
120,123
121,122
121,123
121,125
121,126
121,128
121,129
121,130
121,131
121,132
121,133
122,124
122,125
122,126
123,124
123,125
123,126
123,128
123,129
123,130
123,132
123,133
123,135
123,136
123,137
123,138
123,140
123,141
123,142
123,143
123,145
123,147
123,153
123,156
123,157
123,170
123,174
123,180
123,182
123,187
123,190
123,194
123,195
123,197
124,125
124,128
124,129
124,130
124,131
124,132
124,135
124,137
124,138
124,139
124,140
124,141
124,143
124,149
124,150
124,151
125,126
125,128
125,129
125,130
125,131
125,132
125,133
125,134
125,135
125,137
125,139
125,140
125,141
125,144
125,146
125,148
126,127
126,128
126,129
126,130
126,132
126,133
126,134
126,135
126,136
126,137
126,138
126,139
126,140
126,141
126,142
126,143
126,144
126,145
126,146
126,147
126,149
126,150
126,151
126,153
126,156
126,157
126,170
126,174
126,180
126,182
126,187
126,190
126,194
126,195
126,197
127,128
127,129
127,130
127,131
127,134
127,135
127,136
127,137
127,139
127,141
127,142
127,143
127,146
127,147
127,148
127,149
127,150
127,151
127,152
127,155
127,156
127,164
128,130
128,131
128,133
128,135
128,136
128,137
128,140
128,141
128,142
128,143
128,144
128,146
128,147
128,148
128,149
128,150
128,151
128,152
128,154
129,130
129,131
129,133
129,134
129,136
129,137
129,138
129,139
129,140
129,143
129,144
129,145
129,146
129,147
129,148
129,149
129,150
129,151
129,152
129,153
129,154
129,155
129,156
129,157
129,164
129,170
129,174
129,180
129,182
129,187
129,190
129,194
129,195
129,197
130,131
130,132
130,133
130,134
130,135
130,136
130,137
130,139
130,140
130,141
130,142
130,143
130,144
130,145
130,146
130,147
130,148
130,149
130,150
130,152
130,154
130,155
130,156
130,164
131,132
131,133
131,134
131,135
131,136
131,137
131,138
131,139
131,140
131,141
131,142
131,143
131,144
131,146
131,147
131,148
131,149
131,150
131,151
131,152
131,154
131,155
131,164
131,182
132,133
132,134
132,135
132,136
132,137
132,138
132,139
132,140
132,141
132,142
132,143
132,147
132,148
132,149
132,150
132,151
132,152
132,154
132,156
132,160
132,164
132,165
133,134
133,135
133,136
133,137
133,138
133,140
133,141
133,142
133,143
133,144
133,145
133,146
133,147
133,148
133,149
133,150
133,151
133,152
133,154
133,155
133,156
133,158
133,159
133,160
133,164
133,165
134,137
134,138
134,139
134,140
134,141
135,137
135,138
135,139
135,140
135,141
135,142
135,143
135,144
135,145
135,146
135,147
135,149
135,151
136,137
136,139
136,140
136,141
136,142
136,143
136,145
136,146
136,147
136,149
136,150
136,151
136,153
136,155
136,156
136,157
136,170
136,174
136,180
136,182
136,187
136,190
136,194
136,195
136,197
137,138
137,139
137,140
138,139
138,140
138,141
138,142
138,143
138,144
138,145
138,146
138,148
138,149
138,150
138,151
138,154
138,156
138,159
138,160
138,182
139,140
139,141
139,142
139,143
139,144
139,145
139,146
139,149
139,150
139,151
139,152
139,153
139,154
139,155
139,156
139,158
139,159
139,160
139,161
139,164
139,165
139,182
140,141
140,142
140,143
140,144
140,145
140,146
140,147
140,148
140,149
140,150
140,151
140,153
140,155
140,156
140,158
140,161
140,162
140,164
140,165
140,172
140,174
140,176
140,177
141,142
141,143
141,144
141,147
141,148
141,149
141,150
141,151
141,155
141,156
141,158
142,143
142,146
142,148
142,149
142,151
142,156
142,158
142,159
142,160
142,161
142,162
142,164
142,165
142,166
142,169
142,171
142,172
142,177
142,182
143,144
143,145
143,146
143,147
143,148
143,149
143,150
143,151
143,152
143,153
143,154
143,158
143,160
143,161
143,162
143,163
143,164
143,165
143,166
144,145
144,146
144,147
144,148
144,149
144,150
145,147
145,149
145,150
145,151
145,152
145,153
145,156
145,157
145,158
145,170
145,174
145,180
145,182
145,187
145,190
145,194
145,195
145,197
146,147
147,148
147,149
147,150
147,151
147,153
147,154
147,155
147,156
147,157
147,161
147,162
147,163
147,164
147,165
147,167
147,169
147,170
147,171
147,174
147,176
147,177
147,178
147,180
147,182
147,187
147,190
147,194
147,195
147,197
148,149
148,150
148,151
148,154
148,155
148,157
148,158
148,159
148,161
148,163
148,164
148,165
148,167
148,172
148,174
149,150
149,153
149,154
149,155
149,156
149,157
149,158
149,159
149,160
149,161
149,162
149,163
149,164
149,165
149,166
149,167
149,169
149,171
149,172
149,174
149,176
149,177
149,178
150,151
150,152
150,153
150,154
150,155
150,156
150,157
150,158
150,160
150,161
150,162
150,163
150,164
150,166
150,167
150,171
150,172
150,174
150,177
150,178
150,180
150,182
150,183
151,152
151,153
151,154
151,155
151,157
151,159
151,160
151,161
151,162
151,163
151,164
151,165
151,166
151,167
151,171
151,172
151,174
151,178
151,180
151,182
151,183
151,184
151,185
152,153
152,154
152,157
152,158
152,159
152,160
152,161
152,162
152,163
152,164
152,165
152,166
152,167
152,169
152,171
152,172
152,174
152,176
152,178
152,179
152,180
152,181
152,182
152,183
152,184
152,196
153,154
153,155
153,156
153,157
153,158
153,159
153,160
153,161
153,162
153,163
153,164
153,165
153,166
153,167
153,168
153,170
153,171
153,172
153,174
153,176
153,177
153,178
153,180
153,182
153,183
153,187
153,189
153,190
153,193
153,194
153,195
153,196
153,197
154,155
154,156
155,157
155,158
155,159
155,161
155,162
155,163
155,164
155,165
155,166
155,167
155,168
155,169
155,171
155,174
155,175
155,176
155,178
155,179
155,180
155,182
155,183
155,185
155,189
156,157
156,158
156,159
156,163
156,165
156,166
156,167
156,169
156,170
156,171
156,172
156,174
156,175
156,176
156,178
156,179
156,180
156,181
156,182
156,183
156,185
156,187
156,189
156,190
156,193
156,194
156,195
156,196
156,197
157,159
157,160
157,161
157,162
157,163
157,164
157,165
157,167
157,168
157,169
157,170
157,171
157,172
157,174
157,176
157,177
157,178
157,179
157,180
157,182
157,187
157,190
157,194
157,195
157,197
158,159
158,160
158,161
158,162
159,160
159,161
159,162
159,164
159,165
159,166
159,167
159,168
159,171
159,174
159,175
159,178
159,179
159,181
159,182
159,193
159,196
160,162
160,164
160,165
160,167
160,168
160,169
160,170
160,171
160,173
160,174
160,175
160,177
160,178
160,179
160,180
160,181
160,182
160,183
160,184
160,185
160,186
160,188
160,189
160,196
160,198
161,162
161,163
161,165
161,166
161,169
161,170
161,171
161,172
162,164
162,165
162,166
162,167
162,169
162,170
162,171
162,172
162,175
162,176
162,179
162,182
162,183
162,184
162,185
162,186
162,188
162,192
162,193
162,194
163,164
163,165
163,166
163,167
163,169
163,170
163,171
163,172
163,173
163,175
163,176
163,177
163,178
163,179
163,180
163,182
163,184
163,185
163,186
163,187
163,188
164,165
164,168
164,170
164,171
164,172
164,173
164,174
164,175
164,176
164,177
164,179
164,180
164,182
164,183
164,184
164,185
164,186
164,189
164,194
164,196
164,198
165,166
165,167
165,168
165,169
165,170
165,172
165,173
165,174
165,175
165,176
165,177
165,178
165,179
165,180
165,181
165,183
165,184
165,185
165,186
165,187
165,188
165,191
165,193
165,196
165,198
165,199
166,167
166,168
167,168
167,170
167,171
167,172
167,173
167,174
167,175
167,177
167,178
168,169
168,170
168,171
168,172
168,173
168,174
168,175
168,176
168,177
168,178
168,179
168,181
168,183
168,187
168,188
168,194
170,171
170,172
170,173
170,174
170,175
170,176
170,180
170,182
170,187
170,190
170,194
170,195
170,197
171,173
171,175
171,176
171,177
171,178
171,179
171,180
171,182
171,185
171,187
171,188
171,190
171,192
171,193
171,199
172,173
172,174
172,175
172,176
172,177
172,178
172,180
172,181
172,182
172,183
172,184
172,185
172,186
172,187
172,188
172,189
172,190
172,191
172,192
172,193
172,194
172,196
172,199
174,175
174,176
174,177
174,178
174,179
174,180
174,181
174,182
174,183
174,185
174,187
174,189
174,190
174,192
174,193
174,194
174,195
174,196
174,197
174,199
175,176
175,178
176,177
176,179
176,181
176,182
176,184
176,185
176,186
176,187
176,188
176,189
176,192
176,193
176,194
176,196
176,198
176,199
177,179
177,181
178,179
178,180
178,181
178,182
178,183
178,185
179,180
179,181
179,183
179,184
179,185
179,186
179,189
179,190
179,191
179,192
179,198
179,199
180,182
180,183
180,184
180,185
180,186
180,187
180,188
180,189
180,190
180,191
180,192
180,193
180,194
180,195
180,196
180,197
180,198
181,182
181,183
181,184
181,185
181,186
181,187
181,188
181,189
181,191
181,192
181,193
181,194
181,196
181,199
182,183
182,185
182,187
182,188
182,189
182,190
182,194
182,195
182,196
182,197
182,198
182,199
183,184
183,185
183,186
183,187
183,188
183,189
183,190
183,191
183,192
183,193
183,195
183,196
183,198
183,199
185,186
185,188
185,190
185,192
185,193
185,194
185,196
185,197
185,198
185,199
186,187
187,190
187,194
187,195
187,197
189,190
189,191
189,192
189,193
189,196
189,199
190,192
190,193
190,194
190,195
190,196
190,197
191,192
191,193
191,194
193,194
193,197
193,199
194,195
194,197
194,198
194,199
195,197
195,198
195,199
196,198
196,199
197,199
