0,1
0,2
0,3
0,4
0,5
0,6
0,7
0,8
0,9
0,10
0,11
0,12
0,13
0,14
0,15
0,16
0,17
0,18
0,19
0,20
0,21
0,22
0,23
0,24
0,25
0,26
0,27
0,28
0,29
0,30
0,31
0,32
0,33
0,34
0,35
0,36
0,37
0,38
0,39
0,40
0,41
0,42
0,43
0,44
0,45
0,46
0,47
0,48
0,49
0,50
0,51
0,52
0,53
0,54
0,55
0,56
0,57
0,58
0,59
0,60
0,61
0,62
0,63
0,64
0,65
0,66
0,67
0,68
0,69
0,70
0,113
0,114
0,115
0,116
0,117
0,118
0,122
0,129
0,130
0,131
0,132
0,134
0,135
0,137
0,140
0,141
0,143
1,2
1,3
1,4
1,5
1,6
1,7
1,8
1,9
1,10
1,11
1,12
1,13
1,14
1,15
1,16
1,17
1,18
1,19
1,20
1,21
1,22
1,23
1,24
1,25
1,26
1,27
1,28
1,29
1,30
1,31
1,32
1,33
1,34
1,35
1,36
1,37
1,38
1,39
1,40
1,41
1,42
1,43
1,44
1,45
1,46
1,47
1,48
1,49
1,50
1,51
1,52
1,53
1,54
1,55
1,56
1,57
1,58
1,59
1,60
1,61
1,62
1,63
1,64
1,65
1,66
1,67
1,68
1,69
1,70
1,108
1,112
1,113
1,114
1,116
1,117
1,118
1,130
1,131
1,132
1,135
2,3
2,4
2,5
2,6
2,7
2,8
2,9
2,10
2,11
2,12
2,13
2,14
2,15
2,16
2,17
2,18
2,19
2,20
2,21
2,22
2,23
2,24
2,25
2,26
2,27
2,28
2,29
2,30
2,31
2,32
2,33
2,34
2,35
2,36
2,37
2,38
2,39
2,40
2,41
2,42
2,43
2,44
2,45
2,46
2,47
2,48
2,49
2,50
2,51
2,52
2,53
2,54
2,55
2,56
2,57
2,58
2,59
2,60
2,61
2,62
2,63
2,64
2,65
2,66
2,67
2,68
2,69
2,70
2,71
2,73
2,75
2,79
2,80
2,85
2,89
2,94
2,98
2,100
2,101
2,103
2,104
2,109
2,111
2,112
2,113
2,114
2,116
2,117
2,118
2,120
2,122
2,123
2,130
2,133
2,135
2,137
2,139
2,140
2,141
2,148
2,152
2,153
2,156
2,157
2,160
2,166
2,170
2,173
2,175
2,178
2,184
2,185
2,187
2,188
2,189
2,193
2,195
2,197
2,199
3,4
3,5
3,6
3,7
3,8
3,9
3,10
3,11
3,12
3,13
3,14
3,15
3,16
3,17
3,18
3,19
3,20
3,21
3,22
3,23
3,24
3,25
3,26
3,27
3,28
3,29
3,30
3,31
3,32
3,33
3,34
3,35
3,36
3,37
3,38
3,39
3,40
3,41
3,42
3,43
3,44
3,45
3,46
3,47
3,48
3,49
3,50
3,51
3,52
3,53
3,54
3,55
3,56
3,57
3,58
3,59
3,60
3,61
3,62
3,63
3,64
3,65
3,66
3,67
3,68
3,69
3,70
4,5
4,6
4,7
4,8
4,9
4,10
4,11
4,12
4,13
4,14
4,15
4,16
4,17
4,18
4,19
4,20
4,21
4,22
4,23
4,24
4,25
4,26
4,27
4,28
4,29
4,30
4,31
4,32
4,33
4,34
4,35
4,36
4,37
4,38
4,39
4,40
4,41
4,42
4,43
4,44
4,45
4,46
4,47
4,48
4,49
4,50
4,51
4,52
4,53
4,54
4,55
4,56
4,57
4,58
4,59
4,60
4,61
4,62
4,63
4,64
4,65
4,66
4,67
4,68
4,69
4,70
4,112
4,113
4,116
4,117
4,118
4,121
4,130
4,132
4,139
4,140
4,141
4,149
4,158
5,6
5,7
5,8
5,9
5,10
5,11
5,12
5,13
5,14
5,15
5,16
5,17
5,18
5,19
5,20
5,21
5,22
5,23
5,24
5,25
5,26
5,27
5,28
5,29
5,30
5,31
5,32
5,33
5,34
5,35
5,36
5,37
5,38
5,39
5,40
5,41
5,42
5,43
5,44
5,45
5,46
5,47
5,48
5,49
5,50
5,51
5,52
5,53
5,54
5,55
5,56
5,57
5,58
5,59
5,60
5,61
5,62
5,63
5,64
5,65
5,66
5,67
5,68
5,69
5,70
6,7
6,8
6,9
6,10
6,11
6,12
6,13
6,14
6,15
6,16
6,17
6,18
6,19
6,20
6,21
6,22
6,23
6,24
6,25
6,26
6,27
6,28
6,29
6,30
6,31
6,32
6,33
6,34
6,35
6,36
6,37
6,38
6,39
6,40
6,41
6,42
6,43
6,44
6,45
6,46
6,47
6,48
6,49
6,50
6,51
6,52
6,53
6,54
6,55
6,56
6,57
6,58
6,59
6,60
6,61
6,62
6,63
6,64
6,65
6,66
6,67
6,68
6,69
6,70
6,71
6,73
6,75
6,79
6,80
6,85
6,89
6,94
6,98
6,100
6,101
6,103
6,104
6,109
6,111
6,112
6,113
6,114
6,116
6,117
6,118
6,120
6,122
6,123
6,130
6,133
6,139
6,140
6,141
6,148
6,152
6,153
6,156
6,157
6,160
6,166
6,170
6,173
6,175
6,178
6,184
6,185
6,187
6,188
6,189
6,193
6,195
6,197
6,199
7,8
7,9
7,10
7,11
7,12
7,13
7,14
7,15
7,16
7,17
7,18
7,19
7,20
7,21
7,22
7,23
7,24
7,25
7,26
7,27
7,28
7,29
7,30
7,31
7,32
7,33
7,34
7,35
7,36
7,37
7,38
7,39
7,40
7,41
7,42
7,43
7,44
7,45
7,46
7,47
7,48
7,49
7,50
7,51
7,52
7,53
7,54
7,55
7,56
7,57
7,58
7,59
7,60
7,61
7,62
7,63
7,64
7,65
7,66
7,67
7,68
7,69
7,70
7,71
7,73
7,75
7,79
7,80
7,85
7,89
7,90
7,92
7,93
7,94
7,98
7,100
7,101
7,103
7,104
7,107
7,108
7,109
7,110
7,111
7,112
7,113
7,114
7,115
7,116
7,117
7,118
7,120
7,121
7,122
7,123
7,130
7,133
7,134
7,135
7,137
7,139
7,140
7,141
7,142
7,146
7,148
7,149
7,152
7,153
7,156
7,157
7,160
7,166
7,170
7,173
7,175
7,178
7,184
7,185
7,187
7,188
7,189
7,193
7,195
7,197
7,199
8,9
8,10
8,11
8,12
8,13
8,14
8,15
8,16
8,17
8,18
8,19
8,20
8,21
8,22
8,23
8,24
8,25
8,26
8,27
8,28
8,29
8,30
8,31
8,32
8,33
8,34
8,35
8,36
8,37
8,38
8,39
8,40
8,41
8,42
8,43
8,44
8,45
8,46
8,47
8,48
8,49
8,50
8,51
8,52
8,53
8,54
8,55
8,56
8,57
8,58
8,59
8,60
8,61
8,62
8,63
8,64
8,65
8,66
8,67
8,68
8,69
8,70
9,10
9,11
9,12
9,13
9,14
9,15
9,16
9,17
9,18
9,19
9,20
9,21
9,22
9,23
9,24
9,25
9,26
9,27
9,28
9,29
9,30
9,31
9,32
9,33
9,34
9,35
9,36
9,37
9,38
9,39
9,40
9,41
9,42
9,43
9,44
9,45
9,46
9,47
9,48
9,49
9,50
9,51
9,52
9,53
9,54
9,55
9,56
9,57
9,58
9,59
9,60
9,61
9,62
9,63
9,64
9,65
9,66
9,67
9,68
9,69
9,70
10,11
10,12
10,13
10,14
10,15
10,16
10,17
10,18
10,19
10,20
10,21
10,22
10,23
10,24
10,25
10,26
10,27
10,28
10,29
10,30
10,31
10,32
10,33
10,34
10,35
10,36
10,37
10,38
10,39
10,40
10,41
10,42
10,43
10,44
10,45
10,46
10,47
10,48
10,49
10,50
10,51
10,52
10,53
10,54
10,55
10,56
10,57
10,58
10,59
10,60
10,61
10,62
10,63
10,64
10,65
10,66
10,67
10,68
10,69
10,70
10,107
10,108
10,110
10,111
10,112
10,116
10,117
10,118
10,119
10,121
10,129
10,131
10,132
10,135
10,143
10,144
10,145
10,146
11,12
11,13
11,14
11,15
11,16
11,17
11,18
11,19
11,20
11,21
11,22
11,23
11,24
11,25
11,26
11,27
11,28
11,29
11,30
11,31
11,32
11,33
11,34
11,35
11,36
11,37
11,38
11,39
11,40
11,41
11,42
11,43
11,44
11,45
11,46
11,47
11,48
11,49
11,50
11,51
11,52
11,53
11,54
11,55
11,56
11,57
11,58
11,59
11,60
11,61
11,62
11,63
11,64
11,65
11,66
11,67
11,68
11,69
11,70
11,71
11,73
11,75
11,79
11,80
11,85
11,87
11,88
11,89
11,91
11,92
11,93
11,94
11,95
11,98
11,100
11,101
11,103
11,104
11,106
11,108
11,109
11,110
11,111
11,112
11,113
11,114
11,115
11,116
11,117
11,118
11,120
11,121
11,122
11,123
11,124
11,126
11,129
11,130
11,131
11,132
11,133
11,134
11,135
11,139
11,140
11,141
11,143
11,144
11,145
11,146
11,148
11,149
11,151
11,152
11,153
11,156
11,157
11,160
11,162
11,164
11,166
11,167
11,170
11,171
11,173
11,175
11,176
11,178
11,180
11,181
11,182
11,184
11,185
11,187
11,188
11,189
11,193
11,195
11,197
11,198
11,199
12,13
12,14
12,15
12,16
12,17
12,18
12,19
12,20
12,21
12,22
12,23
12,24
12,25
12,26
12,27
12,28
12,29
12,30
12,31
12,32
12,33
12,34
12,35
12,36
12,37
12,38
12,39
12,40
12,41
12,42
12,43
12,44
12,45
12,46
12,47
12,48
12,49
12,50
12,51
12,52
12,53
12,54
12,55
12,56
12,57
12,58
12,59
12,60
12,61
12,62
12,63
12,64
12,65
12,66
12,67
12,68
12,69
12,70
12,71
12,73
12,75
12,79
12,80
12,85
12,89
12,94
12,98
12,100
12,101
12,103
12,104
12,109
12,111
12,112
12,113
12,114
12,116
12,117
12,118
12,120
12,122
12,123
12,130
12,133
12,139
12,140
12,141
12,148
12,152
12,153
12,156
12,157
12,160
12,166
12,170
12,173
12,175
12,178
12,184
12,185
12,187
12,188
12,189
12,193
12,195
12,197
12,199
13,14
13,15
13,16
13,17
13,18
13,19
13,20
13,21
13,22
13,23
13,24
13,25
13,26
13,27
13,28
13,29
13,30
13,31
13,32
13,33
13,34
13,35
13,36
13,37
13,38
13,39
13,40
13,41
13,42
13,43
13,44
13,45
13,46
13,47
13,48
13,49
13,50
13,51
13,52
13,53
13,54
13,55
13,56
13,57
13,58
13,59
13,60
13,61
13,62
13,63
13,64
13,65
13,66
13,67
13,68
13,69
13,70
14,15
14,16
14,17
14,18
14,19
14,20
14,21
14,22
14,23
14,24
14,25
14,26
14,27
14,28
14,29
14,30
14,31
14,32
14,33
14,34
14,35
14,36
14,37
14,38
14,39
14,40
14,41
14,42
14,43
14,44
14,45
14,46
14,47
14,48
14,49
14,50
14,51
14,52
14,53
14,54
14,55
14,56
14,57
14,58
14,59
14,60
14,61
14,62
14,63
14,64
14,65
14,66
14,67
14,68
14,69
14,70
14,95
14,96
14,97
14,98
14,99
14,101
14,106
14,108
14,109
14,110
14,114
14,115
14,116
14,117
14,118
14,119
14,121
14,124
14,125
14,126
14,129
14,132
14,134
14,135
14,136
14,137
14,145
14,146
14,147
14,148
14,149
14,151
14,157
14,158
14,159
14,163
14,167
14,169
14,172
14,174
14,175
14,176
14,177
14,180
15,16
15,17
15,18
15,19
15,20
15,21
15,22
15,23
15,24
15,25
15,26
15,27
15,28
15,29
15,30
15,31
15,32
15,33
15,34
15,35
15,36
15,37
15,38
15,39
15,40
15,41
15,42
15,43
15,44
15,45
15,46
15,47
15,48
15,49
15,50
15,51
15,52
15,53
15,54
15,55
15,56
15,57
15,58
15,59
15,60
15,61
15,62
15,63
15,64
15,65
15,66
15,67
15,68
15,69
15,70
16,17
16,18
16,19
16,20
16,21
16,22
16,23
16,24
16,25
16,26
16,27
16,28
16,29
16,30
16,31
16,32
16,33
16,34
16,35
16,36
16,37
16,38
16,39
16,40
16,41
16,42
16,43
16,44
16,45
16,46
16,47
16,48
16,49
16,50
16,51
16,52
16,53
16,54
16,55
16,56
16,57
16,58
16,59
16,60
16,61
16,62
16,63
16,64
16,65
16,66
16,67
16,68
16,69
16,70
16,71
16,73
16,75
16,79
16,80
16,85
16,89
16,91
16,93
16,94
16,95
16,96
16,97
16,98
16,99
16,100
16,101
16,103
16,104
16,106
16,107
16,108
16,109
16,111
16,112
16,113
16,114
16,116
16,117
16,118
16,120
16,121
16,122
16,123
16,124
16,125
16,127
16,128
16,129
16,130
16,132
16,133
16,134
16,135
16,136
16,137
16,139
16,140
16,141
16,144
16,145
16,146
16,148
16,149
16,151
16,152
16,153
16,156
16,157
16,158
16,159
16,160
16,162
16,163
16,164
16,166
16,167
16,170
16,171
16,172
16,173
16,174
16,175
16,176
16,177
16,178
16,183
16,184
16,185
16,186
16,187
16,188
16,189
16,190
16,193
16,195
16,197
16,199
17,18
17,19
17,20
17,21
17,22
17,23
17,24
17,25
17,26
17,27
17,28
17,29
17,30
17,31
17,32
17,33
17,34
17,35
17,36
17,37
17,38
17,39
17,40
17,41
17,42
17,43
17,44
17,45
17,46
17,47
17,48
17,49
17,50
17,51
17,52
17,53
17,54
17,55
17,56
17,57
17,58
17,59
17,60
17,61
17,62
17,63
17,64
17,65
17,66
17,67
17,68
17,69
17,70
17,86
17,87
17,88
17,89
17,90
17,91
17,93
17,95
17,96
17,97
17,98
17,99
17,101
17,105
17,106
17,107
17,108
17,112
17,116
17,118
17,119
17,121
17,122
17,124
17,125
17,126
17,128
17,129
17,130
17,131
17,132
17,134
17,135
17,142
17,143
17,144
17,145
17,146
17,147
17,148
17,149
18,19
18,20
18,21
18,22
18,23
18,24
18,25
18,26
18,27
18,28
18,29
18,30
18,31
18,32
18,33
18,34
18,35
18,36
18,37
18,38
18,39
18,40
18,41
18,42
18,43
18,44
18,45
18,46
18,47
18,48
18,49
18,50
18,51
18,52
18,53
18,54
18,55
18,56
18,57
18,58
18,59
18,60
18,61
18,62
18,63
18,64
18,65
18,66
18,67
18,68
18,69
18,70
19,20
19,21
19,22
19,23
19,24
19,25
19,26
19,27
19,28
19,29
19,30
19,31
19,32
19,33
19,34
19,35
19,36
19,37
19,38
19,39
19,40
19,41
19,42
19,43
19,44
19,45
19,46
19,47
19,48
19,49
19,50
19,51
19,52
19,53
19,54
19,55
19,56
19,57
19,58
19,59
19,60
19,61
19,62
19,63
19,64
19,65
19,66
19,67
19,68
19,69
19,70
20,21
20,22
20,23
20,24
20,25
20,26
20,27
20,28
20,29
20,30
20,31
20,32
20,33
20,34
20,35
20,36
20,37
20,38
20,39
20,40
20,41
20,42
20,43
20,44
20,45
20,46
20,47
20,48
20,49
20,50
20,51
20,52
20,53
20,54
20,55
20,56
20,57
20,58
20,59
20,60
20,61
20,62
20,63
20,64
20,65
20,66
20,67
20,68
20,69
20,70
20,98
20,101
20,102
20,105
20,106
20,107
20,116
20,117
20,118
20,119
20,122
20,125
20,126
20,127
20,128
20,129
20,131
20,132
20,134
20,137
20,138
20,140
20,141
20,143
20,145
20,146
20,147
20,149
20,153
20,154
20,158
20,161
20,162
20,164
20,167
20,168
20,171
20,172
20,174
20,175
20,176
20,180
20,181
20,182
20,190
20,191
20,194
21,22
21,23
21,24
21,25
21,26
21,27
21,28
21,29
21,30
21,31
21,32
21,33
21,34
21,35
21,36
21,37
21,38
21,39
21,40
21,41
21,42
21,43
21,44
21,45
21,46
21,47
21,48
21,49
21,50
21,51
21,52
21,53
21,54
21,55
21,56
21,57
21,58
21,59
21,60
21,61
21,62
21,63
21,64
21,65
21,66
21,67
21,68
21,69
21,70
21,71
21,73
21,75
21,79
21,80
21,85
21,89
21,91
21,92
21,93
21,94
21,96
21,97
21,98
21,99
21,100
21,101
21,102
21,103
21,104
21,106
21,107
21,109
21,110
21,111
21,112
21,113
21,114
21,116
21,117
21,118
21,120
21,122
21,123
21,130
21,133
21,139
21,140
21,141
21,148
21,152
21,153
21,156
21,157
21,160
21,166
21,170
21,173
21,175
21,178
21,184
21,185
21,187
21,188
21,189
21,193
21,195
21,197
21,199
22,23
22,24
22,25
22,26
22,27
22,28
22,29
22,30
22,31
22,32
22,33
22,34
22,35
22,36
22,37
22,38
22,39
22,40
22,41
22,42
22,43
22,44
22,45
22,46
22,47
22,48
22,49
22,50
22,51
22,52
22,53
22,54
22,55
22,56
22,57
22,58
22,59
22,60
22,61
22,62
22,63
22,64
22,65
22,66
22,67
22,68
22,69
22,70
22,71
22,73
22,75
22,79
22,80
22,85
22,89
22,92
22,93
22,94
22,95
22,98
22,100
22,101
22,103
22,104
22,109
22,111
22,112
22,113
22,114
22,116
22,117
22,118
22,120
22,122
22,123
22,130
22,133
22,139
22,140
22,141
22,148
22,152
22,153
22,156
22,157
22,160
22,166
22,170
22,173
22,175
22,178
22,184
22,185
22,187
22,188
22,189
22,193
22,195
22,197
22,199
23,24
23,25
23,26
23,27
23,28
23,29
23,30
23,31
23,32
23,33
23,34
23,35
23,36
23,37
23,38
23,39
23,40
23,41
23,42
23,43
23,44
23,45
23,46
23,47
23,48
23,49
23,50
23,51
23,52
23,53
23,54
23,55
23,56
23,57
23,58
23,59
23,60
23,61
23,62
23,63
23,64
23,65
23,66
23,67
23,68
23,69
23,70
23,83
23,84
23,85
23,86
23,88
23,90
23,92
23,93
23,96
23,97
23,98
23,102
23,103
23,104
23,105
23,106
23,107
23,108
23,114
23,115
23,116
23,117
23,118
23,119
23,121
23,124
23,125
23,128
23,129
23,134
23,137
23,140
23,141
23,142
23,143
23,144
23,145
23,146
23,148
23,149
23,151
23,153
23,154
23,157
23,158
23,159
23,162
23,163
23,164
23,165
23,167
23,168
23,172
23,174
23,180
23,183
23,185
23,186
23,194
23,196
23,199
24,25
24,26
24,27
24,28
24,29
24,30
24,31
24,32
24,33
24,34
24,35
24,36
24,37
24,38
24,39
24,40
24,41
24,42
24,43
24,44
24,45
24,46
24,47
24,48
24,49
24,50
24,51
24,52
24,53
24,54
24,55
24,56
24,57
24,58
24,59
24,60
24,61
24,62
24,63
24,64
24,65
24,66
24,67
24,68
24,69
24,70
24,86
24,87
24,89
24,90
24,91
24,92
25,26
25,27
25,28
25,29
25,30
25,31
25,32
25,33
25,34
25,35
25,36
25,37
25,38
25,39
25,40
25,41
25,42
25,43
25,44
25,45
25,46
25,47
25,48
25,49
25,50
25,51
25,52
25,53
25,54
25,55
25,56
25,57
25,58
25,59
25,60
25,61
25,62
25,63
25,64
25,65
25,66
25,67
25,68
25,69
25,70
26,27
26,28
26,29
26,30
26,31
26,32
26,33
26,34
26,35
26,36
26,37
26,38
26,39
26,40
26,41
26,42
26,43
26,44
26,45
26,46
26,47
26,48
26,49
26,50
26,51
26,52
26,53
26,54
26,55
26,56
26,57
26,58
26,59
26,60
26,61
26,62
26,63
26,64
26,65
26,66
26,67
26,68
26,69
26,70
27,28
27,29
27,30
27,31
27,32
27,33
27,34
27,35
27,36
27,37
27,38
27,39
27,40
27,41
27,42
27,43
27,44
27,45
27,46
27,47
27,48
27,49
27,50
27,51
27,52
27,53
27,54
27,55
27,56
27,57
27,58
27,59
27,60
27,61
27,62
27,63
27,64
27,65
27,66
27,67
27,68
27,69
27,70
27,71
27,73
27,75
27,79
27,80
27,85
27,89
27,94
27,98
27,100
27,101
27,103
27,104
27,109
27,111
27,112
27,113
27,114
27,116
27,117
27,118
27,120
27,122
27,123
27,130
27,133
27,139
27,140
27,141
27,148
27,152
27,153
27,156
27,157
27,160
27,166
27,170
27,173
27,175
27,178
27,184
27,185
27,187
27,188
27,189
27,193
27,195
27,197
27,199
28,29
28,30
28,31
28,32
28,33
28,34
28,35
28,36
28,37
28,38
28,39
28,40
28,41
28,42
28,43
28,44
28,45
28,46
28,47
28,48
28,49
28,50
28,51
28,52
28,53
28,54
28,55
28,56
28,57
28,58
28,59
28,60
28,61
28,62
28,63
28,64
28,65
28,66
28,67
28,68
28,69
28,70
29,30
29,31
29,32
29,33
29,34
29,35
29,36
29,37
29,38
29,39
29,40
29,41
29,42
29,43
29,44
29,45
29,46
29,47
29,48
29,49
29,50
29,51
29,52
29,53
29,54
29,55
29,56
29,57
29,58
29,59
29,60
29,61
29,62
29,63
29,64
29,65
29,66
29,67
29,68
29,69
29,70
29,71
29,73
29,75
29,79
29,80
29,85
29,89
29,94
29,98
29,100
29,101
29,103
29,104
29,109
29,111
29,112
29,113
29,114
29,116
29,117
29,118
29,120
29,122
29,123
29,130
29,133
29,139
29,140
29,141
29,148
29,152
29,153
29,156
29,157
29,160
29,166
29,170
29,173
29,175
29,178
29,184
29,185
29,187
29,188
29,189
29,193
29,195
29,197
29,199
30,31
30,32
30,33
30,34
30,35
30,36
30,37
30,38
30,39
30,40
30,41
30,42
30,43
30,44
30,45
30,46
30,47
30,48
30,49
30,50
30,51
30,52
30,53
30,54
30,55
30,56
30,57
30,58
30,59
30,60
30,61
30,62
30,63
30,64
30,65
30,66
30,67
30,68
30,69
30,70
30,89
30,90
30,91
30,95
30,96
30,97
30,98
30,99
30,102
30,105
30,106
30,108
30,110
30,112
30,113
30,115
30,117
30,118
30,119
30,121
30,124
30,125
30,127
30,128
30,134
31,32
31,33
31,34
31,35
31,36
31,37
31,38
31,39
31,40
31,41
31,42
31,43
31,44
31,45
31,46
31,47
31,48
31,49
31,50
31,51
31,52
31,53
31,54
31,55
31,56
31,57
31,58
31,59
31,60
31,61
31,62
31,63
31,64
31,65
31,66
31,67
31,68
31,69
31,70
31,81
31,82
31,83
31,84
31,86
31,87
31,89
31,90
31,91
31,92
31,93
31,94
31,96
31,97
31,98
31,99
31,102
31,103
31,104
31,105
31,106
31,108
31,110
31,111
31,112
31,113
31,114
31,116
31,117
31,118
31,119
31,121
31,122
31,124
31,125
31,127
31,128
31,129
31,131
31,133
31,134
31,135
31,137
31,139
31,141
31,142
31,143
31,146
31,149
31,151
31,152
31,154
31,157
31,158
31,161
32,33
32,34
32,35
32,36
32,37
32,38
32,39
32,40
32,41
32,42
32,43
32,44
32,45
32,46
32,47
32,48
32,49
32,50
32,51
32,52
32,53
32,54
32,55
32,56
32,57
32,58
32,59
32,60
32,61
32,62
32,63
32,64
32,65
32,66
32,67
32,68
32,69
32,70
32,78
32,80
32,81
32,82
32,85
32,86
32,89
32,90
32,91
32,92
32,94
32,95
32,96
32,97
32,98
32,99
32,101
32,102
32,103
32,104
32,106
32,107
32,109
32,110
32,111
32,113
32,114
32,115
32,116
32,117
32,118
32,122
32,123
32,125
32,127
32,129
32,130
32,131
32,132
32,134
32,135
32,136
32,139
32,141
32,142
32,143
32,144
32,145
32,146
32,147
32,149
32,151
32,154
32,155
32,157
33,34
33,35
33,36
33,37
33,38
33,39
33,40
33,41
33,42
33,43
33,44
33,45
33,46
33,47
33,48
33,49
33,50
33,51
33,52
33,53
33,54
33,55
33,56
33,57
33,58
33,59
33,60
33,61
33,62
33,63
33,64
33,65
33,66
33,67
33,68
33,69
33,70
33,82
33,83
33,84
33,85
33,86
33,87
33,90
33,91
33,92
33,93
33,94
33,95
33,96
33,97
33,98
33,99
33,101
33,102
33,103
33,104
33,105
33,106
33,107
33,108
33,109
33,110
33,111
33,112
33,114
33,115
33,117
33,118
33,119
33,120
33,121
33,125
33,126
33,127
33,128
33,129
33,130
33,131
33,132
33,133
33,134
33,135
33,136
33,137
33,138
33,139
33,140
33,141
33,142
33,143
33,144
33,145
33,146
33,147
34,35
34,36
34,37
34,38
34,39
34,40
34,41
34,42
34,43
34,44
34,45
34,46
34,47
34,48
34,49
34,50
34,51
34,52
34,53
34,54
34,55
34,56
34,57
34,58
34,59
34,60
34,61
34,62
34,63
34,64
34,65
34,66
34,67
34,68
34,69
34,70
34,71
34,73
34,75
34,79
34,80
34,81
34,82
34,84
34,85
34,86
34,89
34,90
34,91
34,92
34,93
34,94
34,95
34,96
34,97
34,98
34,99
34,100
34,101
34,102
34,103
34,104
34,106
34,107
34,108
34,109
34,110
34,111
34,112
34,113
34,114
34,116
34,117
34,118
34,119
34,120
34,121
34,122
34,123
34,124
34,125
34,126
34,127
34,128
34,129
34,130
34,131
34,132
34,133
34,134
34,135
34,136
34,137
34,138
34,139
34,140
34,141
34,143
34,144
34,145
34,147
34,148
34,149
34,151
34,152
34,153
34,154
34,155
34,156
34,157
34,158
34,159
34,160
34,161
34,165
34,166
34,170
34,171
34,172
34,173
34,175
34,176
34,178
34,184
34,185
34,187
34,188
34,189
34,193
34,195
34,197
34,199
35,36
35,37
35,38
35,39
35,40
35,41
35,42
35,43
35,44
35,45
35,46
35,47
35,48
35,49
35,50
35,51
35,52
35,53
35,54
35,55
35,56
35,57
35,58
35,59
35,60
35,61
35,62
35,63
35,64
35,65
35,66
35,67
35,68
35,69
35,70
35,78
35,80
35,82
35,85
35,86
35,88
35,89
35,90
35,91
35,92
35,93
35,94
35,96
35,98
35,99
35,101
35,102
35,103
35,104
35,105
35,107
35,108
35,109
35,110
35,113
35,114
35,115
35,117
35,119
35,120
35,121
35,123
35,124
35,125
35,127
35,128
35,129
35,132
35,133
35,135
35,138
36,37
36,38
36,39
36,40
36,41
36,42
36,43
36,44
36,45
36,46
36,47
36,48
36,49
36,50
36,51
36,52
36,53
36,54
36,55
36,56
36,57
36,58
36,59
36,60
36,61
36,62
36,63
36,64
36,65
36,66
36,67
36,68
36,69
36,70
36,71
36,73
36,75
36,79
36,80
36,85
36,89
36,94
36,98
36,100
36,101
36,103
36,104
36,109
36,111
36,112
36,113
36,114
36,116
36,117
36,118
36,120
36,122
36,123
36,130
36,133
36,139
36,140
36,141
36,148
36,152
36,153
36,156
36,157
36,160
36,166
36,170
36,173
36,175
36,178
36,184
36,185
36,187
36,188
36,189
36,193
36,195
36,197
36,199
37,38
37,39
37,40
37,41
37,42
37,43
37,44
37,45
37,46
37,47
37,48
37,49
37,50
37,51
37,52
37,53
37,54
37,55
37,56
37,57
37,58
37,59
37,60
37,61
37,62
37,63
37,64
37,65
37,66
37,67
37,68
37,69
37,70
37,89
37,90
37,91
37,92
37,93
37,98
37,99
37,103
37,104
37,106
37,107
37,108
37,109
37,110
37,111
37,112
37,113
37,116
37,117
37,118
37,119
37,120
37,124
37,125
37,127
37,128
37,129
37,130
37,131
37,132
37,133
37,134
37,135
37,136
37,137
37,138
37,139
37,140
37,141
37,145
37,150
37,151
37,152
37,153
37,154
37,155
37,157
37,158
37,165
37,171
37,172
37,176
37,179
37,180
37,194
37,197
38,39
38,40
38,41
38,42
38,43
38,44
38,45
38,46
38,47
38,48
38,49
38,50
38,51
38,52
38,53
38,54
38,55
38,56
38,57
38,58
38,59
38,60
38,61
38,62
38,63
38,64
38,65
38,66
38,67
38,68
38,69
38,70
39,40
39,41
39,42
39,43
39,44
39,45
39,46
39,47
39,48
39,49
39,50
39,51
39,52
39,53
39,54
39,55
39,56
39,57
39,58
39,59
39,60
39,61
39,62
39,63
39,64
39,65
39,66
39,67
39,68
39,69
39,70
39,84
39,85
39,86
39,87
39,89
39,90
39,91
39,92
39,95
39,96
39,97
39,98
39,99
39,101
39,102
39,104
39,106
39,107
39,108
39,109
39,110
40,41
40,42
40,43
40,44
40,45
40,46
40,47
40,48
40,49
40,50
40,51
40,52
40,53
40,54
40,55
40,56
40,57
40,58
40,59
40,60
40,61
40,62
40,63
40,64
40,65
40,66
40,67
40,68
40,69
40,70
40,86
40,87
40,88
40,89
40,91
40,92
40,93
40,95
40,96
40,97
40,98
40,99
40,100
40,101
40,102
40,103
40,104
40,106
40,107
40,108
40,109
40,110
40,111
40,112
40,113
40,115
40,116
40,117
40,119
40,120
40,122
40,123
40,124
40,126
41,42
41,43
41,44
41,45
41,46
41,47
41,48
41,49
41,50
41,51
41,52
41,53
41,54
41,55
41,56
41,57
41,58
41,59
41,60
41,61
41,62
41,63
41,64
41,65
41,66
41,67
41,68
41,69
41,70
41,71
41,73
41,75
41,79
41,80
41,85
41,89
41,94
41,97
41,98
41,99
41,100
41,101
41,103
41,104
41,109
41,111
41,112
41,113
41,114
41,116
41,117
41,118
41,120
41,122
41,123
41,130
41,133
41,139
41,140
41,141
41,148
41,152
41,153
41,156
41,157
41,160
41,166
41,170
41,173
41,175
41,178
41,184
41,185
41,187
41,188
41,189
41,193
41,195
41,197
41,199
42,43
42,44
42,45
42,46
42,47
42,48
42,49
42,50
42,51
42,52
42,53
42,54
42,55
42,56
42,57
42,58
42,59
42,60
42,61
42,62
42,63
42,64
42,65
42,66
42,67
42,68
42,69
42,70
42,71
42,73
42,75
42,79
42,80
42,85
42,89
42,94
42,97
42,98
42,99
42,100
42,101
42,102
42,103
42,104
42,105
42,107
42,108
42,109
42,110
42,111
42,112
42,113
42,114
42,115
42,116
42,117
42,118
42,120
42,122
42,123
42,130
42,133
42,139
42,140
42,141
42,148
42,152
42,153
42,156
42,157
42,160
42,166
42,170
42,173
42,175
42,178
42,184
42,185
42,187
42,188
42,189
42,193
42,195
42,197
42,199
43,44
43,45
43,46
43,47
43,48
43,49
43,50
43,51
43,52
43,53
43,54
43,55
43,56
43,57
43,58
43,59
43,60
43,61
43,62
43,63
43,64
43,65
43,66
43,67
43,68
43,69
43,70
43,71
43,73
43,75
43,79
43,80
43,85
43,89
43,93
43,94
43,95
43,96
43,97
43,98
43,99
43,100
43,101
43,103
43,104
43,105
43,109
43,111
43,112
43,113
43,114
43,116
43,117
43,118
43,119
43,120
43,121
43,122
43,123
43,124
43,125
43,126
43,129
43,130
43,131
43,132
43,133
43,135
43,136
43,139
43,140
43,141
43,142
43,143
43,144
43,145
43,146
43,148
43,149
43,150
43,152
43,153
43,154
43,156
43,157
43,160
43,166
43,168
43,170
43,171
43,172
43,173
43,175
43,177
43,178
43,179
43,182
43,184
43,185
43,187
43,188
43,189
43,193
43,194
43,195
43,197
43,199
44,45
44,46
44,47
44,48
44,49
44,50
44,51
44,52
44,53
44,54
44,55
44,56
44,57
44,58
44,59
44,60
44,61
44,62
44,63
44,64
44,65
44,66
44,67
44,68
44,69
44,70
44,86
44,87
44,88
44,89
44,90
44,91
44,92
44,93
44,94
44,95
44,96
44,97
44,98
44,99
44,100
44,101
44,102
44,103
44,105
44,106
44,107
44,108
44,110
44,111
44,112
44,113
44,115
44,116
44,117
44,118
44,119
44,120
44,121
44,122
44,123
44,124
44,126
44,128
44,129
44,130
44,131
44,134
44,136
44,137
44,138
44,139
44,140
45,46
45,47
45,48
45,49
45,50
45,51
45,52
45,53
45,54
45,55
45,56
45,57
45,58
45,59
45,60
45,61
45,62
45,63
45,64
45,65
45,66
45,67
45,68
45,69
46,47
46,48
46,49
46,50
46,51
46,52
46,53
46,54
46,55
46,56
46,57
46,58
46,59
46,60
46,61
46,62
46,63
46,64
46,65
46,66
46,67
46,68
46,69
46,70
46,110
46,111
46,112
47,48
47,49
47,50
47,51
47,52
47,53
47,54
47,55
47,56
47,57
47,58
47,59
47,60
47,61
47,62
47,63
47,64
47,65
47,66
47,67
47,68
47,69
47,70
48,49
48,50
48,51
48,52
48,53
48,54
48,55
48,56
48,57
48,58
48,59
48,60
48,61
48,62
48,63
48,64
48,65
48,66
48,67
48,68
48,69
48,70
48,71
48,73
48,75
48,79
48,80
48,85
48,89
48,94
48,98
48,100
48,101
48,103
48,104
48,109
48,111
48,112
48,113
48,114
48,116
48,117
48,118
48,120
48,122
48,123
48,130
48,133
48,139
48,140
48,141
48,148
48,152
48,153
48,156
48,157
48,160
48,166
48,170
48,173
48,175
48,178
48,184
48,185
48,187
48,188
48,189
48,193
48,195
48,197
48,199
49,50
49,51
49,52
49,53
49,54
49,55
49,56
49,57
49,58
49,59
49,60
49,61
49,62
49,63
49,64
49,65
49,66
49,67
49,68
49,69
49,70
49,71
49,73
49,75
49,79
49,80
49,85
49,89
49,94
49,98
49,100
49,101
49,103
49,104
49,109
49,111
49,112
49,113
49,114
49,116
49,117
49,118
49,120
49,122
49,123
49,130
49,133
49,139
49,140
49,141
49,148
49,152
49,153
49,156
49,157
49,160
49,166
49,170
49,173
49,175
49,178
49,184
49,185
49,187
49,188
49,189
49,193
49,195
49,197
49,199
50,51
50,52
50,53
50,54
50,55
50,56
50,57
50,58
50,59
50,60
50,61
50,62
50,63
50,64
50,65
50,66
50,67
50,68
50,69
50,70
50,105
50,106
50,110
50,113
50,115
50,117
50,118
50,119
50,122
50,123
50,126
50,127
50,129
50,130
50,132
50,136
50,137
50,141
50,147
50,150
50,161
50,163
50,167
50,168
50,171
51,52
51,53
51,54
51,55
51,56
51,57
51,58
51,59
51,60
51,61
51,62
51,63
51,64
51,65
51,66
51,67
51,68
51,69
51,70
51,85
51,86
51,87
51,88
51,89
51,91
51,92
51,93
51,94
51,95
51,96
51,97
51,98
51,99
51,100
51,102
51,103
51,104
51,106
51,107
51,108
51,110
51,111
51,112
51,114
51,115
51,116
51,117
51,118
51,119
51,120
51,121
51,123
51,125
52,53
52,54
52,55
52,56
52,57
52,58
52,59
52,60
52,61
52,62
52,63
52,64
52,65
52,66
52,67
52,68
52,69
52,70
53,54
53,55
53,56
53,57
53,58
53,59
53,60
53,61
53,62
53,63
53,64
53,65
53,66
53,67
53,68
53,69
53,70
53,103
53,104
53,106
53,107
53,108
53,109
53,110
53,111
53,112
53,113
53,114
53,115
53,116
53,117
53,118
53,119
53,120
53,121
53,122
53,125
53,126
53,127
53,130
53,131
53,136
53,137
53,138
53,139
53,140
53,141
53,144
54,55
54,56
54,57
54,58
54,59
54,60
54,61
54,62
54,63
54,64
54,65
54,66
54,67
54,68
54,69
54,70
54,71
54,73
54,75
54,79
54,80
54,85
54,89
54,94
54,97
54,98
54,99
54,100
54,101
54,102
54,103
54,104
54,105
54,106
54,107
54,108
54,109
54,110
54,111
54,112
54,113
54,114
54,115
54,116
54,117
54,118
54,119
54,120
54,122
54,123
54,126
54,128
54,130
54,131
54,132
54,133
54,134
54,135
54,136
54,137
54,138
54,139
54,140
54,141
54,148
54,152
54,153
54,156
54,157
54,160
54,166
54,170
54,173
54,175
54,178
54,184
54,185
54,187
54,188
54,189
54,193
54,195
54,197
54,199
55,56
55,57
55,58
55,59
55,60
55,61
55,62
55,63
55,64
55,65
55,66
55,67
55,68
55,69
55,70
55,85
55,86
56,57
56,58
56,59
56,60
56,61
56,62
56,63
56,64
56,65
56,66
56,67
56,68
56,69
56,70
56,84
56,85
56,88
56,89
56,90
56,91
56,93
56,94
56,95
56,97
56,99
56,100
56,101
56,103
56,105
56,106
56,109
56,110
56,111
56,112
57,58
57,59
57,60
57,61
57,62
57,63
57,64
57,65
57,66
57,67
57,68
57,69
57,70
57,90
57,91
57,92
57,93
57,94
57,96
57,97
57,98
57,99
57,102
57,105
57,106
57,107
57,108
57,109
58,59
58,60
58,61
58,62
58,63
58,64
58,65
58,66
58,67
58,68
58,69
58,70
58,87
58,88
58,89
58,91
58,92
58,93
58,94
58,95
58,96
58,97
58,98
58,99
58,100
59,60
59,61
59,62
59,63
59,64
59,65
59,66
59,67
59,68
59,69
59,70
59,84
59,85
59,86
59,87
59,88
59,89
59,90
59,91
59,92
59,93
59,94
59,95
59,96
59,97
59,99
59,100
59,101
59,102
59,103
59,105
59,106
59,107
59,108
59,109
59,110
59,111
59,113
59,115
59,116
59,117
59,119
59,120
59,121
59,122
59,123
59,124
59,125
59,126
59,127
59,128
59,129
59,132
59,134
59,136
59,137
59,139
59,142
59,145
59,147
59,150
59,154
59,155
59,157
59,159
59,164
59,165
59,167
59,169
59,171
59,180
59,182
60,61
60,62
60,63
60,64
60,65
60,66
60,67
60,68
60,69
60,70
60,83
60,84
60,85
60,86
60,88
60,89
60,90
60,91
60,92
60,93
60,94
60,95
60,96
60,97
60,98
60,99
60,100
60,101
60,102
60,103
60,104
60,105
60,106
60,107
60,108
60,109
60,110
60,112
60,113
60,115
60,116
60,117
60,118
60,119
60,120
61,62
61,63
61,64
61,65
61,66
61,67
61,68
61,69
61,70
61,71
61,73
61,75
61,79
61,80
61,85
61,89
61,94
61,98
61,100
61,101
61,103
61,104
61,109
61,111
61,112
61,113
61,114
61,116
61,117
61,118
61,120
61,122
61,123
61,130
61,133
61,139
61,140
61,141
61,148
61,152
61,153
61,156
61,157
61,160
61,166
61,170
61,173
61,175
61,178
61,184
61,185
61,187
61,188
61,189
61,193
61,195
61,197
61,199
62,63
62,64
62,65
62,66
62,67
62,68
62,69
62,70
62,81
62,82
62,83
62,84
62,85
62,86
62,88
62,90
62,92
62,94
62,95
62,98
62,99
62,100
62,101
62,102
62,108
62,110
62,111
62,112
62,114
62,116
62,117
62,118
62,119
62,120
62,123
62,124
62,126
62,127
62,128
62,129
62,133
62,134
62,135
62,138
62,140
62,142
62,144
62,145
62,146
62,149
62,150
62,154
62,157
62,164
62,168
62,174
62,182
62,183
62,185
62,192
62,194
63,64
63,65
63,66
63,67
63,68
63,69
63,70
63,88
63,89
63,90
63,91
63,92
63,93
63,94
63,95
63,96
63,98
63,99
63,100
63,101
63,102
63,103
63,104
63,105
63,106
63,107
63,108
63,109
63,110
63,111
63,112
63,113
63,114
63,115
63,116
63,117
63,118
64,65
64,66
64,67
64,68
64,69
64,70
64,71
64,73
64,75
64,79
64,80
64,85
64,89
64,94
64,98
64,100
64,101
64,103
64,104
64,109
64,111
64,112
64,113
64,114
64,116
64,117
64,118
64,120
64,122
64,123
64,130
64,133
64,139
64,140
64,141
64,148
64,152
64,153
64,156
64,157
64,160
64,166
64,170
64,173
64,175
64,178
64,184
64,185
64,187
64,188
64,189
64,193
64,195
64,197
64,199
65,66
65,67
65,68
65,69
65,70
65,93
65,94
65,95
65,96
65,98
65,100
65,101
65,105
65,106
65,107
65,109
65,115
65,116
65,117
65,118
65,120
65,121
65,124
65,125
65,128
66,67
66,68
66,69
66,70
66,78
66,80
66,81
66,82
66,84
66,85
66,86
66,87
66,88
66,90
66,91
66,92
66,93
66,94
66,95
66,96
66,97
66,98
66,99
66,100
66,101
66,102
66,103
66,104
66,105
66,106
66,107
66,108
66,109
66,110
66,112
66,113
66,114
66,115
66,116
66,117
66,118
66,119
66,120
66,121
66,123
66,124
66,125
66,127
66,128
66,129
66,132
66,133
66,135
66,141
66,142
66,144
66,145
66,147
66,150
66,151
66,153
66,154
66,155
66,158
66,163
66,165
66,167
66,168
66,169
66,171
66,172
66,177
66,178
66,180
66,182
66,183
66,185
66,191
66,192
66,194
66,196
67,68
67,69
67,70
67,71
67,73
67,75
67,79
67,80
67,85
67,89
67,94
67,98
67,100
67,101
67,103
67,104
67,109
67,111
67,112
67,113
67,114
67,116
67,117
67,118
67,120
67,122
67,123
67,130
67,133
67,139
67,140
67,141
67,148
67,152
67,153
67,156
67,157
67,160
67,166
67,170
67,173
67,175
67,178
67,184
67,185
67,187
67,188
67,189
67,193
67,195
67,197
67,199
68,69
68,70
68,108
69,70
69,82
69,84
69,85
69,86
69,87
69,88
69,89
69,90
69,91
69,92
69,93
69,94
69,95
69,96
69,97
69,98
69,100
69,101
69,102
69,104
69,105
69,106
69,109
69,110
69,111
69,112
69,113
69,114
69,115
69,116
69,117
70,71
70,73
70,75
70,79
70,80
70,85
70,89
70,94
70,98
70,100
70,101
70,103
70,104
70,109
70,111
70,112
70,113
70,114
70,116
70,117
70,118
70,120
70,122
70,123
70,130
70,133
70,139
70,140
70,141
70,148
70,152
70,153
70,156
70,157
70,160
70,166
70,170
70,173
70,175
70,178
70,184
70,185
70,187
70,188
70,189
70,193
70,195
70,197
70,199
71,73
71,75
71,79
71,80
71,85
71,89
71,92
71,93
71,94
71,95
71,96
71,97
71,98
71,99
71,100
71,101
71,102
71,103
71,104
71,105
71,106
71,107
71,108
71,109
71,111
71,112
71,113
71,114
71,115
71,116
71,117
71,118
71,119
71,120
71,122
71,123
71,126
71,130
71,131
71,133
71,135
71,137
71,139
71,140
71,141
71,144
71,145
71,148
71,149
71,150
71,151
71,152
71,153
71,156
71,157
71,158
71,160
71,163
71,164
71,165
71,166
71,170
71,172
71,173
71,174
71,175
71,177
71,178
71,180
71,182
71,183
71,184
71,185
71,186
71,187
71,188
71,189
71,190
71,191
71,192
71,193
71,194
71,195
71,196
71,197
71,199
73,75
73,79
73,80
73,81
73,82
73,84
73,85
73,87
73,88
73,89
73,92
73,93
73,94
73,95
73,96
73,98
73,99
73,100
73,101
73,103
73,104
73,105
73,106
73,109
73,111
73,112
73,113
73,114
73,115
73,116
73,117
73,118
73,119
73,120
73,121
73,122
73,123
73,126
73,128
73,129
73,130
73,131
73,132
73,133
73,134
73,135
73,136
73,137
73,138
73,139
73,140
73,141
73,142
73,143
73,144
73,145
73,146
73,147
73,148
73,149
73,150
73,151
73,152
73,153
73,156
73,157
73,158
73,160
73,163
73,164
73,166
73,168
73,170
73,172
73,173
73,175
73,177
73,178
73,180
73,181
73,182
73,184
73,185
73,187
73,188
73,189
73,193
73,195
73,197
73,199
74,78
74,80
74,81
74,82
74,86
74,87
74,88
74,89
74,90
74,91
74,92
74,96
74,98
74,99
74,100
74,101
74,102
74,103
74,105
74,106
74,107
74,109
74,110
74,111
74,112
74,117
74,119
74,121
74,123
74,125
74,127
74,128
74,129
74,130
74,132
74,134
74,136
74,137
74,138
74,140
74,141
74,142
74,143
74,145
74,146
74,147
74,149
74,151
74,153
74,154
74,155
74,158
74,160
74,162
74,163
74,165
74,167
74,168
74,169
74,172
74,173
74,175
74,177
74,180
74,182
74,185
74,186
74,187
74,190
74,191
74,194
74,196
75,79
75,80
75,81
75,82
75,83
75,84
75,85
75,86
75,87
75,88
75,89
75,90
75,92
75,94
75,95
75,97
75,98
75,99
75,100
75,101
75,103
75,104
75,105
75,106
75,107
75,108
75,109
75,110
75,111
75,112
75,113
75,114
75,115
75,116
75,117
75,118
75,119
75,120
75,121
75,122
75,123
75,124
75,125
75,126
75,127
75,128
75,129
75,130
75,131
75,132
75,133
75,134
75,135
75,136
75,137
75,138
75,139
75,140
75,141
75,145
75,146
75,147
75,148
75,149
75,150
75,151
75,152
75,153
75,154
75,155
75,156
75,157
75,158
75,159
75,160
75,162
75,163
75,164
75,165
75,166
75,167
75,168
75,169
75,170
75,172
75,173
75,174
75,175
75,176
75,178
75,179
75,180
75,181
75,182
75,183
75,184
75,185
75,187
75,188
75,189
75,191
75,192
75,193
75,195
75,196
75,197
75,199
77,78
77,80
77,81
77,82
77,83
77,84
77,86
77,87
77,89
77,91
77,92
77,93
77,94
77,95
77,97
77,98
77,99
78,79
78,80
78,81
78,82
78,83
78,84
78,85
78,86
78,87
78,88
78,90
78,91
78,92
78,93
78,95
78,97
78,98
78,99
78,100
78,101
78,102
78,103
78,105
78,106
78,108
78,109
78,110
78,111
78,114
78,115
78,116
78,118
78,119
78,120
78,121
78,123
78,125
78,126
78,127
78,128
78,130
78,131
78,132
78,133
78,134
78,138
78,140
78,141
78,142
78,143
78,145
78,146
78,149
78,153
78,155
78,158
78,164
78,165
78,167
78,169
78,172
78,173
78,174
78,175
78,176
78,177
78,178
78,179
78,181
78,182
78,185
78,186
78,187
78,190
78,191
78,192
79,80
79,85
79,89
79,94
79,98
79,100
79,101
79,103
79,104
79,109
79,111
79,112
79,113
79,114
79,116
79,117
79,118
79,120
79,122
79,123
79,130
79,133
79,139
79,140
79,141
79,148
79,152
79,153
79,156
79,157
79,160
79,166
79,170
79,173
79,175
79,178
79,184
79,185
79,187
79,188
79,189
79,193
79,195
79,197
79,199
80,81
80,82
80,83
80,84
80,85
80,86
80,87
80,89
80,91
80,92
80,93
80,94
80,95
80,97
80,98
80,100
80,101
80,102
80,103
80,104
80,105
80,106
80,107
80,108
80,109
80,110
80,111
80,112
80,113
80,114
80,115
80,116
80,117
80,118
80,119
80,120
80,121
80,122
80,123
80,125
80,126
80,127
80,128
80,129
80,130
80,131
80,132
80,133
80,134
80,135
80,136
80,137
80,138
80,139
80,140
80,141
80,142
80,143
80,144
80,145
80,146
80,147
80,148
80,152
80,153
80,154
80,155
80,156
80,157
80,158
80,159
80,160
80,163
80,164
80,166
80,167
80,168
80,169
80,170
80,171
80,173
80,174
80,175
80,178
80,180
80,181
80,182
80,183
80,184
80,185
80,186
80,187
80,188
80,189
80,190
80,191
80,192
80,193
80,194
80,195
80,196
80,197
80,199
81,82
82,86
82,87
82,88
82,90
82,91
82,92
82,94
82,95
82,96
82,97
82,98
82,99
82,101
82,103
82,106
82,107
82,108
82,110
82,111
82,112
82,113
82,114
82,115
82,116
82,117
82,118
82,119
82,121
82,123
82,124
83,84
83,85
83,87
83,88
83,91
83,93
83,94
83,95
83,96
83,97
83,99
83,100
83,101
83,102
83,103
83,105
83,106
83,107
83,108
83,109
83,110
83,111
83,112
83,113
83,114
83,115
83,116
83,117
83,118
83,119
83,120
83,121
83,124
83,125
83,126
83,127
83,128
83,129
83,130
83,131
83,133
83,134
83,136
83,137
83,138
83,140
83,141
83,142
83,143
83,145
83,146
83,149
83,150
83,151
83,153
83,155
83,158
83,159
83,162
83,164
83,168
83,172
83,175
83,176
83,177
83,178
83,179
83,180
83,181
83,182
83,183
83,185
83,186
83,191
83,192
83,193
83,194
84,86
84,89
84,90
84,91
84,92
84,93
84,94
84,95
84,96
84,97
84,98
84,100
84,101
84,103
84,104
84,105
84,106
84,107
84,108
84,109
84,110
84,112
84,113
84,114
84,115
84,116
84,117
84,118
84,119
84,120
84,121
84,123
84,125
84,126
84,127
84,128
84,129
84,130
84,132
84,133
84,136
84,137
84,138
84,140
84,141
84,142
84,143
84,144
84,145
84,146
84,147
84,149
84,151
84,153
84,154
84,155
84,157
84,158
84,159
84,162
84,163
85,86
85,87
85,88
85,89
85,94
85,98
85,100
85,101
85,103
85,104
85,109
85,111
85,112
85,113
85,114
85,116
85,117
85,118
85,120
85,122
85,123
85,130
85,133
85,139
85,140
85,141
85,148
85,152
85,153
85,156
85,157
85,160
85,166
85,170
85,173
85,175
85,178
85,184
85,185
85,187
85,188
85,189
85,193
85,195
85,197
85,199
86,88
86,89
86,90
86,91
86,95
86,96
86,97
86,99
86,100
86,101
86,102
86,103
86,104
87,88
87,89
87,91
87,92
87,93
87,94
87,97
87,99
87,100
87,102
87,103
87,104
87,106
87,108
87,110
87,111
87,115
87,117
87,118
87,121
87,122
87,123
87,124
87,125
87,126
87,128
87,129
87,130
87,131
87,132
87,133
87,135
87,136
87,137
87,138
87,139
87,140
87,141
87,143
87,145
87,146
87,147
87,149
87,151
87,152
87,153
87,154
87,155
87,156
87,157
87,158
87,159
87,160
87,161
87,162
87,164
87,165
87,168
87,169
87,172
87,173
87,174
87,175
87,177
87,178
87,179
87,180
87,181
87,186
87,188
87,190
87,191
87,192
87,194
87,196
88,89
88,90
88,91
88,92
88,93
88,94
88,95
88,96
88,97
88,98
88,100
88,101
88,102
88,103
88,104
88,105
88,106
88,108
88,109
88,110
88,111
88,112
88,113
88,115
88,117
88,118
88,121
88,122
88,124
88,125
88,127
88,128
88,129
88,130
88,131
88,132
88,135
88,136
88,137
88,138
88,139
88,140
88,141
88,142
88,143
88,144
88,145
88,146
88,147
88,149
88,151
88,152
88,153
88,154
88,155
88,156
88,157
88,158
88,160
88,161
88,162
88,164
88,165
88,166
88,167
88,168
88,169
88,171
88,172
88,173
88,174
88,175
88,176
88,177
88,178
88,180
88,181
88,182
88,185
88,186
88,187
88,188
88,190
88,191
88,192
88,193
88,194
88,199
89,91
89,92
89,94
89,95
89,96
89,97
89,98
89,99
89,100
89,101
89,103
89,104
89,105
89,106
89,107
89,109
89,110
89,111
89,112
89,113
89,114
89,115
89,116
89,117
89,118
89,119
89,120
89,121
89,122
89,123
89,124
89,126
89,127
89,128
89,129
89,130
89,131
89,132
89,133
89,134
89,135
89,136
89,137
89,138
89,139
89,140
89,141
89,143
89,145
89,146
89,147
89,148
89,149
89,150
89,151
89,152
89,153
89,154
89,155
89,156
89,157
89,159
89,160
89,162
89,163
89,164
89,165
89,166
89,168
89,169
89,170
89,171
89,172
89,173
89,175
89,176
89,177
89,178
89,179
89,181
89,184
89,185
89,186
89,187
89,188
89,189
89,193
89,195
89,197
89,199
90,92
90,93
90,94
90,95
90,96
90,98
90,99
90,101
91,92
91,93
91,94
91,96
91,97
91,98
91,99
91,101
91,102
91,103
91,106
91,108
91,109
91,113
91,115
91,117
91,118
91,119
92,93
92,94
92,96
92,97
92,98
92,99
92,100
92,101
92,105
92,106
92,107
92,108
92,110
92,111
92,112
92,114
92,115
92,116
92,117
92,118
92,120
92,121
92,122
92,124
92,125
92,126
92,127
92,129
92,131
92,132
92,134
92,135
92,136
92,137
92,141
92,142
92,143
92,148
92,149
92,151
92,152
92,153
92,154
93,94
93,95
93,96
93,97
93,98
93,99
93,100
93,101
93,102
93,103
93,105
93,106
93,107
94,95
94,98
94,100
94,101
94,103
94,104
94,105
94,106
94,107
94,109
94,111
94,112
94,113
94,114
94,115
94,116
94,117
94,118
94,120
94,121
94,122
94,123
94,125
94,127
94,129
94,130
94,131
94,133
94,135
94,137
94,139
94,140
94,141
94,143
94,144
94,146
94,148
94,149
94,150
94,152
94,153
94,156
94,157
94,160
94,166
94,170
94,173
94,175
94,178
94,184
94,185
94,187
94,188
94,189
94,193
94,195
94,197
94,199
95,96
95,97
95,98
95,99
95,100
95,101
95,102
95,103
95,104
95,105
95,106
95,107
95,108
95,109
95,110
95,111
95,112
95,114
95,115
95,116
95,117
95,118
95,120
95,122
95,123
95,124
95,126
95,127
95,129
95,131
95,132
95,134
95,135
95,136
95,137
95,138
95,140
95,141
95,142
95,143
95,144
95,146
95,147
95,148
95,149
95,150
95,153
95,155
95,157
95,159
95,160
95,164
95,167
95,168
95,169
95,171
95,172
95,174
95,175
95,177
95,179
95,181
95,183
95,186
95,187
95,188
95,190
95,193
95,196
95,198
95,199
96,97
96,98
96,99
96,101
96,102
96,103
96,104
96,105
96,106
96,107
96,109
96,110
96,111
96,112
96,113
96,114
96,115
96,116
96,117
96,118
96,121
96,122
96,125
96,126
96,127
96,128
96,129
96,130
96,131
96,132
96,133
96,135
96,136
96,137
96,138
96,139
96,140
96,141
96,142
96,143
96,144
96,145
97,98
97,99
97,101
97,102
97,103
97,104
97,105
97,107
97,108
97,109
97,112
97,113
97,114
97,115
97,116
97,117
97,119
97,120
97,121
97,122
97,123
97,124
97,125
97,126
97,127
97,128
97,130
97,131
97,132
97,133
97,134
98,99
98,100
98,101
98,103
98,104
98,105
98,108
98,109
98,110
98,111
98,112
98,113
98,114
98,116
98,117
98,118
98,119
98,120
98,121
98,122
98,123
98,124
98,125
98,127
98,128
98,129
98,130
98,131
98,133
98,134
98,135
98,136
98,139
98,140
98,141
98,143
98,145
98,146
98,148
98,150
98,151
98,152
98,153
98,155
98,156
98,157
98,158
98,159
98,160
98,161
98,166
98,170
98,173
98,175
98,178
98,184
98,185
98,187
98,188
98,189
98,193
98,195
98,197
98,199
99,101
99,102
99,103
99,104
99,105
99,106
100,101
100,103
100,104
100,109
100,111
100,112
100,113
100,114
100,116
100,117
100,118
100,120
100,122
100,123
100,130
100,133
100,139
100,140
100,141
100,148
100,152
100,153
100,156
100,157
100,160
100,166
100,170
100,173
100,175
100,178
100,184
100,185
100,187
100,188
100,189
100,193
100,195
100,197
100,199
101,103
101,104
101,105
101,106
101,107
101,108
101,109
101,110
101,111
101,112
101,113
101,114
101,115
101,116
101,117
101,118
101,119
101,120
101,121
101,122
101,123
101,124
101,127
101,128
101,129
101,130
101,131
101,132
101,133
101,134
101,135
101,136
101,137
101,139
101,140
101,141
101,142
101,143
101,145
101,147
101,148
101,149
101,150
101,151
101,152
101,153
101,154
101,156
101,157
101,160
101,166
101,170
101,173
101,175
101,178
101,184
101,185
101,187
101,188
101,189
101,193
101,195
101,197
101,199
102,104
102,105
102,106
102,107
102,108
102,110
102,111
102,113
102,114
102,115
102,117
102,119
102,120
102,121
102,124
102,125
102,126
102,127
102,128
103,104
103,105
103,106
103,108
103,109
103,110
103,111
103,112
103,113
103,114
103,115
103,116
103,117
103,118
103,119
103,120
103,122
103,123
103,124
103,125
103,127
103,128
103,129
103,130
103,132
103,133
103,134
103,135
103,136
103,137
103,138
103,139
103,140
103,141
103,142
103,143
103,144
103,145
103,146
103,148
103,150
103,152
103,153
103,155
103,156
103,157
103,158
103,160
103,163
103,164
103,166
103,170
103,171
103,172
103,173
103,175
103,176
103,177
103,178
103,180
103,184
103,185
103,187
103,188
103,189
103,190
103,191
103,193
103,194
103,195
103,197
103,198
103,199
104,105
104,109
104,111
104,112
104,113
104,114
104,116
104,117
104,118
104,120
104,122
104,123
104,130
104,133
104,139
104,140
104,141
104,148
104,152
104,153
104,156
104,157
104,160
104,166
104,170
104,173
104,175
104,178
104,184
104,185
104,187
104,188
104,189
104,193
104,195
104,197
104,199
105,106
105,107
105,108
105,109
105,110
105,111
105,113
105,116
105,122
105,123
105,124
105,125
105,127
105,128
105,129
105,131
105,132
105,133
105,134
105,135
105,136
105,137
105,138
105,140
105,141
105,142
105,143
105,145
105,146
105,147
105,150
105,151
105,152
105,154
105,155
105,156
105,158
105,159
105,160
105,163
105,164
105,165
105,168
105,171
105,172
105,173
105,174
105,175
105,177
105,179
105,180
105,182
105,186
105,188
105,190
106,107
106,109
106,115
106,116
106,117
106,118
106,119
106,120
106,122
106,123
106,124
106,125
106,126
106,128
106,129
106,130
106,131
107,109
107,110
107,111
107,113
107,114
107,116
108,110
108,111
108,112
108,115
108,116
108,118
108,119
108,120
108,121
108,122
108,124
108,126
108,128
108,129
108,130
108,131
108,133
108,135
108,137
108,138
108,139
108,140
108,142
108,143
108,144
108,145
108,146
108,147
108,148
108,151
108,152
108,153
108,154
108,155
108,156
108,157
108,158
108,159
108,161
108,162
108,163
108,167
108,168
108,171
108,172
108,175
108,176
108,177
108,179
108,180
108,183
108,186
108,187
108,188
108,190
108,191
108,192
108,198
108,199
109,111
109,112
109,113
109,114
109,115
109,116
109,117
109,118
109,120
109,122
109,123
109,124
109,125
109,126
109,127
109,128
109,129
109,130
109,131
109,133
109,134
109,135
109,136
109,137
109,138
109,139
109,140
109,141
109,142
109,143
109,144
109,145
109,146
109,148
109,149
109,150
109,152
109,153
109,154
109,155
109,156
109,157
109,159
109,160
109,161
109,162
109,163
109,165
109,166
109,167
109,168
109,169
109,170
109,171
109,172
109,173
109,174
109,175
109,176
109,178
109,184
109,185
109,187
109,188
109,189
109,193
109,195
109,197
109,199
110,111
110,112
110,113
110,115
110,116
110,117
110,118
110,119
110,120
110,122
110,123
110,124
110,126
110,127
110,128
110,129
110,132
110,133
110,135
110,136
110,137
110,138
110,139
110,140
110,141
110,142
110,143
110,146
110,147
110,148
110,149
110,151
110,152
111,112
111,113
111,114
111,115
111,116
111,117
111,118
111,120
111,121
111,122
111,123
111,130
111,133
111,139
111,140
111,141
111,148
111,152
111,153
111,156
111,157
111,160
111,166
111,170
111,173
111,175
111,178
111,184
111,185
111,187
111,188
111,189
111,193
111,195
111,197
111,199
112,113
112,114
112,115
112,116
112,117
112,118
112,120
112,122
112,123
112,127
112,128
112,129
112,130
112,131
112,132
112,133
112,135
112,136
112,137
112,138
112,139
112,140
112,141
112,143
112,144
112,145
112,146
112,147
112,148
112,150
112,151
112,152
112,153
112,154
112,155
112,156
112,157
112,160
112,162
112,163
112,164
112,165
112,166
112,167
112,168
112,169
112,170
112,171
112,173
112,174
112,175
112,178
112,179
112,180
112,182
112,183
112,184
112,185
112,186
112,187
112,188
112,189
112,192
112,193
112,194
112,195
112,197
112,198
112,199
113,114
113,115
113,116
113,117
113,118
113,120
113,121
113,122
113,123
113,125
113,126
113,127
113,128
113,129
113,130
113,131
113,132
113,133
113,134
113,135
113,137
113,138
113,139
113,140
113,141
113,143
113,148
113,150
113,152
113,153
113,154
113,155
113,156
113,157
113,158
113,159
113,160
113,161
113,162
113,163
113,164
113,165
113,166
113,167
113,168
113,169
113,170
113,171
113,172
113,173
113,174
113,175
113,176
113,177
113,178
113,179
113,180
113,182
113,184
113,185
113,186
113,187
113,188
113,189
113,190
113,191
113,193
113,194
113,195
113,197
113,198
113,199
114,116
114,117
114,118
114,120
114,121
114,122
114,123
114,125
114,126
114,127
114,128
114,130
114,131
114,132
114,133
114,134
114,135
114,136
114,137
114,138
114,139
114,140
114,141
114,142
114,143
114,145
114,146
114,147
114,148
114,149
114,150
114,151
114,152
114,153
114,154
114,155
114,156
114,157
114,158
114,159
114,160
114,161
114,162
114,163
114,164
114,165
114,166
114,167
114,168
114,169
114,170
114,171
114,172
114,173
114,174
114,175
114,176
114,177
114,178
114,179
114,180
114,181
114,182
114,183
114,184
114,185
114,186
114,187
114,188
114,189
114,191
114,192
114,193
114,194
114,195
114,196
114,197
114,198
114,199
115,116
115,119
115,120
115,121
115,122
115,124
115,125
115,126
115,127
115,128
115,131
115,132
115,134
115,135
115,136
115,141
115,142
115,143
115,144
115,145
115,146
115,147
115,149
115,150
115,151
115,152
115,154
115,155
115,156
115,157
115,158
115,159
115,161
115,162
115,163
115,164
115,165
115,166
115,167
115,168
115,169
115,170
115,171
115,172
115,174
115,175
115,176
115,177
115,179
115,180
115,181
115,182
115,183
115,186
115,187
115,190
115,191
115,192
116,117
116,118
116,120
116,122
116,123
116,124
116,125
116,126
116,127
116,129
116,130
116,131
116,132
116,133
116,135
116,136
116,137
116,138
116,139
116,140
116,141
116,144
116,145
116,146
116,147
116,148
116,150
116,151
116,152
116,153
116,156
116,157
116,160
116,166
116,170
116,173
116,175
116,178
116,184
116,185
116,187
116,188
116,189
116,193
116,195
116,197
116,199
117,118
117,119
117,120
117,122
117,123
117,124
117,125
117,126
117,128
117,129
117,130
117,131
117,132
117,133
117,134
117,136
117,137
117,139
117,140
117,141
117,142
117,143
117,144
117,146
117,147
117,148
117,149
117,150
117,151
117,152
117,153
117,154
117,155
117,156
117,157
117,159
117,160
117,161
117,163
117,165
117,166
117,167
117,169
117,170
117,172
117,173
117,175
117,176
117,177
117,178
117,179
117,180
117,181
117,182
117,184
117,185
117,186
117,187
117,188
117,189
117,191
117,192
117,193
117,194
117,195
117,196
117,197
117,199
118,119
118,120
118,121
118,122
118,123
118,124
118,125
118,127
118,128
118,129
118,130
118,131
118,132
118,133
118,134
118,136
118,137
118,138
118,139
118,140
118,141
118,143
118,144
118,145
118,146
118,147
118,148
118,149
118,150
118,151
118,152
118,153
118,154
118,155
118,156
118,157
118,158
118,160
118,161
118,162
118,163
118,166
118,167
118,168
118,169
118,170
118,172
118,173
118,174
118,175
118,176
118,177
118,178
118,179
118,180
118,181
118,182
118,183
118,184
118,185
118,187
118,188
118,189
118,190
118,191
118,192
118,193
118,194
118,195
118,196
118,197
118,198
118,199
119,120
119,121
119,123
119,124
119,125
119,126
119,127
119,128
119,129
119,132
119,134
119,135
119,136
119,138
119,139
119,140
119,141
119,142
119,144
119,145
119,146
119,147
119,149
119,150
119,155
119,156
119,157
119,158
119,159
120,121
120,122
120,123
120,125
120,126
120,127
120,128
120,130
120,133
120,139
120,140
120,141
120,148
120,152
120,153
120,156
120,157
120,160
120,166
120,170
120,173
120,175
120,178
120,184
120,185
120,187
120,188
120,189
120,193
120,195
120,197
120,199
121,122
121,124
121,125
121,127
121,128
121,129
121,130
121,131
121,132
121,134
121,135
121,136
121,137
121,138
121,139
121,140
121,141
121,142
121,143
121,145
121,146
121,150
121,151
121,152
121,153
121,154
121,155
121,156
121,157
121,158
121,159
121,160
121,162
121,163
121,165
121,168
121,169
121,170
121,172
121,173
121,174
121,176
121,177
121,180
121,181
121,189
121,190
121,191
121,192
121,194
121,198
122,123
122,124
122,125
122,126
122,127
122,129
122,130
122,131
122,132
122,133
122,134
122,135
122,136
122,137
122,138
122,139
122,140
122,141
122,144
122,145
122,146
122,147
122,148
122,150
122,151
122,152
122,153
122,155
122,156
122,157
122,158
122,159
122,160
122,161
122,163
122,165
122,166
122,167
122,170
122,172
122,173
122,174
122,175
122,177
122,178
122,179
122,180
122,181
122,182
122,184
122,185
122,186
122,187
122,188
122,189
122,190
122,191
122,193
122,195
122,197
122,199
123,125
123,126
123,127
123,128
123,130
123,132
123,133
123,134
123,135
123,136
123,137
123,139
123,140
123,141
123,148
123,152
123,153
123,156
123,157
123,160
123,166
123,170
123,173
123,175
123,178
123,184
123,185
123,187
123,188
123,189
123,193
123,195
123,197
123,199
124,125
124,127
124,128
124,129
124,130
124,131
124,132
124,134
124,135
124,136
124,137
124,138
124,139
124,142
124,143
124,144
124,146
124,147
124,148
124,150
124,153
124,154
124,155
124,156
124,157
124,158
124,159
124,160
124,161
124,163
124,164
124,165
124,167
124,168
124,169
124,170
124,171
124,172
124,173
124,174
124,175
124,177
124,179
124,180
124,181
124,182
124,183
124,186
124,187
124,190
124,191
124,192
124,193
124,194
124,198
125,126
125,127
125,128
125,129
125,130
125,132
125,133
125,134
125,135
125,137
125,138
125,139
125,140
125,141
125,142
125,143
125,145
125,147
125,148
126,127
126,128
126,129
127,129
127,130
127,131
127,132
128,133
128,135
128,136
128,137
128,140
128,141
128,143
128,144
128,146
128,148
128,149
128,150
128,151
128,152
128,154
128,158
128,160
128,163
128,165
128,166
128,167
129,130
129,132
129,133
129,134
129,135
129,136
129,138
129,139
129,140
129,143
129,144
129,146
129,147
129,149
129,151
129,152
129,153
129,154
129,155
129,156
129,158
129,159
129,160
129,161
129,163
129,164
129,166
129,167
129,169
129,170
129,172
129,173
129,174
129,175
129,176
129,177
129,179
129,181
129,183
129,186
129,188
129,191
129,193
129,198
130,131
130,132
130,133
130,134
130,135
130,136
130,137
130,138
130,139
130,140
130,141
130,142
130,143
130,144
130,145
130,146
130,147
130,148
130,149
130,151
130,152
130,153
130,154
130,155
130,156
130,157
130,158
130,159
130,160
130,162
130,164
130,165
130,166
130,167
130,168
130,169
130,170
130,172
130,173
130,175
130,177
130,178
130,179
130,180
130,181
130,182
130,183
130,184
130,185
130,186
130,187
130,188
130,189
130,190
130,191
130,192
130,193
130,194
130,195
130,196
130,197
130,198
130,199
131,132
131,133
131,134
131,135
131,136
131,137
131,138
131,140
131,142
131,144
131,145
131,146
131,147
131,148
131,149
131,150
131,151
131,152
131,153
131,154
131,155
131,156
131,158
131,160
131,161
131,162
131,164
131,165
131,166
131,167
131,169
131,170
131,171
131,172
131,173
131,175
131,176
131,177
131,179
131,180
131,181
131,182
131,183
131,184
131,186
131,187
131,189
131,190
131,191
131,192
131,194
131,196
131,197
131,198
131,199
132,133
132,134
132,135
132,137
132,138
132,139
132,140
132,141
132,142
132,143
132,144
132,145
132,146
132,147
132,149
132,151
132,152
132,153
132,155
132,156
132,157
132,158
132,160
132,161
132,162
132,163
132,164
132,165
132,166
132,167
132,168
132,169
132,171
132,173
132,174
132,175
132,176
132,177
132,178
132,180
132,182
132,184
132,185
132,186
132,187
132,188
132,189
132,190
132,191
132,192
132,193
132,194
132,195
132,196
132,197
132,198
132,199
133,135
133,136
133,137
133,139
133,140
133,141
133,142
133,148
133,152
133,153
133,156
133,157
133,160
133,166
133,170
133,173
133,175
133,178
133,184
133,185
133,187
133,188
133,189
133,193
133,195
133,197
133,199
134,135
134,136
134,137
134,138
134,140
134,141
134,142
134,143
134,146
134,147
134,151
134,152
134,153
134,155
134,156
134,160
134,161
134,162
134,163
134,164
134,165
134,166
134,167
134,168
134,169
134,170
134,172
134,173
134,175
134,176
134,177
134,178
134,179
134,180
134,181
134,183
134,184
134,185
134,187
134,188
134,189
134,190
134,191
134,192
134,193
134,194
135,136
135,138
135,139
135,140
135,141
135,143
135,144
135,145
135,146
135,147
135,148
135,151
135,152
135,153
135,154
135,155
135,156
135,157
135,158
135,160
135,161
135,162
135,164
135,165
135,166
135,167
135,168
135,169
135,170
135,171
135,174
135,175
135,176
135,177
135,178
135,179
135,180
135,181
135,182
135,183
135,184
135,185
135,186
135,187
135,188
135,189
135,190
135,191
135,192
135,194
135,195
135,196
135,197
135,198
136,137
136,138
136,139
136,141
136,142
136,143
136,144
136,145
136,146
136,147
136,149
136,150
136,151
136,152
136,153
136,155
136,156
136,157
136,158
136,160
136,161
136,162
136,163
137,138
137,139
137,140
137,141
137,143
137,144
137,145
137,146
137,147
137,148
137,149
137,150
137,153
137,154
137,155
137,156
137,157
137,160
137,162
137,163
137,164
137,165
137,166
137,167
137,168
137,169
137,171
137,172
137,173
137,174
137,175
137,176
137,178
137,179
137,180
137,181
137,182
137,184
137,186
137,188
137,189
137,190
137,191
137,192
137,193
137,194
137,195
137,196
137,197
137,198
137,199
138,139
138,140
138,143
138,145
138,147
138,149
138,150
138,151
138,153
138,154
138,155
138,156
138,157
139,140
139,141
139,143
139,144
139,145
139,146
139,147
139,148
139,149
139,150
139,151
139,152
139,153
139,155
139,156
139,157
139,158
139,159
139,160
139,161
139,162
139,164
139,166
139,167
139,168
139,169
139,170
139,171
139,172
139,173
139,174
139,175
139,176
139,177
139,178
139,179
139,180
139,181
139,182
139,183
139,184
139,185
139,186
139,187
139,188
139,189
139,190
139,191
139,193
139,195
139,196
139,197
139,199
140,141
140,143
140,144
140,145
140,147
140,148
140,149
140,150
140,152
140,153
140,155
140,156
140,157
140,158
140,159
140,160
140,162
140,163
140,164
140,165
140,166
140,167
140,168
140,169
140,170
140,172
140,173
140,174
140,175
140,178
140,179
140,180
140,181
140,182
140,183
140,184
140,185
140,187
140,188
140,189
140,190
140,191
140,193
140,194
140,195
140,196
140,197
140,198
140,199
141,143
141,144
141,145
141,146
141,147
141,148
141,150
141,151
141,152
141,153
141,154
141,155
141,156
141,157
141,158
141,159
141,160
141,161
141,163
141,164
141,165
141,166
141,167
141,168
141,170
141,172
141,173
141,174
141,175
141,176
141,177
141,178
141,179
141,180
141,182
141,183
141,184
141,185
141,186
141,187
141,188
141,189
141,190
141,191
141,192
141,193
141,194
141,195
141,196
141,197
141,198
141,199
142,143
142,144
142,145
142,147
142,148
142,149
142,150
142,151
142,153
142,154
142,155
142,156
142,157
142,158
142,159
142,161
142,163
142,164
142,165
142,166
142,167
142,168
142,169
142,171
142,172
143,144
143,145
143,146
143,147
143,148
143,149
143,150
143,151
143,153
143,154
143,155
143,156
143,157
143,158
143,159
143,160
143,161
143,164
143,165
143,166
143,167
143,168
143,169
143,170
143,171
143,172
143,173
143,174
143,175
143,176
143,177
143,179
143,180
143,181
143,182
143,183
143,184
143,188
143,189
143,191
143,192
143,193
143,194
143,196
143,198
144,145
144,146
144,147
144,148
144,149
144,150
144,151
144,152
144,153
144,154
144,155
144,156
144,157
144,160
144,161
144,162
144,163
144,164
144,165
144,166
144,167
144,168
144,169
144,170
144,171
145,147
145,148
145,149
145,151
145,152
145,153
145,156
145,157
145,158
145,159
145,160
145,161
145,162
145,163
145,164
145,165
145,167
145,168
146,149
146,150
146,151
146,152
146,153
146,154
146,155
146,156
146,157
146,158
146,159
146,161
146,162
146,164
146,165
146,166
146,168
146,169
146,171
146,173
146,174
146,177
146,179
146,180
146,181
146,183
146,184
146,187
146,188
146,189
146,190
146,191
146,192
146,193
146,194
146,196
146,199
147,149
147,150
147,151
147,152
147,153
147,154
147,155
147,156
147,158
147,159
147,160
147,161
147,162
147,163
147,164
147,165
147,166
147,167
147,168
147,169
147,171
147,172
147,173
147,174
147,176
147,177
147,179
148,149
148,150
148,152
148,153
148,154
148,155
148,156
148,157
148,158
148,159
148,160
148,161
148,163
148,164
148,165
148,166
148,167
148,168
148,170
148,172
148,173
148,174
148,175
148,177
148,178
148,180
148,182
148,183
148,184
148,185
148,186
148,187
148,188
148,189
148,190
148,191
148,192
148,193
148,194
148,195
148,196
148,197
148,198
148,199
149,150
149,151
149,153
149,154
149,155
149,156
149,158
149,160
149,162
149,163
149,164
149,165
149,166
149,167
149,169
149,170
149,171
149,172
149,173
149,174
149,176
149,177
149,179
149,180
149,181
149,182
149,183
149,184
149,185
149,186
149,188
149,189
149,190
149,191
149,192
149,193
149,194
149,197
149,198
149,199
150,152
150,153
150,154
151,153
151,154
151,156
151,157
151,159
151,160
151,162
151,163
151,164
151,165
151,167
151,168
151,169
151,170
151,171
151,173
151,174
151,175
152,153
152,155
152,156
152,157
152,158
152,159
152,160
152,161
152,162
152,164
152,165
152,166
152,167
152,168
152,169
152,170
152,173
152,175
152,178
152,184
152,185
152,187
152,188
152,189
152,193
152,195
152,197
152,199
153,155
153,156
153,157
153,158
153,159
153,160
153,161
153,162
153,163
153,164
153,165
153,166
153,167
153,168
153,169
153,170
153,172
153,173
153,175
153,177
153,178
153,184
153,185
153,187
153,188
153,189
153,193
153,195
153,197
153,199
154,156
154,158
154,159
154,160
154,161
154,162
154,163
154,164
154,165
154,167
154,168
154,170
154,171
154,172
154,174
154,175
154,176
154,177
154,178
154,180
154,181
154,182
154,183
155,156
155,157
155,158
155,159
155,160
155,161
155,163
155,164
155,165
155,167
155,168
155,169
155,170
155,171
155,173
156,157
156,159
156,160
156,162
156,163
156,165
156,166
156,167
156,168
156,169
156,170
156,173
156,175
156,178
156,184
156,185
156,187
156,188
156,189
156,193
156,195
156,197
156,199
157,159
157,160
157,161
157,162
157,163
157,164
157,165
157,166
157,167
157,168
157,169
157,170
157,171
157,173
157,174
157,175
157,176
157,177
157,178
157,180
157,181
157,182
157,184
157,185
157,187
157,188
157,189
157,190
157,191
157,193
157,194
157,195
157,196
157,197
157,198
157,199
158,159
158,160
158,161
158,162
158,163
158,164
158,165
159,160
159,161
159,162
159,163
159,165
159,169
159,170
159,171
159,172
159,176
159,177
159,179
159,181
159,182
159,184
159,185
159,190
159,193
159,194
159,196
159,198
160,166
160,170
160,173
160,175
160,178
160,184
160,185
160,187
160,188
160,189
160,193
160,195
160,197
160,199
161,162
161,163
161,164
161,165
161,166
161,168
161,170
161,171
161,172
161,173
161,175
161,176
161,180
161,181
161,182
161,183
161,187
161,188
161,190
161,192
161,193
161,194
161,196
161,197
162,163
162,164
162,165
162,167
162,168
162,169
162,170
162,171
162,172
162,173
162,174
162,175
162,176
162,177
162,179
162,180
162,181
162,182
162,183
162,186
162,187
162,188
162,190
162,191
162,192
162,193
162,196
162,197
162,198
162,199
163,164
163,167
163,168
163,169
163,170
163,171
163,173
163,175
163,176
163,179
163,180
163,181
163,182
163,183
163,185
163,186
163,187
163,188
163,190
163,191
163,192
163,193
163,196
164,165
164,167
164,168
164,169
164,171
164,172
164,173
164,174
164,175
164,177
164,180
164,181
164,182
164,183
164,184
164,185
164,186
164,187
164,188
164,189
164,191
164,192
164,193
164,194
164,196
164,198
164,199
165,168
165,169
165,170
165,171
165,172
165,173
165,174
165,175
165,176
165,177
165,178
165,179
165,181
165,182
165,183
165,184
165,185
165,186
165,187
165,188
165,189
165,190
165,191
165,192
165,193
165,194
165,196
165,197
165,198
165,199
166,167
166,168
166,170
166,172
166,173
166,174
166,175
166,178
166,184
166,185
166,187
166,188
166,189
166,193
166,195
166,197
166,199
167,168
167,169
167,170
167,171
167,172
167,173
167,174
167,175
167,176
167,177
167,178
167,179
167,180
167,181
167,182
167,183
167,184
167,185
167,186
167,187
168,170
168,171
168,172
168,173
168,174
168,175
168,176
168,177
168,178
168,179
168,180
168,181
168,182
168,183
168,184
168,185
168,187
168,189
169,170
169,171
169,173
169,174
169,176
169,177
169,178
169,179
169,181
169,182
169,183
169,184
169,185
169,186
169,187
169,188
169,189
169,190
169,191
169,193
169,195
169,196
169,198
170,171
170,172
170,173
170,175
170,176
170,177
170,178
170,184
170,185
170,187
170,188
170,189
170,193
170,195
170,197
170,199
171,172
171,173
171,174
171,175
171,176
171,177
171,178
171,179
171,180
171,182
171,183
171,184
171,185
171,186
171,187
171,188
171,189
171,190
171,194
171,196
171,197
171,198
171,199
172,175
172,176
172,177
172,178
172,179
172,180
172,181
172,182
172,183
172,184
172,186
172,187
172,188
172,189
172,190
172,191
172,192
172,193
172,194
172,195
172,196
172,198
172,199
173,175
173,177
173,178
173,180
173,181
173,182
173,184
173,185
173,186
173,187
173,188
173,189
173,190
173,191
173,192
173,193
173,194
173,195
173,196
173,197
173,198
173,199
174,175
174,176
174,177
174,179
174,181
174,184
174,186
174,187
174,188
174,190
174,191
174,192
174,193
174,194
174,195
174,196
174,199
175,177
175,178
175,179
175,180
175,182
175,183
175,184
175,185
175,186
175,187
175,188
175,189
175,191
175,192
175,193
175,194
175,195
175,197
175,198
175,199
176,177
176,178
176,179
176,180
176,182
176,186
176,187
176,188
176,189
176,190
176,191
176,192
176,194
176,195
177,178
177,179
177,180
177,181
177,182
177,184
177,185
177,186
177,187
177,188
177,190
177,191
177,192
177,193
177,194
177,195
177,196
177,197
177,198
178,180
178,181
178,182
178,184
178,185
178,187
178,188
178,189
178,191
178,193
178,194
178,195
178,197
178,199
179,180
179,181
179,182
179,183
179,184
179,186
179,187
179,189
179,190
179,191
179,192
179,193
179,194
179,195
179,196
179,197
179,198
179,199
180,181
180,182
180,183
180,184
180,185
180,186
180,189
180,191
180,192
180,193
180,194
180,197
180,198
180,199
181,182
181,183
181,184
181,185
181,186
181,187
181,189
181,190
181,192
181,193
181,194
181,195
181,196
181,197
181,198
181,199
182,183
182,184
182,185
182,186
182,187
182,189
182,190
182,191
182,192
182,193
182,194
182,195
182,196
182,197
182,198
182,199
183,184
183,185
183,186
183,187
183,188
184,185
184,186
184,187
184,188
184,189
184,190
184,191
184,192
184,193
184,194
184,195
184,196
184,197
184,198
184,199
185,187
185,188
185,189
185,190
185,191
185,192
185,193
185,195
185,196
185,197
185,198
185,199
186,188
186,189
186,190
186,191
186,192
186,193
186,194
186,195
186,196
186,198
187,188
187,189
187,190
187,192
187,193
187,195
187,196
187,197
187,198
187,199
188,189
188,191
188,192
188,193
188,194
188,195
188,196
188,197
188,199
189,190
189,191
189,192
189,193
189,194
189,195
189,196
189,197
189,199
190,191
190,192
190,193
190,194
190,195
190,196
190,198
191,192
191,193
191,194
191,195
191,196
191,199
192,193
192,195
192,196
192,199
193,194
193,195
193,196
193,197
193,199
194,195
194,196
194,197
194,198
194,199
195,196
195,197
195,199
196,197
196,198
196,199
197,198
197,199
198,199
