0,1
0,2
0,3
0,4
0,5
0,6
0,7
0,8
0,9
0,10
0,11
0,12
0,13
0,14
0,15
0,16
0,17
0,18
0,19
0,20
0,21
0,22
0,23
0,24
0,25
0,26
0,27
0,28
0,29
0,30
0,31
0,32
0,33
0,34
0,35
0,36
0,37
0,38
0,39
0,40
0,41
0,42
0,43
0,44
0,45
0,46
0,47
0,48
0,49
0,50
0,51
0,52
0,54
0,55
0,56
0,60
0,63
0,65
0,66
0,75
1,2
1,3
1,4
1,5
1,6
1,7
1,8
1,9
1,10
1,11
1,12
1,13
1,14
1,15
1,16
1,17
1,18
1,19
1,20
1,21
1,22
1,23
1,24
1,25
1,26
1,27
1,28
1,29
1,30
1,31
1,32
1,33
1,34
1,35
1,36
1,37
1,38
1,39
1,40
1,41
1,42
1,43
1,44
1,45
1,46
1,47
1,48
1,49
1,50
1,51
1,52
1,54
1,55
1,56
1,57
1,60
1,61
1,62
1,63
1,64
1,65
1,66
1,67
1,68
1,70
1,71
1,73
1,74
1,75
1,76
1,77
1,78
1,79
1,80
1,81
1,82
1,84
1,86
1,88
1,89
1,90
1,91
1,92
1,93
1,94
1,95
2,3
2,4
2,5
2,6
2,7
2,8
2,9
2,10
2,11
2,12
2,13
2,14
2,15
2,16
2,17
2,18
2,19
2,20
2,21
2,22
2,23
2,24
2,25
2,26
2,27
2,28
2,29
2,30
2,31
2,32
2,33
2,34
2,35
2,36
2,37
2,38
2,39
2,40
2,41
2,42
2,43
2,44
2,45
2,46
2,47
2,48
2,49
2,50
2,51
2,52
2,53
2,55
2,56
2,58
2,61
2,62
2,63
2,64
2,65
2,66
2,67
2,68
2,69
2,70
2,71
2,73
2,74
2,75
2,76
2,77
2,78
2,79
2,80
2,81
2,82
2,83
2,84
2,85
2,86
2,87
2,88
2,89
2,90
2,91
2,92
2,93
2,94
2,95
2,98
2,99
2,101
2,104
2,122
2,128
2,137
2,138
2,139
2,147
2,152
2,155
2,159
2,160
2,171
2,174
2,177
2,180
2,181
2,182
2,192
2,195
3,4
3,5
3,6
3,7
3,8
3,9
3,10
3,11
3,12
3,13
3,14
3,15
3,16
3,17
3,18
3,19
3,20
3,21
3,22
3,23
3,24
3,25
3,26
3,27
3,28
3,29
3,30
3,31
3,32
3,33
3,34
3,35
3,36
3,37
3,38
3,39
3,40
3,41
3,42
3,43
3,44
3,45
3,46
3,47
3,48
3,49
3,50
3,51
3,52
4,5
4,6
4,7
4,8
4,9
4,10
4,11
4,12
4,13
4,14
4,15
4,16
4,17
4,18
4,19
4,20
4,21
4,22
4,23
4,24
4,25
4,26
4,27
4,28
4,29
4,30
4,31
4,32
4,33
4,34
4,35
4,36
4,37
4,38
4,39
4,40
4,41
4,42
4,43
4,44
4,45
4,46
4,47
4,48
4,49
4,50
4,51
4,52
4,53
4,55
4,56
4,58
4,60
4,61
4,62
4,63
4,64
4,65
4,66
4,67
4,68
4,69
4,70
4,71
4,72
4,73
4,74
4,75
4,76
4,77
4,78
4,79
4,81
4,82
4,83
4,95
4,98
4,99
4,101
4,104
4,122
4,128
4,137
4,138
4,139
4,147
4,152
4,155
4,159
4,160
4,171
4,174
4,177
4,180
4,181
4,182
4,192
4,195
5,6
5,7
5,8
5,9
5,10
5,11
5,12
5,13
5,14
5,15
5,16
5,17
5,18
5,19
5,20
5,21
5,22
5,23
5,24
5,25
5,26
5,27
5,28
5,29
5,30
5,31
5,32
5,33
5,34
5,35
5,36
5,37
5,38
5,39
5,40
5,41
5,42
5,43
5,44
5,45
5,46
5,47
5,48
5,49
5,50
5,51
5,52
5,53
5,55
5,56
5,58
5,62
5,69
5,76
5,82
5,83
5,95
5,98
5,99
5,101
5,104
5,122
5,128
5,137
5,138
5,139
5,147
5,152
5,155
5,159
5,160
5,171
5,174
5,177
5,180
5,181
5,182
5,192
5,195
6,7
6,8
6,9
6,10
6,11
6,12
6,13
6,14
6,15
6,16
6,17
6,18
6,19
6,20
6,21
6,22
6,23
6,24
6,25
6,26
6,27
6,28
6,29
6,30
6,31
6,32
6,33
6,34
6,35
6,36
6,37
6,38
6,39
6,40
6,41
6,42
6,43
6,44
6,45
6,46
6,47
6,48
6,49
6,50
6,51
6,52
6,53
6,55
6,56
6,58
6,61
6,62
6,63
6,64
6,65
6,66
6,67
6,68
6,69
6,70
6,71
6,72
6,73
6,74
6,75
6,76
6,77
6,78
6,79
6,80
6,81
6,82
6,83
6,84
6,85
6,86
6,87
6,88
6,89
6,91
6,92
6,93
6,94
6,95
6,98
6,99
6,100
6,101
6,102
6,103
6,104
6,108
6,109
6,110
6,111
6,122
6,128
6,137
6,138
6,139
6,147
6,152
6,155
6,159
6,160
6,171
6,174
6,177
6,180
6,181
6,182
6,192
6,195
7,8
7,9
7,10
7,11
7,12
7,13
7,14
7,15
7,16
7,17
7,18
7,19
7,20
7,21
7,22
7,23
7,24
7,25
7,26
7,27
7,28
7,29
7,30
7,31
7,32
7,33
7,34
7,35
7,36
7,37
7,38
7,39
7,40
7,41
7,42
7,43
7,44
7,45
7,46
7,47
7,48
7,49
7,50
7,51
7,52
7,53
7,55
7,56
7,57
7,58
7,60
7,61
7,62
7,63
7,64
7,65
7,66
7,67
7,68
7,69
7,70
7,71
7,72
7,73
7,74
7,75
7,76
7,77
7,78
7,80
7,81
7,82
7,83
7,84
7,85
7,87
7,88
7,89
7,90
7,91
7,92
7,93
7,94
7,95
7,96
7,97
7,98
7,99
7,100
7,101
7,102
7,103
7,104
7,105
7,107
7,108
7,109
7,110
7,111
7,114
7,115
7,117
7,119
7,122
7,123
7,124
7,125
7,126
7,127
7,128
7,130
7,131
7,132
7,133
7,134
7,135
7,136
7,137
7,138
7,139
7,147
7,152
7,155
7,159
7,160
7,171
7,174
7,177
7,180
7,181
7,182
7,192
7,195
8,9
8,10
8,11
8,12
8,13
8,14
8,15
8,16
8,17
8,18
8,19
8,20
8,21
8,22
8,23
8,24
8,25
8,26
8,27
8,28
8,29
8,30
8,31
8,32
8,33
8,34
8,35
8,36
8,37
8,38
8,39
8,40
8,41
8,42
8,43
8,44
8,45
8,46
8,47
8,48
8,49
8,50
8,51
8,52
8,56
8,57
8,58
8,59
8,60
8,61
8,62
8,63
8,64
8,65
8,66
8,67
8,68
8,70
8,71
8,72
8,73
8,74
8,75
8,76
8,77
8,78
8,79
8,81
8,82
8,83
8,84
8,85
8,86
8,87
8,88
8,89
8,90
8,91
8,92
8,93
8,94
8,95
8,96
8,97
8,98
8,99
8,100
8,101
8,102
8,103
8,104
8,106
8,107
8,108
8,109
8,110
8,112
8,113
8,114
8,115
8,116
8,117
8,118
8,119
8,121
8,123
8,124
9,10
9,11
9,12
9,13
9,14
9,15
9,16
9,17
9,18
9,19
9,20
9,21
9,22
9,23
9,24
9,25
9,26
9,27
9,28
9,29
9,30
9,31
9,32
9,33
9,34
9,35
9,36
9,37
9,38
9,39
9,40
9,41
9,42
9,43
9,44
9,45
9,46
9,47
9,48
9,49
9,50
9,51
9,52
9,56
9,57
9,58
9,59
9,60
9,61
9,62
9,63
9,64
9,65
9,66
9,67
9,68
9,69
10,11
10,12
10,13
10,14
10,15
10,16
10,17
10,18
10,19
10,20
10,21
10,22
10,23
10,24
10,25
10,26
10,27
10,28
10,29
10,30
10,31
10,32
10,33
10,34
10,35
10,36
10,37
10,38
10,39
10,40
10,41
10,42
10,43
10,44
10,45
10,46
10,47
10,48
10,49
10,50
10,51
10,52
10,53
10,54
10,55
10,56
10,57
10,58
10,59
10,60
10,61
10,62
10,63
10,69
10,76
10,82
10,83
10,95
10,98
10,99
10,101
10,104
10,122
10,128
10,137
10,138
10,139
10,147
10,152
10,155
10,159
10,160
10,171
10,174
10,177
10,180
10,181
10,182
10,192
10,195
11,12
11,13
11,14
11,15
11,16
11,17
11,18
11,19
11,20
11,21
11,22
11,23
11,24
11,25
11,26
11,27
11,28
11,29
11,30
11,31
11,32
11,33
11,34
11,35
11,36
11,37
11,38
11,39
11,40
11,41
11,42
11,43
11,44
11,45
11,46
11,47
11,48
11,49
11,50
11,51
11,52
11,55
11,56
11,57
11,58
11,59
11,60
11,61
11,62
11,63
11,64
11,65
11,66
11,67
11,68
11,69
11,70
11,72
11,73
11,74
12,13
12,14
12,15
12,16
12,17
12,18
12,19
12,20
12,21
12,22
12,23
12,24
12,25
12,26
12,27
12,28
12,29
12,30
12,31
12,32
12,33
12,34
12,35
12,36
12,37
12,38
12,39
12,40
12,41
12,42
12,43
12,44
12,45
12,46
12,47
12,48
12,49
12,50
12,51
12,52
12,54
12,55
12,56
12,58
13,14
13,15
13,16
13,17
13,18
13,19
13,20
13,21
13,22
13,23
13,24
13,25
13,26
13,27
13,28
13,29
13,30
13,31
13,32
13,33
13,34
13,35
13,36
13,37
13,38
13,39
13,40
13,41
13,42
13,43
13,44
13,45
13,46
13,47
13,48
13,49
13,50
13,51
13,52
13,56
13,58
13,59
13,60
13,61
13,62
13,63
13,64
13,65
14,15
14,16
14,17
14,18
14,19
14,20
14,21
14,22
14,23
14,24
14,25
14,26
14,27
14,28
14,29
14,30
14,31
14,32
14,33
14,34
14,35
14,36
14,37
14,38
14,39
14,40
14,41
14,42
14,43
14,44
14,45
14,46
14,47
14,48
14,49
14,50
14,51
14,52
15,16
15,17
15,18
15,19
15,20
15,21
15,22
15,23
15,24
15,25
15,26
15,27
15,28
15,29
15,30
15,31
15,32
15,33
15,34
15,35
15,36
15,37
15,38
15,39
15,40
15,41
15,42
15,43
15,44
15,45
15,46
15,47
15,48
15,49
15,50
15,51
15,52
15,54
15,55
15,56
15,57
15,58
15,59
15,60
15,61
15,62
15,63
15,64
15,65
15,66
15,67
15,68
15,69
15,70
15,71
15,72
15,73
15,74
15,75
15,76
15,77
15,78
15,79
15,80
15,81
15,82
16,17
16,18
16,19
16,20
16,21
16,22
16,23
16,24
16,25
16,26
16,27
16,28
16,29
16,30
16,31
16,32
16,33
16,34
16,35
16,36
16,37
16,38
16,39
16,40
16,41
16,42
16,43
16,44
16,45
16,46
16,47
16,48
16,49
16,50
16,51
16,53
16,55
16,56
16,58
16,62
16,69
16,76
16,82
16,83
16,95
16,98
16,99
16,101
16,104
16,122
16,128
16,137
16,138
16,139
16,147
16,152
16,155
16,159
16,160
16,171
16,174
16,177
16,180
16,181
16,182
16,192
16,195
17,18
17,19
17,20
17,21
17,22
17,23
17,24
17,25
17,26
17,27
17,28
17,29
17,30
17,31
17,32
17,33
17,34
17,35
17,36
17,37
17,38
17,39
17,40
17,41
17,42
17,43
17,44
17,45
17,46
17,47
17,48
17,49
17,50
17,51
17,52
17,53
17,55
17,56
17,57
17,58
17,59
17,60
17,61
17,62
17,63
17,64
17,65
17,66
17,67
17,68
17,69
17,70
17,71
17,72
17,73
17,74
17,75
17,76
17,77
17,78
17,79
17,80
17,81
17,82
17,83
17,84
17,85
17,86
17,87
17,88
17,89
17,90
17,91
17,92
17,93
17,94
17,95
17,96
17,97
17,98
17,99
17,100
17,101
17,102
17,103
17,104
17,105
17,106
17,107
17,108
17,109
17,110
17,111
17,113
17,114
17,115
17,116
17,117
17,119
17,122
17,123
17,124
17,125
17,126
17,127
17,128
17,137
17,138
17,139
17,147
17,152
17,155
17,159
17,160
17,171
17,174
17,177
17,180
17,181
17,182
17,192
17,195
18,19
18,20
18,21
18,22
18,23
18,24
18,25
18,26
18,27
18,28
18,29
18,30
18,31
18,32
18,33
18,34
18,35
18,36
18,37
18,38
18,39
18,40
18,41
18,42
18,43
18,44
18,45
18,46
18,47
18,48
18,49
18,50
18,51
18,52
18,56
18,57
18,58
18,59
18,60
18,61
18,62
18,63
18,64
18,65
18,66
18,68
18,69
18,70
18,71
18,72
18,73
18,74
18,75
18,76
18,77
18,78
18,79
18,80
18,81
18,82
18,83
18,84
18,85
18,86
19,20
19,21
19,22
19,23
19,24
19,25
19,26
19,27
19,28
19,29
19,30
19,31
19,32
19,33
19,34
19,35
19,36
19,37
19,38
19,39
19,40
19,41
19,42
19,43
19,44
19,45
19,46
19,47
19,48
19,49
19,50
19,51
19,52
19,53
19,54
19,55
19,56
19,57
19,58
19,60
19,61
19,62
19,63
19,64
19,65
19,66
19,67
19,68
19,69
19,70
19,76
19,82
19,83
19,95
19,98
19,99
19,101
19,104
19,122
19,128
19,137
19,138
19,139
19,147
19,152
19,155
19,159
19,160
19,171
19,174
19,177
19,180
19,181
19,182
19,192
19,195
20,21
20,22
20,23
20,24
20,25
20,26
20,27
20,28
20,29
20,30
20,31
20,32
20,33
20,34
20,35
20,36
20,37
20,38
20,39
20,40
20,41
20,42
20,43
20,44
20,45
20,46
20,47
20,48
20,49
20,50
20,51
20,52
20,53
20,54
20,55
20,56
20,57
20,58
20,59
20,60
20,61
20,62
20,64
20,65
20,66
20,67
20,68
20,69
20,70
20,71
20,72
20,73
20,74
20,75
20,76
20,77
20,78
20,79
20,80
20,82
20,83
20,84
20,85
20,86
20,87
20,88
20,89
20,90
20,91
20,92
20,93
20,95
20,96
20,97
20,98
20,99
20,101
20,104
20,122
20,128
20,137
20,138
20,139
20,147
20,152
20,155
20,159
20,160
20,171
20,174
20,177
20,180
20,181
20,182
20,192
20,195
21,22
21,23
21,24
21,25
21,26
21,27
21,28
21,29
21,30
21,31
21,32
21,33
21,34
21,35
21,36
21,37
21,38
21,39
21,40
21,41
21,42
21,43
21,44
21,45
21,46
21,47
21,48
21,49
21,50
21,51
21,52
22,23
22,24
22,25
22,26
22,27
22,28
22,29
22,30
22,31
22,32
22,33
22,34
22,35
22,36
22,37
22,38
22,39
22,40
22,41
22,42
22,43
22,44
22,45
22,46
22,47
22,48
22,49
22,50
22,51
22,52
22,53
22,54
22,55
22,56
22,57
22,58
22,59
22,60
22,61
22,62
22,63
22,64
22,65
22,66
22,67
22,68
22,69
22,70
22,71
22,72
22,73
22,74
22,75
22,76
22,77
22,78
22,79
22,80
22,81
22,82
22,83
22,84
22,85
22,86
22,87
22,88
22,92
22,93
22,94
22,95
22,96
22,97
22,98
22,99
22,100
22,101
22,102
22,103
22,104
22,122
22,128
22,137
22,138
22,139
22,147
22,152
22,155
22,159
22,160
22,171
22,174
22,177
22,180
22,181
22,182
22,192
22,195
23,24
23,25
23,26
23,27
23,28
23,29
23,30
23,31
23,32
23,33
23,34
23,35
23,36
23,37
23,38
23,39
23,40
23,41
23,42
23,43
23,44
23,45
23,46
23,47
23,48
23,49
23,50
23,51
23,52
23,53
23,55
23,56
23,57
23,58
23,59
23,60
23,61
23,62
23,63
23,64
23,65
23,66
23,67
23,68
23,69
23,70
23,71
23,72
23,73
23,74
23,75
23,76
23,82
23,83
23,95
23,98
23,99
23,101
23,104
23,122
23,128
23,137
23,138
23,139
23,147
23,152
23,155
23,159
23,160
23,171
23,174
23,177
23,180
23,181
23,182
23,192
23,195
24,25
24,26
24,27
24,28
24,29
24,30
24,31
24,32
24,33
24,34
24,35
24,36
24,37
24,38
24,39
24,40
24,41
24,42
24,43
24,44
24,45
24,46
24,47
24,48
24,49
24,50
24,51
24,52
24,53
24,54
24,55
24,56
24,57
24,58
24,59
24,60
24,61
24,62
24,63
24,64
24,65
24,66
24,67
24,68
24,69
24,70
24,71
24,72
24,73
24,74
24,75
24,76
24,77
24,78
24,79
24,80
24,81
24,82
24,83
24,84
24,85
24,86
24,87
24,88
24,89
24,90
24,91
24,92
24,93
24,94
24,95
24,96
24,97
24,98
24,99
24,100
24,101
24,102
24,103
24,104
24,105
24,106
24,107
24,108
24,109
24,110
24,111
24,112
24,113
24,114
24,115
24,116
24,117
24,118
24,119
24,120
24,121
24,122
24,123
24,124
24,125
24,126
24,127
24,128
24,130
24,131
24,132
24,133
24,134
24,135
25,26
25,27
25,28
25,29
25,30
25,31
25,32
25,33
25,34
25,35
25,36
25,37
25,38
25,39
25,40
25,41
25,42
25,43
25,44
25,45
25,46
25,47
25,48
25,49
25,50
25,51
25,52
25,58
25,59
26,27
26,28
26,29
26,30
26,31
26,32
26,33
26,34
26,35
26,36
26,37
26,38
26,39
26,40
26,41
26,42
26,43
26,44
26,45
26,46
26,47
26,48
26,49
26,50
26,51
26,52
26,54
26,55
26,56
26,57
26,58
26,59
26,60
26,61
26,62
26,63
26,64
26,66
26,67
26,68
26,69
26,70
26,71
26,72
26,73
26,74
26,75
26,76
26,77
26,78
26,79
26,80
27,28
27,29
27,30
27,31
27,32
27,33
27,34
27,35
27,36
27,37
27,38
27,39
27,40
27,41
27,42
27,43
27,44
27,45
27,46
27,47
27,48
27,49
27,50
27,51
27,52
27,53
27,54
27,55
27,56
27,57
27,58
27,59
27,60
27,61
27,62
27,63
27,64
27,65
27,66
27,67
27,68
27,69
27,70
27,71
27,72
27,73
27,74
27,75
27,76
27,77
27,78
27,79
27,80
27,81
27,82
27,83
27,84
27,85
27,86
27,88
27,89
27,90
27,91
27,93
27,94
27,95
27,96
27,97
27,98
27,99
27,100
27,101
27,102
27,103
27,104
27,105
27,106
27,107
27,108
27,109
27,110
27,112
27,113
27,114
27,115
27,116
27,117
27,118
27,119
27,120
27,121
27,122
27,123
27,124
27,125
27,126
27,127
27,128
27,130
27,131
27,132
27,133
27,134
27,135
27,136
27,137
27,138
27,139
27,140
27,141
27,142
27,143
27,144
27,145
27,146
27,147
27,149
27,152
27,154
27,155
27,157
27,159
27,160
27,164
27,165
27,168
27,169
27,170
27,171
27,172
27,173
27,174
27,176
27,177
27,178
27,179
27,180
27,181
27,182
27,183
27,184
27,185
27,186
27,187
27,188
27,189
27,190
27,191
27,192
27,193
27,194
27,195
28,29
28,30
28,31
28,32
28,33
28,34
28,35
28,36
28,37
28,38
28,39
28,40
28,41
28,42
28,43
28,44
28,45
28,46
28,47
28,48
28,49
28,50
28,51
28,52
28,56
28,57
28,58
28,59
28,60
28,61
28,62
28,63
28,64
28,65
28,66
28,67
28,68
28,70
28,71
28,72
28,73
28,74
28,75
28,76
28,77
28,78
28,79
28,80
28,81
28,82
28,83
28,84
28,85
28,86
28,87
28,88
28,89
28,90
28,91
28,92
28,93
28,94
28,95
28,96
28,97
28,98
28,99
28,100
28,101
28,102
28,103
28,104
28,105
28,106
28,107
28,108
29,30
29,31
29,32
29,33
29,34
29,35
29,36
29,37
29,38
29,39
29,40
29,41
29,42
29,43
29,44
29,45
29,46
29,47
29,48
29,49
29,50
29,51
29,52
29,54
29,55
29,56
29,57
29,58
29,59
29,60
29,61
29,62
29,63
29,64
29,65
29,66
29,67
29,68
29,69
29,70
29,71
29,72
29,73
29,74
29,75
29,76
29,77
29,78
29,79
29,80
29,81
29,82
29,83
29,84
29,85
29,86
29,87
29,88
29,89
29,90
29,92
29,93
29,94
29,95
29,96
29,97
29,98
29,99
29,100
29,101
30,31
30,32
30,33
30,34
30,35
30,36
30,37
30,38
30,39
30,40
30,41
30,42
30,43
30,44
30,45
30,46
30,47
30,48
30,49
30,50
30,51
30,52
30,53
30,54
30,55
30,56
30,57
30,58
30,59
30,60
30,61
30,62
30,63
30,64
30,65
30,66
30,67
30,68
30,69
30,70
30,71
30,72
30,73
30,74
30,75
30,76
30,77
30,78
30,79
30,80
30,81
30,82
30,83
30,84
30,85
30,86
30,87
30,88
30,89
30,90
30,91
30,92
30,93
30,94
30,95
30,96
30,97
30,98
30,99
30,100
30,101
30,102
30,103
30,104
30,105
30,106
30,108
30,109
30,110
30,111
30,112
30,113
30,114
30,115
30,116
30,118
30,119
30,120
30,121
30,122
30,123
30,124
30,125
30,126
30,127
30,128
30,130
30,131
30,132
30,133
30,134
30,135
30,137
30,138
30,139
30,147
30,152
30,155
30,159
30,160
30,171
30,174
30,177
30,180
30,181
30,182
30,192
30,195
31,32
31,33
31,34
31,35
31,36
31,37
31,38
31,39
31,40
31,41
31,42
31,43
31,44
31,45
31,46
31,47
31,48
31,49
31,50
31,51
31,52
31,53
31,54
31,55
31,57
31,58
31,59
31,60
31,61
31,62
31,63
31,64
31,65
31,66
31,67
31,68
31,69
31,70
31,71
31,72
31,73
31,74
31,75
31,76
31,77
31,78
31,79
31,80
31,81
31,82
31,83
31,84
31,85
31,86
31,87
31,88
31,90
32,33
32,34
32,35
32,36
32,37
32,38
32,39
32,40
32,41
32,42
32,43
32,44
32,45
32,46
32,47
32,48
32,49
32,50
32,51
32,52
32,54
32,55
32,56
32,57
32,58
32,59
32,60
32,61
32,62
33,34
33,35
33,36
33,37
33,38
33,39
33,40
33,41
33,42
33,43
33,44
33,45
33,46
33,47
33,48
33,49
33,50
33,51
33,52
33,55
34,35
34,36
34,37
34,38
34,39
34,40
34,41
34,42
34,43
34,44
34,45
34,46
34,47
34,48
34,49
34,50
34,51
34,52
34,53
34,54
34,55
34,56
34,57
34,58
34,59
34,60
34,61
34,62
34,63
34,64
34,65
34,66
34,67
34,68
34,69
34,70
34,71
34,73
34,74
34,75
34,76
34,77
34,78
34,79
34,81
34,82
34,83
34,84
34,85
34,86
34,87
34,88
34,89
34,90
34,91
34,92
34,93
34,94
34,95
34,96
34,97
34,98
34,99
34,100
34,101
34,102
34,103
34,104
34,105
34,106
34,107
34,108
34,109
34,110
34,111
34,112
34,113
34,114
34,115
34,116
34,117
34,118
34,119
34,120
34,121
34,122
34,123
34,124
34,125
34,126
34,128
34,129
34,130
34,131
34,132
34,133
34,134
34,135
34,136
34,138
34,139
34,140
34,141
34,142
34,143
34,144
34,145
34,146
34,147
34,148
34,149
34,150
34,151
34,154
34,155
34,156
34,158
34,160
35,36
35,37
35,38
35,39
35,40
35,41
35,42
35,43
35,44
35,45
35,46
35,47
35,48
35,49
35,50
35,51
35,52
35,54
35,55
35,56
35,57
35,58
35,59
35,60
35,61
35,62
35,63
35,64
35,65
35,66
35,67
35,68
36,37
36,38
36,39
36,40
36,41
36,42
36,43
36,44
36,45
36,46
36,47
36,48
36,49
36,50
36,51
36,52
36,53
36,55
36,56
36,57
36,58
36,59
36,60
36,61
36,62
36,64
36,65
36,66
36,67
36,68
36,69
36,70
36,71
36,76
36,82
36,83
36,95
36,98
36,99
36,101
36,104
36,122
36,128
36,137
36,138
36,139
36,147
36,152
36,155
36,159
36,160
36,171
36,174
36,177
36,180
36,181
36,182
36,192
36,195
37,38
37,39
37,40
37,41
37,42
37,43
37,44
37,45
37,46
37,47
37,48
37,49
37,50
37,51
37,52
37,53
37,55
37,56
37,58
37,59
37,60
37,62
37,63
37,64
37,65
37,66
37,67
37,68
37,69
37,70
37,71
37,72
37,73
37,74
37,75
37,76
37,82
37,83
37,95
37,98
37,99
37,101
37,104
37,122
37,128
37,137
37,138
37,139
37,147
37,152
37,155
37,159
37,160
37,171
37,174
37,177
37,180
37,181
37,182
37,192
37,195
38,39
38,40
38,41
38,42
38,43
38,44
38,45
38,46
38,47
38,48
38,49
38,50
38,51
38,52
38,56
38,57
38,58
38,59
38,60
38,61
39,40
39,41
39,42
39,43
39,44
39,45
39,46
39,47
39,48
39,49
39,50
39,51
39,52
39,54
39,55
39,56
39,57
39,58
39,59
39,60
39,61
39,62
39,63
39,64
39,65
39,66
39,67
39,69
39,70
39,71
39,72
39,73
39,74
39,76
39,77
39,78
39,79
39,80
39,81
39,82
39,83
39,84
39,85
39,86
39,87
39,89
39,90
39,91
39,92
39,93
39,94
39,95
39,96
39,97
39,98
39,99
39,100
39,102
39,104
39,105
39,106
39,107
39,108
39,109
39,110
39,111
39,112
39,113
39,114
39,115
39,116
39,117
39,118
39,119
39,120
39,121
39,122
39,123
39,124
39,125
39,126
39,128
39,129
39,130
39,131
39,132
39,133
39,134
39,135
39,136
39,137
39,138
40,41
40,42
40,43
40,44
40,45
40,46
40,47
40,48
40,49
40,50
40,51
40,52
40,56
40,57
40,58
40,59
40,60
41,42
41,43
41,44
41,45
41,46
41,47
41,48
41,49
41,50
41,51
41,52
41,53
41,55
41,56
41,57
41,58
41,59
41,60
41,61
41,62
41,63
41,64
41,65
41,66
41,67
41,68
41,69
41,70
41,71
41,72
41,73
41,74
41,75
41,76
41,77
41,78
41,79
41,80
41,81
41,82
41,83
41,84
41,85
41,86
41,87
41,88
41,89
41,90
41,91
41,95
41,98
41,99
41,101
41,104
41,122
41,128
41,137
41,138
41,139
41,147
41,152
41,155
41,159
41,160
41,171
41,174
41,177
41,180
41,181
41,182
41,192
41,195
42,43
42,44
42,45
42,46
42,47
42,48
42,49
42,50
42,51
42,52
42,54
42,55
42,56
42,57
42,58
42,59
42,60
42,61
42,62
42,63
42,64
42,65
42,66
42,67
42,68
42,69
42,70
42,71
42,72
42,73
42,74
42,75
42,76
42,77
42,78
42,79
42,80
42,81
42,82
42,83
42,84
42,85
42,86
42,87
42,88
42,89
42,90
42,91
42,92
43,44
43,45
43,46
43,47
43,48
43,49
43,50
43,51
43,52
43,53
43,54
43,55
43,56
43,57
43,58
43,59
43,60
43,61
43,62
43,63
43,64
43,65
43,66
43,67
43,68
43,69
43,70
43,71
43,72
43,73
43,74
43,75
43,76
43,77
43,78
43,79
43,80
43,81
43,82
43,83
43,84
43,85
43,86
43,87
43,88
43,89
43,90
43,91
43,92
43,93
43,94
43,95
43,96
43,97
43,98
43,99
43,100
43,101
43,102
43,103
43,104
43,105
43,106
43,107
43,108
43,109
43,110
43,111
43,112
43,113
43,114
43,116
43,117
43,119
43,120
43,121
43,122
44,45
44,46
44,47
44,48
44,49
44,50
44,51
44,52
44,54
44,55
44,56
44,57
44,58
44,59
44,60
44,61
44,62
44,63
44,64
44,65
44,66
44,67
44,68
44,69
44,70
44,71
44,72
44,73
44,74
44,75
44,76
44,77
44,78
44,79
44,80
44,81
44,82
44,83
44,84
44,85
44,86
44,87
44,88
44,89
44,90
44,91
44,92
44,93
44,94
44,95
44,96
44,97
44,98
44,99
44,100
44,101
44,102
44,103
44,104
44,105
44,106
44,107
44,108
44,109
44,110
44,111
44,112
44,113
44,114
44,115
44,116
44,117
44,118
44,119
44,120
44,121
44,122
44,123
44,125
44,126
44,128
44,129
44,130
44,131
44,132
44,133
44,134
44,135
44,136
44,137
44,138
44,139
44,140
44,141
44,142
44,143
44,144
44,145
44,146
44,147
44,148
44,149
44,150
44,153
44,154
44,156
44,157
44,158
44,159
44,161
44,162
44,163
44,164
44,165
44,166
44,168
44,169
44,170
44,172
44,173
44,174
44,175
44,176
44,179
44,180
44,181
44,182
44,183
44,185
44,186
44,187
44,188
44,189
44,190
44,191
44,192
44,193
44,194
44,195
44,196
44,197
44,198
44,199
45,46
45,47
45,48
45,49
45,50
45,51
45,52
45,55
45,56
45,57
45,58
45,59
45,60
45,61
45,62
45,63
45,64
45,65
45,66
45,67
45,68
45,69
45,70
45,71
45,72
45,73
45,74
45,75
45,76
45,77
45,78
45,79
45,81
45,82
45,83
45,84
45,85
45,86
45,87
45,88
45,89
45,90
45,91
45,92
45,93
45,94
45,95
45,96
45,97
45,98
45,99
45,100
45,101
45,102
46,47
46,48
46,49
46,50
46,51
46,52
46,53
46,54
46,55
46,56
46,57
46,58
46,59
46,60
46,61
46,62
46,63
46,64
47,48
47,49
47,50
47,51
47,52
47,54
47,55
47,56
47,57
47,58
47,60
47,61
47,62
47,63
47,64
47,65
47,66
47,67
47,68
47,69
47,70
47,71
47,72
47,73
47,74
47,75
47,76
47,77
47,78
47,79
47,80
47,81
47,82
47,83
47,84
47,85
48,49
48,50
48,51
48,52
48,53
48,55
48,56
48,58
48,62
48,64
48,65
48,66
48,67
48,69
48,76
48,82
48,83
48,95
48,98
48,99
48,101
48,104
48,122
48,128
48,137
48,138
48,139
48,147
48,152
48,155
48,159
48,160
48,171
48,174
48,177
48,180
48,181
48,182
48,192
48,195
49,50
49,51
49,52
49,53
49,55
49,56
49,57
49,58
49,62
49,69
49,76
49,82
49,83
49,95
49,98
49,99
49,101
49,104
49,122
49,128
49,137
49,138
49,139
49,147
49,152
49,155
49,159
49,160
49,171
49,174
49,177
49,180
49,181
49,182
49,192
49,195
50,51
50,52
50,53
50,55
50,56
50,58
50,62
50,64
50,65
50,66
50,67
50,68
50,69
50,70
50,71
50,72
50,73
50,74
50,75
50,76
50,77
50,78
50,79
50,80
50,81
50,82
50,83
50,84
50,85
50,86
50,87
50,88
50,95
50,98
50,99
50,101
50,104
50,122
50,128
50,137
50,138
50,139
50,147
50,152
50,155
50,159
50,160
50,171
50,174
50,177
50,180
50,181
50,182
50,192
50,195
51,52
51,53
51,55
51,56
51,58
51,60
51,61
51,62
51,63
51,64
51,65
51,66
51,67
51,68
51,69
51,70
51,71
51,72
51,73
51,74
51,76
51,77
51,78
51,79
51,80
51,81
51,82
51,83
51,84
51,85
51,86
51,87
51,88
51,89
51,90
51,91
51,92
51,93
51,94
51,95
51,96
51,97
51,98
51,99
51,100
51,101
51,102
51,103
51,104
51,105
51,106
51,107
51,108
51,109
51,110
51,111
51,112
51,113
51,114
51,115
51,116
51,117
51,118
51,120
51,121
51,122
51,123
51,124
51,125
51,126
51,127
51,128
51,130
51,131
51,132
51,133
51,135
51,137
51,138
51,139
51,140
51,141
51,142
51,143
51,145
51,146
51,147
51,148
51,149
51,150
51,152
51,155
51,159
51,160
51,171
51,174
51,177
51,180
51,181
51,182
51,192
51,195
52,54
52,55
52,56
52,57
52,58
52,59
52,60
52,61
52,62
52,63
52,64
52,65
52,66
52,67
52,68
52,69
52,70
52,71
52,72
52,73
52,75
52,76
52,77
52,78
52,79
52,80
52,81
52,82
52,83
52,84
52,85
52,86
52,87
52,88
52,89
52,90
52,91
52,92
52,93
52,94
52,95
52,96
52,97
52,98
52,100
53,54
53,55
53,56
53,57
53,58
53,59
53,60
53,61
53,62
53,63
53,64
53,65
53,66
53,69
53,76
53,82
53,83
53,95
53,98
53,99
53,101
53,104
53,122
53,128
53,137
53,138
53,139
53,147
53,152
53,155
53,159
53,160
53,171
53,174
53,177
53,180
53,181
53,182
53,192
53,195
54,55
54,56
54,57
54,58
54,59
54,60
54,61
54,62
54,63
54,64
54,65
54,66
54,67
54,68
54,69
54,70
54,71
54,72
54,73
54,74
54,75
54,76
54,77
54,78
54,79
54,80
54,81
54,82
54,83
54,84
54,85
54,86
54,87
54,88
54,89
54,90
54,91
54,92
54,93
54,94
54,95
54,96
54,97
54,98
54,99
54,100
54,101
54,102
54,103
54,104
54,105
54,106
54,107
54,108
54,109
54,110
54,111
54,112
54,113
54,114
54,116
54,118
54,119
54,120
54,121
54,122
54,123
54,125
54,126
54,127
54,128
54,129
54,130
54,131
54,132
54,133
54,134
54,135
54,136
54,137
54,138
54,139
54,140
54,141
54,142
54,143
54,144
54,145
54,146
54,147
54,148
54,149
54,150
54,151
54,152
54,153
54,154
54,155
54,156
54,157
55,56
55,58
55,59
55,60
55,61
55,62
55,63
55,64
55,65
55,66
55,67
55,68
55,69
55,70
55,71
55,72
55,73
55,74
55,75
55,76
55,77
55,78
55,79
55,80
55,81
55,82
55,83
55,84
55,85
55,86
55,87
55,88
55,89
55,90
55,91
55,92
55,93
55,94
55,95
55,96
55,97
55,98
55,99
55,100
55,101
55,102
55,103
55,104
55,105
55,106
55,107
55,108
55,109
55,110
55,111
55,112
55,113
55,114
55,115
55,116
55,117
55,118
55,119
55,120
55,121
55,122
55,123
55,124
55,125
55,126
55,127
55,128
55,129
55,130
55,131
55,132
55,133
55,135
55,136
55,137
55,138
55,139
55,140
55,141
55,142
55,143
55,144
55,145
55,146
55,147
55,152
55,155
55,159
55,160
55,171
55,174
55,177
55,180
55,181
55,182
55,192
55,195
56,57
56,58
56,59
56,60
56,61
56,62
56,63
56,64
56,66
56,68
56,69
56,70
56,71
56,72
56,73
56,74
56,75
56,76
56,77
56,78
56,79
56,80
56,81
56,82
56,83
56,84
56,85
56,86
56,87
56,88
56,89
56,90
56,91
56,92
56,93
56,94
56,95
56,96
56,97
56,98
56,99
56,100
56,101
56,102
56,103
56,104
56,105
56,106
56,107
56,108
56,109
56,110
56,111
56,112
56,113
56,114
56,115
56,116
56,117
56,118
56,119
56,120
56,121
56,122
56,123
56,124
56,125
56,126
56,127
56,128
56,129
56,130
56,131
56,132
56,133
56,134
56,135
56,136
56,137
56,138
56,139
56,141
56,142
56,143
56,144
56,145
56,146
56,147
56,148
56,149
56,150
56,151
56,152
56,153
56,154
56,155
56,156
56,157
56,158
56,159
56,160
56,161
56,162
56,163
56,164
56,165
56,167
56,168
56,169
56,170
56,171
56,172
56,173
56,174
56,175
56,176
56,177
56,178
56,179
56,180
56,181
56,182
56,183
56,184
56,185
56,187
56,189
56,190
56,191
56,192
56,194
56,195
56,196
56,197
56,198
56,199
57,58
57,59
57,60
57,61
57,62
57,63
57,64
57,65
57,66
57,67
57,68
57,69
57,70
57,71
57,72
58,59
58,60
58,61
58,62
58,63
58,64
58,65
58,66
58,67
58,68
58,69
58,70
58,71
58,72
58,73
58,74
58,75
58,76
58,77
58,78
58,79
58,80
58,81
58,82
58,83
58,95
58,98
58,99
58,101
58,104
58,122
58,128
58,137
58,138
58,139
58,147
58,152
58,155
58,159
58,160
58,171
58,174
58,177
58,180
58,181
58,182
58,192
58,195
59,60
59,61
59,62
59,63
59,64
59,65
59,66
59,67
59,68
59,69
59,70
59,71
59,72
59,73
59,74
59,75
59,76
59,77
59,78
59,79
59,80
59,81
59,82
59,83
59,84
59,85
59,86
59,87
60,61
60,62
60,63
60,64
60,65
60,66
60,67
60,68
60,69
60,70
60,71
60,72
60,73
61,62
61,63
61,64
61,65
61,66
61,67
61,68
61,69
61,70
61,71
61,72
61,73
61,74
61,75
61,76
61,77
61,78
61,79
61,80
61,81
61,82
61,83
61,84
61,85
61,86
61,87
61,88
61,89
61,90
61,91
61,92
61,93
61,94
61,95
61,96
61,97
61,98
61,99
61,100
61,101
61,102
61,103
61,104
61,105
61,106
61,107
61,108
61,109
61,110
61,111
61,112
61,113
61,114
61,115
61,116
61,117
61,118
61,119
61,120
61,121
62,63
62,64
62,65
62,66
62,67
62,68
62,69
62,70
62,71
62,72
62,73
62,74
62,75
62,76
62,77
62,78
62,79
62,80
62,81
62,82
62,83
62,84
62,85
62,86
62,87
62,88
62,89
62,90
62,91
62,92
62,93
62,94
62,95
62,96
62,97
62,98
62,99
62,100
62,101
62,102
62,103
62,104
62,105
62,122
62,128
62,137
62,138
62,139
62,147
62,152
62,155
62,159
62,160
62,171
62,174
62,177
62,180
62,181
62,182
62,192
62,195
63,64
63,65
63,66
63,67
63,68
63,69
63,70
63,71
63,72
63,73
63,74
63,75
63,76
63,77
63,78
63,79
63,80
63,81
63,82
63,83
63,84
63,85
63,86
63,87
63,88
63,89
63,90
63,91
63,92
63,93
63,94
63,95
63,96
63,97
63,98
63,99
63,100
63,101
63,102
63,103
63,104
63,105
63,106
63,107
63,108
63,109
63,110
63,111
63,112
63,113
63,114
63,116
63,117
63,118
64,65
64,66
64,67
64,68
64,69
64,71
64,72
64,73
64,74
64,75
64,76
64,77
64,78
64,79
64,80
64,81
64,82
64,83
64,84
64,85
64,86
64,87
64,88
64,89
64,90
64,91
64,92
64,93
64,94
64,95
64,96
64,97
64,98
64,99
64,100
64,101
64,102
64,103
64,104
64,105
64,106
64,107
64,108
64,109
64,110
64,111
64,112
64,114
64,115
64,116
64,117
64,118
64,119
64,120
64,121
64,122
64,123
64,124
64,125
64,126
64,127
64,128
64,129
64,130
64,132
64,133
64,134
64,135
64,136
64,137
64,138
64,139
64,140
64,141
64,142
64,143
64,144
64,145
64,146
64,147
64,148
64,149
64,150
64,152
64,153
64,154
64,155
64,156
64,158
64,159
65,66
65,67
65,68
65,69
65,70
65,71
65,72
65,73
65,74
65,75
65,76
65,77
65,78
65,79
65,80
65,81
65,82
65,83
65,84
65,85
65,86
65,87
65,88
65,89
65,90
65,91
65,92
65,93
66,67
66,68
66,69
66,70
66,71
66,72
66,73
66,74
66,75
66,76
66,77
66,78
66,79
66,80
66,81
66,82
66,83
66,84
66,85
66,86
66,87
66,88
66,89
67,68
67,69
67,70
67,71
67,72
67,73
67,74
67,75
67,79
67,80
67,81
67,82
67,83
67,84
67,85
67,86
67,87
67,88
67,89
67,90
67,91
67,92
67,93
67,94
67,95
67,96
67,97
67,99
67,100
67,101
67,102
67,103
67,104
67,105
67,106
67,107
67,108
67,109
67,110
67,112
67,113
67,114
67,115
67,116
68,69
68,70
68,71
68,72
68,73
68,74
68,75
68,76
68,77
68,78
68,79
68,80
68,81
68,82
68,83
68,84
68,85
68,86
68,87
68,88
68,89
68,90
68,91
68,92
68,93
68,94
68,95
68,96
68,97
68,98
68,99
68,100
68,101
68,102
68,103
68,104
69,70
69,71
69,72
69,73
69,74
69,75
69,76
69,77
69,78
69,79
69,80
69,81
69,82
69,83
69,84
69,95
69,98
69,99
69,101
69,104
69,122
69,128
69,137
69,138
69,139
69,147
69,152
69,155
69,159
69,160
69,171
69,174
69,177
69,180
69,181
69,182
69,192
69,195
70,71
70,72
70,73
70,74
70,75
70,76
70,77
70,78
70,79
71,72
71,73
71,74
71,75
71,76
71,77
71,78
71,79
71,80
71,81
71,82
71,83
71,84
71,85
71,86
71,87
71,88
71,89
71,90
71,91
71,92
71,93
71,94
71,95
71,96
71,97
71,98
71,99
71,100
71,102
71,103
71,104
71,105
71,106
71,107
71,108
71,109
71,110
71,111
71,112
71,113
71,114
71,115
71,116
71,117
71,118
71,119
71,121
71,122
71,123
71,124
71,125
71,126
71,127
71,128
71,129
71,130
71,132
71,133
71,134
71,135
71,136
71,137
71,138
72,73
72,74
72,75
72,76
72,77
72,78
72,79
72,80
72,81
72,82
72,83
72,84
72,85
72,86
72,87
72,88
72,89
72,90
72,91
72,92
72,93
72,94
72,95
72,96
72,97
72,98
72,99
72,100
72,101
72,102
72,103
72,104
72,105
72,106
72,107
72,108
72,109
72,110
72,111
72,112
72,113
72,114
73,75
73,76
73,77
74,75
74,76
74,77
74,78
74,79
74,80
74,81
74,82
74,83
74,84
74,85
74,86
74,87
74,88
74,89
74,90
74,91
74,92
74,93
74,94
74,95
74,96
74,97
74,98
74,99
74,100
74,101
74,102
74,103
74,104
74,105
74,106
74,107
74,108
74,109
74,110
74,111
74,112
74,113
74,114
74,115
74,116
74,117
74,118
74,119
74,120
74,121
74,122
74,123
74,124
74,125
74,126
74,127
74,128
74,129
74,130
74,131
74,132
74,133
74,134
74,135
74,137
74,138
74,139
74,141
74,143
74,144
74,145
74,146
74,147
74,148
74,149
74,150
74,151
74,152
74,154
74,156
74,157
74,158
74,159
74,161
74,162
74,163
74,165
74,166
74,167
74,168
74,169
74,170
74,172
75,77
75,78
75,79
75,80
75,81
75,82
75,83
75,84
75,85
75,86
75,87
75,88
75,89
75,90
75,91
75,92
75,93
75,94
75,95
76,77
76,78
76,79
76,80
76,81
76,82
76,83
76,84
76,85
76,86
76,87
76,88
76,89
76,90
76,91
76,92
76,93
76,94
76,95
76,96
76,97
76,98
76,99
76,100
76,101
76,102
76,104
76,105
76,106
76,107
76,108
76,109
76,110
76,111
76,112
76,113
76,114
76,115
76,122
76,128
76,137
76,138
76,139
76,147
76,152
76,155
76,159
76,160
76,171
76,174
76,177
76,180
76,181
76,182
76,192
76,195
77,78
77,79
77,80
77,81
77,82
77,83
77,84
77,85
77,86
77,87
77,88
77,89
77,90
77,91
77,92
77,93
77,94
77,95
77,96
77,97
77,98
77,99
77,100
77,101
77,102
77,103
77,104
77,105
77,106
77,107
77,108
77,109
77,110
78,79
78,80
78,81
78,82
78,83
78,84
78,85
78,86
78,87
78,88
78,89
78,90
78,91
78,92
78,93
78,94
78,95
78,96
78,97
78,98
78,99
78,100
78,101
78,102
78,103
78,104
78,105
78,106
78,107
78,108
78,109
78,110
78,111
78,112
78,113
78,114
78,115
78,116
78,117
78,118
78,119
78,120
79,80
79,81
79,82
79,83
79,84
79,85
79,86
79,87
79,88
79,89
79,90
79,91
79,92
79,93
79,94
79,95
79,96
79,97
79,98
79,99
79,100
79,101
79,102
79,103
79,104
79,105
79,106
79,107
79,108
79,109
79,110
79,111
79,112
79,113
79,114
79,115
79,116
79,117
79,118
79,119
79,120
79,121
79,122
79,123
79,124
79,125
79,126
79,127
79,128
79,129
79,130
79,131
79,132
79,133
79,134
79,136
79,137
79,138
79,139
79,140
79,141
79,142
79,143
79,144
79,145
79,146
79,148
80,81
80,83
80,84
80,85
80,86
80,87
80,88
80,89
80,90
80,91
80,92
80,93
80,94
80,95
80,96
80,97
80,98
80,99
80,100
80,101
80,102
80,104
80,105
80,106
80,107
80,108
80,109
80,110
80,111
80,112
80,113
80,114
80,115
80,116
80,117
80,118
80,119
80,120
80,121
80,122
80,123
80,124
80,125
80,126
80,127
80,128
80,129
80,130
80,131
80,132
80,133
80,134
80,135
80,136
80,137
80,138
80,139
80,140
80,141
80,142
80,143
80,144
80,145
80,146
80,147
80,148
80,149
80,150
80,151
80,154
80,155
80,157
80,158
80,159
80,161
80,163
80,164
80,165
80,166
80,167
80,168
80,169
80,170
80,172
80,173
80,174
80,176
80,178
80,179
80,180
80,182
80,184
80,185
80,186
80,187
80,188
80,190
80,191
80,193
80,194
80,195
80,196
80,197
80,199
81,82
81,83
81,84
81,85
81,86
81,87
81,88
81,89
81,90
81,91
81,92
81,93
81,94
81,95
81,96
81,97
81,98
81,99
81,100
81,101
81,102
81,103
81,104
81,105
81,106
81,107
81,108
81,109
81,110
81,111
81,112
81,113
81,114
81,115
81,116
81,117
81,118
81,119
81,120
81,121
81,122
81,123
81,124
81,125
81,126
81,127
81,128
81,129
81,130
82,83
82,84
82,85
82,86
82,87
82,88
82,89
82,90
82,91
82,92
82,93
82,94
82,95
82,96
82,97
82,98
82,99
82,100
82,101
82,103
82,104
82,105
82,106
82,107
82,108
82,109
82,110
82,111
82,112
82,113
82,114
82,115
82,116
82,117
82,118
82,119
82,120
82,121
82,122
82,123
82,124
82,125
82,126
82,127
82,128
82,129
82,130
82,131
82,132
82,133
82,134
82,135
82,136
82,137
82,138
82,139
82,140
82,141
82,142
82,143
82,144
82,145
82,146
82,147
82,148
82,149
82,150
82,151
82,152
82,153
82,154
82,155
82,156
82,157
82,158
82,159
82,160
82,161
82,162
82,163
82,164
82,165
82,166
82,167
82,168
82,169
82,170
82,171
82,172
82,173
82,174
82,175
82,176
82,177
82,178
82,179
82,180
82,181
82,182
82,183
82,184
82,185
82,186
82,187
82,188
82,189
82,190
82,191
82,192
82,193
82,194
82,195
82,196
82,197
82,198
82,199
83,85
83,86
83,87
83,88
83,89
83,90
83,91
83,92
83,93
83,94
83,95
83,96
83,97
83,98
83,99
83,100
83,101
83,102
83,103
83,104
83,105
83,106
83,107
83,108
83,109
83,110
83,111
83,112
83,113
83,114
83,115
83,116
83,117
83,118
83,119
83,120
83,121
83,122
83,123
83,124
83,125
83,126
83,127
83,128
83,129
83,131
83,132
83,133
83,134
83,135
83,136
83,137
83,138
83,139
83,140
83,141
83,142
83,143
83,144
83,145
83,146
83,147
83,148
83,149
83,150
83,151
83,152
83,153
83,154
83,155
83,156
83,158
83,159
83,160
83,161
83,162
83,163
83,164
83,165
83,166
83,167
83,168
83,169
83,170
83,171
83,172
83,173
83,174
83,177
83,180
83,181
83,182
83,192
83,195
84,85
84,86
84,87
84,88
84,89
84,90
84,91
84,92
84,93
84,94
84,95
84,96
84,97
84,98
84,99
84,100
84,101
84,102
84,103
84,104
84,105
84,106
85,86
85,87
85,88
85,89
85,90
85,91
85,92
85,93
85,94
85,95
85,96
85,97
85,98
85,99
85,100
85,101
85,102
85,103
85,104
85,105
85,106
85,107
85,108
85,109
85,111
85,112
86,87
86,88
86,89
86,90
86,91
86,92
86,93
86,94
86,95
86,96
86,97
86,98
86,99
86,100
86,102
86,103
86,104
86,105
86,106
86,107
86,108
86,109
86,110
86,111
86,112
86,113
86,114
86,115
86,116
86,117
86,118
86,119
86,120
86,121
86,122
86,123
86,124
86,125
86,126
86,127
86,128
86,130
86,131
86,132
86,133
86,134
86,135
86,136
86,137
86,138
86,139
86,140
86,141
86,142
86,143
86,144
86,145
86,146
86,147
86,148
86,149
86,150
86,151
86,152
86,153
86,154
86,155
86,156
86,157
86,158
86,159
86,162
86,163
86,164
86,165
86,166
86,167
86,168
86,169
86,170
86,171
86,172
86,173
86,174
86,175
86,176
86,178
86,179
86,180
86,182
86,183
86,184
86,185
86,186
86,187
86,188
86,189
86,190
86,191
86,193
86,194
86,195
86,196
86,197
86,198
87,88
87,89
87,90
87,91
87,92
87,93
87,94
87,95
87,96
87,97
87,98
88,89
88,90
88,91
88,93
88,94
88,95
88,96
88,97
88,98
88,99
88,100
88,101
88,102
88,103
88,104
88,105
88,106
88,107
88,108
88,109
88,110
88,111
88,112
88,113
88,114
88,115
88,116
88,117
88,118
88,120
88,121
88,122
88,123
88,124
88,125
88,126
88,127
88,128
88,129
88,130
88,131
88,132
88,133
88,134
88,135
88,136
88,137
88,138
88,139
88,140
88,141
88,142
88,143
88,144
88,145
88,146
88,147
88,148
88,149
88,150
88,151
88,152
88,153
88,154
88,155
88,156
88,157
88,158
88,159
88,160
88,161
88,162
88,163
88,164
88,165
88,166
88,167
88,168
88,169
88,170
88,171
88,172
88,173
88,174
88,175
88,176
88,177
88,178
88,179
88,180
88,181
88,182
88,183
88,184
88,185
88,186
88,187
88,188
88,189
88,190
88,191
88,192
88,193
88,194
88,195
88,196
88,197
88,198
88,199
89,90
89,91
89,92
89,93
89,94
89,95
89,96
89,97
89,98
89,99
89,100
89,101
89,102
89,103
89,104
89,105
89,106
89,107
89,108
89,109
89,110
89,111
89,112
89,113
89,114
89,115
89,116
89,117
89,118
89,119
89,120
89,121
89,122
89,123
89,124
89,125
89,126
89,127
89,128
89,129
89,130
89,131
89,132
89,133
89,134
89,135
89,136
89,137
89,138
89,139
89,140
89,141
89,142
89,143
89,144
89,145
89,146
89,147
89,148
89,149
89,150
89,151
89,152
89,153
89,154
89,155
89,156
89,157
89,158
89,159
89,160
89,161
89,162
89,163
89,164
89,165
89,166
89,167
89,168
89,169
89,170
89,171
89,172
89,173
89,174
89,176
89,177
89,178
89,179
89,180
89,181
89,182
89,183
89,184
89,185
89,186
89,187
89,188
89,189
89,190
89,191
89,192
89,193
89,194
89,195
89,196
89,197
89,198
89,199
90,91
90,92
90,93
90,94
90,95
90,96
90,97
90,98
90,99
90,100
90,101
90,102
90,103
90,104
90,105
90,106
90,107
90,108
90,109
90,110
90,111
90,112
90,113
90,114
90,115
90,116
90,117
90,118
90,119
90,120
90,121
90,122
90,124
90,125
90,126
91,92
91,93
91,94
91,95
91,96
91,97
91,98
91,99
91,100
91,101
91,102
91,103
91,104
91,105
91,106
91,107
91,108
91,109
91,110
91,111
91,112
91,113
91,114
91,115
91,116
91,117
91,118
91,119
91,120
91,121
91,122
91,123
91,124
91,125
91,126
91,127
91,128
91,129
91,130
91,131
91,132
91,133
91,134
91,135
91,136
91,137
91,138
91,139
91,140
91,141
91,142
91,143
92,93
92,94
92,95
92,96
92,97
92,98
92,99
92,100
92,101
92,102
92,103
92,105
92,106
92,107
92,108
92,109
92,110
92,111
92,112
92,113
92,114
92,115
92,116
92,117
92,118
92,119
92,120
92,121
92,122
92,123
92,124
92,125
92,126
92,128
92,129
93,94
93,95
93,96
93,97
93,98
93,99
93,100
93,101
93,102
93,103
93,104
93,105
93,106
93,107
93,108
93,109
93,110
93,111
93,112
93,113
93,114
93,115
93,116
93,117
93,118
93,119
93,120
93,121
93,122
93,123
93,124
93,125
93,126
93,127
93,128
93,129
93,130
93,132
93,133
93,134
93,135
93,136
93,137
93,138
93,139
93,140
93,141
93,142
93,143
93,144
93,145
93,146
93,147
93,148
93,149
93,150
93,151
93,152
93,153
93,154
93,155
93,156
93,157
93,158
93,159
93,160
93,161
93,162
93,163
93,164
93,165
93,166
93,167
93,168
94,95
94,96
94,97
94,98
94,99
94,100
94,101
94,102
94,103
94,104
94,105
94,106
94,107
94,108
94,109
94,110
94,111
94,112
94,113
94,114
94,115
94,116
94,117
94,118
94,119
94,120
94,121
94,122
94,123
94,124
94,125
94,126
94,127
94,128
94,129
94,130
94,131
94,132
94,133
94,134
94,135
94,136
94,137
94,138
94,139
94,140
94,141
94,142
94,143
94,145
94,146
94,147
94,148
94,149
94,150
94,151
94,152
94,153
94,154
94,155
94,156
94,157
94,158
94,159
94,160
94,161
94,162
94,163
94,164
94,165
94,166
94,167
94,168
94,169
94,170
94,171
94,172
94,173
94,174
94,175
94,176
94,177
94,178
94,180
94,181
94,182
94,183
94,184
94,186
94,187
94,188
94,189
94,190
94,191
94,192
94,193
94,194
94,195
94,196
94,197
94,198
94,199
95,96
95,97
95,98
95,99
95,100
95,101
95,102
95,103
95,104
95,105
95,106
95,107
95,108
95,109
95,110
95,111
95,113
95,114
95,115
95,116
95,117
95,118
95,119
95,120
95,121
95,122
95,123
95,124
95,125
95,126
95,127
95,128
95,129
95,130
95,131
95,132
95,133
95,134
95,135
95,136
95,137
95,138
95,139
95,140
95,141
95,142
95,143
95,144
95,147
95,152
95,155
95,159
95,160
95,171
95,174
95,177
95,180
95,181
95,182
95,192
95,195
96,97
96,98
96,99
96,100
96,101
96,102
96,103
96,104
96,105
96,106
96,107
96,108
96,109
96,110
96,111
96,112
96,113
97,98
97,99
98,99
98,100
98,101
98,102
98,103
98,104
98,105
98,106
98,107
98,109
98,122
98,128
98,137
98,138
98,139
98,147
98,152
98,155
98,159
98,160
98,171
98,174
98,177
98,180
98,181
98,182
98,192
98,195
99,100
99,101
99,102
99,103
99,104
99,105
99,106
99,107
99,108
99,109
99,110
99,111
99,112
99,113
99,114
99,115
99,116
99,117
99,118
99,119
99,120
99,121
99,122
99,123
99,124
99,125
99,126
99,127
99,128
99,129
99,130
99,131
99,132
99,133
99,134
99,135
99,136
99,137
99,138
99,139
99,140
99,141
99,142
99,143
99,144
99,145
99,146
99,147
99,148
99,149
99,151
99,152
99,154
99,155
99,156
99,157
99,158
99,159
99,160
99,161
99,162
99,163
99,164
99,165
99,166
99,167
99,168
99,169
99,170
99,171
99,172
99,173
99,174
99,175
99,176
99,177
99,178
99,179
99,180
99,181
99,182
99,183
99,184
99,185
99,186
99,187
99,188
99,189
99,190
99,192
99,193
99,195
99,196
99,197
99,198
99,199
100,101
100,102
100,103
100,104
100,105
100,106
100,107
100,108
100,109
100,110
100,111
100,112
100,113
100,114
100,115
100,116
100,117
100,118
100,119
100,120
100,121
100,122
100,123
100,124
100,125
100,126
100,127
100,128
100,129
100,130
100,131
100,132
100,133
100,134
100,135
100,136
100,137
100,138
100,139
100,140
100,141
101,102
101,103
101,104
101,105
101,106
101,107
101,108
101,109
101,110
101,111
101,112
101,113
101,114
101,115
101,116
101,117
101,118
101,119
101,120
101,121
101,122
101,123
101,124
101,125
101,128
101,137
101,138
101,139
101,147
101,152
101,155
101,159
101,160
101,171
101,174
101,177
101,180
101,181
101,182
101,192
101,195
102,103
102,104
102,105
102,106
102,107
102,108
102,109
102,110
102,111
102,112
102,113
102,114
102,115
102,116
102,117
102,118
102,119
102,120
102,121
102,122
102,123
102,124
102,125
102,126
102,127
102,128
102,129
102,130
102,131
102,132
102,133
102,134
102,135
102,136
102,137
102,138
102,139
102,140
102,141
102,142
102,143
102,144
102,145
102,147
102,148
102,149
102,150
102,151
102,152
102,153
102,154
102,155
102,156
102,157
102,158
102,159
102,160
102,161
102,162
102,163
102,164
102,165
102,166
102,167
102,168
102,169
102,170
102,171
102,172
102,173
102,174
102,175
102,176
102,177
102,178
102,179
102,180
103,104
103,105
103,106
103,107
103,108
103,109
103,110
103,111
103,112
103,113
103,114
103,115
103,116
103,117
103,118
103,119
103,120
103,121
103,122
103,123
103,124
103,125
103,126
103,128
103,129
103,130
103,131
103,132
103,133
103,134
103,135
103,136
103,137
103,138
103,139
103,140
103,141
103,142
103,143
103,144
103,145
103,146
103,147
103,149
103,150
103,151
103,152
103,153
103,154
103,155
103,156
103,157
103,158
103,159
103,160
103,161
103,162
103,163
103,164
103,165
103,166
103,167
103,168
103,169
103,170
103,171
103,172
103,173
103,174
103,175
103,176
103,177
103,178
103,179
103,180
103,181
103,182
103,183
103,184
104,105
104,106
104,107
104,108
104,109
104,110
104,111
104,112
104,113
104,114
104,115
104,116
104,117
104,118
104,119
104,120
104,121
104,122
104,123
104,124
104,125
104,126
104,127
104,128
104,129
104,130
104,131
104,132
104,137
104,138
104,139
104,147
104,152
104,155
104,159
104,160
104,171
104,174
104,177
104,180
104,181
104,182
104,192
104,195
105,106
105,107
105,108
105,109
105,110
105,111
105,112
105,113
105,114
105,115
105,116
105,117
105,118
105,119
106,107
106,108
106,109
106,110
106,112
106,113
106,115
106,116
106,117
106,118
106,119
106,120
106,121
106,122
106,123
106,124
106,125
106,126
106,127
106,128
106,129
106,130
106,131
106,132
106,133
106,134
106,135
106,136
106,138
106,139
106,140
106,141
106,142
106,143
106,144
106,145
106,146
106,147
106,148
106,149
106,150
106,151
106,152
106,153
106,154
106,155
106,157
106,158
106,159
106,160
106,161
106,162
106,164
106,165
106,166
106,167
106,168
106,169
106,171
106,172
106,173
106,174
106,175
106,177
106,178
106,179
106,180
106,181
106,182
106,183
106,184
106,185
106,186
108,109
108,110
108,111
108,112
108,113
108,114
108,115
108,116
108,117
108,118
108,119
108,120
108,121
108,122
108,123
108,124
108,125
108,126
108,127
108,128
108,129
108,130
108,131
108,132
108,133
108,134
108,136
108,137
108,138
108,139
108,140
108,141
108,142
108,143
108,144
108,145
108,146
108,147
108,148
108,149
108,150
108,151
108,152
108,153
108,154
108,157
108,158
108,159
108,160
108,161
108,162
108,163
109,110
109,111
109,112
109,114
109,115
109,116
109,117
109,118
109,119
109,120
109,121
109,122
109,123
109,124
109,125
109,126
109,127
109,128
109,129
109,130
109,131
109,132
109,133
109,134
109,135
109,136
109,137
109,138
109,139
109,140
109,141
109,142
109,143
109,144
109,145
109,146
109,147
109,148
109,149
109,150
109,151
109,152
109,153
109,154
109,155
109,156
109,157
109,158
109,159
109,160
109,161
109,162
109,163
109,164
109,165
109,166
109,167
109,168
109,169
109,170
110,111
110,112
110,113
110,114
110,115
110,116
110,117
110,118
110,119
110,120
110,121
110,122
110,123
110,124
110,125
110,126
110,127
110,128
110,129
110,130
110,131
110,132
110,133
110,134
110,135
110,136
110,137
110,138
110,139
110,140
110,141
110,142
110,143
110,144
110,145
110,146
110,147
111,112
111,113
111,114
111,115
111,116
111,117
111,118
111,119
111,120
111,121
111,122
111,123
111,124
111,125
111,126
111,127
111,128
111,129
111,130
111,131
111,132
111,133
112,113
112,114
112,115
112,116
112,117
113,114
113,115
113,116
113,117
113,118
113,119
113,120
113,121
113,122
113,123
113,124
113,125
113,126
113,127
113,128
113,129
113,130
113,131
113,132
113,133
113,134
113,135
113,136
113,137
113,138
113,139
113,140
113,141
113,142
113,143
113,144
113,145
113,146
113,147
113,148
113,149
113,150
113,151
113,152
113,153
113,154
113,155
113,156
113,157
113,158
113,159
113,160
113,161
113,162
113,163
113,164
113,165
113,166
113,167
114,115
114,116
114,117
114,118
114,119
114,120
114,121
114,122
114,123
114,124
114,125
114,126
114,127
114,128
114,129
114,130
114,131
114,132
114,133
114,134
114,135
114,136
114,137
114,138
114,139
114,140
114,141
114,142
114,143
114,144
114,145
114,146
114,147
114,148
114,149
114,150
114,151
114,152
114,153
114,154
114,155
114,156
114,157
114,158
114,159
114,160
114,161
114,162
114,163
114,164
114,165
114,166
114,167
114,168
114,169
114,170
114,171
114,172
114,173
114,174
114,175
114,176
114,177
114,178
114,179
114,180
114,181
114,182
114,183
114,184
114,185
114,186
114,187
114,188
114,190
114,191
114,193
114,194
114,196
114,198
114,199
115,117
115,118
115,119
115,120
115,121
115,122
115,123
115,124
115,125
115,126
115,127
115,128
115,129
115,130
115,131
116,117
116,118
116,119
116,120
116,121
116,122
116,123
116,124
116,125
116,126
116,127
117,118
117,119
117,120
117,121
117,122
117,123
117,124
117,125
117,126
117,127
117,128
117,129
117,130
117,131
117,132
117,133
117,134
117,135
117,136
117,137
117,138
117,139
117,140
117,141
117,142
117,143
117,144
117,145
117,146
117,147
117,148
117,149
117,150
117,151
117,152
117,153
118,119
118,120
118,121
118,122
118,123
119,120
119,121
119,122
119,123
119,124
119,125
119,126
119,127
119,128
119,129
119,130
119,131
119,132
119,133
119,134
119,135
119,136
119,137
119,138
119,139
119,140
119,141
119,142
119,143
119,144
119,145
119,146
119,147
119,148
119,149
119,150
119,151
119,152
119,153
119,154
119,155
119,156
119,157
119,158
120,121
120,122
120,123
120,124
120,125
120,126
120,127
120,128
120,129
120,130
120,132
120,133
120,134
121,122
121,123
121,124
121,125
121,126
121,127
121,128
121,129
121,130
121,131
121,132
121,133
121,134
121,135
121,136
121,137
121,138
121,139
121,140
121,141
121,142
121,143
121,144
121,145
121,146
121,147
121,148
121,149
121,150
121,151
121,152
121,153
121,154
121,155
121,156
121,157
121,158
121,159
121,160
121,161
121,162
121,163
121,164
121,165
121,166
121,167
121,168
122,123
122,124
122,125
122,126
122,127
122,128
122,129
122,130
122,131
122,132
122,133
122,134
122,135
122,136
122,137
122,138
122,139
122,140
122,141
122,142
122,143
122,144
122,145
122,147
122,152
122,155
122,159
122,160
122,171
122,174
122,177
122,180
122,181
122,182
122,192
122,195
123,124
123,125
123,126
123,127
123,128
123,129
123,130
123,131
123,132
123,133
123,134
123,135
123,137
123,138
123,139
123,140
123,141
123,142
123,143
123,144
123,145
123,146
123,147
123,149
123,150
123,151
123,152
123,153
123,154
123,155
123,156
123,157
123,158
123,159
123,160
123,161
123,162
123,163
123,164
123,165
123,166
123,167
123,168
123,169
123,171
123,172
123,173
123,174
123,175
123,176
123,177
123,178
123,179
123,180
123,181
123,182
123,183
123,184
123,185
123,186
123,187
123,188
123,190
123,191
123,193
123,194
123,195
123,196
123,197
123,199
124,125
124,126
124,127
124,128
124,129
124,130
124,131
124,132
124,133
124,134
124,135
124,136
124,137
124,138
124,139
124,140
124,141
124,142
124,143
124,144
124,145
124,146
124,147
124,148
124,149
124,150
124,151
124,152
124,153
124,154
124,155
124,156
124,157
124,158
124,159
124,160
124,161
124,162
124,163
124,164
124,165
124,166
124,167
124,168
124,169
124,170
124,171
124,172
124,173
124,174
124,175
124,176
124,177
124,179
124,180
124,181
124,182
124,183
124,184
124,185
124,186
124,187
124,188
124,189
124,190
124,191
124,192
124,193
124,194
124,195
124,196
124,197
124,198
124,199
125,126
125,127
125,128
125,129
125,130
125,131
125,132
125,133
125,134
125,135
125,136
125,137
125,138
125,139
125,140
125,141
125,142
125,143
125,144
125,145
125,146
125,147
125,148
125,149
125,150
125,151
125,152
125,153
125,154
125,155
125,156
125,157
125,159
125,160
125,161
126,127
126,128
126,129
126,130
126,131
126,132
126,133
126,134
126,135
126,136
126,137
126,138
126,139
126,140
126,142
126,143
126,144
126,145
126,146
126,147
126,148
126,149
127,128
127,129
127,130
127,131
127,132
127,133
127,135
127,136
127,137
127,138
127,139
127,140
127,141
127,142
127,143
127,144
127,145
127,146
127,147
127,148
127,149
127,150
127,151
127,152
127,153
127,154
127,155
127,156
127,157
127,158
127,159
127,160
127,161
127,162
127,163
127,164
127,165
127,166
127,167
127,168
127,169
127,170
127,171
127,172
127,173
127,174
127,175
127,176
127,177
127,178
127,179
127,180
127,181
127,182
127,183
127,184
127,185
127,186
127,187
127,188
127,189
127,190
127,191
127,192
127,193
127,194
127,195
127,196
127,197
127,198
128,129
128,130
128,131
128,132
128,133
128,134
128,135
128,136
128,137
128,138
128,139
128,140
128,141
128,142
128,143
128,144
128,145
128,146
128,147
128,148
128,149
128,150
128,151
128,152
128,153
128,154
128,155
128,156
128,157
128,158
128,159
128,160
128,171
128,174
128,177
128,180
128,181
128,182
128,192
128,195
129,130
129,131
129,132
129,133
129,134
129,135
129,136
129,137
129,138
129,139
129,140
129,141
129,142
130,131
130,132
130,133
130,134
130,135
130,136
130,137
130,138
130,139
130,140
130,141
130,142
130,143
130,144
130,145
130,146
130,147
130,148
130,149
130,150
130,151
130,152
130,153
130,154
130,155
131,132
131,133
131,134
131,135
131,136
131,137
131,138
131,139
131,140
131,141
131,142
131,143
131,144
131,145
131,146
131,147
131,148
131,149
131,150
131,151
131,152
131,153
131,154
131,155
131,156
131,157
131,158
131,159
131,160
131,161
131,162
131,163
131,164
131,165
131,166
131,167
131,168
131,169
131,170
131,171
131,172
131,173
131,174
131,175
131,176
131,177
131,178
131,179
131,180
131,181
131,182
131,183
131,184
131,185
131,186
131,187
131,188
131,189
131,190
132,133
132,134
132,135
132,136
132,137
133,135
133,136
133,137
133,138
133,140
133,141
133,142
133,143
133,144
133,145
133,146
133,147
133,148
133,149
133,150
134,136
134,137
134,138
134,139
134,140
134,141
134,142
134,143
134,144
134,145
134,146
134,147
134,148
134,149
134,150
134,151
134,152
134,153
134,154
134,155
134,156
134,157
134,158
134,159
134,160
134,161
134,162
134,163
134,164
135,136
135,137
135,138
135,139
135,140
135,141
135,142
135,143
135,144
135,145
135,146
135,147
135,149
135,150
135,151
135,152
135,153
135,154
135,155
135,157
135,158
135,159
135,160
135,161
135,162
135,163
135,164
135,165
135,166
135,167
135,168
135,170
135,171
135,173
135,174
135,175
135,176
135,177
135,178
135,179
135,180
135,181
135,182
135,183
135,184
135,185
135,186
135,188
135,189
135,190
135,191
135,192
135,193
135,194
135,196
135,197
135,198
135,199
136,137
136,138
136,139
136,141
136,142
136,143
136,144
136,145
136,146
136,147
136,148
136,149
136,150
136,151
136,152
136,153
136,154
136,155
136,156
136,157
136,158
136,159
136,160
136,161
136,162
136,163
136,164
136,165
136,166
136,167
136,168
136,169
136,170
136,171
136,172
136,173
136,174
136,175
136,176
136,177
136,178
136,179
136,180
136,181
136,182
136,183
136,184
136,185
136,186
136,187
136,188
136,189
136,190
136,191
136,192
136,193
136,194
136,195
136,196
136,197
136,198
136,199
137,138
137,139
137,140
137,141
137,142
137,143
137,144
137,145
137,146
137,147
137,148
137,149
137,150
137,151
137,152
137,153
137,154
137,155
137,156
137,157
137,158
137,159
137,160
137,161
137,162
137,163
137,164
137,165
137,166
137,167
137,168
137,169
137,170
137,171
137,172
137,173
137,174
137,175
137,176
137,177
137,178
137,179
137,180
137,181
137,182
137,183
137,184
137,185
137,186
137,187
137,188
137,189
137,192
137,195
138,139
138,140
138,141
138,142
138,143
138,144
138,145
138,146
138,147
138,148
138,149
138,150
138,151
138,152
138,154
138,155
138,156
138,157
138,158
138,159
138,160
138,161
138,162
138,163
138,164
138,165
138,166
138,167
138,168
138,169
138,170
138,171
138,172
138,173
138,174
138,175
138,176
138,177
138,178
138,179
138,180
138,181
138,182
138,183
138,184
138,185
138,186
138,187
138,188
138,192
138,195
139,140
139,141
139,142
139,143
139,144
139,145
139,146
139,147
139,148
139,149
139,150
139,151
139,152
139,153
139,154
139,155
139,156
139,157
139,158
139,159
139,160
139,161
139,162
139,163
139,164
139,165
139,166
139,167
139,168
139,169
139,170
139,171
139,172
139,173
139,174
139,176
139,177
139,178
139,179
139,180
139,181
139,182
139,183
139,184
139,185
139,186
139,187
139,188
139,189
139,190
139,191
139,192
139,193
139,194
139,195
139,196
139,197
139,198
139,199
140,141
140,142
140,143
140,144
140,145
140,146
140,147
140,148
140,150
140,151
140,152
140,153
140,155
140,156
140,157
140,158
140,159
140,160
140,161
140,162
140,163
140,164
140,165
141,142
141,143
141,144
141,145
141,146
141,147
141,148
141,149
141,150
141,151
141,152
141,153
141,154
141,155
141,156
141,157
141,158
141,159
141,160
141,161
141,162
141,163
141,164
141,165
141,166
141,167
141,168
141,169
141,170
141,171
141,172
141,173
141,174
141,175
141,176
141,177
141,178
141,179
141,180
141,181
141,182
141,183
141,184
141,185
142,143
142,144
142,145
142,146
142,147
142,148
142,149
142,150
142,151
142,152
142,153
142,154
142,155
142,156
142,157
142,158
142,159
142,160
142,161
142,162
142,163
142,164
142,165
142,166
142,167
142,168
142,169
142,170
142,171
142,172
142,173
142,174
142,175
142,176
142,177
142,178
142,179
142,180
142,181
142,182
142,183
142,184
142,185
142,186
142,187
142,188
142,189
142,190
142,191
142,192
142,193
142,194
142,195
142,196
142,197
142,198
142,199
143,144
143,145
143,147
143,148
143,149
143,150
143,151
143,152
143,153
143,154
143,155
143,156
143,157
143,158
143,159
143,160
143,161
143,162
143,163
143,164
143,165
143,166
143,167
143,168
143,169
143,170
143,171
143,172
143,173
143,174
143,175
143,176
143,177
143,178
143,179
143,180
143,181
143,182
143,183
143,184
143,185
143,186
143,187
143,188
143,189
143,190
143,191
143,192
143,194
143,195
143,196
143,197
143,198
143,199
144,145
144,146
144,147
144,148
144,149
144,150
144,151
144,152
144,153
144,154
144,155
144,157
144,158
144,159
144,160
144,161
144,162
144,163
144,164
144,165
144,166
144,167
144,168
144,169
144,170
144,171
144,172
144,173
144,174
145,146
145,147
145,148
145,149
145,150
145,151
145,152
146,147
146,148
146,149
146,150
146,151
146,152
146,153
146,154
146,155
146,156
146,157
146,158
146,159
146,160
146,161
146,163
146,164
146,165
146,166
146,167
146,168
146,169
146,170
146,171
146,172
146,174
146,175
146,176
146,177
146,178
146,179
146,180
146,181
146,182
146,183
146,184
146,185
146,186
146,187
146,188
146,189
146,190
146,191
146,192
146,193
146,194
146,195
146,196
146,197
146,198
146,199
147,148
147,149
147,150
147,151
147,152
147,153
147,154
147,155
147,156
147,157
147,158
147,159
147,160
147,161
147,162
147,163
147,164
147,165
147,166
147,167
147,168
147,169
147,170
147,171
147,172
147,173
147,174
147,175
147,176
147,177
147,180
147,181
147,182
147,192
147,195
148,149
148,150
148,151
148,152
148,153
148,154
148,155
148,156
149,150
149,151
149,152
149,153
149,154
149,155
149,156
149,157
149,158
149,159
149,160
149,161
149,162
149,163
149,164
149,165
149,166
149,167
149,168
149,169
149,170
149,171
149,172
149,173
149,174
149,175
149,176
149,177
149,178
149,179
149,180
149,182
149,183
149,184
149,185
149,186
149,187
149,188
149,189
149,190
149,191
149,192
149,193
149,194
149,196
149,197
149,198
149,199
150,151
150,152
150,153
150,154
150,155
150,156
150,157
150,158
150,159
150,160
150,161
150,162
150,163
150,164
150,165
150,166
150,167
150,168
150,169
150,170
150,171
150,172
150,173
150,174
150,175
150,176
150,177
150,178
150,179
150,180
150,181
150,182
150,183
150,184
150,185
150,187
150,188
150,189
150,190
150,191
150,192
150,193
150,194
150,195
150,196
150,197
150,198
150,199
151,152
151,153
151,154
151,155
151,156
151,157
151,158
151,159
151,160
151,161
151,162
151,163
151,164
151,165
151,166
151,167
151,168
151,169
151,170
151,171
151,172
151,173
151,174
151,175
151,176
151,177
151,178
151,179
151,180
151,181
151,182
151,183
151,184
151,185
151,186
151,187
151,188
151,189
151,190
151,191
151,192
151,193
151,194
151,195
151,196
151,197
151,198
151,199
152,153
152,154
152,155
152,159
152,160
152,171
152,174
152,177
152,180
152,181
152,182
152,192
152,195
153,154
153,155
153,156
153,158
153,159
153,160
153,161
153,162
153,163
153,164
153,165
153,166
153,167
153,168
153,169
153,170
153,171
153,172
153,173
153,174
153,175
153,176
153,177
153,178
153,179
153,180
153,181
153,182
153,183
153,184
153,185
153,186
153,187
153,188
153,189
153,190
153,191
153,192
153,193
153,195
153,196
153,197
154,155
154,156
154,157
154,158
154,159
154,160
154,161
154,162
154,163
154,164
154,165
154,166
154,167
154,168
154,169
154,170
154,171
154,172
154,173
154,174
154,175
155,156
155,157
155,158
155,159
155,160
155,161
155,162
155,163
155,164
155,165
155,166
155,167
155,168
155,169
155,170
155,171
155,174
155,177
155,180
155,181
155,182
155,192
155,195
156,157
156,158
156,159
156,160
156,161
156,162
156,163
156,164
156,165
156,166
156,167
156,168
156,169
156,170
156,171
156,172
156,173
156,174
156,175
156,176
156,177
156,178
156,179
156,180
156,181
156,182
156,184
156,185
156,186
156,187
156,188
156,189
156,190
156,191
156,192
156,193
156,194
156,195
156,196
156,197
156,198
156,199
157,158
157,159
157,160
157,161
157,162
157,163
157,164
157,165
157,166
157,167
157,168
157,169
157,170
157,171
157,172
157,173
157,174
157,175
157,176
157,177
157,178
157,179
157,180
157,181
157,182
157,183
157,184
157,185
157,186
157,187
157,188
157,189
157,190
157,191
157,192
157,193
157,194
157,195
157,196
157,197
157,198
158,159
158,160
158,162
158,163
158,164
158,165
158,166
158,167
158,168
158,170
158,171
158,172
158,173
158,174
158,175
158,176
158,177
158,178
158,179
158,180
158,181
158,182
158,183
158,184
158,185
158,186
158,187
158,188
158,189
158,190
158,191
158,192
159,160
159,161
159,162
159,163
159,164
159,166
159,167
159,168
159,169
159,170
159,171
159,172
159,173
159,174
159,175
159,176
159,177
159,178
159,179
159,180
159,181
159,182
159,183
159,192
159,195
160,161
160,162
160,163
160,164
160,165
160,166
160,167
160,168
160,169
160,170
160,171
160,172
160,173
160,174
160,175
160,176
160,177
160,178
160,179
160,180
160,181
160,182
160,183
160,184
160,185
160,186
160,187
160,188
160,189
160,190
160,191
160,192
160,193
160,194
160,195
160,196
160,197
160,199
161,162
161,164
161,165
161,166
161,167
161,168
161,169
161,170
161,171
161,172
161,173
161,174
161,175
161,176
161,177
161,178
161,179
161,180
161,181
161,182
161,183
161,184
161,185
161,186
161,187
161,188
161,189
161,190
161,191
161,192
161,193
162,163
162,164
162,165
162,166
163,164
163,165
163,166
163,167
163,168
163,169
163,170
163,171
163,173
163,174
163,175
163,176
163,177
163,178
163,179
163,180
163,181
163,182
163,183
163,184
163,185
163,186
163,187
163,188
163,189
163,190
163,191
163,192
163,193
163,194
163,195
163,196
163,197
163,198
163,199
164,165
164,166
164,167
164,168
164,169
164,170
164,171
164,172
164,173
164,174
164,175
164,176
164,177
164,178
165,166
165,167
165,168
165,169
165,170
165,171
165,172
165,173
165,174
165,175
165,176
165,177
165,178
165,179
165,180
165,181
165,182
165,183
165,184
165,185
165,186
165,187
165,188
165,189
165,190
165,192
165,193
165,194
165,195
165,196
165,197
165,198
165,199
166,167
166,168
166,169
166,170
166,171
166,172
166,173
166,174
166,175
166,176
166,177
166,178
166,179
166,180
166,181
166,182
166,183
166,184
166,185
166,186
166,187
166,188
166,189
166,190
166,191
166,192
166,193
166,194
166,195
166,196
166,197
166,198
166,199
167,168
167,169
167,170
167,172
167,173
167,174
167,175
167,176
168,169
168,170
168,171
168,172
168,173
168,174
168,175
168,176
168,177
168,178
168,179
168,180
168,181
168,182
168,183
168,184
168,185
168,186
168,187
168,188
168,189
168,190
168,191
168,192
168,193
168,194
168,195
168,196
168,197
168,198
168,199
169,170
169,171
169,172
169,173
169,174
169,175
169,176
169,177
169,179
169,180
170,171
170,172
170,173
170,174
170,175
170,176
170,177
170,178
170,179
170,180
170,181
170,182
170,183
170,184
170,185
170,186
170,187
170,188
170,189
170,190
170,191
170,192
170,193
170,194
170,195
170,196
170,197
170,198
170,199
171,172
171,173
171,174
171,175
171,176
171,177
171,178
171,179
171,180
171,181
171,182
171,192
171,195
172,173
172,174
172,175
172,176
172,177
172,178
172,179
172,180
172,181
172,182
172,183
172,184
172,185
172,186
172,187
172,188
172,189
172,190
172,191
172,192
172,193
172,194
172,195
172,196
172,197
172,198
172,199
173,174
173,175
173,176
173,177
173,178
173,179
173,180
173,181
173,182
173,183
173,184
173,185
173,186
173,187
173,188
173,189
173,190
173,191
173,192
173,193
173,194
173,195
173,196
173,197
173,198
173,199
174,175
174,176
174,177
174,179
174,180
174,181
174,182
174,183
174,184
174,185
174,186
174,187
174,188
174,189
174,190
174,191
174,192
174,193
174,194
174,195
174,196
174,197
174,198
174,199
175,176
175,177
175,178
175,179
176,177
176,178
176,179
176,180
176,181
176,182
176,183
176,184
176,185
176,186
176,187
176,188
176,189
176,190
176,191
176,192
176,193
176,194
176,195
177,178
177,179
177,180
177,181
177,182
177,183
177,184
177,185
177,186
177,187
177,188
177,189
177,190
177,191
177,192
177,193
177,194
177,195
177,196
177,197
177,198
177,199
178,179
178,180
178,181
178,182
178,183
178,184
178,185
178,186
178,187
178,188
178,189
178,190
178,191
179,180
179,181
179,182
179,183
179,184
179,185
179,186
179,187
179,188
179,189
179,190
179,191
179,192
179,193
179,194
179,195
179,196
179,197
179,198
179,199
180,181
180,182
180,183
180,184
180,185
180,186
180,187
180,188
180,189
180,190
180,191
180,192
180,193
180,194
180,195
180,196
180,197
180,198
180,199
181,182
181,183
181,184
181,185
181,186
181,187
181,188
181,190
181,191
181,192
181,193
181,194
181,195
181,196
181,197
181,198
181,199
182,183
182,184
182,185
182,186
182,187
182,188
182,189
182,190
182,191
182,192
182,193
182,194
182,195
182,196
182,197
182,198
182,199
183,185
183,186
183,187
184,185
184,186
184,187
184,188
184,189
184,190
184,191
184,192
184,193
184,194
184,195
184,196
184,197
184,198
184,199
185,186
185,187
185,188
185,189
185,190
185,191
185,192
185,193
186,187
186,188
186,189
186,190
186,191
186,192
186,193
186,194
186,195
186,196
186,197
186,198
186,199
187,188
187,189
187,190
187,191
187,192
187,193
187,194
187,195
187,196
187,197
187,198
187,199
188,189
188,190
188,191
188,192
188,193
188,194
188,195
188,196
189,190
189,191
189,192
189,193
189,194
189,195
189,196
189,197
189,198
189,199
190,191
190,192
190,193
190,194
190,195
190,196
190,197
190,198
190,199
191,192
191,193
191,194
191,195
191,196
191,197
191,198
191,199
192,193
192,194
192,195
192,196
192,197
192,198
192,199
193,194
193,195
193,196
193,197
193,198
193,199
194,195
194,196
194,197
194,198
194,199
195,196
195,197
195,198
195,199
196,197
196,198
196,199
197,198
197,199
198,199
