0,1
0,2
0,3
0,4
0,5
0,6
0,7
0,8
0,9
0,10
0,11
0,12
0,13
0,14
0,15
0,16
0,17
0,18
0,19
0,20
0,21
0,22
0,23
0,24
0,25
0,26
0,27
0,28
0,29
0,30
0,31
0,32
0,33
0,34
0,35
0,36
0,37
0,38
0,39
0,40
0,41
0,42
0,43
0,44
0,45
0,46
0,47
0,48
0,49
0,50
0,51
0,52
0,53
0,54
0,55
0,56
0,57
0,65
0,68
0,73
0,74
0,81
0,83
0,85
0,87
0,88
0,91
0,95
0,97
0,98
0,102
0,103
0,107
0,108
0,113
0,114
0,117
0,119
0,121
0,124
0,131
0,135
0,140
0,144
0,149
0,151
0,153
0,154
0,161
0,167
0,172
0,173
0,178
0,179
0,181
0,187
0,190
0,194
0,195
0,196
1,2
1,3
1,4
1,5
1,6
1,7
1,8
1,9
1,10
1,11
1,12
1,13
1,14
1,15
1,16
1,17
1,18
1,19
1,20
1,21
1,22
1,23
1,24
1,25
1,26
1,27
1,28
1,29
1,30
1,31
1,32
1,33
1,34
1,35
1,36
1,37
1,38
1,39
1,40
1,41
1,42
1,43
1,44
1,45
1,46
1,47
1,48
1,49
1,50
1,51
1,52
1,53
1,54
1,55
1,56
1,57
1,65
1,68
1,73
1,74
1,81
1,83
1,85
1,87
1,88
1,91
1,95
1,97
1,98
1,102
1,103
1,107
1,108
1,113
1,114
1,117
1,119
1,121
1,124
1,131
1,135
1,149
1,151
1,153
1,154
1,161
1,167
1,172
1,173
1,178
1,179
1,181
1,187
1,190
1,194
1,195
1,196
2,3
2,4
2,5
2,6
2,7
2,8
2,9
2,10
2,11
2,12
2,13
2,14
2,15
2,16
2,17
2,18
2,19
2,20
2,21
2,22
2,23
2,24
2,25
2,26
2,27
2,28
2,29
2,30
2,31
2,32
2,33
2,34
2,35
2,36
2,37
2,38
2,39
2,40
2,41
2,42
2,43
2,44
2,45
2,46
2,47
2,48
2,49
2,50
2,51
2,52
2,53
2,54
2,55
2,56
2,57
3,4
3,5
3,6
3,7
3,8
3,9
3,10
3,11
3,12
3,13
3,14
3,15
3,16
3,17
3,18
3,19
3,20
3,21
3,22
3,23
3,24
3,25
3,26
3,27
3,28
3,29
3,30
3,31
3,32
3,33
3,34
3,35
3,36
3,37
3,38
3,39
3,40
3,41
3,42
3,43
3,44
3,45
3,46
3,47
3,48
3,49
3,50
3,51
3,52
3,53
3,54
3,55
3,56
3,57
4,5
4,6
4,7
4,8
4,9
4,10
4,11
4,12
4,13
4,14
4,15
4,16
4,17
4,18
4,19
4,20
4,21
4,22
4,23
4,24
4,25
4,26
4,27
4,28
4,29
4,30
4,31
4,32
4,33
4,34
4,35
4,36
4,37
4,38
4,39
4,40
4,41
4,42
4,43
4,44
4,45
4,46
4,47
4,48
4,49
4,50
4,51
4,52
4,53
4,54
4,55
4,56
4,57
5,6
5,7
5,8
5,9
5,10
5,11
5,12
5,13
5,14
5,15
5,16
5,17
5,18
5,19
5,20
5,21
5,22
5,23
5,24
5,25
5,26
5,27
5,28
5,29
5,30
5,31
5,32
5,33
5,34
5,35
5,36
5,37
5,38
5,39
5,40
5,41
5,42
5,43
5,44
5,45
5,46
5,47
5,48
5,49
5,50
5,51
5,52
5,53
5,54
5,55
5,56
5,57
6,7
6,8
6,9
6,10
6,11
6,12
6,13
6,14
6,15
6,16
6,17
6,18
6,19
6,20
6,21
6,22
6,23
6,24
6,25
6,26
6,27
6,28
6,29
6,30
6,31
6,32
6,33
6,34
6,35
6,36
6,37
6,38
6,39
6,40
6,41
6,42
6,43
6,44
6,45
6,46
6,47
6,48
6,49
6,50
6,51
6,52
6,53
6,54
6,55
6,56
6,57
7,8
7,9
7,10
7,11
7,12
7,13
7,14
7,15
7,16
7,17
7,18
7,19
7,20
7,21
7,22
7,23
7,24
7,25
7,26
7,27
7,28
7,29
7,30
7,31
7,32
7,33
7,34
7,35
7,36
7,37
7,38
7,39
7,40
7,41
7,42
7,43
7,44
7,45
7,46
7,47
7,48
7,49
7,50
7,51
7,52
7,53
7,54
7,55
7,56
7,57
8,9
8,10
8,11
8,12
8,13
8,14
8,15
8,16
8,17
8,18
8,19
8,20
8,21
8,22
8,23
8,24
8,25
8,26
8,27
8,28
8,29
8,30
8,31
8,32
8,33
8,34
8,35
8,36
8,37
8,38
8,39
8,40
8,41
8,42
8,43
8,44
8,45
8,46
8,47
8,48
8,49
8,50
8,51
8,52
8,53
8,54
8,55
8,56
8,57
9,10
9,11
9,12
9,13
9,14
9,15
9,16
9,17
9,18
9,19
9,20
9,21
9,22
9,23
9,24
9,25
9,26
9,27
9,28
9,29
9,30
9,31
9,32
9,33
9,34
9,35
9,36
9,37
9,38
9,39
9,40
9,41
9,42
9,43
9,44
9,45
9,46
9,47
9,48
9,49
9,50
9,51
9,52
9,53
9,54
9,55
9,56
9,57
10,11
10,12
10,13
10,14
10,15
10,16
10,17
10,18
10,19
10,20
10,21
10,22
10,23
10,24
10,25
10,26
10,27
10,28
10,29
10,30
10,31
10,32
10,33
10,34
10,35
10,36
10,37
10,38
10,39
10,40
10,41
10,42
10,43
10,44
10,45
10,46
10,47
10,48
10,49
10,50
10,51
10,52
10,53
10,54
10,55
10,56
10,57
10,180
10,182
11,12
11,13
11,14
11,15
11,16
11,17
11,18
11,19
11,20
11,21
11,22
11,23
11,24
11,25
11,26
11,27
11,28
11,29
11,30
11,31
11,32
11,33
11,34
11,35
11,36
11,37
11,38
11,39
11,40
11,41
11,42
11,43
11,44
11,45
11,46
11,47
11,48
11,49
11,50
11,51
11,52
11,53
11,54
11,55
11,56
11,57
11,105
11,116
11,118
11,120
11,122
12,13
12,14
12,15
12,16
12,17
12,18
12,19
12,20
12,21
12,22
12,23
12,24
12,25
12,26
12,27
12,28
12,29
12,30
12,31
12,32
12,33
12,34
12,35
12,36
12,37
12,38
12,39
12,40
12,41
12,42
12,43
12,44
12,45
12,46
12,47
12,48
12,49
12,50
12,51
12,52
12,53
12,54
12,55
12,56
12,57
13,14
13,15
13,16
13,17
13,18
13,19
13,20
13,21
13,22
13,23
13,24
13,25
13,26
13,27
13,28
13,29
13,30
13,31
13,32
13,33
13,34
13,35
13,36
13,37
13,38
13,39
13,40
13,41
13,42
13,43
13,44
13,45
13,46
13,47
13,48
13,49
13,50
13,51
13,52
13,53
13,54
13,55
13,56
13,57
13,99
13,101
13,103
13,104
13,116
13,125
13,130
13,131
13,136
13,137
13,140
13,141
13,143
13,144
13,156
13,160
13,161
13,163
13,165
13,167
13,168
13,171
13,172
13,173
13,180
13,181
13,182
13,185
14,15
14,16
14,17
14,18
14,19
14,20
14,21
14,22
14,23
14,24
14,25
14,26
14,27
14,28
14,29
14,30
14,31
14,32
14,33
14,34
14,35
14,36
14,37
14,38
14,39
14,40
14,41
14,42
14,43
14,44
14,45
14,46
14,47
14,48
14,49
14,50
14,51
14,52
14,53
14,54
14,55
14,56
14,57
14,79
14,80
14,83
14,85
14,96
14,99
14,100
14,101
14,102
14,103
14,104
14,105
14,109
14,115
14,119
14,120
14,122
14,125
14,137
14,138
14,140
14,141
14,143
14,144
14,148
14,149
14,150
14,151
14,152
15,16
15,17
15,18
15,19
15,20
15,21
15,22
15,23
15,24
15,25
15,26
15,27
15,28
15,29
15,30
15,31
15,32
15,33
15,34
15,35
15,36
15,37
15,38
15,39
15,40
15,41
15,42
15,43
15,44
15,45
15,46
15,47
15,48
15,49
15,50
15,51
15,52
15,53
15,54
15,55
15,56
15,57
15,65
15,68
15,73
15,74
15,81
15,83
15,85
15,87
15,88
15,91
15,95
15,97
15,98
15,102
15,103
15,107
15,108
15,113
15,114
15,117
15,119
15,121
15,124
15,131
15,135
15,149
15,151
15,153
15,154
15,161
15,167
15,172
15,173
15,178
15,179
15,181
15,187
15,190
15,194
15,195
15,196
16,17
16,18
16,19
16,20
16,21
16,22
16,23
16,24
16,25
16,26
16,27
16,28
16,29
16,30
16,31
16,32
16,33
16,34
16,35
16,36
16,37
16,38
16,39
16,40
16,41
16,42
16,43
16,44
16,45
16,46
16,47
16,48
16,49
16,50
16,51
16,52
16,53
16,54
16,55
16,56
16,57
16,65
16,68
16,73
16,74
16,81
16,83
16,85
16,87
16,88
16,91
16,95
16,97
16,98
16,102
16,103
16,107
16,108
16,113
16,114
16,117
16,119
16,121
16,124
16,131
16,135
16,149
16,151
16,153
16,154
16,161
16,167
16,172
16,173
16,178
16,179
16,181
16,187
16,190
16,194
16,195
16,196
17,18
17,19
17,20
17,21
17,22
17,23
17,24
17,25
17,26
17,27
17,28
17,29
17,30
17,31
17,32
17,33
17,34
17,35
17,36
17,37
17,38
17,39
17,40
17,41
17,42
17,43
17,44
17,45
17,46
17,47
17,48
17,49
17,50
17,51
17,52
17,53
17,54
17,55
17,56
17,57
17,115
17,120
17,122
17,123
17,125
18,19
18,20
18,21
18,22
18,23
18,24
18,25
18,26
18,27
18,28
18,29
18,30
18,31
18,32
18,33
18,34
18,35
18,36
18,37
18,38
18,39
18,40
18,41
18,42
18,43
18,44
18,45
18,46
18,47
18,48
18,49
18,50
18,51
18,52
18,53
18,54
18,55
18,56
18,57
19,20
19,21
19,22
19,23
19,24
19,25
19,26
19,27
19,28
19,29
19,30
19,31
19,32
19,33
19,34
19,35
19,36
19,37
19,38
19,39
19,40
19,41
19,42
19,43
19,44
19,45
19,46
19,47
19,48
19,49
19,50
19,51
19,52
19,53
19,54
19,55
19,56
19,57
20,21
20,22
20,23
20,24
20,25
20,26
20,27
20,28
20,29
20,30
20,31
20,32
20,33
20,34
20,35
20,36
20,37
20,38
20,39
20,40
20,41
20,42
20,43
20,44
20,45
20,46
20,47
20,48
20,49
20,50
20,51
20,52
20,53
20,54
20,55
20,56
21,22
21,23
21,24
21,25
21,26
21,27
21,28
21,29
21,30
21,31
21,32
21,33
21,34
21,35
21,36
21,37
21,38
21,39
21,40
21,41
21,42
21,43
21,44
21,45
21,46
21,47
21,48
21,49
21,50
21,51
21,52
21,53
21,54
21,55
21,56
21,57
21,65
21,68
21,73
21,74
21,81
21,83
21,85
21,87
21,88
21,91
21,95
21,97
21,98
21,102
21,103
21,107
21,108
21,113
21,114
21,117
21,119
21,121
21,124
21,131
21,135
21,149
21,151
21,153
21,154
21,161
21,167
21,172
21,173
21,178
21,179
21,181
21,187
21,190
21,194
21,195
21,196
22,23
22,24
22,25
22,26
22,27
22,28
22,29
22,30
22,31
22,32
22,33
22,34
22,35
22,36
22,37
22,38
22,39
22,40
22,41
22,42
22,43
22,44
22,45
22,46
22,47
22,48
22,49
22,50
22,51
22,52
22,53
22,54
22,55
22,56
22,57
22,85
22,91
22,99
22,101
22,102
22,105
22,115
22,118
22,120
22,122
22,123
22,124
22,125
22,130
22,137
22,138
22,140
22,143
22,144
22,148
22,149
22,151
22,154
22,155
22,159
22,160
22,169
22,171
22,172
22,175
22,182
22,187
23,24
23,25
23,26
23,27
23,28
23,29
23,30
23,31
23,32
23,33
23,34
23,35
23,36
23,37
23,38
23,39
23,40
23,41
23,42
23,43
23,44
23,45
23,46
23,47
23,48
23,49
23,50
23,51
23,52
23,53
23,54
23,55
23,56
23,57
23,67
23,69
23,79
23,80
23,81
23,83
23,85
23,86
23,88
23,96
23,100
23,101
23,102
23,103
23,104
23,105
23,109
23,114
23,115
23,120
23,122
23,123
23,124
23,128
23,131
23,134
23,137
23,138
23,143
23,144
23,149
23,151
23,152
23,154
23,155
23,157
23,159
23,160
24,25
24,26
24,27
24,28
24,29
24,30
24,31
24,32
24,33
24,34
24,35
24,36
24,37
24,38
24,39
24,40
24,41
24,42
24,43
24,44
24,45
24,46
24,47
24,48
24,49
24,50
24,51
24,52
24,53
24,54
24,55
24,56
24,57
24,65
24,68
24,73
24,74
24,81
24,83
24,85
24,87
24,88
24,91
24,95
24,97
24,98
24,102
24,103
24,107
24,108
24,113
24,114
24,117
24,119
24,121
24,124
24,131
24,135
24,149
24,151
24,153
24,154
24,161
24,167
24,172
24,173
24,178
24,179
24,181
24,187
24,190
24,194
24,195
24,196
25,26
25,27
25,28
25,29
25,30
25,31
25,32
25,33
25,34
25,35
25,36
25,37
25,38
25,39
25,40
25,41
25,42
25,43
25,44
25,45
25,46
25,47
25,48
25,49
25,50
25,51
25,52
25,53
25,54
25,55
25,56
25,57
26,27
26,28
26,29
26,30
26,31
26,32
26,33
26,34
26,35
26,36
26,37
26,38
26,39
26,40
26,41
26,42
26,43
26,44
26,45
26,46
26,47
26,48
26,49
26,50
26,51
26,52
26,53
26,54
26,55
26,56
26,57
27,28
27,29
27,30
27,31
27,32
27,33
27,34
27,35
27,36
27,37
27,38
27,39
27,40
27,41
27,42
27,43
27,44
27,45
27,46
27,47
27,48
27,49
27,50
27,51
27,52
27,53
27,54
27,55
27,56
27,57
27,65
27,68
27,73
27,74
27,81
27,83
27,85
27,87
27,88
27,91
27,95
27,97
27,98
27,102
27,103
27,107
27,108
27,113
27,114
27,117
27,119
27,121
27,124
27,131
27,135
27,149
27,151
27,153
27,154
27,161
27,167
27,172
27,173
27,178
27,179
27,181
27,187
27,190
27,194
27,195
27,196
28,29
28,30
28,31
28,32
28,33
28,34
28,35
28,36
28,37
28,38
28,39
28,40
28,41
28,42
28,43
28,44
28,45
28,46
28,47
28,48
28,49
28,50
28,51
28,52
28,53
28,54
28,55
28,56
28,57
28,103
29,30
29,31
29,32
29,33
29,34
29,35
29,36
29,37
29,38
29,39
29,40
29,41
29,42
29,43
29,44
29,45
29,46
29,47
29,48
29,49
29,50
29,51
29,52
29,53
29,54
29,55
29,56
29,57
30,31
30,32
30,33
30,34
30,35
30,36
30,37
30,38
30,39
30,40
30,41
30,42
30,43
30,44
30,45
30,46
30,47
30,48
30,49
30,50
30,51
30,52
30,53
30,54
30,55
30,56
30,57
30,69
30,73
30,76
30,78
30,79
30,80
30,81
30,83
30,85
30,86
30,88
30,91
30,94
30,95
30,96
30,97
30,102
30,103
30,105
30,109
30,110
30,115
30,118
30,119
30,120
30,122
30,134
30,148
30,149
31,32
31,33
31,34
31,35
31,36
31,37
31,38
31,39
31,40
31,41
31,42
31,43
31,44
31,45
31,46
31,47
31,48
31,49
31,50
31,51
31,52
31,53
31,54
31,55
31,56
31,57
31,72
31,73
31,76
31,77
31,78
31,79
31,81
32,33
32,34
32,35
32,36
32,37
32,38
32,39
32,40
32,41
32,42
32,43
32,44
32,45
32,46
32,47
32,48
32,49
32,50
32,51
32,52
32,53
32,54
32,55
32,56
32,57
32,65
32,67
32,68
32,71
32,72
32,73
32,74
32,75
32,76
32,77
32,78
32,79
32,81
32,83
32,84
32,85
32,86
32,87
32,88
32,90
32,91
32,94
32,95
32,96
32,97
32,98
32,99
32,100
32,101
32,102
32,103
32,104
32,107
32,108
32,109
32,113
32,114
32,117
32,119
32,121
32,122
32,123
32,124
32,125
32,128
32,130
32,131
32,134
32,135
32,143
32,146
32,148
32,149
32,151
32,153
32,154
32,155
32,161
32,163
32,164
32,167
32,169
32,171
32,172
32,173
32,178
32,179
32,181
32,187
32,190
32,194
32,195
32,196
33,34
33,35
33,36
33,37
33,38
33,39
33,40
33,41
33,42
33,43
33,44
33,45
33,46
33,47
33,48
33,49
33,50
33,51
33,52
33,53
33,54
33,55
33,56
33,57
33,71
33,72
33,73
33,75
33,76
33,77
33,78
33,80
33,83
33,84
33,85
33,86
33,87
33,88
33,90
33,94
33,95
33,97
33,99
33,100
33,102
33,103
34,35
34,36
34,37
34,38
34,39
34,40
34,41
34,42
34,43
34,44
34,45
34,46
34,47
34,48
34,49
34,50
34,51
34,52
34,53
34,54
34,55
34,56
34,57
34,65
34,68
34,73
34,74
34,81
34,83
34,85
34,87
34,88
34,91
34,95
34,97
34,98
34,102
34,103
34,107
34,108
34,113
34,114
34,117
34,119
34,121
34,124
34,131
34,135
34,149
34,151
34,153
34,154
34,161
34,167
34,172
34,173
34,178
34,179
34,181
34,187
34,190
34,194
34,195
34,196
35,36
35,37
35,38
35,39
35,40
35,41
35,42
35,43
35,44
35,45
35,46
35,47
35,48
35,49
35,50
35,51
35,52
35,53
35,54
35,55
35,56
35,57
36,37
36,38
36,39
36,40
36,41
36,42
36,43
36,44
36,45
36,46
36,47
36,48
36,49
36,50
36,51
36,52
36,53
36,54
36,55
36,56
36,57
36,65
36,68
36,73
36,74
36,81
36,83
36,85
36,87
36,88
36,91
36,95
36,97
36,98
36,102
36,103
36,107
36,108
36,113
36,114
36,117
36,119
36,121
36,124
36,131
36,135
36,149
36,151
36,153
36,154
36,161
36,167
36,172
36,173
36,178
36,179
36,181
36,187
36,190
36,194
36,195
36,196
37,38
37,39
37,40
37,41
37,42
37,43
37,44
37,45
37,46
37,47
37,48
37,49
37,50
37,51
37,52
37,53
37,54
37,55
37,56
37,57
38,39
38,40
38,41
38,42
38,43
38,44
38,45
38,46
38,47
38,48
38,49
38,50
38,51
38,52
38,53
38,54
38,55
38,56
38,57
39,40
39,41
39,42
39,43
39,44
39,45
39,46
39,47
39,48
39,49
39,50
39,51
39,52
39,53
39,54
39,55
39,56
39,57
39,80
39,81
39,83
39,84
39,86
39,88
39,100
39,101
39,102
39,104
39,125
39,128
39,132
39,144
39,146
39,150
39,151
39,152
39,154
39,155
39,156
39,158
39,159
40,41
40,42
40,43
40,44
40,45
40,46
40,47
40,48
40,49
40,50
40,51
40,52
40,53
40,54
40,55
40,56
40,57
40,65
40,68
40,73
40,74
40,81
40,83
40,85
40,87
40,88
40,91
40,94
40,95
40,97
40,98
40,102
40,103
40,107
40,108
40,113
40,114
40,117
40,119
40,121
40,124
40,131
40,135
40,149
40,151
40,153
40,154
40,161
40,167
40,172
40,173
40,178
40,179
40,181
40,187
40,190
40,194
40,195
40,196
41,42
41,43
41,44
41,45
41,46
41,47
41,48
41,49
41,50
41,51
41,52
41,53
41,54
41,55
41,56
41,57
41,84
41,85
41,86
41,88
41,89
41,90
41,91
41,94
41,97
41,99
41,100
41,101
41,102
41,103
41,104
41,106
41,107
41,109
42,43
42,44
42,45
42,46
42,47
42,48
42,49
42,50
42,51
42,52
42,53
42,54
42,55
42,56
42,57
42,65
42,68
42,73
42,74
42,81
42,83
42,85
42,87
42,88
42,91
42,95
42,97
42,98
42,102
42,103
42,107
42,108
42,113
42,114
42,117
42,119
42,121
42,124
42,131
42,135
42,149
42,151
42,153
42,154
42,161
42,167
42,172
42,173
42,178
42,179
42,181
42,187
42,190
42,194
42,195
42,196
43,44
43,45
43,46
43,47
43,48
43,49
43,50
43,51
43,52
43,53
43,54
43,55
43,56
43,57
43,65
43,68
43,73
43,74
43,81
43,83
43,85
43,87
43,88
43,91
43,95
43,97
43,98
43,102
43,103
43,107
43,108
43,113
43,114
43,117
43,119
43,121
43,124
43,131
43,135
43,143
43,146
43,149
43,151
43,153
43,154
43,160
43,161
43,167
43,171
43,172
43,173
43,178
43,179
43,181
43,187
43,190
43,194
43,195
43,196
44,45
44,46
44,47
44,48
44,49
44,50
44,51
44,52
44,53
44,54
44,55
44,56
44,57
44,65
44,68
44,73
44,74
44,81
44,83
44,85
44,87
44,88
44,91
44,95
44,97
44,98
44,102
44,103
44,107
44,108
44,113
44,114
44,117
44,119
44,121
44,124
44,131
44,135
44,149
44,151
44,153
44,154
44,161
44,167
44,172
44,173
44,178
44,179
44,181
44,187
44,190
44,194
44,195
44,196
45,46
45,47
45,48
45,49
45,50
45,51
45,52
45,53
45,54
45,55
45,56
45,57
46,47
46,48
46,49
46,50
46,51
46,52
46,53
46,54
46,55
46,56
46,57
46,138
47,48
47,49
47,50
47,51
47,52
47,53
47,54
47,55
47,56
47,57
47,78
47,79
47,80
47,81
47,84
47,87
47,88
47,97
47,98
47,100
47,101
47,103
47,104
47,107
47,108
47,110
47,115
48,49
48,50
48,51
48,52
48,53
48,54
48,55
48,56
48,57
48,72
48,73
48,76
48,78
48,81
48,84
48,85
48,86
48,87
48,88
48,89
48,91
48,96
48,97
48,98
48,101
48,102
48,103
48,104
48,105
48,106
48,107
48,110
48,111
48,113
48,115
48,116
48,120
48,133
48,134
48,138
48,142
48,152
48,153
48,156
48,157
48,160
48,168
49,50
49,51
49,52
49,53
49,54
49,55
49,56
49,57
49,73
49,76
50,51
50,52
50,53
50,54
50,55
50,56
50,57
50,71
50,72
50,73
50,76
50,77
50,78
50,81
50,82
50,83
50,84
50,86
50,87
50,94
50,95
50,96
50,97
50,98
50,99
50,100
50,101
50,102
50,103
50,104
50,105
50,107
50,108
50,109
50,110
50,111
50,112
50,113
50,114
50,116
50,118
50,119
50,120
50,123
50,125
50,127
50,133
50,134
50,136
50,137
51,52
51,53
51,54
51,55
51,56
51,57
51,65
51,68
51,73
51,74
51,81
51,83
51,85
51,86
51,87
51,88
51,89
51,90
51,91
51,93
51,95
51,96
51,97
51,98
51,100
51,102
51,103
51,104
51,105
51,106
51,107
51,108
51,109
51,110
51,112
51,113
51,114
51,115
51,117
51,118
51,119
51,120
51,121
51,123
51,124
51,125
51,126
51,127
51,128
51,129
51,130
51,131
51,132
51,133
51,134
51,135
51,136
51,137
51,138
51,144
51,146
51,149
51,151
51,152
51,153
51,154
51,156
51,157
51,161
51,167
51,172
51,173
51,178
51,179
51,181
51,187
51,190
51,194
51,195
51,196
52,53
52,54
52,55
52,56
52,57
52,85
52,86
52,87
52,89
52,90
52,91
52,93
52,94
52,95
52,96
53,54
53,55
53,56
53,57
54,55
54,56
54,57
54,65
54,68
54,73
54,74
54,81
54,83
54,85
54,87
54,88
54,91
54,95
54,97
54,98
54,102
54,103
54,107
54,108
54,113
54,114
54,117
54,119
54,121
54,124
54,131
54,135
54,149
54,151
54,153
54,154
54,161
54,167
54,172
54,173
54,178
54,179
54,181
54,187
54,190
54,194
54,195
54,196
55,56
55,57
56,57
57,65
57,68
57,73
57,74
57,81
57,83
57,85
57,87
57,88
57,91
57,95
57,97
57,98
57,102
57,103
57,107
57,108
57,113
57,114
57,117
57,119
57,121
57,124
57,131
57,135
57,149
57,151
57,153
57,154
57,161
57,167
57,172
57,173
57,178
57,179
57,181
57,187
57,190
57,194
57,195
57,196
63,124
63,125
63,126
63,128
63,132
64,67
64,69
64,71
64,72
64,75
64,77
64,78
64,79
64,80
64,82
64,85
64,86
64,88
64,89
64,91
64,98
64,100
64,105
64,106
64,107
64,108
64,109
64,110
64,113
64,115
64,116
64,122
64,124
64,125
64,126
64,131
64,132
64,133
64,137
64,142
64,146
64,149
64,164
64,167
64,170
64,187
64,198
65,68
65,69
65,70
65,71
65,72
65,73
65,74
65,75
65,78
65,79
65,80
65,81
65,82
65,83
65,85
65,86
65,87
65,88
65,89
65,90
65,91
65,94
65,95
65,96
65,97
65,98
65,101
65,102
65,103
65,104
65,105
65,107
65,108
65,109
65,110
65,111
65,112
65,113
65,114
65,115
65,116
65,117
65,119
65,120
65,121
65,122
65,124
65,125
65,126
65,128
65,129
65,131
65,132
65,133
65,135
65,137
65,138
65,140
65,142
65,148
65,149
65,151
65,153
65,154
65,155
65,156
65,161
65,164
65,167
65,172
65,173
65,178
65,179
65,181
65,187
65,190
65,194
65,195
65,196
66,70
66,75
66,76
66,78
66,79
66,82
66,84
66,85
66,87
66,88
66,89
66,91
66,93
66,94
67,68
67,69
67,70
67,71
67,72
67,73
67,75
67,76
67,77
67,78
67,79
67,81
67,83
67,84
67,86
67,87
67,88
67,89
67,91
67,93
67,95
67,97
67,98
67,100
67,101
68,69
68,70
68,71
68,72
68,73
68,74
68,76
68,78
68,80
68,81
68,83
68,85
68,87
68,88
68,89
68,90
68,91
68,94
68,95
68,97
68,98
68,102
68,103
68,107
68,108
68,113
68,114
68,117
68,119
68,121
68,124
68,131
68,135
68,149
68,151
68,153
68,154
68,161
68,167
68,172
68,173
68,178
68,179
68,181
68,187
68,190
68,194
68,195
68,196
69,70
69,71
69,72
69,73
69,74
69,75
69,76
69,77
69,78
69,79
69,80
69,81
69,82
69,83
69,84
69,85
69,86
69,87
69,90
69,93
69,95
69,96
69,98
69,100
69,101
69,102
69,103
69,106
69,110
69,111
69,112
69,119
69,121
69,122
69,126
69,127
69,128
69,129
69,131
69,132
69,137
69,140
69,146
69,148
69,149
71,76
71,77
71,78
71,80
71,82
71,85
71,86
72,74
72,76
72,77
72,78
72,80
72,81
72,82
72,83
72,86
72,91
72,93
72,94
72,96
72,100
72,102
72,103
72,104
72,105
72,107
72,108
72,110
72,111
72,112
73,74
73,76
73,77
73,78
73,79
73,80
73,81
73,82
73,83
73,85
73,87
73,88
73,90
73,91
73,93
73,94
73,95
73,96
73,97
73,98
73,100
73,102
73,103
73,104
73,105
73,107
73,108
73,113
73,114
73,117
73,119
73,121
73,124
73,131
73,135
73,149
73,151
73,153
73,154
73,161
73,167
73,172
73,173
73,178
73,179
73,181
73,187
73,190
73,194
73,195
73,196
74,75
74,76
74,77
74,80
74,81
74,83
74,84
74,85
74,87
74,88
74,91
74,95
74,97
74,98
74,102
74,103
74,107
74,108
74,113
74,114
74,117
74,119
74,121
74,124
74,131
74,135
74,149
74,151
74,153
74,154
74,161
74,167
74,172
74,173
74,178
74,179
74,181
74,187
74,190
74,194
74,195
74,196
75,76
75,77
75,80
75,81
75,82
75,84
75,87
75,89
75,91
75,94
75,96
75,97
75,98
75,99
75,100
75,102
75,104
75,105
75,107
75,109
75,110
75,111
75,112
75,113
75,115
75,116
75,119
75,120
75,124
76,77
76,78
76,79
76,80
76,81
76,82
76,83
76,87
76,91
76,92
76,93
76,95
76,96
76,97
76,98
76,99
76,100
77,79
77,80
77,81
77,83
77,84
77,87
77,89
77,90
77,92
77,93
77,94
77,96
77,97
77,98
77,99
77,100
77,101
77,102
77,104
77,106
77,107
77,109
77,110
77,111
77,112
77,113
77,115
77,119
77,120
77,122
77,123
77,128
77,129
77,133
77,141
78,79
78,80
78,82
78,83
78,84
78,86
78,87
78,88
78,89
78,90
78,91
78,92
78,93
78,94
78,95
78,96
78,97
78,98
78,100
78,101
78,103
78,106
78,108
78,109
78,110
78,111
78,112
78,113
78,116
78,118
78,119
78,120
78,122
78,123
78,124
78,125
78,128
78,129
78,130
78,131
78,133
78,136
78,140
78,141
78,142
78,143
78,144
78,162
79,80
79,81
79,82
79,83
79,84
79,87
79,92
79,93
79,94
79,95
79,99
79,101
79,102
79,103
79,104
79,107
79,108
79,109
79,110
79,111
79,113
79,116
79,118
79,119
79,120
79,122
79,123
79,124
79,125
79,126
79,128
79,129
79,131
79,132
79,133
79,134
79,136
79,137
79,138
79,139
79,140
79,141
79,142
79,143
79,144
79,155
79,156
79,159
79,160
79,162
79,167
80,82
80,83
80,85
80,86
80,87
80,89
80,90
80,91
80,92
80,93
80,94
80,95
80,96
80,97
80,98
80,99
80,100
80,101
81,83
81,85
81,87
81,88
81,90
81,91
81,92
81,94
81,95
81,97
81,98
81,99
81,100
81,101
81,102
81,103
81,104
81,107
81,108
81,109
81,110
81,111
81,112
81,113
81,114
81,115
81,116
81,117
81,119
81,121
81,124
81,127
81,128
81,130
81,131
81,132
81,134
81,135
81,136
81,137
81,138
81,139
81,141
81,143
81,144
81,145
81,147
81,149
81,151
81,153
81,154
81,155
81,156
81,157
81,158
81,159
81,160
81,161
81,162
81,165
81,167
81,169
81,172
81,173
81,178
81,179
81,181
81,187
81,190
81,194
81,195
81,196
82,84
82,85
82,86
82,88
82,90
82,91
83,85
83,86
83,87
83,88
83,89
83,91
83,92
83,94
83,95
83,97
83,98
83,102
83,103
83,107
83,108
83,113
83,114
83,117
83,119
83,121
83,124
83,131
83,135
83,149
83,151
83,153
83,154
83,161
83,167
83,172
83,173
83,178
83,179
83,181
83,187
83,190
83,194
83,195
83,196
84,85
84,86
84,87
84,89
84,90
84,91
84,92
84,93
84,95
84,96
84,97
84,99
84,100
84,101
84,102
84,103
84,104
84,105
85,86
85,87
85,88
85,89
85,90
85,91
85,93
85,94
85,95
85,96
85,97
85,98
85,99
85,100
85,101
85,102
85,103
85,105
85,106
85,107
85,108
85,112
85,113
85,114
85,117
85,118
85,119
85,121
85,122
85,124
85,125
85,127
85,128
85,131
85,132
85,135
85,136
85,142
85,149
85,151
85,153
85,154
85,161
85,167
85,172
85,173
85,178
85,179
85,181
85,187
85,190
85,194
85,195
85,196
86,87
86,88
86,89
86,92
86,93
86,94
86,96
86,97
86,99
86,100
86,101
86,102
86,104
86,105
86,106
86,110
86,111
86,112
86,114
86,115
86,118
86,120
86,122
86,123
87,88
87,89
87,91
87,92
87,95
87,97
87,98
87,102
87,103
87,107
87,108
87,113
87,114
87,117
87,119
87,121
87,124
87,131
87,135
87,149
87,151
87,153
87,154
87,161
87,167
87,172
87,173
87,178
87,179
87,181
87,187
87,190
87,194
87,195
87,196
88,89
88,91
88,92
88,93
88,95
88,96
88,97
88,98
88,99
88,100
88,101
88,102
88,103
88,104
88,105
88,106
88,107
88,108
88,113
88,114
88,117
88,119
88,121
88,124
88,131
88,135
88,149
88,151
88,153
88,154
88,161
88,167
88,172
88,173
88,178
88,179
88,181
88,187
88,190
88,194
88,195
88,196
89,90
89,92
89,94
89,96
89,98
89,99
89,100
89,101
89,102
89,103
89,104
90,91
90,92
90,93
90,94
90,95
90,96
90,97
90,98
90,99
90,101
90,102
90,104
90,105
90,106
90,108
90,112
90,114
90,115
90,116
90,118
90,120
90,122
90,125
90,126
90,127
90,128
91,92
91,93
91,94
91,95
91,96
91,97
91,98
91,99
91,100
91,101
91,102
91,103
91,104
91,105
91,106
91,107
91,108
91,110
91,112
91,113
91,114
91,115
91,116
91,117
91,118
91,119
91,121
91,124
91,131
91,134
91,135
91,136
91,138
91,142
91,143
91,144
91,147
91,149
91,151
91,153
91,154
91,158
91,161
91,167
91,172
91,173
91,178
91,179
91,181
91,187
91,190
91,194
91,195
91,196
92,93
92,94
92,97
92,99
93,94
93,96
93,97
93,98
93,99
93,100
93,101
93,102
93,103
93,104
93,105
93,106
93,107
93,109
93,110
93,112
93,113
93,114
93,115
94,95
94,96
94,100
94,101
94,102
94,103
94,104
94,105
94,106
94,107
94,108
94,109
94,110
94,111
94,113
94,116
94,123
94,125
94,126
94,127
94,134
94,137
94,138
94,139
94,140
94,142
94,143
94,144
95,97
95,98
95,101
95,102
95,103
95,106
95,107
95,108
95,110
95,111
95,112
95,113
95,114
95,115
95,116
95,117
95,119
95,121
95,124
95,131
95,135
95,149
95,151
95,153
95,154
95,161
95,167
95,172
95,173
95,178
95,179
95,181
95,187
95,190
95,194
95,195
95,196
96,97
96,98
96,99
96,101
96,103
96,105
96,106
96,107
96,108
96,109
96,110
96,111
96,112
96,115
96,116
96,122
96,123
96,124
96,125
96,126
96,127
96,132
96,134
96,136
96,137
96,138
96,139
96,142
96,143
96,144
96,147
96,150
96,164
96,165
97,98
97,99
97,100
97,101
97,102
97,103
97,104
97,105
97,106
97,107
97,108
97,109
97,111
97,112
97,113
97,114
97,115
97,117
97,119
97,121
97,124
97,131
97,135
97,149
97,151
97,153
97,154
97,161
97,167
97,172
97,173
97,178
97,179
97,181
97,187
97,190
97,194
97,195
97,196
98,99
98,101
98,102
98,103
98,104
98,105
98,106
98,107
98,108
98,109
98,110
98,111
98,112
98,113
98,114
98,115
98,116
98,117
98,118
98,119
98,121
98,124
98,131
98,135
98,149
98,151
98,153
98,154
98,161
98,167
98,172
98,173
98,178
98,179
98,181
98,187
98,190
98,194
98,195
98,196
99,101
99,102
99,104
99,105
99,106
99,109
99,110
99,111
99,112
99,113
99,114
99,115
99,118
99,119
99,122
99,125
99,126
99,127
99,137
99,139
99,140
99,143
99,151
99,152
99,156
99,160
99,162
99,163
100,103
100,107
100,108
100,109
100,111
100,112
100,113
100,116
100,118
100,119
100,120
100,122
100,124
100,125
100,126
100,127
100,128
100,131
100,133
100,135
100,136
100,137
100,138
100,139
100,140
101,102
101,103
101,104
101,106
101,107
101,109
101,110
101,111
101,112
101,113
101,115
101,116
101,118
101,119
101,120
101,122
101,123
101,124
101,125
101,126
101,127
101,128
101,130
101,132
101,134
101,136
101,137
101,139
101,140
101,141
101,142
101,144
101,147
101,148
101,149
101,150
101,152
101,156
101,158
101,159
101,162
101,163
102,103
102,104
102,105
102,106
102,107
102,108
102,110
102,112
102,113
102,114
102,115
102,116
102,117
102,118
102,119
102,120
102,121
102,122
102,123
102,124
102,125
102,127
102,130
102,131
102,132
102,133
102,135
102,136
102,139
102,140
102,141
102,142
102,143
102,144
102,145
102,146
102,148
102,149
102,150
102,151
102,153
102,154
102,156
102,157
102,158
102,159
102,160
102,161
102,162
102,163
102,167
102,170
102,172
102,173
102,178
102,179
102,181
102,187
102,190
102,194
102,195
102,196
103,104
103,105
103,106
103,107
103,108
103,109
103,110
103,112
103,113
103,114
103,117
103,119
103,121
103,122
103,123
103,124
103,125
103,128
103,130
103,131
103,132
103,134
103,135
103,136
103,137
103,139
103,142
103,143
103,144
103,145
103,146
103,147
103,149
103,150
103,151
103,152
103,153
103,154
103,161
103,167
103,172
103,173
103,178
103,179
103,181
103,187
103,190
103,194
103,195
103,196
104,109
104,114
104,115
104,118
104,119
104,120
104,122
104,123
104,125
104,127
104,128
104,130
104,131
104,132
104,133
104,134
104,136
104,139
104,140
104,141
104,142
104,143
104,146
104,147
104,148
104,149
104,150
104,155
104,157
104,158
104,159
104,160
104,161
104,162
104,163
104,165
104,166
104,170
105,106
105,107
105,108
105,110
105,111
105,112
105,114
105,115
105,116
105,118
105,119
105,120
105,122
105,123
105,124
105,125
105,127
105,128
105,129
105,130
105,131
105,132
105,133
105,134
105,135
105,136
105,137
105,139
105,140
105,141
105,142
105,143
105,144
105,145
105,146
105,149
105,150
105,152
105,155
105,156
105,159
105,160
105,161
105,162
105,163
105,165
105,166
105,174
106,107
106,108
106,109
106,110
106,111
106,112
106,114
106,115
106,116
106,118
106,119
107,108
107,111
107,112
107,113
107,114
107,115
107,117
107,118
107,119
107,120
107,121
107,123
107,124
107,125
107,128
107,129
107,130
107,131
107,135
107,137
107,140
107,141
107,142
107,143
107,144
107,145
107,146
107,149
107,151
107,153
107,154
107,161
107,167
107,172
107,173
107,178
107,179
107,181
107,187
107,190
107,194
107,195
107,196
108,109
108,110
108,111
108,112
108,113
108,114
108,117
108,119
108,121
108,124
108,131
108,135
108,149
108,151
108,153
108,154
108,161
108,167
108,172
108,173
108,178
108,179
108,181
108,187
108,190
108,194
108,195
108,196
109,111
109,112
109,113
109,114
109,115
109,116
109,118
109,120
109,122
109,123
109,124
109,125
109,127
109,128
109,129
109,130
109,131
109,133
109,134
109,137
109,138
109,139
109,140
109,142
109,143
109,144
109,145
109,146
109,149
109,153
109,156
109,160
109,161
109,164
109,165
109,169
109,170
109,174
109,187
109,196
110,111
110,113
110,114
110,115
110,116
110,119
110,120
110,121
110,122
110,123
110,124
110,125
110,126
111,113
111,114
111,115
111,116
111,117
111,118
111,119
111,120
111,121
112,113
112,114
112,117
112,118
112,119
112,120
112,121
112,124
112,125
112,126
112,128
112,129
112,130
112,131
112,132
112,133
112,134
113,114
113,115
113,116
113,117
113,119
113,120
113,121
113,122
113,123
113,124
113,125
113,126
113,127
113,128
113,129
113,130
113,131
113,132
113,133
113,134
113,135
113,137
113,138
113,139
113,140
113,141
113,142
113,143
113,149
113,151
113,153
113,154
113,161
113,167
113,172
113,173
113,178
113,179
113,181
113,187
113,190
113,194
113,195
113,196
114,116
114,117
114,118
114,119
114,121
114,124
114,131
114,135
114,149
114,151
114,153
114,154
114,161
114,167
114,172
114,173
114,178
114,179
114,181
114,187
114,190
114,194
114,195
114,196
115,119
115,121
115,122
115,125
115,126
115,128
115,129
115,130
115,133
115,137
115,138
115,140
115,141
115,143
115,145
115,146
115,147
115,148
115,150
115,155
115,158
115,161
115,162
115,163
115,164
115,165
115,166
115,170
115,177
115,187
116,117
116,119
116,120
116,121
116,122
116,123
116,124
116,126
116,128
116,131
116,132
116,133
116,134
116,136
116,137
116,138
116,139
116,140
116,141
116,142
116,143
116,145
116,147
116,148
116,150
116,152
116,153
116,154
116,155
116,156
116,157
116,158
116,160
116,161
116,162
116,164
116,166
116,168
116,170
116,174
116,176
116,177
117,119
117,120
117,121
117,122
117,123
117,124
117,125
117,126
117,127
117,128
117,129
117,131
117,132
117,133
117,134
117,135
117,136
117,137
117,138
117,139
117,141
117,142
117,145
117,146
117,148
117,149
117,151
117,153
117,154
117,161
117,167
117,172
117,173
117,178
117,179
117,181
117,187
117,190
117,194
117,195
117,196
118,119
118,120
118,123
118,124
118,125
118,127
118,128
118,131
118,132
118,133
118,134
118,136
118,137
118,138
118,139
118,142
118,143
118,145
118,146
118,148
118,150
118,152
118,153
118,155
118,156
118,157
118,159
118,160
118,161
118,162
118,163
118,164
118,166
118,168
118,170
118,171
119,121
119,122
119,123
119,124
119,125
119,128
119,129
119,130
119,131
119,134
119,135
119,136
119,139
119,140
119,141
119,142
119,143
119,145
119,146
119,147
119,148
119,149
119,151
119,153
119,154
119,161
119,167
119,172
119,173
119,178
119,179
119,181
119,187
119,190
119,194
119,195
119,196
120,122
120,123
120,124
120,125
120,126
120,128
120,129
120,130
120,132
120,133
120,134
120,136
120,137
120,138
120,139
120,140
120,141
120,142
120,144
120,145
120,146
120,148
120,149
120,150
120,153
120,154
120,156
120,157
120,160
120,161
120,163
120,164
120,165
120,166
120,168
120,169
120,170
120,175
120,176
121,122
121,123
121,124
121,125
121,126
121,127
121,128
121,130
121,131
121,135
121,149
121,151
121,153
121,154
121,161
121,167
121,172
121,173
121,178
121,179
121,181
121,187
121,190
121,194
121,195
121,196
122,123
122,124
122,125
122,126
122,130
122,133
122,134
122,136
122,138
122,139
122,140
122,141
122,143
122,144
122,146
122,147
122,149
122,151
122,152
122,153
122,155
122,157
122,160
122,161
122,162
122,164
122,165
122,166
122,168
123,124
123,125
123,126
123,127
123,131
123,132
123,134
123,135
124,125
124,126
124,127
124,128
124,129
124,130
124,131
124,132
124,133
124,134
124,135
124,136
124,138
124,139
124,140
124,141
124,145
124,147
124,149
124,151
124,153
124,154
124,155
124,156
124,157
124,158
124,159
124,161
124,162
124,163
124,164
124,165
124,166
124,167
124,168
124,169
124,170
124,172
124,173
124,174
124,175
124,178
124,179
124,181
124,187
124,190
124,194
124,195
124,196
125,127
125,128
125,131
125,132
125,133
125,134
125,136
125,137
125,138
125,139
125,140
125,141
125,142
125,148
125,149
125,150
125,152
125,153
125,154
125,155
125,156
125,157
125,158
125,159
125,160
125,161
125,162
125,163
125,164
125,165
125,166
125,168
125,169
125,170
125,175
125,177
126,128
126,131
126,132
127,128
127,137
127,138
128,129
128,130
128,131
128,132
128,133
128,134
128,135
128,138
128,139
128,140
128,141
128,143
128,147
129,130
129,131
129,132
129,134
129,135
129,137
129,138
129,139
129,141
129,144
129,145
129,147
129,149
129,150
129,152
129,154
129,156
129,158
129,159
129,163
129,164
129,166
129,167
129,171
129,174
129,176
129,185
130,131
130,133
130,134
130,135
130,136
130,137
130,138
130,139
130,140
130,141
130,142
130,143
130,144
130,145
130,146
130,148
130,150
130,152
130,153
130,154
130,155
130,157
130,158
130,159
130,160
130,161
130,163
130,164
130,168
130,170
130,171
130,174
130,175
130,176
130,177
130,182
130,184
130,185
131,132
131,135
131,137
131,138
131,143
131,146
131,147
131,148
131,149
131,150
131,151
131,152
131,153
131,154
131,156
131,158
131,159
131,160
131,161
131,163
131,165
131,166
131,167
131,170
131,171
131,172
131,173
131,175
131,176
131,177
131,178
131,179
131,180
131,181
131,182
131,184
131,185
131,187
131,190
131,194
131,195
131,196
132,133
132,134
132,135
132,136
132,137
132,138
132,139
132,140
132,141
132,142
132,143
132,146
132,148
132,152
132,153
132,154
132,155
133,135
133,137
133,138
133,139
133,141
134,135
134,137
134,138
134,139
134,142
134,143
134,144
134,146
134,147
134,148
134,149
134,152
134,154
134,155
134,156
134,162
134,165
134,166
134,167
134,169
134,170
134,171
134,174
134,180
134,184
134,185
134,189
135,136
135,137
135,138
135,139
135,142
135,143
135,146
135,147
135,148
135,149
135,150
135,151
135,152
135,153
135,154
135,155
135,156
135,161
135,167
135,172
135,173
135,178
135,179
135,181
135,187
135,190
135,194
135,195
135,196
136,138
136,139
136,140
136,142
136,143
136,144
136,146
136,147
136,149
136,152
136,153
136,154
136,155
136,159
136,160
136,161
136,163
136,165
136,168
136,171
136,174
136,175
136,177
137,138
137,139
137,140
137,143
137,144
137,145
137,146
137,147
137,148
137,149
137,150
137,151
137,152
137,153
137,154
137,155
137,156
137,159
137,161
137,163
137,164
137,165
137,166
137,167
137,168
137,170
137,171
137,174
137,175
137,177
137,180
137,185
137,186
137,187
137,188
137,189
137,195
138,139
138,140
138,143
138,145
138,146
138,148
138,149
138,151
138,152
138,154
138,155
138,156
138,157
138,159
138,160
138,161
138,162
138,163
138,164
138,165
138,167
138,169
138,170
138,171
138,173
138,174
138,175
138,177
138,179
138,180
138,182
138,184
138,185
138,186
138,187
138,188
139,141
139,142
139,144
139,145
139,146
139,147
139,149
139,151
139,152
139,155
139,156
139,157
139,159
139,160
139,163
139,164
139,166
139,167
139,169
139,170
139,173
140,141
140,142
140,145
140,146
140,147
140,148
140,149
140,150
140,152
140,153
140,154
140,156
140,158
140,159
140,160
140,161
140,162
140,163
140,164
140,165
140,166
140,167
140,168
140,169
140,171
140,173
140,176
140,177
140,179
140,180
140,182
140,185
140,186
140,187
140,188
140,195
140,196
140,197
141,142
141,143
141,144
141,145
141,146
141,147
141,148
141,149
141,150
141,155
141,156
141,157
142,144
142,145
142,146
142,147
142,148
142,149
142,150
142,152
142,157
142,159
142,160
142,161
142,162
143,144
143,145
143,146
143,148
143,151
143,153
143,154
143,156
143,159
143,160
143,161
143,162
143,163
143,164
143,165
143,166
143,167
143,168
143,170
143,171
143,173
143,174
143,175
143,176
143,179
143,180
143,181
143,182
143,184
143,185
143,186
143,187
143,188
143,196
143,197
143,199
144,146
144,148
144,149
144,151
144,152
144,153
144,155
144,156
144,157
144,158
144,159
144,160
144,162
144,163
144,165
144,166
144,168
144,170
144,171
144,172
144,173
144,175
144,176
144,178
144,179
144,180
144,182
144,184
144,185
144,187
144,188
144,189
144,191
144,195
144,197
144,199
145,147
145,148
145,149
145,150
145,154
145,155
145,156
145,157
145,158
145,159
146,147
146,148
146,149
146,150
146,154
146,155
146,156
146,157
146,158
146,159
146,160
146,161
146,163
146,164
146,165
146,166
146,168
146,170
146,171
146,172
146,173
146,174
146,175
146,176
146,177
146,179
146,180
146,181
146,182
146,186
146,189
146,191
146,195
147,148
147,150
147,152
147,153
147,154
147,155
147,156
147,157
147,159
147,160
147,162
147,163
148,149
148,150
148,151
148,153
148,155
148,156
148,157
148,159
148,160
148,161
148,162
148,164
148,165
148,166
148,167
148,168
148,173
148,174
148,176
148,177
148,179
148,180
148,182
148,183
148,184
148,186
148,189
148,195
148,196
148,197
149,150
149,151
149,153
149,154
149,157
149,158
149,159
149,161
149,162
149,163
149,164
149,165
149,166
149,167
149,168
149,170
149,172
149,173
149,174
149,175
149,177
149,178
149,179
149,180
149,181
149,182
149,183
149,184
149,187
149,190
149,194
149,195
149,196
150,151
150,152
150,153
150,154
150,155
150,156
150,157
150,158
150,160
150,162
150,163
150,165
150,166
150,168
150,170
150,171
150,172
150,173
150,175
150,177
150,178
150,179
150,180
150,181
150,182
150,183
150,186
150,187
150,188
150,189
150,190
150,196
151,153
151,154
151,155
151,156
151,157
151,159
151,160
151,161
151,162
151,163
151,164
151,165
151,166
151,167
151,170
151,171
151,172
151,173
151,174
151,175
151,176
151,177
151,178
151,179
151,180
151,181
151,182
151,183
151,184
151,185
151,187
151,190
151,191
151,194
151,195
151,196
151,198
151,199
152,153
152,155
152,156
152,157
152,158
152,159
152,160
152,161
152,163
152,165
152,166
152,167
152,168
152,169
152,170
152,171
152,172
152,173
152,174
152,177
152,179
152,180
152,181
152,183
152,184
152,185
152,186
152,188
152,191
152,193
152,197
152,198
152,199
153,154
153,156
153,157
153,158
153,159
153,161
153,163
153,164
153,165
153,166
153,167
153,168
153,169
153,170
153,172
153,173
153,176
153,178
153,179
153,180
153,181
153,182
153,184
153,185
153,186
153,187
153,188
153,189
153,190
153,191
153,193
153,194
153,195
153,196
154,155
154,156
154,157
154,158
154,159
154,160
154,161
154,162
154,163
154,164
154,165
154,167
154,168
154,169
154,170
154,172
154,173
154,175
154,176
154,178
154,179
154,180
154,181
154,182
154,183
154,184
154,185
154,186
154,187
154,188
154,189
154,190
154,191
154,192
154,193
154,194
154,195
154,196
154,197
154,199
155,156
155,157
155,159
155,163
155,164
155,165
155,166
155,168
155,170
155,171
155,172
155,173
155,174
155,175
155,176
155,180
155,182
155,183
155,184
155,185
155,186
155,188
155,189
155,191
155,192
155,193
155,196
155,199
156,157
156,158
156,161
156,164
156,165
156,166
156,168
156,169
156,170
156,171
156,172
156,173
156,176
156,179
156,180
156,181
156,182
156,184
156,186
156,187
156,188
156,189
156,191
156,192
156,193
156,194
156,197
156,198
156,199
157,158
157,159
157,160
157,161
157,162
157,164
157,166
158,159
158,161
158,162
158,163
158,164
158,165
158,166
158,167
158,170
158,171
158,172
158,173
158,174
158,175
158,177
158,178
158,179
158,182
158,183
159,161
159,162
159,164
159,165
159,166
159,167
159,168
159,169
159,170
159,173
159,174
159,175
159,176
159,177
159,179
159,180
159,182
159,183
159,184
159,186
159,187
159,188
159,190
159,191
159,192
159,197
159,199
160,161
160,162
160,165
160,166
160,167
160,168
160,169
160,170
160,171
160,173
160,174
160,176
160,177
160,178
160,179
160,180
160,181
160,182
160,183
160,184
160,185
160,186
160,187
160,188
160,189
160,190
160,191
160,192
160,193
160,194
160,196
160,197
160,198
160,199
161,164
161,165
161,167
161,169
161,170
161,171
161,172
161,173
161,174
161,175
161,176
161,178
161,179
161,180
161,181
161,182
161,183
161,184
161,185
161,186
161,187
161,190
161,191
161,192
161,193
161,194
161,195
161,196
161,197
161,198
161,199
162,163
162,165
162,166
162,168
162,169
162,170
162,171
162,172
162,173
162,174
162,175
162,176
162,177
162,178
162,180
163,164
163,165
163,166
163,167
163,168
163,170
163,171
163,172
163,174
163,175
163,176
163,177
163,178
163,179
163,180
163,181
163,182
163,183
163,184
163,186
163,187
163,188
163,191
163,192
163,193
163,194
163,195
163,196
163,197
163,198
163,199
164,165
164,166
164,167
164,168
164,169
164,170
164,171
164,172
164,173
165,166
165,168
165,169
165,170
165,171
165,172
165,173
165,174
165,175
165,176
165,177
165,182
165,183
165,184
165,185
165,186
165,187
165,188
165,189
165,190
165,191
165,192
165,193
165,194
165,195
165,198
165,199
166,167
166,168
166,169
166,170
166,171
166,172
166,173
166,174
166,175
166,176
166,178
166,179
166,180
166,181
166,182
166,183
166,184
166,185
166,186
166,190
166,191
166,193
166,194
167,168
167,169
167,172
167,173
167,175
167,177
167,178
167,179
167,180
167,181
167,182
167,184
167,185
167,186
167,187
167,190
167,191
167,193
167,194
167,195
167,196
167,198
167,199
168,169
168,170
168,171
168,172
168,173
168,176
168,177
168,178
168,179
168,180
168,181
168,182
168,183
168,185
168,186
168,187
168,188
168,189
168,190
168,191
168,192
168,193
168,195
168,197
168,198
168,199
169,170
169,171
169,172
169,173
169,174
169,175
169,177
169,178
169,179
169,180
169,181
169,184
169,187
169,190
169,192
169,193
169,195
169,196
169,197
169,198
170,171
170,172
170,173
170,174
170,175
170,177
170,178
170,179
170,180
170,181
170,182
170,183
170,184
170,185
170,186
170,187
170,188
170,189
170,190
170,191
170,192
170,193
170,194
170,195
170,197
170,198
170,199
171,172
171,174
171,175
171,176
171,177
171,178
171,180
171,181
171,182
171,184
171,185
171,186
171,187
171,188
171,189
171,190
171,191
171,193
171,195
171,196
171,197
171,198
171,199
172,173
172,174
172,175
172,176
172,177
172,178
172,179
172,181
172,183
172,186
172,187
172,190
172,192
172,194
172,195
172,196
172,198
172,199
173,174
173,175
173,176
173,177
173,178
173,179
173,180
173,181
173,183
173,184
173,185
173,186
173,187
173,190
173,191
173,192
173,193
173,194
173,195
173,196
173,198
173,199
174,175
174,176
174,177
174,178
174,180
174,181
174,183
174,184
174,185
174,188
174,189
174,190
174,191
174,193
174,194
174,195
174,196
174,197
174,198
174,199
175,177
175,180
175,181
176,177
176,178
176,179
176,180
176,181
176,183
176,184
176,185
177,178
177,179
177,180
177,182
177,185
177,189
177,191
177,193
177,194
177,195
177,196
177,197
177,199
178,179
178,180
178,181
178,182
178,183
178,184
178,185
178,186
178,187
178,188
178,189
178,190
178,193
178,194
178,195
178,196
178,197
178,198
178,199
179,180
179,181
179,182
179,183
179,184
179,185
179,186
179,187
179,189
179,190
179,191
179,194
179,195
179,196
180,182
180,183
180,185
180,186
180,188
180,189
180,192
180,193
180,194
180,195
180,196
180,197
181,182
181,184
181,185
181,186
181,187
181,189
181,190
181,194
181,195
181,196
182,183
182,184
182,188
182,189
182,192
182,193
182,194
182,195
182,196
182,197
182,199
183,185
183,186
183,187
184,185
184,186
184,187
184,188
184,189
184,192
184,193
184,194
184,195
184,196
184,198
184,199
185,186
185,187
185,189
185,191
185,192
185,194
185,195
185,196
185,197
185,198
185,199
186,187
186,189
186,191
186,192
186,193
186,194
186,197
186,198
187,188
187,189
187,190
187,191
187,192
187,193
187,194
187,195
187,196
187,199
188,193
188,194
188,195
189,191
189,192
190,191
190,192
190,193
190,194
190,195
190,196
190,199
191,192
191,193
191,199
192,193
193,195
193,196
193,197
193,198
193,199
194,195
194,196
194,199
195,196
195,198
195,199
196,198
