0,1
0,2
0,3
0,4
0,5
0,6
0,7
0,8
0,9
0,10
0,11
0,12
0,13
0,14
0,15
0,16
0,17
0,18
0,19
0,20
0,21
0,22
0,23
0,24
0,25
0,26
0,27
0,28
0,29
0,30
0,31
0,32
0,33
0,34
0,35
0,36
0,37
0,38
0,39
0,40
0,41
0,42
0,43
0,44
0,45
0,46
0,47
0,48
0,49
0,50
0,51
0,52
0,53
0,54
0,55
0,56
0,57
0,58
0,59
0,60
0,61
0,62
0,63
0,64
0,65
0,66
0,67
0,68
0,69
1,2
1,3
1,4
1,5
1,6
1,7
1,8
1,9
1,10
1,11
1,12
1,13
1,14
1,15
1,16
1,17
1,18
1,19
1,20
1,21
1,22
1,23
1,24
1,25
1,26
1,27
1,28
1,29
1,30
1,31
1,32
1,33
1,34
1,35
1,36
1,37
1,38
1,39
1,40
1,41
1,42
1,43
1,44
1,45
1,46
1,47
1,48
1,49
1,50
1,51
1,52
1,53
1,54
1,55
1,56
1,57
1,58
1,59
1,60
1,61
1,62
1,63
1,64
1,65
1,66
1,67
1,68
1,69
2,3
2,4
2,5
2,6
2,7
2,8
2,9
2,10
2,11
2,12
2,13
2,14
2,15
2,16
2,17
2,18
2,19
2,20
2,21
2,22
2,23
2,24
2,25
2,26
2,27
2,28
2,29
2,30
2,31
2,32
2,33
2,34
2,35
2,36
2,37
2,38
2,39
2,40
2,41
2,42
2,43
2,44
2,45
2,46
2,47
2,48
2,49
2,50
2,51
2,52
2,53
2,54
2,55
2,56
2,57
2,58
2,59
2,60
2,61
2,62
2,63
2,64
2,65
2,66
2,67
2,68
2,69
3,4
3,5
3,6
3,7
3,8
3,9
3,10
3,11
3,12
3,13
3,14
3,15
3,16
3,17
3,18
3,19
3,20
3,21
3,22
3,23
3,24
3,25
3,26
3,27
3,28
3,29
3,30
3,31
3,32
3,33
3,34
3,35
3,36
3,37
3,38
3,39
3,40
3,41
3,42
3,43
3,44
3,45
3,46
3,47
3,48
3,49
3,50
3,51
3,52
3,53
3,54
3,55
3,56
3,57
3,58
3,59
3,60
3,61
3,62
3,63
3,64
3,65
3,66
3,67
3,68
3,69
3,73
3,75
3,78
3,90
3,92
3,94
3,95
3,98
3,99
3,100
3,101
3,104
3,111
3,116
3,123
3,126
3,127
3,128
3,129
3,130
3,131
3,138
3,139
3,141
3,142
3,144
3,145
3,148
3,151
3,155
3,157
3,158
3,160
3,161
3,162
3,164
3,170
3,173
3,174
3,175
3,184
3,185
3,186
3,187
3,191
3,194
3,195
3,196
4,5
4,6
4,7
4,8
4,9
4,10
4,11
4,12
4,13
4,14
4,15
4,16
4,17
4,18
4,19
4,20
4,21
4,22
4,23
4,24
4,25
4,26
4,27
4,28
4,29
4,30
4,31
4,32
4,33
4,34
4,35
4,36
4,37
4,38
4,39
4,40
4,41
4,42
4,43
4,44
4,45
4,46
4,47
4,48
4,49
4,50
4,51
4,52
4,53
4,54
4,55
4,56
4,57
4,58
4,59
4,60
4,61
4,62
4,63
4,64
4,65
4,66
4,67
4,68
4,69
4,102
4,103
4,104
4,105
4,126
4,144
4,145
4,146
4,149
4,152
4,155
4,166
4,168
4,171
4,172
4,173
4,175
4,176
4,180
5,6
5,7
5,8
5,9
5,10
5,11
5,12
5,13
5,14
5,15
5,16
5,17
5,18
5,19
5,20
5,21
5,22
5,23
5,24
5,25
5,26
5,27
5,28
5,29
5,30
5,31
5,32
5,33
5,34
5,35
5,36
5,37
5,38
5,39
5,40
5,41
5,42
5,43
5,44
5,45
5,46
5,47
5,48
5,49
5,50
5,51
5,52
5,53
5,54
5,55
5,56
5,57
5,58
5,59
5,60
5,61
5,62
5,63
5,64
5,65
5,66
5,67
5,68
5,69
6,7
6,8
6,9
6,10
6,11
6,12
6,13
6,14
6,15
6,16
6,17
6,18
6,19
6,20
6,21
6,22
6,23
6,24
6,25
6,26
6,27
6,28
6,29
6,30
6,31
6,32
6,33
6,34
6,35
6,36
6,37
6,38
6,39
6,40
6,41
6,42
6,43
6,44
6,45
6,46
6,47
6,48
6,49
6,50
6,51
6,52
6,53
6,54
6,55
6,56
6,57
6,58
6,59
6,60
6,61
6,62
6,63
6,64
6,65
6,66
6,67
6,68
6,69
7,8
7,9
7,10
7,11
7,12
7,13
7,14
7,15
7,16
7,17
7,18
7,19
7,20
7,21
7,22
7,23
7,24
7,25
7,26
7,27
7,28
7,29
7,30
7,31
7,32
7,33
7,34
7,35
7,36
7,37
7,38
7,39
7,40
7,41
7,42
7,43
7,44
7,45
7,46
7,47
7,48
7,49
7,50
7,51
7,52
7,53
7,54
7,55
7,56
7,57
7,58
7,59
7,60
7,61
7,62
7,63
7,64
7,65
7,66
7,67
7,68
7,69
7,73
7,75
7,78
7,90
7,92
7,94
7,95
7,98
7,99
7,100
7,101
7,104
7,111
7,116
7,123
7,126
7,127
7,128
7,129
7,130
7,131
7,138
7,139
7,141
7,142
7,144
7,145
7,148
7,151
7,155
7,157
7,158
7,160
7,161
7,162
7,164
7,170
7,173
7,174
7,175
7,184
7,185
7,186
7,187
7,191
7,194
7,195
7,196
8,9
8,10
8,11
8,12
8,13
8,14
8,15
8,16
8,17
8,18
8,19
8,20
8,21
8,22
8,23
8,24
8,25
8,26
8,27
8,28
8,29
8,30
8,31
8,32
8,33
8,34
8,35
8,36
8,37
8,38
8,39
8,40
8,41
8,42
8,43
8,44
8,45
8,46
8,47
8,48
8,49
8,50
8,51
8,52
8,53
8,54
8,55
8,56
8,57
8,58
8,59
8,60
8,61
8,62
8,63
8,64
8,65
8,66
8,67
8,68
8,69
8,73
8,75
8,78
8,90
8,92
8,94
8,95
8,98
8,99
8,100
8,101
8,104
8,111
8,116
8,123
8,126
8,127
8,128
8,129
8,130
8,131
8,138
8,139
8,141
8,142
8,144
8,145
8,148
8,151
8,155
8,157
8,158
8,160
8,161
8,162
8,164
8,170
8,173
8,174
8,175
8,184
8,185
8,186
8,187
8,191
8,194
8,195
8,196
9,10
9,11
9,12
9,13
9,14
9,15
9,16
9,17
9,18
9,19
9,20
9,21
9,22
9,23
9,24
9,25
9,26
9,27
9,28
9,29
9,30
9,31
9,32
9,33
9,34
9,35
9,36
9,37
9,38
9,39
9,40
9,41
9,42
9,43
9,44
9,45
9,46
9,47
9,48
9,49
9,50
9,51
9,52
9,53
9,54
9,55
9,56
9,57
9,58
9,59
9,60
9,61
9,62
9,63
9,64
9,65
9,66
9,67
9,68
9,69
9,73
9,75
9,78
9,90
9,92
9,94
9,95
9,98
9,99
9,100
9,101
9,104
9,111
9,116
9,123
9,126
9,127
9,128
9,129
9,130
9,131
9,138
9,139
9,141
9,142
9,144
9,145
9,148
9,151
9,155
9,157
9,158
9,160
9,161
9,162
9,164
9,170
9,173
9,174
9,175
9,184
9,185
9,186
9,187
9,191
9,194
9,195
9,196
10,11
10,12
10,13
10,14
10,15
10,16
10,17
10,18
10,19
10,20
10,21
10,22
10,23
10,24
10,25
10,26
10,27
10,28
10,29
10,30
10,31
10,32
10,33
10,34
10,35
10,36
10,37
10,38
10,39
10,40
10,41
10,42
10,43
10,44
10,45
10,46
10,47
10,48
10,49
10,50
10,51
10,52
10,53
10,54
10,55
10,56
10,57
10,58
10,59
10,60
10,61
10,62
10,63
10,64
10,65
10,66
10,67
10,68
10,69
10,87
10,96
10,97
10,100
10,101
10,103
10,104
10,107
10,110
10,113
11,12
11,13
11,14
11,15
11,16
11,17
11,18
11,19
11,20
11,21
11,22
11,23
11,24
11,25
11,26
11,27
11,28
11,29
11,30
11,31
11,32
11,33
11,34
11,35
11,36
11,37
11,38
11,39
11,40
11,41
11,42
11,43
11,44
11,45
11,46
11,47
11,48
11,49
11,50
11,51
11,52
11,53
11,54
11,55
11,56
11,57
11,58
11,59
11,60
11,61
11,62
11,63
11,64
11,65
11,66
11,67
11,68
11,69
12,13
12,14
12,15
12,16
12,17
12,18
12,19
12,20
12,21
12,22
12,23
12,24
12,25
12,26
12,27
12,28
12,29
12,30
12,31
12,32
12,33
12,34
12,35
12,36
12,37
12,38
12,39
12,40
12,41
12,42
12,43
12,44
12,45
12,46
12,47
12,48
12,49
12,50
12,51
12,52
12,53
12,54
12,55
12,56
12,57
12,58
12,59
12,60
12,61
12,62
12,63
12,64
12,65
12,66
12,67
12,68
12,69
12,98
12,100
13,14
13,15
13,16
13,17
13,18
13,19
13,20
13,21
13,22
13,23
13,24
13,25
13,26
13,27
13,28
13,29
13,30
13,31
13,32
13,33
13,34
13,35
13,36
13,37
13,38
13,39
13,40
13,41
13,42
13,43
13,44
13,45
13,46
13,47
13,48
13,49
13,50
13,51
13,52
13,53
13,54
13,55
13,56
13,57
13,58
13,59
13,60
13,61
13,62
13,63
13,64
13,65
13,66
13,67
13,68
13,69
13,86
13,87
13,89
13,91
13,96
13,100
13,101
13,103
13,104
13,105
13,107
13,110
13,113
13,117
13,119
13,124
13,136
13,146
13,148
13,158
13,160
13,162
13,163
13,164
13,166
13,168
13,170
13,171
13,172
13,173
13,175
13,181
13,183
13,190
14,15
14,16
14,17
14,18
14,19
14,20
14,21
14,22
14,23
14,24
14,25
14,26
14,27
14,28
14,29
14,30
14,31
14,32
14,33
14,34
14,35
14,36
14,37
14,38
14,39
14,40
14,41
14,42
14,43
14,44
14,45
14,46
14,47
14,48
14,49
14,50
14,51
14,52
14,53
14,54
14,55
14,56
14,57
14,58
14,59
14,60
14,61
14,62
14,63
14,64
14,65
14,66
14,67
14,68
14,69
14,73
14,82
14,85
14,86
14,87
14,100
14,101
14,102
14,103
14,104
14,105
14,107
14,110
14,111
14,113
14,115
14,117
14,118
14,119
14,123
14,124
14,126
14,129
14,135
14,136
14,137
14,143
14,146
14,148
14,152
14,157
14,158
14,159
14,160
14,161
14,162
14,163
14,164
14,166
14,168
14,170
14,171
14,172
14,173
14,175
14,177
14,178
14,180
14,181
14,183
14,185
14,188
14,189
14,190
14,191
14,196
14,198
15,16
15,17
15,18
15,19
15,20
15,21
15,22
15,23
15,24
15,25
15,26
15,27
15,28
15,29
15,30
15,31
15,32
15,33
15,34
15,35
15,36
15,37
15,38
15,39
15,40
15,41
15,42
15,43
15,44
15,45
15,46
15,47
15,48
15,49
15,50
15,51
15,52
15,53
15,54
15,55
15,56
15,57
15,58
15,59
15,60
15,61
15,62
15,63
15,64
15,65
15,66
15,67
15,68
15,69
15,73
15,75
15,78
15,90
15,92
15,94
15,95
15,98
15,99
15,100
15,101
15,104
15,111
15,116
15,123
15,126
15,127
15,128
15,129
15,130
15,131
15,138
15,139
15,141
15,142
15,144
15,145
15,148
15,151
15,155
15,157
15,158
15,160
15,161
15,162
15,164
15,170
15,173
15,174
15,175
15,184
15,185
15,186
15,187
15,191
15,194
15,195
15,196
16,17
16,18
16,19
16,20
16,21
16,22
16,23
16,24
16,25
16,26
16,27
16,28
16,29
16,30
16,31
16,32
16,33
16,34
16,35
16,36
16,37
16,38
16,39
16,40
16,41
16,42
16,43
16,44
16,45
16,46
16,47
16,48
16,49
16,50
16,51
16,52
16,53
16,54
16,55
16,56
16,57
16,58
16,59
16,60
16,61
16,62
16,63
16,64
16,65
16,66
16,67
16,68
16,69
16,86
16,87
16,91
16,93
16,98
16,100
16,102
16,103
16,104
16,105
16,106
16,107
16,111
16,113
16,114
16,115
16,119
16,120
16,123
16,126
16,129
16,132
16,135
16,137
16,139
16,142
16,143
16,144
16,145
16,146
16,147
16,150
16,152
16,154
16,156
16,160
16,161
16,162
16,164
16,166
16,168
16,170
16,171
16,172
16,173
16,176
16,177
16,180
16,181
16,182
16,183
16,184
16,185
16,186
16,187
16,189
16,190
16,195
16,196
16,197
16,198
17,18
17,19
17,20
17,21
17,22
17,23
17,24
17,25
17,26
17,27
17,28
17,29
17,30
17,31
17,32
17,33
17,34
17,35
17,36
17,37
17,38
17,39
17,40
17,41
17,42
17,43
17,44
17,45
17,46
17,47
17,48
17,49
17,50
17,51
17,52
17,53
17,54
17,55
17,56
17,57
17,58
17,59
17,60
17,61
17,62
17,63
17,64
17,65
17,66
17,67
17,68
17,69
18,19
18,20
18,21
18,22
18,23
18,24
18,25
18,26
18,27
18,28
18,29
18,30
18,31
18,32
18,33
18,34
18,35
18,36
18,37
18,38
18,39
18,40
18,41
18,42
18,43
18,44
18,45
18,46
18,47
18,48
18,49
18,50
18,51
18,52
18,53
18,54
18,55
18,56
18,57
18,58
18,59
18,60
18,61
18,62
18,63
18,64
18,65
18,66
18,67
18,68
18,69
19,20
19,21
19,22
19,23
19,24
19,25
19,26
19,27
19,28
19,29
19,30
19,31
19,32
19,33
19,34
19,35
19,36
19,37
19,38
19,39
19,40
19,41
19,42
19,43
19,44
19,45
19,46
19,47
19,48
19,49
19,50
19,51
19,52
19,53
19,54
19,55
19,56
19,57
19,58
19,59
19,60
19,61
19,62
19,63
19,64
19,65
19,66
19,67
19,68
19,69
19,102
19,103
19,104
19,105
19,106
19,107
19,110
19,111
20,21
20,22
20,23
20,24
20,25
20,26
20,27
20,28
20,29
20,30
20,31
20,32
20,33
20,34
20,35
20,36
20,37
20,38
20,39
20,40
20,41
20,42
20,43
20,44
20,45
20,46
20,47
20,48
20,49
20,50
20,51
20,52
20,53
20,54
20,55
20,56
20,57
20,58
20,59
20,60
20,61
20,62
20,63
20,64
20,65
20,66
20,67
20,68
20,69
20,84
20,85
20,86
20,89
20,92
20,93
20,96
21,22
21,23
21,24
21,25
21,26
21,27
21,28
21,29
21,30
21,31
21,32
21,33
21,34
21,35
21,36
21,37
21,38
21,39
21,40
21,41
21,42
21,43
21,44
21,45
21,46
21,47
21,48
21,49
21,50
21,51
21,52
21,53
21,54
21,55
21,56
21,57
21,58
21,59
21,60
21,61
21,62
21,63
21,64
21,65
21,66
21,67
21,68
21,69
21,87
21,89
21,91
21,93
21,96
21,98
21,100
21,101
21,102
21,104
21,105
21,106
21,110
22,23
22,24
22,25
22,26
22,27
22,28
22,29
22,30
22,31
22,32
22,33
22,34
22,35
22,36
22,37
22,38
22,39
22,40
22,41
22,42
22,43
22,44
22,45
22,46
22,47
22,48
22,49
22,50
22,51
22,52
22,53
22,54
22,55
22,56
22,57
22,58
22,59
22,60
22,61
22,62
22,63
22,64
22,65
22,66
22,67
22,68
22,69
22,73
22,75
22,78
22,89
22,90
22,91
22,92
22,94
22,95
22,98
22,99
22,100
22,101
22,104
22,111
22,116
22,123
22,126
22,127
22,128
22,129
22,130
22,131
22,138
22,139
22,141
22,142
22,144
22,145
22,148
22,151
22,155
22,157
22,158
22,160
22,161
22,162
22,164
22,170
22,173
22,174
22,175
22,184
22,185
22,186
22,187
22,191
22,194
22,195
22,196
23,24
23,25
23,26
23,27
23,28
23,29
23,30
23,31
23,32
23,33
23,34
23,35
23,36
23,37
23,38
23,39
23,40
23,41
23,42
23,43
23,44
23,45
23,46
23,47
23,48
23,49
23,50
23,51
23,52
23,53
23,54
23,55
23,56
23,57
23,58
23,59
23,60
23,61
23,62
23,63
23,64
23,65
23,66
23,67
23,68
23,69
23,88
23,91
23,92
23,97
23,98
23,101
23,102
23,103
23,104
23,105
23,106
23,107
23,108
23,109
23,111
23,112
24,25
24,26
24,27
24,28
24,29
24,30
24,31
24,32
24,33
24,34
24,35
24,36
24,37
24,38
24,39
24,40
24,41
24,42
24,43
24,44
24,45
24,46
24,47
24,48
24,49
24,50
24,51
24,52
24,53
24,54
24,55
24,56
24,57
24,58
24,59
24,60
24,61
24,62
24,63
24,64
24,65
24,66
24,67
24,68
24,69
24,80
24,81
24,82
24,84
24,86
24,87
24,88
24,89
24,90
24,92
24,93
24,96
24,97
24,98
24,100
24,101
24,102
24,104
24,105
24,106
24,107
24,108
24,109
24,111
24,112
24,113
24,114
24,120
24,123
24,126
24,129
24,132
24,134
24,138
24,139
24,146
24,148
24,152
24,154
24,156
24,158
24,160
24,161
24,162
24,163
24,165
24,166
24,172
24,178
24,181
24,183
24,185
24,189
24,190
24,192
24,193
24,196
24,198
25,26
25,27
25,28
25,29
25,30
25,31
25,32
25,33
25,34
25,35
25,36
25,37
25,38
25,39
25,40
25,41
25,42
25,43
25,44
25,45
25,46
25,47
25,48
25,49
25,50
25,51
25,52
25,53
25,54
25,55
25,56
25,57
25,58
25,59
25,60
25,61
25,62
25,63
25,64
25,65
25,66
25,67
25,68
25,69
25,73
25,75
25,78
25,90
25,92
25,94
25,95
25,98
25,99
25,100
25,101
25,104
25,111
25,116
25,123
25,126
25,127
25,128
25,129
25,130
25,131
25,138
25,139
25,141
25,142
25,144
25,145
25,148
25,151
25,155
25,157
25,158
25,160
25,161
25,162
25,164
25,170
25,173
25,174
25,175
25,184
25,185
25,186
25,187
25,191
25,194
25,195
25,196
26,27
26,28
26,29
26,30
26,31
26,32
26,33
26,34
26,35
26,36
26,37
26,38
26,39
26,40
26,41
26,42
26,43
26,44
26,45
26,46
26,47
26,48
26,49
26,50
26,51
26,52
26,53
26,54
26,55
26,56
26,57
26,58
26,59
26,60
26,61
26,62
26,63
26,64
26,65
26,66
26,67
26,68
26,69
27,28
27,29
27,30
27,31
27,32
27,33
27,34
27,35
27,36
27,37
27,38
27,39
27,40
27,41
27,42
27,43
27,44
27,45
27,46
27,47
27,48
27,49
27,50
27,51
27,52
27,53
27,54
27,55
27,56
27,57
27,58
27,59
27,60
27,61
27,62
27,63
27,64
27,65
27,66
27,67
27,68
27,69
27,73
27,75
27,78
27,90
27,92
27,94
27,95
27,98
27,99
27,100
27,101
27,104
27,111
27,116
27,123
27,126
27,127
27,128
27,129
27,130
27,131
27,138
27,139
27,141
27,142
27,144
27,145
27,148
27,151
27,155
27,157
27,158
27,160
27,161
27,162
27,164
27,170
27,173
27,174
27,175
27,184
27,185
27,186
27,187
27,191
27,194
27,195
27,196
28,29
28,30
28,31
28,32
28,33
28,34
28,35
28,36
28,37
28,38
28,39
28,40
28,41
28,42
28,43
28,44
28,45
28,46
28,47
28,48
28,49
28,50
28,51
28,52
28,53
28,54
28,55
28,56
28,57
28,58
28,59
28,60
28,61
28,62
28,63
28,64
28,65
28,66
28,67
28,68
28,69
28,73
28,75
28,78
28,90
28,92
28,94
28,95
28,97
28,98
28,99
28,100
28,101
28,102
28,103
28,104
28,106
28,107
28,108
28,109
28,111
28,116
28,118
28,119
28,122
28,123
28,124
28,126
28,127
28,128
28,129
28,130
28,131
28,132
28,134
28,135
28,136
28,137
28,138
28,139
28,141
28,142
28,144
28,145
28,148
28,151
28,155
28,157
28,158
28,160
28,161
28,162
28,164
28,170
28,173
28,174
28,175
28,184
28,185
28,186
28,187
28,191
28,194
28,195
28,196
29,30
29,31
29,32
29,33
29,34
29,35
29,36
29,37
29,38
29,39
29,40
29,41
29,42
29,43
29,44
29,45
29,46
29,47
29,48
29,49
29,50
29,51
29,52
29,53
29,54
29,55
29,56
29,57
29,58
29,59
29,60
29,61
29,62
29,63
29,64
29,65
29,66
29,67
29,68
29,69
29,73
29,75
29,78
29,90
29,92
29,94
29,95
29,98
29,99
29,100
29,101
29,104
29,111
29,116
29,123
29,126
29,127
29,128
29,129
29,130
29,131
29,138
29,139
29,141
29,142
29,144
29,145
29,148
29,151
29,155
29,157
29,158
29,160
29,161
29,162
29,164
29,170
29,173
29,174
29,175
29,184
29,185
29,186
29,187
29,191
29,194
29,195
29,196
30,31
30,32
30,33
30,34
30,35
30,36
30,37
30,38
30,39
30,40
30,41
30,42
30,43
30,44
30,45
30,46
30,47
30,48
30,49
30,50
30,51
30,52
30,53
30,54
30,55
30,56
30,57
30,58
30,59
30,60
30,61
30,62
30,63
30,64
30,65
30,66
30,67
30,68
30,69
30,73
30,75
30,78
30,89
30,90
30,92
30,93
30,94
30,95
30,98
30,99
30,100
30,101
30,103
30,104
30,105
30,106
30,107
30,108
30,109
30,110
30,111
30,112
30,113
30,114
30,115
30,116
30,118
30,119
30,120
30,123
30,126
30,127
30,128
30,129
30,130
30,131
30,138
30,139
30,141
30,142
30,144
30,145
30,148
30,151
30,155
30,157
30,158
30,160
30,161
30,162
30,164
30,170
30,173
30,174
30,175
30,184
30,185
30,186
30,187
30,191
30,194
30,195
30,196
31,32
31,33
31,34
31,35
31,36
31,37
31,38
31,39
31,40
31,41
31,42
31,43
31,44
31,45
31,46
31,47
31,48
31,49
31,50
31,51
31,52
31,53
31,54
31,55
31,56
31,57
31,58
31,59
31,60
31,61
31,62
31,63
31,64
31,65
31,66
31,67
31,68
31,69
31,81
31,83
31,84
31,85
31,86
31,91
31,92
31,93
31,97
31,98
31,99
31,103
31,104
31,105
31,106
31,107
31,108
31,109
31,111
31,112
31,113
31,114
31,115
31,118
31,119
31,120
31,123
31,124
31,132
31,134
31,135
31,136
31,137
31,138
31,139
31,141
32,33
32,34
32,35
32,36
32,37
32,38
32,39
32,40
32,41
32,42
32,43
32,44
32,45
32,46
32,47
32,48
32,49
32,50
32,51
32,52
32,53
32,54
32,55
32,56
32,57
32,58
32,59
32,60
32,61
32,62
32,63
32,64
32,65
32,66
32,67
32,68
32,69
32,82
32,83
32,84
32,85
32,86
32,87
32,88
32,89
32,90
32,91
33,34
33,35
33,36
33,37
33,38
33,39
33,40
33,41
33,42
33,43
33,44
33,45
33,46
33,47
33,48
33,49
33,50
33,51
33,52
33,53
33,54
33,55
33,56
33,57
33,58
33,59
33,60
33,61
33,62
33,63
33,64
33,65
33,66
33,67
33,68
33,69
33,84
33,85
33,87
33,88
33,89
33,90
33,91
33,93
33,96
33,97
33,98
33,99
33,101
33,102
33,103
33,105
34,35
34,36
34,37
34,38
34,39
34,40
34,41
34,42
34,43
34,44
34,45
34,46
34,47
34,48
34,49
34,50
34,51
34,52
34,53
34,54
34,55
34,56
34,57
34,58
34,59
34,60
34,61
34,62
34,63
34,64
34,65
34,66
34,67
34,68
34,69
35,36
35,37
35,38
35,39
35,40
35,41
35,42
35,43
35,44
35,45
35,46
35,47
35,48
35,49
35,50
35,51
35,52
35,53
35,54
35,55
35,56
35,57
35,58
35,59
35,60
35,61
35,62
35,63
35,64
35,65
35,66
35,67
35,68
35,69
35,73
35,75
35,78
35,88
35,89
35,90
35,91
35,92
35,93
35,94
35,95
35,97
35,98
35,99
35,100
35,101
35,103
35,104
35,105
35,107
35,108
35,111
35,113
35,114
35,115
35,116
35,120
35,123
35,126
35,127
35,128
35,129
35,130
35,131
35,138
35,139
35,141
35,142
35,144
35,145
35,148
35,151
35,154
35,155
35,157
35,158
35,160
35,161
35,162
35,164
35,170
35,173
35,174
35,175
35,184
35,185
35,186
35,187
35,191
35,194
35,195
35,196
36,37
36,38
36,39
36,40
36,41
36,42
36,43
36,44
36,45
36,46
36,47
36,48
36,49
36,50
36,51
36,52
36,53
36,54
36,55
36,56
36,57
36,58
36,59
36,60
36,61
36,62
36,63
36,64
36,65
36,66
36,67
36,68
36,69
36,80
36,81
36,82
36,83
36,84
36,85
36,89
36,90
36,91
36,92
36,93
36,94
36,95
36,96
36,97
36,98
36,99
36,100
36,101
36,102
36,103
36,104
36,105
36,106
36,107
36,108
36,109
36,114
36,115
36,117
36,118
36,119
36,120
36,123
36,125
36,126
36,129
36,132
36,133
36,134
36,135
36,137
36,138
36,139
36,140
36,141
36,143
36,146
36,152
36,154
36,158
36,161
36,163
36,165
36,166
36,167
36,169
36,172
36,175
36,176
36,180
36,181
36,188
36,189
36,193
36,196
37,38
37,39
37,40
37,41
37,42
37,43
37,44
37,45
37,46
37,47
37,48
37,49
37,50
37,51
37,52
37,53
37,54
37,55
37,56
37,57
37,58
37,59
37,60
37,61
37,62
37,63
37,64
37,65
37,66
37,67
37,68
37,69
38,39
38,40
38,41
38,42
38,43
38,44
38,45
38,46
38,47
38,48
38,49
38,50
38,51
38,52
38,53
38,54
38,55
38,56
38,57
38,58
38,59
38,60
38,61
38,62
38,63
38,64
38,65
38,66
38,67
38,68
38,69
39,40
39,41
39,42
39,43
39,44
39,45
39,46
39,47
39,48
39,49
39,50
39,51
39,52
39,53
39,54
39,55
39,56
39,57
39,58
39,59
39,60
39,61
39,62
39,63
39,64
39,65
39,66
39,67
39,68
39,69
39,102
39,103
39,104
39,105
39,106
39,109
39,111
39,112
39,113
39,114
39,115
39,118
39,119
39,120
39,122
39,129
39,130
39,132
39,139
39,140
39,143
39,144
39,147
39,152
39,154
39,156
39,162
40,41
40,42
40,43
40,44
40,45
40,46
40,47
40,48
40,49
40,50
40,51
40,52
40,53
40,54
40,55
40,56
40,57
40,58
40,59
40,60
40,61
40,62
40,63
40,64
40,65
40,66
40,67
40,68
40,69
40,80
40,81
40,82
40,83
40,84
40,85
40,86
40,87
40,88
40,91
40,92
40,93
40,94
40,95
40,96
40,97
40,98
40,99
40,100
40,101
40,102
40,103
40,104
40,106
40,107
40,108
40,111
40,113
40,114
40,115
40,117
40,118
40,120
40,121
40,123
40,124
40,125
40,129
40,130
40,132
40,134
40,135
40,136
40,139
40,140
40,141
40,142
40,143
40,144
40,145
40,146
40,147
40,149
40,150
41,42
41,43
41,44
41,45
41,46
41,47
41,48
41,49
41,50
41,51
41,52
41,53
41,54
41,55
41,56
41,57
41,58
41,59
41,60
41,61
41,62
41,63
41,64
41,65
41,66
41,67
41,68
41,69
41,73
41,75
41,78
41,90
41,92
41,93
41,94
41,95
41,96
41,97
41,98
41,99
41,100
41,101
41,102
41,104
41,106
41,107
41,108
41,109
41,110
41,111
41,112
41,114
41,115
41,116
41,117
41,118
41,119
41,120
41,121
41,122
41,123
41,124
41,126
41,127
41,128
41,129
41,130
41,131
41,138
41,139
41,141
41,142
41,144
41,145
41,148
41,151
41,155
41,157
41,158
41,160
41,161
41,162
41,164
41,170
41,173
41,174
41,175
41,184
41,185
41,186
41,187
41,191
41,194
41,195
41,196
42,43
42,44
42,45
42,46
42,47
42,48
42,49
42,50
42,51
42,52
42,53
42,54
42,55
42,56
42,57
42,58
42,59
42,60
42,61
42,62
42,63
42,64
42,65
42,66
42,67
42,68
42,69
43,44
43,45
43,46
43,47
43,48
43,49
43,50
43,51
43,52
43,53
43,54
43,55
43,56
43,57
43,58
43,59
43,60
43,61
43,62
43,63
43,64
43,65
43,66
43,67
43,68
43,69
43,85
43,86
43,87
43,88
43,89
43,91
43,92
43,93
43,94
43,96
43,97
43,100
43,101
43,103
43,104
43,105
43,106
43,107
43,108
43,109
43,110
43,113
43,114
43,115
43,116
43,117
43,118
43,119
43,123
43,124
43,125
43,126
43,129
43,130
43,132
43,134
43,136
43,137
43,138
43,140
43,142
43,143
43,144
43,146
43,147
43,148
43,150
43,152
43,153
43,155
43,156
43,158
43,160
43,161
43,162
43,163
43,165
43,168
43,171
43,172
43,178
43,180
43,181
43,186
43,191
43,195
44,45
44,46
44,47
44,48
44,49
44,50
44,51
44,52
44,53
44,54
44,55
44,56
44,57
44,58
44,59
44,60
44,61
44,62
44,63
44,64
44,65
44,66
44,67
44,68
44,69
44,86
44,87
44,88
44,89
44,90
44,91
44,92
44,93
44,94
44,95
44,96
44,97
44,98
44,100
44,102
44,103
44,104
44,105
44,106
44,107
44,108
44,110
44,112
44,113
44,114
44,115
44,116
44,118
44,119
44,120
44,122
44,123
44,124
44,125
44,128
44,129
44,130
44,131
44,132
44,133
45,46
45,47
45,48
45,49
45,50
45,51
45,52
45,53
45,54
45,55
45,56
45,57
45,58
45,59
45,60
45,61
45,62
45,63
45,64
45,65
45,66
45,67
45,68
45,69
45,85
45,86
45,87
45,88
45,89
45,90
45,92
46,47
46,48
46,49
46,50
46,51
46,52
46,53
46,54
46,55
46,56
46,57
46,58
46,59
46,60
46,61
46,62
46,63
46,64
46,65
46,66
46,67
46,68
46,69
46,73
46,75
46,78
46,90
46,92
46,94
46,95
46,98
46,99
46,100
46,101
46,104
46,111
46,116
46,123
46,126
46,127
46,128
46,129
46,130
46,131
46,138
46,139
46,141
46,142
46,144
46,145
46,148
46,151
46,155
46,157
46,158
46,160
46,161
46,162
46,164
46,170
46,173
46,174
46,175
46,184
46,185
46,186
46,187
46,191
46,194
46,195
46,196
47,48
47,49
47,50
47,51
47,52
47,53
47,54
47,55
47,56
47,57
47,58
47,59
47,60
47,61
47,62
47,63
47,64
47,65
47,66
47,67
47,68
47,69
47,73
47,75
47,78
47,90
47,92
47,94
47,95
47,98
47,99
47,100
47,101
47,104
47,111
47,116
47,123
47,126
47,127
47,128
47,129
47,130
47,131
47,138
47,139
47,141
47,142
47,144
47,145
47,148
47,151
47,155
47,157
47,158
47,160
47,161
47,162
47,164
47,170
47,173
47,174
47,175
47,184
47,185
47,186
47,187
47,191
47,194
47,195
47,196
48,49
48,50
48,51
48,52
48,53
48,54
48,55
48,56
48,57
48,58
48,59
48,60
48,61
48,62
48,63
48,64
48,65
48,66
48,67
48,68
48,69
48,73
48,75
48,78
48,90
48,92
48,94
48,95
48,98
48,99
48,100
48,101
48,104
48,111
48,112
48,113
48,114
48,116
48,117
48,119
48,120
48,121
48,122
48,123
48,124
48,126
48,127
48,128
48,129
48,130
48,131
48,138
48,139
48,141
48,142
48,144
48,145
48,148
48,151
48,155
48,157
48,158
48,160
48,161
48,162
48,164
48,170
48,173
48,174
48,175
48,184
48,185
48,186
48,187
48,191
48,194
48,195
48,196
49,50
49,51
49,52
49,53
49,54
49,55
49,56
49,57
49,58
49,59
49,60
49,61
49,62
49,63
49,64
49,65
49,66
49,67
49,68
49,69
50,51
50,52
50,53
50,54
50,55
50,56
50,57
50,58
50,59
50,60
50,61
50,62
50,63
50,64
50,65
50,66
50,67
50,68
50,69
50,73
50,75
50,78
50,90
50,92
50,94
50,95
50,98
50,99
50,100
50,101
50,104
50,106
50,107
50,109
50,110
50,111
50,112
50,113
50,116
50,117
50,118
50,123
50,126
50,127
50,128
50,129
50,130
50,131
50,138
50,139
50,141
50,142
50,144
50,145
50,148
50,151
50,155
50,157
50,158
50,160
50,161
50,162
50,164
50,170
50,173
50,174
50,175
50,184
50,185
50,186
50,187
50,191
50,194
50,195
50,196
51,52
51,53
51,54
51,55
51,56
51,57
51,58
51,59
51,60
51,61
51,62
51,63
51,64
51,65
51,66
51,67
51,68
51,69
51,85
51,86
51,87
51,88
51,89
51,90
51,95
51,97
51,98
51,99
51,103
51,104
51,105
51,106
51,107
51,108
51,109
51,110
51,112
51,114
51,115
51,116
51,117
51,118
51,119
51,123
51,126
51,131
51,132
51,134
51,136
51,137
51,138
51,140
51,142
51,145
51,148
51,149
51,153
51,156
51,158
52,53
52,54
52,55
52,56
52,57
52,58
52,59
52,60
52,61
52,62
52,63
52,64
52,65
52,66
52,67
52,68
52,69
52,93
52,94
52,95
52,97
52,98
52,99
52,100
52,101
52,103
52,105
52,106
52,107
52,108
52,109
52,110
52,111
52,112
52,113
52,114
52,115
52,117
52,118
52,119
52,121
52,123
52,125
52,126
52,128
52,129
52,130
52,131
52,132
52,133
52,134
52,136
52,137
52,138
52,140
52,142
52,144
52,145
52,147
52,148
52,149
52,151
52,152
52,153
52,157
53,54
53,55
53,56
53,57
53,58
53,59
53,60
53,61
53,62
53,63
53,64
53,65
53,66
53,67
53,68
53,69
53,82
53,83
53,84
53,86
53,87
53,88
53,89
53,90
53,91
53,92
53,93
53,94
53,96
53,97
53,98
53,103
53,104
53,107
53,108
53,109
53,110
53,111
53,112
53,113
53,114
53,117
53,118
53,119
53,121
53,122
53,123
53,124
53,125
53,126
53,128
53,129
53,130
53,131
53,132
54,55
54,56
54,57
54,58
54,59
54,60
54,61
54,62
54,63
54,64
54,65
54,66
54,67
54,68
54,69
54,87
54,88
54,89
54,91
54,92
54,93
54,94
54,95
55,56
55,57
55,58
55,59
55,60
55,61
55,62
55,63
55,64
55,65
55,66
55,67
55,68
55,69
55,80
55,81
55,82
55,83
55,85
55,86
55,87
55,88
55,89
55,90
55,92
55,94
55,96
55,97
55,98
55,99
55,100
55,101
55,103
55,104
55,105
55,107
55,108
56,57
56,58
56,59
56,60
56,61
56,62
56,63
56,64
56,65
56,66
56,67
56,68
56,69
56,77
56,79
56,80
56,81
56,82
56,83
56,84
56,86
56,88
56,89
56,90
56,91
56,92
56,93
56,94
56,95
56,97
56,98
56,99
56,100
56,101
56,102
56,103
56,104
56,106
56,107
56,108
56,109
56,111
56,113
56,114
56,116
56,117
56,119
56,122
56,124
56,125
56,126
56,129
56,130
56,131
56,132
56,135
56,136
56,137
56,141
56,145
56,146
56,147
56,149
56,151
56,155
56,156
56,157
56,158
56,159
56,160
56,163
56,168
56,176
56,178
56,183
56,185
56,195
57,58
57,59
57,60
57,61
57,62
57,63
57,64
57,65
57,66
57,67
57,68
57,69
57,73
57,75
57,78
57,80
57,81
57,82
57,83
57,84
57,85
57,86
57,87
57,88
57,89
57,90
57,91
57,92
57,93
57,94
57,95
57,97
57,98
57,99
57,100
57,101
57,102
57,103
57,104
57,106
57,107
57,108
57,109
57,110
57,111
57,112
57,113
57,114
57,115
57,116
57,117
57,118
57,119
57,121
57,122
57,123
57,124
57,125
57,126
57,127
57,128
57,129
57,130
57,131
57,133
57,134
57,135
57,136
57,137
57,138
57,139
57,141
57,142
57,144
57,145
57,146
57,147
57,148
57,149
57,150
57,151
57,152
57,153
57,155
57,156
57,157
57,158
57,159
57,160
57,161
57,162
57,164
57,166
57,167
57,168
57,170
57,171
57,173
57,174
57,175
57,180
57,181
57,182
57,183
57,184
57,185
57,186
57,187
57,190
57,191
57,193
57,194
57,195
57,196
58,59
58,60
58,61
58,62
58,63
58,64
58,65
58,66
58,67
58,68
58,69
58,73
58,75
58,78
58,87
58,88
58,89
58,90
58,91
58,92
58,93
58,94
58,95
58,96
58,97
58,98
58,99
58,100
58,101
58,104
58,111
58,116
58,123
58,126
58,127
58,128
58,129
58,130
58,131
58,138
58,139
58,141
58,142
58,144
58,145
58,148
58,151
58,155
58,157
58,158
58,160
58,161
58,162
58,164
58,170
58,173
58,174
58,175
58,184
58,185
58,186
58,187
58,191
58,194
58,195
58,196
59,60
59,61
59,62
59,63
59,64
59,65
59,66
59,67
59,68
59,69
59,77
59,79
59,80
59,83
59,84
59,85
59,86
59,87
59,88
59,89
59,90
59,91
59,93
59,97
59,98
59,99
59,100
59,103
59,104
59,105
59,106
59,107
59,108
59,109
59,110
59,111
59,112
59,113
59,115
59,116
59,117
59,118
59,119
59,121
59,122
59,123
59,125
59,126
59,128
59,132
59,133
59,134
59,135
59,137
59,139
59,141
59,142
59,143
59,144
59,146
59,147
59,148
59,149
59,150
59,151
59,152
59,153
59,154
59,155
59,156
59,157
59,158
59,159
59,160
59,163
59,165
59,166
59,167
59,168
59,171
59,172
59,174
59,176
59,177
59,178
59,179
59,180
59,182
59,183
59,185
59,190
59,191
59,193
60,61
60,62
60,63
60,64
60,65
60,66
60,67
60,68
60,69
60,73
60,75
60,78
60,87
60,88
60,89
60,90
60,91
60,92
60,94
60,95
60,96
60,97
60,98
60,99
60,100
60,101
60,104
60,111
60,116
60,123
60,126
60,127
60,128
60,129
60,130
60,131
60,138
60,139
60,141
60,142
60,144
60,145
60,148
60,151
60,155
60,157
60,158
60,160
60,161
60,162
60,164
60,170
60,173
60,174
60,175
60,184
60,185
60,186
60,187
60,191
60,194
60,195
60,196
61,62
61,63
61,64
61,65
61,66
61,67
61,68
61,69
61,84
61,85
61,86
61,87
61,88
61,89
61,90
61,91
61,92
61,93
61,95
61,96
61,98
61,99
61,100
61,101
61,102
61,103
61,104
61,105
61,106
61,108
61,110
61,111
61,112
61,113
61,115
61,116
61,117
61,119
61,120
61,121
61,122
62,63
62,64
62,65
62,66
62,67
62,68
62,69
62,94
62,95
62,96
62,97
62,98
62,99
62,100
62,101
62,102
62,103
62,104
62,105
62,106
62,107
63,64
63,65
63,66
63,67
63,68
63,69
63,79
63,80
63,81
63,82
63,83
63,84
63,85
63,87
63,88
63,89
63,90
63,91
63,93
63,95
63,96
63,98
63,99
63,100
63,101
63,102
63,103
63,104
63,106
63,107
63,108
63,109
63,110
63,111
63,112
63,113
63,114
63,115
63,117
63,118
63,119
63,120
63,121
63,122
63,124
63,125
63,132
63,134
63,135
63,136
63,138
63,139
63,141
63,142
63,144
63,146
63,147
63,148
63,149
63,150
63,151
63,152
63,153
63,154
63,156
63,158
63,159
63,161
63,163
63,165
63,166
63,168
63,172
63,176
63,179
63,180
63,181
63,186
64,65
64,66
64,67
64,68
64,69
64,84
64,85
64,86
64,90
64,91
64,93
64,94
64,95
64,96
64,97
64,98
64,99
64,100
64,101
64,105
64,106
64,107
64,108
64,109
64,110
64,111
64,112
64,113
64,115
64,118
64,119
64,120
65,66
65,67
65,68
65,69
65,77
65,79
65,80
65,81
65,82
65,83
65,84
65,85
65,86
65,87
65,88
65,89
65,90
65,91
65,93
65,94
65,96
65,97
65,98
65,99
65,100
65,101
65,103
65,104
65,105
65,106
65,107
65,108
65,109
65,110
65,113
65,114
65,115
65,117
65,119
65,120
65,121
65,122
65,123
65,124
65,125
65,128
65,129
65,130
65,131
65,132
65,134
65,135
65,137
65,138
65,139
65,141
65,142
65,143
65,145
65,147
65,148
65,149
65,150
65,153
65,154
65,156
65,158
65,161
65,162
65,163
65,166
65,167
65,168
65,171
65,174
65,176
65,177
65,178
65,179
65,180
65,181
65,182
65,184
65,186
65,188
65,191
65,193
65,194
65,195
65,196
65,197
66,67
66,68
66,69
66,80
66,81
66,82
66,84
66,85
66,86
66,87
66,88
66,89
66,90
66,91
66,92
66,93
66,94
66,95
66,96
66,98
66,99
66,100
66,101
66,102
66,103
66,104
66,105
66,106
66,107
66,108
66,109
66,111
66,112
66,113
66,114
66,115
66,116
66,117
66,118
66,119
66,120
66,121
66,122
66,123
66,124
66,125
66,126
66,128
66,129
66,130
66,132
66,133
66,134
66,135
66,136
66,137
66,138
66,140
66,141
66,142
66,146
66,147
66,148
66,149
66,150
66,152
66,154
66,155
66,156
66,157
66,158
66,160
66,161
66,163
66,166
66,167
66,168
66,171
66,174
66,175
66,176
66,177
66,180
66,182
66,184
66,185
66,186
66,187
66,188
66,189
66,190
66,194
66,195
66,196
66,197
66,198
67,68
67,69
68,69
68,73
68,75
68,78
68,90
68,92
68,94
68,95
68,97
68,98
68,99
68,100
68,101
68,102
68,103
68,104
68,105
68,106
68,107
68,108
68,109
68,110
68,111
68,112
68,113
68,114
68,115
68,116
68,117
68,119
68,121
68,122
68,123
68,124
68,125
68,126
68,127
68,128
68,129
68,130
68,131
68,138
68,139
68,140
68,141
68,142
68,143
68,144
68,145
68,148
68,151
68,155
68,157
68,158
68,160
68,161
68,162
68,164
68,170
68,173
68,174
68,175
68,184
68,185
68,186
68,187
68,191
68,194
68,195
68,196
69,73
69,75
69,78
69,85
69,86
69,88
69,89
69,90
69,91
69,92
69,93
69,94
69,95
69,98
69,99
69,100
69,101
69,103
69,104
69,105
69,106
69,107
69,109
69,110
69,111
69,112
69,114
69,115
69,116
69,118
69,121
69,122
69,123
69,124
69,125
69,126
69,127
69,128
69,129
69,130
69,131
69,133
69,135
69,136
69,137
69,138
69,139
69,141
69,142
69,144
69,145
69,148
69,149
69,150
69,151
69,152
69,155
69,157
69,158
69,160
69,161
69,162
69,164
69,166
69,169
69,170
69,171
69,172
69,173
69,174
69,175
69,179
69,180
69,181
69,182
69,183
69,184
69,185
69,186
69,187
69,190
69,191
69,193
69,194
69,195
69,196
70,79
70,80
70,81
70,83
70,85
70,86
70,87
70,88
70,90
70,91
70,92
70,93
70,94
70,95
70,96
70,97
70,98
70,100
70,102
70,103
70,105
71,77
71,78
71,79
71,80
71,81
71,83
71,84
71,85
71,86
71,87
71,88
71,92
71,93
71,94
71,95
71,97
71,98
71,99
71,100
71,103
71,105
71,106
71,107
71,108
71,109
71,111
71,112
71,113
71,114
71,115
71,116
71,118
71,119
71,120
71,121
71,123
71,125
71,126
71,128
71,129
71,130
71,131
71,133
71,134
71,135
71,136
71,137
71,140
71,142
71,147
71,148
71,149
71,151
71,152
71,156
71,158
71,159
71,160
71,161
71,163
71,164
71,165
71,166
71,167
71,169
71,170
71,171
71,172
71,174
71,176
71,178
71,179
71,180
71,181
71,183
71,184
71,186
71,188
71,189
71,190
71,191
71,192
71,193
71,194
71,196
71,198
72,79
72,81
72,83
72,84
72,85
72,86
72,87
73,75
73,77
73,78
73,79
73,83
73,84
73,85
73,86
73,87
73,88
73,89
73,90
73,91
73,92
73,93
73,94
73,95
73,97
73,98
73,99
73,100
73,101
73,103
73,104
73,105
73,106
73,107
73,108
73,109
73,110
73,111
73,112
73,113
73,114
73,115
73,116
73,118
73,120
73,121
73,123
73,125
73,126
73,127
73,128
73,129
73,130
73,131
73,134
73,135
73,136
73,137
73,138
73,139
73,141
73,142
73,144
73,145
73,147
73,148
73,149
73,150
73,151
73,152
73,155
73,156
73,157
73,158
73,159
73,160
73,161
73,162
73,163
73,164
73,165
73,168
73,169
73,170
73,173
73,174
73,175
73,177
73,178
73,179
73,180
73,181
73,182
73,183
73,184
73,185
73,186
73,187
73,188
73,190
73,191
73,192
73,193
73,194
73,195
73,196
74,76
74,77
74,79
74,80
74,81
74,83
74,84
74,85
74,86
74,87
74,88
74,89
74,90
74,92
74,93
75,78
75,90
75,92
75,94
75,95
75,98
75,99
75,100
75,101
75,104
75,111
75,116
75,123
75,126
75,127
75,128
75,129
75,130
75,131
75,138
75,139
75,141
75,142
75,144
75,145
75,148
75,151
75,155
75,157
75,158
75,160
75,161
75,162
75,164
75,170
75,173
75,174
75,175
75,184
75,185
75,186
75,187
75,191
75,194
75,195
75,196
76,77
76,79
77,80
77,81
77,82
77,84
77,85
77,89
77,90
77,92
77,93
77,95
77,96
77,98
77,100
77,101
77,102
77,103
77,105
77,107
77,109
77,110
77,113
77,114
77,116
77,117
77,118
77,121
77,122
77,125
77,126
77,128
77,133
77,134
77,135
77,136
77,139
77,140
77,141
77,142
77,143
77,144
77,145
77,147
77,148
77,150
77,152
77,153
77,156
77,158
77,161
77,162
77,163
77,164
77,166
77,167
77,168
77,169
77,170
77,171
78,80
78,81
78,82
78,83
78,85
78,86
78,89
78,90
78,92
78,94
78,95
78,98
78,99
78,100
78,101
78,102
78,104
78,105
78,107
78,108
78,109
78,110
78,111
78,112
78,113
78,115
78,116
78,118
78,119
78,120
78,121
78,122
78,123
78,124
78,125
78,126
78,127
78,128
78,129
78,130
78,131
78,136
78,137
78,138
78,139
78,140
78,141
78,142
78,143
78,144
78,145
78,146
78,147
78,148
78,150
78,151
78,152
78,153
78,155
78,157
78,158
78,160
78,161
78,162
78,164
78,170
78,173
78,174
78,175
78,184
78,185
78,186
78,187
78,191
78,194
78,195
78,196
79,81
79,84
79,85
79,86
79,88
80,82
80,83
80,84
80,85
81,82
81,83
81,84
81,85
81,86
81,87
81,88
81,90
81,91
81,92
81,93
81,95
81,96
81,97
81,99
81,100
81,103
81,105
81,106
81,107
81,108
81,109
81,110
81,111
81,112
81,113
81,114
81,115
81,116
81,117
81,119
81,121
82,83
82,84
82,85
82,86
82,87
82,88
82,89
82,90
82,92
82,93
82,96
82,97
82,99
82,100
82,101
82,102
82,103
82,104
82,105
82,106
82,107
82,109
83,84
83,85
83,87
83,88
83,89
83,91
83,92
83,93
83,94
83,95
83,96
83,97
83,98
83,99
83,100
83,101
83,102
83,103
83,104
83,105
83,106
83,107
83,108
83,109
83,111
83,112
83,113
83,114
83,115
83,116
84,85
84,86
84,87
84,88
84,89
84,90
84,92
84,93
84,94
84,95
84,97
84,98
84,99
84,100
84,101
84,102
84,103
84,104
84,105
84,108
84,110
84,111
84,112
84,113
84,116
84,117
84,118
84,119
84,121
84,124
84,125
84,127
84,128
84,134
84,136
84,139
84,140
84,142
84,143
84,147
84,148
84,149
84,154
84,157
84,158
84,159
84,161
84,162
84,163
84,165
84,166
84,168
84,169
84,172
84,177
84,178
84,180
84,182
84,183
84,185
84,187
84,188
84,190
84,191
84,192
84,193
84,194
84,195
84,196
85,86
85,87
85,88
85,89
85,92
85,93
85,94
85,95
85,97
85,98
85,99
85,100
85,101
85,102
85,103
85,104
85,105
85,106
85,107
85,108
85,109
85,110
85,111
85,113
85,114
85,115
85,116
85,118
85,119
85,120
85,121
85,122
85,123
85,125
85,127
85,128
85,130
85,131
85,132
85,133
85,134
85,136
85,138
85,140
85,141
85,142
85,143
85,144
85,147
85,148
85,149
85,150
85,151
85,153
85,156
85,158
85,160
85,161
85,162
85,163
85,164
85,166
85,167
85,168
85,169
85,170
85,172
85,175
85,177
85,178
85,179
85,180
85,181
85,182
85,183
85,184
85,185
85,186
85,187
85,188
85,189
85,190
85,192
85,193
85,194
85,195
85,196
85,199
86,87
86,88
86,89
86,90
86,91
86,92
86,93
86,94
86,95
86,96
86,97
86,98
86,99
86,100
86,101
86,102
86,103
86,104
86,105
86,106
86,107
86,108
86,109
86,110
86,111
86,112
86,113
86,114
86,115
86,116
86,118
86,119
86,120
86,121
86,122
86,124
86,125
86,126
86,127
86,128
86,129
86,130
86,131
86,133
86,134
86,135
86,136
86,138
86,139
86,140
87,88
87,89
87,90
87,92
87,93
87,94
87,95
87,96
87,97
87,98
87,99
87,100
87,101
87,102
87,103
87,104
87,106
87,107
87,108
87,109
87,111
87,113
87,114
87,115
87,116
87,117
87,118
87,119
87,121
87,123
87,124
87,125
87,127
87,128
87,129
87,130
87,131
87,132
87,133
87,136
87,137
87,138
87,140
87,141
87,142
87,144
87,145
87,146
87,147
87,148
87,149
87,150
87,151
87,153
87,155
87,156
87,157
87,158
87,159
87,162
87,163
87,164
87,165
87,166
87,167
87,168
87,169
87,170
87,171
87,172
87,177
87,178
87,179
87,180
87,181
87,182
87,183
87,184
87,185
87,186
87,188
87,189
87,190
87,191
87,192
87,193
87,195
87,198
87,199
88,89
88,90
88,91
88,92
88,94
88,95
88,96
88,97
89,90
89,91
89,92
89,93
89,95
89,96
89,97
89,98
89,99
89,100
89,103
89,107
89,108
89,109
89,110
89,111
89,112
89,113
89,114
89,115
89,116
89,117
89,118
89,120
89,121
89,122
89,123
89,125
89,126
89,127
89,128
89,129
89,130
89,131
89,132
89,133
89,134
89,136
89,137
89,138
89,139
89,140
89,141
89,142
89,143
89,145
90,91
90,92
90,93
90,94
90,95
90,96
90,98
90,99
90,100
90,101
90,104
90,105
90,106
90,107
90,108
90,109
90,110
90,111
90,112
90,113
90,114
90,116
90,118
90,119
90,123
90,126
90,127
90,128
90,129
90,130
90,131
90,138
90,139
90,141
90,142
90,144
90,145
90,148
90,151
90,155
90,157
90,158
90,160
90,161
90,162
90,164
90,170
90,173
90,174
90,175
90,184
90,185
90,186
90,187
90,191
90,194
90,195
90,196
91,93
91,94
91,95
91,96
91,97
91,98
91,100
91,102
91,103
91,104
91,105
91,107
91,108
91,109
91,110
91,111
91,112
91,113
91,115
91,116
91,118
91,119
91,120
91,121
91,122
91,123
91,125
91,126
91,127
91,128
91,129
91,130
91,131
91,133
91,136
92,93
92,94
92,95
92,97
92,98
92,99
92,100
92,101
92,103
92,104
92,111
92,116
92,123
92,126
92,127
92,128
92,129
92,130
92,131
92,138
92,139
92,141
92,142
92,144
92,145
92,148
92,151
92,155
92,157
92,158
92,160
92,161
92,162
92,164
92,170
92,173
92,174
92,175
92,184
92,185
92,186
92,187
92,191
92,194
92,195
92,196
93,94
93,95
93,96
93,97
93,100
93,101
93,102
93,103
93,104
93,105
93,107
93,108
93,109
93,110
93,111
93,112
93,113
93,115
93,116
93,119
93,120
93,121
93,122
93,123
93,124
93,125
93,126
93,127
93,128
93,129
93,130
93,131
93,132
93,133
93,136
93,138
93,139
93,140
94,95
94,97
94,98
94,99
94,100
94,101
94,102
94,103
94,104
94,105
94,106
94,107
94,108
94,109
94,111
94,112
94,113
94,114
94,115
94,116
94,117
94,118
94,119
94,120
94,123
94,124
94,126
94,127
94,128
94,129
94,130
94,131
94,135
94,136
94,137
94,138
94,139
94,141
94,142
94,144
94,145
94,148
94,151
94,155
94,157
94,158
94,160
94,161
94,162
94,164
94,170
94,173
94,174
94,175
94,184
94,185
94,186
94,187
94,191
94,194
94,195
94,196
95,97
95,98
95,99
95,100
95,101
95,102
95,103
95,104
95,105
95,106
95,107
95,108
95,109
95,110
95,111
95,113
95,114
95,116
95,117
95,119
95,120
95,121
95,122
95,123
95,124
95,125
95,126
95,127
95,128
95,129
95,130
95,131
95,138
95,139
95,141
95,142
95,144
95,145
95,148
95,151
95,155
95,157
95,158
95,160
95,161
95,162
95,164
95,170
95,173
95,174
95,175
95,184
95,185
95,186
95,187
95,191
95,194
95,195
95,196
96,97
96,98
96,99
96,100
96,102
96,103
96,104
96,106
96,107
96,108
96,109
96,110
96,111
96,112
96,113
96,114
96,115
96,116
96,117
96,118
96,119
96,120
96,121
96,123
96,124
96,125
96,126
96,127
96,128
96,129
96,130
96,131
96,132
96,133
96,135
96,136
96,137
96,138
96,139
96,140
96,141
96,142
96,143
96,144
96,145
96,149
96,150
96,151
96,153
96,154
96,156
96,158
96,159
96,162
96,163
96,167
96,168
96,169
96,170
96,171
96,173
96,174
96,176
96,178
96,179
96,182
96,183
96,184
96,187
96,188
96,192
96,193
96,194
96,195
96,198
96,199
97,99
97,100
97,101
97,102
97,103
97,104
97,105
97,106
97,107
97,108
97,109
97,110
97,111
97,112
97,113
97,114
97,115
97,116
97,117
97,118
97,120
97,121
97,122
97,123
97,124
97,127
97,128
97,129
97,130
97,131
97,135
97,137
97,138
97,139
97,140
97,141
97,142
97,143
97,144
97,145
97,146
97,150
97,151
98,99
98,100
98,101
98,103
98,104
98,106
98,107
98,108
98,110
98,111
98,112
98,113
98,114
98,116
98,118
98,119
98,122
98,123
98,124
98,125
98,126
98,127
98,128
98,129
98,130
98,131
98,135
98,138
98,139
98,141
98,142
98,144
98,145
98,148
98,151
98,155
98,157
98,158
98,160
98,161
98,162
98,164
98,170
98,173
98,174
98,175
98,184
98,185
98,186
98,187
98,191
98,194
98,195
98,196
99,100
99,101
99,102
99,103
99,104
99,105
99,107
99,108
99,109
99,110
99,111
99,112
99,113
99,116
99,123
99,126
99,127
99,128
99,129
99,130
99,131
99,138
99,139
99,141
99,142
99,144
99,145
99,148
99,151
99,155
99,157
99,158
99,160
99,161
99,162
99,164
99,170
99,173
99,174
99,175
99,184
99,185
99,186
99,187
99,191
99,194
99,195
99,196
100,101
100,102
100,103
100,104
100,105
100,106
100,107
100,109
100,110
100,111
100,112
100,113
100,114
100,115
100,116
100,117
100,118
100,119
100,120
100,122
100,123
100,124
100,125
100,126
100,127
100,128
100,129
100,130
100,131
100,132
100,135
100,137
100,138
100,139
100,141
100,142
100,143
100,144
100,145
100,146
100,148
100,149
100,150
100,151
100,152
100,153
100,154
100,155
100,156
100,157
100,158
100,160
100,161
100,162
100,163
100,164
100,166
100,168
100,170
100,172
100,173
100,174
100,175
100,179
100,180
100,182
100,183
100,184
100,185
100,186
100,187
100,188
100,191
100,194
100,195
100,196
100,199
101,103
101,104
101,105
101,106
101,107
101,108
101,109
101,110
101,111
101,112
101,113
101,115
101,116
101,117
101,118
101,122
101,123
101,124
101,125
101,126
101,127
101,128
101,129
101,130
101,131
101,134
101,136
101,137
101,138
101,139
101,140
101,141
101,142
101,143
101,144
101,145
101,146
101,148
101,150
101,151
101,152
101,153
101,154
101,155
101,156
101,157
101,158
101,160
101,161
101,162
101,164
101,170
101,173
101,174
101,175
101,184
101,185
101,186
101,187
101,191
101,194
101,195
101,196
102,104
102,105
102,106
102,107
102,108
102,109
102,110
102,112
102,113
102,114
102,115
102,116
102,117
102,118
102,120
102,121
102,122
102,123
102,124
102,125
102,127
102,128
102,131
102,133
102,134
102,136
102,137
102,138
102,140
102,141
102,142
102,143
102,149
102,150
102,152
102,153
102,156
102,157
102,159
102,162
102,165
102,166
102,174
102,176
102,177
103,105
103,106
103,107
103,108
103,109
103,110
103,111
103,112
103,113
103,114
103,115
103,117
103,118
103,119
103,120
103,121
103,122
103,123
103,124
103,125
103,126
103,128
103,131
103,132
103,133
103,134
103,136
103,137
103,138
103,139
103,140
103,141
103,142
103,143
103,144
103,145
103,148
103,149
103,150
103,151
103,152
103,153
103,156
103,158
103,159
103,160
103,161
103,163
103,165
103,166
103,168
103,169
103,171
103,172
103,174
103,176
103,177
103,178
103,179
103,180
103,182
103,183
103,184
103,188
103,193
103,199
104,105
104,106
104,108
104,109
104,110
104,111
104,113
104,114
104,115
104,116
104,117
104,118
104,120
104,121
104,122
104,123
104,124
104,125
104,126
104,127
104,128
104,129
104,130
104,131
104,132
104,133
104,134
104,135
104,137
104,138
104,139
104,140
104,141
104,142
104,143
104,144
104,145
104,148
104,149
104,150
104,151
104,152
104,153
104,154
104,155
104,156
104,157
104,158
104,160
104,161
104,162
104,163
104,164
104,165
104,168
104,169
104,170
104,172
104,173
104,174
104,175
104,177
104,178
104,179
104,180
104,181
104,182
104,183
104,184
104,185
104,186
104,187
104,188
104,190
104,191
104,193
104,194
104,195
104,196
104,199
105,107
105,108
105,109
105,110
105,111
105,112
105,114
105,115
105,118
105,119
105,120
105,121
105,122
105,124
105,125
105,126
105,127
105,128
105,129
105,130
105,132
105,133
105,134
105,135
105,136
105,137
105,138
105,139
105,140
105,141
105,142
105,144
105,145
105,146
105,147
105,148
105,149
105,150
105,152
105,153
105,154
105,156
105,158
105,159
105,160
105,161
105,162
105,163
105,165
105,167
105,168
105,169
105,172
105,173
105,174
105,175
105,176
105,177
105,178
105,179
105,180
105,181
105,182
105,183
105,185
105,187
105,188
105,189
105,190
105,192
105,193
105,197
105,198
106,107
106,108
106,110
106,111
106,112
106,114
106,116
106,117
106,118
106,119
106,120
106,121
106,122
106,123
106,124
106,125
106,126
106,127
106,128
106,129
106,130
106,131
106,132
106,133
106,134
106,136
106,137
106,138
106,139
106,140
106,141
106,142
106,144
106,146
106,147
106,148
106,149
106,150
106,151
106,152
106,153
106,154
106,156
106,157
106,158
106,159
106,160
106,161
106,162
106,163
107,108
107,110
107,111
107,112
107,114
107,116
107,117
107,118
107,119
107,120
107,121
107,122
107,124
107,125
107,126
107,127
107,128
107,129
107,130
107,131
107,132
107,133
107,134
107,135
107,136
107,138
107,140
107,142
107,143
107,145
107,146
107,152
107,153
107,154
107,155
107,156
107,157
107,159
107,160
107,162
107,163
107,165
107,167
107,168
107,169
107,170
107,172
107,173
107,175
107,176
107,178
107,179
107,180
107,181
107,182
107,183
107,184
107,185
107,187
108,110
108,111
108,112
108,113
108,114
108,115
108,116
108,118
108,119
108,120
108,121
108,122
108,123
108,124
108,125
108,126
108,127
108,128
108,129
108,130
109,110
109,111
109,113
109,114
109,115
109,116
109,117
109,118
109,119
109,120
109,121
109,122
109,123
109,124
109,125
109,126
109,128
109,129
109,130
109,131
109,132
109,133
109,134
109,136
109,138
109,139
109,140
109,141
109,142
109,143
109,145
109,146
109,147
109,148
109,149
109,150
109,151
109,152
109,154
109,155
109,156
109,157
109,158
109,159
109,160
110,111
110,112
110,113
110,114
110,115
110,118
110,120
110,121
110,122
110,124
110,125
110,127
110,129
110,130
110,131
110,132
110,133
110,135
110,136
110,137
110,138
110,139
110,140
110,141
110,142
110,144
110,145
110,146
110,147
110,148
110,149
110,150
110,151
110,152
110,153
110,154
110,155
110,156
110,157
110,158
110,159
110,160
110,161
110,162
110,163
110,164
110,165
110,166
110,167
110,168
110,169
111,112
111,113
111,115
111,116
111,117
111,118
111,119
111,120
111,122
111,123
111,124
111,125
111,126
111,127
111,128
111,129
111,130
111,131
111,132
111,133
111,134
111,135
111,136
111,137
111,138
111,139
111,140
111,141
111,142
111,143
111,144
111,145
111,147
111,148
111,151
111,152
111,153
111,154
111,155
111,156
111,157
111,158
111,159
111,160
111,161
111,162
111,164
111,166
111,167
111,168
111,169
111,170
111,172
111,173
111,174
111,175
111,176
111,177
111,179
111,180
111,181
111,183
111,184
111,185
111,186
111,187
111,191
111,192
111,193
111,194
111,195
111,196
111,198
112,113
112,114
112,115
112,116
112,117
113,115
113,117
113,118
113,119
113,120
113,121
113,122
113,123
113,124
113,125
113,129
113,130
113,132
113,133
113,134
113,135
113,136
113,139
114,117
114,118
114,119
114,120
114,121
114,122
114,123
114,124
114,125
114,127
114,128
114,130
114,131
114,132
114,133
114,134
114,137
114,138
114,139
114,140
114,141
114,143
114,144
114,145
114,146
114,147
114,148
114,149
114,150
114,151
114,152
114,154
114,155
114,156
114,157
114,158
114,160
114,161
114,163
115,117
115,118
115,119
115,120
115,121
115,122
115,123
116,118
116,119
116,120
116,123
116,126
116,127
116,128
116,129
116,130
116,131
116,133
116,134
116,135
116,138
116,139
116,140
116,141
116,142
116,143
116,144
116,145
116,148
116,151
116,155
116,157
116,158
116,160
116,161
116,162
116,164
116,170
116,173
116,174
116,175
116,184
116,185
116,186
116,187
116,191
116,194
116,195
116,196
117,118
117,119
117,120
117,121
117,122
117,123
117,125
117,126
117,127
117,128
117,130
117,131
117,132
117,133
117,134
117,135
117,136
117,137
117,138
117,139
117,141
117,142
117,143
117,145
117,146
117,149
117,150
117,152
117,153
117,154
117,155
117,156
117,157
117,158
117,159
117,160
117,162
117,164
117,165
117,166
117,167
117,169
117,170
117,175
117,176
117,177
117,179
117,180
117,181
117,182
117,184
117,185
117,186
117,188
117,189
117,192
118,119
118,120
118,121
118,122
118,123
118,124
118,125
118,127
118,129
118,130
118,133
118,134
118,135
118,136
118,137
118,139
118,140
118,141
118,143
118,144
118,145
118,146
118,147
118,148
118,149
118,150
118,151
118,152
118,153
118,154
118,155
118,156
118,157
118,158
118,159
118,160
118,161
118,162
118,163
118,165
119,120
119,121
119,122
119,123
119,124
119,125
119,127
119,128
119,129
119,130
119,131
119,132
119,133
119,134
119,136
119,137
119,138
119,139
119,140
119,141
119,142
119,143
119,144
119,145
119,146
119,148
119,149
119,150
119,151
119,153
119,154
119,155
119,156
120,121
120,122
120,123
120,124
120,125
120,126
120,127
121,122
121,123
121,124
121,125
121,127
121,129
121,130
121,131
121,132
121,133
121,134
121,135
121,136
121,137
121,138
121,139
121,140
121,141
121,142
121,143
121,144
121,145
121,146
122,124
122,125
122,126
122,127
122,128
122,129
122,130
122,131
122,132
122,133
122,134
122,135
122,136
122,137
122,140
122,141
122,142
122,143
122,144
122,145
122,146
122,147
122,149
122,150
122,151
122,153
122,154
122,156
122,158
122,160
122,163
122,167
122,169
122,170
122,171
123,125
123,126
123,127
123,128
123,129
123,130
123,131
123,133
123,134
123,136
123,137
123,138
123,139
123,140
123,141
123,142
123,144
123,145
123,146
123,147
123,148
123,149
123,150
123,151
123,153
123,154
123,155
123,157
123,158
123,160
123,161
123,162
123,164
123,170
123,173
123,174
123,175
123,184
123,185
123,186
123,187
123,191
123,194
123,195
123,196
124,125
124,126
124,127
124,130
124,131
124,132
124,133
124,134
124,135
124,137
124,138
124,139
124,140
124,141
124,145
124,147
124,149
124,151
124,154
124,155
124,156
124,158
124,159
124,160
124,161
124,163
124,164
124,166
124,167
124,169
124,170
124,171
124,172
124,173
124,175
124,176
124,178
124,181
124,182
124,183
124,184
124,185
124,186
124,188
124,192
124,193
124,195
125,126
125,127
125,128
125,129
125,131
125,132
125,133
125,135
125,136
125,137
125,138
125,139
125,141
125,143
125,144
125,145
125,146
125,147
125,149
125,150
125,151
125,152
125,153
126,127
126,128
126,129
126,130
126,131
126,133
126,134
126,135
126,136
126,137
126,138
126,139
126,140
126,141
126,142
126,143
126,144
126,145
126,148
126,149
126,150
126,151
126,153
126,154
126,155
126,156
126,157
126,158
126,159
126,160
126,161
126,162
126,163
126,164
126,165
126,166
126,167
126,168
126,169
126,170
126,173
126,174
126,175
126,177
126,178
126,179
126,181
126,182
126,183
126,184
126,185
126,186
126,187
126,191
126,192
126,193
126,194
126,195
126,196
127,128
127,129
127,130
127,131
127,134
127,136
127,137
127,138
127,139
127,141
127,142
127,144
127,145
127,148
127,151
127,155
127,157
127,158
127,160
127,161
127,162
127,164
127,170
127,173
127,174
127,175
127,184
127,185
127,186
127,187
127,191
127,194
127,195
127,196
128,129
128,130
128,131
128,132
128,133
128,134
128,135
128,136
128,137
128,138
128,139
128,141
128,142
128,143
128,144
128,145
128,146
128,147
128,148
128,149
128,151
128,152
128,153
128,155
128,156
128,157
128,158
128,159
128,160
128,161
128,162
128,163
128,164
128,168
128,169
128,170
128,171
128,172
128,173
128,174
128,175
128,184
128,185
128,186
128,187
128,191
128,194
128,195
128,196
129,130
129,131
129,133
129,134
129,135
129,136
129,137
129,138
129,139
129,140
129,141
129,142
129,144
129,145
129,147
129,148
129,149
129,151
129,152
129,153
129,155
129,156
129,157
129,158
129,159
129,160
129,161
129,162
129,163
129,164
129,165
129,166
129,168
129,169
129,170
129,172
129,173
129,174
129,175
129,177
129,178
129,181
129,182
129,183
129,184
129,185
129,186
129,187
129,189
129,191
129,194
129,195
129,196
129,197
129,199
130,131
130,133
130,135
130,136
130,137
130,138
130,139
130,141
130,142
130,144
130,145
130,146
130,147
130,148
130,149
130,150
130,151
130,152
130,155
130,157
130,158
130,160
130,161
130,162
130,164
130,170
130,173
130,174
130,175
130,184
130,185
130,186
130,187
130,191
130,194
130,195
130,196
131,133
131,134
131,135
131,138
131,139
131,141
131,142
131,144
131,145
131,146
131,147
131,148
131,149
131,150
131,151
131,152
131,154
131,155
131,156
131,157
131,158
131,160
131,161
131,162
131,164
131,165
131,166
131,167
131,168
131,169
131,170
131,173
131,174
131,175
131,184
131,185
131,186
131,187
131,191
131,194
131,195
131,196
132,133
132,134
132,135
132,136
132,137
132,140
132,141
132,142
132,143
132,146
132,149
132,150
132,151
132,152
132,153
132,154
132,158
132,160
132,161
132,163
132,165
132,166
132,167
132,168
132,169
132,171
132,173
132,176
132,177
132,179
132,180
132,181
132,182
132,183
133,135
133,138
133,139
133,140
133,141
133,142
133,143
133,144
133,145
133,146
133,147
133,149
133,150
133,151
133,152
133,154
133,156
133,157
133,158
133,159
133,160
133,163
133,164
133,165
133,166
133,168
134,135
134,136
134,137
134,138
134,139
134,140
134,141
134,142
134,143
134,144
134,145
134,146
134,147
134,149
134,150
134,151
134,154
134,155
134,156
134,157
134,158
134,160
134,161
134,162
134,163
134,164
134,165
134,166
134,167
134,168
134,169
134,171
134,172
134,173
134,175
134,176
134,177
134,178
134,179
134,180
134,183
134,184
134,186
134,189
134,190
135,136
135,137
135,138
135,139
135,140
135,145
135,146
135,147
135,148
135,149
135,150
135,152
135,153
135,154
135,155
135,156
135,157
135,158
135,159
135,160
135,161
135,162
135,163
135,165
135,166
135,167
135,168
135,169
135,170
135,171
135,172
135,173
135,174
135,175
135,176
135,177
135,178
135,179
135,180
135,186
135,189
135,190
135,195
135,196
135,197
135,199
136,137
136,138
136,139
136,140
136,141
136,143
136,145
136,147
136,148
136,149
136,150
136,151
136,152
136,153
136,154
136,157
136,158
136,160
136,161
136,162
136,163
136,164
136,165
136,166
136,168
136,169
136,170
136,172
136,173
136,174
136,175
136,177
136,178
136,179
136,180
136,181
136,183
136,184
136,185
136,186
136,187
136,188
136,189
136,190
136,192
136,193
136,194
136,195
136,196
136,197
136,198
136,199
137,138
137,139
137,140
137,141
137,142
137,143
137,144
137,145
137,146
137,147
137,148
137,150
137,152
137,153
137,154
137,155
137,156
137,157
137,158
137,159
137,160
137,161
137,162
137,163
137,165
137,166
137,167
137,168
137,169
137,171
137,172
137,174
138,139
138,140
138,141
138,142
138,143
138,144
138,145
138,146
138,147
138,148
138,150
138,151
138,152
138,153
138,154
138,155
138,156
138,157
138,158
138,159
138,160
138,161
138,162
138,163
138,164
138,165
138,166
138,170
138,173
138,174
138,175
138,184
138,185
138,186
138,187
138,191
138,194
138,195
138,196
139,140
139,141
139,142
139,143
139,144
139,145
139,146
139,147
139,148
139,149
139,150
139,151
139,152
139,154
139,155
139,157
139,158
139,159
139,160
139,161
139,162
139,163
139,164
139,165
139,168
139,169
139,170
139,171
139,172
139,173
139,174
139,175
139,176
139,177
139,178
139,179
139,180
139,181
139,182
139,183
139,184
139,185
139,186
139,187
139,190
139,191
139,192
139,194
139,195
139,196
140,142
140,144
140,145
140,146
140,149
140,150
140,151
140,152
140,156
140,157
140,161
140,162
140,163
140,164
140,167
140,168
140,169
140,171
140,172
140,174
140,175
140,177
140,178
140,179
140,180
140,183
140,185
140,186
140,187
140,188
140,190
140,192
140,193
140,194
140,195
140,196
140,197
140,199
141,142
141,143
141,144
141,145
141,146
141,147
141,148
141,149
141,151
141,155
141,157
141,158
141,160
141,161
141,162
141,164
141,170
141,173
141,174
141,175
141,184
141,185
141,186
141,187
141,191
141,194
141,195
141,196
142,144
142,145
142,146
142,148
142,150
142,151
142,152
142,153
142,154
142,155
142,156
142,157
142,158
142,159
142,160
142,161
142,162
142,164
142,167
142,168
142,169
142,170
142,171
142,172
142,173
142,174
142,175
142,176
142,177
142,178
142,180
142,181
142,183
142,184
142,185
142,186
142,187
142,189
142,190
142,191
142,192
142,193
142,194
142,195
142,196
142,197
142,199
143,145
143,147
143,148
143,152
143,153
143,154
143,155
143,156
143,158
143,160
143,161
143,162
143,163
143,166
143,167
143,168
143,169
143,170
143,171
143,173
143,174
143,175
143,176
143,177
143,178
143,180
143,181
143,182
143,184
143,188
143,189
143,192
143,193
143,194
143,195
143,196
143,198
143,199
144,145
144,146
144,147
144,148
144,149
144,150
144,151
144,152
144,153
144,154
144,155
144,156
144,157
144,158
144,160
144,161
144,162
144,164
144,165
144,167
144,168
144,169
144,170
144,171
144,173
144,174
144,175
144,176
144,177
144,178
144,180
144,181
144,182
144,183
144,184
144,185
144,186
144,187
144,191
144,194
144,195
144,196
144,198
144,199
145,146
145,147
145,148
145,151
145,155
145,157
145,158
145,160
145,161
145,162
145,164
145,170
145,173
145,174
145,175
145,184
145,185
145,186
145,187
145,191
145,194
145,195
145,196
146,147
146,148
146,149
146,150
146,152
146,155
146,156
146,157
146,158
146,159
146,161
146,163
146,164
146,165
146,166
146,167
146,168
146,170
146,172
146,176
146,178
146,179
146,181
146,182
146,183
146,184
146,185
146,189
146,190
146,192
146,193
146,194
146,195
146,196
146,197
146,198
146,199
147,148
147,149
147,151
147,153
147,154
147,155
147,156
147,157
147,158
147,160
147,161
147,162
147,163
147,164
147,165
147,166
147,167
147,168
147,169
147,170
147,171
147,175
147,176
147,177
147,179
147,180
147,181
147,182
147,183
147,184
147,185
147,187
147,188
147,189
147,190
147,192
147,193
147,194
147,195
147,196
147,197
147,198
147,199
148,150
148,151
148,152
148,153
148,155
148,156
148,157
148,158
148,159
148,160
148,161
148,162
148,164
148,168
148,169
148,170
148,171
148,173
148,174
148,175
148,176
148,177
148,178
148,179
148,180
148,181
148,182
148,183
148,184
148,185
148,186
148,187
148,189
148,191
148,192
148,194
148,195
148,196
148,197
148,198
148,199
149,150
149,151
149,152
149,153
149,154
149,155
149,156
149,157
149,158
149,159
149,161
149,162
149,163
149,164
149,166
149,168
149,169
149,170
149,171
149,172
149,173
149,175
149,176
149,177
149,178
149,179
149,180
149,181
149,183
149,184
149,187
149,190
149,191
149,192
149,193
149,195
149,197
149,199
150,151
150,152
150,153
150,154
150,155
150,157
150,158
150,159
150,161
150,162
150,164
150,166
150,167
150,168
150,170
150,171
150,172
150,173
150,174
150,175
150,176
150,177
150,178
150,179
150,181
150,183
150,184
150,185
150,186
151,152
151,153
151,154
151,155
151,156
151,157
151,158
151,159
151,160
151,161
151,162
151,164
151,170
151,173
151,174
151,175
151,184
151,185
151,186
151,187
151,191
151,194
151,195
151,196
152,154
152,155
152,156
152,157
152,158
152,159
152,160
152,162
152,163
152,166
152,167
152,168
152,169
152,170
152,171
152,173
152,176
152,178
152,179
152,180
152,181
152,182
152,183
152,184
152,185
152,186
152,187
152,189
152,190
152,191
152,192
152,193
152,194
152,196
152,198
152,199
153,155
153,156
153,157
153,158
153,159
153,160
153,163
153,164
153,166
153,167
153,168
153,169
153,170
153,171
153,173
153,174
153,175
154,156
154,157
154,158
154,159
154,160
154,161
154,162
154,163
154,164
154,165
154,166
154,167
154,169
154,170
154,171
154,173
154,174
154,175
154,176
154,177
154,178
154,179
154,180
154,181
154,182
154,185
154,186
154,187
154,189
154,191
154,192
154,193
155,156
155,157
155,158
155,159
155,160
155,161
155,162
155,163
155,164
155,165
155,166
155,167
155,168
155,169
155,170
155,171
155,172
155,173
155,174
155,175
155,177
155,178
155,179
155,180
155,181
155,182
155,183
155,184
155,185
155,186
155,187
155,190
155,191
155,193
155,194
155,195
155,196
155,198
155,199
156,157
156,158
156,159
156,160
156,161
156,162
156,163
156,164
156,166
156,167
156,168
156,169
157,158
157,160
157,161
157,162
157,164
157,167
157,168
157,170
157,171
157,173
157,174
157,175
157,178
157,180
157,181
157,182
157,184
157,185
157,186
157,187
157,189
157,190
157,191
157,192
157,193
157,194
157,195
157,196
157,199
158,159
158,160
158,161
158,162
158,163
158,164
158,165
158,167
158,168
158,169
158,170
158,171
158,172
158,173
158,174
158,175
158,176
158,178
158,179
158,180
158,183
158,184
158,185
158,186
158,187
158,188
158,189
158,190
158,191
158,192
158,193
158,194
158,195
158,196
158,199
159,161
159,163
159,164
159,165
159,166
159,167
160,161
160,162
160,163
160,164
160,165
160,166
160,167
160,168
160,169
160,170
160,171
160,172
160,173
160,174
160,175
160,176
160,177
160,178
160,179
160,180
160,181
160,182
160,183
160,184
160,185
160,186
160,187
160,188
160,189
160,190
160,191
160,194
160,195
160,196
160,197
160,199
161,162
161,163
161,164
161,165
161,167
161,168
161,169
161,170
161,171
161,172
161,173
161,174
161,175
161,176
161,177
161,178
161,179
161,184
161,185
161,186
161,187
161,191
161,194
161,195
161,196
162,164
162,165
162,166
162,167
162,169
162,170
162,172
162,173
162,174
162,175
162,176
162,177
162,178
162,179
162,180
162,181
162,183
162,184
162,185
162,186
162,187
162,189
162,190
162,191
162,194
162,195
162,196
162,198
162,199
163,164
163,165
163,166
163,167
163,168
163,169
163,171
163,173
163,175
163,178
163,180
163,181
163,183
163,187
163,188
163,190
163,192
163,193
163,194
163,197
163,198
163,199
164,165
164,166
164,167
164,168
164,169
164,170
164,171
164,172
164,173
164,174
164,175
164,177
164,178
164,180
164,182
164,183
164,184
164,185
164,186
164,187
164,189
164,190
164,191
164,193
164,194
164,195
164,196
164,197
165,166
165,167
165,169
165,170
165,171
165,172
165,173
165,174
165,175
165,176
165,178
165,179
165,181
165,183
166,167
166,168
166,169
166,170
166,171
166,172
166,173
166,174
166,175
166,176
166,177
166,179
166,180
166,181
166,182
166,183
166,185
166,188
167,169
167,170
167,171
167,172
167,174
167,175
167,177
167,178
167,179
167,180
167,181
167,182
167,184
168,169
168,170
168,171
168,172
168,174
168,175
168,177
168,178
168,179
168,180
168,181
168,182
168,183
168,184
168,185
168,186
168,187
168,188
168,189
168,190
168,191
168,192
168,193
168,198
168,199
169,170
169,171
169,172
169,173
169,175
169,176
170,171
170,173
170,174
170,175
170,176
170,177
170,178
170,179
170,180
170,181
170,182
170,184
170,185
170,186
170,187
170,188
170,189
170,190
170,191
170,192
170,193
170,194
170,195
170,196
170,197
170,198
170,199
171,172
171,173
171,174
171,175
171,177
171,179
171,180
171,182
171,183
171,185
171,186
171,187
171,188
171,190
171,191
171,192
171,193
171,195
171,196
171,197
172,173
172,175
172,176
172,177
172,178
172,179
172,180
172,181
172,182
172,183
172,185
172,186
172,188
172,189
172,190
172,191
172,192
172,193
172,194
172,196
172,197
172,198
172,199
173,174
173,175
173,177
173,178
173,179
173,180
173,181
173,182
173,183
173,184
173,185
173,186
173,187
173,188
173,189
173,190
173,191
173,193
173,194
173,195
173,196
173,197
173,198
173,199
174,175
174,178
174,179
174,184
174,185
174,186
174,187
174,191
174,194
174,195
174,196
175,179
175,180
175,181
175,182
175,183
175,184
175,185
175,186
175,187
175,189
175,191
175,193
175,194
175,195
175,196
175,197
175,198
176,180
176,181
176,183
176,185
176,187
176,189
176,190
176,191
176,192
176,193
176,194
176,196
176,197
176,198
176,199
177,178
177,180
177,181
177,182
177,184
177,190
177,192
177,193
177,194
177,195
177,196
177,197
177,198
177,199
178,179
178,181
178,182
178,183
178,184
178,185
178,189
178,191
178,193
178,194
178,195
178,196
178,198
178,199
179,180
179,181
179,182
179,184
179,185
179,187
179,188
179,189
179,190
179,191
179,192
180,181
180,183
180,184
180,185
180,186
180,187
180,188
180,189
180,190
180,191
180,192
180,193
180,194
180,195
180,196
180,197
180,198
181,182
181,183
181,184
181,185
181,186
181,187
181,188
181,189
181,191
181,192
181,193
181,194
181,195
181,196
181,197
181,198
181,199
182,183
182,184
182,185
182,188
182,189
182,190
182,191
182,192
182,193
182,194
182,195
182,196
182,197
182,198
182,199
183,184
183,185
183,186
183,187
183,188
183,189
183,190
183,191
183,192
183,193
183,194
183,195
183,196
183,197
183,199
184,185
184,186
184,187
184,188
184,189
184,190
184,191
184,193
184,194
184,195
184,196
184,197
185,186
185,187
185,188
185,189
185,190
185,191
185,192
185,193
185,194
185,195
185,196
186,187
186,188
186,189
186,190
186,191
186,192
186,193
186,194
186,195
186,196
186,198
187,188
187,191
187,193
187,194
187,195
187,196
187,199
188,189
188,190
188,191
188,192
188,194
188,195
188,197
188,199
189,191
189,192
189,193
189,196
189,197
189,198
189,199
190,192
190,193
190,194
190,195
190,196
190,197
190,198
190,199
191,192
191,193
191,194
191,195
191,196
191,197
191,198
191,199
192,194
192,195
192,196
192,197
192,198
192,199
193,194
193,195
193,196
193,198
193,199
194,195
194,196
195,196
195,199
196,197
196,198
196,199
197,198
197,199
198,199
