0,1
0,2
0,3
0,4
0,5
0,6
0,7
0,8
0,9
0,10
0,11
0,12
1,2
1,3
1,4
1,5
1,6
1,7
1,8
1,9
1,10
1,11
1,12
2,3
2,4
2,5
2,6
2,7
2,8
2,9
2,10
2,11
2,12
2,19
3,4
3,5
3,6
3,7
3,8
3,9
3,10
3,11
4,5
4,6
4,7
4,8
4,9
4,10
4,11
4,12
4,17
4,19
4,20
4,21
4,32
4,37
5,6
5,7
5,8
5,9
5,10
5,11
5,12
5,15
5,16
5,17
5,19
5,20
5,21
5,23
5,25
5,26
5,30
5,32
5,33
5,34
5,35
5,37
5,38
5,40
5,47
5,50
5,82
5,86
5,88
5,89
5,90
6,7
6,8
6,9
6,10
6,11
6,12
6,15
6,16
6,17
6,19
6,20
6,21
7,8
7,9
7,10
7,11
7,12
8,9
8,10
8,11
8,12
8,23
9,10
9,11
9,12
9,14
9,15
9,16
9,17
9,19
9,20
9,21
10,11
10,12
11,12
11,16
11,17
12,14
13,16
14,15
14,16
14,17
15,16
15,17
15,18
15,20
15,21
15,22
15,23
15,25
15,26
15,27
15,31
15,33
15,34
15,35
15,36
15,37
16,17
16,18
16,19
16,20
16,22
16,23
16,25
16,26
16,27
17,18
17,19
17,20
17,21
17,22
17,23
17,24
17,25
17,26
18,19
18,20
19,20
19,21
19,22
19,23
19,24
19,25
19,26
19,27
19,28
19,29
19,30
19,35
19,38
19,47
19,50
19,82
19,86
19,88
19,89
19,90
20,21
20,22
20,23
20,24
20,25
20,27
20,28
20,29
20,32
20,33
20,34
20,35
20,36
20,38
20,39
21,22
21,23
21,24
21,26
21,27
21,28
21,29
21,31
21,32
21,33
21,34
21,35
21,37
21,38
21,39
21,40
21,42
21,43
21,44
21,48
21,53
22,23
22,24
22,25
22,26
22,27
22,28
22,29
22,30
22,31
22,32
22,33
22,34
22,35
22,36
23,24
23,25
23,26
23,27
23,28
23,29
23,30
23,31
23,35
23,38
23,47
23,50
23,82
23,86
23,88
23,89
23,90
24,25
25,26
25,27
25,28
25,29
25,30
25,31
25,32
25,33
25,34
25,35
25,37
25,38
25,39
25,40
25,41
25,42
25,43
26,27
26,28
26,30
26,31
26,32
26,33
28,30
28,31
28,32
28,33
28,35
28,36
28,37
29,30
29,31
29,32
29,33
30,35
30,38
30,47
30,50
30,82
30,86
30,88
30,89
30,90
31,32
32,33
32,34
32,35
32,36
32,37
32,38
32,39
32,40
32,41
32,43
32,44
32,53
32,66
32,68
32,81
32,83
32,85
33,34
33,35
33,36
33,37
33,38
33,39
33,40
35,37
35,38
35,39
35,40
35,41
35,47
35,50
35,82
35,86
35,88
35,89
35,90
36,37
36,38
36,39
36,40
36,41
36,42
36,43
36,44
37,38
37,39
37,40
37,41
37,42
37,43
37,44
37,48
37,54
38,39
38,40
38,41
38,42
38,44
38,45
38,46
38,47
38,48
38,49
38,50
38,51
38,52
38,53
38,54
38,64
38,66
38,67
38,68
38,72
38,82
38,86
38,88
38,89
38,90
39,40
39,41
39,42
39,43
39,45
39,46
39,48
39,49
39,51
39,52
39,53
39,54
39,56
40,41
40,42
40,43
40,44
40,45
40,46
40,48
40,49
40,51
40,52
40,53
40,54
40,55
40,56
40,58
40,60
40,62
41,42
41,43
41,44
41,45
41,46
41,47
41,48
41,49
42,44
42,45
42,46
42,48
42,49
42,51
42,52
42,53
42,54
42,55
42,56
43,44
43,45
43,46
43,47
43,48
43,49
43,50
43,51
43,52
44,45
44,46
45,46
45,47
45,48
46,47
46,48
46,49
46,50
46,51
47,50
47,82
47,86
47,88
47,89
47,90
48,50
49,50
49,51
49,52
49,53
49,54
49,55
50,51
50,52
50,53
50,82
50,86
50,88
50,89
50,90
51,53
51,54
51,55
51,56
51,57
51,58
51,59
51,60
52,53
52,54
52,55
52,56
52,57
52,58
52,59
52,60
52,61
52,64
52,66
52,67
52,70
52,71
52,72
52,73
52,75
52,81
52,83
53,54
53,55
53,56
53,57
53,58
53,59
53,60
53,61
53,62
53,63
53,64
53,66
53,67
53,68
53,69
53,70
53,71
53,72
53,73
53,74
53,75
53,79
54,55
54,56
54,57
54,58
54,59
54,60
54,61
54,62
54,63
54,64
54,65
54,66
54,67
54,69
54,70
54,71
54,72
54,73
55,56
55,58
55,59
55,60
55,61
55,62
55,63
55,64
56,57
56,58
56,59
56,60
56,61
57,59
58,59
58,60
58,61
58,62
58,63
59,60
59,61
59,62
59,63
59,64
59,65
59,66
59,67
59,68
60,61
60,62
60,63
60,64
60,65
60,66
60,67
60,68
60,69
60,70
60,72
60,73
60,79
60,81
60,83
61,62
61,63
61,64
61,65
62,63
62,64
62,65
62,66
62,67
63,64
63,65
63,66
63,67
63,68
63,70
64,65
64,66
65,66
65,67
65,68
65,69
65,70
65,71
65,73
66,67
66,68
66,70
66,71
67,68
67,69
67,70
67,71
67,72
67,73
67,75
67,76
67,78
68,69
68,70
68,71
68,72
68,75
70,71
70,72
70,73
70,74
70,75
70,76
70,77
70,78
71,72
71,73
71,75
71,76
71,77
71,78
71,79
71,83
71,85
71,86
71,87
72,73
72,74
72,75
72,76
72,77
72,78
72,79
72,80
72,81
72,82
72,83
72,84
72,85
72,86
72,87
72,88
73,74
73,75
73,76
73,77
73,78
73,79
73,80
73,81
73,82
73,83
73,85
73,86
73,87
73,88
73,89
73,91
73,93
73,94
74,75
74,76
74,77
75,76
76,77
76,78
76,79
76,80
76,81
76,82
76,83
76,84
76,86
77,78
77,79
77,80
77,81
78,79
78,80
78,81
78,82
79,80
79,81
79,82
79,83
79,84
79,85
79,86
79,87
80,81
80,82
80,83
80,84
80,85
80,86
80,87
80,88
80,93
80,94
80,98
81,82
81,83
81,84
81,86
81,88
81,89
81,91
81,92
81,93
81,94
82,83
82,84
82,85
82,86
82,87
82,88
82,89
82,90
82,91
82,92
82,93
82,94
82,95
82,98
83,84
83,85
83,86
83,87
83,88
83,89
83,90
83,91
83,92
83,93
83,94
83,95
83,97
83,98
84,85
85,86
85,87
86,87
86,88
86,89
86,90
87,88
87,89
87,90
88,89
88,90
88,93
88,94
89,90
89,91
90,91
90,92
90,93
90,94
90,95
90,96
90,97
90,98
90,99
91,92
91,93
91,94
91,95
91,96
91,97
91,99
92,93
92,94
92,95
92,97
92,98
93,94
93,95
93,96
93,97
93,98
93,99
94,95
94,96
95,96
95,97
95,98
95,99
96,98
97,98
97,99
98,99
