0,1
0,2
0,3
0,4
0,5
0,6
0,7
0,8
0,9
0,10
0,11
0,12
0,13
0,14
0,15
0,16
0,17
0,18
0,19
0,20
1,2
1,3
1,4
1,5
1,6
1,7
1,8
1,9
1,10
1,11
1,12
1,13
1,14
1,15
1,16
1,17
1,18
1,19
1,20
2,3
2,4
2,5
2,6
2,7
2,8
2,9
2,10
2,11
2,12
2,13
2,14
2,15
2,16
2,17
2,18
2,19
2,20
2,21
2,22
2,25
2,27
2,32
2,35
2,37
2,45
2,54
2,75
2,79
2,81
2,85
2,86
2,96
3,4
3,5
3,6
3,7
3,8
3,9
3,10
3,11
3,12
3,13
3,14
3,15
3,16
3,17
3,18
3,19
3,20
4,5
4,6
4,7
4,8
4,9
4,10
4,11
4,12
4,13
4,14
4,15
4,16
4,17
4,18
4,19
4,20
4,21
4,22
4,25
4,27
4,32
4,35
4,37
4,45
4,54
4,75
4,79
4,81
4,85
4,86
4,96
5,6
5,7
5,8
5,9
5,10
5,11
5,12
5,13
5,14
5,15
5,16
5,17
5,18
5,19
5,20
5,35
5,36
5,38
5,39
5,41
5,42
5,52
6,7
6,8
6,9
6,10
6,11
6,12
6,13
6,14
6,15
6,16
6,17
6,18
6,19
6,20
6,27
6,30
6,31
6,35
6,36
6,37
6,38
6,39
6,40
6,41
7,8
7,9
7,10
7,11
7,12
7,13
7,14
7,15
7,16
7,17
7,18
7,19
7,20
7,21
7,22
7,25
7,27
7,28
7,30
7,31
7,32
7,35
7,37
7,45
7,54
7,75
7,79
7,81
7,85
7,86
7,96
8,9
8,10
8,11
8,12
8,13
8,14
8,15
8,16
8,17
8,18
8,19
8,20
8,21
8,22
8,23
8,25
8,26
8,27
8,28
8,29
8,30
8,31
8,32
8,34
8,35
8,36
8,37
8,38
8,39
8,40
8,41
8,42
8,47
8,48
8,50
8,52
8,53
8,54
8,60
9,10
9,11
9,12
9,13
9,14
9,15
9,16
9,17
9,18
9,19
10,11
10,12
10,13
10,14
10,15
10,16
10,17
10,18
10,19
10,20
11,12
11,13
11,14
11,15
11,16
11,17
11,18
11,19
11,20
12,13
12,14
12,15
12,16
12,17
12,18
12,19
12,20
12,21
12,22
12,25
12,27
12,30
12,31
12,32
12,33
12,34
12,35
12,37
12,38
12,39
12,40
12,42
12,43
12,45
12,46
12,47
12,49
12,50
12,52
12,53
12,54
12,75
12,79
12,81
12,85
12,86
12,96
13,14
13,15
13,16
13,17
13,18
13,19
13,20
13,24
13,25
13,26
13,27
14,15
14,16
14,17
14,18
14,19
14,20
14,24
14,25
15,16
15,17
15,18
15,19
15,20
15,21
15,22
15,24
15,25
15,26
15,27
15,28
15,29
15,30
15,31
15,32
15,33
15,34
15,35
15,36
15,37
15,45
15,54
15,75
15,79
15,81
15,85
15,86
15,96
16,17
16,18
16,19
16,20
17,18
17,19
17,20
17,29
17,30
17,31
17,33
17,34
17,36
17,37
17,38
17,39
17,40
18,19
18,20
18,23
18,24
18,25
18,26
18,27
18,28
18,29
18,30
18,31
18,32
18,33
18,34
18,35
18,36
18,38
18,39
19,20
19,25
19,26
19,27
19,29
19,30
19,31
19,32
19,33
19,34
19,35
19,36
19,37
19,38
19,39
19,40
19,41
19,43
19,46
19,47
19,48
19,49
19,51
19,52
19,53
19,54
19,55
19,57
19,59
19,65
19,71
19,72
19,74
20,21
20,22
20,25
20,26
20,27
20,29
20,30
20,31
20,32
20,33
20,34
20,35
20,36
20,37
20,38
20,45
20,54
20,75
20,79
20,81
20,85
20,86
20,96
21,22
21,23
21,24
21,25
21,26
21,27
21,28
21,30
21,31
21,32
21,33
21,34
21,35
21,36
21,37
21,38
21,39
21,40
21,41
21,42
21,43
21,45
21,46
21,47
21,48
21,49
21,50
21,51
21,52
21,53
21,54
21,55
21,56
21,57
21,59
21,60
21,65
21,69
21,70
21,71
21,72
21,75
21,77
21,79
21,81
21,82
21,83
21,85
21,86
21,96
22,23
22,24
22,25
22,26
22,27
22,28
22,29
22,30
22,31
22,32
22,33
22,34
22,35
22,36
22,37
22,38
22,39
22,40
22,41
22,42
22,43
22,44
22,45
22,46
22,47
22,48
22,54
22,75
22,79
22,81
22,85
22,86
22,96
23,24
23,25
23,26
23,27
23,28
23,29
23,30
23,31
23,32
23,33
23,34
24,25
24,26
24,27
24,29
24,30
24,31
24,32
24,33
24,34
24,35
24,37
24,38
24,39
24,40
24,41
24,42
24,43
24,44
24,45
24,46
24,47
24,48
24,49
24,50
24,52
24,54
24,55
24,56
25,26
25,27
25,28
25,29
25,30
25,32
25,33
25,35
25,37
25,45
25,54
25,75
25,79
25,81
25,85
25,86
25,96
26,27
26,28
26,29
27,28
27,29
27,30
27,31
27,32
27,35
27,37
27,45
27,54
27,75
27,79
27,81
27,85
27,86
27,96
28,29
28,30
28,31
28,33
28,34
28,35
28,37
28,38
28,39
28,40
28,41
28,43
28,44
28,45
28,46
28,47
29,30
29,32
29,33
29,34
29,35
29,36
29,37
29,38
29,39
29,42
29,43
29,44
29,45
29,46
29,47
29,50
29,52
29,53
29,54
29,55
29,56
29,59
29,60
29,61
29,64
29,68
29,69
29,70
29,71
29,72
31,32
31,33
31,34
31,35
32,33
32,34
32,35
32,36
32,37
32,39
32,40
32,41
32,42
32,43
32,45
32,46
32,48
32,49
32,50
32,51
32,52
32,53
32,54
32,55
32,56
32,59
32,60
32,62
32,63
32,64
32,65
32,66
32,67
32,75
32,79
32,81
32,85
32,86
32,96
33,34
33,35
33,36
34,35
34,36
34,37
34,38
34,39
34,40
34,41
34,42
34,43
34,45
34,46
34,47
34,49
34,50
34,51
34,52
34,53
34,54
34,55
34,56
34,57
34,59
34,60
34,61
34,62
34,64
34,65
34,66
34,68
34,69
34,70
34,71
34,73
35,36
35,37
35,38
35,39
35,40
35,41
35,42
35,43
35,44
35,45
35,46
35,47
35,48
35,49
35,50
35,51
35,52
35,53
35,54
35,55
35,56
35,57
35,59
35,60
35,61
35,62
35,63
35,64
35,65
35,67
35,68
35,69
35,70
35,71
35,73
35,74
35,75
35,77
35,79
35,81
35,85
35,86
35,96
36,37
36,38
36,39
36,40
36,41
36,42
36,43
36,44
36,45
36,46
36,47
36,49
36,50
36,51
36,52
36,53
36,54
36,56
36,57
36,58
36,59
36,60
36,61
36,62
36,64
36,65
36,66
36,67
36,68
36,69
36,72
36,73
36,74
36,75
36,77
37,38
37,39
37,40
37,41
37,42
37,43
37,44
37,45
37,46
37,54
37,75
37,79
37,81
37,85
37,86
37,96
38,41
38,42
38,43
38,44
38,45
38,46
38,47
38,48
38,49
38,50
38,51
38,52
38,53
38,54
38,55
38,56
38,57
38,58
38,59
38,61
38,62
38,63
38,64
38,65
38,66
38,67
38,68
38,69
38,71
38,72
38,73
38,74
38,75
38,78
38,82
38,83
38,86
39,40
39,41
39,42
39,43
39,44
39,45
39,46
39,47
39,48
39,49
39,50
39,51
39,52
39,53
39,54
39,55
39,56
39,57
39,58
39,59
39,60
39,61
39,62
39,63
39,64
39,65
39,66
39,67
39,68
39,69
39,70
39,71
39,72
39,73
40,41
40,42
40,43
40,44
40,45
41,42
41,43
41,44
41,45
41,46
41,47
41,48
41,49
41,50
41,51
41,52
41,53
41,54
41,56
41,57
41,59
41,60
41,61
42,43
42,44
42,45
42,46
42,47
42,48
42,51
42,52
42,53
42,54
42,55
42,56
42,57
42,58
42,59
42,60
42,61
42,62
42,63
42,64
42,65
42,66
42,67
42,68
42,69
42,70
42,71
42,72
42,73
42,74
42,75
42,77
42,78
42,79
42,80
42,82
42,83
42,85
42,86
42,87
42,91
42,92
42,93
42,95
45,46
45,47
45,48
45,53
45,54
45,55
45,56
45,57
45,59
45,61
45,63
45,64
45,65
45,66
45,68
45,69
45,70
45,71
45,72
45,73
45,74
45,75
45,76
45,77
45,78
45,79
45,80
45,81
45,82
45,83
45,85
45,86
45,87
45,96
46,47
46,48
46,49
46,50
46,52
46,53
46,54
46,56
46,57
46,58
47,48
47,49
47,50
47,51
47,52
47,53
47,54
47,55
47,56
47,57
47,58
47,59
47,60
47,61
47,63
47,64
47,65
47,66
47,67
47,68
47,69
47,70
47,71
48,49
49,50
49,51
49,52
49,53
49,56
49,57
49,58
49,59
49,60
49,61
49,62
49,63
49,64
49,65
49,66
49,67
49,68
49,70
54,75
54,79
54,81
54,85
54,86
54,96
55,57
55,58
55,59
55,62
55,63
55,64
56,57
56,58
56,59
57,58
57,59
57,60
57,61
57,62
57,63
57,64
57,65
58,59
58,60
58,61
58,62
59,60
59,61
59,62
59,63
59,65
59,66
59,68
59,69
59,70
59,73
59,74
59,76
59,78
59,79
59,81
59,82
59,83
59,84
59,85
59,87
59,95
59,97
60,61
60,62
60,63
61,62
61,64
61,65
61,66
61,68
61,69
61,70
61,71
61,72
61,73
61,74
61,75
61,76
61,78
61,79
62,64
62,65
63,64
63,65
63,66
63,68
63,69
63,70
63,71
63,72
63,73
63,74
63,75
63,76
63,77
63,78
63,79
63,80
63,81
63,82
63,84
63,85
63,86
64,65
64,66
64,67
64,68
64,69
64,70
64,71
64,72
64,74
64,75
64,76
64,77
64,78
64,79
64,80
64,81
64,82
65,66
65,67
65,68
66,67
66,68
66,69
66,70
66,71
66,72
66,73
66,74
66,76
66,77
66,78
66,79
66,80
67,68
67,69
68,69
68,70
68,71
68,72
68,73
68,74
68,75
68,76
68,77
68,78
68,79
68,80
68,81
68,82
68,83
68,85
68,86
68,87
68,91
69,70
69,72
69,73
69,74
69,75
69,76
69,77
69,78
69,79
69,80
69,82
69,83
69,84
69,85
69,86
69,87
69,88
69,89
70,71
70,72
70,73
70,74
70,75
70,76
70,77
70,78
70,79
70,80
70,81
70,82
70,83
70,84
70,85
70,86
70,87
70,88
70,89
70,91
70,93
70,95
70,96
71,72
71,74
71,75
71,76
71,77
71,78
71,79
71,81
71,82
71,83
71,84
72,74
72,75
72,76
72,77
72,78
72,79
72,80
72,81
72,82
72,83
72,84
72,85
72,86
72,87
72,88
72,89
72,91
72,92
72,93
72,94
72,95
72,96
72,97
72,99
73,74
73,75
73,76
73,77
73,78
73,79
73,80
73,81
73,82
73,83
73,84
73,85
73,86
73,87
73,88
73,89
73,91
73,93
73,95
73,96
73,97
73,98
73,99
74,75
74,76
74,77
74,78
74,79
74,80
74,81
74,82
74,83
74,84
74,85
74,86
74,87
74,89
74,90
74,91
74,92
74,93
74,94
74,95
74,96
74,97
74,98
74,99
75,76
75,77
75,78
75,79
75,81
75,85
75,86
75,96
77,78
77,79
77,80
77,82
77,83
77,84
77,85
77,86
77,87
77,88
77,89
77,90
77,91
77,92
77,93
77,94
77,95
77,96
77,97
77,98
77,99
78,79
78,80
78,82
78,83
78,84
78,85
78,86
78,87
78,89
78,90
78,91
78,92
78,93
78,94
78,96
78,97
78,98
78,99
79,80
79,81
79,82
79,83
79,84
79,85
79,86
79,87
79,88
79,89
79,90
79,91
79,92
79,93
79,94
79,95
79,96
79,97
79,98
80,81
80,82
80,83
80,84
80,85
81,82
81,83
81,84
81,85
81,86
81,87
81,88
81,89
81,90
81,91
81,92
81,93
81,96
82,83
82,84
82,86
82,87
82,88
82,89
82,90
82,91
82,93
82,94
82,95
82,96
82,98
82,99
83,84
83,85
83,86
83,87
83,88
83,89
83,90
84,85
84,86
84,87
84,88
84,89
84,90
84,91
84,93
84,94
84,95
84,96
84,98
84,99
85,86
85,87
85,88
85,89
85,90
85,91
85,92
85,93
85,94
85,95
85,96
85,97
85,98
86,87
86,88
86,89
86,90
86,91
86,92
86,93
86,94
86,95
86,96
86,97
86,98
86,99
87,88
87,89
87,90
87,91
87,92
87,93
87,94
87,95
87,96
88,89
88,90
88,91
88,92
88,93
88,94
89,90
89,91
89,92
89,93
89,94
89,95
89,97
89,98
89,99
90,91
90,92
91,92
91,93
91,94
91,95
91,97
91,98
91,99
92,93
92,94
92,97
92,99
93,94
93,95
93,96
93,98
93,99
94,95
95,96
95,97
95,98
95,99
96,97
96,98
96,99
98,99
