0,1
0,2
0,3
0,4
0,5
0,6
0,7
0,8
0,9
0,10
0,11
0,12
0,13
0,14
0,15
0,16
0,17
0,18
0,19
0,20
0,21
0,22
0,23
0,24
0,25
0,26
0,27
0,28
0,29
0,30
0,31
0,32
0,33
0,34
0,35
0,36
0,37
0,38
0,39
0,40
0,41
0,42
0,43
0,44
0,45
0,48
0,50
0,53
0,55
0,56
0,59
0,61
0,64
0,66
0,67
0,68
0,70
0,71
0,74
0,75
0,81
0,82
0,83
0,84
0,91
0,97
0,98
0,99
1,2
1,3
1,4
1,5
1,6
1,7
1,8
1,9
1,10
1,11
1,12
1,13
1,14
1,15
1,16
1,17
1,18
1,19
1,20
1,21
1,22
1,23
1,24
1,25
1,26
1,27
1,28
1,29
1,30
1,31
1,32
1,33
1,34
1,35
1,36
1,37
1,38
1,39
1,40
1,41
1,42
1,43
1,44
1,45
1,48
1,50
1,53
1,55
1,56
1,59
1,61
1,64
1,66
1,67
1,68
1,70
1,71
1,74
1,75
1,81
1,82
1,83
1,84
1,91
1,97
1,98
1,99
2,3
2,4
2,5
2,6
2,7
2,8
2,9
2,10
2,11
2,12
2,13
2,14
2,15
2,16
2,17
2,18
2,19
2,20
2,21
2,22
2,23
2,24
2,25
2,26
2,27
2,28
2,29
2,30
2,31
2,32
2,33
2,34
2,35
2,36
2,37
2,38
2,39
2,40
2,41
2,42
2,43
3,4
3,5
3,6
3,7
3,8
3,9
3,10
3,11
3,12
3,13
3,14
3,15
3,16
3,17
3,18
3,19
3,20
3,21
3,22
3,23
3,24
3,25
3,26
3,27
3,28
3,29
3,30
3,31
3,32
3,33
3,34
3,35
3,36
3,37
3,38
3,39
3,40
3,41
3,42
3,43
3,44
3,45
3,48
3,50
3,53
3,55
3,56
3,59
3,61
3,64
3,66
3,67
3,68
3,70
3,71
3,74
3,75
3,81
3,82
3,83
3,84
3,91
3,97
3,98
3,99
4,5
4,6
4,7
4,8
4,9
4,10
4,11
4,12
4,13
4,14
4,15
4,16
4,17
4,18
4,19
4,20
4,21
4,22
4,23
4,24
4,25
4,26
4,27
4,28
4,29
4,30
4,31
4,32
4,33
4,34
4,35
4,36
4,37
4,38
4,39
4,40
4,41
4,42
4,43
5,6
5,7
5,8
5,9
5,10
5,11
5,12
5,13
5,14
5,15
5,16
5,17
5,18
5,19
5,20
5,21
5,22
5,23
5,24
5,25
5,26
5,27
5,28
5,29
5,30
5,31
5,32
5,33
5,34
5,35
5,36
5,37
5,38
5,39
5,40
5,41
5,42
5,43
5,44
5,45
5,48
5,50
5,53
5,55
5,56
5,59
5,61
5,64
5,66
5,67
5,68
5,70
5,71
5,74
5,75
5,81
5,82
5,83
5,84
5,91
5,97
5,98
5,99
6,7
6,8
6,9
6,10
6,11
6,12
6,13
6,14
6,15
6,16
6,17
6,18
6,19
6,20
6,21
6,22
6,23
6,24
6,25
6,26
6,27
6,28
6,29
6,30
6,31
6,32
6,33
6,34
6,35
6,36
6,37
6,38
6,39
6,40
6,41
6,42
6,43
7,8
7,9
7,10
7,11
7,12
7,13
7,14
7,15
7,16
7,17
7,18
7,19
7,20
7,21
7,22
7,23
7,24
7,25
7,26
7,27
7,28
7,29
7,30
7,31
7,32
7,33
7,34
7,35
7,36
7,37
7,38
7,39
7,40
7,41
7,42
7,43
7,44
7,45
7,48
7,50
7,53
7,55
7,56
7,59
7,61
7,64
7,66
7,67
7,68
7,70
7,71
7,74
7,75
7,81
7,82
7,83
7,84
7,91
7,97
7,98
7,99
8,9
8,10
8,11
8,12
8,13
8,14
8,15
8,16
8,17
8,18
8,19
8,20
8,21
8,22
8,23
8,24
8,25
8,26
8,27
8,28
8,29
8,30
8,31
8,32
8,33
8,34
8,35
8,36
8,37
8,38
8,39
8,40
8,41
8,42
8,43
9,10
9,11
9,12
9,13
9,14
9,15
9,16
9,17
9,18
9,19
9,20
9,21
9,22
9,23
9,24
9,25
9,26
9,27
9,28
9,29
9,30
9,31
9,32
9,33
9,34
9,35
9,36
9,37
9,38
9,39
9,40
9,41
9,42
9,43
10,11
10,12
10,13
10,14
10,15
10,16
10,17
10,18
10,19
10,20
10,21
10,22
10,23
10,24
10,25
10,26
10,27
10,28
10,29
10,30
10,31
10,32
10,33
10,34
10,35
10,36
10,37
10,38
10,39
10,40
10,41
10,42
10,43
11,12
11,13
11,14
11,15
11,16
11,17
11,18
11,19
11,20
11,21
11,22
11,23
11,24
11,25
11,26
11,27
11,28
11,29
11,30
11,31
11,32
11,33
11,34
11,35
11,36
11,37
11,38
11,39
11,40
11,41
11,42
11,43
11,44
11,45
11,48
11,50
11,53
11,55
11,56
11,59
11,61
11,64
11,66
11,67
11,68
11,70
11,71
11,74
11,75
11,81
11,82
11,83
11,84
11,91
11,97
11,98
11,99
12,13
12,14
12,15
12,16
12,17
12,18
12,19
12,20
12,21
12,22
12,23
12,24
12,25
12,26
12,27
12,28
12,29
12,30
12,31
12,32
12,33
12,34
12,35
12,36
12,37
12,38
12,39
12,40
12,41
12,42
12,43
12,44
12,45
12,48
12,50
12,53
12,55
12,56
12,59
12,61
12,64
12,66
12,67
12,68
12,70
12,71
12,74
12,75
12,81
12,82
12,83
12,84
12,91
12,97
12,98
12,99
13,14
13,15
13,16
13,17
13,18
13,19
13,20
13,21
13,22
13,23
13,24
13,25
13,26
13,27
13,28
13,29
13,30
13,31
13,32
13,33
13,34
13,35
13,36
13,37
13,38
13,39
13,40
13,41
13,42
13,43
14,15
14,16
14,17
14,18
14,19
14,20
14,21
14,22
14,23
14,24
14,25
14,26
14,27
14,28
14,29
14,30
14,31
14,32
14,33
14,34
14,35
14,36
14,37
14,38
14,39
14,40
14,41
14,42
14,43
14,44
14,45
14,48
14,50
14,53
14,55
14,56
14,59
14,61
14,64
14,66
14,67
14,68
14,70
14,71
14,74
14,75
14,81
14,82
14,83
14,84
14,91
14,97
14,98
14,99
15,16
15,17
15,18
15,19
15,20
15,21
15,22
15,23
15,24
15,25
15,26
15,27
15,28
15,29
15,30
15,31
15,32
15,33
15,34
15,35
15,36
15,37
15,38
15,39
15,40
15,41
15,42
15,43
16,17
16,18
16,19
16,20
16,21
16,22
16,23
16,24
16,25
16,26
16,27
16,28
16,29
16,30
16,31
16,32
16,33
16,34
16,35
16,36
16,37
16,38
16,39
16,40
16,41
16,42
16,43
17,18
17,19
17,20
17,21
17,22
17,23
17,24
17,25
17,26
17,27
17,28
17,29
17,30
17,31
17,32
17,33
17,34
17,35
17,36
17,37
17,38
17,39
17,40
17,41
17,42
17,43
18,19
18,20
18,21
18,22
18,23
18,24
18,25
18,26
18,27
18,28
18,29
18,30
18,31
18,32
18,33
18,34
18,35
18,36
18,37
18,38
18,39
18,40
18,41
18,42
18,44
18,45
18,48
18,50
18,53
18,55
18,56
18,59
18,61
18,64
18,66
18,67
18,68
18,70
18,71
18,74
18,75
18,81
18,82
18,83
18,84
18,91
18,97
18,98
18,99
19,20
19,21
19,22
19,23
19,24
19,25
19,26
19,27
19,28
19,29
19,30
19,31
19,32
19,33
19,34
19,35
19,36
19,37
19,38
19,39
19,40
19,41
19,42
19,43
19,44
19,45
19,48
19,50
19,53
19,55
19,56
19,59
19,61
19,64
19,66
19,67
19,68
19,70
19,71
19,74
19,75
19,81
19,82
19,83
19,84
19,91
19,97
19,98
19,99
20,21
20,22
20,23
20,24
20,25
20,26
20,27
20,28
20,29
20,30
20,31
20,32
20,33
20,34
20,35
20,36
20,37
20,38
20,39
20,40
20,41
20,42
20,43
21,22
21,23
21,24
21,25
21,26
21,27
21,28
21,29
21,30
21,31
21,32
21,33
21,34
21,35
21,36
21,37
21,38
21,39
21,40
21,41
21,42
21,43
21,44
21,45
21,48
21,50
21,53
21,55
21,56
21,59
21,61
21,64
21,66
21,67
21,68
21,70
21,71
21,74
21,75
21,81
21,82
21,83
21,84
21,91
21,97
21,98
21,99
22,23
22,24
22,25
22,26
22,27
22,28
22,29
22,30
22,31
22,32
22,33
22,34
22,35
22,36
22,37
22,38
22,39
22,40
22,41
22,42
22,43
23,24
23,25
23,26
23,27
23,28
23,29
23,30
23,31
23,32
23,33
23,34
23,35
23,36
23,37
23,38
23,39
23,40
23,41
23,42
23,43
24,25
24,26
24,27
24,28
24,29
24,30
24,31
24,32
24,33
24,34
24,35
24,36
24,37
24,38
24,39
24,40
24,41
24,42
24,43
24,44
24,45
24,48
24,50
24,53
24,55
24,56
24,59
24,61
24,64
24,66
24,67
24,68
24,70
24,71
24,74
24,75
24,81
24,82
24,83
24,84
24,91
24,97
24,98
24,99
25,26
25,27
25,28
25,29
25,30
25,31
25,32
25,33
25,34
25,35
25,36
25,37
25,38
25,39
25,40
25,41
25,42
25,43
26,27
26,28
26,29
26,30
26,31
26,32
26,33
26,34
26,35
26,36
26,37
26,38
26,39
26,40
26,41
26,42
26,43
26,44
26,45
26,48
26,50
26,53
26,55
26,56
26,59
26,61
26,64
26,66
26,67
26,68
26,70
26,71
26,74
26,75
26,81
26,82
26,83
26,84
26,91
26,97
26,98
26,99
27,28
27,29
27,30
27,31
27,32
27,33
27,34
27,35
27,36
27,37
27,38
27,39
27,40
27,41
27,42
27,43
27,44
27,45
27,48
27,50
27,53
27,55
27,56
27,59
27,61
27,64
27,66
27,67
27,68
27,70
27,71
27,74
27,75
27,81
27,82
27,83
27,84
27,91
27,97
27,98
27,99
28,29
28,30
28,31
28,32
28,33
28,34
28,35
28,36
28,37
28,38
28,39
28,40
28,41
28,42
28,43
29,30
29,31
29,32
29,33
29,34
29,35
29,36
29,37
29,38
29,39
29,40
29,41
29,42
29,43
29,44
29,45
29,48
29,50
29,53
29,55
29,56
29,59
29,61
29,64
29,66
29,67
29,68
29,70
29,71
29,74
29,75
29,81
29,82
29,83
29,84
29,91
29,97
29,98
29,99
30,31
30,32
30,33
30,34
30,35
30,36
30,37
30,38
30,39
30,40
30,41
30,42
30,43
31,32
31,33
31,34
31,35
31,36
31,37
31,38
31,39
31,40
31,41
31,42
31,43
32,33
32,34
32,35
32,36
32,37
32,38
32,39
32,40
32,41
32,42
32,43
33,34
33,35
33,36
33,37
33,38
33,39
33,40
33,41
33,42
33,43
34,35
34,36
34,37
34,38
34,39
34,40
34,41
34,42
34,43
35,36
35,37
35,38
35,39
35,40
35,41
35,42
35,43
36,37
36,38
36,39
36,40
36,41
36,42
36,43
36,71
36,73
36,75
36,77
36,78
36,79
37,38
37,39
37,40
37,41
37,42
37,43
37,44
37,45
37,48
37,50
37,53
37,55
37,56
37,59
37,61
37,64
37,66
37,67
37,68
37,70
37,71
37,74
37,75
37,78
37,79
37,81
37,82
37,83
37,84
37,91
37,97
37,98
37,99
38,39
38,40
38,41
38,42
38,43
38,44
38,45
38,48
38,50
38,53
38,55
38,56
38,59
38,61
38,63
38,64
38,66
38,67
38,68
38,70
38,71
38,74
38,75
38,77
38,81
38,82
38,83
38,84
38,88
38,91
38,92
38,97
38,98
38,99
39,40
39,41
39,42
39,43
39,44
39,45
39,48
39,50
39,53
39,55
39,56
39,59
39,61
39,64
39,66
39,67
39,68
39,70
39,71
39,74
39,75
39,81
39,82
39,83
39,84
39,91
39,97
39,98
39,99
40,41
40,42
40,43
40,63
41,42
41,43
41,44
41,45
41,48
41,50
41,53
41,55
41,56
41,59
41,61
41,64
41,66
41,67
41,68
41,70
41,71
41,74
41,75
41,81
41,82
41,83
41,84
41,91
41,97
41,98
41,99
42,43
44,45
44,48
44,50
44,53
44,55
44,56
44,59
44,61
44,64
44,66
44,67
44,68
44,70
44,71
44,74
44,75
44,81
44,82
44,83
44,84
44,89
44,90
44,91
44,95
44,97
44,98
44,99
45,48
45,50
45,53
45,55
45,56
45,59
45,61
45,64
45,66
45,67
45,68
45,70
45,71
45,74
45,75
45,81
45,82
45,83
45,84
45,91
45,97
45,98
45,99
47,56
47,59
47,60
47,61
47,62
47,64
47,65
47,67
47,68
47,72
47,78
47,80
47,87
48,50
48,53
48,55
48,56
48,59
48,61
48,62
48,63
48,64
48,65
48,66
48,67
48,68
48,69
48,70
48,71
48,73
48,74
48,75
48,79
48,80
48,81
48,82
48,83
48,84
48,90
48,91
48,94
48,97
48,98
48,99
49,52
49,54
49,55
49,56
49,57
49,60
49,61
49,62
49,63
49,65
49,66
49,67
49,69
49,70
49,71
49,72
49,73
49,77
49,78
49,79
49,86
49,88
49,91
49,92
49,94
50,53
50,55
50,56
50,58
50,59
50,61
50,62
50,63
50,64
50,66
50,67
50,68
50,69
50,70
50,71
50,72
50,74
50,75
50,76
50,77
50,78
50,79
50,80
50,81
50,82
50,83
50,84
50,86
50,88
50,89
50,91
50,92
50,97
50,98
50,99
51,54
51,56
51,57
51,58
51,60
51,61
51,62
51,63
51,64
51,65
51,66
51,67
51,71
51,73
51,76
52,53
52,56
52,57
52,58
52,59
52,60
52,61
52,62
52,63
52,64
52,66
52,68
52,69
52,70
52,72
52,73
52,75
52,76
52,77
52,78
52,80
52,83
52,86
52,89
53,55
53,56
53,58
53,59
53,60
53,61
53,62
53,63
53,64
53,65
53,66
53,67
53,68
53,70
53,71
53,73
53,74
53,75
53,76
53,79
53,81
53,82
53,83
53,84
53,85
53,86
53,87
53,89
53,91
53,97
53,98
53,99
54,59
54,60
54,61
54,62
54,63
54,65
54,66
54,67
54,68
54,69
54,70
54,73
54,75
55,56
55,57
55,58
55,59
55,60
55,61
55,62
55,63
55,64
55,65
55,66
55,67
55,68
55,70
55,71
55,74
55,75
55,81
55,82
55,83
55,84
55,91
55,97
55,98
55,99
56,59
56,60
56,61
56,62
56,63
56,64
56,65
56,66
56,67
56,68
56,70
56,71
56,72
56,74
56,75
56,76
56,77
56,81
56,82
56,83
56,84
56,91
56,97
56,98
56,99
58,60
58,62
58,63
58,65
58,66
58,67
58,68
58,70
58,72
58,74
58,75
58,76
58,81
58,83
58,85
58,86
58,89
59,60
59,61
59,63
59,64
59,65
59,66
59,67
59,68
59,69
59,70
59,71
59,72
59,74
59,75
59,81
59,82
59,83
59,84
59,91
59,97
59,98
59,99
60,61
60,62
60,63
60,64
60,66
60,68
60,69
60,72
60,78
60,80
60,81
60,83
60,85
60,86
60,90
60,91
60,95
61,63
61,64
61,65
61,66
61,67
61,68
61,69
61,70
61,71
61,72
61,73
61,74
61,75
61,76
61,77
61,78
61,81
61,82
61,83
61,84
61,86
61,88
61,91
61,97
61,98
61,99
62,63
62,64
62,65
62,66
62,67
62,69
62,70
62,72
62,73
62,76
62,77
62,80
62,81
62,83
62,86
62,87
62,91
62,93
62,95
62,96
63,65
63,66
63,67
63,68
63,69
63,71
63,75
63,76
63,77
63,78
63,80
63,83
63,85
63,86
63,88
63,91
63,92
63,95
63,96
64,65
64,66
64,67
64,68
64,70
64,71
64,74
64,75
64,76
64,77
64,78
64,80
64,81
64,82
64,83
64,84
64,87
64,88
64,91
64,97
64,98
64,99
65,67
65,68
65,71
65,72
65,73
65,76
65,77
65,78
66,67
66,68
66,69
66,70
66,71
66,72
66,73
66,74
66,75
66,76
66,77
66,78
66,80
66,81
66,82
66,83
66,84
66,87
66,90
66,91
66,97
66,98
66,99
67,68
67,70
67,71
67,74
67,75
67,76
67,77
67,78
67,79
67,80
67,81
67,82
67,83
67,84
67,85
67,88
67,91
67,92
67,93
67,95
67,97
67,98
67,99
68,69
68,70
68,71
68,72
68,73
68,74
68,75
68,78
68,79
68,80
68,81
68,82
68,83
68,84
68,85
68,86
68,87
68,88
68,89
68,90
68,91
68,92
68,93
68,94
68,97
68,98
68,99
69,70
69,71
69,73
69,74
69,76
69,77
69,78
69,85
69,86
69,87
69,90
69,91
69,92
69,93
69,95
70,71
70,73
70,74
70,75
70,76
70,77
70,78
70,79
70,80
70,81
70,82
70,83
70,84
70,88
70,90
70,91
70,92
70,93
70,96
70,97
70,98
70,99
71,72
71,73
71,74
71,75
71,76
71,77
71,78
71,79
71,81
71,82
71,83
71,84
71,85
71,86
71,87
71,89
71,90
71,91
71,92
71,93
71,94
71,97
71,98
71,99
72,73
72,75
72,76
72,77
72,78
72,81
72,83
72,84
72,85
72,86
72,87
72,88
72,89
72,90
72,91
72,92
72,93
72,94
73,77
73,78
73,79
73,80
73,82
73,83
73,84
73,85
73,87
73,90
73,92
73,93
73,94
73,95
73,96
74,75
74,76
74,77
74,80
74,81
74,82
74,83
74,84
74,88
74,89
74,90
74,91
74,92
74,93
74,94
74,95
74,96
74,97
74,98
74,99
75,80
75,81
75,82
75,83
75,84
75,86
75,87
75,88
75,89
75,90
75,91
75,93
75,94
75,95
75,96
75,97
75,98
75,99
76,77
76,78
76,80
77,78
77,80
77,82
77,83
77,93
77,95
78,79
78,80
78,82
78,85
78,87
78,90
78,91
78,92
78,93
78,94
78,96
79,80
79,81
79,82
80,81
80,82
80,85
80,86
80,87
80,88
80,89
80,91
80,92
80,94
80,96
81,82
81,83
81,84
81,86
81,87
81,88
81,89
81,91
81,94
81,95
81,96
81,97
81,98
81,99
82,83
82,84
82,91
82,97
82,98
82,99
83,84
83,89
83,90
83,91
83,92
83,93
83,94
83,95
83,96
83,97
83,98
83,99
84,85
84,86
84,87
84,88
84,89
84,90
84,91
84,92
84,93
84,94
84,96
84,97
84,98
84,99
85,86
85,88
85,90
85,91
86,88
86,92
86,93
86,94
86,95
86,96
87,88
87,90
87,92
87,93
88,91
88,92
88,93
88,94
89,94
89,95
89,96
89,97
90,94
90,96
90,97
91,92
91,93
91,94
91,97
91,98
91,99
92,94
92,96
93,96
93,97
94,97
94,98
94,99
96,98
96,99
97,98
97,99
98,99
