0,1
0,2
0,3
0,4
0,5
0,6
0,7
0,8
0,9
0,10
0,11
0,12
0,13
0,14
0,15
0,16
0,17
0,18
0,19
0,20
0,21
0,22
0,23
0,24
0,25
0,26
0,27
0,28
0,29
0,30
0,31
0,32
0,33
0,34
0,35
0,36
0,37
0,38
0,39
0,40
0,41
0,42
0,43
0,44
0,57
0,58
0,59
0,65
0,67
0,68
0,69
0,71
0,80
0,82
0,86
0,89
0,91
0,92
0,93
0,94
0,95
1,2
1,3
1,4
1,5
1,6
1,7
1,8
1,9
1,10
1,11
1,12
1,13
1,14
1,15
1,16
1,17
1,18
1,19
1,20
1,21
1,22
1,23
1,24
1,25
1,26
1,27
1,28
1,29
1,30
1,31
1,32
1,33
1,34
1,35
1,36
1,37
1,38
1,39
1,40
1,41
1,42
1,43
1,44
1,46
1,48
1,49
1,50
1,51
1,54
1,55
1,61
1,63
1,70
1,71
1,72
1,73
1,74
1,78
1,79
1,80
1,82
1,84
1,89
1,92
1,93
1,94
1,95
1,97
1,98
2,3
2,4
2,5
2,6
2,7
2,8
2,9
2,10
2,11
2,12
2,13
2,14
2,15
2,16
2,17
2,18
2,19
2,20
2,21
2,22
2,23
2,24
2,25
2,26
2,27
2,28
2,29
2,30
2,31
2,32
2,33
2,34
2,35
2,36
2,37
2,38
2,39
2,40
2,41
2,42
2,43
2,44
3,4
3,5
3,6
3,7
3,8
3,9
3,10
3,11
3,12
3,13
3,14
3,15
3,16
3,17
3,18
3,19
3,20
3,21
3,22
3,23
3,24
3,25
3,26
3,27
3,28
3,29
3,30
3,31
3,32
3,33
3,34
3,35
3,36
3,37
3,38
3,39
3,40
3,41
3,42
3,43
3,44
3,46
3,48
3,49
3,50
3,51
3,54
3,55
3,61
3,63
3,70
3,71
3,72
3,73
3,74
3,78
3,79
3,80
3,82
3,84
3,89
3,92
3,93
3,94
3,95
3,97
3,98
4,5
4,6
4,7
4,8
4,9
4,10
4,11
4,12
4,13
4,14
4,15
4,16
4,17
4,18
4,19
4,20
4,21
4,22
4,23
4,24
4,25
4,26
4,27
4,28
4,29
4,30
4,31
4,32
4,33
4,34
4,35
4,36
4,37
4,38
4,39
4,40
4,41
4,42
4,43
4,44
4,73
4,75
4,85
4,86
4,88
4,92
4,94
4,95
4,96
4,99
5,6
5,7
5,8
5,9
5,10
5,11
5,12
5,13
5,14
5,15
5,16
5,17
5,18
5,19
5,20
5,21
5,22
5,23
5,24
5,25
5,26
5,27
5,28
5,29
5,30
5,31
5,32
5,33
5,34
5,35
5,36
5,37
5,38
5,39
5,40
5,41
5,42
5,43
5,44
5,46
5,48
5,49
5,50
5,51
5,54
5,55
5,61
5,63
5,70
5,71
5,72
5,73
5,74
5,78
5,79
5,80
5,82
5,84
5,89
5,92
5,93
5,94
5,95
5,97
5,98
6,7
6,8
6,9
6,10
6,11
6,12
6,13
6,14
6,15
6,16
6,17
6,18
6,19
6,20
6,21
6,22
6,23
6,24
6,25
6,26
6,27
6,28
6,29
6,30
6,31
6,32
6,33
6,34
6,35
6,36
6,37
6,38
6,39
6,40
6,41
6,42
6,43
6,44
7,8
7,9
7,10
7,11
7,12
7,13
7,14
7,15
7,16
7,17
7,18
7,19
7,20
7,21
7,22
7,23
7,24
7,25
7,26
7,27
7,28
7,29
7,30
7,31
7,32
7,33
7,34
7,35
7,36
7,37
7,38
7,39
7,40
7,41
7,42
7,43
7,44
8,9
8,10
8,11
8,12
8,13
8,14
8,15
8,16
8,17
8,18
8,19
8,20
8,21
8,22
8,23
8,24
8,25
8,26
8,27
8,28
8,29
8,30
8,31
8,32
8,33
8,34
8,35
8,36
8,37
8,38
8,39
8,40
8,41
8,42
8,43
8,44
9,10
9,11
9,12
9,13
9,14
9,15
9,16
9,17
9,18
9,19
9,20
9,21
9,22
9,23
9,24
9,25
9,26
9,27
9,28
9,29
9,30
9,31
9,32
9,33
9,34
9,35
9,36
9,37
9,38
9,39
9,40
9,41
9,42
9,43
9,44
10,11
10,12
10,13
10,14
10,15
10,16
10,17
10,18
10,19
10,20
10,21
10,22
10,23
10,24
10,25
10,26
10,27
10,28
10,29
10,30
10,31
10,32
10,33
10,34
10,35
10,36
10,37
10,38
10,39
10,40
10,41
10,42
10,43
10,44
10,58
10,59
10,68
10,74
10,75
10,76
10,77
10,80
10,85
10,89
10,90
10,91
10,92
10,94
10,95
10,96
11,12
11,13
11,14
11,15
11,16
11,17
11,18
11,19
11,20
11,21
11,22
11,23
11,24
11,25
11,26
11,27
11,28
11,29
11,30
11,31
11,32
11,33
11,34
11,35
11,36
11,37
11,38
11,39
11,40
11,41
11,42
11,43
11,44
11,46
11,48
11,49
11,50
11,51
11,54
11,55
11,61
11,63
11,68
11,69
11,70
11,71
11,72
11,73
11,74
11,75
11,76
11,77
11,78
11,79
11,80
11,81
11,82
11,83
11,84
11,85
11,89
11,90
11,92
11,93
11,94
11,95
11,97
11,98
12,13
12,14
12,15
12,16
12,17
12,18
12,19
12,20
12,21
12,22
12,23
12,24
12,25
12,26
12,27
12,28
12,29
12,30
12,31
12,32
12,33
12,34
12,35
12,36
12,37
12,38
12,39
12,40
12,41
12,42
12,43
12,44
12,46
12,48
12,49
12,50
12,51
12,54
12,55
12,61
12,63
12,70
12,71
12,72
12,73
12,74
12,78
12,79
12,80
12,82
12,84
12,89
12,92
12,93
12,94
12,95
12,97
12,98
13,14
13,15
13,16
13,17
13,18
13,19
13,20
13,21
13,22
13,23
13,24
13,25
13,26
13,27
13,28
13,29
13,30
13,31
13,32
13,33
13,34
13,35
13,36
13,37
13,38
13,39
13,40
13,41
13,42
13,43
13,44
13,46
13,48
13,49
13,50
13,51
13,54
13,55
13,61
13,63
13,70
13,71
13,72
13,73
13,74
13,78
13,79
13,80
13,82
13,84
13,89
13,92
13,93
13,94
13,95
13,97
13,98
14,15
14,16
14,17
14,18
14,19
14,20
14,21
14,22
14,23
14,24
14,25
14,26
14,27
14,28
14,29
14,30
14,31
14,32
14,33
14,34
14,35
14,36
14,37
14,38
14,39
14,40
14,41
14,42
14,43
14,44
14,46
14,48
14,49
14,50
14,51
14,54
14,55
14,61
14,63
14,70
14,71
14,72
14,73
14,74
14,78
14,79
14,80
14,82
14,84
14,89
14,92
14,93
14,94
14,95
14,97
14,98
15,16
15,17
15,18
15,19
15,20
15,21
15,22
15,23
15,24
15,25
15,26
15,27
15,28
15,29
15,30
15,31
15,32
15,33
15,34
15,35
15,36
15,37
15,38
15,39
15,40
15,41
15,42
15,43
15,44
15,46
15,48
15,49
15,50
15,51
15,54
15,55
15,61
15,63
15,70
15,71
15,72
15,73
15,74
15,78
15,79
15,80
15,82
15,84
15,89
15,92
15,93
15,94
15,95
15,97
15,98
16,17
16,18
16,19
16,20
16,21
16,22
16,23
16,24
16,25
16,26
16,27
16,28
16,29
16,30
16,31
16,32
16,33
16,34
16,35
16,36
16,37
16,38
16,39
16,40
16,41
16,42
16,43
16,44
16,46
16,48
16,49
16,50
16,51
16,54
16,55
16,61
16,63
16,70
16,71
16,72
16,73
16,74
16,78
16,79
16,80
16,82
16,84
16,89
16,92
16,93
16,94
16,95
16,97
16,98
17,18
17,19
17,20
17,21
17,22
17,23
17,24
17,25
17,26
17,27
17,28
17,29
17,30
17,31
17,32
17,33
17,34
17,35
17,36
17,37
17,38
17,39
17,40
17,41
17,42
17,43
17,44
17,46
17,48
17,49
17,50
17,51
17,54
17,55
17,61
17,63
17,70
17,71
17,72
17,73
17,74
17,78
17,79
17,80
17,82
17,84
17,89
17,92
17,93
17,94
17,95
17,97
17,98
18,19
18,20
18,21
18,22
18,23
18,24
18,25
18,26
18,27
18,28
18,29
18,30
18,31
18,32
18,33
18,34
18,35
18,36
18,37
18,38
18,39
18,40
18,41
18,42
18,43
18,44
19,20
19,21
19,22
19,23
19,24
19,25
19,26
19,27
19,28
19,29
19,30
19,31
19,32
19,33
19,34
19,35
19,36
19,37
19,38
19,39
19,40
19,41
19,42
19,43
19,44
20,21
20,22
20,23
20,24
20,25
20,26
20,27
20,28
20,29
20,30
20,31
20,32
20,33
20,34
20,35
20,36
20,37
20,38
20,39
20,40
20,41
20,42
20,43
20,44
21,22
21,23
21,24
21,25
21,26
21,27
21,28
21,29
21,30
21,31
21,32
21,33
21,34
21,35
21,36
21,37
21,38
21,39
21,40
21,41
21,42
21,43
21,44
21,46
21,48
21,49
21,50
21,51
21,54
21,55
21,61
21,63
21,70
21,71
21,72
21,73
21,74
21,78
21,79
21,80
21,82
21,84
21,89
21,92
21,93
21,94
21,95
21,97
21,98
22,23
22,24
22,25
22,26
22,27
22,28
22,29
22,30
22,31
22,32
22,33
22,34
22,35
22,36
22,37
22,38
22,39
22,40
22,41
22,42
22,43
22,44
23,24
23,25
23,26
23,27
23,28
23,29
23,30
23,31
23,32
23,33
23,34
23,35
23,36
23,37
23,38
23,39
23,40
23,41
23,42
23,43
23,46
23,48
23,49
23,50
23,51
23,54
23,55
23,61
23,63
23,70
23,71
23,72
23,73
23,74
23,78
23,79
23,80
23,82
23,84
23,89
23,92
23,93
23,94
23,95
23,97
23,98
24,25
24,26
24,27
24,28
24,29
24,30
24,31
24,32
24,33
24,34
24,35
24,36
24,37
24,38
24,39
24,40
24,41
24,42
24,43
24,44
25,26
25,27
25,28
25,29
25,30
25,31
25,32
25,33
25,34
25,35
25,36
25,37
25,38
25,39
25,40
25,41
25,42
25,43
25,44
26,27
26,28
26,29
26,30
26,31
26,32
26,33
26,34
26,35
26,36
26,37
26,38
26,39
26,40
26,41
26,42
26,43
26,44
26,46
26,48
26,49
26,50
26,51
26,54
26,55
26,61
26,63
26,70
26,71
26,72
26,73
26,74
26,78
26,79
26,80
26,82
26,84
26,89
26,92
26,93
26,94
26,95
26,97
26,98
27,28
27,29
27,30
27,31
27,32
27,33
27,34
27,35
27,36
27,37
27,38
27,39
27,40
27,41
27,42
27,43
27,44
27,46
27,48
27,49
27,50
27,51
27,54
27,55
27,61
27,63
27,70
27,71
27,72
27,73
27,74
27,78
27,79
27,80
27,82
27,84
27,89
27,92
27,93
27,94
27,95
27,97
27,98
28,29
28,30
28,31
28,32
28,33
28,34
28,35
28,36
28,37
28,38
28,39
28,40
28,41
28,42
28,43
28,44
29,30
29,31
29,32
29,33
29,34
29,35
29,36
29,37
29,38
29,39
29,40
29,41
29,42
29,43
29,44
29,46
29,48
29,49
29,50
29,51
29,54
29,55
29,61
29,63
29,70
29,71
29,72
29,73
29,74
29,78
29,79
29,80
29,82
29,84
29,89
29,92
29,93
29,94
29,95
29,97
29,98
30,31
30,32
30,33
30,34
30,35
30,36
30,37
30,38
30,39
30,40
30,41
30,42
30,43
30,44
31,32
31,33
31,34
31,35
31,36
31,37
31,38
31,39
31,40
31,41
31,42
31,43
31,44
32,33
32,34
32,35
32,36
32,37
32,38
32,39
32,40
32,41
32,42
32,43
32,44
33,34
33,35
33,36
33,37
33,38
33,39
33,40
33,41
33,42
33,43
33,44
34,35
34,36
34,37
34,38
34,39
34,40
34,41
34,42
34,43
34,44
34,46
34,48
34,49
34,50
34,51
34,54
34,55
34,61
34,63
34,70
34,71
34,72
34,73
34,74
34,76
34,77
34,78
34,79
34,80
34,81
34,82
34,84
34,89
34,92
34,93
34,94
34,95
34,97
34,98
35,36
35,37
35,38
35,39
35,40
35,41
35,42
35,43
35,44
35,46
35,48
35,49
35,50
35,51
35,54
35,55
35,61
35,63
35,70
35,71
35,72
35,73
35,74
35,78
35,79
35,80
35,82
35,84
35,89
35,90
35,91
35,92
35,93
35,94
35,95
35,97
35,98
36,37
36,38
36,39
36,40
36,41
36,42
36,43
36,44
36,57
36,60
36,62
36,63
36,65
36,67
36,68
36,69
36,73
36,75
36,76
36,77
36,80
36,81
36,86
36,88
36,89
37,38
37,39
37,40
37,41
37,42
37,43
37,44
38,39
38,40
38,41
38,42
38,43
38,44
39,40
39,41
39,42
39,43
39,44
39,62
39,63
39,65
39,67
39,73
39,75
39,76
39,83
40,41
40,42
40,43
40,44
40,46
40,48
40,49
40,50
40,51
40,54
40,55
40,61
40,63
40,66
40,67
40,68
40,70
40,71
40,72
40,73
40,74
40,77
40,78
40,79
40,80
40,82
40,84
40,86
40,88
40,89
40,90
40,91
40,92
40,93
40,94
40,95
40,97
40,98
41,42
41,43
41,44
41,46
41,48
41,49
41,50
41,51
41,54
41,55
41,61
41,63
41,70
41,71
41,72
41,73
41,74
41,78
41,79
41,80
41,82
41,84
41,89
41,92
41,93
41,94
41,95
41,97
41,98
42,43
42,44
43,44
46,48
46,49
46,50
46,51
46,54
46,55
46,61
46,63
46,70
46,71
46,72
46,73
46,74
46,78
46,79
46,80
46,82
46,84
46,89
46,92
46,93
46,94
46,95
46,97
46,98
48,49
48,50
48,51
48,54
48,55
48,61
48,63
48,65
48,66
48,67
48,68
48,69
48,70
48,71
48,72
48,73
48,74
48,78
48,79
48,80
48,82
48,84
48,85
48,86
48,89
48,92
48,93
48,94
48,95
48,97
48,98
49,50
49,51
49,54
49,55
49,61
49,62
49,63
49,64
49,70
49,71
49,72
49,73
49,74
49,78
49,79
49,80
49,82
49,84
49,89
49,92
49,93
49,94
49,95
49,97
49,98
50,51
50,54
50,55
50,61
50,63
50,70
50,71
50,72
50,73
50,74
50,78
50,79
50,80
50,82
50,84
50,89
50,92
50,93
50,94
50,95
50,97
50,98
51,54
51,55
51,61
51,63
51,64
51,65
51,66
51,68
51,70
51,71
51,72
51,73
51,74
51,75
51,77
51,78
51,79
51,80
51,81
51,82
51,84
51,87
51,89
51,91
51,92
51,93
51,94
51,95
51,97
51,98
52,59
52,63
52,64
52,65
52,66
52,67
52,68
52,69
52,72
52,73
52,75
52,76
52,77
52,80
52,83
52,85
52,86
52,91
54,55
54,57
54,59
54,61
54,62
54,63
54,64
54,66
54,68
54,69
54,70
54,71
54,72
54,73
54,74
54,75
54,76
54,78
54,79
54,80
54,82
54,84
54,89
54,92
54,93
54,94
54,95
54,97
54,98
55,61
55,62
55,63
55,65
55,66
55,67
55,68
55,69
55,70
55,71
55,72
55,73
55,74
55,76
55,77
55,78
55,79
55,80
55,81
55,82
55,84
55,87
55,89
55,90
55,91
55,92
55,93
55,94
55,95
55,96
55,97
55,98
57,61
57,62
57,65
57,66
57,75
57,76
57,77
57,83
57,85
57,87
57,90
58,61
58,63
58,65
58,66
58,67
58,69
58,74
58,75
58,76
58,77
58,83
58,85
58,86
58,87
58,88
58,90
58,92
59,61
59,63
59,64
59,65
59,66
59,68
59,69
59,72
59,74
59,76
59,78
59,79
59,83
59,84
59,85
59,86
59,87
59,90
59,91
59,93
59,96
60,62
61,62
61,63
61,64
61,65
61,66
61,67
61,70
61,71
61,72
61,73
61,74
61,78
61,79
61,80
61,82
61,84
61,89
61,92
61,93
61,94
61,95
61,97
61,98
62,64
62,65
62,66
63,65
63,67
63,68
63,70
63,71
63,72
63,73
63,74
63,76
63,77
63,78
63,79
63,80
63,81
63,82
63,84
63,85
63,87
63,89
63,92
63,93
63,94
63,95
63,97
63,98
64,69
64,71
64,72
65,66
65,67
65,71
65,72
65,74
65,75
65,76
65,83
65,87
65,94
66,67
66,68
66,69
66,72
66,74
66,75
66,76
66,78
66,79
66,80
66,81
66,82
66,83
66,86
66,87
66,90
66,94
67,68
67,69
67,71
67,73
67,74
67,76
67,81
67,82
67,83
67,84
67,85
67,86
67,88
67,89
67,90
67,93
67,94
68,69
68,70
68,74
68,76
68,78
68,79
68,80
68,81
68,82
68,84
68,86
68,88
68,91
68,92
68,94
69,74
69,75
69,76
69,78
69,79
69,81
69,83
69,85
69,87
69,88
69,89
69,91
69,94
69,96
70,71
70,72
70,73
70,74
70,75
70,76
70,78
70,79
70,80
70,81
70,82
70,83
70,84
70,87
70,89
70,90
70,92
70,93
70,94
70,95
70,97
70,98
71,72
71,73
71,74
71,78
71,79
71,80
71,82
71,84
71,88
71,89
71,90
71,92
71,93
71,94
71,95
71,96
71,97
71,98
72,73
72,74
72,75
72,78
72,79
72,80
72,82
72,84
72,89
72,92
72,93
72,94
72,95
72,97
72,98
73,74
73,75
73,78
73,79
73,80
73,82
73,84
73,89
73,92
73,93
73,94
73,95
73,97
73,98
74,77
74,78
74,79
74,80
74,82
74,84
74,89
74,92
74,93
74,94
74,95
74,97
74,98
75,77
75,78
75,82
75,84
75,87
76,77
76,78
76,79
76,81
76,84
76,85
76,89
76,90
76,91
76,94
76,96
76,97
77,80
77,81
77,84
77,85
77,86
77,87
77,88
77,89
78,79
78,80
78,82
78,84
78,86
78,89
78,92
78,93
78,94
78,95
78,97
78,98
79,80
79,82
79,84
79,85
79,86
79,88
79,89
79,90
79,92
79,93
79,94
79,95
79,97
79,98
80,82
80,83
80,84
80,86
80,88
80,89
80,90
80,92
80,93
80,94
80,95
80,96
80,97
80,98
81,82
81,83
81,87
81,88
81,89
81,90
82,83
82,84
82,87
82,88
82,89
82,90
82,92
82,93
82,94
82,95
82,97
82,98
83,84
83,85
83,86
83,87
83,88
83,90
83,91
83,97
83,99
84,85
84,86
84,89
84,90
84,91
84,92
84,93
84,94
84,95
84,97
84,98
85,86
85,87
85,88
85,89
85,93
85,94
85,97
86,88
86,89
86,90
86,91
86,92
86,93
86,94
86,96
86,97
86,99
88,90
88,91
88,93
88,94
88,95
88,97
89,90
89,91
89,92
89,93
89,94
89,95
89,96
89,97
89,98
89,99
90,92
90,94
91,92
92,93
92,94
92,95
92,96
92,97
92,98
93,94
93,95
93,97
93,98
94,95
94,96
94,97
94,98
95,97
95,98
97,98
