0,1
0,2
0,3
0,4
0,5
0,6
0,7
0,8
0,9
0,10
0,11
0,12
0,13
0,14
0,15
0,16
0,17
0,18
0,19
0,20
0,21
0,22
0,23
0,24
0,25
0,26
0,27
0,29
0,40
0,42
0,44
0,50
0,51
0,54
0,56
0,60
0,62
0,63
0,67
0,68
0,69
0,74
0,80
0,86
0,89
0,92
0,97
1,2
1,3
1,4
1,5
1,6
1,7
1,8
1,9
1,10
1,11
1,12
1,13
1,14
1,15
1,16
1,17
1,18
1,19
1,20
1,21
1,22
1,23
1,24
1,25
1,26
1,27
2,3
2,4
2,5
2,6
2,7
2,8
2,9
2,10
2,11
2,12
2,13
2,14
2,15
2,16
2,17
2,18
2,19
2,20
2,21
2,22
2,23
2,24
2,25
2,26
2,27
3,4
3,5
3,6
3,7
3,8
3,9
3,10
3,11
3,12
3,13
3,14
3,15
3,16
3,17
3,18
3,19
3,20
3,21
3,22
3,23
3,24
3,25
3,26
3,27
3,83
3,84
3,85
3,92
3,93
4,5
4,6
4,7
4,8
4,9
4,10
4,11
4,12
4,13
4,14
4,15
4,16
4,17
4,18
4,19
4,20
4,21
4,22
4,23
4,24
4,25
4,26
4,27
4,29
4,40
4,42
4,44
4,50
4,51
4,54
4,56
4,60
4,62
4,63
4,67
4,68
4,69
4,74
4,80
4,86
4,89
4,92
4,97
5,6
5,7
5,8
5,9
5,10
5,11
5,12
5,13
5,14
5,15
5,16
5,17
5,18
5,19
5,20
5,21
5,22
5,23
5,24
5,25
5,26
5,27
6,7
6,8
6,9
6,10
6,11
6,12
6,13
6,14
6,15
6,16
6,17
6,18
6,19
6,20
6,21
6,22
6,23
6,24
6,25
6,26
6,27
7,8
7,9
7,10
7,11
7,12
7,13
7,14
7,15
7,16
7,17
7,18
7,19
7,20
7,21
7,22
7,23
7,24
7,25
7,26
7,27
8,9
8,10
8,11
8,12
8,13
8,14
8,15
8,16
8,17
8,18
8,19
8,20
8,21
8,22
8,23
8,24
8,25
8,26
8,27
8,78
9,10
9,11
9,12
9,13
9,14
9,15
9,16
9,17
9,18
9,19
9,20
9,21
9,22
9,23
9,24
9,25
9,26
9,27
9,29
9,40
9,42
9,44
9,50
9,51
9,54
9,56
9,60
9,62
9,63
9,67
9,68
9,69
9,74
9,80
9,86
9,89
9,92
9,97
10,11
10,12
10,13
10,14
10,15
10,16
10,17
10,18
10,19
10,20
10,21
10,22
10,23
10,24
10,25
10,26
10,27
11,12
11,13
11,14
11,15
11,16
11,17
11,18
11,19
11,20
11,21
11,22
11,23
11,24
11,25
11,26
11,27
12,13
12,14
12,15
12,16
12,17
12,18
12,19
12,20
12,21
12,22
12,23
12,24
12,25
12,26
12,27
12,29
12,40
12,42
12,44
12,50
12,51
12,54
12,56
12,59
12,60
12,62
12,63
12,64
12,65
12,67
12,68
12,69
12,73
12,74
12,75
12,77
12,78
12,79
12,80
12,82
12,86
12,89
12,92
12,97
13,14
13,15
13,16
13,17
13,18
13,19
13,20
13,21
13,22
13,23
13,24
13,25
13,26
13,27
13,40
14,15
14,16
14,17
14,18
14,19
14,20
14,21
14,22
14,23
14,24
14,25
14,26
14,27
14,29
14,40
14,42
14,44
14,50
14,51
14,54
14,56
14,60
14,62
14,63
14,67
14,68
14,69
14,74
14,80
14,86
14,89
14,92
14,97
15,16
15,17
15,18
15,19
15,20
15,21
15,22
15,23
15,24
15,25
15,26
15,27
16,17
16,18
16,19
16,20
16,21
16,22
16,23
16,24
16,25
16,26
16,27
16,53
16,57
16,58
16,64
16,65
16,66
17,18
17,19
17,20
17,21
17,22
17,23
17,24
17,25
17,26
17,27
17,40
17,45
17,48
17,51
17,53
17,57
17,58
17,59
17,63
17,64
17,65
18,19
18,20
18,21
18,22
18,23
18,24
18,25
18,26
18,27
19,20
19,21
19,22
19,23
19,24
19,25
19,26
19,27
19,29
19,40
19,42
19,44
19,50
19,51
19,54
19,56
19,60
19,62
19,63
19,67
19,68
19,69
19,74
19,80
19,86
19,89
19,92
19,97
20,21
20,22
20,23
20,24
20,25
20,26
20,27
21,22
21,23
21,24
21,25
21,26
21,27
21,29
21,40
21,42
21,44
21,50
21,51
21,54
21,56
21,60
21,62
21,63
21,67
21,68
21,69
21,74
21,80
21,86
21,89
21,92
21,97
22,23
22,24
22,25
22,26
22,27
22,68
23,24
23,25
23,26
24,25
24,26
24,27
25,26
25,27
25,49
25,51
25,58
26,27
26,29
26,40
26,42
26,44
26,45
26,46
26,50
26,51
26,54
26,56
26,60
26,62
26,63
26,67
26,68
26,69
26,74
26,80
26,86
26,89
26,92
26,97
27,43
27,44
27,45
27,46
27,47
27,48
27,49
27,51
27,53
27,54
27,55
27,59
27,60
27,62
27,63
29,40
29,42
29,44
29,47
29,48
29,49
29,50
29,51
29,53
29,54
29,55
29,56
29,57
29,58
29,59
29,60
29,62
29,63
29,65
29,67
29,68
29,69
29,74
29,80
29,86
29,89
29,92
29,97
30,39
30,43
30,45
30,47
30,48
30,49
31,35
31,36
31,39
31,40
31,41
31,44
31,45
31,48
31,49
31,50
31,51
31,52
31,53
31,57
31,58
31,60
31,62
31,63
31,66
31,68
31,81
31,82
32,35
32,36
32,38
32,39
32,40
32,41
32,42
32,43
32,45
32,47
32,48
32,49
32,51
32,52
32,53
32,57
32,58
32,59
32,60
32,62
32,63
32,65
32,66
32,67
32,68
32,78
32,80
33,37
33,38
33,39
33,40
33,41
33,42
33,43
34,35
34,37
34,38
34,39
34,40
34,41
34,42
34,43
34,44
34,45
34,46
34,48
34,50
34,51
34,53
34,55
34,58
34,59
34,60
34,61
34,63
34,66
34,67
34,68
34,71
34,72
34,78
34,80
34,82
34,85
35,36
35,37
35,38
35,39
35,40
35,41
35,42
35,43
35,44
35,45
35,46
35,47
35,48
35,49
35,50
35,51
35,53
35,57
35,58
35,59
35,60
35,61
36,37
36,39
36,40
36,41
36,42
36,44
36,45
36,46
36,47
36,48
36,49
36,50
37,38
37,39
37,40
37,41
37,43
37,44
37,45
37,46
37,47
37,48
37,49
37,50
37,51
37,52
37,53
38,41
38,43
38,44
38,45
38,46
38,48
38,49
38,50
38,51
38,52
38,53
38,54
38,55
38,56
38,57
38,60
38,61
38,62
39,40
39,41
39,42
39,43
39,44
39,45
40,42
40,44
40,50
40,51
40,54
40,56
40,60
40,62
40,63
40,67
40,68
40,69
40,74
40,80
40,86
40,89
40,92
40,97
41,43
41,44
41,46
41,47
41,48
41,49
41,51
41,52
42,43
42,44
42,45
42,46
42,47
42,49
42,50
42,51
42,52
42,53
42,54
42,55
42,56
42,57
42,59
42,60
42,61
42,62
42,63
42,64
42,65
42,67
42,68
42,69
42,71
42,74
42,80
42,86
42,89
42,92
42,97
43,44
43,45
43,46
43,47
43,48
43,49
43,50
43,51
43,52
43,53
43,54
43,55
43,56
43,58
43,59
43,61
43,63
43,64
43,65
43,66
43,71
43,72
44,50
44,51
44,54
44,56
44,60
44,62
44,63
44,67
44,68
44,69
44,74
44,80
44,86
44,89
44,92
44,97
45,46
45,47
45,48
45,49
45,51
45,53
45,55
45,56
45,59
45,60
46,47
46,48
46,49
46,51
46,52
46,53
46,55
46,56
46,58
46,59
46,60
46,61
46,62
46,63
46,64
46,65
46,66
46,67
46,68
46,69
46,71
46,75
46,78
46,80
46,82
47,48
47,49
48,50
48,51
48,54
48,55
49,50
49,51
49,53
49,54
50,51
50,53
50,54
50,56
50,57
50,58
50,59
50,60
50,62
50,63
50,64
50,65
50,66
50,67
50,68
50,69
50,74
50,80
50,86
50,89
50,92
50,97
51,53
51,54
51,55
51,56
51,57
51,58
51,59
51,60
51,61
51,62
51,63
51,64
51,65
51,66
51,67
51,68
51,69
51,74
51,80
51,86
51,89
51,92
51,97
52,54
52,55
52,57
52,59
52,61
52,62
52,65
52,69
52,72
52,75
52,78
52,79
53,54
53,55
53,56
53,57
53,58
53,59
53,60
53,61
53,62
53,64
53,65
53,67
53,69
53,74
53,75
53,78
53,79
53,80
53,82
54,55
54,56
54,57
54,60
54,62
54,63
54,67
54,68
54,69
54,74
54,80
54,86
54,89
54,92
54,97
55,56
55,57
55,59
56,57
56,58
56,59
56,60
56,62
56,63
56,64
56,67
56,68
56,69
56,74
56,80
56,86
56,89
56,92
56,97
57,58
57,59
57,61
57,62
57,64
57,65
57,66
57,69
57,71
57,74
57,75
57,77
57,79
57,80
57,81
57,82
57,83
57,85
58,59
58,60
58,61
58,62
58,64
58,65
59,60
59,61
59,62
59,63
59,64
59,65
59,67
59,69
59,72
60,61
60,62
60,63
60,64
60,65
60,66
60,67
60,68
60,69
60,71
60,72
60,74
60,78
60,79
60,80
60,86
60,89
60,92
60,97
61,64
61,65
61,66
61,68
61,69
61,71
61,72
61,73
61,74
61,75
61,80
61,81
61,83
61,85
61,87
62,63
62,64
62,65
62,66
62,67
62,68
62,69
62,71
62,72
62,73
62,74
62,75
62,77
62,78
62,79
62,80
62,81
62,82
62,86
62,89
62,92
62,97
63,64
63,65
63,66
63,67
63,68
63,69
63,73
63,74
63,75
63,76
63,77
63,78
63,79
63,80
63,81
63,82
63,83
63,85
63,86
63,87
63,89
63,92
63,97
64,65
64,66
64,68
64,69
64,70
64,71
64,72
64,73
64,74
64,76
64,77
64,78
64,79
64,80
64,81
64,83
64,84
64,87
64,90
65,66
65,68
65,69
65,70
65,72
65,73
65,75
65,76
65,77
65,78
65,79
65,80
65,81
65,82
65,83
65,84
65,85
65,87
65,90
66,67
66,68
66,70
66,71
66,72
66,73
66,75
66,76
66,77
66,79
66,80
66,82
66,83
66,84
66,85
66,87
66,90
66,91
66,96
66,97
67,68
67,69
67,70
67,71
67,72
67,73
67,74
67,75
67,76
67,77
67,78
67,79
67,80
67,82
67,83
67,84
67,85
67,86
67,89
67,92
67,97
68,69
68,71
68,72
68,73
68,74
68,76
68,77
68,78
68,80
68,82
68,83
68,84
68,85
68,86
68,87
68,88
68,89
68,90
68,91
68,92
68,93
68,96
68,97
69,70
69,71
69,72
69,73
69,74
69,75
69,76
69,78
69,79
69,80
69,81
69,82
69,85
69,86
69,87
69,88
69,89
69,91
69,92
69,95
69,97
70,71
70,73
70,75
70,76
70,77
70,78
70,79
70,81
70,82
70,83
71,72
71,73
71,74
71,76
71,77
71,78
71,79
72,74
72,76
73,74
73,76
73,77
73,80
73,81
73,83
73,87
73,90
73,91
73,92
73,95
73,96
74,75
74,76
74,77
74,78
74,79
74,80
74,81
74,82
74,83
74,85
74,86
74,88
74,89
74,92
74,97
75,76
75,77
75,78
75,79
75,80
75,81
75,83
75,85
75,87
75,91
75,93
75,95
75,97
75,99
77,78
77,79
77,80
77,81
77,84
77,87
77,88
77,91
77,92
77,93
77,94
77,95
77,96
77,97
77,99
78,79
78,80
78,81
78,82
78,83
78,85
78,87
78,88
78,89
78,90
78,91
78,92
78,93
78,94
78,96
78,97
78,99
79,80
79,82
79,83
79,84
79,85
79,86
79,87
79,88
79,89
79,90
79,92
79,93
79,94
79,95
79,98
79,99
80,81
80,82
80,83
80,84
80,85
80,86
80,87
80,88
80,89
80,90
80,91
80,92
80,95
80,97
80,99
81,82
81,83
81,84
81,86
81,88
82,83
82,84
82,85
82,86
82,87
82,88
82,89
82,90
82,91
82,92
82,94
82,95
82,96
83,84
83,87
83,88
83,89
83,90
83,93
83,95
84,85
84,86
84,87
84,88
84,89
84,90
84,94
84,95
84,96
84,97
84,99
85,87
85,88
85,89
85,90
85,91
85,93
85,94
85,95
85,96
85,97
85,99
86,87
86,88
86,89
86,90
86,91
86,92
86,97
87,89
87,90
87,91
87,93
87,94
87,96
87,97
87,98
87,99
88,89
88,90
88,91
89,90
89,92
89,93
89,94
89,95
89,96
89,97
90,91
90,93
90,96
90,97
90,98
91,92
91,93
91,94
91,95
91,96
91,97
91,98
92,93
92,94
92,96
92,97
92,98
92,99
93,95
93,96
93,97
93,98
93,99
94,95
94,96
94,98
94,99
95,96
95,97
95,98
95,99
96,97
96,98
96,99
98,99
