0,1
0,2
0,3
0,4
0,5
0,6
0,7
0,8
0,9
0,10
0,11
0,12
0,13
0,14
0,15
0,16
0,17
0,18
0,19
0,20
0,21
0,22
0,23
0,26
0,32
0,34
0,35
0,36
0,44
0,49
0,52
0,55
0,61
0,63
0,70
0,75
0,77
0,78
0,98
0,99
1,2
1,3
1,4
1,5
1,6
1,7
1,8
1,9
1,10
1,11
1,12
1,13
1,14
1,15
1,16
1,17
1,18
1,19
1,20
1,21
1,22
1,23
2,3
2,4
2,5
2,6
2,7
2,8
2,9
2,10
2,11
2,12
2,13
2,14
2,15
2,16
2,17
2,18
2,19
2,20
2,21
2,22
2,23
2,26
2,32
2,34
2,35
2,36
2,44
2,49
2,52
2,55
2,61
2,63
2,70
2,75
2,77
2,78
2,98
2,99
3,4
3,5
3,6
3,7
3,8
3,9
3,10
3,11
3,12
3,13
3,14
3,15
3,16
3,17
3,18
3,19
3,20
3,21
3,22
3,23
3,26
3,32
3,34
3,35
3,36
3,44
3,49
3,52
3,55
3,61
3,63
3,70
3,75
3,77
3,78
3,98
3,99
4,5
4,6
4,7
4,8
4,9
4,10
4,11
4,12
4,13
4,14
4,15
4,16
4,17
4,18
4,19
4,20
4,21
4,22
4,23
5,6
5,7
5,8
5,9
5,10
5,11
5,12
5,13
5,14
5,15
5,16
5,17
5,18
5,19
5,20
5,21
5,22
5,23
5,26
5,32
5,34
5,35
5,36
5,44
5,49
5,52
5,55
5,61
5,63
5,70
5,75
5,77
5,78
5,98
5,99
6,7
6,8
6,9
6,10
6,11
6,12
6,13
6,14
6,15
6,16
6,17
6,18
6,19
6,20
6,21
6,22
6,23
7,8
7,9
7,10
7,11
7,12
7,13
7,14
7,15
7,16
7,17
7,18
7,19
7,20
7,21
7,22
7,23
8,9
8,10
8,11
8,12
8,13
8,14
8,15
8,16
8,17
8,18
8,19
8,20
8,21
8,22
8,23
9,10
9,11
9,12
9,13
9,14
9,15
9,16
9,17
9,18
9,19
9,20
9,21
9,22
9,23
10,11
10,12
10,13
10,14
10,15
10,16
10,17
10,18
10,19
10,20
10,21
10,22
10,23
10,26
10,32
10,34
10,35
10,36
10,44
10,49
10,52
10,55
10,61
10,63
10,70
10,75
10,77
10,78
10,98
10,99
11,12
11,13
11,14
11,15
11,16
11,17
11,18
11,19
11,20
11,21
11,22
11,23
12,13
12,14
12,15
12,16
12,17
12,18
12,19
12,20
12,21
12,22
13,14
13,15
13,16
13,17
13,18
13,19
13,20
13,21
13,22
13,23
14,15
14,16
14,17
14,18
14,19
14,20
14,21
14,22
14,23
14,26
14,32
14,34
14,35
14,36
14,44
14,49
14,52
14,55
14,61
14,63
14,70
14,75
14,77
14,78
14,98
14,99
15,16
15,17
15,18
15,19
15,20
15,21
15,22
15,23
16,17
16,18
16,19
16,20
16,21
16,22
16,23
17,18
17,19
17,20
17,21
17,22
17,23
18,19
18,20
18,21
18,22
18,23
18,26
18,32
18,34
18,35
18,36
18,44
18,49
18,52
18,55
18,61
18,63
18,70
18,75
18,77
18,78
18,98
18,99
19,20
19,21
19,22
19,23
20,21
20,22
20,23
21,22
21,23
22,23
26,32
26,34
26,35
26,36
26,44
26,49
26,52
26,55
26,61
26,63
26,70
26,75
26,77
26,78
26,98
26,99
32,34
32,35
32,36
32,44
32,49
32,52
32,55
32,61
32,63
32,70
32,75
32,77
32,78
32,98
32,99
34,35
34,36
34,44
34,49
34,52
34,55
34,61
34,63
34,70
34,75
34,77
34,78
34,98
34,99
35,36
35,44
35,49
35,52
35,55
35,61
35,63
35,70
35,75
35,77
35,78
35,98
35,99
36,44
36,49
36,52
36,55
36,61
36,63
36,70
36,75
36,77
36,78
36,98
36,99
44,49
44,52
44,55
44,61
44,63
44,70
44,75
44,77
44,78
44,98
44,99
48,62
48,65
48,67
49,50
49,52
49,53
49,55
49,57
49,61
49,63
49,70
49,75
49,77
49,78
49,98
49,99
50,51
50,52
50,53
50,57
50,58
50,59
50,62
51,54
51,58
51,60
51,61
51,62
52,53
52,55
52,56
52,59
52,60
52,61
52,63
52,65
52,67
52,70
52,73
52,75
52,76
52,77
52,78
52,98
52,99
53,54
53,56
53,58
53,59
53,60
53,61
53,62
53,65
53,67
54,56
54,58
54,59
54,60
54,61
54,62
55,61
55,63
55,70
55,75
55,77
55,78
55,98
55,99
56,58
56,59
56,61
56,64
56,65
56,66
56,67
57,61
58,59
58,60
58,61
58,62
58,64
58,65
58,66
59,60
59,61
59,63
59,65
59,66
59,67
59,68
59,74
60,61
60,62
60,64
60,65
60,66
60,67
60,68
60,71
60,72
61,62
61,63
61,64
61,66
61,67
61,68
61,70
61,72
61,75
61,77
61,78
61,98
61,99
62,64
62,66
62,67
62,68
62,71
62,72
62,74
62,76
63,64
63,65
63,66
63,67
63,68
63,70
63,71
63,72
63,73
63,74
63,75
63,77
63,78
63,81
63,98
63,99
64,65
64,66
64,67
64,68
64,69
64,73
64,74
64,76
64,77
65,66
65,69
65,72
65,73
65,74
65,76
65,80
65,81
65,84
66,67
66,68
67,69
67,75
67,76
67,77
67,79
67,80
67,82
67,83
67,85
69,71
70,71
70,75
70,77
70,78
70,83
70,84
70,85
70,86
70,91
70,98
70,99
71,72
71,73
71,74
71,75
71,76
72,73
72,74
72,75
72,79
73,74
73,75
73,78
73,79
73,80
73,83
73,85
73,86
73,91
74,77
74,78
74,79
74,80
74,81
74,82
74,84
74,85
74,86
74,92
75,77
75,78
75,79
75,80
75,82
75,91
75,92
75,95
75,98
75,99
76,79
76,82
76,83
76,84
76,85
77,78
77,80
77,81
77,84
77,85
77,98
77,99
78,80
78,81
78,82
78,83
78,85
78,86
78,91
78,95
78,98
78,99
79,80
79,81
79,82
79,83
79,84
79,85
79,86
79,88
79,92
80,82
80,83
80,84
80,85
80,90
80,91
80,95
81,82
81,83
81,84
81,85
81,86
81,88
81,90
81,91
81,92
82,84
82,85
82,86
82,87
82,88
82,90
83,84
83,86
83,87
84,85
84,86
84,87
84,88
84,90
84,92
84,95
85,88
85,89
85,90
85,91
85,92
85,95
85,96
85,97
86,88
86,89
86,90
86,91
86,92
87,89
87,91
87,92
87,95
87,96
87,97
88,89
88,90
88,92
88,95
88,96
88,97
89,96
89,97
90,91
90,92
90,95
91,92
91,95
92,93
93,94
93,95
93,96
93,97
93,99
94,95
94,96
94,97
95,96
95,97
96,99
97,99
98,99
