0,1
0,2
0,3
0,4
0,5
0,6
0,7
0,8
0,9
0,10
0,11
0,12
0,13
0,14
0,15
0,16
0,17
0,18
0,19
0,20
0,21
0,22
0,23
0,24
0,25
0,26
0,27
0,28
0,30
0,32
0,33
0,42
0,45
0,47
0,49
0,53
0,54
0,55
0,57
0,58
0,60
0,63
0,64
0,72
0,75
0,76
0,77
0,82
0,84
0,88
0,89
0,94
0,98
1,2
1,3
1,4
1,5
1,6
1,7
1,8
1,9
1,10
1,11
1,12
1,13
1,14
1,15
1,16
1,17
1,18
1,19
1,20
1,21
1,22
1,23
1,24
1,25
1,26
1,27
1,28
1,30
1,32
1,33
1,42
1,45
1,47
1,49
1,53
1,54
1,55
1,57
1,58
1,60
1,63
1,64
1,72
1,75
1,76
1,77
1,82
1,84
1,88
1,89
1,94
1,98
2,3
2,4
2,5
2,6
2,7
2,8
2,9
2,10
2,11
2,12
2,13
2,14
2,15
2,16
2,17
2,18
2,19
2,20
2,21
2,22
2,23
2,24
2,25
2,26
2,27
2,28
2,93
2,94
2,95
3,4
3,5
3,6
3,7
3,8
3,9
3,10
3,11
3,12
3,13
3,14
3,15
3,16
3,17
3,18
3,19
3,20
3,21
3,22
3,23
3,24
3,25
3,26
3,27
3,28
3,48
3,50
3,63
3,66
3,67
3,68
3,71
3,73
3,78
3,79
3,82
3,83
3,88
3,89
3,90
3,91
3,92
3,93
3,95
3,96
3,99
4,5
4,6
4,7
4,8
4,9
4,10
4,11
4,12
4,13
4,14
4,15
4,16
4,17
4,18
4,19
4,20
4,21
4,22
4,23
4,24
4,25
4,26
4,27
4,28
4,47
4,48
4,50
4,51
4,56
4,57
5,6
5,7
5,8
5,9
5,10
5,11
5,12
5,13
5,14
5,15
5,16
5,17
5,18
5,19
5,20
5,21
5,22
5,23
5,24
5,25
5,26
5,27
5,28
5,30
5,32
5,33
5,42
5,45
5,47
5,49
5,53
5,54
5,55
5,57
5,58
5,60
5,63
5,64
5,72
5,75
5,76
5,77
5,82
5,84
5,88
5,89
5,94
5,98
6,7
6,8
6,9
6,10
6,11
6,12
6,13
6,14
6,15
6,16
6,17
6,18
6,19
6,20
6,21
6,22
6,23
6,24
6,25
6,26
6,27
6,28
7,8
7,9
7,10
7,11
7,12
7,13
7,14
7,15
7,16
7,17
7,18
7,19
7,20
7,21
7,22
7,23
7,24
7,25
7,26
7,27
7,28
7,30
7,32
7,33
7,42
7,45
7,47
7,49
7,53
7,54
7,55
7,57
7,58
7,60
7,63
7,64
7,72
7,75
7,76
7,77
7,82
7,84
7,88
7,89
7,94
7,98
8,9
8,10
8,11
8,12
8,13
8,14
8,15
8,16
8,17
8,18
8,19
8,20
8,21
8,22
8,23
8,24
8,25
8,26
8,27
8,28
9,10
9,11
9,12
9,13
9,14
9,15
9,16
9,17
9,18
9,19
9,20
9,21
9,22
9,23
9,24
9,25
9,26
9,27
9,28
9,39
9,51
10,11
10,12
10,13
10,14
10,15
10,16
10,17
10,18
10,19
10,20
10,21
10,22
10,23
10,24
10,25
10,26
10,27
10,28
10,39
10,42
10,44
10,45
10,47
10,48
10,50
10,51
11,12
11,13
11,14
11,15
11,16
11,17
11,18
11,19
11,20
11,21
11,22
11,23
11,24
11,25
11,26
11,27
11,28
11,39
11,41
11,42
11,44
11,45
11,48
11,50
11,51
11,63
11,64
11,66
11,71
11,73
12,13
12,14
12,15
12,16
12,17
12,18
12,19
12,20
12,21
12,22
12,23
12,24
12,25
12,26
12,27
12,28
13,14
13,15
13,16
13,17
13,18
13,19
13,20
13,21
13,22
13,23
13,24
13,25
13,26
13,27
13,28
13,44
13,45
13,46
13,48
13,49
13,50
13,51
13,66
13,67
13,68
13,70
13,73
13,74
13,78
14,15
14,16
14,17
14,18
14,19
14,20
14,21
14,22
14,23
14,24
14,25
14,26
14,27
14,28
14,41
14,42
14,43
14,44
14,45
14,46
14,47
14,50
14,51
14,54
14,56
14,64
14,66
14,67
14,68
14,70
15,16
15,17
15,18
15,19
15,20
15,21
15,22
15,23
15,24
15,25
15,26
15,27
15,28
15,41
15,42
15,43
15,44
15,46
15,47
15,48
15,50
15,51
15,53
15,54
15,56
15,57
15,63
15,64
15,66
15,67
15,68
15,70
15,71
15,73
15,74
15,76
15,77
15,78
15,79
15,82
15,83
16,17
16,18
16,19
16,20
16,21
16,22
16,23
16,24
16,25
16,26
16,27
16,28
16,39
16,42
16,43
16,44
16,46
16,47
16,50
16,51
17,18
17,19
17,20
17,21
17,22
17,23
17,24
17,25
17,26
17,27
17,28
18,19
18,20
18,21
18,22
18,23
18,24
18,25
18,26
18,27
18,28
19,20
19,21
19,22
19,23
19,24
19,25
19,26
19,27
19,28
20,21
20,22
20,23
20,24
20,25
20,26
20,27
20,28
21,22
21,23
21,24
21,25
21,26
21,27
21,28
22,23
22,24
22,25
22,26
22,27
23,24
23,25
23,26
23,27
23,28
24,25
24,26
24,27
24,28
25,26
25,27
25,28
26,27
26,28
26,48
26,49
26,50
26,51
26,53
26,56
26,63
26,67
26,68
26,72
26,73
26,88
27,28
29,44
29,49
29,50
29,63
29,67
30,32
30,33
30,37
30,38
30,42
30,45
30,47
30,49
30,53
30,54
30,55
30,57
30,58
30,60
30,63
30,64
30,72
30,75
30,76
30,77
30,82
30,84
30,88
30,89
30,94
30,98
31,37
31,38
31,39
31,40
32,33
32,42
32,45
32,47
32,49
32,53
32,54
32,55
32,57
32,58
32,60
32,61
32,62
32,63
32,64
32,66
32,67
32,69
32,71
32,72
32,73
32,75
32,76
32,77
32,82
32,84
32,88
32,89
32,94
32,98
33,36
33,37
33,40
33,41
33,42
33,43
33,45
33,47
33,49
33,53
33,54
33,55
33,57
33,58
33,60
33,63
33,64
33,72
33,75
33,76
33,77
33,82
33,84
33,88
33,89
33,94
33,98
34,38
34,39
34,41
34,43
34,50
34,51
34,52
34,53
34,59
34,61
34,62
34,63
34,64
34,66
34,67
34,69
34,70
34,71
34,73
35,38
35,39
35,41
35,46
35,47
35,48
36,37
36,38
36,39
36,41
36,43
36,44
36,45
36,46
36,47
36,49
36,50
36,51
36,52
36,54
36,55
36,57
36,59
36,61
36,62
36,63
36,64
36,66
36,67
36,68
36,69
36,70
36,72
36,73
36,78
36,80
36,83
37,38
37,39
37,41
37,42
38,39
38,40
38,43
38,44
38,45
38,47
38,48
38,49
38,54
38,55
38,56
38,57
38,59
38,61
38,62
38,63
38,64
38,66
38,67
38,70
38,71
38,72
38,73
38,77
38,78
38,80
38,81
39,40
39,41
39,42
39,43
39,45
39,46
39,47
39,48
39,49
39,52
39,53
39,54
39,57
39,58
39,60
39,62
39,65
39,66
39,67
39,70
39,71
39,72
39,73
39,74
39,78
39,80
41,44
41,45
41,46
41,47
41,48
42,43
42,44
42,45
42,46
42,47
42,48
42,49
42,50
42,52
42,53
42,54
42,55
42,57
42,58
42,60
42,63
42,64
42,65
42,66
42,67
42,69
42,72
42,75
42,76
42,77
42,82
42,84
42,88
42,89
42,94
42,98
43,44
43,45
43,46
43,48
43,49
43,52
43,53
43,54
43,56
43,58
43,60
43,61
43,62
43,63
43,64
43,65
43,67
43,68
43,69
43,70
43,71
43,72
45,47
45,49
45,51
45,52
45,53
45,54
45,55
45,56
45,57
45,58
45,59
45,60
45,61
45,62
45,63
45,64
45,66
45,67
45,70
45,72
45,74
45,75
45,76
45,77
45,82
45,84
45,88
45,89
45,94
45,98
46,48
46,49
46,52
46,54
46,55
46,57
46,58
46,59
46,60
46,61
47,49
47,51
47,52
47,53
47,54
47,55
47,56
47,57
47,58
47,60
47,63
47,64
47,72
47,75
47,76
47,77
47,82
47,84
47,88
47,89
47,94
47,98
48,49
48,50
48,51
48,52
48,53
48,54
48,55
48,57
48,59
48,60
48,61
48,66
48,67
48,70
48,77
48,80
48,81
48,83
48,92
48,93
48,97
49,50
49,51
49,53
49,54
49,55
49,57
49,58
49,60
49,63
49,64
49,72
49,75
49,76
49,77
49,82
49,84
49,88
49,89
49,94
49,98
50,51
50,52
50,53
50,54
51,52
51,54
51,55
51,56
51,60
51,65
51,67
51,71
51,73
51,74
51,77
51,78
51,79
51,80
51,81
51,89
51,92
51,93
52,54
52,55
53,54
53,55
53,57
53,58
53,60
53,63
53,64
53,72
53,75
53,76
53,77
53,82
53,84
53,88
53,89
53,94
53,98
54,55
54,57
54,58
54,60
54,61
54,62
54,63
54,64
54,65
54,66
54,72
54,75
54,76
54,77
54,82
54,84
54,88
54,89
54,94
54,98
55,56
55,57
55,58
55,59
55,60
55,62
55,63
55,64
55,65
55,72
55,75
55,76
55,77
55,82
55,84
55,88
55,89
55,94
55,98
56,58
56,59
56,60
56,61
56,64
56,65
56,66
56,67
56,70
56,73
56,74
56,75
56,79
56,80
56,93
57,58
57,60
57,63
57,64
57,67
57,69
57,70
57,72
57,73
57,74
57,75
57,76
57,77
57,79
57,80
57,82
57,84
57,88
57,89
57,94
57,98
58,60
58,63
58,64
58,72
58,75
58,76
58,77
58,82
58,84
58,88
58,89
58,94
58,98
59,60
59,62
59,63
59,64
59,65
59,69
59,70
59,71
59,72
59,73
59,74
59,75
59,76
59,78
59,79
60,61
60,62
60,63
60,64
60,72
60,75
60,76
60,77
60,82
60,84
60,88
60,89
60,94
60,98
61,62
63,64
63,68
63,69
63,70
63,71
63,72
63,75
63,76
63,77
63,78
63,79
63,80
63,82
63,84
63,88
63,89
63,94
63,98
64,68
64,70
64,71
64,72
64,73
64,75
64,76
64,77
64,82
64,84
64,88
64,89
64,94
64,98
65,68
65,69
66,69
66,70
66,71
66,79
66,80
66,83
66,89
66,93
67,69
67,70
67,71
67,72
67,74
67,77
67,78
67,79
67,80
67,83
67,84
67,88
67,89
67,93
67,96
67,98
68,71
68,72
68,74
68,76
68,77
68,78
68,79
68,80
68,82
68,83
68,84
68,85
68,87
68,88
68,90
69,72
69,74
69,76
69,78
69,79
69,80
69,82
69,83
69,84
69,85
69,86
69,87
69,88
69,90
69,91
69,93
69,94
69,96
70,72
70,73
70,74
70,75
70,76
70,77
70,78
70,79
70,83
70,84
70,85
70,86
70,88
70,89
70,90
70,91
70,93
70,94
70,96
70,98
71,73
71,74
71,75
71,76
71,78
71,79
71,80
71,81
71,82
71,83
71,85
71,86
71,87
72,73
72,74
72,75
72,76
72,77
72,82
72,84
72,88
72,89
72,94
72,98
73,74
73,75
73,76
73,77
73,79
73,80
73,81
73,82
73,83
73,84
73,85
73,86
73,87
73,89
73,90
73,94
73,95
73,97
73,98
74,75
74,76
74,78
74,80
74,81
74,82
74,83
74,85
74,86
74,87
74,88
75,76
75,77
75,82
75,84
75,88
75,89
75,94
75,98
76,77
76,82
76,84
76,86
76,87
76,88
76,89
76,90
76,91
76,93
76,94
76,96
76,97
76,98
77,78
77,79
77,80
77,82
77,83
77,84
77,85
77,86
77,87
77,88
77,89
77,90
77,91
77,93
77,94
77,95
77,96
77,98
78,79
78,80
78,81
78,82
78,83
78,85
78,89
78,91
78,92
78,93
78,95
78,97
78,98
79,80
79,82
79,85
79,86
79,89
79,90
79,91
79,92
79,94
79,95
79,98
80,81
80,82
80,83
80,84
80,85
80,86
80,87
80,91
81,82
81,83
81,84
81,85
81,86
81,87
81,89
81,90
81,91
81,93
81,94
82,84
82,85
82,88
82,89
82,94
82,98
83,85
83,86
83,87
83,89
83,90
83,94
83,95
83,96
83,99
84,85
84,86
84,87
84,88
84,89
84,94
84,98
85,86
85,87
85,88
85,89
85,90
85,91
85,94
85,95
85,96
86,87
86,88
86,89
86,90
86,94
86,95
86,96
86,98
87,88
87,89
87,90
87,91
87,92
87,94
87,95
87,96
87,97
87,98
87,99
88,89
88,90
88,91
88,94
88,98
89,91
89,92
89,93
89,94
89,96
89,97
89,98
90,93
90,94
90,95
90,96
90,97
90,98
90,99
91,92
91,93
91,94
91,96
91,97
91,99
92,93
92,94
92,95
92,96
92,97
92,98
93,94
93,95
93,97
93,98
93,99
94,95
94,96
94,98
96,97
96,98
