0,1
0,2
0,3
0,4
0,5
0,6
0,7
0,8
0,9
0,10
0,11
0,12
0,13
0,14
0,15
0,16
0,17
0,20
0,21
0,22
0,23
0,24
0,25
0,27
0,28
1,2
1,3
1,4
1,5
1,6
1,7
1,8
1,9
1,10
1,11
1,12
1,13
1,14
1,15
1,16
1,17
1,19
1,20
1,21
1,22
1,23
1,24
1,25
1,26
1,27
1,28
1,29
1,30
1,31
1,32
1,33
2,3
2,4
2,5
2,6
2,7
2,8
2,9
2,10
2,11
2,12
2,13
2,14
2,15
2,16
2,17
2,18
2,19
2,20
2,21
2,22
2,23
2,24
2,25
2,26
2,27
2,28
2,29
2,30
2,31
2,32
2,33
2,34
2,37
2,38
2,39
2,49
2,60
2,61
2,62
2,81
2,89
2,90
2,95
2,98
3,4
3,5
3,6
3,7
3,8
3,9
3,10
3,11
3,12
3,13
3,14
3,15
3,16
3,17
3,18
3,19
3,20
4,5
4,6
4,7
4,8
4,9
4,10
4,11
4,12
4,13
4,14
4,15
4,16
4,17
4,18
4,19
4,20
4,21
4,22
4,23
4,24
4,25
4,26
4,27
4,29
4,30
4,49
4,60
4,61
4,62
4,81
4,89
4,90
4,95
4,98
5,6
5,7
5,8
5,9
5,10
5,11
5,12
5,13
5,14
5,15
5,16
5,17
5,19
5,20
5,21
5,22
5,23
5,24
5,25
5,26
5,27
5,28
5,29
5,30
5,31
5,32
5,33
5,35
5,36
5,37
5,38
5,39
5,40
5,41
5,43
5,45
5,46
5,47
5,48
5,49
5,50
5,51
5,52
5,53
5,54
5,55
5,60
5,61
5,62
5,81
5,89
5,90
5,95
5,98
6,7
6,8
6,9
6,10
6,11
6,12
6,13
6,14
6,15
6,16
6,17
6,18
6,19
6,20
6,21
6,29
6,30
6,49
6,60
6,61
6,62
6,81
6,89
6,90
6,95
6,98
7,8
7,9
7,10
7,11
7,12
7,13
7,14
7,15
7,16
7,17
7,18
7,19
7,20
7,21
7,22
7,23
7,24
7,25
7,27
7,28
7,29
7,31
7,33
7,34
7,35
7,36
7,37
7,38
7,39
7,40
7,41
7,43
7,44
7,45
7,46
7,47
7,48
8,9
8,10
8,11
8,12
8,13
8,14
8,15
8,16
8,17
8,20
8,21
8,22
8,23
8,24
8,25
8,26
8,27
8,28
8,29
9,10
9,11
9,12
9,13
9,14
9,15
9,16
10,11
10,12
10,13
10,14
10,15
10,16
10,17
11,12
11,13
11,14
11,15
11,16
11,17
11,19
11,20
11,21
12,13
12,14
12,15
12,16
12,17
12,20
12,21
12,22
12,23
12,24
12,29
12,30
12,49
12,60
12,61
12,62
12,81
12,89
12,90
12,95
12,98
13,14
13,15
13,16
13,17
13,18
13,19
13,20
13,21
13,22
13,23
13,24
14,15
14,16
14,17
14,29
14,30
14,49
14,60
14,61
14,62
14,81
14,89
14,90
14,95
14,98
15,16
15,17
15,18
15,19
15,20
15,21
15,22
15,23
15,24
15,25
15,26
15,27
15,28
15,29
15,30
15,31
15,32
15,33
15,34
15,35
15,36
15,37
15,49
15,60
15,61
15,62
15,81
15,89
15,90
15,95
15,98
16,17
16,18
17,18
17,19
17,20
17,21
17,22
17,23
17,24
17,25
17,26
17,27
17,28
17,29
17,30
17,31
17,32
17,33
17,34
17,35
17,36
17,37
17,38
17,39
17,40
17,41
17,42
17,43
17,44
17,45
17,46
17,47
17,48
18,19
18,20
18,21
18,22
18,23
18,24
18,25
18,26
18,27
18,28
18,29
18,30
18,31
18,32
18,33
18,34
18,35
18,36
18,37
18,38
18,39
18,40
18,41
18,42
18,43
18,44
18,45
18,46
18,47
18,48
18,49
18,51
18,52
19,20
19,21
19,22
19,23
19,24
19,25
19,26
19,27
19,28
19,29
19,30
19,31
19,32
19,33
19,34
19,35
19,36
20,21
20,22
20,23
20,24
20,25
20,26
20,27
20,28
20,29
20,30
21,22
21,23
22,23
22,24
22,25
22,26
22,27
22,28
22,29
22,30
22,31
22,32
22,33
22,34
22,35
22,36
22,37
22,38
22,39
22,40
22,42
22,43
23,24
23,25
23,26
23,27
23,28
23,29
23,30
23,31
23,32
23,33
23,34
23,35
23,36
23,37
23,38
23,39
23,40
23,41
24,25
24,26
24,27
24,28
24,29
24,30
24,31
24,32
24,33
24,34
24,35
24,36
24,37
24,38
24,39
24,40
24,41
24,42
24,43
24,44
24,45
24,46
24,47
24,48
24,49
24,50
24,51
24,52
24,53
24,54
24,55
24,57
24,58
24,59
24,61
24,62
24,64
24,65
24,66
24,68
24,69
24,70
24,71
24,73
24,75
24,76
24,77
24,78
24,79
24,80
24,81
24,82
24,83
24,85
24,87
24,88
24,89
24,90
24,91
24,92
24,93
24,95
24,96
24,97
24,98
24,99
25,26
25,27
25,28
25,29
25,30
25,31
25,32
25,33
25,34
25,35
25,36
25,37
25,38
25,39
25,40
25,41
25,42
25,43
25,44
25,45
25,46
25,47
27,28
27,29
27,30
27,31
27,32
27,33
27,34
27,35
28,29
28,30
28,31
28,32
28,33
28,34
28,35
28,36
28,37
28,38
28,39
28,40
28,41
28,42
28,43
28,44
28,45
28,46
28,48
28,49
28,50
29,30
29,31
29,49
29,60
29,61
29,62
29,81
29,89
29,90
29,95
29,98
30,31
30,32
30,33
30,34
30,35
30,36
30,37
30,38
30,39
30,40
30,41
30,42
30,43
30,44
30,45
30,47
30,48
30,49
30,50
30,51
30,52
30,53
30,54
30,55
30,56
30,57
30,58
30,59
30,60
30,61
30,62
30,63
30,64
30,65
30,66
30,67
30,81
30,89
30,90
30,95
30,98
31,32
32,33
32,34
33,34
33,35
33,36
33,37
33,38
34,35
34,36
34,37
34,38
34,39
34,40
34,41
34,42
34,43
34,44
34,45
34,46
34,47
34,48
34,49
34,50
34,51
34,52
34,53
34,54
34,55
34,56
34,57
34,58
34,59
34,61
34,62
34,63
34,64
35,36
35,37
35,38
35,39
35,40
36,37
36,38
36,39
36,40
36,41
36,42
36,43
36,44
36,45
36,46
36,47
36,49
36,50
36,51
36,52
36,54
36,55
36,56
36,57
37,38
37,39
37,40
37,41
37,42
37,43
37,44
38,40
38,41
38,42
38,43
38,44
38,45
39,40
39,41
39,42
39,43
39,44
39,45
39,46
39,47
39,48
39,49
39,50
39,51
40,41
40,42
41,42
41,43
41,44
41,45
41,46
41,47
41,48
41,49
41,50
41,51
41,52
41,53
42,43
42,44
42,45
42,46
43,44
43,45
43,46
43,47
43,48
43,49
43,50
43,51
43,52
43,53
43,54
43,55
43,56
43,57
43,58
43,59
43,60
43,61
43,62
43,63
44,45
44,46
44,47
44,48
44,49
44,50
44,51
44,52
44,53
44,54
44,55
44,56
44,57
44,58
44,59
45,46
45,47
45,48
45,49
45,50
45,51
45,52
45,53
45,54
45,55
45,56
45,57
45,58
45,59
45,60
45,61
45,62
45,63
45,64
45,65
45,66
45,67
45,68
45,69
45,70
45,71
45,72
45,74
45,76
45,77
45,78
45,79
45,80
45,81
45,82
46,47
46,48
46,49
46,50
46,51
46,52
46,53
46,54
46,55
46,56
46,57
46,58
46,59
46,60
46,61
46,62
46,64
46,65
46,66
46,67
46,68
46,69
46,70
46,71
46,72
46,73
46,74
46,75
46,76
46,77
46,78
46,79
46,80
46,81
46,82
46,83
47,48
47,49
47,50
47,51
47,52
47,53
47,54
47,55
47,56
47,57
47,58
47,59
47,60
47,61
47,62
47,63
47,64
47,65
47,66
47,67
47,68
47,69
47,70
47,71
47,72
47,73
47,74
47,75
47,76
47,77
47,78
47,79
47,80
48,49
48,50
48,51
48,53
48,54
48,55
48,56
48,57
48,58
48,59
48,60
48,61
48,62
48,63
48,64
48,65
48,66
48,67
48,68
48,69
48,70
48,71
48,72
48,73
48,74
48,75
48,76
48,78
48,79
48,80
48,81
48,82
48,83
48,85
48,86
48,87
48,88
48,89
48,91
48,95
48,96
48,97
48,98
48,99
49,50
49,51
49,52
49,53
49,54
49,55
49,56
49,57
49,58
49,59
49,60
49,61
49,62
49,63
49,64
49,65
49,66
49,67
49,68
49,69
49,70
49,71
49,72
49,73
49,74
49,75
49,76
49,77
49,78
49,79
49,80
49,81
49,82
49,83
49,84
49,85
49,86
49,87
49,88
49,89
49,90
49,91
49,95
49,98
50,51
50,52
50,53
50,54
50,55
50,56
50,57
50,58
50,59
50,60
51,52
51,53
51,54
51,55
51,56
51,57
51,58
51,59
51,60
51,61
51,62
52,53
52,54
52,55
52,56
53,54
53,55
53,56
53,57
53,58
55,56
55,57
55,58
55,59
55,60
55,61
55,62
55,63
55,64
55,65
56,57
56,58
56,59
56,60
56,61
56,62
56,63
56,64
56,65
56,66
56,67
56,68
56,69
56,70
56,71
56,72
56,73
56,74
57,58
57,59
57,60
57,61
57,62
57,63
57,64
57,65
57,66
57,67
57,68
57,69
57,70
57,71
57,72
57,73
57,74
57,75
58,59
58,60
58,61
59,60
59,61
59,62
59,63
59,64
59,65
59,66
59,67
59,69
60,61
60,62
60,63
60,64
60,65
60,81
60,89
60,90
60,95
60,98
61,62
61,63
61,65
61,66
61,67
61,68
61,69
61,70
61,81
61,89
61,90
61,95
61,98
62,63
62,64
62,65
62,66
62,67
62,68
62,69
62,70
62,71
62,73
62,74
62,75
62,77
62,78
62,79
62,80
62,81
62,82
62,83
62,84
62,85
62,86
62,87
62,88
62,89
62,90
62,91
62,93
62,94
62,95
62,98
63,64
63,65
63,66
63,68
63,69
63,70
63,71
63,72
63,73
63,74
63,75
63,76
63,77
63,78
63,79
63,80
63,81
63,82
63,83
63,84
63,85
63,86
63,87
63,88
63,89
63,90
63,91
63,92
63,93
63,94
63,95
63,96
63,97
63,98
63,99
64,65
64,66
64,67
64,69
64,70
64,71
65,66
65,67
65,68
65,69
65,70
65,71
65,72
65,73
65,74
65,75
65,76
65,77
66,67
66,68
66,69
66,70
66,71
66,72
66,73
66,74
66,75
66,76
66,77
66,78
66,79
66,80
66,81
66,82
66,83
66,84
66,85
66,86
66,87
66,88
66,89
66,90
66,91
66,92
66,93
67,68
68,69
68,70
68,71
68,72
68,73
68,74
68,75
68,76
68,77
68,78
68,79
68,80
68,81
68,82
68,83
68,84
68,85
68,86
68,87
68,88
68,89
68,90
69,70
69,71
69,72
70,71
70,72
70,73
70,74
70,75
70,76
70,77
70,78
70,79
70,80
70,81
70,82
70,83
70,84
70,85
70,86
70,87
70,88
71,72
71,73
71,74
71,75
71,76
71,77
71,78
72,73
72,74
72,75
72,76
72,77
72,79
72,80
72,81
72,82
72,83
72,84
72,85
72,86
74,75
74,76
74,77
74,78
74,79
74,80
74,81
74,82
74,83
74,84
74,85
74,86
74,87
74,88
74,90
74,91
74,92
74,93
74,94
74,95
74,96
75,76
76,77
76,78
76,79
76,80
76,81
76,82
76,83
76,84
76,85
76,86
76,87
76,88
76,89
76,90
76,91
76,92
76,93
76,94
76,95
76,96
76,97
76,98
76,99
77,78
77,79
77,80
77,81
77,82
77,83
77,85
78,79
79,80
79,81
79,82
79,83
79,84
79,85
79,86
79,87
79,88
79,89
79,90
79,91
79,92
79,93
79,94
79,95
79,96
79,97
79,98
79,99
80,81
80,82
80,83
80,84
80,85
80,86
80,87
80,88
80,89
81,89
81,90
81,95
81,98
82,83
82,84
82,85
82,86
82,87
82,88
82,89
82,90
82,91
82,92
82,93
82,94
82,95
82,96
82,98
83,84
83,85
83,86
83,87
83,88
83,89
83,90
83,91
83,92
83,93
83,94
83,95
83,96
83,97
85,86
85,87
86,87
86,88
86,89
86,90
86,91
86,92
86,93
86,94
86,95
86,96
86,97
86,98
86,99
87,88
87,89
87,90
87,91
87,92
88,89
88,90
88,91
88,92
88,93
88,94
88,95
88,96
88,97
88,98
88,99
89,90
89,91
89,92
89,93
89,94
89,95
89,96
89,97
89,98
89,99
90,92
90,93
90,94
90,95
90,96
90,97
90,98
90,99
91,92
91,93
91,94
92,93
92,94
92,95
92,96
92,97
92,98
92,99
93,94
93,95
93,96
93,97
93,98
93,99
94,95
94,96
94,97
94,98
94,99
95,96
95,97
95,98
95,99
96,97
96,99
97,98
97,99
98,99
