0,1
0,2
0,3
0,4
0,5
0,6
0,7
0,8
0,9
0,10
0,11
0,12
0,13
0,14
0,15
0,16
0,17
0,18
0,19
0,20
0,21
0,22
0,23
0,24
0,25
0,26
0,27
0,28
0,29
0,30
0,31
0,32
0,33
0,34
0,35
0,36
0,37
0,38
0,39
0,40
0,42
0,46
0,48
0,50
0,55
0,56
0,58
0,68
0,72
0,74
0,75
0,79
0,84
0,85
0,86
0,87
0,88
0,89
0,91
0,94
0,96
0,97
0,98
1,2
1,3
1,4
1,5
1,6
1,7
1,8
1,9
1,10
1,11
1,12
1,13
1,14
1,15
1,16
1,17
1,18
1,19
1,20
1,21
1,22
1,23
1,24
1,25
1,26
1,27
1,28
1,29
1,30
1,31
1,32
1,33
1,34
1,35
1,36
1,37
1,38
1,39
1,40
2,3
2,4
2,5
2,6
2,7
2,8
2,9
2,10
2,11
2,12
2,13
2,14
2,15
2,16
2,17
2,18
2,19
2,20
2,21
2,22
2,23
2,24
2,25
2,26
2,27
2,28
2,29
2,30
2,31
2,32
2,33
2,34
2,35
2,36
2,37
2,38
2,39
2,40
3,4
3,5
3,6
3,7
3,8
3,9
3,10
3,11
3,12
3,13
3,14
3,15
3,16
3,17
3,18
3,19
3,20
3,21
3,22
3,23
3,24
3,25
3,26
3,27
3,28
3,29
3,30
3,31
3,32
3,33
3,34
3,35
3,36
3,37
3,38
3,39
3,40
4,5
4,6
4,7
4,8
4,9
4,10
4,11
4,12
4,13
4,14
4,15
4,16
4,17
4,18
4,19
4,20
4,21
4,22
4,23
4,24
4,25
4,26
4,27
4,28
4,29
4,30
4,31
4,32
4,33
4,34
4,35
4,36
4,37
4,38
4,39
4,40
4,42
4,46
4,48
4,50
4,55
4,56
4,58
4,68
4,72
4,74
4,75
4,79
4,84
4,85
4,86
4,87
4,88
4,89
4,91
4,94
4,96
4,97
4,98
5,6
5,7
5,8
5,9
5,10
5,11
5,12
5,13
5,14
5,15
5,16
5,17
5,18
5,19
5,20
5,21
5,22
5,23
5,24
5,25
5,26
5,27
5,28
5,29
5,30
5,31
5,32
5,33
5,34
5,35
5,36
5,37
5,38
5,39
5,40
5,42
5,46
5,48
5,50
5,55
5,56
5,58
5,68
5,72
5,74
5,75
5,79
5,84
5,85
5,86
5,87
5,88
5,89
5,91
5,94
5,96
5,97
5,98
6,7
6,8
6,9
6,10
6,11
6,12
6,13
6,14
6,15
6,16
6,17
6,18
6,19
6,20
6,21
6,22
6,23
6,24
6,25
6,26
6,27
6,28
6,29
6,30
6,31
6,32
6,33
6,34
6,35
6,36
6,37
6,38
6,39
6,40
7,8
7,9
7,10
7,11
7,12
7,13
7,14
7,15
7,16
7,17
7,18
7,19
7,20
7,21
7,22
7,23
7,24
7,25
7,26
7,27
7,28
7,29
7,30
7,31
7,32
7,33
7,34
7,35
7,36
7,37
7,38
7,39
7,40
7,42
7,46
7,48
7,50
7,55
7,56
7,58
7,68
7,72
7,74
7,75
7,79
7,84
7,85
7,86
7,87
7,88
7,89
7,91
7,94
7,96
7,97
7,98
8,9
8,10
8,11
8,12
8,13
8,14
8,15
8,16
8,17
8,18
8,19
8,20
8,21
8,22
8,23
8,24
8,25
8,26
8,27
8,28
8,29
8,30
8,31
8,32
8,33
8,34
8,35
8,36
8,37
8,38
8,39
8,42
8,46
8,48
8,50
8,55
8,56
8,58
8,68
8,72
8,74
8,75
8,79
8,84
8,85
8,86
8,87
8,88
8,89
8,91
8,94
8,96
8,97
8,98
9,10
9,11
9,12
9,13
9,14
9,15
9,16
9,17
9,18
9,19
9,20
9,21
9,22
9,23
9,24
9,25
9,26
9,27
9,28
9,29
9,30
9,31
9,32
9,33
9,34
9,35
9,36
9,37
9,38
9,39
9,40
9,42
9,46
9,48
9,50
9,55
9,56
9,58
9,68
9,72
9,74
9,75
9,79
9,84
9,85
9,86
9,87
9,88
9,89
9,91
9,94
9,96
9,97
9,98
10,11
10,12
10,13
10,14
10,15
10,16
10,17
10,18
10,19
10,20
10,21
10,22
10,23
10,24
10,25
10,26
10,27
10,28
10,29
10,30
10,31
10,32
10,33
10,34
10,35
10,36
10,37
10,38
10,39
10,40
10,42
10,46
10,48
10,50
10,55
10,56
10,58
10,68
10,72
10,74
10,75
10,79
10,84
10,85
10,86
10,87
10,88
10,89
10,91
10,94
10,96
10,97
10,98
11,12
11,13
11,14
11,15
11,16
11,17
11,18
11,19
11,20
11,21
11,22
11,23
11,24
11,25
11,26
11,27
11,28
11,29
11,30
11,31
11,32
11,33
11,34
11,35
11,36
11,37
11,38
11,39
11,40
12,13
12,14
12,15
12,16
12,17
12,18
12,19
12,20
12,21
12,22
12,23
12,24
12,25
12,26
12,27
12,28
12,29
12,30
12,31
12,32
12,33
12,34
12,35
12,36
12,37
12,38
12,39
12,40
13,14
13,15
13,16
13,17
13,18
13,19
13,20
13,21
13,22
13,23
13,24
13,25
13,26
13,27
13,28
13,29
13,30
13,31
13,32
13,33
13,34
13,35
13,36
13,37
13,38
13,39
13,40
14,15
14,16
14,17
14,18
14,19
14,20
14,21
14,22
14,23
14,24
14,25
14,26
14,27
14,28
14,29
14,30
14,31
14,32
14,33
14,34
14,35
14,36
14,37
14,38
14,39
14,40
14,42
14,46
14,48
14,50
14,55
14,56
14,58
14,68
14,72
14,74
14,75
14,79
14,84
14,85
14,86
14,87
14,88
14,89
14,91
14,94
14,96
14,97
14,98
15,16
15,17
15,18
15,19
15,20
15,21
15,22
15,23
15,24
15,25
15,26
15,27
15,28
15,29
15,30
15,31
15,32
15,33
15,34
15,35
15,36
15,37
15,38
15,39
15,40
16,17
16,18
16,19
16,20
16,21
16,22
16,23
16,24
16,25
16,26
16,27
16,28
16,29
16,30
16,31
16,32
16,33
16,34
16,35
16,36
16,37
16,38
16,39
16,40
17,18
17,19
17,20
17,21
17,22
17,23
17,24
17,25
17,26
17,27
17,28
17,29
17,30
17,31
17,32
17,33
17,34
17,35
17,36
17,37
17,38
17,39
17,40
18,19
18,20
18,21
18,22
18,23
18,24
18,25
18,26
18,27
18,28
18,29
18,30
18,31
18,32
18,33
18,34
18,35
18,36
18,37
18,38
18,39
18,40
18,42
18,46
18,48
18,50
18,55
18,56
18,58
18,68
18,72
18,74
18,75
18,79
18,84
18,85
18,86
18,87
18,88
18,89
18,91
18,94
18,96
18,97
18,98
19,20
19,21
19,22
19,23
19,24
19,25
19,26
19,27
19,28
19,29
19,30
19,31
19,32
19,33
19,34
19,35
19,36
19,37
19,38
19,39
19,40
20,21
20,22
20,23
20,24
20,25
20,26
20,27
20,28
20,29
20,30
20,31
20,32
20,33
20,34
20,35
20,36
20,37
20,38
20,39
20,40
21,22
21,23
21,24
21,25
21,26
21,27
21,28
21,29
21,30
21,31
21,32
21,33
21,34
21,35
21,36
21,37
21,38
21,39
21,40
22,23
22,24
22,25
22,26
22,27
22,28
22,29
22,30
22,31
22,32
22,33
22,34
22,35
22,36
22,37
22,38
22,39
22,40
22,42
22,46
22,48
22,50
22,55
22,56
22,58
22,68
22,72
22,74
22,75
22,79
22,84
22,85
22,86
22,87
22,88
22,89
22,91
22,94
22,96
22,97
22,98
23,24
23,25
23,26
23,27
23,28
23,29
23,30
23,31
23,32
23,33
23,34
23,35
23,36
23,37
23,38
23,39
23,40
24,25
24,26
24,27
24,28
24,29
24,30
24,31
24,32
24,33
24,34
24,35
24,36
24,37
24,38
24,39
24,40
24,42
24,46
24,48
24,50
24,55
24,56
24,58
24,68
24,72
24,74
24,75
24,79
24,84
24,85
24,86
24,87
24,88
24,89
24,91
24,94
24,96
24,97
24,98
25,26
25,27
25,28
25,29
25,30
25,31
25,32
25,33
25,34
25,35
25,36
25,37
25,38
25,39
25,40
26,27
26,28
26,29
26,30
26,31
26,32
26,33
26,34
26,35
26,36
26,37
26,38
26,39
26,40
26,42
26,46
26,48
26,50
26,55
26,56
26,58
26,68
26,72
26,74
26,75
26,79
26,84
26,85
26,86
26,87
26,88
26,89
26,91
26,94
26,96
26,97
26,98
27,28
27,29
27,30
27,31
27,32
27,33
27,34
27,35
27,36
27,37
27,38
27,39
27,40
28,29
28,30
28,31
28,32
28,33
28,34
28,35
28,36
28,37
28,38
28,39
28,40
29,30
29,31
29,32
29,33
29,34
29,35
29,36
29,37
29,38
29,39
29,40
30,31
30,32
30,33
30,34
30,35
30,36
30,37
30,38
30,39
30,40
30,42
30,46
30,48
30,50
30,55
30,56
30,58
30,68
30,72
30,74
30,75
30,79
30,84
30,85
30,86
30,87
30,88
30,89
30,91
30,94
30,96
30,97
30,98
31,32
31,33
31,34
31,35
31,36
31,37
31,38
31,39
31,40
32,33
32,34
32,35
32,36
32,37
32,38
32,39
32,40
32,42
32,46
32,48
32,50
32,55
32,56
32,58
32,68
32,72
32,74
32,75
32,79
32,84
32,85
32,86
32,87
32,88
32,89
32,91
32,94
32,96
32,97
32,98
33,34
33,35
33,36
33,37
33,38
33,39
33,40
33,42
33,46
33,48
33,50
33,55
33,56
33,58
33,68
33,72
33,74
33,75
33,79
33,84
33,85
33,86
33,87
33,88
33,89
33,91
33,94
33,96
33,97
33,98
34,35
34,36
34,37
34,38
34,39
34,40
34,42
34,46
34,48
34,50
34,55
34,56
34,58
34,68
34,72
34,74
34,75
34,79
34,84
34,85
34,86
34,87
34,88
34,89
34,91
34,94
34,96
34,97
34,98
35,36
35,37
35,38
35,39
35,40
36,37
36,38
36,39
36,40
36,42
36,46
36,48
36,50
36,55
36,56
36,58
36,68
36,72
36,74
36,75
36,79
36,84
36,85
36,86
36,87
36,88
36,89
36,91
36,94
36,96
36,97
36,98
37,38
37,39
37,40
38,39
38,40
38,42
38,46
38,48
38,50
38,55
38,56
38,58
38,68
38,72
38,74
38,75
38,79
38,84
38,85
38,86
38,87
38,88
38,89
38,91
38,94
38,96
38,97
38,98
39,40
42,46
42,48
42,50
42,55
42,56
42,58
42,68
42,72
42,74
42,75
42,79
42,84
42,85
42,86
42,87
42,88
42,89
42,91
42,94
42,96
42,97
42,98
46,48
46,50
46,55
46,56
46,58
46,68
46,72
46,74
46,75
46,79
46,84
46,85
46,86
46,87
46,88
46,89
46,91
46,94
46,96
46,97
46,98
48,50
48,55
48,56
48,58
48,68
48,72
48,74
48,75
48,79
48,84
48,85
48,86
48,87
48,88
48,89
48,91
48,94
48,96
48,97
48,98
50,55
50,56
50,58
50,68
50,72
50,74
50,75
50,79
50,84
50,85
50,86
50,87
50,88
50,89
50,91
50,94
50,96
50,97
50,98
55,56
55,58
55,68
55,72
55,74
55,75
55,79
55,84
55,85
55,86
55,87
55,88
55,89
55,91
55,94
55,96
55,97
55,98
56,58
56,68
56,72
56,74
56,75
56,79
56,84
56,85
56,86
56,87
56,88
56,89
56,91
56,94
56,96
56,97
56,98
58,68
58,72
58,74
58,75
58,79
58,84
58,85
58,86
58,87
58,88
58,89
58,91
58,94
58,96
58,97
58,98
68,72
68,74
68,75
68,79
68,84
68,85
68,86
68,87
68,88
68,89
68,91
68,94
68,96
68,97
68,98
72,74
72,75
72,79
72,84
72,85
72,86
72,87
72,88
72,89
72,91
72,94
72,96
72,97
72,98
74,75
74,79
74,84
74,85
74,86
74,87
74,88
74,89
74,91
74,94
74,96
74,97
74,98
75,79
75,84
75,85
75,86
75,87
75,88
75,89
75,91
75,94
75,96
75,97
75,98
76,82
77,83
78,80
78,82
78,90
79,84
79,85
79,86
79,87
79,88
79,89
79,91
79,94
79,96
79,97
79,98
80,81
80,82
81,83
83,86
83,89
83,92
84,85
84,86
84,87
84,88
84,89
84,91
84,94
84,96
84,97
84,98
85,86
85,87
85,88
85,89
85,91
85,94
85,96
85,97
85,98
86,87
86,88
86,89
86,91
86,94
86,96
86,97
86,98
87,88
87,89
87,91
87,94
87,96
87,97
87,98
88,89
88,91
88,94
88,96
88,97
88,98
89,91
89,92
89,94
89,96
89,97
89,98
91,93
91,94
91,96
91,97
91,98
92,93
94,96
94,97
94,98
96,97
96,98
97,98
