0,1
0,2
0,3
0,4
0,5
0,6
0,7
0,8
0,9
0,10
0,11
0,12
0,13
0,14
0,15
0,16
0,17
0,18
0,19
0,20
0,21
0,22
0,23
0,24
0,25
0,26
0,27
0,28
0,29
0,30
0,31
0,32
0,33
0,34
0,35
1,2
1,3
1,4
1,5
1,6
1,7
1,8
1,9
1,10
1,11
1,12
1,13
1,14
1,15
1,16
1,17
1,18
1,19
1,20
1,21
1,22
1,23
1,24
1,25
1,26
1,27
1,28
1,29
1,30
1,31
1,32
1,33
1,34
1,35
1,39
1,42
1,45
1,49
1,52
1,55
1,56
1,60
1,66
1,68
1,69
1,70
1,72
1,73
1,74
1,77
1,80
1,84
1,88
1,89
1,90
1,91
1,97
2,3
2,4
2,5
2,6
2,7
2,8
2,9
2,10
2,11
2,12
2,13
2,14
2,15
2,16
2,17
2,18
2,19
2,20
2,21
2,22
2,23
2,24
2,25
2,26
2,27
2,28
2,29
2,30
2,31
2,32
2,33
2,34
2,35
2,39
2,42
2,45
2,49
2,52
2,55
2,56
2,60
2,66
2,68
2,69
2,70
2,72
2,73
2,74
2,77
2,80
2,84
2,88
2,89
2,90
2,91
2,97
3,4
3,5
3,6
3,7
3,8
3,9
3,10
3,11
3,12
3,13
3,14
3,15
3,16
3,17
3,18
3,19
3,20
3,21
3,22
3,23
3,24
3,25
3,26
3,27
3,28
3,29
3,30
3,31
3,32
3,33
3,34
3,35
4,5
4,6
4,7
4,8
4,9
4,10
4,11
4,12
4,13
4,14
4,15
4,16
4,17
4,18
4,19
4,20
4,21
4,22
4,23
4,24
4,25
4,26
4,27
4,28
4,29
4,30
4,31
4,32
4,33
4,34
4,35
4,39
4,42
4,45
4,49
4,52
4,55
4,56
4,60
4,66
4,68
4,69
4,70
4,72
4,73
4,74
4,77
4,80
4,84
4,88
4,89
4,90
4,91
4,97
5,6
5,7
5,8
5,9
5,10
5,11
5,12
5,13
5,14
5,15
5,16
5,17
5,18
5,19
5,20
5,21
5,22
5,23
5,24
5,25
5,26
5,27
5,28
5,29
5,30
5,31
5,32
5,33
5,34
5,35
5,39
5,42
5,45
5,49
5,52
5,55
5,56
5,60
5,66
5,68
5,69
5,70
5,72
5,73
5,74
5,77
5,80
5,84
5,88
5,89
5,90
5,91
5,97
6,7
6,8
6,9
6,10
6,11
6,12
6,13
6,14
6,15
6,16
6,17
6,18
6,19
6,20
6,21
6,22
6,23
6,24
6,25
6,26
6,27
6,28
6,29
6,30
6,31
6,32
6,33
6,34
6,35
6,50
6,62
6,71
6,93
6,95
6,97
7,8
7,9
7,10
7,11
7,12
7,13
7,14
7,15
7,16
7,17
7,18
7,19
7,20
7,21
7,22
7,23
7,24
7,25
7,26
7,27
7,28
7,29
7,30
7,31
7,32
7,33
7,34
7,35
7,48
7,50
8,9
8,10
8,11
8,12
8,13
8,14
8,15
8,16
8,17
8,18
8,19
8,20
8,21
8,22
8,23
8,24
8,25
8,26
8,27
8,28
8,29
8,30
8,31
8,32
8,33
8,34
8,35
8,44
8,45
8,46
8,47
9,10
9,11
9,12
9,13
9,14
9,15
9,16
9,17
9,18
9,19
9,20
9,21
9,22
9,23
9,24
9,25
9,26
9,27
9,28
9,29
9,30
9,31
9,32
9,33
9,34
9,35
9,39
9,42
9,45
9,46
9,47
9,48
9,49
9,50
9,51
9,52
9,55
9,56
9,59
9,60
9,61
9,62
9,66
9,68
9,69
9,70
9,72
9,73
9,74
9,77
9,80
9,84
9,88
9,89
9,90
9,91
9,97
10,11
10,12
10,13
10,14
10,15
10,16
10,17
10,18
10,19
10,20
10,21
10,22
10,23
10,24
10,25
10,26
10,27
10,28
10,29
10,30
10,31
10,32
10,33
10,34
10,35
10,43
10,44
10,45
10,46
10,47
10,48
10,51
10,53
10,58
10,59
10,62
10,63
10,66
10,68
10,69
10,77
10,78
10,82
10,83
10,84
10,85
10,88
10,89
11,12
11,13
11,14
11,15
11,16
11,17
11,18
11,19
11,20
11,21
11,22
11,23
11,24
11,25
11,26
11,27
11,28
11,29
11,30
11,31
11,32
11,33
11,34
11,35
11,44
11,45
11,50
11,51
11,53
11,55
11,56
11,58
11,59
11,61
11,63
11,65
11,66
11,67
11,70
11,72
11,73
12,13
12,14
12,15
12,16
12,17
12,18
12,19
12,20
12,21
12,22
12,23
12,24
12,25
12,26
12,27
12,28
12,29
12,30
12,31
12,32
12,33
12,34
12,35
12,52
12,53
12,55
12,56
13,14
13,15
13,16
13,17
13,18
13,19
13,20
13,21
13,22
13,23
13,24
13,25
13,26
13,27
13,28
13,29
13,30
13,31
13,32
13,33
13,34
13,35
13,47
13,51
13,52
13,53
13,54
13,55
13,56
13,58
13,59
13,61
13,63
13,65
13,66
13,67
13,68
13,71
13,72
14,15
14,16
14,17
14,18
14,19
14,20
14,21
14,22
14,23
14,24
14,25
14,26
14,27
14,28
14,29
14,30
14,31
14,32
14,33
14,34
14,35
14,39
14,42
14,45
14,49
14,52
14,55
14,56
14,60
14,66
14,68
14,69
14,70
14,72
14,73
14,74
14,77
14,80
14,84
14,88
14,89
14,90
14,91
14,97
15,16
15,17
15,18
15,19
15,20
15,21
15,22
15,23
15,24
15,25
15,26
15,27
15,28
15,29
15,30
15,31
15,32
15,33
15,34
15,35
16,17
16,18
16,19
16,20
16,21
16,22
16,23
16,24
16,25
16,26
16,27
16,28
16,29
16,30
16,31
16,32
16,33
16,34
16,35
16,46
16,47
16,56
16,58
16,59
16,61
16,63
16,65
16,67
16,68
16,69
16,73
16,74
16,75
16,82
16,84
16,89
16,93
16,96
16,97
17,18
17,19
17,20
17,21
17,22
17,23
17,24
17,25
17,26
17,27
17,28
17,29
17,30
17,31
17,32
17,33
17,34
17,35
17,39
17,42
17,44
17,45
17,49
17,52
17,55
17,56
17,60
17,66
17,68
17,69
17,70
17,72
17,73
17,74
17,77
17,80
17,84
17,88
17,89
17,90
17,91
17,97
18,19
18,20
18,21
18,22
18,23
18,24
18,25
18,26
18,27
18,28
18,29
18,30
18,31
18,32
18,33
18,34
18,35
18,39
18,42
18,45
18,46
18,47
18,49
18,50
18,52
18,54
18,55
18,56
18,58
18,59
18,60
18,61
18,64
18,65
18,66
18,68
18,69
18,70
18,72
18,73
18,74
18,75
18,77
18,80
18,82
18,83
18,84
18,86
18,88
18,89
18,90
18,91
18,93
18,94
18,97
19,20
19,21
19,22
19,23
19,24
19,25
19,26
19,27
19,28
19,29
19,30
19,31
19,32
19,33
19,34
20,21
20,22
20,23
20,24
20,25
20,26
20,27
20,28
20,29
20,30
20,31
20,32
20,33
20,34
20,35
21,22
21,23
21,24
21,25
21,26
21,27
21,28
21,29
21,30
21,31
21,32
21,33
21,34
21,35
22,23
22,24
22,25
22,26
22,27
22,28
22,29
22,30
22,31
22,32
22,33
22,34
22,35
22,51
22,55
22,58
22,59
22,61
22,62
22,64
22,65
22,68
22,71
22,74
22,75
22,76
22,77
22,79
22,80
22,81
22,82
22,83
22,84
22,85
22,87
22,90
23,24
23,25
23,26
23,27
23,28
23,29
23,30
23,31
23,32
23,33
23,34
23,35
23,39
23,42
23,44
23,45
23,49
23,52
23,55
23,56
23,60
23,66
23,68
23,69
23,70
23,72
23,73
23,74
23,77
23,80
23,84
23,88
23,89
23,90
23,91
23,97
24,25
24,26
24,27
24,28
24,29
24,30
24,31
24,32
24,33
24,34
24,35
25,26
25,27
25,28
25,29
25,30
25,31
25,32
25,33
25,34
25,35
25,39
25,42
25,45
25,49
25,52
25,54
25,55
25,56
25,58
25,59
25,60
25,62
25,64
25,66
25,68
25,69
25,70
25,72
25,73
25,74
25,76
25,77
25,79
25,80
25,81
25,84
25,85
25,88
25,89
25,90
25,91
25,93
25,94
25,97
26,27
26,28
26,29
26,30
26,31
26,32
26,33
26,34
26,35
26,39
26,42
26,45
26,49
26,52
26,55
26,56
26,60
26,66
26,68
26,69
26,70
26,72
26,73
26,74
26,77
26,80
26,84
26,88
26,89
26,90
26,91
26,97
27,28
27,29
27,30
27,31
27,32
27,33
27,34
27,35
27,39
27,42
27,45
27,49
27,52
27,55
27,56
27,60
27,66
27,68
27,69
27,70
27,72
27,73
27,74
27,77
27,80
27,84
27,88
27,89
27,90
27,91
27,97
28,29
28,30
28,31
28,32
28,33
28,34
28,35
28,61
28,62
28,63
28,65
28,69
28,71
28,73
28,75
28,76
28,80
28,81
28,82
28,85
28,89
28,90
28,93
28,94
28,95
29,30
29,31
29,32
29,33
29,34
29,35
29,38
29,41
29,43
29,44
29,46
29,47
29,49
29,50
29,51
29,52
29,54
29,55
29,56
29,57
29,58
29,59
29,61
29,62
29,64
29,65
29,66
29,69
29,71
29,73
29,75
29,76
29,78
29,80
29,81
29,82
29,83
29,85
29,86
29,87
29,89
29,90
29,92
29,93
29,94
29,95
29,97
29,98
30,31
30,32
30,33
30,34
30,35
31,32
31,33
31,34
31,35
31,41
31,43
31,46
31,48
31,49
31,50
31,51
31,52
31,54
31,56
31,57
31,60
31,61
31,62
31,64
31,65
31,66
31,68
31,69
31,70
31,71
31,72
31,74
31,75
31,76
31,78
31,80
31,81
31,82
31,83
31,84
31,85
31,86
31,87
31,90
31,91
31,92
31,95
31,97
31,98
31,99
32,33
32,34
32,35
32,47
32,48
32,49
32,50
32,51
32,52
32,53
32,55
32,56
32,57
32,58
32,59
32,60
32,61
32,63
32,64
32,65
32,66
32,68
32,70
32,71
32,72
32,73
32,74
32,76
32,78
32,79
32,80
32,81
32,82
32,83
32,84
32,85
32,86
32,87
32,88
32,89
32,90
32,91
32,93
32,95
33,34
33,35
33,39
33,40
33,41
33,42
33,44
33,45
33,48
33,49
33,50
33,51
33,52
33,53
33,55
33,56
33,57
33,58
33,59
33,60
33,61
33,63
33,65
33,66
33,68
33,69
33,70
33,72
33,73
33,74
33,76
33,77
33,80
33,84
33,88
33,89
33,90
33,91
33,97
34,35
34,38
34,39
34,40
34,41
34,43
34,44
34,47
34,48
34,50
34,51
34,52
34,53
34,54
34,55
34,56
34,58
34,61
34,62
34,63
34,64
34,65
34,68
34,69
34,70
34,72
34,74
35,41
35,42
35,43
35,46
35,48
35,49
35,50
35,51
35,52
35,53
35,54
35,59
35,60
35,61
35,63
35,64
35,65
35,68
35,69
35,70
35,71
35,72
35,75
35,76
35,78
35,79
35,80
35,82
35,83
36,42
36,43
36,45
36,46
36,47
36,48
36,49
36,50
36,51
36,52
36,53
36,54
36,55
36,58
36,61
36,62
36,63
36,64
36,65
36,66
36,67
37,39
37,40
37,41
37,42
37,43
37,44
37,45
37,46
37,47
37,48
37,49
37,50
37,52
37,54
37,55
37,56
37,58
37,59
37,60
37,61
37,62
37,63
37,64
37,65
37,66
38,39
39,40
39,41
39,42
39,44
39,45
39,46
39,47
39,49
39,52
39,55
39,56
39,60
39,66
39,68
39,69
39,70
39,72
39,73
39,74
39,77
39,80
39,84
39,88
39,89
39,90
39,91
39,97
40,41
40,42
40,43
40,44
40,45
40,46
40,48
40,49
41,43
41,44
41,49
41,50
41,51
41,53
41,54
41,55
41,56
41,58
41,59
41,61
41,62
41,64
41,65
41,68
41,71
41,72
41,80
41,82
41,84
41,92
42,43
42,45
42,49
42,52
42,55
42,56
42,60
42,66
42,68
42,69
42,70
42,72
42,73
42,74
42,77
42,80
42,84
42,88
42,89
42,90
42,91
42,97
43,45
43,46
43,48
43,49
43,51
43,54
44,45
44,46
44,47
44,49
44,50
44,51
44,54
44,55
44,56
44,57
44,58
44,60
44,62
44,65
44,66
44,67
44,68
44,69
44,70
44,71
44,72
44,74
44,75
44,78
44,80
44,81
44,82
44,83
44,84
44,87
44,90
44,92
44,96
44,97
45,46
45,48
45,49
45,50
45,51
45,52
45,55
45,56
45,57
45,58
45,59
45,60
45,66
45,68
45,69
45,70
45,72
45,73
45,74
45,77
45,80
45,84
45,88
45,89
45,90
45,91
45,97
46,47
46,48
46,50
46,51
46,52
46,53
46,54
46,55
46,56
46,57
46,58
46,59
46,61
46,63
46,66
46,67
46,68
46,69
46,73
46,75
47,48
47,49
47,50
47,51
47,52
47,53
47,55
47,56
47,58
48,49
48,50
48,51
48,52
48,53
48,54
48,55
48,56
48,57
48,58
48,59
48,61
48,62
48,64
48,65
48,66
48,67
48,68
48,70
48,73
48,75
48,76
48,77
48,78
48,79
48,80
48,81
48,82
48,84
48,85
48,88
48,89
48,90
48,98
49,50
49,51
49,52
49,53
49,54
49,55
49,56
49,57
49,60
49,66
49,68
49,69
49,70
49,72
49,73
49,74
49,77
49,80
49,84
49,88
49,89
49,90
49,91
49,97
50,52
50,53
50,54
50,55
50,57
50,58
50,59
50,60
50,61
50,62
50,64
50,65
50,66
50,69
50,70
50,71
50,72
50,73
50,75
50,76
50,77
50,80
50,81
50,82
50,85
51,52
51,53
51,55
51,56
51,57
51,58
52,53
52,54
52,55
52,56
52,57
52,58
52,59
52,60
52,62
52,64
52,66
52,67
52,68
52,69
52,70
52,72
52,73
52,74
52,77
52,80
52,84
52,88
52,89
52,90
52,91
52,97
53,54
53,55
53,56
53,57
53,58
53,59
53,63
53,65
53,67
53,68
54,55
54,56
54,57
54,58
54,59
54,60
54,61
54,62
54,63
54,64
54,65
54,66
54,67
54,68
54,69
55,56
55,59
55,60
55,61
55,62
55,63
55,64
55,65
55,66
55,67
55,68
55,69
55,70
55,72
55,73
55,74
55,75
55,76
55,77
55,79
55,80
55,84
55,88
55,89
55,90
55,91
55,97
56,57
56,58
56,59
56,60
56,61
56,62
56,63
56,64
56,65
56,66
56,68
56,69
56,70
56,71
56,72
56,73
56,74
56,75
56,76
56,77
56,79
56,80
56,81
56,84
56,88
56,89
56,90
56,91
56,97
57,58
57,59
57,60
57,61
57,62
58,60
58,61
59,60
59,61
59,62
59,63
59,65
59,69
59,71
59,75
59,78
59,79
59,83
59,85
59,89
59,96
60,62
60,63
60,65
60,66
60,67
60,68
60,69
60,70
60,71
60,72
60,73
60,74
60,77
60,80
60,84
60,88
60,89
60,90
60,91
60,97
61,62
61,63
61,65
61,67
61,69
61,71
61,72
61,77
61,80
61,81
61,83
61,85
61,86
61,89
61,90
61,97
62,63
62,64
62,65
62,67
62,71
62,72
62,73
62,75
62,76
62,77
62,78
62,79
62,80
62,81
62,83
62,84
62,85
62,86
62,87
62,88
62,89
62,90
62,91
62,92
62,95
62,96
62,97
62,98
63,65
63,67
63,68
63,69
63,70
63,71
63,72
63,73
63,75
63,77
63,78
63,79
63,80
63,81
63,83
63,84
63,85
63,86
63,87
65,68
65,69
65,70
65,71
65,72
65,73
65,74
65,75
65,76
65,77
65,78
65,79
65,80
65,81
65,82
65,83
65,85
65,86
65,87
65,89
65,92
65,99
66,67
66,68
66,69
66,70
66,72
66,73
66,74
66,75
66,76
66,77
66,78
66,79
66,80
66,82
66,83
66,84
66,85
66,87
66,88
66,89
66,90
66,91
66,95
66,96
66,97
66,98
66,99
67,68
67,70
67,71
67,73
67,74
67,75
67,77
67,78
67,79
67,81
67,82
67,83
67,84
67,85
67,86
67,87
67,89
67,90
67,91
67,92
67,94
67,95
67,96
67,97
68,69
68,70
68,71
68,72
68,73
68,74
68,75
68,77
68,78
68,79
68,80
68,82
68,83
68,84
68,85
68,86
68,87
68,88
68,89
68,90
68,91
68,94
68,95
68,96
68,97
68,98
68,99
69,70
69,72
69,73
69,74
69,75
69,76
69,77
69,78
69,79
69,80
69,82
69,83
69,84
69,85
69,87
69,88
69,89
69,90
69,91
69,92
69,93
69,94
69,95
69,96
69,97
70,71
70,72
70,73
70,74
70,75
70,76
70,77
70,79
70,80
70,84
70,88
70,89
70,90
70,91
70,97
71,72
71,73
71,75
71,76
71,77
71,78
71,79
72,73
72,74
72,75
72,76
72,77
72,78
72,79
72,80
72,84
72,88
72,89
72,90
72,91
72,97
73,74
73,75
73,76
73,77
73,80
73,81
73,82
73,84
73,85
73,86
73,87
73,88
73,89
73,90
73,91
73,92
73,94
73,95
73,96
73,97
73,98
74,76
74,77
74,78
74,80
74,84
74,88
74,89
74,90
74,91
74,97
75,76
75,78
75,79
75,80
75,83
75,86
75,87
75,90
75,92
75,93
75,94
75,95
75,96
76,77
76,78
76,79
76,80
76,81
76,83
76,84
76,86
76,87
77,79
77,80
77,81
77,82
77,83
77,84
77,85
77,86
77,87
77,88
77,89
77,90
77,91
77,92
77,94
77,96
77,97
77,98
77,99
78,79
78,80
78,81
78,82
78,83
78,84
78,85
78,86
78,87
78,88
78,89
78,90
78,91
78,92
78,93
78,94
78,95
78,96
78,97
78,99
79,80
79,81
79,82
79,83
79,84
79,86
80,81
80,82
80,83
80,84
80,87
80,88
80,89
80,90
80,91
80,93
80,94
80,95
80,97
81,82
81,83
81,84
81,85
81,86
81,87
81,88
81,90
81,91
82,83
82,84
82,85
82,86
82,87
82,88
82,89
82,90
82,92
82,93
82,94
82,95
82,96
82,97
82,98
83,84
83,85
83,86
83,87
83,91
83,92
83,93
83,94
83,95
83,96
83,98
83,99
84,85
84,87
84,88
84,89
84,90
84,91
84,92
84,95
84,96
84,97
84,98
84,99
85,87
85,88
85,89
85,90
85,91
85,92
85,93
85,94
85,95
85,96
85,97
85,98
86,87
86,88
86,89
86,92
86,94
86,95
86,96
86,98
86,99
87,88
87,89
87,90
87,91
88,89
88,90
88,91
88,94
88,95
88,96
88,97
88,98
88,99
89,90
89,91
89,92
89,93
89,97
90,91
90,95
90,96
90,97
91,94
91,95
91,96
91,97
91,99
92,93
92,95
92,96
92,97
93,95
93,96
93,97
93,98
93,99
94,95
94,97
94,99
95,96
95,97
95,98
95,99
96,97
96,98
97,98
