0,1
0,2
0,3
0,4
0,5
0,6
0,7
0,8
0,9
0,10
0,11
0,12
0,13
0,14
0,15
0,16
0,17
0,18
0,19
0,20
0,21
0,22
0,23
0,24
0,25
0,26
0,27
0,28
0,29
0,30
0,31
0,32
0,33
0,34
0,35
0,36
0,37
0,38
0,39
1,2
1,3
1,4
1,5
1,6
1,7
1,8
1,9
1,10
1,11
1,12
1,13
1,14
1,15
1,16
1,17
1,18
1,19
1,20
1,21
1,22
1,23
1,24
1,25
1,26
1,27
1,28
1,29
1,30
1,31
1,32
1,33
1,34
1,35
1,36
1,37
1,38
2,3
2,4
2,5
2,6
2,7
2,8
2,9
2,10
2,11
2,12
2,13
2,14
2,15
2,16
2,17
2,18
2,19
2,20
2,21
2,22
2,23
2,24
2,25
2,26
2,27
2,28
2,29
2,30
2,31
2,32
2,33
2,34
2,35
2,36
2,37
2,38
2,39
3,4
3,5
3,6
3,7
3,8
3,9
3,10
3,11
3,12
3,13
3,14
3,15
3,16
3,17
3,18
3,19
3,20
3,21
3,22
3,23
3,24
3,25
3,26
3,27
3,28
3,29
3,30
3,31
3,32
3,33
3,34
3,35
3,36
3,37
3,38
3,39
3,44
3,46
3,47
3,51
3,52
3,54
3,55
3,56
3,60
3,62
3,64
3,67
3,70
3,72
3,73
3,74
3,76
3,79
3,85
3,88
3,90
3,94
3,96
3,98
4,5
4,6
4,7
4,8
4,9
4,10
4,11
4,12
4,13
4,14
4,15
4,16
4,17
4,18
4,19
4,20
4,21
4,22
4,23
4,24
4,25
4,26
4,27
4,28
4,29
4,30
4,31
4,32
4,33
4,34
4,35
4,36
4,37
4,38
4,39
5,6
5,7
5,8
5,9
5,10
5,11
5,12
5,13
5,14
5,15
5,16
5,17
5,18
5,19
5,20
5,21
5,22
5,23
5,24
5,25
5,26
5,27
5,28
5,29
5,30
5,31
5,32
5,33
5,34
5,35
5,36
5,37
5,38
5,39
6,7
6,8
6,9
6,10
6,11
6,12
6,13
6,14
6,15
6,16
6,17
6,18
6,19
6,20
6,21
6,22
6,23
6,24
6,25
6,26
6,27
6,28
6,29
6,30
6,31
6,32
6,33
6,34
6,35
6,36
6,37
6,38
6,39
6,44
6,46
6,47
6,51
6,52
6,54
6,55
6,56
6,60
6,62
6,64
6,67
6,70
6,72
6,73
6,74
6,76
6,79
6,85
6,88
6,90
6,94
6,96
6,98
7,8
7,9
7,10
7,11
7,12
7,13
7,14
7,15
7,16
7,17
7,18
7,19
7,20
7,21
7,22
7,23
7,24
7,25
7,26
7,27
7,28
7,29
7,30
7,31
7,32
7,33
7,34
7,35
7,36
7,37
7,38
7,39
8,9
8,10
8,11
8,12
8,13
8,14
8,15
8,16
8,17
8,18
8,19
8,20
8,21
8,22
8,23
8,24
8,25
8,26
8,27
8,28
8,29
8,30
8,31
8,32
8,33
8,34
8,35
8,36
8,37
8,38
8,39
8,44
8,46
8,47
8,51
8,52
8,54
8,55
8,56
8,60
8,62
8,64
8,67
8,70
8,72
8,73
8,74
8,76
8,79
8,85
8,88
8,90
8,94
8,96
8,98
9,10
9,11
9,12
9,13
9,14
9,15
9,16
9,17
9,18
9,19
9,20
9,21
9,22
9,23
9,24
9,25
9,26
9,27
9,28
9,29
9,30
9,31
9,32
9,33
9,34
9,35
9,36
9,37
9,38
9,39
9,44
9,46
9,47
9,51
9,52
9,54
9,55
9,56
9,60
9,62
9,64
9,67
9,70
9,72
9,73
9,74
9,76
9,79
9,85
9,88
9,90
9,94
9,96
9,98
10,11
10,12
10,13
10,14
10,15
10,16
10,17
10,18
10,19
10,20
10,21
10,22
10,23
10,24
10,25
10,26
10,27
10,28
10,29
10,30
10,31
10,32
10,33
10,34
10,35
10,36
10,37
10,38
10,39
11,12
11,13
11,14
11,15
11,16
11,17
11,18
11,19
11,20
11,21
11,22
11,23
11,24
11,25
11,26
11,27
11,28
11,29
11,30
11,31
11,32
11,33
11,34
11,35
11,36
11,37
11,38
11,39
11,44
11,46
11,47
11,51
11,52
11,54
11,55
11,56
11,60
11,62
11,64
11,67
11,70
11,72
11,73
11,74
11,76
11,79
11,85
11,88
11,90
11,94
11,96
11,98
12,13
12,14
12,15
12,16
12,17
12,18
12,19
12,20
12,21
12,22
12,23
12,24
12,25
12,26
12,27
12,28
12,29
12,30
12,31
12,32
12,33
12,34
12,35
12,36
12,37
12,38
12,39
13,14
13,15
13,16
13,17
13,18
13,19
13,20
13,21
13,22
13,23
13,24
13,25
13,26
13,27
13,28
13,29
13,30
13,31
13,32
13,33
13,34
13,35
13,36
13,37
13,38
13,39
13,44
13,46
13,47
13,51
13,52
13,54
13,55
13,56
13,60
13,62
13,64
13,67
13,70
13,72
13,73
13,74
13,76
13,79
13,85
13,88
13,90
13,94
13,96
13,98
14,15
14,16
14,17
14,18
14,19
14,20
14,21
14,22
14,23
14,24
14,25
14,26
14,27
14,28
14,29
14,30
14,31
14,32
14,33
14,34
14,35
14,36
14,37
14,38
14,39
15,16
15,17
15,18
15,19
15,20
15,21
15,22
15,23
15,24
15,25
15,26
15,27
15,28
15,29
15,30
15,31
15,32
15,33
15,34
15,35
15,36
15,37
15,38
15,39
15,44
15,46
15,47
15,51
15,52
15,54
15,55
15,56
15,60
15,62
15,64
15,67
15,70
15,72
15,73
15,74
15,76
15,79
15,85
15,88
15,90
15,94
15,96
15,98
16,17
16,18
16,19
16,20
16,21
16,22
16,23
16,24
16,25
16,26
16,27
16,28
16,29
16,30
16,31
16,32
16,33
16,34
16,35
16,36
16,37
16,38
16,39
16,44
16,46
16,47
16,51
16,52
16,54
16,55
16,56
16,60
16,62
16,64
16,67
16,70
16,72
16,73
16,74
16,76
16,79
16,85
16,88
16,90
16,94
16,96
16,98
17,18
17,19
17,20
17,21
17,22
17,23
17,24
17,25
17,26
17,27
17,28
17,29
17,30
17,31
17,32
17,33
17,34
17,35
17,36
17,37
17,38
17,39
17,44
17,46
17,47
17,51
17,52
17,54
17,55
17,56
17,60
17,62
17,64
17,67
17,70
17,72
17,73
17,74
17,76
17,79
17,85
17,88
17,90
17,94
17,96
17,98
18,19
18,20
18,21
18,22
18,23
18,24
18,25
18,26
18,27
18,28
18,29
18,30
18,31
18,32
18,33
18,34
18,35
18,36
18,37
18,38
18,39
18,44
18,46
18,47
18,51
18,52
18,54
18,55
18,56
18,60
18,62
18,64
18,67
18,70
18,72
18,73
18,74
18,76
18,79
18,85
18,88
18,90
18,94
18,96
18,98
19,20
19,21
19,22
19,23
19,24
19,25
19,26
19,27
19,28
19,29
19,30
19,31
19,32
19,33
19,34
19,35
19,36
19,37
19,38
19,39
19,44
19,46
19,47
19,51
19,52
19,54
19,55
19,56
19,60
19,62
19,64
19,67
19,70
19,72
19,73
19,74
19,76
19,79
19,85
19,88
19,90
19,94
19,96
19,98
20,21
20,22
20,23
20,24
20,25
20,26
20,27
20,28
20,29
20,30
20,31
20,32
20,33
20,34
20,35
20,36
20,37
20,38
20,39
21,22
21,23
21,24
21,25
21,26
21,27
21,28
21,29
21,30
21,31
21,32
21,33
21,34
21,35
21,36
21,37
21,38
21,39
22,23
22,24
22,25
22,26
22,27
22,28
22,29
22,30
22,31
22,32
22,33
22,34
22,35
22,36
22,37
22,38
22,39
22,44
22,46
22,47
22,51
22,52
22,54
22,55
22,56
22,60
22,62
22,64
22,67
22,70
22,72
22,73
22,74
22,76
22,79
22,85
22,88
22,90
22,94
22,96
22,98
23,24
23,25
23,26
23,27
23,28
23,29
23,30
23,31
23,32
23,33
23,34
23,35
23,36
23,37
23,38
23,39
23,44
23,46
23,47
23,51
23,52
23,54
23,55
23,56
23,60
23,62
23,64
23,67
23,70
23,72
23,73
23,74
23,76
23,79
23,85
23,88
23,90
23,94
23,96
23,98
24,25
24,26
24,27
24,28
24,29
24,30
24,31
24,32
24,33
24,34
24,35
24,36
24,37
24,38
24,39
25,26
25,27
25,28
25,29
25,30
25,31
25,32
25,33
25,34
25,35
25,36
25,37
25,38
25,39
26,27
26,28
26,29
26,30
26,31
26,32
26,33
26,34
26,35
26,36
26,37
26,38
26,39
27,28
27,29
27,30
27,31
27,32
27,33
27,34
27,35
27,36
27,37
27,38
27,39
28,29
28,30
28,31
28,32
28,33
28,34
28,35
28,36
28,37
28,38
28,39
29,30
29,31
29,32
29,33
29,34
29,35
29,36
29,37
29,38
29,39
30,31
30,32
30,33
30,34
30,35
30,36
30,37
30,38
30,39
31,32
31,33
31,34
31,35
31,36
31,37
31,38
31,39
32,33
32,34
32,35
32,36
32,37
32,38
32,39
33,34
33,35
33,36
33,37
33,38
33,39
33,44
33,46
33,47
33,51
33,52
33,54
33,55
33,56
33,60
33,62
33,64
33,67
33,70
33,72
33,73
33,74
33,76
33,79
33,85
33,88
33,90
33,94
33,96
33,98
34,35
34,36
34,37
34,38
34,39
34,44
34,46
34,47
34,51
34,52
34,54
34,55
34,56
34,60
34,62
34,64
34,67
34,70
34,72
34,73
34,74
34,76
34,79
34,85
34,88
34,90
34,94
34,96
34,98
35,36
35,37
35,38
35,39
36,37
36,38
36,39
36,44
36,46
36,47
36,51
36,52
36,54
36,55
36,56
36,60
36,62
36,64
36,67
36,70
36,72
36,73
36,74
36,76
36,79
36,85
36,88
36,90
36,94
36,96
36,98
37,38
37,39
38,39
44,46
44,47
44,51
44,52
44,54
44,55
44,56
44,60
44,62
44,64
44,67
44,70
44,72
44,73
44,74
44,76
44,79
44,85
44,88
44,90
44,94
44,96
44,98
46,47
46,51
46,52
46,54
46,55
46,56
46,60
46,62
46,64
46,67
46,70
46,72
46,73
46,74
46,76
46,79
46,85
46,88
46,90
46,94
46,96
46,98
47,51
47,52
47,54
47,55
47,56
47,60
47,62
47,64
47,67
47,70
47,72
47,73
47,74
47,76
47,79
47,85
47,88
47,90
47,94
47,96
47,98
51,52
51,54
51,55
51,56
51,60
51,62
51,64
51,67
51,70
51,72
51,73
51,74
51,76
51,79
51,85
51,88
51,90
51,94
51,96
51,98
52,54
52,55
52,56
52,60
52,62
52,64
52,67
52,70
52,72
52,73
52,74
52,76
52,79
52,85
52,88
52,90
52,94
52,96
52,98
54,55
54,56
54,60
54,62
54,64
54,67
54,70
54,72
54,73
54,74
54,76
54,79
54,85
54,88
54,90
54,94
54,96
54,98
55,56
55,60
55,62
55,64
55,67
55,70
55,72
55,73
55,74
55,76
55,79
55,85
55,88
55,90
55,94
55,96
55,98
56,60
56,62
56,64
56,67
56,70
56,72
56,73
56,74
56,76
56,79
56,85
56,88
56,90
56,94
56,96
56,98
60,62
60,64
60,67
60,70
60,72
60,73
60,74
60,76
60,79
60,85
60,88
60,90
60,94
60,96
60,98
62,64
62,67
62,70
62,72
62,73
62,74
62,76
62,79
62,85
62,88
62,90
62,94
62,96
62,98
64,67
64,70
64,72
64,73
64,74
64,76
64,79
64,85
64,88
64,90
64,94
64,96
64,98
67,70
67,72
67,73
67,74
67,76
67,79
67,85
67,88
67,90
67,94
67,96
67,98
70,72
70,73
70,74
70,76
70,79
70,85
70,88
70,90
70,94
70,96
70,98
72,73
72,74
72,76
72,79
72,85
72,88
72,90
72,94
72,96
72,98
73,74
73,76
73,79
73,85
73,88
73,90
73,94
73,96
73,98
74,76
74,79
74,85
74,88
74,90
74,94
74,96
74,98
76,79
76,85
76,88
76,90
76,94
76,96
76,98
79,85
79,88
79,90
79,94
79,96
79,98
81,83
81,84
81,86
81,89
81,90
81,92
81,93
81,95
82,83
82,84
82,87
83,89
83,90
83,91
83,92
83,96
84,85
84,87
84,89
84,90
84,91
84,92
84,93
84,95
85,88
85,90
85,91
85,93
85,94
85,96
85,98
86,89
86,91
87,89
87,92
87,95
87,96
88,90
88,91
88,92
88,93
88,94
88,96
88,97
88,98
89,91
89,92
89,93
89,96
90,92
90,93
90,94
90,96
90,98
91,93
91,94
91,95
91,96
91,97
91,99
92,94
92,95
92,96
92,97
92,99
93,95
93,97
93,98
93,99
94,95
94,96
94,98
95,96
95,97
96,98
97,99
