0,1
0,2
0,3
0,4
0,5
0,6
0,7
0,8
0,9
0,10
0,11
0,12
0,13
0,14
0,15
0,16
0,17
0,18
0,19
0,20
0,21
0,22
0,23
0,24
1,2
1,3
1,4
1,5
1,6
1,7
1,8
1,9
1,10
1,11
1,12
1,13
1,14
1,15
1,16
1,17
1,18
1,19
1,20
1,21
1,22
1,23
1,24
2,3
2,4
2,5
2,6
2,7
2,8
2,9
2,10
2,11
2,12
2,13
2,14
2,15
2,16
2,17
2,18
2,19
2,20
2,21
2,22
2,23
2,24
3,4
3,5
3,6
3,7
3,8
3,9
3,10
3,11
3,12
3,13
3,14
3,15
3,16
3,17
3,18
3,19
3,20
3,21
3,22
3,23
3,24
4,5
4,6
4,7
4,8
4,9
4,10
4,11
4,12
4,13
4,14
4,15
4,16
4,17
4,18
4,19
4,20
4,21
4,22
4,23
4,24
5,6
5,7
5,8
5,9
5,10
5,11
5,12
5,13
5,14
5,15
5,16
5,17
5,18
5,19
5,20
5,21
5,22
5,23
5,24
6,7
6,8
6,9
6,10
6,11
6,12
6,13
6,14
6,15
6,16
6,17
6,18
6,19
6,20
6,21
6,22
6,23
6,24
7,8
7,9
7,10
7,11
7,12
7,13
7,14
7,15
7,16
7,17
7,18
7,19
7,20
7,21
7,22
7,23
7,24
8,9
8,10
8,11
8,12
8,13
8,14
8,15
8,16
8,17
8,18
8,19
8,20
8,21
8,22
8,23
8,24
9,10
9,11
9,12
9,13
9,14
9,15
9,16
9,17
9,18
9,19
9,20
9,21
9,22
9,23
9,24
10,11
10,12
10,13
10,14
10,15
10,16
10,17
10,18
10,19
10,20
10,21
10,22
10,23
10,24
11,12
11,13
11,14
11,15
11,16
11,17
11,18
11,19
11,20
11,21
11,22
11,23
11,24
12,13
12,14
12,15
12,16
12,17
12,18
12,19
12,20
12,21
12,22
12,23
12,24
12,31
12,32
12,36
12,38
12,47
12,52
12,53
12,60
12,65
12,66
12,67
12,70
12,74
12,75
12,76
12,77
12,80
12,81
12,85
12,90
12,94
12,97
13,14
13,15
13,16
13,17
13,18
13,19
13,20
13,21
13,22
13,23
13,24
14,15
14,16
14,17
14,18
14,19
14,20
14,21
14,22
14,23
14,24
14,31
14,32
14,36
14,38
14,47
14,52
14,53
14,60
14,65
14,66
14,67
14,70
14,74
14,75
14,76
14,77
14,80
14,81
14,85
14,90
14,94
14,97
15,16
15,17
15,18
15,19
15,20
15,21
15,22
15,23
15,24
16,17
16,18
16,19
16,20
16,21
16,22
16,23
17,18
17,19
17,20
17,21
17,22
17,23
17,24
18,19
18,20
18,21
18,22
18,23
18,24
19,20
19,21
19,22
19,23
19,24
19,31
19,32
19,36
19,38
19,47
19,52
19,53
19,60
19,65
19,66
19,67
19,70
19,74
19,75
19,76
19,77
19,80
19,81
19,85
19,90
19,94
19,97
20,21
20,22
20,23
20,24
21,22
21,23
21,24
22,23
22,24
23,24
31,32
31,36
31,38
31,47
31,52
31,53
31,60
31,65
31,66
31,67
31,70
31,74
31,75
31,76
31,77
31,80
31,81
31,85
31,90
31,94
31,97
32,36
32,38
32,47
32,52
32,53
32,60
32,65
32,66
32,67
32,70
32,74
32,75
32,76
32,77
32,80
32,81
32,85
32,90
32,94
32,97
36,38
36,47
36,52
36,53
36,60
36,65
36,66
36,67
36,70
36,74
36,75
36,76
36,77
36,80
36,81
36,85
36,90
36,94
36,97
38,47
38,52
38,53
38,60
38,65
38,66
38,67
38,70
38,74
38,75
38,76
38,77
38,80
38,81
38,85
38,90
38,94
38,97
45,51
45,57
45,59
46,48
46,49
46,51
47,50
47,51
47,52
47,53
47,55
47,56
47,58
47,59
47,60
47,64
47,65
47,66
47,67
47,70
47,74
47,75
47,76
47,77
47,80
47,81
47,85
47,90
47,94
47,97
49,51
49,52
49,53
49,54
49,56
49,57
49,61
49,64
49,68
50,51
50,52
50,53
50,54
50,55
50,56
50,58
50,59
50,60
50,61
50,62
50,63
50,64
50,68
51,52
51,54
51,55
51,56
51,57
51,58
51,61
51,62
51,63
52,53
52,57
52,58
52,59
52,60
52,61
52,62
52,63
52,64
52,65
52,66
52,67
52,70
52,74
52,75
52,76
52,77
52,80
52,81
52,85
52,90
52,94
52,97
53,60
53,65
53,66
53,67
53,70
53,74
53,75
53,76
53,77
53,80
53,81
53,85
53,90
53,94
53,97
54,55
54,57
54,58
54,68
54,69
54,77
54,85
55,56
56,57
56,58
56,59
56,60
56,61
56,64
56,67
56,68
56,69
56,70
56,71
57,60
57,61
57,62
57,64
57,66
57,67
57,68
57,69
57,70
57,72
59,60
59,63
59,64
59,66
59,67
59,68
59,70
60,61
60,62
60,63
60,64
60,65
60,66
60,67
60,69
60,70
60,71
60,73
60,74
60,75
60,76
60,77
60,80
60,81
60,85
60,90
60,94
60,97
61,62
62,64
62,67
62,68
62,69
62,70
62,72
63,64
63,65
63,66
63,67
63,69
64,66
64,67
64,68
64,69
64,70
64,72
64,75
65,66
65,67
65,70
65,74
65,75
65,76
65,77
65,80
65,81
65,85
65,90
65,94
65,97
66,67
66,69
66,70
66,74
66,75
66,76
66,77
66,80
66,81
66,85
66,90
66,94
66,97
67,70
67,72
67,74
67,75
67,76
67,77
67,80
67,81
67,82
67,84
67,85
67,90
67,94
67,97
68,70
69,70
69,71
69,72
70,72
70,74
70,75
70,76
70,77
70,79
70,80
70,81
70,84
70,85
70,90
70,94
70,97
71,72
71,73
71,77
71,84
72,73
72,77
72,78
72,79
72,82
72,84
72,87
73,74
73,75
74,75
74,76
74,77
74,80
74,81
74,82
74,84
74,85
74,90
74,91
74,94
74,97
75,76
75,77
75,78
75,79
75,80
75,81
75,84
75,85
75,87
75,90
75,94
75,97
76,77
76,80
76,81
76,85
76,90
76,94
76,97
77,78
77,80
77,81
77,82
77,84
77,85
77,90
77,91
77,94
77,97
78,86
78,88
79,82
79,84
79,86
79,88
79,91
80,81
80,85
80,90
80,94
80,97
81,85
81,87
81,90
81,94
81,97
82,84
82,85
82,87
82,88
82,89
83,91
84,85
84,86
84,87
84,88
84,89
84,91
84,92
84,93
85,87
85,88
85,89
85,90
85,91
85,94
85,97
86,88
86,91
87,88
87,89
87,90
87,91
88,89
88,90
88,92
88,93
89,92
89,93
90,91
90,92
90,93
90,94
90,97
91,92
91,93
91,95
92,94
92,98
93,94
93,99
94,96
94,97
94,98
94,99
95,98
95,99
96,98
98,99
