0,1
0,2
0,3
0,4
0,5
0,6
0,7
0,8
0,9
0,10
0,11
0,12
0,13
0,14
0,15
0,16
0,17
0,18
0,19
0,20
0,21
0,22
0,23
0,24
0,25
0,35
0,47
0,49
0,54
0,62
0,64
0,76
0,80
0,81
0,82
0,83
0,84
0,88
0,89
0,90
0,91
0,92
0,93
0,94
0,95
0,97
0,98
1,2
1,3
1,4
1,5
1,6
1,7
1,8
1,9
1,10
1,11
1,12
1,13
1,14
1,15
1,16
1,17
1,18
1,19
1,20
1,21
1,22
1,23
1,24
1,25
2,3
2,4
2,5
2,6
2,7
2,8
2,9
2,10
2,11
2,12
2,13
2,14
2,15
2,16
2,17
2,18
2,19
2,20
2,21
2,22
2,23
2,24
2,25
2,30
2,32
2,33
2,39
2,44
2,45
2,46
2,48
2,49
2,50
2,51
2,55
2,56
2,57
2,59
2,63
2,66
2,68
2,70
2,71
2,72
2,74
2,77
2,80
2,82
2,94
2,95
2,98
3,4
3,5
3,6
3,7
3,8
3,9
3,10
3,11
3,12
3,13
3,14
3,15
3,16
3,17
3,18
3,19
3,20
3,21
3,22
3,23
3,24
3,25
3,30
3,32
3,33
3,39
3,41
3,44
3,45
3,46
3,48
3,49
3,51
3,56
3,59
3,63
3,66
3,68
3,70
3,71
3,74
3,77
3,80
3,82
3,94
3,95
3,98
4,5
4,6
4,7
4,8
4,9
4,10
4,11
4,12
4,13
4,14
4,15
4,16
4,17
4,18
4,19
4,20
4,21
4,22
4,23
4,24
4,25
5,6
5,7
5,8
5,9
5,10
5,11
5,12
5,13
5,14
5,15
5,16
5,17
5,18
5,19
5,20
5,21
5,22
5,23
5,24
5,25
6,7
6,8
6,9
6,10
6,11
6,12
6,13
6,14
6,15
6,16
6,17
6,18
6,19
6,20
6,21
6,22
6,23
6,24
6,25
7,8
7,9
7,10
7,11
7,12
7,13
7,14
7,15
7,16
7,17
7,18
7,19
7,20
7,21
7,22
7,23
7,24
7,25
8,9
8,10
8,11
8,12
8,13
8,14
8,15
8,16
8,17
8,18
8,19
8,20
8,21
8,22
8,23
8,24
8,25
9,10
9,11
9,12
9,13
9,14
9,15
9,16
9,17
9,18
9,19
9,20
9,21
9,22
9,23
9,24
9,25
9,41
9,47
9,49
9,50
9,54
9,55
9,57
9,58
9,61
9,63
10,11
10,12
10,13
10,14
10,15
10,16
10,17
10,18
10,19
10,20
10,21
10,22
10,23
10,24
10,25
11,12
11,13
11,14
11,15
11,16
11,17
11,18
11,19
11,20
11,21
11,22
11,23
11,24
11,25
11,43
11,47
11,49
11,50
11,52
11,54
11,55
11,57
11,58
11,59
11,61
11,63
11,64
11,67
11,69
11,70
11,71
11,73
11,74
11,82
11,83
11,86
11,88
11,89
11,95
12,13
12,14
12,15
12,16
12,17
12,18
12,19
12,20
12,21
12,22
12,23
12,24
12,25
13,14
13,15
13,16
13,17
13,18
13,19
13,20
13,21
13,22
13,23
13,24
13,25
13,42
14,15
14,16
14,17
14,18
14,19
14,20
14,21
14,22
14,23
14,24
14,25
14,39
15,16
15,17
15,18
15,19
15,20
15,21
15,22
15,23
15,24
15,25
15,37
15,38
15,39
15,42
15,45
15,47
15,49
15,52
15,54
16,17
16,18
16,19
16,20
16,21
16,22
16,23
16,24
16,25
17,18
17,19
17,20
17,21
17,22
17,23
17,24
17,25
18,19
18,20
18,21
18,22
18,23
18,24
18,25
18,45
18,47
19,20
19,21
19,22
19,23
19,24
19,25
19,36
19,37
19,38
19,40
19,41
20,21
20,22
20,23
20,24
20,25
20,32
20,33
20,35
20,36
20,37
20,38
20,39
20,40
20,41
20,42
20,44
20,48
20,51
20,52
20,53
20,56
20,57
20,58
20,61
20,62
20,64
20,65
20,73
20,80
20,82
20,86
20,89
20,90
20,91
20,92
20,95
20,96
20,99
21,22
21,23
21,24
21,25
21,34
21,35
21,37
21,39
21,40
22,23
22,24
22,25
22,35
23,24
23,25
23,35
23,36
23,37
23,38
23,41
23,44
23,45
23,48
25,45
25,48
25,49
25,50
25,52
25,53
25,56
25,57
27,32
27,33
27,35
27,36
27,37
29,32
29,34
29,35
29,37
29,39
29,40
29,41
29,42
29,44
29,45
30,32
30,33
30,34
30,35
30,37
30,38
30,39
30,40
30,41
30,43
30,44
30,45
30,46
30,48
30,49
30,51
30,56
30,59
30,63
30,66
30,68
30,70
30,71
30,74
30,77
30,80
30,82
30,94
30,95
30,98
31,32
31,34
31,37
31,38
31,39
31,40
31,41
31,42
31,43
32,33
32,34
32,35
32,36
32,37
32,38
32,39
32,40
32,41
32,42
32,44
32,45
32,46
32,47
32,48
32,49
32,51
32,53
32,56
32,59
32,63
32,66
32,68
32,70
32,71
32,74
32,77
32,80
32,82
32,94
32,95
32,98
33,34
33,35
33,37
33,39
33,42
33,43
33,44
33,45
33,46
33,48
33,49
33,50
33,51
33,52
33,56
33,59
33,63
33,66
33,68
33,70
33,71
33,74
33,77
33,80
33,82
33,94
33,95
33,98
34,35
34,36
34,37
34,38
35,36
35,37
35,38
35,39
35,40
35,43
35,44
35,45
35,47
35,49
35,50
35,52
35,53
35,56
35,57
35,58
35,74
35,87
35,99
36,37
36,38
36,39
36,41
36,42
36,43
36,44
36,45
36,47
36,48
36,49
36,50
37,39
37,40
37,41
37,42
37,43
37,44
37,47
37,48
37,49
37,50
37,51
37,52
37,53
37,54
37,59
37,64
37,65
38,40
38,41
38,42
38,43
38,44
38,45
38,47
38,48
38,49
38,50
38,51
38,53
38,54
38,56
38,57
38,58
38,59
38,61
38,62
38,64
38,65
38,67
38,68
39,40
39,41
39,42
39,43
39,44
39,45
39,46
39,48
39,49
39,50
39,51
39,53
39,54
39,55
39,56
39,57
39,58
39,59
39,61
39,62
39,63
39,64
39,65
39,66
39,68
39,70
39,71
39,74
39,77
39,80
39,82
39,94
39,95
39,98
40,41
40,42
40,44
40,45
40,46
40,47
40,49
40,51
40,53
40,55
40,56
40,57
40,58
40,59
40,62
40,63
40,64
40,65
40,67
40,68
40,69
41,42
41,43
41,44
41,45
41,46
41,47
41,48
41,49
41,50
41,51
41,52
41,53
41,54
41,55
41,56
41,57
41,58
41,59
41,61
41,62
41,63
41,64
41,65
42,43
42,44
42,45
42,46
42,47
42,48
42,49
42,50
42,52
42,53
42,54
42,56
42,58
42,59
42,60
42,61
42,62
42,63
43,44
43,45
43,46
43,48
43,49
43,50
43,51
44,45
44,46
44,48
44,49
44,51
44,56
44,59
44,63
44,66
44,68
44,70
44,71
44,74
44,77
44,80
44,82
44,94
44,95
44,98
45,46
45,47
45,48
45,49
45,50
45,51
45,52
45,53
45,54
45,55
45,56
45,59
45,63
45,66
45,68
45,70
45,71
45,74
45,77
45,80
45,82
45,94
45,95
45,98
46,48
46,49
46,51
46,52
46,53
46,54
46,56
46,57
46,58
46,59
46,60
46,63
46,66
46,68
46,70
46,71
46,74
46,77
46,80
46,82
46,94
46,95
46,98
47,48
47,49
47,50
47,51
47,53
47,54
47,55
47,58
47,59
47,60
47,61
47,62
47,63
47,64
47,65
47,66
47,74
47,80
47,91
48,49
48,50
48,51
48,53
48,54
48,55
48,56
48,57
48,58
48,59
48,63
48,66
48,68
48,70
48,71
48,74
48,77
48,80
48,82
48,94
48,95
48,98
49,50
49,51
49,52
49,53
49,54
49,55
49,56
49,59
49,60
49,61
49,63
49,66
49,68
49,70
49,71
49,74
49,77
49,80
49,82
49,94
49,95
49,98
50,51
50,52
50,55
50,57
50,58
51,54
51,56
51,57
51,59
51,60
51,63
51,66
51,68
51,70
51,71
51,74
51,77
51,80
51,82
51,94
51,95
51,98
52,53
52,54
52,55
52,57
52,58
52,59
52,60
52,62
52,64
52,65
52,66
52,67
52,70
52,80
52,82
53,54
53,58
53,59
53,60
53,61
53,63
53,64
53,65
53,66
54,55
54,56
54,57
54,58
54,59
54,60
54,61
54,65
54,66
54,67
54,70
54,71
54,74
54,80
54,85
55,56
55,57
55,58
55,59
55,60
55,61
55,62
55,63
55,64
55,65
55,66
55,67
55,69
55,70
55,74
55,75
55,78
55,80
55,82
55,85
55,87
55,90
55,94
55,95
56,59
56,63
56,66
56,68
56,70
56,71
56,74
56,77
56,80
56,82
56,94
56,95
56,98
57,59
57,60
57,62
57,64
57,65
57,66
57,67
57,69
57,70
57,74
57,78
57,80
57,81
57,83
57,85
57,87
57,89
57,91
57,93
57,94
57,95
58,59
58,60
58,61
58,62
58,63
58,64
58,65
58,66
58,67
58,69
58,70
58,71
58,73
58,74
58,75
59,61
59,62
59,63
59,64
59,65
59,66
59,67
59,68
59,69
59,70
59,71
59,73
59,74
59,76
59,77
59,78
59,79
59,80
59,82
59,83
59,85
59,94
59,95
59,98
60,61
60,62
61,62
61,63
61,65
61,66
61,68
61,69
61,70
61,71
61,72
61,73
61,74
61,75
61,76
61,77
61,78
61,79
61,80
61,82
61,83
61,87
61,88
61,90
61,91
61,93
61,94
61,95
61,99
62,63
62,64
62,65
62,66
62,68
62,69
62,70
62,71
62,72
62,73
62,74
62,75
62,76
62,78
62,79
62,80
62,81
62,83
62,84
62,88
62,89
62,92
62,93
62,94
62,95
62,96
63,64
63,65
63,66
63,67
63,68
63,70
63,71
63,73
63,74
63,75
63,76
63,77
63,80
63,81
63,82
63,83
63,84
63,87
63,94
63,95
63,98
64,65
64,66
64,67
64,68
64,70
64,72
64,73
64,74
64,75
64,76
64,77
64,78
64,79
64,80
64,81
64,82
64,84
64,85
64,87
64,88
64,89
64,90
64,92
64,93
64,94
64,95
64,96
64,97
64,98
64,99
65,66
65,67
65,68
65,69
65,71
66,67
66,68
66,69
66,70
66,71
66,72
66,73
66,74
66,75
66,76
66,77
66,78
66,79
66,80
66,82
66,94
66,95
66,98
67,68
67,69
67,70
67,71
67,72
67,74
67,75
67,76
67,78
67,79
68,69
68,70
68,71
68,73
68,74
68,77
68,80
68,82
68,94
68,95
68,98
69,71
69,72
69,73
69,75
69,77
69,78
69,79
69,80
69,81
69,82
70,71
70,72
70,73
70,74
70,75
70,76
70,77
70,78
70,79
70,80
70,81
70,82
70,85
70,94
70,95
70,98
71,72
71,73
71,74
71,77
71,78
71,79
71,80
71,81
71,82
71,94
71,95
71,98
72,73
72,74
72,75
72,76
72,77
72,78
72,79
72,80
72,81
72,82
72,83
72,84
72,85
72,86
72,87
72,88
72,89
72,91
72,92
73,74
73,76
74,75
74,76
74,77
74,78
74,80
74,82
74,94
74,95
74,98
75,77
75,78
75,81
75,82
75,83
75,85
75,89
75,91
75,92
75,94
75,97
76,77
76,78
76,79
76,80
76,81
76,82
76,83
76,84
76,85
76,86
76,88
76,91
76,92
77,78
77,79
77,80
77,81
77,82
77,83
77,84
77,85
77,86
77,88
77,89
77,94
77,95
77,98
78,79
78,80
78,81
78,82
78,83
78,84
78,85
78,86
78,87
78,88
78,89
78,90
78,91
78,95
78,97
78,99
79,80
79,82
79,84
80,82
80,83
80,84
80,86
80,87
80,88
80,89
80,91
80,94
80,95
80,98
81,83
81,84
81,85
81,86
81,87
81,88
81,89
81,91
81,92
81,93
81,94
81,96
81,97
81,99
82,83
82,84
82,85
82,86
82,87
82,88
82,89
82,90
82,94
82,95
82,98
83,85
83,86
83,87
83,88
83,89
83,90
83,91
83,92
83,93
83,94
83,96
83,98
83,99
84,85
84,86
84,87
84,88
84,89
84,90
84,91
84,92
84,93
84,94
84,95
84,96
84,97
84,98
84,99
85,86
85,87
85,88
85,89
85,90
85,91
85,92
85,93
85,94
85,96
85,97
85,98
85,99
86,87
86,88
86,89
86,90
86,91
86,92
86,93
86,94
86,95
86,96
86,97
86,99
88,90
88,92
88,93
88,94
88,95
88,97
88,98
88,99
89,90
89,91
89,93
89,94
89,95
89,96
89,97
89,98
89,99
90,91
90,92
90,93
90,94
90,96
90,97
90,98
91,92
91,93
91,94
91,95
91,96
91,97
91,98
91,99
92,93
92,94
93,94
93,95
93,96
93,97
93,98
93,99
94,95
94,96
94,98
95,96
95,98
95,99
96,98
96,99
97,98
97,99
