0,1
0,2
0,3
0,4
0,5
0,6
0,7
0,8
0,9
0,10
0,11
0,12
0,13
0,14
0,15
0,16
0,17
0,18
0,19
0,20
0,21
0,22
0,23
0,24
0,25
0,26
0,27
0,28
0,29
0,30
0,31
0,32
0,33
0,36
0,37
0,40
0,42
0,47
0,48
0,49
0,50
0,55
0,59
0,65
0,66
0,67
0,68
0,70
0,78
0,79
0,81
0,84
0,88
0,90
0,91
0,92
0,95
1,2
1,3
1,4
1,5
1,6
1,7
1,8
1,9
1,10
1,11
1,12
1,13
1,14
1,15
1,16
1,17
1,18
1,19
1,20
1,21
1,22
1,23
1,24
1,25
1,26
1,27
1,28
1,29
1,30
1,31
1,32
1,33
2,3
2,4
2,5
2,6
2,7
2,8
2,9
2,10
2,11
2,12
2,13
2,14
2,15
2,16
2,17
2,18
2,19
2,20
2,21
2,22
2,23
2,24
2,25
2,26
2,27
2,28
2,29
2,30
2,31
2,32
2,33
3,4
3,5
3,6
3,7
3,8
3,9
3,10
3,11
3,12
3,13
3,14
3,15
3,16
3,17
3,18
3,19
3,20
3,21
3,22
3,23
3,24
3,25
3,26
3,27
3,28
3,29
3,30
3,31
3,32
3,33
4,5
4,6
4,7
4,8
4,9
4,10
4,11
4,12
4,13
4,14
4,15
4,16
4,17
4,18
4,19
4,20
4,21
4,22
4,23
4,24
4,25
4,26
4,27
4,28
4,29
4,30
4,31
4,32
4,33
4,36
4,37
4,40
4,42
4,47
4,48
4,49
4,50
4,55
4,59
4,65
4,66
4,67
4,68
4,70
4,78
4,79
4,81
4,84
4,88
4,90
4,91
4,92
4,95
5,6
5,7
5,8
5,9
5,10
5,11
5,12
5,13
5,14
5,15
5,16
5,17
5,18
5,19
5,20
5,21
5,22
5,23
5,24
5,25
5,26
5,27
5,28
5,29
5,30
5,31
5,32
5,33
5,36
5,37
5,40
5,42
5,47
5,48
5,49
5,50
5,55
5,59
5,65
5,66
5,67
5,68
5,70
5,78
5,79
5,81
5,84
5,88
5,90
5,91
5,92
5,95
6,7
6,8
6,9
6,10
6,11
6,12
6,13
6,14
6,15
6,16
6,17
6,18
6,19
6,20
6,21
6,22
6,23
6,24
6,25
6,26
6,27
6,28
6,29
6,30
6,31
6,32
6,33
6,36
6,37
6,40
6,42
6,47
6,48
6,49
6,50
6,55
6,59
6,65
6,66
6,67
6,68
6,70
6,78
6,79
6,81
6,84
6,88
6,90
6,91
6,92
6,95
7,8
7,9
7,10
7,11
7,12
7,13
7,14
7,15
7,16
7,17
7,18
7,19
7,20
7,21
7,22
7,23
7,24
7,25
7,26
7,27
7,28
7,29
7,30
7,31
7,32
7,33
7,36
7,37
7,40
7,42
7,47
7,48
7,49
7,50
7,55
7,59
7,65
7,66
7,67
7,68
7,70
7,78
7,79
7,81
7,84
7,88
7,90
7,91
7,92
7,95
8,9
8,10
8,11
8,12
8,13
8,14
8,15
8,16
8,17
8,18
8,19
8,20
8,21
8,22
8,23
8,24
8,25
8,26
8,27
8,28
8,29
8,30
8,31
8,32
8,33
9,10
9,11
9,12
9,13
9,14
9,15
9,16
9,17
9,18
9,19
9,20
9,21
9,22
9,23
9,24
9,25
9,26
9,27
9,28
9,29
9,30
9,31
9,32
9,33
9,36
9,37
9,40
9,42
9,47
9,48
9,49
9,50
9,55
9,59
9,65
9,66
9,67
9,68
9,70
9,78
9,79
9,81
9,84
9,88
9,90
9,91
9,92
9,95
10,11
10,12
10,13
10,14
10,15
10,16
10,17
10,18
10,19
10,20
10,21
10,22
10,23
10,24
10,25
10,26
10,27
10,28
10,29
10,30
10,31
10,32
10,33
11,12
11,13
11,14
11,15
11,16
11,17
11,18
11,19
11,20
11,21
11,22
11,23
11,24
11,25
11,26
11,27
11,28
11,29
11,30
11,31
11,32
11,33
12,13
12,14
12,15
12,16
12,17
12,18
12,19
12,20
12,21
12,22
12,23
12,24
12,25
12,26
12,27
12,28
12,29
12,30
12,31
12,32
13,14
13,15
13,16
13,17
13,18
13,19
13,20
13,21
13,22
13,23
13,24
13,25
13,26
13,27
13,28
13,29
13,30
13,31
13,32
13,33
14,15
14,16
14,17
14,18
14,19
14,20
14,21
14,22
14,23
14,24
14,25
14,26
14,27
14,28
14,29
14,30
14,31
14,32
14,33
15,16
15,17
15,18
15,19
15,20
15,21
15,22
15,23
15,24
15,25
15,26
15,27
15,28
15,29
15,30
15,31
15,32
15,33
16,17
16,18
16,19
16,20
16,21
16,22
16,23
16,24
16,25
16,26
16,27
16,28
16,29
16,30
16,31
16,32
16,33
16,36
16,37
16,40
16,42
16,47
16,48
16,49
16,50
16,55
16,59
16,65
16,66
16,67
16,68
16,70
16,78
16,79
16,81
16,84
16,88
16,90
16,91
16,92
16,95
17,18
17,19
17,20
17,21
17,22
17,23
17,24
17,25
17,26
17,27
17,28
17,29
17,30
17,31
17,32
17,33
18,19
18,20
18,21
18,22
18,23
18,24
18,25
18,26
18,27
18,28
18,29
18,30
18,31
18,32
18,33
18,36
18,37
18,40
18,42
18,47
18,48
18,49
18,50
18,55
18,59
18,65
18,66
18,67
18,68
18,70
18,78
18,79
18,81
18,84
18,88
18,90
18,91
18,92
18,95
19,20
19,21
19,22
19,23
19,24
19,25
19,26
19,27
19,28
19,29
19,30
19,31
19,32
19,33
20,21
20,22
20,23
20,24
20,25
20,26
20,27
20,28
20,29
20,30
20,31
20,32
20,33
21,22
21,23
21,24
21,25
21,26
21,27
21,28
21,29
21,30
21,31
21,32
21,33
22,23
22,24
22,25
22,26
22,27
22,28
22,29
22,30
22,31
22,32
22,33
23,24
23,25
23,26
23,27
23,28
23,29
23,30
23,31
23,32
23,33
24,25
24,26
24,27
24,28
24,29
24,30
24,31
24,32
24,33
24,36
24,37
24,40
24,42
24,47
24,48
24,49
24,50
24,55
24,59
24,65
24,66
24,67
24,68
24,70
24,78
24,79
24,81
24,84
24,88
24,90
24,91
24,92
24,95
25,26
25,27
25,28
25,29
25,30
25,31
25,32
25,33
25,36
25,37
25,40
25,42
25,47
25,48
25,49
25,50
25,55
25,59
25,65
25,66
25,67
25,68
25,70
25,78
25,79
25,81
25,84
25,88
25,90
25,91
25,92
25,95
26,27
26,28
26,29
26,30
26,31
26,32
26,33
27,28
27,29
27,30
27,31
27,32
27,33
28,29
28,30
28,31
28,32
28,33
29,30
29,31
29,32
29,33
30,31
30,32
30,33
31,32
31,33
32,33
36,37
36,40
36,42
36,47
36,48
36,49
36,50
36,55
36,59
36,65
36,66
36,67
36,68
36,70
36,78
36,79
36,81
36,84
36,88
36,90
36,91
36,92
36,95
37,40
37,42
37,47
37,48
37,49
37,50
37,55
37,59
37,65
37,66
37,67
37,68
37,70
37,78
37,79
37,81
37,84
37,88
37,90
37,91
37,92
37,95
39,52
39,54
39,56
39,57
39,63
39,68
39,69
39,71
39,72
39,74
39,77
39,78
40,42
40,47
40,48
40,49
40,50
40,53
40,54
40,55
40,59
40,65
40,66
40,67
40,68
40,70
40,78
40,79
40,81
40,84
40,88
40,90
40,91
40,92
40,95
41,44
41,46
41,48
41,49
41,53
41,54
41,55
41,56
41,57
41,60
41,66
41,67
41,69
41,72
41,73
41,74
41,75
41,77
41,78
41,80
42,44
42,46
42,47
42,48
42,49
42,50
42,54
42,55
42,56
42,57
42,59
42,60
42,61
42,63
42,64
42,65
42,66
42,67
42,68
42,70
42,71
42,72
42,73
42,75
42,77
42,78
42,79
42,80
42,81
42,83
42,84
42,87
42,88
42,90
42,91
42,92
42,95
43,44
43,46
43,49
43,53
43,54
43,55
43,56
43,57
43,58
43,61
43,62
43,63
43,65
43,66
43,67
43,69
43,74
43,75
43,76
44,46
45,51
45,53
45,54
46,48
46,50
46,51
46,52
46,53
46,55
46,57
46,60
46,61
46,62
46,63
46,64
46,67
46,68
46,72
46,73
46,76
46,77
46,78
46,80
46,82
46,83
46,86
47,48
47,49
47,50
47,55
47,59
47,65
47,66
47,67
47,68
47,70
47,78
47,79
47,81
47,84
47,88
47,90
47,91
47,92
47,95
48,49
48,50
48,51
48,55
48,56
48,57
48,59
48,60
48,61
48,64
48,65
48,66
48,67
48,68
48,70
48,71
48,73
48,74
48,76
48,78
48,79
48,80
48,81
48,82
48,84
48,87
48,88
48,90
48,91
48,92
48,95
49,50
49,53
49,55
49,59
49,65
49,66
49,67
49,68
49,70
49,72
49,73
49,74
49,77
49,78
49,79
49,81
49,82
49,83
49,84
49,88
49,90
49,91
49,92
49,95
50,55
50,59
50,65
50,66
50,67
50,68
50,70
50,78
50,79
50,81
50,84
50,88
50,90
50,91
50,92
50,95
51,54
51,55
51,58
51,61
51,62
51,63
51,64
52,53
52,55
52,58
52,59
52,60
52,61
52,62
52,63
52,64
52,67
52,69
52,72
52,74
52,82
52,87
52,88
53,55
53,56
53,57
53,58
53,59
53,60
53,61
53,62
53,63
53,64
53,65
53,71
53,72
54,55
54,56
54,57
54,58
54,59
54,60
54,61
54,63
54,65
54,66
54,67
54,69
54,71
54,72
54,73
54,75
54,76
54,77
54,80
54,81
54,82
54,86
54,87
55,56
55,57
55,58
55,59
55,61
55,64
55,65
55,66
55,67
55,68
55,70
55,71
55,72
55,73
55,75
55,76
55,78
55,79
55,81
55,83
55,84
55,86
55,87
55,88
55,90
55,91
55,92
55,95
56,57
56,58
56,59
56,61
56,62
56,69
56,71
56,72
56,73
56,75
56,76
56,77
56,78
56,80
56,81
56,82
56,83
56,88
56,97
57,58
57,59
57,60
57,61
57,64
57,65
57,66
57,69
57,70
57,71
57,73
57,74
57,75
57,76
57,77
57,78
57,79
57,80
58,59
59,61
59,64
59,65
59,66
59,67
59,68
59,70
59,78
59,79
59,81
59,84
59,88
59,90
59,91
59,92
59,95
60,65
60,66
62,63
62,64
62,65
62,66
62,67
62,68
62,71
62,73
62,74
62,76
62,77
62,79
63,65
63,68
63,69
63,71
63,74
63,76
63,77
63,79
63,80
63,82
63,88
64,65
64,66
64,70
64,72
64,73
64,74
64,76
64,78
64,80
64,88
65,66
65,67
65,68
65,69
65,70
65,78
65,79
65,81
65,84
65,88
65,90
65,91
65,92
65,95
66,67
66,68
66,70
66,78
66,79
66,81
66,84
66,88
66,90
66,91
66,92
66,95
67,68
67,69
67,70
67,71
67,74
67,77
67,78
67,79
67,81
67,82
67,84
67,88
67,90
67,91
67,92
67,95
68,70
68,75
68,76
68,77
68,78
68,79
68,81
68,83
68,84
68,86
68,87
68,88
68,90
68,91
68,92
68,95
70,74
70,75
70,78
70,79
70,81
70,84
70,88
70,90
70,91
70,92
70,95
71,73
71,74
71,75
72,74
72,76
72,77
72,81
73,74
73,75
73,76
73,77
73,78
73,80
73,81
73,88
73,97
74,75
74,76
74,78
74,79
74,80
74,81
74,82
74,85
74,87
74,88
74,97
75,76
75,78
75,79
75,80
75,81
75,82
75,83
76,77
76,78
76,80
76,81
76,82
76,83
76,85
76,87
76,88
76,97
77,79
77,80
77,81
77,82
77,84
77,85
77,87
77,88
77,91
77,97
78,79
78,80
78,81
78,84
78,85
78,88
78,89
78,90
78,91
78,92
78,95
78,97
79,80
79,81
79,82
79,83
79,84
79,88
79,89
79,90
79,91
79,92
79,95
79,96
79,97
80,82
80,83
80,84
80,85
80,86
80,87
80,91
80,96
81,83
81,84
81,85
81,86
81,88
81,89
81,90
81,91
81,92
81,95
81,96
82,83
82,85
82,86
82,87
82,88
82,89
82,91
83,85
83,86
83,87
83,88
83,89
83,91
83,93
83,95
83,96
83,97
83,99
84,88
84,89
84,90
84,91
84,92
84,94
84,95
85,86
85,87
85,89
85,90
86,87
86,90
86,92
86,93
86,94
86,96
86,97
87,90
87,91
87,92
87,93
87,94
87,95
87,96
87,97
88,89
88,90
88,91
88,92
88,95
88,97
88,99
89,90
89,91
89,92
89,93
89,94
89,96
89,97
89,99
90,91
90,92
90,95
91,92
91,94
91,95
91,96
91,97
91,98
91,99
92,93
92,95
92,98
92,99
93,94
93,96
93,99
94,96
94,97
94,98
95,96
95,97
95,98
95,99
96,99
