0,1
0,2
0,3
0,4
0,5
0,6
0,7
0,8
0,9
0,10
0,11
0,12
0,13
0,14
0,15
0,16
0,17
0,18
0,19
0,20
0,21
0,22
0,23
0,24
0,32
0,37
0,40
0,41
0,45
0,46
0,48
0,51
0,56
0,60
0,61
0,62
0,67
0,81
0,83
0,86
0,93
0,99
1,2
1,3
1,4
1,5
1,6
1,7
1,8
1,9
1,10
1,11
1,12
1,13
1,14
1,15
1,16
1,17
1,18
1,19
1,20
1,21
1,22
1,23
1,24
2,3
2,4
2,5
2,6
2,7
2,8
2,9
2,10
2,11
2,12
2,13
2,14
2,15
2,16
2,17
2,18
2,19
2,20
2,21
2,22
2,23
2,24
2,32
2,37
2,40
2,41
2,45
2,46
2,48
2,51
2,56
2,60
2,61
2,62
2,67
2,81
2,83
2,86
2,93
2,99
3,4
3,5
3,6
3,7
3,8
3,9
3,10
3,11
3,12
3,13
3,14
3,15
3,16
3,17
3,18
3,19
3,20
3,21
3,22
3,23
3,24
4,5
4,6
4,7
4,8
4,9
4,10
4,11
4,12
4,13
4,14
4,15
4,16
4,17
4,18
4,19
4,20
4,21
4,22
4,23
4,24
5,6
5,7
5,8
5,9
5,10
5,11
5,12
5,13
5,14
5,15
5,16
5,17
5,18
5,19
5,20
5,21
5,22
5,23
6,7
6,8
6,9
6,10
6,11
6,12
6,13
6,14
6,15
6,16
6,17
6,18
6,19
6,20
6,21
6,22
6,23
6,24
7,8
7,9
7,10
7,11
7,12
7,13
7,14
7,15
7,16
7,17
7,18
7,19
7,20
7,21
7,22
7,23
7,24
8,9
8,10
8,11
8,12
8,13
8,14
8,15
8,16
8,17
8,18
8,19
8,20
8,21
8,22
8,23
8,24
8,33
8,34
8,36
8,38
8,39
8,40
8,41
8,42
8,43
8,44
8,46
9,10
9,11
9,12
9,13
9,14
9,15
9,16
9,17
9,18
9,19
9,20
9,21
9,22
9,23
9,24
9,34
9,35
10,11
10,12
10,13
10,14
10,15
10,16
10,17
10,18
10,19
10,20
10,21
10,22
10,23
10,24
10,31
10,32
10,33
10,34
10,37
10,40
10,41
10,45
10,46
10,48
10,51
10,56
10,60
10,61
10,62
10,67
10,81
10,83
10,86
10,93
10,99
11,12
11,13
11,14
11,15
11,16
11,17
11,18
11,19
11,20
11,21
11,22
11,23
11,24
11,28
11,29
11,32
11,33
11,34
11,35
11,36
11,42
11,43
11,44
12,13
12,14
12,15
12,16
12,17
12,18
12,19
12,20
12,21
12,22
12,23
12,24
12,27
12,28
12,29
12,30
12,31
12,32
12,34
12,35
12,36
12,37
12,38
12,40
12,41
12,42
12,43
12,44
12,45
12,46
12,48
12,51
12,53
12,56
12,60
12,61
12,62
12,65
12,67
12,69
12,70
12,73
12,80
12,81
12,83
12,86
12,88
12,93
12,95
12,99
13,14
13,15
13,16
13,17
13,18
13,19
13,20
13,21
13,22
13,23
13,24
14,15
14,16
14,17
14,18
14,19
14,20
14,21
14,22
14,23
14,24
14,32
14,37
14,39
14,40
14,41
14,42
14,43
14,45
14,46
14,48
14,51
14,52
14,53
14,54
14,56
14,60
14,61
14,62
14,67
14,81
14,83
14,86
14,93
14,99
15,16
15,17
15,18
15,19
15,20
15,21
15,22
15,23
15,24
16,17
16,18
16,19
16,20
16,21
16,22
16,23
16,24
17,18
17,19
17,20
17,21
17,22
17,23
17,24
18,19
18,20
18,21
18,22
18,23
18,24
18,32
18,37
18,40
18,41
18,45
18,46
18,48
18,51
18,56
18,60
18,61
18,62
18,67
18,81
18,83
18,86
18,93
18,99
19,20
19,21
19,22
19,23
19,24
20,21
20,22
20,23
20,24
20,32
20,37
20,40
20,41
20,45
20,46
20,48
20,51
20,56
20,60
20,61
20,62
20,67
20,81
20,83
20,86
20,93
20,99
21,22
21,23
21,24
21,31
21,32
21,33
21,39
21,40
21,41
21,42
21,43
21,46
21,47
21,48
22,23
22,24
22,32
22,33
22,36
22,38
22,39
22,40
22,41
22,42
22,43
23,24
24,36
24,38
24,39
24,40
24,41
25,31
25,32
25,33
25,35
25,36
25,38
25,39
25,40
25,43
25,44
26,27
26,28
26,29
26,30
26,31
26,33
27,28
27,29
27,30
27,31
27,32
27,33
27,34
27,38
27,41
27,42
27,43
27,45
27,46
27,47
27,49
27,54
27,64
27,65
27,69
27,73
27,83
27,86
27,90
27,96
29,31
29,32
29,33
29,34
29,35
29,39
29,40
29,41
29,42
29,43
29,44
29,45
29,46
29,47
29,48
29,53
29,54
29,62
29,64
29,65
29,68
29,71
29,72
29,74
29,77
29,80
29,82
29,83
29,86
29,90
29,91
30,31
30,33
30,34
30,35
30,36
30,37
30,38
30,39
30,40
30,41
30,43
30,45
30,47
30,48
30,49
30,53
30,54
30,55
30,62
30,64
30,65
30,66
30,67
30,68
30,69
30,70
30,71
30,73
30,74
30,75
30,76
30,78
30,79
30,82
30,83
30,86
30,89
30,90
30,91
30,93
30,95
30,96
30,97
31,32
31,33
31,34
31,35
31,36
31,37
31,41
31,42
31,43
31,45
31,46
31,47
31,48
31,49
31,52
31,53
31,54
31,55
31,57
31,59
31,60
31,62
31,63
31,64
31,65
31,66
31,67
31,68
31,69
31,70
31,71
31,72
31,73
31,74
31,75
31,77
31,78
31,79
31,80
31,81
32,34
32,35
32,36
32,37
32,38
32,39
32,40
32,41
32,42
32,43
32,44
32,45
32,46
32,47
32,48
32,49
32,50
32,51
32,53
32,56
32,57
32,59
32,60
32,61
32,62
32,64
32,65
32,66
32,67
32,68
32,69
32,70
32,72
32,73
32,74
32,75
32,76
32,77
32,78
32,79
32,80
32,81
32,82
32,83
32,86
32,93
32,99
33,34
33,35
33,37
33,38
33,39
33,41
33,42
33,43
33,44
33,45
33,46
33,49
33,50
33,52
33,54
33,55
33,56
33,57
33,58
33,59
33,60
33,61
33,62
33,63
33,64
33,65
33,67
33,68
33,69
33,70
33,71
33,72
33,73
33,74
33,75
33,76
33,77
33,78
33,79
33,80
33,81
33,82
33,83
33,84
33,86
33,87
33,90
33,91
33,95
33,96
33,97
34,35
34,36
34,37
34,38
34,40
35,36
35,37
35,38
35,40
35,41
35,42
35,45
35,47
35,49
36,37
36,38
36,39
36,40
36,41
36,42
36,43
36,44
36,45
37,38
37,39
37,40
37,41
37,45
37,46
37,48
37,51
37,56
37,60
37,61
37,62
37,67
37,81
37,83
37,86
37,93
37,99
38,39
38,41
38,42
38,43
38,44
38,45
38,46
38,47
38,48
38,50
38,52
38,53
38,58
38,59
38,62
38,63
38,65
38,66
38,68
38,69
38,70
38,71
38,72
38,74
38,75
38,76
38,77
38,78
38,80
38,81
38,82
38,87
38,91
38,95
38,97
38,99
39,40
39,41
39,42
39,43
39,44
39,45
39,46
39,47
39,48
39,49
39,50
39,51
39,52
39,53
39,54
40,41
40,42
40,44
40,45
40,46
40,47
40,48
40,49
40,50
40,51
40,52
40,53
40,54
40,55
40,56
40,57
40,58
40,59
40,60
40,61
40,62
40,64
40,66
40,67
40,68
40,69
40,71
40,72
40,74
40,75
40,76
40,79
40,80
40,81
40,82
40,83
40,84
40,85
40,86
40,87
40,90
40,91
40,93
40,95
40,96
40,97
40,98
40,99
41,42
41,43
41,45
41,46
41,48
41,50
41,51
41,52
41,53
41,54
41,55
41,56
41,57
41,58
41,60
41,61
41,62
41,63
41,64
41,66
41,67
41,68
41,69
41,70
41,71
41,72
41,74
41,75
41,77
41,81
41,83
41,86
41,93
41,99
42,44
42,45
42,46
42,48
42,49
42,50
42,52
42,53
42,54
42,55
42,58
42,60
42,61
42,62
43,44
43,45
43,47
43,48
43,49
43,50
43,51
43,52
43,53
43,54
43,55
43,56
43,57
43,58
43,59
43,60
43,63
43,64
43,65
43,66
43,67
43,68
44,45
44,46
44,47
44,48
44,49
44,50
44,51
44,52
44,53
44,54
44,55
44,57
44,59
44,60
44,61
44,62
44,63
44,65
45,46
45,47
45,48
45,49
45,51
45,52
45,54
45,56
45,60
45,61
45,62
45,67
45,81
45,83
45,86
45,93
45,99
46,48
46,49
46,50
46,51
46,54
46,56
46,57
46,58
46,60
46,61
46,62
46,67
46,81
46,83
46,86
46,93
46,99
47,48
47,49
47,50
47,51
47,52
47,53
47,54
47,56
47,57
47,58
47,60
47,61
47,62
47,64
47,65
47,66
47,68
47,70
47,72
47,77
48,49
48,50
48,51
48,52
48,56
48,60
48,61
48,62
48,67
48,81
48,83
48,86
48,93
48,99
49,50
49,52
49,53
49,54
49,56
49,57
49,58
49,59
50,51
51,52
51,53
51,54
51,56
51,60
51,61
51,62
51,67
51,81
51,83
51,86
51,93
51,99
52,53
52,54
52,55
52,57
52,59
52,63
52,64
52,65
52,68
52,69
52,72
52,76
52,81
52,82
52,84
52,85
53,54
53,55
53,56
53,57
53,58
53,59
53,61
53,62
53,63
53,64
53,65
53,66
53,67
53,68
53,69
53,72
53,74
53,75
53,76
53,77
53,79
53,80
53,81
53,82
53,84
53,85
53,89
54,55
54,56
54,57
54,59
54,60
55,56
55,57
55,58
56,57
56,58
56,60
56,61
56,62
56,63
56,65
56,66
56,67
56,72
56,74
56,81
56,83
56,86
56,93
56,99
57,58
57,59
57,60
57,63
58,59
58,60
58,61
58,62
58,63
58,64
58,65
59,60
59,61
59,62
59,63
59,64
59,65
59,66
59,67
59,68
59,69
59,70
59,71
59,72
59,73
59,74
59,76
59,77
59,78
59,80
59,82
59,83
59,84
59,85
59,86
59,89
59,90
59,91
59,93
59,95
60,61
60,62
60,67
60,81
60,83
60,86
60,93
60,99
61,62
61,63
61,66
61,67
61,68
61,69
61,70
61,71
61,81
61,83
61,86
61,93
61,99
62,63
62,65
62,66
62,67
62,81
62,83
62,86
62,93
62,99
63,64
63,65
63,66
63,67
63,68
63,69
63,70
64,65
64,66
64,67
64,68
64,69
64,70
64,71
64,73
64,75
64,76
64,77
64,79
64,80
64,81
64,82
64,83
64,85
64,86
64,87
65,68
65,69
65,70
65,72
65,73
65,75
65,76
65,77
65,78
65,80
65,81
65,82
65,83
65,84
65,85
65,86
65,87
65,96
66,67
66,68
66,69
67,68
67,69
67,70
67,71
67,72
67,73
67,74
67,75
67,77
67,78
67,80
67,81
67,83
67,84
67,85
67,86
67,87
67,89
67,90
67,91
67,93
67,94
67,95
67,96
67,97
67,98
67,99
68,70
68,72
68,73
68,74
68,75
68,76
68,79
68,80
69,71
69,75
69,76
69,79
69,80
69,82
69,83
69,87
70,71
70,72
71,72
71,73
71,74
71,75
71,76
71,78
71,79
71,80
71,81
71,82
71,83
71,84
71,86
71,87
71,89
71,90
72,73
72,75
72,76
73,74
73,76
73,77
73,78
73,79
73,81
73,83
73,84
74,75
75,76
75,77
75,78
75,79
76,77
76,78
76,82
76,83
77,78
77,79
77,82
77,83
77,84
77,87
77,89
77,91
77,94
77,95
77,98
78,79
78,80
78,83
78,84
78,86
78,87
78,88
78,89
78,90
78,91
78,93
78,94
78,95
79,80
79,82
79,83
79,84
79,85
79,86
79,87
79,88
79,89
80,81
80,82
80,83
80,85
80,86
80,87
80,88
80,89
80,90
80,91
80,93
80,94
80,96
80,97
80,99
81,82
81,83
81,84
81,85
81,86
81,87
81,88
81,89
81,90
81,91
81,93
81,99
82,83
82,85
82,86
82,87
82,88
82,89
82,90
82,91
82,93
82,95
82,96
82,97
82,99
83,84
83,85
83,86
83,88
83,89
83,90
83,91
83,93
83,95
83,96
83,97
83,98
83,99
85,86
85,87
85,88
85,91
85,94
86,87
86,88
86,90
86,93
86,95
86,96
86,97
86,98
86,99
87,88
87,89
87,90
87,91
87,93
87,94
87,95
87,96
87,98
87,99
88,89
88,90
88,91
88,93
88,94
88,95
88,96
89,91
89,93
89,94
89,95
89,96
89,97
89,98
89,99
90,92
90,94
90,95
90,96
90,97
90,98
90,99
91,92
91,93
91,94
91,95
91,96
91,97
91,98
91,99
92,93
92,94
92,95
92,96
92,97
92,98
93,94
93,95
93,96
93,97
93,98
93,99
94,95
94,96
94,97
94,98
95,99
96,97
96,98
96,99
97,98
97,99
98,99
