0,1
0,2
0,3
0,4
0,5
0,6
0,7
0,8
0,9
0,10
0,11
0,12
0,13
0,14
0,15
0,16
0,17
0,18
0,19
0,20
0,21
0,22
0,23
0,24
0,25
0,26
0,27
0,28
0,29
0,30
0,31
1,2
1,3
1,4
1,5
1,6
1,7
1,8
1,9
1,10
1,11
1,12
1,13
1,14
1,15
1,16
1,17
1,18
1,19
1,20
1,21
1,22
1,23
1,24
1,25
1,26
1,27
1,28
1,29
1,30
1,31
2,3
2,4
2,5
2,6
2,7
2,8
2,9
2,10
2,11
2,12
2,13
2,14
2,15
2,16
2,17
2,18
2,19
2,20
2,21
2,22
2,23
2,24
2,25
2,26
2,27
2,28
2,29
2,30
2,31
3,4
3,5
3,6
3,7
3,8
3,9
3,10
3,11
3,12
3,13
3,14
3,15
3,16
3,17
3,18
3,19
3,20
3,21
3,22
3,23
3,24
3,25
3,26
3,27
3,28
3,29
3,30
3,31
3,41
3,42
3,43
3,47
3,48
3,53
3,56
3,58
3,60
3,62
3,63
3,64
3,66
3,75
3,78
3,79
3,80
3,83
3,89
3,93
3,96
3,97
4,5
4,6
4,7
4,8
4,9
4,10
4,11
4,12
4,13
4,14
4,15
4,16
4,17
4,18
4,19
4,20
4,21
4,22
4,23
4,24
4,25
4,26
4,27
4,28
4,29
4,30
4,31
5,6
5,7
5,8
5,9
5,10
5,11
5,12
5,13
5,14
5,15
5,16
5,17
5,18
5,19
5,20
5,21
5,22
5,23
5,24
5,25
5,26
5,27
5,28
5,29
5,30
5,31
6,7
6,8
6,9
6,10
6,11
6,12
6,13
6,14
6,15
6,16
6,17
6,18
6,19
6,20
6,21
6,22
6,23
6,24
6,25
6,26
6,27
6,28
6,29
6,30
6,31
6,41
6,42
6,43
6,47
6,48
6,53
6,56
6,58
6,60
6,62
6,63
6,64
6,66
6,75
6,78
6,79
6,80
6,83
6,89
6,93
6,96
6,97
7,8
7,9
7,10
7,11
7,12
7,13
7,14
7,15
7,16
7,17
7,18
7,19
7,20
7,21
7,22
7,23
7,24
7,25
7,26
7,27
7,28
7,29
7,30
7,31
8,9
8,10
8,11
8,12
8,13
8,14
8,15
8,16
8,17
8,18
8,19
8,20
8,21
8,22
8,23
8,24
8,25
8,26
8,27
8,28
8,29
8,30
8,31
9,10
9,11
9,12
9,13
9,14
9,15
9,16
9,17
9,18
9,19
9,20
9,21
9,22
9,23
9,24
9,25
9,26
9,27
9,28
9,29
9,30
9,31
9,41
9,42
9,43
9,47
9,48
9,53
9,56
9,58
9,60
9,62
9,63
9,64
9,66
9,75
9,78
9,79
9,80
9,83
9,89
9,93
9,96
9,97
10,11
10,12
10,13
10,14
10,15
10,16
10,17
10,18
10,19
10,20
10,21
10,22
10,23
10,24
10,25
10,26
10,27
10,28
10,29
10,30
10,31
11,12
11,13
11,14
11,15
11,16
11,17
11,18
11,19
11,20
11,21
11,22
11,23
11,24
11,25
11,26
11,27
11,28
11,29
11,30
11,31
12,13
12,14
12,15
12,16
12,17
12,18
12,19
12,20
12,21
12,22
12,23
12,24
12,25
12,26
12,27
12,28
12,29
12,30
12,31
13,14
13,15
13,16
13,17
13,18
13,19
13,20
13,21
13,22
13,23
13,24
13,25
13,26
13,27
13,28
13,29
13,30
13,31
13,41
13,42
13,43
13,47
13,48
13,53
13,56
13,58
13,60
13,62
13,63
13,64
13,66
13,75
13,78
13,79
13,80
13,83
13,89
13,93
13,96
13,97
14,15
14,16
14,17
14,18
14,19
14,20
14,21
14,22
14,23
14,24
14,25
14,26
14,27
14,28
14,29
14,30
14,31
15,16
15,17
15,18
15,19
15,20
15,21
15,22
15,23
15,24
15,25
15,26
15,27
15,28
15,29
15,30
15,31
16,17
16,18
16,19
16,20
16,21
16,22
16,23
16,24
16,25
16,26
16,27
16,28
16,29
16,30
16,31
17,18
17,19
17,20
17,21
17,22
17,23
17,24
17,25
17,26
17,27
17,28
17,29
17,30
17,31
18,19
18,20
18,21
18,22
18,23
18,24
18,25
18,26
18,27
18,28
18,29
18,30
18,31
18,41
18,42
18,43
18,47
18,48
18,53
18,56
18,58
18,60
18,62
18,63
18,64
18,66
18,75
18,78
18,79
18,80
18,83
18,89
18,93
18,96
18,97
19,20
19,21
19,22
19,23
19,24
19,25
19,26
19,27
19,28
19,29
19,30
19,31
19,41
19,42
19,43
19,47
19,48
19,53
19,56
19,58
19,60
19,62
19,63
19,64
19,66
19,75
19,78
19,79
19,80
19,83
19,89
19,93
19,96
19,97
20,21
20,22
20,23
20,24
20,25
20,26
20,27
20,28
20,29
20,30
20,31
21,22
21,23
21,24
21,25
21,26
21,27
21,28
21,29
21,30
21,31
22,23
22,24
22,25
22,26
22,27
22,28
22,29
22,30
22,31
22,50
22,52
22,58
22,59
22,60
22,62
22,63
23,24
23,25
23,26
23,27
23,28
23,29
23,30
23,31
23,41
23,45
23,48
23,49
23,50
24,25
24,26
24,27
24,28
24,29
24,30
24,31
24,51
24,53
25,26
25,27
25,28
25,29
25,30
25,31
25,39
25,41
25,42
25,43
25,46
25,47
25,48
25,49
25,50
25,51
25,53
25,54
25,55
25,56
25,58
25,59
25,60
25,62
25,63
25,64
25,66
25,71
25,74
25,75
25,78
25,79
25,80
25,83
25,89
25,93
25,96
25,97
26,27
26,28
26,29
26,30
26,31
26,48
26,49
26,50
26,51
26,53
26,54
26,58
26,59
26,60
26,62
26,66
26,68
27,28
27,29
27,30
27,31
28,29
28,30
28,31
28,41
28,42
28,43
28,47
28,48
28,53
28,56
28,58
28,60
28,62
28,63
28,64
28,66
28,75
28,78
28,79
28,80
28,83
28,89
28,93
28,96
28,97
29,30
29,31
30,31
30,41
30,42
30,43
30,47
30,48
30,53
30,56
30,58
30,60
30,62
30,63
30,64
30,66
30,75
30,78
30,79
30,80
30,83
30,89
30,93
30,96
30,97
31,41
31,42
31,43
31,47
31,48
31,51
31,52
31,53
31,55
31,56
31,57
31,58
31,60
31,62
31,63
31,64
31,66
31,68
31,75
31,78
31,79
31,80
31,83
31,89
31,93
31,96
31,97
33,55
33,56
33,67
33,68
33,79
35,45
35,46
35,48
35,49
35,50
35,52
35,53
35,54
35,55
35,57
35,60
35,61
35,62
35,63
35,64
35,65
36,45
36,46
36,48
36,49
37,39
38,40
38,41
39,40
39,41
39,42
39,43
39,45
39,46
40,42
40,43
40,46
40,47
40,48
41,42
41,43
41,44
41,45
41,46
41,47
41,48
41,50
41,52
41,53
41,56
41,58
41,60
41,62
41,63
41,64
41,65
41,66
41,75
41,78
41,79
41,80
41,83
41,89
41,93
41,96
41,97
42,43
42,44
42,45
42,46
42,47
42,48
42,49
42,50
42,51
42,53
42,54
42,56
42,58
42,59
42,60
42,61
42,62
42,63
42,64
42,65
42,66
42,67
42,68
42,70
42,73
42,75
42,78
42,79
42,80
42,83
42,89
42,93
42,96
42,97
43,44
43,45
43,46
43,47
43,48
43,51
43,53
43,56
43,58
43,60
43,62
43,63
43,64
43,66
43,75
43,78
43,79
43,80
43,83
43,89
43,93
43,96
43,97
44,45
44,47
44,48
44,49
44,50
44,52
44,53
44,54
45,46
45,48
45,50
45,51
45,52
45,54
45,57
45,64
45,65
45,74
46,47
46,48
46,49
46,51
46,52
46,53
46,54
46,55
46,57
46,61
46,62
46,64
46,65
46,67
46,68
46,69
46,70
46,72
46,74
46,79
46,85
47,48
47,49
47,50
47,51
47,52
47,53
47,54
47,56
47,57
47,58
47,60
47,62
47,63
47,64
47,66
47,75
47,78
47,79
47,80
47,83
47,89
47,93
47,96
47,97
48,50
48,51
48,52
48,53
48,55
48,56
48,58
48,59
48,60
48,61
48,62
48,63
48,64
48,66
48,67
48,68
48,69
48,70
48,72
48,73
48,74
48,75
48,78
48,79
48,80
48,83
48,84
48,89
48,93
48,96
48,97
49,51
49,52
49,54
49,56
49,57
49,59
49,60
49,61
49,64
49,65
49,67
49,68
49,70
49,72
49,73
49,84
49,99
50,51
50,52
50,54
50,56
50,57
50,59
50,61
50,63
50,64
50,65
50,67
50,68
50,69
50,70
51,52
51,53
51,54
51,55
51,57
51,61
51,62
51,63
51,64
51,65
51,67
51,68
51,70
51,71
51,73
51,74
51,75
51,77
51,79
51,81
51,84
51,85
51,92
51,99
52,53
52,54
52,57
52,58
52,63
52,66
52,67
52,70
52,71
52,73
52,74
52,75
53,54
53,55
53,56
53,57
53,58
53,60
53,62
53,63
53,64
53,66
53,67
53,69
53,70
53,71
53,74
53,75
53,78
53,79
53,80
53,83
53,85
53,89
53,93
53,96
53,97
54,55
54,56
54,57
54,61
54,64
54,66
54,67
54,68
54,69
54,72
54,73
54,74
54,75
54,77
55,56
55,58
55,59
55,60
56,58
56,59
56,60
56,61
56,62
56,63
56,64
56,66
56,67
56,69
56,70
56,74
56,75
56,76
56,77
56,78
56,79
56,80
56,83
56,84
56,85
56,89
56,90
56,92
56,93
56,96
56,97
56,98
56,99
57,58
57,61
58,59
58,60
58,62
58,63
58,64
58,66
58,70
58,73
58,75
58,76
58,77
58,78
58,79
58,80
58,83
58,84
58,85
58,89
58,90
58,92
58,93
58,96
58,97
58,99
59,62
59,67
59,69
59,70
59,72
59,74
60,61
60,62
60,63
60,64
60,66
60,75
60,78
60,79
60,80
60,83
60,89
60,93
60,96
60,97
61,62
62,63
62,64
62,66
62,71
62,72
62,73
62,75
62,76
62,78
62,79
62,80
62,83
62,85
62,89
62,90
62,93
62,96
62,97
63,64
63,66
63,67
63,68
63,69
63,71
63,74
63,75
63,76
63,77
63,78
63,79
63,80
63,83
63,89
63,93
63,96
63,97
64,66
64,68
64,69
64,70
64,72
64,73
64,74
64,75
64,76
64,77
64,78
64,79
64,80
64,83
64,84
64,85
64,86
64,89
64,90
64,93
64,96
64,97
65,67
65,68
65,69
65,71
65,72
65,74
65,77
65,85
65,86
65,91
65,92
65,95
66,68
66,69
66,71
66,75
66,78
66,79
66,80
66,83
66,89
66,93
66,96
66,97
67,68
67,70
67,71
67,73
67,76
67,77
67,79
67,84
67,85
67,86
67,90
67,91
67,92
67,95
67,98
67,99
68,69
68,71
68,72
68,73
68,79
68,81
68,82
68,84
68,85
68,88
68,90
68,94
68,95
69,70
70,71
70,72
70,74
70,75
70,76
70,77
70,79
70,82
70,84
70,85
70,86
70,88
70,90
70,91
70,94
70,95
70,98
71,74
71,75
71,76
71,77
72,73
72,74
72,76
72,77
72,82
72,84
72,85
72,86
72,87
72,88
72,90
72,91
72,98
73,74
73,75
73,76
73,77
73,79
73,80
73,81
73,82
73,84
73,86
73,87
73,90
73,91
73,92
73,94
73,97
74,75
74,76
74,77
74,80
74,81
74,82
74,84
74,85
74,86
74,88
74,92
74,95
74,97
74,98
74,99
75,76
75,77
75,78
75,79
75,80
75,81
75,82
75,83
75,84
75,85
75,87
75,88
75,89
75,90
75,91
75,92
75,93
75,96
75,97
75,99
76,78
76,79
76,80
76,82
76,84
76,86
76,88
77,79
77,83
77,84
77,85
77,86
77,88
78,79
78,80
78,82
78,83
78,85
78,86
78,88
78,89
78,90
78,91
78,92
78,93
78,96
78,97
79,80
79,81
79,82
79,83
79,84
79,88
79,89
79,90
79,91
79,92
79,93
79,96
79,97
80,82
80,83
80,86
80,87
80,89
80,91
80,93
80,96
80,97
81,82
81,83
81,84
81,85
81,86
81,87
81,88
81,91
81,92
81,97
81,98
81,99
82,83
82,84
82,85
82,86
82,87
82,88
82,90
82,91
82,92
82,95
82,97
82,98
83,84
83,85
83,86
83,87
83,88
83,89
83,90
83,91
83,92
83,93
83,95
83,96
83,97
83,98
84,91
84,92
84,94
84,95
84,98
84,99
85,87
85,90
85,91
85,94
85,95
85,97
85,98
85,99
86,88
86,92
86,94
86,97
86,98
87,88
87,90
87,91
87,92
87,95
87,97
87,98
87,99
88,91
88,94
88,95
88,98
88,99
89,92
89,93
89,95
89,96
89,97
89,98
89,99
90,98
90,99
91,94
91,95
91,98
93,96
93,97
94,96
94,98
94,99
95,96
95,97
95,98
95,99
96,97
97,98
97,99
