0,1
0,2
0,3
0,4
0,5
0,6
0,7
1,2
1,3
1,4
1,5
1,6
1,7
2,3
2,4
2,5
2,6
3,4
3,5
3,6
3,7
3,10
4,5
4,6
4,7
4,9
4,10
4,11
4,13
4,15
5,6
5,7
5,9
5,10
5,11
5,12
6,7
7,8
7,9
7,10
7,11
8,15
8,21
8,22
8,27
8,35
8,44
8,46
9,10
9,11
9,12
10,11
10,12
10,13
10,14
10,15
10,18
10,20
10,21
11,12
11,13
11,14
11,15
11,16
11,17
12,13
12,14
12,15
12,16
12,17
13,14
14,15
14,16
14,17
14,18
14,19
15,16
15,17
15,18
15,19
15,20
15,21
15,22
15,27
15,35
15,44
15,46
16,17
16,18
16,20
16,21
16,24
17,18
17,19
17,20
17,21
17,22
18,19
18,20
18,21
18,22
18,23
18,24
19,20
19,21
19,22
19,23
19,24
19,25
19,26
20,21
20,22
20,23
20,24
20,25
20,26
21,22
21,23
21,24
21,25
21,26
21,27
21,30
21,32
21,33
21,35
21,44
21,46
22,23
22,24
22,25
22,26
22,27
22,28
22,35
22,44
22,46
24,25
24,27
24,28
25,26
25,27
25,28
25,30
26,27
26,28
26,29
26,30
26,31
27,28
27,29
27,31
27,32
27,33
27,34
27,35
27,37
27,38
27,39
27,41
27,44
27,46
28,29
28,30
28,31
28,32
28,33
28,34
28,36
28,37
28,38
28,39
28,43
28,44
28,45
28,48
28,49
29,30
29,31
29,32
30,31
30,32
30,33
30,34
30,36
31,32
31,33
32,33
32,34
32,35
32,36
32,37
32,40
32,41
32,42
32,43
32,44
32,45
32,46
32,47
32,48
32,49
33,34
33,35
34,35
34,36
34,37
34,38
35,36
35,37
35,44
35,46
36,37
36,38
36,39
36,40
36,41
36,42
36,43
36,44
36,45
36,46
37,38
37,39
37,40
38,39
38,41
38,42
38,43
38,44
40,41
41,42
41,43
42,43
42,44
42,45
42,46
42,47
42,48
43,44
43,45
44,45
44,46
44,47
44,48
45,46
45,47
45,48
46,47
47,48
