0,1
0,2
0,3
0,4
0,5
0,6
0,7
0,8
0,9
0,10
0,11
0,12
0,13
0,14
1,2
1,3
1,4
1,5
1,6
1,7
1,8
1,9
1,10
1,11
1,12
1,13
1,14
1,43
1,44
1,46
1,48
1,49
2,3
2,4
2,5
2,6
2,7
2,8
2,9
2,10
2,11
2,12
2,13
2,14
3,4
3,5
3,6
3,7
3,8
3,9
3,10
3,11
3,12
3,13
3,14
3,15
3,20
3,33
3,40
3,41
3,42
3,44
3,46
4,5
4,6
4,7
4,8
4,9
4,10
4,11
4,12
4,13
4,14
5,6
5,7
5,8
5,9
5,10
5,11
5,12
5,13
5,14
5,15
5,20
5,33
5,40
5,41
5,42
5,44
5,46
6,7
6,8
6,9
6,10
6,11
6,12
6,13
6,14
6,15
6,20
6,33
6,40
6,41
6,42
6,44
6,46
7,8
7,9
7,10
7,11
7,12
7,13
7,14
8,9
8,10
8,11
8,12
8,13
8,14
8,15
8,20
8,33
8,40
8,41
8,42
8,44
8,46
9,10
9,11
9,12
9,13
10,11
10,12
10,13
10,14
10,15
10,20
10,33
10,40
10,41
10,42
10,44
10,46
11,12
11,13
11,14
12,13
12,14
13,14
13,15
13,20
13,33
13,40
13,41
13,42
13,44
13,46
14,15
14,20
14,33
14,40
14,41
14,42
14,44
14,46
15,20
15,33
15,40
15,41
15,42
15,44
15,46
20,33
20,40
20,41
20,42
20,44
20,46
24,36
25,26
25,29
25,33
25,37
25,39
25,46
25,49
26,27
26,31
26,32
26,34
26,36
26,37
26,39
26,44
27,28
27,29
28,29
28,31
28,32
28,33
28,34
28,36
28,39
28,43
29,31
30,39
30,42
30,43
31,32
31,33
31,34
32,33
32,34
32,37
32,39
33,37
33,39
33,40
33,41
33,42
33,43
33,44
33,46
34,37
34,39
34,42
34,43
35,37
36,39
38,39
38,41
38,42
38,47
40,41
40,42
40,44
40,46
41,42
41,44
41,46
42,44
42,46
42,48
42,49
43,47
44,46
44,48
46,48
47,49
48,49
