0,1
0,2
0,3
0,4
0,5
0,6
0,7
0,8
0,9
0,10
0,11
0,12
0,13
0,14
0,15
0,16
0,23
0,25
0,26
0,36
0,38
0,39
0,43
0,44
1,2
1,3
1,4
1,5
1,6
1,7
1,8
1,9
1,10
1,11
1,12
1,13
1,14
1,15
1,25
1,32
1,36
1,37
1,38
1,39
1,43
1,44
1,45
1,46
1,47
1,48
1,49
2,3
2,4
2,5
2,6
2,7
2,8
2,9
2,10
2,11
2,12
2,13
2,14
2,15
2,26
3,4
3,5
3,6
3,7
3,8
3,9
3,10
3,11
3,12
3,13
3,14
3,15
3,16
3,23
3,25
3,26
3,30
3,31
3,32
3,33
3,34
3,36
3,38
3,39
3,43
3,44
4,5
4,6
4,7
4,8
4,9
4,10
4,11
4,12
4,13
4,14
4,15
5,6
5,7
5,8
5,9
5,10
5,11
5,12
5,13
5,14
5,15
5,16
5,23
5,25
5,26
5,36
5,38
5,39
5,43
5,44
6,7
6,8
6,9
6,10
6,11
6,12
6,13
6,14
6,15
7,8
7,9
7,10
7,11
7,12
7,13
7,14
7,15
7,16
7,23
7,25
7,26
7,36
7,38
7,39
7,43
7,44
8,9
8,10
8,11
8,12
8,13
8,14
8,15
9,10
9,11
9,12
9,13
9,14
9,15
10,11
10,12
10,13
10,14
10,15
10,16
10,23
10,25
10,26
10,36
10,38
10,39
10,43
10,44
11,12
11,13
11,14
11,15
11,22
11,24
11,27
11,30
11,32
11,34
11,37
11,38
11,39
11,40
11,41
11,42
12,13
12,14
12,15
12,16
12,23
12,25
12,26
12,36
12,38
12,39
12,43
12,44
13,14
14,15
15,16
15,23
15,25
15,26
15,36
15,38
15,39
15,43
15,44
16,23
16,25
16,26
16,36
16,38
16,39
16,43
16,44
20,27
21,23
21,27
21,28
21,30
22,25
22,26
22,28
22,30
22,31
22,35
22,49
23,24
23,25
23,26
23,36
23,38
23,39
23,43
23,44
24,26
24,27
24,28
24,30
24,32
24,35
25,26
25,29
25,30
25,32
25,33
25,34
25,35
25,36
25,38
25,39
25,41
25,42
25,43
25,44
25,47
26,27
26,28
26,29
26,31
26,32
26,36
26,38
26,39
26,43
26,44
27,29
27,31
27,33
27,34
27,35
27,37
28,29
29,31
29,32
29,33
31,33
31,35
31,41
31,47
31,48
32,33
32,34
32,37
32,38
32,39
32,40
32,42
32,47
32,48
33,34
33,35
33,37
33,38
34,35
34,37
34,38
34,39
34,41
34,42
35,36
36,37
36,38
36,39
36,41
36,42
36,43
36,44
37,38
37,40
37,41
37,42
37,49
38,39
38,40
38,43
38,44
39,40
39,41
39,42
39,43
39,44
39,45
39,49
40,47
40,49
41,42
42,45
42,46
42,47
43,44
43,47
44,46
44,47
44,49
45,46
45,47
45,48
45,49
46,47
46,48
46,49
47,48
47,49
