0,1
0,2
0,3
0,4
0,5
0,6
0,7
0,8
0,9
0,17
0,18
1,2
1,3
1,4
1,5
1,6
1,7
1,8
1,9
1,10
1,11
1,21
1,22
1,26
1,30
1,41
1,48
2,3
2,4
2,5
2,6
2,7
2,8
2,9
3,4
3,5
3,6
3,7
3,8
3,9
3,14
4,5
4,6
4,7
4,8
4,9
4,10
4,11
4,16
4,17
4,18
4,19
4,20
4,21
4,22
4,23
4,24
4,25
4,26
4,30
4,41
4,48
5,6
5,7
5,8
6,7
6,8
6,9
6,11
6,12
6,19
6,20
6,23
6,24
6,25
6,29
6,36
6,39
6,40
6,41
6,42
6,43
7,8
7,9
8,9
10,11
10,16
10,18
10,21
10,22
10,26
10,30
10,41
10,48
11,12
11,14
11,15
11,17
11,18
11,20
11,21
11,22
11,26
11,30
11,41
11,48
13,15
13,17
14,15
14,16
14,17
14,18
14,19
14,20
14,21
17,19
17,20
17,21
17,23
18,20
18,21
18,26
18,29
18,30
18,32
18,35
18,40
18,42
18,49
19,20
19,21
20,23
20,24
20,25
20,26
20,27
20,29
20,30
20,31
20,32
21,22
21,23
21,25
21,26
21,27
21,30
21,31
21,32
21,41
21,48
22,23
22,24
22,25
22,26
22,30
22,41
22,48
23,24
23,25
23,27
23,29
23,30
23,31
24,25
24,26
25,26
25,27
25,29
26,27
26,28
26,29
26,30
26,31
26,32
26,34
26,35
26,41
26,42
26,48
28,30
29,30
29,31
29,32
29,33
29,34
29,35
29,36
29,37
29,42
29,44
30,31
30,32
30,34
30,35
30,36
30,37
30,41
30,48
31,33
31,35
32,33
32,34
32,35
32,36
33,34
33,35
33,36
33,39
33,41
35,36
35,37
35,38
35,39
35,40
35,41
35,42
35,44
36,37
36,38
36,39
38,39
38,40
39,40
39,41
39,42
39,44
39,45
40,41
40,42
40,44
40,45
41,42
41,44
41,45
41,46
41,48
41,49
42,44
42,45
42,46
44,46
45,46
45,47
45,48
46,47
46,48
46,49
47,48
47,49
48,49
