0,1
0,2
0,3
0,4
0,5
0,6
0,7
0,8
0,9
0,10
0,11
0,12
0,13
0,14
0,15
0,16
0,17
1,2
1,3
1,4
1,5
1,6
1,7
1,8
1,9
1,10
1,11
1,12
1,13
1,14
1,15
1,16
1,17
2,3
2,4
2,5
2,6
2,7
2,8
2,9
2,10
2,11
2,12
2,13
2,14
2,15
2,16
2,17
3,4
3,5
3,6
3,7
3,8
3,9
3,10
3,11
3,12
3,13
3,14
3,15
3,16
3,17
4,5
4,6
4,7
4,8
4,9
4,10
4,11
4,12
4,13
4,14
4,15
4,16
4,17
5,6
5,7
5,8
5,9
5,10
5,11
5,12
5,13
5,14
5,15
5,16
5,17
6,7
6,8
6,9
6,10
6,11
6,12
6,13
6,14
6,15
6,16
6,17
6,18
6,21
6,23
6,24
6,29
6,30
6,32
6,33
6,37
6,38
6,39
6,41
6,46
6,48
7,8
7,9
7,10
7,11
7,12
7,13
7,14
7,15
7,16
7,17
8,9
8,10
8,11
8,12
8,13
8,14
8,15
8,16
8,18
8,21
8,23
8,24
8,29
8,30
8,32
8,33
8,37
8,38
8,39
8,41
8,46
8,48
9,10
9,11
9,12
9,13
9,14
9,15
9,16
9,17
10,11
10,12
10,13
10,14
10,15
10,16
10,17
10,37
10,42
10,43
11,12
11,13
11,14
11,15
11,16
11,17
11,28
11,29
11,30
11,31
11,32
11,34
11,35
12,13
12,14
12,15
12,16
12,17
13,14
13,15
13,16
13,17
13,18
13,21
13,23
13,24
13,29
13,30
13,32
13,33
13,37
13,38
13,39
13,41
13,46
13,48
14,15
14,16
14,17
15,16
15,17
15,18
15,21
15,23
15,24
15,29
15,30
15,32
15,33
15,37
15,38
15,39
15,41
15,46
15,48
16,17
18,21
18,23
18,24
18,29
18,30
18,32
18,33
18,37
18,38
18,39
18,41
18,46
18,48
21,23
21,24
21,29
21,30
21,32
21,33
21,37
21,38
21,39
21,41
21,46
21,48
23,24
23,29
23,30
23,32
23,33
23,37
23,38
23,39
23,41
23,46
23,48
24,29
24,30
24,32
24,33
24,37
24,38
24,39
24,41
24,46
24,48
27,37
28,31
28,32
28,33
28,34
28,35
28,36
28,37
28,38
29,30
29,31
29,32
29,33
29,34
29,35
29,36
29,37
29,38
29,39
29,41
29,46
29,48
30,31
30,32
30,33
30,35
30,37
30,38
30,39
30,41
30,46
30,48
31,32
32,33
32,34
32,35
32,36
32,37
32,38
32,39
32,41
32,43
32,46
32,48
33,34
33,35
33,37
33,38
33,39
33,41
33,46
33,48
35,38
35,46
35,47
36,46
36,47
37,38
37,39
37,41
37,46
37,48
38,39
38,41
38,46
38,48
39,41
39,46
39,48
40,45
40,47
41,46
41,47
41,48
42,47
43,44
43,45
44,46
44,47
44,48
44,49
45,46
45,47
45,48
46,48
48,49
