0,1
0,2
0,3
0,4
0,5
0,6
0,7
0,8
0,9
0,10
0,11
0,12
1,2
1,3
1,4
1,5
1,6
1,7
1,8
1,9
1,10
1,11
1,12
2,3
2,4
2,5
2,6
2,7
2,8
2,9
2,10
2,11
2,12
3,4
3,5
3,6
3,7
3,8
3,9
3,10
3,11
3,12
3,13
3,17
3,18
3,22
3,27
3,29
3,32
3,49
4,5
4,6
4,7
4,8
4,9
4,10
4,11
4,12
4,13
4,17
4,18
4,22
4,27
4,29
4,32
4,49
5,6
5,7
5,8
5,9
5,10
5,11
5,12
6,7
6,8
6,9
6,10
6,11
6,12
7,8
7,9
7,10
7,11
7,12
7,13
7,17
7,18
7,22
7,27
7,29
7,32
7,49
8,9
8,10
8,11
9,10
9,11
9,12
9,13
9,17
9,18
9,22
9,27
9,29
9,32
9,49
10,11
10,12
10,13
10,17
10,18
10,22
10,27
10,29
10,32
10,49
11,12
13,17
13,18
13,22
13,27
13,29
13,32
13,49
17,18
17,22
17,27
17,29
17,32
17,49
18,22
18,27
18,29
18,32
18,49
22,27
22,29
22,32
22,49
27,29
27,32
27,49
29,32
29,49
32,49
45,47
45,49
47,48
47,49
48,49
