0,1
0,2
0,3
0,4
0,5
0,6
0,7
0,8
0,9
0,10
0,11
0,12
0,13
0,14
0,15
0,16
0,17
0,21
0,24
0,25
0,26
0,27
0,28
0,30
0,36
0,38
0,39
0,40
0,47
1,2
1,3
1,4
1,5
1,6
1,7
1,8
1,9
1,10
1,11
1,12
1,13
1,14
1,15
1,16
1,17
1,29
2,3
2,4
2,5
2,6
2,7
2,8
2,9
2,10
2,11
2,12
2,13
2,14
2,15
2,16
2,17
2,21
2,24
2,25
2,26
2,27
2,28
2,30
2,36
2,38
2,39
2,40
2,47
3,4
3,5
3,6
3,7
3,8
3,9
3,10
3,11
3,12
3,13
3,14
3,15
3,16
3,17
3,21
3,24
3,25
3,26
3,27
3,28
3,30
3,36
3,38
3,39
3,40
3,47
4,5
4,6
4,7
4,8
4,9
4,10
4,11
4,12
4,13
4,14
4,15
4,16
4,17
4,21
4,24
4,25
4,26
4,27
4,28
4,30
4,36
4,38
4,39
4,40
4,47
5,6
5,7
5,8
5,9
5,10
5,11
5,12
5,13
5,14
5,15
5,16
5,17
6,7
6,8
6,9
6,10
6,11
6,12
6,13
6,14
6,15
6,16
6,17
7,8
7,9
7,10
7,11
7,12
7,13
7,14
7,15
7,16
7,17
8,9
8,10
8,11
8,12
8,13
8,14
8,15
8,16
8,17
9,10
9,11
9,12
9,13
9,14
9,15
9,16
9,17
10,11
10,12
10,13
10,14
10,15
10,16
10,17
10,47
10,48
11,12
11,13
11,14
11,15
11,16
12,13
12,14
12,15
12,16
12,17
12,21
12,24
12,25
12,26
12,27
12,28
12,30
12,36
12,38
12,39
12,40
12,47
13,14
13,15
13,16
13,17
14,15
14,16
14,17
15,16
15,17
16,17
16,21
16,24
16,25
16,26
16,27
16,28
16,30
16,36
16,38
16,39
16,40
16,47
17,32
18,24
18,25
18,26
18,29
18,30
18,31
18,32
18,33
18,36
18,37
20,22
20,24
20,25
20,26
20,29
20,31
20,32
20,35
20,37
20,38
21,22
21,23
21,24
21,25
21,26
21,27
21,28
21,29
21,30
21,36
21,38
21,39
21,40
21,47
22,23
22,24
22,26
22,27
22,30
23,25
23,26
23,27
24,25
24,26
24,27
24,28
24,30
24,33
24,36
24,38
24,39
24,40
24,43
24,46
24,47
24,48
25,26
25,27
25,28
25,30
25,31
25,32
25,33
25,34
25,36
25,37
25,38
25,39
25,40
25,44
25,46
25,47
25,48
26,27
26,28
26,30
26,32
26,33
26,34
26,36
26,37
26,38
26,39
26,40
26,41
26,43
26,47
27,28
27,29
27,30
27,32
27,33
27,34
27,35
27,36
27,37
27,38
27,39
27,40
27,47
28,30
28,33
28,34
28,36
28,38
28,39
28,40
28,47
29,33
29,34
29,37
29,41
29,42
30,32
30,33
30,34
30,35
30,36
30,37
30,38
30,39
30,40
30,41
30,42
30,47
31,32
31,33
31,35
31,36
31,37
31,38
31,39
31,40
32,34
32,35
32,36
32,37
32,38
32,39
32,40
32,41
32,42
32,43
32,44
32,45
32,46
32,48
33,34
33,35
34,35
34,36
35,36
35,37
35,39
35,41
35,42
35,44
35,45
35,49
36,37
36,38
36,39
36,40
36,47
37,38
37,39
37,40
37,41
37,42
37,43
37,44
37,45
37,48
37,49
38,39
38,40
38,41
38,44
38,45
38,47
39,40
39,42
39,43
39,44
39,45
39,47
39,48
39,49
40,42
40,43
40,44
40,46
40,47
41,42
41,43
41,44
41,48
41,49
42,43
42,44
42,46
42,48
42,49
43,44
43,45
43,46
43,47
43,49
44,45
44,47
44,48
44,49
45,46
45,47
45,48
45,49
46,47
46,48
46,49
47,48
47,49
48,49
